1.99237	0.000380522	0.0252581
0.000354318	0.0297363	5.94553
0.00566409	3.70983	0.000381008
0.0370754	0.0594442	4.92357
0.0246206	0.0342886	5.43304
0.316128	0.96277	2.09213
0.361306	0.301955	2.52324
0.133518	1.553	1.51994
1.0128	0.0993043	2.27018
0.0367967	2.2149	1.74236
0.0290406	3.33231	0.213789
0.217051	0.462884	3.37056
0.727786	0.0061544	3.54875
0.710598	0.919149	1.16034
0.503376	0.589322	1.87621
0.109123	1.604	1.90766
0.741261	0.888042	0.299846
1.08957	0.0660708	1.61268
0.252898	2.03513	0.35604
0.212924	0.0682276	4.14195
0.399355	0.213944	3.30197
0.0604685	1.86267	2.33817
1.14316	0.0326427	2.03174
1.52458	0.0965833	0.801568
0.15848	2.39315	0.475976
0.684894	0.0122208	3.8552
0.04691	3.17584	0.245432
0.426645	0.0167187	4.03758
0.00207945	3.74634	0.654348
0.305352	0.338732	2.91245
0.282448	0.0176999	4.23409
0.226284	0.472085	2.97425
0.482611	1.39281	0.748839
1.83364	0.0106905	0.798025
0.562247	1.18131	0.339029
0.538462	1.22866	0.533862
0.277457	1.91131	0.762724
0.000380972	3.51998	5.28746
1.11409	0.0532637	1.41931
1.80484	0.0115574	0.541152
0.432376	1.4847	0.630492
1.2563	0.272847	0.709765
0.26781	0.380423	3.48327
0.097645	2.77872	0.670547
0.165873	0.100652	4.57588
0.127272	0.162045	4.34113
0.0224807	3.39562	0.0449692
0.348897	0.858425	2.38367
0.356005	0.844411	1.97038
1.48453	0.124152	0.513562
0.489354	1.29726	1.03225
1.0574	0.489735	0.121755
0.399504	0.213194	3.22986
0.787716	0.0116465	2.65293
0.100919	2.70347	0.212533
0.00487122	2.58228	1.38424
0.0998489	1.65521	1.68272
1.25466	0.278155	0.999376
0.0283455	0.0407522	5.34453
1.28272	0.276735	0.0955999
1.23051	0.00812056	1.9926
0.378402	0.782681	2.12326
0.0310382	0.514114	4.20049
0.146767	2.53784	0.168036
1.60809	0.0835812	0.141462
0.930902	0.123452	2.44104
0.898145	0.605205	0.967441
0.00963484	3.57692	0.104936
1.41585	0.167424	0.379463
0.698764	0.98382	0.0664823
0.110884	1.8147	1.3557
1.55788	0.0925278	1.04364
0.298442	1.00274	2.16949
0.0686998	0.356604	3.65441
0.000861137	3.92342	0.170184
0.0760315	2.94264	0.23806
0.342066	1.69986	0.922926
1.45673	0.131681	0.966062
0.462904	0.653863	2.21499
1.15425	0.0520327	1.25812
0.0825529	1.96257	1.2294
0.00971343	3.61459	0.000413459
0.76821	0.357726	1.30469
0.00952211	0.57219	4.41504
1.36168	0.187807	0.708922
0.776172	0.798932	0.855941
0.00395298	3.66676	0.911302
0.958813	0.557369	0.299811
0.102293	2.68938	0.841287
0.824549	0.718718	0.879955
0.00968581	2.47134	1.58627
0.186674	0.10306	4.00547
0.416638	1.51208	0.451893
1.93461	0.00196767	0.560875
0.55566	1.17099	0.599235
1.43439	0.183266	0.021071
0.00231522	3.82499	0.000391387
0.195047	0.0625114	4.6335
0.646232	1.02391	0.277637
0.634543	0.0394644	3.03829
0.154626	0.183035	3.79102
1.12124	0.0420635	1.38648
0.989106	0.090971	2.37374
0.140458	0.123202	4.71565
0.814087	0.773107	0.78165
0.620188	0.0648612	2.62326
1.64519	0.0777868	0.0521688
0.454545	1.43722	0.818613
0.26781	0.380423	3.48327
0.32928	1.783	0.242532
1.6278	0.0736366	0.139664
0.0638664	3.20301	0.101459
0.465837	1.36706	1.14732
1.3032	0.00184975	2.15729
1.17336	0.0292749	1.64479
0.0557761	3.11014	0.198732
0.54271	1.25469	0.0162975
0.661599	0.0472112	2.62368
0.206243	2.25474	0.0100722
0.401399	0.21447	3.18095
0.00397652	2.64552	1.63571
1.38448	0.173962	0.79207
0.0610577	3.01653	0.398572
0.596483	1.14368	0.364687
0.033463	0.410059	4.49682
1.5816	0.0880053	0.185492
0.000401404	3.50301	5.28744
0.0434163	3.25376	0.128405
0.111689	0.243169	3.72987
0.0621915	0.458478	3.94472
1.53803	0.116492	0.192022
0.263186	1.96649	0.792724
0.334037	1.7477	0.518754
0.00657826	1.46209	2.80197
0.248397	0.418347	3.12487
0.246159	0.451349	3.0772
0.00366773	0.716089	3.62809
0.0437198	3.12109	0.759759
1.36471	0.192895	0.432581
1.78448	0.0159735	1.08837
0.0805636	2.85505	0.960799
0.25779	0.4074	2.86731
1.85934	0.00155202	1.99506
0.381637	0.77444	2.36907
1.88344	0.00392636	0.598934
0.0690715	0.326721	3.86534
0.0641312	2.98711	0.24194
0.0302714	2.28061	1.44749
0.577176	1.17471	0.575553
0.483596	1.33388	1.03942
1.47774	0.146024	0.0279263
1.19331	0.01488	2.00007
0.0290908	1.27338	2.469
1.96352	0.00181944	0.0609516
0.88215	0.632469	0.685011
0.610646	1.06443	0.663683
0.0429093	0.063487	4.90304
0.32589	1.8745	0.690892
0.0162677	2.36317	2.16569
0.529759	0.563194	1.88442
0.197788	2.18734	1.03545
1.39418	0.005099	1.19753
0.0391173	2.11608	1.5965
0.866798	0.755958	0.0948055
0.120264	0.166783	4.72061
0.657837	0.0304575	2.73264
1.32907	0.010317	1.31469
0.183141	2.33694	0.0869003
0.28871	1.89058	0.56881
0.448099	0.704238	1.3682
0.351007	1.74323	0.431519
1.20707	0.292648	1.13637
1.21201	0.0335353	1.4946
0.0212492	3.42822	0.0021596
0.488473	1.35614	0.32985
0.0127391	0.560814	4.82409
0.00828109	0.642443	3.90649
1.91958	0.00358591	0.793131
0.145306	2.5088	0.458638
0.975878	0.117887	1.49551
1.19647	0.291558	1.18927
0.251912	0.435624	2.82973
0.0366116	3.25221	0.130905
0.960856	0.525307	0.976241
1.58864	0.0686279	1.19608
0.000236343	3.90353	0.429546
1.99527	0.000648924	0.000663916
1.73052	0.000214949	5.73951
1.19733	0.336978	0.000407687
0.000409154	0.000407724	5.99497
0.001488	1.95622	4.63598
0.0178893	0.0579865	5.31736
1.00316	0.487911	1.00537
0.9511	0.58716	0.780627
0.0889575	0.201499	4.47787
0.0150339	3.48378	0.72235
1.22244	0.3185	0.00215491
0.199976	0.0758194	3.87725
0.456598	0.648744	1.7762
0.00415143	3.83959	0.00592992
0.458926	1.42108	0.272363
0.108777	0.159342	4.72875
0.526699	1.20723	1.05294
0.4767	1.34088	0.954008
1.06081	0.447428	1.08869
1.59277	0.0913288	0.121375
1.14721	0.0220037	2.1343
0.485958	1.34024	0.581627
1.0399	0.0653859	1.87697
0.0345161	1.14237	3.50153
0.0577851	3.04995	0.257697
0.00539587	0.103437	5.49262
0.184315	0.0726615	4.35486
0.834433	0.183095	2.05524
1.55333	0.10691	0.0174228
0.768385	0.804663	0.823298
1.6593	0.0507834	0.64173
0.0267784	2.30508	2.32666
1.60296	0.0758808	0.606364
1.82367	0.010681	0.318353
0.0246983	0.503974	4.08136
0.201746	0.528031	3.54563
0.543972	0.0690089	3.11173
0.0146508	2.47075	1.19987
0.103317	2.72608	0.315744
0.0214083	0.100761	4.79823
0.247128	2.11034	0.0644135
0.931527	0.13942	1.84891
0.0619564	0.308259	4.30558
1.76877	0.0254789	0.387047
0.186215	2.36429	0.333683
0.609793	0.0346143	3.0297
0.910555	0.684726	0.0978346
0.00972449	3.53068	0.825114
0.586846	0.0365588	3.41182
0.0369701	3.19345	0.508775
0.00331905	3.70338	0.908857
0.658412	0.944679	1.15762
0.0696825	2.99552	0.258609
0.161322	2.40154	0.356638
0.123248	1.59855	1.68859
1.28717	0.254887	0.472351
0.355919	1.72475	0.214567
0.0290075	0.0617398	5.04725
1.30715	0.239595	0.57151
0.234887	0.424902	3.36503
1.34212	0.225495	0.00171352
0.309458	0.99232	1.54668
1.01616	0.473699	0.917933
0.000591449	0.000404096	5.9398
0.150287	1.56318	1.42644
0.799594	0.780844	0.534234
0.0242194	3.39472	0.00554343
0.0700907	0.265177	4.44952
1.25801	0.243559	0.878289
0.410618	1.53225	0.449971
0.243913	0.017541	4.889
0.0782579	1.84981	1.45665
0.517528	1.28217	0.661815
1.47989	0.114786	1.06036
0.207861	0.495354	3.20501
0.352927	1.64012	1.1192
0.0433446	0.00639932	5.57489
0.676843	0.0248657	3.19971
1.629	0.0583167	0.711062
0.425492	1.47669	0.832327
0.361854	0.0150968	3.67509
1.1209	0.025398	2.28917
0.137806	2.53503	0.559628
0.216039	2.19549	0.794956
0.0540443	1.97634	2.08019
0.00558436	3.63328	0.420305
0.514303	1.27552	0.830896
0.765509	0.820794	0.323927
0.53386	0.552881	1.67323
0.144223	0.699584	2.93141
0.0288826	0.0466913	5.207
1.951	0.00274142	0.00158753
1.15717	0.0254186	1.98998
0.373818	0.278979	2.59105
1.68512	0.100104	0.0485851
0.318903	1.76007	0.874422
0.0355339	2.15935	1.40236
0.0545866	0.379051	3.97173
1.85505	0.00741467	0.318812
0.260422	1.99476	0.809302
0.0115934	1.49109	2.39664
1.98919	0.000950247	0.00491624
0.875026	0.698852	0.551495
0.556469	0.0915263	2.82371
0.908047	0.615738	1.24444
0.00410446	3.77107	0.140265
0.746455	0.851517	0.318296
1.88329	0.00530552	0.153679
0.0674555	0.918952	3.29921
0.817205	0.213831	1.58117
0.242471	2.07504	0.534322
0.343813	0.281248	3.28042
0.0914588	0.891246	2.56571
0.634901	1.10715	0.0322785
0.442762	0.743217	1.29801
0.303143	0.357485	2.70899
0.687784	0.0040562	3.96787
0.287806	1.88249	0.965712
0.133136	2.58575	0.193357
0.080853	1.81434	1.8956
0.22071	0.0609922	4.23611
0.0210105	3.36152	0.829771
1.36304	0.00306903	1.26194
0.0408059	0.00506291	5.7593
0.40109	1.62045	0.296441
0.601258	0.0557444	2.88517
1.07576	0.412134	1.16515
1.91793	0.00377643	0.304734
0.228258	0.515259	2.79387
1.1099	0.434383	0.0082397
0.0810443	2.92036	0.218173
0.0284024	3.25122	0.505573
0.126487	2.66144	0.208977
0.645888	0.0413386	2.50426
0.115252	2.61541	0.510219
0.071568	0.0201928	4.95073
1.07845	0.0413024	2.25589
0.118826	2.6772	0.00536191
0.0266288	3.30818	0.957662
0.713958	0.0139695	2.72119
0.617729	1.02668	1.1698
0.0432277	2.03652	2.2951
0.861915	0.182109	1.80533
0.39876	0.731234	2.18595
0.335239	1.79116	0.0418114
0.143122	0.69254	3.0704
0.387247	0.770209	2.26257
0.0758123	1.86098	1.49403
1.38326	0.167451	0.873949
0.255261	0.0409997	3.79971
0.864163	0.181959	1.72852
1.50159	0.116278	0.158623
1.15996	0.01972	2.19402
1.64569	0.0580827	0.381819
0.50858	0.621285	1.5146
1.26345	0.276345	0.347662
1.45303	0.16196	0.0545448
0.0902995	2.78069	0.874687
0.00349725	3.75938	0.277179
0.565663	1.13145	1.05441
0.0552272	0.0153223	5.13702
0.0374762	3.15026	0.505498
0.0612067	0.334215	4.21234
0.47441	0.154177	2.45985
0.272013	1.89956	0.957449
0.048568	1.96381	2.35578
0.870763	0.227697	1.3408
0.352248	0.898304	1.37798
0.147278	2.62808	0.0750399
0.465958	1.44866	0.0589839
0.17233	0.602483	2.76619
0.086113	2.81213	0.490492
0.555648	1.18758	0.580598
0.264358	2.03096	0.231276
0.681018	0.959566	0.226605
0.00593885	0.56208	4.11203
0.0228289	0.0288746	5.72453
0.0342268	2.28739	1.20379
0.802518	0.0109484	2.40499
1.54021	0.0814355	0.880583
0.282566	0.380358	2.657
0.0764648	0.00393446	5.08689
0.0901581	0.275829	3.63259
0.0040355	0.000626033	5.84316
0.346762	1.67703	0.73488
0.691172	0.0251637	2.91715
1.1805	0.0202202	1.61009
0.0490885	0.00480795	5.64793
0.000273588	3.308	5.8529
0.564387	0.000297599	5.9309
1.99683	0.000386034	0.000398139
0.000549862	3.98935	0.000544462
1.88857	0.00662066	0.000385811
0.000376159	0.000376156	6.00016
0.135461	0.00262802	5.27283
0.044635	0.0245159	5.53081
0.639901	1.03865	0.747273
0.597714	1.07708	1.16372
1.60697	0.0832374	0.155777
1.027	0.0815299	1.67221
0.233216	0.458108	2.90724
0.90208	0.153483	2.11013
1.6455	0.0546553	0.728056
0.352943	0.853982	2.28184
0.0621665	0.283919	4.36179
0.0197275	3.41312	0.563714
0.0021022	1.47051	3.51031
1.27015	0.324928	0.0651735
0.242467	0.467087	2.64104
0.891191	0.156033	2.10722
0.0162215	1.41067	3.02826
0.0846409	2.79723	0.930561
0.661412	0.00436546	4.24118
0.332022	1.78794	0.0489585
0.113565	2.65309	0.14683
0.1484	0.126874	4.72103
0.29547	1.87521	0.679749
1.53695	0.0968001	0.857811
0.815012	0.200713	2.00922
0.175149	1.38316	1.62336
0.316573	0.315379	3.13769
0.0242626	3.34347	0.888389
0.927326	0.591976	0.676851
0.414562	0.696639	2.35175
0.00306126	1.55183	2.50465
0.00857278	0.64674	3.92704
0.0756627	2.87828	0.562458
0.0425617	3.25755	0.00713373
0.791551	0.253097	1.45527
0.305146	0.00878947	4.86496
0.0191391	3.4917	0.237195
1.30487	0.230111	0.344067
1.06324	0.493448	0.032285
0.00394491	3.79361	0.00280745
0.122837	0.137264	4.64352
1.39379	0.160073	0.960395
0.250006	2.0695	0.163904
1.14347	0.38645	0.218169
1.56194	0.0864241	0.84918
0.000888782	3.95503	0.0790297
1.72105	0.049766	0.14735
1.90162	0.00634765	0.403604
0.000552498	3.64644	3.58945
0.270321	0.00982459	5.11182
1.80631	0.0199142	0.246553
0.0222036	1.31889	2.60568
0.00053663	3.89854	0.388739
0.135952	2.47995	1.09119
0.20253	2.17625	0.700112
1.85585	0.0228307	0.0198972
0.913878	0.161762	1.28155
0.102107	0.219474	3.8975
1.19713	0.0135489	1.69351
1.10954	0.44891	0.0532308
0.54921	0.103852	2.5127
0.00415453	0.0990984	5.54689
1.49219	0.123777	0.530144
0.536172	0.565102	1.80618
0.168596	2.32434	0.643295
0.101123	1.69891	1.83384
1.37563	0.189479	0.354794
0.950592	0.661913	0.0380386
0.396437	1.66258	0.0591062
0.981905	0.0919949	2.28678
0.0712201	0.311754	3.69933
0.573654	1.18211	0.492189
0.140866	0.140363	4.44109
0.766666	0.306004	1.40045
0.124972	2.72839	0.0560916
0.0752283	2.96318	0.661747
0.549565	1.16858	1.04721
0.0535512	3.02967	1.00271
0.958691	0.117642	1.91967
0.532296	1.20898	0.836644
0.489235	1.35373	0.386588
0.855392	0.709593	0.214052
0.0101962	3.57634	0.918596
0.208071	2.12885	0.917276
0.0564041	0.301746	4.56592
0.0843138	2.83609	0.400629
0.0781562	2.01026	1.23098
0.683898	0.00574018	3.45677
0.116361	0.802942	3.06968
1.16865	0.360109	0.469078
0.695904	0.0151129	3.40674
0.405759	0.753312	1.77934
0.674939	0.988683	0.314236
0.871095	0.224276	1.53851
0.0903207	2.92924	0.291831
0.0436794	3.2083	0.170041
0.373842	0.830454	2.00258
0.329126	0.290986	3.30274
1.6722	0.0576955	0.41194
0.295528	1.89968	0.149999
0.384963	1.60463	0.431733
0.00465233	2.45888	2.45255
0.0985332	0.823615	3.22597
0.708736	0.95671	0.523566
1.18969	0.0219952	1.96985
0.264082	0.0361956	3.80521
1.09237	0.419391	0.607839
1.97409	0.00124199	0.122085
0.454149	0.633383	2.37287
0.835639	0.741397	0.215592
1.24194	0.00569693	1.88493
0.00654472	3.64376	0.869162
0.109445	2.71249	0.134617
0.109662	0.174929	4.48097
0.00447474	0.613257	4.02545
0.223886	2.10193	0.507676
0.045322	0.0606739	4.7789
0.380859	1.59444	0.591506
0.066762	3.00228	0.222
0.000564933	1.99615	4.96242
0.338223	1.76653	0.472014
0.589575	1.14353	0.347043
0.720735	0.918266	0.305661
1.48623	0.116639	0.683968
0.271785	0.0245402	4.18739
0.0134044	1.63795	2.41074
1.06583	0.458482	0.300549
0.349995	1.72043	0.222237
0.288653	1.93834	0.133626
0.0804045	0.275966	4.05301
1.84104	0.00653859	0.585171
1.15967	0.393334	0.0294701
0.0108179	3.55695	0.534716
1.22033	0.0183016	1.38329
1.18088	0.363659	0.194027
0.449998	0.682365	1.73397
0.225593	0.44209	3.43825
1.34029	0.23478	0.175247
0.0326533	2.27835	1.22897
0.481805	0.606421	1.75907
1.46033	0.151654	0.159291
0.0464715	3.18091	0.00424916
0.0495434	0.409886	4.12634
0.0104923	1.51563	2.76819
0.787044	0.250611	1.51409
0.120865	0.797577	3.35262
0.199489	2.23511	0.282616
0.199853	2.19861	0.895011
0.0131876	3.51289	0.528027
0.286599	1.98542	0.142747
0.165515	2.35039	0.472879
0.214054	0.55979	2.72493
0.259864	1.96707	0.396724
0.523079	1.22764	1.14591
0.00729285	2.55063	1.59118
0.341144	0.930698	1.45701
0.744087	0.840566	1.06668
0.824862	0.77882	0.0332794
0.000783734	1.33544	4.90986
0.264997	0.0357987	3.81098
1.00291	0.52601	0.0472339
0.439286	0.724746	1.92842
1.79265	0.0283877	0.0100141
0.0305823	3.3025	0.333803
0.65276	0.969888	0.97742
1.41401	0.183473	0.567181
1.96071	0.000960565	0.242023
0.186848	0.546307	3.05212
1.44208	0.132626	0.620127
0.173969	2.38191	0.162592
0.571001	1.14425	0.803522
0.473364	1.42872	0.0676762
1.4302	0.133439	0.804782
0.769605	0.017311	2.71936
0.51673	1.26354	0.507001
0.0699267	0.381964	3.63274
0.00053663	3.89854	0.388739
0.470652	1.44712	0.100019
1.0112	0.504495	0.191262
0.000223107	3.60744	4.17266
0.719092	0.000243554	3.93984
0.736379	0.900254	0.000291078
1.84343	0.000411122	3.14085
0.029783	3.2568	0.916429
1.54183	0.119227	0.0971755
0.294473	0.0020964	4.71872
0.017852	0.170057	4.78892
0.00212155	1.2203	5.54535
0.00477429	1.35254	3.81287
0.00217818	1.24486	5.3281
1.86914	0.00671465	0.940156
0.395429	0.181217	3.37058
1.49273	0.126562	0.0545272
1.94174	0.0034441	0.0678444
0.387991	0.823337	1.43424
0.179029	1.38116	1.67191
0.604955	0.00164336	5.86502
0.138697	1.58566	1.25664
0.0811078	0.841506	3.27171
0.829799	0.763097	0.0744665
0.262685	1.08225	2.10114
0.13055	1.52382	1.93194
0.377123	1.65477	0.133575
0.00141134	1.28055	4.94906
0.0494802	3.08053	0.630287
0.0409902	3.33972	0.0632289
1.75702	0.0338871	0.380122
0.0084272	0.07613	5.4904
0.853481	0.719929	0.112454
0.0669812	2.98391	0.113736
0.0654876	1.87433	1.50365
0.467035	1.41623	0.119734
0.210458	2.11755	1.07432
0.0241482	2.36032	1.2329
1.06081	0.429684	0.744911
0.0089714	0.496068	5.3674
0.344543	1.71502	1.02432
0.238897	0.455779	2.58501
0.445109	0.672561	2.38447
0.0538407	3.21326	0.0645384
0.710013	0.34018	1.87013
0.274656	0.00426378	5.21965
0.16733	2.45005	0.134764
1.20886	0.295846	0.793013
0.586555	0.47285	2.16253
1.60462	0.0797124	0.169604
0.571788	0.520098	1.62457
1.22505	0.289684	0.412048
0.941203	0.122464	1.59204
0.976319	0.104943	1.86072
1.24766	0.0338645	1.28047
1.09365	0.427316	0.216984
0.0984084	2.77733	0.675179
0.0468137	3.08282	0.570622
0.0483204	3.42851	0.0298316
1.44145	0.155427	0.105955
1.57094	0.0888991	0.548598
1.80269	0.0242708	0.392277
0.0400442	3.15386	0.659781
1.63389	0.0797711	0.167932
0.0110685	3.68184	0.00455092
0.201817	0.503025	3.32078
0.00356468	2.70809	1.25679
0.231493	0.593559	2.47191
1.89245	0.00363011	0.180351
0.418324	1.5395	0.436705
0.0360063	0.407266	3.91376
0.149952	0.105593	4.43645
0.804083	0.786116	0.119853
0.0037836	3.82392	0.00484677
0.49313	1.38996	0.263905
0.694597	0.330279	2.02858
0.236527	0.405806	3.56854
0.00589498	0.653846	4.22407
0.425794	1.50017	0.761615
0.0134111	3.50716	0.520862
0.322168	0.928879	2.12493
0.207995	0.48536	3.43155
0.277676	1.95557	0.192798
1.72124	0.0407858	0.0841052
1.46399	0.139852	0.0841763
0.160124	0.0942634	4.31176
0.014584	0.564876	4.60638
0.0574304	2.07758	1.22007
1.41645	0.136565	1.06324
0.0247343	3.36731	0.208121
0.790711	0.242062	1.80697
1.19351	0.319007	0.663652
0.280935	0.010149	4.95173
0.00614171	2.59919	1.79266
1.07387	0.437863	0.700473
0.530205	0.541138	1.74199
1.68868	0.0441007	0.607968
1.48097	0.132159	0.485994
0.0588758	1.91023	1.75978
1.39646	0.00354813	1.32018
0.143467	2.49659	0.227054
0.33203	1.82591	0.0584059
1.3703	0.183772	0.98885
0.0231643	2.31338	1.37589
0.0208174	3.46449	0.447699
0.0855925	2.88409	0.202073
0.882987	0.158255	1.96956
1.32642	0.227972	0.336772
0.663778	0.981097	1.14236
0.162533	0.642702	2.77313
0.417987	0.171029	3.10005
0.741102	0.0110425	2.96686
0.0689059	0.340059	3.66156
1.38386	0.211444	0.0412259
0.00394693	0.677	4.0261
1.03599	0.453099	0.686443
0.0919805	0.201188	4.36727
0.0164296	0.0360547	5.70458
0.766906	0.798018	0.583506
1.65086	0.043692	1.18548
0.54737	1.21658	0.538702
0.0952465	2.83815	0.0105801
0.337008	1.76622	0.331946
0.956631	0.588891	0.221506
0.243751	0.00994816	5.13743
0.818958	0.720847	0.846829
0.12434	1.73561	1.40071
0.599707	1.16308	0.184345
0.00924881	2.61644	1.36935
0.250811	0.44851	2.83363
0.361924	0.913635	1.4195
1.00269	0.106931	1.20932
1.58183	0.0728533	0.704193
0.153069	1.43868	2.25492
0.52049	1.29321	0.205319
0.117167	0.735347	3.09578
0.0651583	2.03997	1.32936
0.0253309	1.18876	3.43105
0.715089	0.952517	0.87426
0.299474	1.01355	2.26177
0.0291337	2.28223	1.51488
0.0152249	0.0328023	5.80746
0.226658	0.068082	3.71448
0.12647	2.53337	0.984785
0.916444	0.620133	0.173484
0.0948153	2.78588	0.515563
0.00113003	3.92878	0.000806125
1.71162	0.0434778	0.0974579
0.299706	0.365659	2.70809
0.233671	0.562571	2.46393
0.240896	0.0750115	3.61278
0.874732	0.00110979	2.61424
0.0294727	0.610319	3.97689
0.067133	2.92695	0.848391
0.186728	0.587208	2.80297
0.200158	2.21187	0.688899
0.756047	0.268445	2.02363
0.00105816	3.87575	0.243137
0.0082009	1.40443	2.73717
0.743275	0.869789	0.21222
1.26294	0.270325	0.330766
0.12663	0.153956	4.08978
0.69089	0.00147097	4.32897
0.0176802	2.17442	2.29783
1.11394	0.389923	0.313529
0.558506	0.473182	2.21377
0.00445146	3.65811	0.409771
1.14268	0.378819	0.105498
1.41287	0.149795	0.555861
0.155707	0.0925346	4.53571
0.658608	0.975854	1.14753
0.00327353	2.55891	2.30012
0.00967042	3.58925	0.493344
0.0494036	1.9847	1.56211
0.304312	1.0208	1.51896
0.0479379	3.16161	0.174269
0.678253	0.966017	0.712422
0.899029	0.132292	2.15887
0.0882656	0.201153	4.49202
1.77869	0.035807	0.13262
0.25527	0.00691813	5.13757
0.112553	2.65124	0.301033
0.452166	1.46989	0.0104954
0.222866	0.606362	2.41273
1.66897	0.0605008	0.00399263
1.28678	0.0188893	1.27612
0.781365	0.25294	2.02785
0.0672249	2.01191	1.33481
0.767071	0.855307	0.0906828
0.443782	0.00020651	4.01821
0.000226006	0.000226009	5.99981
0.000185406	3.99833	0.000186309
1.92662	0.00362083	0.00104732
0.51564	0.118915	2.70871
0.00132525	2.54339	2.19787
0.232197	0.0315459	4.29752
0.00980744	3.57797	0.16741
1.96688	0.00166795	0.245584
0.883066	0.644472	0.544878
1.87847	0.00704598	0.487121
0.11524	1.60109	2.27627
0.188933	2.22049	0.799575
0.00655131	3.68458	0.00165265
0.974788	0.106553	2.06157
0.101683	2.82517	0.312197
0.156721	2.37334	0.976024
0.297555	0.37945	2.78919
0.656457	0.357673	2.37136
0.00114496	0.00204544	5.85124
1.80972	0.0139692	0.735614
1.46915	0.127645	0.787456
0.90263	0.183599	1.49155
0.0200633	0.0581923	5.33464
0.011275	3.47314	0.866666
1.17925	0.0219557	1.56427
0.750846	0.892785	0.706018
0.00757495	0.0892084	5.53668
0.0549102	3.13327	0.192893
0.0566439	0.450052	3.79157
0.0233975	2.19595	1.60048
0.368272	1.66769	0.257237
0.362597	1.63588	1.08729
0.499366	1.30851	0.379292
1.78432	0.0192602	0.522821
0.296235	1.81269	1.10012
0.353995	0.878213	2.15249
0.19332	0.530368	3.5466
1.43793	0.173729	0.104349
0.0791705	0.256885	4.18426
0.415091	0.760445	1.44795
0.0491733	3.07817	0.380325
0.0100448	0.455858	4.90186
1.22572	0.291678	0.586187
0.00910058	2.61077	1.40462
1.113	0.0322013	2.08086
1.30222	0.224336	1.15017
0.420388	1.50467	0.395007
0.0368771	0.0129711	5.75401
0.482143	0.149265	2.84912
0.0590842	0.310542	4.5648
0.7967	0.787836	0.448822
0.49311	1.34769	0.136549
0.127139	0.159552	4.36227
0.0612987	2.9789	0.818543
0.108806	0.202559	3.96186
0.691288	0.00784712	3.73128
0.733237	0.303114	1.92492
0.0311849	3.23115	1.05425
0.22075	2.11461	0.841422
0.538616	0.556941	1.47339
0.0662	2.86717	1.05155
0.00431591	3.82932	0.119056
1.75067	0.0261253	0.412218
0.000226006	0.00022601	5.99981
0.417583	1.56944	0.16424
0.0326855	0.0469514	5.00753
0.142146	1.5282	1.88111
0.000352894	3.99029	0.000355667
0.0361494	3.30527	0.0941004
0.462037	0.676975	1.78981
0.0180791	2.31318	2.12018
1.54317	0.113745	0.0268721
0.632744	0.434027	1.68843
1.52252	0.110213	0.0798031
0.642099	1.04763	0.373906
0.134767	0.127892	4.4931
0.0272709	0.408912	4.7735
0.297619	0.345963	3.36255
0.00153884	3.90165	0.124649
0.138621	0.671536	3.25087
0.400659	0.733035	2.29229
0.0248034	1.19713	3.10611
1.27517	0.262631	0.267195
0.160015	2.35473	1.03198
0.025302	0.0400448	5.65954
0.705436	0.907286	1.01348
0.684204	0.997456	0.825403
0.274605	0.0100286	4.40179
0.893786	0.165041	1.51831
0.0620623	0.00819943	5.1618
0.342115	1.70786	0.714441
0.288035	1.89215	0.572584
0.817106	0.809279	0.0380649
1.8345	0.0127771	0.0580255
0.272435	1.94041	0.623207
0.11687	0.726549	3.26924
1.86354	0.000209768	2.53599
0.0390202	3.2708	0.0780108
0.0652862	0.00847996	5.08289
0.0026076	0.510426	5.22739
0.675671	0.329823	2.31767
0.085996	1.87874	1.20271
1.70941	0.0417825	0.582828
0.185022	2.29833	0.366301
0.0845134	1.84814	1.24876
1.04715	0.070684	1.95696
0.147565	2.43934	0.765715
0.0188269	3.52339	0.437866
0.937278	0.573608	1.11422
1.58928	0.0805838	0.470874
0.180666	0.0875501	4.66603
0.22717	0.129676	3.62887
0.311512	0.327378	3.42363
0.488468	1.38232	0.143807
0.112538	2.58633	0.9433
0.0674108	2.08513	1.27911
0.27474	1.96525	0.580181
0.559165	0.619535	1.30268
1.26685	0.308207	0.173633
0.0303015	3.35807	0.205454
1.20877	0.0117432	2.4062
1.56397	0.0836088	0.660449
0.329655	0.949429	1.70661
0.084586	2.91794	0.358238
0.20589	0.523385	3.45617
0.865788	0.720428	0.290716
1.05953	0.0546199	1.75413
0.0926806	2.77631	0.364814
0.0296499	1.22423	2.55124
0.185308	0.545814	3.15616
1.61144	0.0622873	0.933524
0.524872	0.538126	2.02138
0.0288134	0.417372	4.65465
0.325444	0.957093	1.83867
0.478854	0.135887	2.90951
0.0930083	1.77378	1.31994
0.118158	2.73424	0.110125
1.03701	0.0990729	1.55566
0.132322	2.65172	0.110125
0.253399	1.98986	0.869673
0.0435915	0.008934	5.81225
0.00327986	3.75322	0.391654
0.256972	0.497938	2.43288
1.33222	0.230667	0.298498
0.0816228	0.330882	3.87257
0.241847	2.14774	0.0694
1.62119	0.0529257	0.7774
0.305573	0.984965	1.66737
0.0236493	3.4222	0.00250113
0.436491	1.4657	0.428447
0.937278	0.573608	1.11422
0.0203967	0.0337784	5.66454
0.320965	1.7151	1.13697
0.0524736	2.05201	1.31456
1.15402	0.0212232	2.07584
0.839467	0.708369	0.922205
0.162102	2.51128	0.109229
0.0143163	1.27554	3.05688
0.706169	0.390091	1.42538
1.77528	0.0277175	0.0116731
0.0740369	0.34762	3.87098
0.00143848	3.8474	0.583189
0.0347452	3.17451	0.885372
0.3798	0.20821	3.37226
0.786074	0.805998	0.228339
1.00306	0.1198	1.26737
0.344339	0.319	2.46533
0.0083383	3.5453	0.604025
0.824989	0.239754	1.73577
0.667858	0.9959	0.951311
0.00562726	3.70919	0.000331986
0.011934	0.612592	3.70191
1.68078	0.0510113	0.271465
0.45922	1.41972	0.38993
0.316845	1.75125	1.1187
1.65175	0.0612004	0.253958
0.562547	1.12003	1.16526
0.00244147	0.484609	5.44613
0.0595068	2.936	0.884779
0.0191597	0.169689	4.85818
0.439005	1.47108	0.349663
1.19998	0.0161787	1.56335
1.99224	0.00065237	0.000895625
1.14634	0.0385595	1.28867
0.0548574	3.03817	0.610601
0.0549609	0.477957	3.99932
0.856466	0.216543	1.49004
0.775691	0.284623	1.73577
0.0645597	3.02019	0.00721245
0.810442	0.246624	1.91119
0.260085	2.01265	0.391064
0.000273588	3.308	5.8529
0.000591449	0.000404096	5.9398
1.99399	0.000613234	0.000598543
0.000813384	3.97542	0.00291001
0.275546	0.0050769	5.02974
0.0892035	0.220071	4.47667
0.310024	1.81706	1.03697
0.000281111	3.2499	5.49453
1.25424	0.257869	0.955724
0.182723	2.27686	1.01047
0.0417687	0.0462397	5.16274
1.68824	0.0442051	1.03924
0.0226958	3.35721	0.427547
1.84222	0.0184554	0.010761
0.032721	0.019179	5.70287
0.302645	1.90999	0.0265845
0.220213	0.0400065	4.91824
0.0644669	2.91839	0.601005
0.193849	2.19998	0.820904
0.993058	0.114339	1.57959
0.0112468	3.61011	0.00279409
1.38401	0.177853	0.831842
1.27749	0.010044	2.14323
0.338449	1.75477	0.498605
0.0479233	0.0067392	5.64091
1.88135	0.014687	0.145571
1.04933	0.456869	0.580427
0.0311142	0.0432002	5.25462
0.790733	0.774293	0.547847
1.57572	0.0706361	1.08028
1.42408	0.161474	0.66682
1.7212	0.0301183	0.785312
0.383612	1.56551	1.14363
0.104004	0.195249	4.60601
0.844727	0.224731	1.64275
0.0605223	3.0398	0.141785
0.00782836	3.70392	0.0705736
1.45482	0.161243	0.084366
1.21375	0.0163614	2.29008
0.916392	0.622223	0.527284
1.77867	0.0250514	0.189445
0.0298367	2.30581	1.3717
0.63943	1.0235	0.811082
0.006136	1.6315	2.45205
0.04123	0.0123601	5.53272
0.206867	0.0486498	4.64384
1.30378	0.0122468	1.47694
0.0895249	0.209173	4.37277
1.64878	0.045712	0.972519
0.284152	1.93358	0.978474
0.0163132	2.51126	1.57515
1.10799	0.415963	0.205632
0.0174652	1.47015	2.61347
0.0119315	3.53508	0.207646
1.74997	0.0344139	0.0784802
0.0300416	3.2653	0.719212
0.0220006	1.35865	3.12787
0.757272	0.839902	0.455311
1.1386	0.0282176	2.08403
0.00719868	1.31044	4.07284
0.0455046	2.08492	2.00666
0.00106826	2.97205	2.64421
0.688913	0.375933	1.46053
0.655256	0.968037	1.18145
0.195617	0.0890041	4.17887
0.02204	1.43227	2.55156
0.317926	0.278842	3.34291
0.0333587	0.0721217	4.83658
0.467044	0.610054	2.37814
0.314817	0.283419	3.31421
0.0153815	3.49447	0.564003
0.0464686	3.10386	0.690555
0.518183	1.26745	0.765583
0.00138137	3.9155	0.00383761
0.156617	2.56532	0.0900625
1.34797	0.197213	1.12303
0.737194	0.306501	1.48925
0.115495	0.216412	3.91394
0.0991514	2.77203	0.842582
0.0558682	0.0624638	4.7865
0.237052	0.10224	3.73489
1.40576	0.154841	1.11831
0.256691	2.13021	0.0384507
1.20632	0.299395	0.87006
0.598334	1.1146	0.605322
1.97528	0.00061303	0.0888723
0.0499128	2.02506	1.41571
1.92135	0.00804523	0.0822575
0.893503	0.1717	1.93087
0.379919	0.80785	2.23205
1.48328	0.118821	0.805153
0.462264	0.64333	1.85724
0.701606	0.358699	1.69926
0.397116	1.55923	0.490329
0.147801	0.663402	2.96154
1.56095	0.0750524	1.0506
0.669585	0.996713	0.308648
0.5277	0.564825	1.93277
1.61046	0.0657147	0.647009
0.446003	1.41177	0.911942
0.540234	0.0866999	3.1553
0.0230254	0.445083	4.27711
0.263051	0.363869	3.43974
0.0418631	3.18654	0.176727
0.316721	0.277783	3.39917
0.875816	0.164172	2.04384
0.236474	2.06046	1.17638
1.01933	0.50067	0.66542
0.970958	0.544358	0.660108
0.0597186	0.485391	3.67488
0.296847	0.367735	3.22114
1.47405	0.116235	1.00352
0.110642	2.78681	0.0717215
1.64329	0.0457542	1.12298
0.121659	0.82533	2.70334
0.246619	1.18027	1.39484
0.810746	0.24229	1.91077
0.0174026	1.43712	2.84219
0.0587673	2.99629	1.11925
0.4272	1.50978	0.377168
1.02266	0.475779	0.849219
0.0348255	0.569694	3.60396
0.94101	0.549474	1.0502
0.270861	1.97911	0.537706
0.553664	1.24698	0.170765
0.799128	0.248582	2.21386
0.124355	0.177086	3.98693
0.223506	1.22095	1.75995
0.230231	0.0416081	4.71723
0.430527	1.51608	0.343627
1.06312	0.470718	0.108901
0.980327	0.0982672	2.05434
0.0553077	3.07623	0.0562251
0.564538	0.066783	3.21032
0.451761	1.47938	0.348397
0.730284	0.880586	0.615052
0.0806737	2.83351	0.554292
0.416753	1.49392	0.980319
1.53897	0.0845256	1.05013
0.240172	0.468584	2.73889
1.14645	0.339291	1.17119
0.362294	1.71176	0.0520353
0.045101	0.0277967	5.39459
1.60343	0.0682241	0.822811
0.95922	0.110522	2.08957
0.0447376	3.17922	0.218371
0.177524	2.36111	0.872219
0.436366	0.139296	3.43878
0.0707921	2.01148	1.29539
0.569438	1.15396	0.763693
1.94277	0.0023196	0.509971
0.440364	0.267859	2.50606
0.413442	0.198246	2.8565
0.718717	0.912295	0.322168
0.114772	2.70681	0.268342
0.824883	0.758082	0.217191
0.512381	0.0965252	2.91631
0.0161545	1.40603	3.07177
0.862326	0.693508	0.798212
0.506836	0.641537	1.77422
0.48432	0.586622	2.41234
0.131104	2.58286	0.0886153
0.216829	0.0461179	4.71779
0.664874	0.983905	0.422955
0.102625	2.7241	0.645925
1.09299	0.388974	1.17129
0.608808	1.0937	0.248036
0.247121	1.13341	1.80823
0.750858	0.849727	0.495748
0.197694	0.667927	2.77846
1.73292	0.0282728	0.829393
0.627805	1.06552	0.448375
0.390117	0.222887	3.01995
0.0768672	0.233301	4.35301
0.43272	0.677172	2.28435
0.533996	0.0942843	3.05686
0.0152965	3.58556	0.0161862
0.334668	0.938021	1.57132
0.202791	2.17422	0.640137
0.295683	1.09035	1.31441
0.367002	1.69839	0.391879
0.000376159	0.000376156	6.00016
0.391819	0.845477	1.19266
0.00026685	2.78734	1.19548
1.4321	0.00024394	1.43684
0.853116	0.190426	1.61675
0.907561	0.158264	1.4168
0.0131619	0.0477007	5.63694
0.0717616	1.90608	1.80828
0.0647335	1.82544	2.16075
0.00135989	1.37499	4.14961
0.0579373	1.99115	1.60224
0.00188949	1.43713	3.44445
0.0621229	0.00894903	5.50649
0.00210983	2.68648	1.45967
0.000455278	2.74017	1.19274
0.0315413	0.0292981	5.41158
1.41333	0.000311756	1.27131
0.00629468	2.44627	2.00044
0.798654	0.259584	1.21872
0.0926546	0.222847	4.6436
0.21859	0.0427855	4.38505
1.35423	0.000964756	1.33577
0.00117912	2.60803	1.91764
0.039747	2.12167	1.33131
0.158212	0.636528	3.34006
0.828632	0.238066	1.39454
0.615406	0.396766	2.12886
0.184137	1.29813	2.25034
0.981581	0.109955	1.55906
0.210207	0.0377124	4.72518
0.0417981	2.06995	1.32768
0.543587	0.0919958	2.50926
0.200824	0.534102	3.0354
1.38381	0.000749072	1.19736
0.0078799	2.50718	1.34281
0.0367619	2.18954	1.20191
0.0748743	1.79524	1.9378
0.734643	0.353382	1.23555
0.0992172	0.903909	2.6335
0.265099	1.03167	2.42606
0.0184471	0.0420535	5.29034
0.0194525	0.0304067	5.7981
0.634285	0.0412608	2.76131
0.0252426	2.25956	1.2033
0.0382976	2.14713	1.20423
0.585195	0.515104	1.28583
0.018758	2.31434	1.97874
1.15324	0.0232602	2.33649
0.642089	0.0258993	2.99229
1.06457	0.0714235	1.48305
1.19153	0.0141556	2.13311
1.07742	0.0605327	1.42631
0.498988	0.576155	1.78814
0.284427	1.06805	1.97725
0.745518	0.340346	1.29514
0.483071	0.59156	2.00772
0.0211097	0.562974	3.63805
0.207734	1.26981	1.54342
0.0274399	1.20337	2.92458
0.0675651	0.0371107	4.80892
0.102738	1.67506	1.48937
0.121262	0.0120837	4.87396
0.0242417	1.19177	3.26401
0.030024	0.0386587	5.06909
0.110747	1.60385	1.72202
0.000945816	2.55624	2.33578
0.0338851	1.15606	3.53748
1.26367	0.00184675	2.17611
0.0847738	0.012762	5.03684
0.0235274	0.0533125	4.95288
0.094168	0.305531	3.91926
0.0886514	0.228314	4.23901
0.0172308	0.548444	3.6906
0.520546	0.610012	1.33611
1.03899	0.0564288	2.26995
0.0062372	2.42752	2.19909
0.043941	0.0285238	5.44735
0.994559	0.0890383	2.10472
0.175161	1.33108	2.22791
0.00889691	0.010134	5.85573
0.165947	0.108994	3.96716
1.2382	0.00245996	2.78893
0.077671	0.280808	4.03865
0.0435644	1.15115	2.52608
0.785076	0.268945	1.52708
0.0234426	0.468798	4.50262
0.959321	0.1086	2.10517
0.83411	0.212224	1.60612
1.09859	0.0664801	1.20286
0.124943	1.55292	1.88162
0.474095	0.687309	1.19365
0.368334	0.229294	3.15402
0.943166	0.152642	1.57227
0.414867	0.00313627	4.06415
0.0185297	1.39987	2.56002
0.0341502	0.450288	3.8308
1.32981	0.00507894	1.1964
0.0478912	0.0402686	4.98109
0.72194	0.0221831	2.47246
0.155931	0.147448	4.44485
0.111201	1.56843	2.22004
0.0798754	1.74273	1.81753
0.525376	0.623624	1.20755
0.432513	0.707513	1.76445
0.696122	0.00868538	3.12385
0.0706301	1.94588	1.20051
0.556773	0.0945084	2.44471
0.0210132	1.34968	2.80996
0.109049	1.75519	1.20273
0.362682	0.229418	3.19618
0.016502	2.38281	1.22971
1.21668	0.0168581	2.10473
0.0058137	0.088629	5.7161
1.37333	0.00149792	1.19435
0.352482	0.871449	1.61785
0.68889	0.339686	1.56609
0.573608	0.505089	1.60481
0.179982	0.175845	3.73186
0.757437	0.256204	2.25131
1.32486	0.00746819	1.20686
1.13268	0.0445325	2.34928
0.236533	0.463678	3.04507
0.159249	0.641071	3.23296
0.440042	0.181572	3.17934
0.0193039	0.487446	4.28956
0.397861	0.801834	1.36719
0.278571	0.399058	2.7213
0.243115	1.12422	2.04442
0.298829	0.958664	2.31132
0.0109098	2.31855	1.94581
0.206933	0.0953561	4.5323
0.0149638	0.0902606	5.14378
0.178429	0.0743414	4.56307
0.708207	0.0204874	2.66042
0.000627609	0.00061746	5.97681
0.768111	0.238542	2.31077
0.91541	0.164436	1.39189
0.9394	0.134197	1.70002
1.30187	0.0130119	1.19903
0.00581915	0.0868367	5.73418
0.222286	0.0291819	4.68012
0.678186	0.0149959	2.99195
0.568728	0.0657424	2.75237
0.0393862	1.08772	3.10071
0.171199	0.102629	4.43416
0.00531311	2.65225	1.35684
0.0562699	1.93964	2.28893
0.59531	0.0331236	3.6979
0.226029	0.53	2.47269
0.0629188	2.03699	1.20394
0.0753566	0.992739	2.56178
0.683646	0.312144	2.19665
0.394112	0.800628	1.63887
0.403951	0.729988	2.13277
0.0976564	0.880075	2.94599
0.172268	0.656979	2.64129
0.468032	0.630903	1.84062
0.257882	0.0183834	4.56245
1.16816	0.0370424	1.72486
0.00545726	2.51526	1.22654
1.13498	0.0370573	1.77663
0.125495	1.53895	1.72221
0.493344	0.120593	3.45286
0.285869	1.04127	1.6545
0.131891	0.756289	2.88105
0.0229282	0.0465098	5.23001
1.28516	0.00915239	1.22058
0.328818	0.035401	3.75941
0.444814	0.126941	3.48309
0.0972616	1.71378	1.44367
0.34753	0.863223	2.02953
0.236416	0.0450733	3.96199
0.134437	1.47373	2.38085
0.222377	1.16268	2.21587
0.455155	0.147594	2.84644
0.300972	0.991813	1.75734
0.000317241	2.78722	1.19553
0.383862	0.772734	2.07155
0.387497	0.780497	1.86982
0.0272694	1.22404	2.72578
0.182996	0.101552	3.87131
0.088287	1.70179	1.81821
0.00761891	2.37331	1.94076
1.17742	0.0354143	1.5008
0.0071302	2.63562	1.19834
0.656738	0.429654	1.19865
0.00462197	0.135227	5.1877
0.128748	0.264457	3.61207
0.313667	0.931779	2.09259
0.1866	0.583046	2.81206
0.10727	0.204185	4.31888
0.307544	0.0173646	4.10296
0.38323	0.272865	2.65101
1.01129	0.0778385	2.26832
1.11017	0.0664659	1.19989
0.40868	0.818167	1.2279
0.488295	0.572622	2.17682
0.464988	0.612155	2.29641
0.443782	0.00020651	4.01821
1.99851	0.000418404	0.000748089
0.000265978	2.60565	2.13072
0.520598	1.30929	0.000337644
0.00027754	0.000299325	5.96682
0.00109863	0.122852	5.29658
0.0780566	0.234376	4.52581
0.0036429	2.43743	2.32481
0.133459	0.680615	3.01142
0.065121	2.96608	0.819507
0.015007	0.0521179	5.51786
0.0265917	2.3132	1.54626
1.95369	0.00192618	0.0355383
1.15246	0.352927	0.893709
0.811247	0.209871	1.89675
0.288124	1.89651	0.588136
0.0456789	3.05933	0.788044
0.0982983	1.71615	1.95218
0.0245079	1.19755	3.4127
0.889137	0.137286	2.22656
0.0406393	3.18895	0.631581
1.28129	0.00565904	1.44298
1.67837	0.0383592	0.979246
1.25382	0.270714	0.255431
0.0845978	0.206087	4.66141
0.953749	0.565175	0.28691
0.0031382	3.86168	0.0276774
1.43553	0.168107	0.14831
1.60394	0.0864331	0.127175
0.247204	0.435522	3.13813
0.123413	1.57493	1.61274
0.605391	0.0587825	3.218
0.0494493	0.972621	3.41118
0.0984435	1.64683	2.1107
1.35071	0.0133943	1.20398
0.0126376	0.0753038	5.16446
0.0146	0.0441855	5.61439
0.0897896	2.70421	0.928577
1.80953	0.00211419	2.55585
0.0430548	3.1188	0.740526
0.932479	0.593117	0.262081
0.0807148	0.22182	4.41232
0.0176991	0.104235	4.95023
1.30143	0.214811	1.05215
0.866511	0.195404	1.83039
1.11529	0.390437	0.629843
1.32649	0.0135718	1.20216
0.0923874	0.0236064	4.83131
0.0450502	1.09245	2.9075
0.30044	1.87055	0.109166
0.780736	0.803686	0.358742
1.63331	0.058951	0.90899
1.40662	0.153876	0.991447
0.653119	0.0112682	3.53924
0.105464	2.75469	0.00979571
0.0148944	3.5988	0.0305668
0.603088	0.0622816	3.52399
0.166641	1.37304	2.15257
0.230452	2.05151	1.01978
1.56185	0.113696	0.119012
0.161049	0.714805	2.43217
0.132579	0.190763	3.94149
0.00318747	3.82592	0.217206
0.0299429	2.08464	2.04245
0.250594	1.97251	1.094
0.0767621	2.9083	0.324324
1.16912	0.346967	0.183869
0.626355	1.06598	0.726369
0.0299555	3.43966	0.0162929
0.136662	1.49735	1.91253
0.242525	0.447813	3.13923
1.3837	0.200327	0.127886
0.00813062	0.0979033	5.25971
0.210631	2.17072	0.445893
1.53859	0.0921502	0.333729
0.0179593	2.21505	1.81239
0.00397095	3.73254	1.04447
0.733082	0.00453253	2.71614
1.51674	0.109006	0.431854
0.975517	0.505882	0.863937
0.386677	0.209846	3.28754
1.65419	0.048918	0.906215
0.0207276	3.38483	0.336838
0.321545	1.77907	0.305453
1.48016	0.13424	0.0921663
1.87344	0.00844328	0.00186255
0.0648332	1.05419	2.57196
0.10912	0.206169	4.05247
1.58146	0.0730787	0.906159
0.502016	1.32995	0.104624
0.212175	2.12039	0.951677
1.10583	0.376208	0.771678
0.182801	2.24628	0.952467
0.675465	0.949834	1.1157
0.0175766	1.22987	2.92453
0.545831	0.528239	1.73331
0.00495625	0.549519	4.72634
0.840855	0.745375	0.0216681
0.403476	0.834707	1.22189
0.0525152	0.328322	4.23075
0.0279753	3.238	0.808055
0.150555	2.5052	0.0895144
0.763213	0.243566	1.98513
0.754491	0.900989	0.0306216
1.72609	0.034135	0.6646
0.00725834	1.32355	3.56931
1.45403	0.13682	0.383785
0.382644	0.225724	3.28396
1.03036	0.464896	0.413267
0.822979	0.77019	0.370543
1.90623	0.00491134	0.0786281
0.0941065	2.80435	0.0128015
0.0473222	3.09458	0.512522
0.0127183	0.0726755	5.08602
0.585669	0.0511648	3.72238
0.0108006	2.40653	1.50258
0.103075	0.0257224	4.79123
1.49865	0.133657	0.00801621
0.310946	1.83643	0.600623
0.14129	0.624944	3.65276
0.0011026	2.65452	1.25376
1.39686	0.175625	0.751894
1.05889	0.482678	0.0933156
0.901059	0.637104	0.531431
0.148344	0.669953	2.64892
0.265448	2.01771	0.0151903
0.0306105	2.36651	1.32464
0.324209	1.75256	0.519926
0.386357	0.784293	1.7577
0.00971408	3.55259	1.04547
0.480888	1.42259	0.0208986
0.0080665	3.52803	1.14722
0.0119907	0.0684443	5.5258
1.07626	0.414421	0.882497
0.271824	0.4732	2.48454
0.274692	1.03589	2.18007
0.228943	2.09959	0.637822
0.883817	0.619581	1.05176
0.0628838	0.0116338	5.04233
0.158145	0.632492	2.82444
0.0323795	3.29636	0.111149
0.111713	2.57268	0.914
0.00490985	3.78302	0.00254507
0.10624	1.61617	2.34364
0.131081	0.158943	4.37533
1.75732	0.0237173	0.565824
0.542812	0.496627	2.07462
0.0101391	3.66866	0.0638776
0.971433	0.562905	0.345965
0.419315	0.756485	1.37767
0.0825229	0.232458	4.28902
0.283739	0.388187	2.51209
0.451553	1.41528	0.660912
0.0070284	0.596726	4.20597
0.20015	0.481033	3.65329
0.194329	2.22339	0.881043
1.92314	0.00341682	0.0354174
0.995328	0.519365	0.390615
0.0020577	0.00209061	5.95061
0.477722	0.644631	1.47597
0.0412067	2.17332	1.252
0.0139398	0.0944552	4.98674
0.154429	0.660802	2.7775
1.2161	0.288887	0.578396
1.79464	0.0266217	0.04261
1.08598	0.449951	0.0716647
1.70483	0.0337377	0.980826
0.160941	1.46642	2.15848
0.42675	1.54065	0.0051621
0.08382	0.874394	2.76663
0.0124836	0.628327	3.89721
1.883	0.00258858	0.698622
0.314682	1.80544	0.907284
0.00235292	0.000878737	5.86188
1.20929	0.0204213	1.41473
0.0767807	0.245995	4.28894
0.468435	1.3892	0.254662
0.130279	2.53455	0.405825
0.717489	0.308171	1.67108
1.74747	0.0226432	0.669535
0.350385	1.00133	1.28673
0.0339762	3.2607	0.620083
0.273882	1.1319	1.26686
1.04395	0.0765485	1.40823
0.497209	1.29902	0.521848
0.0375648	3.32418	0.0125228
0.0104178	3.48715	1.16281
0.0887432	2.90083	0.330675
0.000181265	1.36336	4.78186
0.611907	0.000181924	5.89696
0.000185406	3.99833	0.000186309
1.99892	0.00018289	0.000182102
0.578282	0.000182365	5.99216
0.701862	0.00131851	4.20004
1.66486	0.0923574	0.0348623
0.305521	0.00698873	4.38958
0.0713412	0.00351717	5.15061
0.0863428	0.280745	3.84029
1.22432	0.00399616	3.10812
0.343705	1.75531	0.31693
0.00294616	1.19746	5.41272
0.0461875	1.95912	2.01111
1.47079	0.133618	0.734433
0.104276	2.64571	0.749006
0.286088	1.84878	0.933383
1.24419	0.00102269	3.25338
0.314782	0.932905	2.29946
0.918526	0.586358	0.695812
0.0481311	3.12911	0.116577
0.0902241	2.75502	0.837394
0.846823	0.65759	1.21009
0.0637355	3.02941	0.270552
0.0264459	3.33852	0.126745
0.432576	0.679633	2.0973
0.117218	2.55767	1.11131
0.0524423	2.02746	1.74846
0.181103	2.35768	0.101656
1.57686	0.0637926	1.17208
0.651742	1.01505	0.384928
0.0659283	2.94496	0.262725
0.0508544	3.06026	0.67294
0.0150347	1.52383	2.55173
0.0181867	1.17749	3.71444
1.05912	0.446381	0.230414
0.491941	0.595834	1.92982
0.88597	0.626479	1.04959
0.200124	0.0716687	4.45472
0.0687434	0.319591	4.06464
0.0330614	0.0366863	5.02648
1.91712	0.00586199	0.455398
0.623749	0.00049591	5.60912
1.76779	0.0220452	0.344652
0.943579	0.616857	0.342507
1.36049	0.220972	0.197297
0.0224957	1.44426	2.40774
0.072055	1.90704	1.3997
0.527629	1.36312	0.0613359
0.006791	0.0475029	5.72214
0.0163221	3.45608	0.178456
0.00888154	1.41767	3.38457
1.55215	0.0780382	1.00491
1.48257	0.126868	0.300896
0.218741	1.24822	1.70525
0.12122	1.6002	1.54582
0.625249	0.000182383	5.76831
0.609652	0.410528	2.40125
1.5098	0.107764	0.53316
1.74481	0.0236027	0.390541
0.124373	1.53592	1.84476
0.00115096	3.86813	0.0148831
1.30348	0.219805	1.09375
1.15647	0.0343113	1.75892
0.069576	0.314367	4.06344
0.453106	0.171796	2.76007
0.102978	0.73483	3.46738
0.201146	2.18172	0.756676
1.38195	0.183531	0.339992
0.00401095	1.34105	3.91641
1.70937	0.0512912	0.307909
0.154703	0.629542	3.00206
0.366977	1.66906	0.186699
0.271628	0.391396	2.71011
1.8497	0.000182809	2.92589
0.547301	1.20368	0.642279
0.0417442	1.05252	3.38449
1.63465	0.0491087	1.1371
0.105338	1.64643	1.61181
0.0990255	2.88167	0.312754
0.394635	0.788373	1.7962
1.16748	0.0259156	2.22456
1.12316	0.39721	0.277829
1.25783	0.00330122	1.97523
1.33311	0.217442	0.435995
0.0965532	2.71906	0.861465
0.236892	0.454014	2.85744
0.00524784	3.7158	0.000187894
0.0239609	0.072749	5.27691
1.82544	0.000939489	3.66129
0.0629878	0.290253	4.59699
0.135458	0.83872	2.61434
0.189243	2.26799	0.463871
1.96886	0.000611313	0.0299302
0.0994785	2.82341	0.325448
0.0354139	3.27945	0.125908
0.007338	1.26331	3.95046
0.0239609	0.072749	5.27691
0.000488846	3.93341	0.0141875
0.511994	1.28199	0.979813
0.0551255	0.00577844	5.58585
1.61918	0.0575457	1.0071
0.171007	2.40198	0.725011
0.409994	1.57162	0.348408
0.482644	0.623909	1.66953
1.4189	0.17056	0.597352
0.00121929	1.34715	4.86917
0.00178101	3.80156	0.72854
0.899578	0.655506	0.142024
0.130193	2.52159	0.486602
0.0412098	3.18377	0.127612
0.887911	0.651845	0.898988
0.00418736	1.29136	4.69815
0.816921	0.711696	1.18617
0.292813	0.0248048	3.62861
0.140353	2.42987	0.93294
0.681469	0.0084169	3.56035
1.29405	0.267665	0.194558
0.37019	0.917059	1.38533
0.248806	1.95157	1.16509
0.000466146	3.78519	1.58303
0.838288	0.732739	0.516272
0.595817	1.10761	0.454828
0.656124	1.00439	0.632783
0.0751444	2.81217	0.727044
1.53583	0.105265	0.539593
1.325	0.196301	1.0432
0.0305729	0.0480702	4.93237
0.331293	0.950763	1.71863
0.0188227	1.26899	2.827
0.110614	1.69101	1.26466
0.981932	0.564404	0.220496
0.24484	0.443191	3.7058
1.19868	0.0227343	1.87981
0.71853	0.912459	0.30927
1.40063	0.170944	0.733636
0.0343666	1.31195	2.46998
0.740828	0.0141636	2.59996
1.08667	0.480196	0.0351887
1.7984	0.0155367	0.627651
0.0615461	0.295565	4.39959
0.000562723	3.90522	0.407222
0.566935	1.15898	0.785187
1.2719	0.225428	1.25084
1.87724	0.00596833	0.781161
0.789248	0.823743	0.309988
0.327374	0.96923	1.45101
0.44494	0.702046	1.99415
0.0375759	3.19789	0.283966
0.430826	0.751829	2.00233
0.0160737	3.42087	0.407529
1.72254	0.0464101	0.283801
0.000236168	3.9922	0.00874843
0.00949611	3.65383	0.814687
0.000987576	3.74488	1.77264
1.20717	0.0285619	1.49205
0.499936	0.188418	2.47405
0.67782	0.000353092	4.77166
1.07556	0.427022	0.640063
0.107922	0.171015	4.64869
0.225599	0.445866	3.49876
0.973409	0.514127	0.885939
0.033694	2.13749	2.25797
1.8103	0.00198834	3.10061
0.578117	0.00334135	5.84704
0.394827	0.211977	3.03923
0.0105079	3.59973	0.000622415
0.252435	0.051206	3.5946
0.477429	1.35129	0.992495
0.557163	1.14954	0.858674
0.0229374	2.18028	2.25149
0.0112112	3.58626	0.000635608
0.012233	0.184153	4.81859
0.437579	0.156855	2.99859
0.077538	0.255326	4.69482
0.78141	0.797812	0.54732
0.672891	0.0111242	3.32999
0.754787	0.853762	0.30927
1.1802	0.0342824	1.49788
0.231366	2.08735	0.492394
0.765308	0.850731	0.36681
0.000380972	3.51998	5.28746
1.25927	0.0120113	1.93512
0.125377	2.61888	0.0446005
1.19162	0.330934	0.42014
0.63948	0.0655698	2.74419
0.0211689	3.41856	0.233763
0.82569	0.224278	1.77433
1.6089	0.0749681	0.16889
0.859953	0.683258	0.810856
0.0170336	0.0456723	5.71205
1.31925	0.203632	0.918916
0.00223303	0.721061	3.75698
0.71181	0.00673141	3.01418
0.00270069	3.8044	1.15873
0.207691	2.24461	0.0593064
0.445274	1.47052	0.433945
0.0103548	0.554005	4.49382
0.875704	0.638989	1.04168
0.0012299	0.572565	4.93198
0.000390481	3.96	0.099174
1.92945	0.00640895	0.0725946
1.70261	0.0416264	0.623424
1.56187	0.0959406	0.525002
0.0326218	0.0144499	5.66722
0.00546324	3.65794	0.704599
0.907898	0.650654	0.189197
0.683158	0.925145	1.04326
0.0805687	2.82868	1.04832
0.269204	0.0112881	4.75798
0.252079	0.00525136	5.39502
0.11637	1.65366	1.38537
0.0638751	2.9417	0.671713
0.00577476	0.579238	4.66917
0.628427	1.06301	0.763913
0.0266767	2.19004	1.97851
1.4818	0.14795	0.110423
0.332473	0.340094	2.50716
0.291998	0.00390175	5.08189
0.0961462	0.794102	3.42443
1.12906	0.0326752	1.85735
0.771431	0.871589	0.0344036
0.563657	0.065596	3.54808
0.145595	0.676816	2.84729
0.75288	0.273814	1.98067
1.50593	0.116945	0.32966
0.261701	0.453262	2.67104
0.004713	3.73387	0.126194
0.00975874	2.34226	2.41997
0.0913133	0.254936	3.81267
0.315519	1.77596	0.708751
0.122611	1.54723	2.15944
0.0242939	2.16704	2.27778
0.469925	0.138644	3.11054
0.697314	0.333065	2.04118
0.0471905	3.16642	0.122066
0.0721425	2.96156	0.0546195
0.0014913	1.50053	2.95806
0.732609	0.326382	1.6335
0.030248	0.439549	4.37264
0.424584	0.164692	3.26762
0.353724	1.71298	0.530149
0.729637	0.0239101	2.58829
0.131207	0.18612	4.20563
1.86775	0.0125362	0.00333425
0.029231	3.34546	0.00289182
0.0128645	3.4921	1.15047
0.759924	0.25977	1.85931
0.125565	2.54572	0.824895
0.0683439	3.02491	0.0345369
0.976284	0.0918442	2.22025
0.66008	0.473549	1.41129
0.188488	1.3634	1.45805
0.0242953	0.523892	4.26335
0.117153	0.19369	4.05391
0.311959	1.03112	1.26228
0.00129137	0.00150821	5.90346
0.0420298	2.062	2.28479
1.45638	0.15393	0.287927
0.0576709	0.975575	3.19979
0.00818283	3.62256	0.0983013
0.369559	1.58673	1.16038
0.499892	1.27361	0.985006
0.0469216	3.04656	0.777059
0.000484086	1.31877	5.16198
0.3954	1.52081	0.851028
0.537378	1.30987	0.0483378
1.06516	0.50098	0.0290755
0.0265372	0.0387572	5.54403
0.230083	1.1884	1.59573
0.280292	0.372715	3.36755
0.94914	0.549707	1.14944
0.983234	0.0767876	2.38081
0.0100006	2.4873	1.50145
0.888844	0.661595	0.112458
0.928378	0.168234	1.313
0.60395	1.14737	0.00483563
0.325486	0.991137	1.71716
0.1795	1.42021	2.12711
1.63647	0.0504973	0.711699
0.0304393	0.443931	4.30688
0.0024398	0.527379	5.18083
0.211801	0.0735296	3.87405
0.101643	1.82154	1.23076
1.15779	0.3686	0.298532
0.00110099	2.77075	1.19641
0.365941	1.60811	1.10339
1.42809	0.157297	0.51394
1.3454	0.189705	0.913944
0.649951	0.0392228	3.31266
0.432386	0.766395	1.32162
0.18288	2.29233	0.385928
0.281006	1.92945	0.0923413
0.0110365	0.0636933	5.28148
0.290053	1.86864	0.399318
0.244099	0.0215769	4.63746
0.324184	1.74243	0.732021
1.82019	0.022721	0.602636
0.0533363	3.10724	0.0417075
1.14784	0.0405544	1.53462
1.00392	0.532508	0.0765621
0.0104088	0.644574	3.96444
0.170495	0.611582	2.87232
1.1832	0.348343	0.290647
1.73088	0.0293914	0.87849
0.128192	2.54137	0.571714
1.02759	0.0558241	2.3803
0.3053	0.0269275	3.88161
1.07824	0.0693115	2.29545
0.172609	0.556848	3.19023
0.0101274	2.40812	1.36512
0.553246	0.530432	1.53817
0.971234	0.57329	0.376304
0.198632	1.43546	1.29868
0.306143	1.0118	1.81939
0.48996	0.135589	2.48581
0.013912	3.5718	0.0992491
0.6176	1.08306	0.233758
0.407678	0.826127	1.38653
0.510449	0.657472	1.48368
0.0564561	0.375347	3.98997
1.10964	0.048146	1.6715
1.1044	0.0458909	2.08154
1.79737	0.0255642	0.259755
0.296863	1.87442	0.212864
0.480485	1.39359	0.263791
0.0257085	2.10329	2.25547
0.00869023	2.43925	2.03201
0.605737	0.0647321	2.92094
1.89935	0.0094488	0.00397259
1.72812	0.0452403	0.24297
0.175283	0.103343	4.13895
0.0365424	3.19595	0.566067
0.0538045	3.11141	0.0307422
0.299141	1.81529	0.726458
0.591722	1.16665	0.00504944
0.0138071	3.50556	0.994144
1.05634	0.424302	0.961644
0.264336	1.95862	0.494606
0.344592	0.849253	2.35518
0.46092	1.37727	0.732123
0.610017	0.456318	1.50497
0.384656	0.95847	1.36479
0.267953	2.0028	0.0283313
1.0156	0.0891659	1.73857
0.662083	0.0719361	2.41574
1.78858	0.0169985	0.972278
0.0297939	3.2628	0.787271
0.811654	0.0228595	2.6449
1.81915	0.0104814	0.874764
0.0313062	0.0592211	5.01541
0.403006	1.5454	0.597198
0.158677	2.44934	0.427103
1.84934	0.0152083	0.00333425
0.472386	0.691699	1.32119
0.000223107	3.60744	4.17266
0.585173	0.000244128	6.00015
0.00033126	3.96173	0.00023921
1.99911	0.000276202	0.000290628
0.000695367	3.91342	0.000224938
0.0471309	3.06822	0.986398
0.251948	1.97423	1.00506
0.0194214	3.45457	0.0151534
0.00686816	0.0916884	5.52778
0.00639645	0.0793769	5.70087
0.0291146	3.37034	0.19504
0.175551	1.35231	2.29603
0.0315526	0.120303	4.92035
0.0287882	0.0486326	5.02684
0.00122455	1.39738	4.24187
1.25303	0.321614	0.388105
0.0280624	3.30007	0.442746
0.000315024	2.31968	5.35605
1.31805	0.00499584	1.66366
0.919141	0.617058	0.789247
0.173625	0.0815447	4.45418
0.0677558	2.88213	1.09316
0.0921669	2.80076	0.220612
0.0620254	2.04326	1.48917
0.215767	0.0826985	3.85533
0.034741	2.18473	1.5208
0.00046721	2.43655	4.11105
0.445522	0.159324	3.12385
0.876003	0.658777	0.611933
0.763284	0.277317	1.86842
0.830939	0.214111	2.36486
1.85078	0.00767311	0.328334
0.31636	1.74886	1.07302
0.0848117	2.98705	0.071793
0.74907	0.258436	1.99818
1.75618	0.0288644	0.149498
0.82135	0.73255	0.471524
0.135056	1.54171	1.86071
0.0342454	0.038685	5.45003
0.468232	0.715229	1.19935
0.711064	0.00297382	4.03325
0.936621	0.589888	0.257014
1.20449	0.0207768	1.80545
0.0587392	0.380636	3.67953
1.7004	0.0591366	0.165504
0.303676	1.09709	1.3624
0.27062	1.90094	0.830041
1.34337	0.21974	0.211979
0.991418	0.5032	0.954576
1.59995	0.0827408	0.0952754
0.0717408	0.0407207	4.82563
0.243281	0.0193576	4.6103
0.910356	0.185271	1.58281
1.37751	0.202663	0.0754028
1.10759	0.40831	0.915395
0.430628	1.43156	1.1703
0.621135	0.000398334	5.81894
0.036841	3.14519	0.99202
0.122463	1.60332	1.45247
0.437763	1.50373	0.128462
0.381991	1.68053	0.680132
1.65119	0.0521338	0.36452
1.05146	0.108764	1.30576
0.63199	1.01545	0.868042
1.89365	0.00170788	1.4901
0.300219	1.80123	0.829396
0.193626	0.0612392	4.69222
0.782114	0.25297	1.86088
0.335392	1.71836	1.11945
1.01182	0.0893641	1.64243
1.09007	0.422945	0.916927
0.502905	0.105611	2.9617
1.41583	0.158928	0.817887
0.0895216	2.77603	1.0099
0.28875	1.06366	1.74619
0.000265978	2.60565	2.13072
0.349367	0.312946	2.55784
0.00672711	2.64879	1.26392
1.03537	0.058831	2.05949
0.338902	0.921376	1.83414
0.116796	0.794913	2.94251
0.053902	2.97447	0.769254
0.338196	0.88271	1.91991
0.00464938	2.51658	2.87304
0.170666	2.3761	0.849892
0.0761418	1.82961	2.09422
0.00249546	2.72634	1.24069
0.111184	0.81637	2.47753
0.356826	1.63027	1.15361
1.47023	0.133767	0.480181
0.864313	0.685793	0.693061
0.901421	0.644164	0.136158
0.969358	0.535734	1.18832
0.00459331	3.79609	0.276331
1.06515	0.442147	0.964114
0.190234	0.557076	2.77083
0.0402392	1.14755	3.25348
0.551459	0.0685847	3.35643
0.00311715	2.43588	3.27907
1.44708	0.16285	0.145009
0.0639283	0.399954	3.59902
0.264418	2.08389	0.0353276
0.944857	0.57793	0.53208
0.0595928	0.0348238	5.13512
0.00320727	1.48388	3.05248
0.640448	1.06259	0.197668
1.9431	0.0021252	0.000494446
1.61562	0.0811774	0.143791
0.149003	0.153323	4.51945
0.334363	0.303553	2.94029
0.162924	2.40641	0.703773
0.054379	0.468241	3.74988
0.455629	1.42069	0.234311
0.618219	0.0285433	3.42917
0.00193234	3.76997	0.639372
0.227315	0.440925	3.20016
0.178939	2.32249	0.218089
0.516694	0.564659	1.70941
1.68254	0.0492501	0.411319
0.508103	0.101464	3.17551
0.230118	0.0387827	4.64814
0.416059	0.75416	1.77855
0.553433	1.23569	0.334586
1.43045	0.162899	0.0703021
0.152555	1.57791	1.35035
0.0404212	1.12655	3.54634
1.88627	0.00676355	0.884357
0.36585	1.6696	0.774886
0.0136123	0.0582175	5.37071
1.26116	0.00864586	1.64063
0.585954	1.13928	0.507
0.477342	0.173913	2.52074
0.0177117	0.137941	4.78025
0.69876	0.937171	0.852778
0.00447563	3.86768	0.00332593
0.00204489	0.866493	3.93341
1.11976	0.37881	0.582989
0.725323	0.857093	1.08255
0.000970024	3.84878	0.225798
1.80497	0.0241485	0.425066
0.343943	0.30816	2.71003
0.0569173	0.367529	3.80663
0.101044	2.70137	0.284458
0.000358045	2.23482	5.89314
0.202444	1.30738	1.43614
1.97898	0.000393488	0.107613
1.35872	0.197124	0.283078
0.650239	1.02274	0.140472
0.730604	0.959822	0.113798
1.49698	0.12875	0.155245
0.280908	1.85754	1.07198
1.96737	0.00102657	0.000494368
0.965552	0.125441	2.22688
0.539017	1.24721	0.239043
0.00287079	3.71677	0.639372
1.08605	0.435864	1.13533
0.243128	1.16832	1.79204
0.15549	0.155002	4.51116
0.392047	0.2668	2.39927
0.10939	2.67314	0.484216
0.282103	1.88313	0.954222
1.13731	0.385225	0.175587
0.143578	1.4786	1.85542
0.0377229	2.10192	1.51571
0.00464938	2.51658	2.87304
0.58008	0.0722857	2.60866
0.38339	0.234644	2.65865
0.0446659	0.377773	4.04459
0.193839	2.27472	0.137055
0.0123152	2.379	1.40609
1.15076	0.331195	1.03857
0.184827	0.551043	3.0011
0.325071	0.94987	2.06651
0.000204221	3.92399	0.283897
1.73052	0.000214949	5.73951
0.000243328	4.00019	0.000243477
1.99988	0.000228808	0.000228755
0.000284354	0.000284447	5.99792
1.22752	0.000989715	3.95037
1.27071	0.284474	0.00647241
1.79587	0.000773078	4.48803
0.0257953	3.33158	0.491323
0.0887945	2.81205	0.437538
1.5691	0.104128	0.0176927
0.038406	2.06162	2.14301
1.77732	0.000269509	4.92024
1.1674	0.349533	0.585459
0.000433738	3.56142	4.8294
0.199827	2.1596	0.916393
0.748438	0.83042	0.989891
1.74637	0.000214949	5.51938
0.000678369	3.76914	1.94904
0.00159231	2.50109	3.36721
0.635874	1.05482	0.494182
0.784023	0.338641	1.24557
0.892219	0.180533	1.904
0.192324	2.23791	0.787311
1.30172	0.00447439	1.44977
1.1339	0.407696	0.259898
0.659339	1.01214	0.208922
1.44439	0.141154	0.311412
0.0283271	3.2674	1.0075
0.0742206	2.90811	0.787747
1.93736	0.00345798	0.0386593
0.0199136	3.41558	0.519611
0.934001	0.119183	2.26331
0.683695	0.395888	1.63904
0.99391	0.0879065	2.26435
0.100335	2.70612	0.870819
0.231295	0.465735	3.26841
1.8406	0.0188481	0.0951132
0.599356	1.08041	1.06002
1.36059	0.206409	0.762029
0.0138116	1.48414	2.44912
1.70268	0.0377873	1.15713
0.119279	0.157026	4.59799
0.054677	3.03158	0.306947
0.0591699	2.95442	0.413617
0.162881	1.53108	1.65705
1.05906	0.0593107	1.89601
1.67221	0.053945	0.160313
0.53286	1.25094	0.424771
0.0414886	3.20406	0.0660216
1.87861	0.0160113	0.551416
0.334657	1.72017	1.21397
0.739011	0.00712948	3.00235
1.18857	0.00127036	4.76961
1.0281	0.07918	1.79103
0.0092016	3.6591	0.445258
1.6357	0.0520117	0.801369
0.214647	0.510004	2.84584
1.82362	0.00128123	3.74678
0.486183	0.650502	1.35858
0.0455296	3.11551	0.330287
0.181267	1.2931	2.34199
0.959356	0.132972	1.88636
1.47414	0.138758	0.465956
0.392758	0.789166	2.00874
0.128714	0.169747	4.04948
1.53862	0.099459	0.529447
0.7004	0.953372	0.129599
0.0153379	1.20498	3.8598
0.702771	0.022103	2.94067
1.37906	0.197543	0.104285
0.214092	2.2803	0.0842943
0.206764	0.635229	2.63347
0.00301962	3.81902	0.00809235
0.017755	0.0328903	5.64963
0.22673	0.618415	2.66063
1.11401	0.0482563	1.77113
1.88914	0.00659703	0.400689
1.61469	0.0619129	0.346638
0.113823	2.667	0.475237
0.250241	0.0302787	4.1652
0.0432449	0.0228083	5.28915
0.0129146	2.43405	1.8041
0.178341	0.573912	2.88939
0.0752506	0.0129876	4.93975
0.0673448	1.80533	2.38406
0.105673	0.194605	4.2787
0.108984	1.77111	1.56648
0.300529	0.00790491	4.7099
1.41092	0.162117	0.585269
0.150457	2.47655	0.185519
0.0458219	3.1153	0.973835
0.0665691	0.0124276	5.15382
0.000375836	0.00247934	5.88513
0.068365	0.990321	3.42074
0.405146	0.808749	1.61932
0.82264	0.743194	0.341442
0.0429941	1.9962	2.06538
0.18893	2.32304	0.199296
0.168286	2.35463	0.95395
0.00519288	1.56736	2.40236
0.0595138	3.05325	0.202322
0.47456	1.40334	0.295105
0.1752	1.32888	2.18985
0.352514	0.401388	2.53358
0.0822623	0.908143	2.68312
1.72008	0.0245102	1.16106
0.035728	0.0567154	5.18238
0.10634	1.66973	1.73831
0.311599	0.00774364	4.50685
1.07777	0.0912418	1.26744
0.31764	0.012723	4.09283
1.81462	0.000228666	3.97038
0.801464	0.770802	0.58276
0.978898	0.54282	0.952518
0.18931	1.3849	1.51304
0.0190536	0.126856	5.04915
0.267947	1.2278	1.3904
0.0196567	0.0671925	5.04654
1.08713	0.456067	0.611886
1.0136	0.498708	1.10942
0.213848	2.12543	0.951353
0.688598	0.919979	1.09928
1.50275	0.122322	0.184876
1.65644	0.0531582	0.527765
0.499853	1.31089	0.433789
0.0104318	2.58282	1.30536
0.228861	0.111843	3.68084
0.214944	0.497188	3.47981
1.02123	0.487161	0.377541
0.427766	0.708945	2.10472
0.0968006	1.83969	1.56648
0.873435	0.174109	2.21981
0.153875	2.39948	1.09847
0.0519176	0.00884178	5.44785
0.125093	2.52906	0.815512
0.000390481	3.96	0.099174
0.0785827	1.09386	2.5932
0.017101	3.46573	0.941814
0.000284354	0.000284447	5.99792
1.08873	0.438954	0.306977
0.0302815	1.45543	2.7271
0.259061	1.17623	1.70215
0.310365	1.93005	0.0231321
1.40289	0.175677	0.69403
0.546793	0.0704805	3.53267
0.880849	0.150922	2.15027
0.411887	0.825106	1.20073
0.649528	0.990519	0.656715
0.456317	1.46505	0.127224
1.31672	0.251821	0.144717
0.307559	0.322084	3.16233
0.365763	1.75	0.0615727
0.00225095	3.86563	0.00821397
0.274267	0.407247	3.09256
0.711969	0.0130023	3.24477
0.221711	0.0855965	3.78305
0.463078	0.653558	1.85693
0.142338	2.42046	1.12585
0.856978	0.693623	0.576862
0.55163	1.27207	0.00978906
0.381524	1.66665	0.110141
0.132634	2.62223	0.0164329
1.78969	0.000840204	4.64487
0.210658	0.58148	2.79852
0.24627	0.4215	3.20484
0.0788998	2.93177	0.551012
0.103162	0.302023	3.60077
0.574378	1.13323	1.06115
0.429623	1.54349	0.680877
0.022865	0.03211	5.69315
0.587364	1.16033	0.131536
0.0556258	0.0124831	5.40371
0.405316	0.761494	2.06127
0.0488581	2.12903	1.48038
0.0035091	0.0839979	5.79809
0.848781	0.289576	1.25258
0.370979	1.62519	0.565687
0.236261	1.19105	1.74107
0.287955	1.96387	0.0626123
0.296717	0.327654	3.51296
1.33585	0.218527	0.692972
0.0242439	3.44337	0.0573234
0.350196	0.00743202	3.82256
0.719515	0.866043	1.10216
0.320587	1.86124	0.034052
0.939176	0.584802	0.674003
0.97383	0.552446	0.741577
0.0339437	1.2968	3.07264
0.324078	1.76439	0.719531
