0.000208333	4.0001	0.000208336
1.99914	0.000236347	0.000235755
0.000208321	3.99666	0.00393542
0.000208616	0.000208763	5.99808
0.571052	1.20198	0.000207219
0.00685999	0.0819454	5.46946
0.00134202	0.00312321	5.84309
0.011845	0.0891363	5.25131
1.03097	0.0702721	2.31637
0.0101008	0.104655	5.12965
0.175727	2.31995	1.10508
0.0919877	0.872281	3.21636
0.0233196	3.34742	0.413969
0.10233	0.191807	4.59473
0.0148982	3.40343	1.20753
1.63815	0.0660807	0.142146
0.675608	0.0281758	2.9883
0.00591047	0.0708672	5.70588
0.147188	0.105868	4.49053
1.88599	0.00462628	1.40888
0.0776008	0.240073	4.6683
0.0109198	3.6857	0.146243
0.0495446	3.07744	0.550184
1.84322	0.0212748	0.520839
0.00441845	0.518769	4.96556
0.0111847	0.548589	4.20806
0.18601	2.26725	0.648502
0.0433262	3.23979	0.308964
0.144741	0.765796	2.87055
1.60955	0.0618772	0.590767
0.00893771	2.51592	1.67443
0.00623389	1.45774	3.71567
0.0221131	0.581971	4.01094
1.96885	0.00220133	0.213671
0.314281	1.83214	0.36569
1.18244	0.0163982	2.25128
0.00286581	1.54869	2.70077
1.37215	0.22611	0.01888
0.169745	2.38299	0.0702784
0.0400014	3.15642	0.404143
0.914771	0.6057	0.480528
0.0747812	2.86497	0.466346
0.327072	0.0090185	3.94859
0.0474674	1.92342	2.16201
0.0299044	0.397009	4.33261
0.0637519	1.0298	2.51852
1.34034	0.222107	0.190694
0.845412	0.670853	1.16259
0.160797	2.4207	0.456762
0.755117	0.00161212	3.07627
0.0424763	3.27727	0.383989
0.0232603	0.437328	4.27234
0.00545254	2.68258	1.43984
0.0161229	3.47279	0.372996
0.0623911	2.9477	0.647592
0.469814	1.36664	0.827962
0.063279	2.91401	1.13832
0.121091	2.58533	0.246596
0.38025	1.6748	0.187782
0.00198209	3.76113	2.08372
0.708467	0.00154807	3.98372
0.000725234	3.85449	0.888645
0.806885	0.236568	1.71924
1.30406	0.0202716	1.65868
0.43067	1.52381	0.136628
0.0184434	1.26789	2.59651
1.05432	0.116822	1.28211
0.887495	0.639716	0.466451
1.0022	0.101252	1.79123
0.370877	1.65306	0.809268
0.0534486	3.12405	0.249866
0.558578	0.0589801	3.30568
0.407464	1.48655	1.09513
0.486655	1.33228	0.80716
0.0691993	0.0100799	5.2182
1.44868	0.16646	0.139986
0.201444	1.30591	1.71441
0.00827074	3.63492	0.245148
1.19819	0.0287896	1.75016
0.213645	0.0429745	4.75711
0.604611	0.468729	1.33212
0.0302727	1.12507	3.57531
0.412571	0.756198	1.51291
1.89769	0.00617969	1.14674
1.67128	0.0504757	0.174474
0.104728	2.75465	0.0936998
0.063287	3.00897	0.0690681
0.0270003	0.452563	4.10761
0.589048	1.12076	0.643872
0.506525	0.568693	2.17571
0.39696	0.765727	2.00926
1.46088	0.166411	0.0246221
0.757034	0.849255	0.207982
0.0216248	3.43848	0.266635
1.55102	0.0771594	0.841186
0.831705	0.778381	0.331081
1.57525	0.0922261	0.176681
1.34535	0.19347	0.981507
0.0571254	0.0117835	5.659
0.524208	0.0924523	3.13862
0.721512	0.00304067	3.36353
0.619048	1.0574	0.624031
0.0532928	3.03591	0.32316
0.389987	1.57726	0.957996
0.0435989	0.123562	4.86003
0.861469	0.688133	0.472302
0.548076	0.495489	2.08079
0.534813	1.27716	0.173509
0.517774	0.129302	2.7716
0.0238377	0.0243834	5.59854
0.19377	2.22167	1.12022
0.339114	0.917459	1.61026
0.449618	1.41247	0.760936
1.51792	0.112129	0.77491
0.66903	0.0357263	2.64142
0.0311929	2.12184	1.58134
0.452861	1.42609	0.396423
1.76195	0.0322318	0.183931
0.357328	1.71452	0.0110288
0.344136	0.889865	1.82733
0.025346	0.446778	4.1142
1.42012	0.158025	0.872496
0.000693351	1.63716	2.39088
0.542763	1.20932	0.696362
0.138586	0.745911	3.15323
0.105875	2.72039	0.0786517
1.70303	0.0539719	0.0288597
0.0166034	1.21134	3.51031
1.14059	0.341407	1.06847
1.5915	0.0825669	0.379109
0.22956	2.15575	0.228412
0.00666493	0.629741	4.41829
0.15026	2.47331	0.280174
0.281757	0.0151244	4.84686
1.81797	0.0439619	0.0344155
0.12585	2.64078	0.00696862
1.50066	0.131334	0.160004
1.1249	0.054655	1.46726
0.871268	0.185286	1.63767
0.692258	0.959589	0.474891
1.80272	0.0204934	1.07243
0.184093	1.38714	1.34959
0.0266757	3.53385	0.0575336
0.964545	0.553648	0.299797
0.492009	0.144705	3.15443
1.77672	0.0310184	0.520324
0.92137	0.123734	2.36449
0.825624	0.251088	1.31267
1.22033	0.0151623	1.90226
0.27701	0.018583	4.76099
0.164726	0.181832	3.65021
0.618517	1.09167	0.0594471
0.0975391	2.78977	0.192795
1.39248	0.196026	0.290701
0.648468	1.03599	0.425115
0.0158809	2.43863	1.25668
1.16453	0.348118	0.994132
1.08494	0.0588276	1.78736
0.730285	0.869809	0.942765
0.298692	1.87888	0.279498
0.0699023	2.02536	1.28377
0.08225	1.79636	1.3727
0.224099	0.502989	2.56849
0.984293	0.0971366	1.82658
1.23042	0.30801	0.284501
0.688949	0.348225	1.95009
0.328649	0.923269	1.75006
0.276073	1.95412	0.279496
0.561536	1.23731	0.00532427
1.97589	0.000566841	0.125371
0.288874	0.347815	3.42544
0.0603516	0.00924352	5.54236
0.577843	1.15727	0.325209
0.0799126	2.80447	0.670972
0.29197	0.470832	2.67185
0.39556	0.815138	1.67833
1.28527	0.00740633	2.21696
0.940324	0.614777	0.0771545
1.24036	0.0410556	1.57265
0.405879	0.798698	1.69312
0.0860464	0.387155	3.65731
1.99907	0.000269746	0.000269042
0.000313767	3.96689	0.000244309
0.626948	0.040837	3.77738
0.066769	0.319066	3.92287
1.9747	0.00141242	0.00514645
0.33216	1.7857	0.199108
1.01345	0.509603	0.135161
0.0480306	3.23202	0.0116004
0.0462922	0.00676773	5.67766
0.256904	1.07793	2.11399
0.0794658	0.0121956	4.84786
0.117169	0.194874	4.14437
0.23264	0.46242	3.18203
0.0365405	0.0552878	4.94235
0.563393	0.53219	2.03886
0.109467	0.18066	4.59239
0.0284194	3.31138	0.611784
0.0468323	1.12692	3.39385
0.792694	0.780787	1.11181
0.302784	0.978885	1.74931
0.0554643	1.96898	1.86879
0.643857	0.00373542	5.54016
0.913912	0.578206	1.05717
0.981833	0.546706	0.137023
0.261198	0.0258579	3.9865
0.0916606	2.78343	0.768727
0.729178	0.879969	0.239955
0.615461	1.02046	1.16525
0.01602	3.44205	0.827763
0.0448216	3.18003	0.136757
0.696679	0.938433	0.584938
0.0646759	2.03482	1.35825
0.00109925	3.89862	0.00718764
0.0610238	0.0037804	5.44302
0.141337	1.50372	1.49985
1.37475	0.196685	0.493856
0.292695	0.00834978	4.72805
1.92023	0.00303553	1.03344
1.12788	0.379832	0.934321
0.0471322	3.11743	0.810883
0.935498	0.137226	1.67519
1.8814	0.0041385	1.41307
0.104601	0.261527	3.67847
0.426514	0.739048	2.33569
0.134268	1.70863	1.22382
0.0135455	3.5284	0.985859
0.0258019	2.20512	1.38249
0.522985	0.110086	2.47518
1.82838	0.0124215	0.443544
0.444904	1.4816	0.242824
0.670129	0.0299857	3.23165
1.72227	0.0367013	0.181041
0.65444	0.399251	1.55733
0.210202	0.591906	2.87471
0.0754487	0.332745	3.58965
0.213662	0.522038	3.08458
0.220601	0.484627	3.44421
0.644649	0.014365	4.16505
1.4834	0.118138	0.499946
0.0650038	0.372905	3.66044
1.05514	0.0618104	1.93289
0.840413	0.183452	2.32164
0.0181138	3.35585	0.848525
1.8686	0.00974581	0.686454
0.87981	0.672886	0.433813
0.0102777	2.64287	1.20102
1.33794	0.214444	0.375291
0.663601	0.00242559	5.17206
0.00780659	3.66644	0.141772
0.346707	1.83914	0.0323404
0.0564389	3.07773	0.162297
0.415406	1.57218	0.0747573
0.544031	1.26078	0.00100855
0.0319933	0.0331115	5.25465
0.243215	0.0108871	5.30204
1.16143	0.0251424	2.01243
0.250108	1.16058	2.2229
0.386964	0.808138	2.00341
0.014457	0.0936872	5.59684
1.53856	0.0843763	0.926618
1.04269	0.46459	0.687342
0.150129	0.687167	3.52855
0.0139291	3.52743	0.293876
0.0198571	1.31929	3.31555
1.4082	0.190701	0.445848
1.23672	0.300371	0.0698632
0.0033851	3.72264	1.20626
0.421206	0.752706	1.82079
0.94775	0.155768	1.31216
1.64994	0.0491324	0.522857
0.482726	0.641372	2.14859
0.192779	0.624046	2.70502
0.0786449	2.84307	1.17163
0.168178	2.37808	1.01196
0.00195718	3.83595	0.00026884
0.269174	1.17673	1.6367
0.00242196	0.00174761	5.87621
0.277503	2.00516	0.718707
0.156208	2.47286	0.120374
1.07818	0.0551878	1.86849
0.494813	1.36574	0.148993
1.57124	0.0955977	0.357559
0.966739	0.531653	1.02856
0.289374	0.418212	2.45057
0.738584	0.0414785	2.53517
0.142446	2.52333	0.0887302
0.402618	1.68714	0.0454152
0.0398888	2.13785	1.5721
0.305405	1.81197	0.707844
0.669628	0.00248883	5.04667
0.0415034	1.15082	2.84425
1.11416	0.390532	0.528631
1.66679	0.0781922	0.0260246
0.123031	2.71218	0.0954325
0.503778	0.118702	3.13155
0.217455	0.494627	3.0099
0.861456	0.65802	1.06255
0.475774	0.15725	2.65512
0.665462	0.00289164	5.1376
1.09918	0.386253	1.10956
1.45587	0.149307	0.290996
0.466713	0.717302	1.24285
0.0856829	3.01347	0.0402628
0.584705	1.18464	0.0128911
0.0302717	1.2225	2.58593
0.629366	1.00893	0.948762
1.20447	0.041695	1.32529
1.69741	0.0362878	1.17472
1.75979	0.0418345	0.0432959
1.59923	0.0713081	0.497082
0.130109	2.5666	0.584468
1.30958	0.22751	0.814409
1.21464	0.280757	1.10916
1.75383	0.017841	0.948512
0.0711875	2.91371	0.100375
1.91833	0.00362723	0.000269057
0.825678	0.827895	0.0378621
0.0683021	2.96884	0.337955
0.0195885	1.41429	2.56797
1.32247	0.23926	0.419026
0.710178	0.0391748	2.75779
1.38525	0.165917	0.687226
0.401668	0.244478	2.80159
0.24839	1.20461	1.60868
0.84474	0.702869	1.10431
0.189681	2.24373	0.970928
0.771193	0.00512885	2.94352
0.486955	0.16655	2.61275
0.00473707	3.77767	0.760957
0.502121	1.32621	0.277156
0.135515	2.60529	0.209424
0.237468	2.09409	0.728594
1.52309	0.123209	0.32608
0.202117	2.2907	0.273003
0.238624	0.0257627	4.64738
0.280565	1.92995	0.186785
1.62556	0.0591461	0.443399
1.2353	0.266506	0.913104
0.0852565	0.257695	4.26926
0.434965	1.45635	0.469895
0.058681	3.00347	0.556009
0.0795072	0.252403	4.4153
0.4097	1.60691	0.565855
0.510207	0.104763	2.94721
0.065254	2.94297	0.632168
0.29222	0.02214	4.3441
1.49739	0.147909	0.176111
1.57406	0.0924413	0.334807
0.876281	0.672677	1.04095
0.581366	0.052034	3.48243
0.27375	0.394846	3.00705
0.412743	1.52876	0.651118
0.215156	0.607762	2.42693
0.123874	2.77373	0.0348525
0.320372	0.953764	2.39886
0.708358	0.294606	2.14338
0.393761	0.848244	1.28528
1.18857	0.0219376	1.93304
1.44796	0.127882	1.05981
0.807029	0.282057	1.41185
1.99943	0.000368494	0.000376611
0.000208616	0.000208763	5.99808
0.00118304	3.87619	0.000221421
0.550216	0.000987475	5.82375
0.0401859	0.0134164	5.60133
0.126508	0.173345	4.48735
0.194136	0.0847917	4.78277
0.00502742	3.54084	1.5305
0.812504	0.225836	2.15148
0.253296	0.389871	3.49387
0.0361491	2.1176	1.41769
0.00192129	3.67756	2.2994
0.0122314	0.163038	4.96897
1.12357	0.0282457	2.43162
0.421512	0.187303	3.02328
0.293087	1.96551	0.163531
0.404586	0.195281	3.44592
0.35597	0.00285548	3.74866
0.0298835	1.20168	3.13722
0.281874	1.9049	0.448345
0.227531	2.04589	1.00599
0.0617296	3.11772	0.0909389
0.00593919	0.126655	5.24719
0.041942	2.2105	1.25811
1.29486	0.00730824	1.3291
0.0545692	0.349013	4.13838
1.71516	0.0383162	0.273781
0.00223416	2.4677	3.17658
0.0114275	0.0715958	5.48981
0.645449	1.02026	0.940567
0.773747	0.288949	1.4674
1.9001	0.00540715	0.00103734
0.023865	1.17858	3.30057
1.25431	0.00361269	3.22146
0.0170039	0.0856315	5.17546
0.186207	0.0870433	4.35763
0.0306086	0.0519447	5.07739
0.745312	0.881843	0.234869
0.0252009	0.0498189	5.33333
0.520243	1.25662	0.51815
0.613973	1.09329	0.876049
1.50125	0.117703	0.689535
0.493894	1.30857	1.14735
0.0527237	1.12835	2.81584
0.386323	0.243541	2.71099
0.0777611	2.85184	0.562176
1.04448	0.0673347	1.72562
0.163477	1.42288	1.78394
1.09008	0.053527	2.1777
1.75784	0.0186037	1.08347
0.0118932	3.60467	0.881661
0.478886	0.12365	3.36017
0.848628	0.740266	0.0497237
0.211723	0.525973	2.66412
0.0155153	3.46459	0.600618
0.0628316	1.86814	2.2311
0.0446182	3.15056	0.24777
0.0639417	0.449773	3.60788
0.590911	0.467836	1.45207
0.799502	0.233211	1.75604
0.154475	2.40854	0.844495
0.000780942	0.00126142	5.87431
0.112302	0.282812	3.67264
0.198333	2.35946	0.0299637
1.15916	0.358134	0.290875
1.28107	0.0158835	1.58662
0.0819718	2.83964	0.424309
0.875235	0.665897	0.369802
0.249498	1.09952	2.09592
0.322774	1.75571	0.672023
0.34598	0.29255	2.76185
0.36934	0.834455	1.88067
0.0309874	3.26379	0.825441
0.0644475	2.91831	1.02758
0.0899492	2.72419	0.780497
1.22144	0.0162657	1.61087
0.00111235	3.58751	3.62944
1.64746	0.0779456	0.207725
1.33013	0.205822	0.57214
1.80178	0.0179857	0.195273
1.02118	0.0869303	1.82837
0.0541195	3.04248	0.401349
0.00166121	3.72544	2.33786
0.927238	0.563135	1.28313
0.104269	0.263671	3.93011
0.530964	1.28978	0.0020148
0.58407	1.17062	0.162494
0.424219	0.690912	2.20833
0.897972	0.628483	0.366544
0.00314581	2.5189	2.55907
0.507546	0.10255	3.4054
0.893038	0.656559	0.682003
0.0205393	1.36262	2.39622
0.267795	1.06761	2.34552
0.0314453	3.19859	1.19749
0.914973	0.122398	2.36828
1.43299	0.162792	0.0704649
0.00299568	3.80242	0.000547329
0.178136	2.29377	0.40059
0.0532622	1.94461	1.90136
1.18378	0.313258	1.10551
0.172573	0.148342	3.84163
1.66893	0.0609312	0.910934
1.05789	0.0779137	1.67676
0.715116	0.868549	1.17839
0.0336762	3.32574	0.248466
0.180783	0.599615	2.85375
0.979781	0.110167	1.86754
0.000668464	3.95014	0.143227
0.763919	0.0130041	2.52857
0.117177	1.67947	1.56392
0.146349	2.42785	0.74962
0.00253035	2.45002	3.88105
0.442873	0.716042	1.3964
1.58674	0.0908892	0.198397
0.0193212	2.32417	1.91879
0.000692408	0.000660473	5.97688
1.82481	0.018022	0.175194
0.312346	0.0108443	4.40686
1.25939	0.00787142	1.81983
0.724881	0.92205	0.029808
0.314519	1.78183	0.56893
0.22082	2.07875	1.11626
1.13744	0.377713	0.412657
0.0882659	2.7807	0.424049
1.36499	0.209744	0.198955
0.366301	1.63534	0.95389
0.657102	0.969042	0.929104
0.108075	0.767103	3.41543
0.271088	0.422652	2.57965
1.41346	0.146257	0.816186
0.0995767	1.71082	2.25135
1.45874	0.157683	0.269737
0.108445	0.80447	2.93039
0.48989	0.611133	1.70524
0.0997725	2.64243	1.00554
0.0620291	0.0158144	5.00504
1.36583	0.181047	0.470568
0.110353	1.608	1.7885
0.478965	0.120873	3.23843
0.139682	2.54156	0.0023473
0.705508	0.356445	2.0206
1.53474	0.12087	0.180499
0.359185	1.65845	0.919617
0.855025	0.677941	0.722572
0.0258679	1.34244	2.94491
0.604207	0.434816	1.82944
0.315979	1.8287	0.456501
0.0496575	3.00281	1.18233
0.0758849	1.82355	2.26738
1.00073	0.540586	0.178938
0.00712377	1.55127	2.4719
0.376416	1.714	0.0959367
0.075256	2.92017	0.99793
1.58256	0.0955136	0.161256
0.0305579	3.24046	1.12512
1.47226	0.152872	0.177491
0.189411	0.0863524	4.44146
1.9716	0.0019932	0.166732
1.55986	0.0873585	0.686149
0.232506	2.06406	0.912225
1.5514	0.0959874	0.841419
0.17058	1.38162	2.07969
1.8741	0.00923629	0.214023
1.39099	0.158234	0.915016
0.00281235	2.59681	1.53665
1.0775	0.458211	0.524906
0.0867096	2.6979	1.19351
0.0411875	3.352	0.0962022
0.0149241	3.4434	0.731544
0.460998	0.672205	2.06738
1.78359	0.0176337	1.10139
0.141118	0.712422	2.72297
0.000668464	3.95014	0.143227
0.439064	1.49787	0.337442
0.382973	1.59131	0.984241
0.123322	0.813109	2.88854
0.456546	1.46636	0.352983
0.436901	1.51766	0.341489
0.452994	1.40081	0.951503
0.166543	1.46832	1.27074
0.244676	1.21132	1.56082
1.84	0.0172917	0.379323
0.668836	0.993269	0.487978
0.107751	2.58625	1.07298
1.20045	0.0222953	1.62106
0.0622022	0.0103154	5.43731
0.000113779	3.97929	0.0311295
1.82365	0.000137922	3.69924
1.99648	0.000539374	0.000567443
0.512334	1.32774	0.000373853
0.658472	0.020654	3.31952
0.024179	3.35471	0.0950288
0.616941	0.41117	1.88062
0.000674167	3.76267	1.80532
0.135643	2.71117	0.0431065
0.0868609	0.219663	4.30993
0.0284297	2.29873	1.43689
0.108249	1.67516	1.37629
0.0505697	3.05064	0.699771
0.0204066	2.37763	1.88432
1.26817	0.282621	0.26554
0.00636223	0.0609135	5.80488
1.33335	0.244475	0.121259
1.30554	0.0232892	1.33941
0.823965	0.00902613	2.95794
0.065194	2.9725	0.367333
0.0990333	1.62945	2.0055
0.0763536	0.250804	4.72173
0.185794	2.22863	0.796593
0.00146637	3.82786	0.452578
0.038943	2.26683	1.27328
0.312103	1.81602	0.398718
1.04062	0.0735031	2.14136
0.783076	0.268775	1.48238
0.00912101	2.66169	1.63968
0.000940438	3.89481	0.131833
1.80444	0.00113785	4.1183
0.162428	1.46408	2.11107
0.037311	1.15402	2.63408
0.542757	0.647126	1.5139
0.970234	0.541771	0.922476
1.36444	0.177682	0.875904
0.00864457	1.48449	2.57432
0.677158	0.918778	1.17752
1.5474	0.0966065	0.488924
0.041704	3.30152	0.0716806
0.458292	0.136526	3.09553
0.0450876	0.0543712	4.79971
1.22638	0.00211033	3.5434
0.0174971	3.57747	0.0866059
0.00519915	1.39483	3.4607
1.38	0.166728	0.95922
0.811444	0.794388	0.226355
0.35678	0.236797	3.49849
0.00864514	3.66154	0.49567
0.32318	1.8388	0.170249
0.0979208	1.75434	1.53982
1.57364	0.0867766	0.286923
0.00522312	2.77394	1.19873
0.0317396	0.0130826	5.5756
0.0075382	1.54079	2.39879
1.94974	0.00236462	0.0109866
0.0129801	0.111888	5.21968
1.63271	0.0614889	0.622086
0.0338042	0.0276655	5.2699
0.0784668	0.949644	2.78723
0.0563879	3.20093	0.0614298
1.09936	0.0630523	1.56479
0.0373132	3.09907	1.19051
0.48542	1.43129	0.0536206
0.597029	1.08865	0.587851
0.268697	1.94706	0.861847
0.697901	0.031758	2.82391
0.913909	0.625225	0.235429
1.21414	0.0122112	2.55335
0.0624421	2.93125	0.818959
0.0253468	0.0481051	5.39671
0.862593	0.691109	0.50596
0.0284111	0.0231721	5.64722
0.133174	0.180893	3.74341
0.0787116	2.80777	0.642208
0.436944	0.71372	1.64621
0.423813	0.188515	3.12438
0.751415	0.0122097	2.702
0.763458	0.293693	1.48542
0.94371	0.566741	0.450197
0.0801906	0.0251931	5.03938
0.370933	0.0205187	3.63573
0.296579	0.0192857	4.41235
0.851641	0.698411	0.692849
0.126057	0.164267	4.2699
0.235116	0.454374	3.23311
0.00868259	2.61115	1.72044
0.369779	0.860656	1.60017
0.069228	0.0136536	5.36354
1.61215	0.0735662	0.255775
0.0118215	3.65715	0.00430697
0.883693	0.613929	0.976834
0.135055	2.55127	0.092924
0.34688	0.868887	1.67351
0.196311	0.528069	3.17567
0.793965	0.784072	0.479746
1.17012	0.340891	0.337772
0.235473	2.04443	1.11726
0.399209	0.748751	2.23831
1.24025	0.013568	2.19597
0.0396083	3.13657	0.71562
0.126133	2.4953	1.0035
0.505465	1.32541	0.725541
0.0365488	1.12536	2.90094
0.0711947	0.286576	4.64913
1.90214	0.0022588	0.587185
1.40485	0.148215	1.05154
0.331934	0.977969	1.33771
0.19678	0.548535	3.0538
1.06162	0.480268	0.178148
0.349298	1.70521	0.488574
1.46499	0.114723	0.832721
0.306812	1.90847	0.038448
1.12585	0.0871489	1.22007
1.15069	0.358747	0.457955
0.515612	1.28217	0.283383
0.0700671	2.86084	0.64115
0.0184311	3.55918	0.199509
0.307785	1.88747	0.00465918
0.254266	2.08622	0.316535
0.926329	0.17619	1.30165
0.204132	2.19468	0.480724
1.12408	0.05227	1.40684
0.00932521	2.46142	1.9399
1.20501	0.308977	0.910121
0.279234	0.358406	3.58979
0.495295	1.33156	0.425087
0.331205	1.73316	1.02994
0.532989	1.2155	0.933256
0.283416	1.98091	0.691583
0.274118	0.0326394	4.43489
0.386073	0.830708	1.54207
0.259578	2.02858	0.563979
0.211803	2.12883	1.17742
0.083182	2.9057	0.219435
0.07453	0.287845	3.8163
0.0730158	2.87192	0.52848
0.31717	0.933651	2.28829
0.692591	0.99708	0.375718
1.85338	0.00116091	2.86695
0.0325919	0.391262	4.52806
1.47544	0.113889	1.16203
0.182048	0.0848159	4.60673
0.714313	1.0126	0.259305
0.0503494	0.005836	5.71226
0.0122126	2.432	1.94698
0.406015	1.57858	0.126076
0.00275558	0.171418	4.91522
1.44898	0.157351	0.213156
1.50967	0.113519	0.36189
0.591512	1.19571	0.165526
0.249007	2.00145	1.06526
1.82643	0.00244579	2.17995
1.18425	0.345742	0.101832
0.240142	0.449597	3.3897
1.4986	0.113191	1.14368
0.00414405	3.7699	0.00310036
0.575877	1.1066	0.997437
0.0161972	0.0767878	5.50013
1.02183	0.51137	0.322042
0.604482	0.436778	2.04475
0.202107	1.27396	1.98594
0.0404359	0.0194387	5.49734
0.176249	2.41912	0.340048
0.0729098	0.895251	3.11322
1.13731	0.378481	0.649787
1.70369	0.0300701	0.742424
1.01986	0.499719	0.34079
0.495563	0.594121	1.70308
0.0177558	0.152703	5.12415
1.43573	0.130174	1.20036
0.131777	2.52979	0.669832
1.88307	0.0122931	0.0412789
0.297056	0.0241318	3.91469
1.79051	0.00327662	2.99415
1.92547	0.00191496	0.77053
1.67797	0.0421436	0.679178
0.598507	1.19238	0.382029
0.00425553	0.14837	5.13134
0.0301257	2.15853	2.04644
0.550382	1.25628	0.3726
0.718761	0.288704	2.35858
1.77248	0.00773587	2.07404
1.41111	0.149823	0.896348
1.49024	0.120805	0.472163
0.0828759	0.849371	3.1978
0.999658	0.0823608	2.40523
0.130613	2.61921	0.261155
0.0596417	0.345595	4.05543
2.00012	0.000203389	0.00020356
2.00012	0.000202546	0.000208118
0.000216727	3.99821	0.000216532
0.000215883	3.9982	0.000221223
0.000225428	0.000225415	5.99978
1.92653	0.00291473	0.000200578
0.0155604	3.41756	1.08962
0.00455373	3.73159	0.128186
1.4017	0.156473	1.06553
0.105425	0.221496	3.84034
0.695163	0.00778875	3.5225
1.20185	0.294577	1.10103
0.0727008	2.90277	0.432146
1.59442	0.0856474	0.215122
0.0126072	1.28141	3.946
0.284257	0.380227	2.8455
0.484168	0.58596	2.23705
0.00977695	3.58609	0.0771292
0.00839278	1.42401	3.0619
1.56193	0.109921	0.00920063
0.0953474	2.80597	0.361754
0.89739	0.633953	0.77226
0.921411	0.634682	0.229819
0.0414928	3.1977	0.093063
1.06534	0.431855	0.736162
1.74502	0.0230431	0.711267
0.110365	2.7261	0.206322
1.51028	0.106426	0.883252
0.0211897	0.0576502	5.20704
0.831131	0.737985	0.16571
0.0308859	0.45188	4.505
0.00736455	0.104559	5.61271
0.689364	0.0193318	2.77239
1.43782	0.148765	0.72339
0.243797	0.447488	3.01367
0.0176271	1.21307	3.31829
0.0441834	0.0118874	5.3188
0.0140234	2.4045	2.17455
0.0779561	0.269815	4.14442
1.3604	0.182273	0.66849
0.0617817	3.02812	0.00326443
0.201782	0.559888	2.92371
0.267997	0.0420643	3.65478
0.0473824	3.09032	0.35154
1.78188	0.0230677	0.5272
0.943098	0.125037	1.99709
0.0124497	3.48575	1.0499
0.0246613	3.32922	0.620866
0.101692	0.201235	4.05067
0.810854	0.758285	0.997124
0.328323	1.85437	0.0136557
0.460959	0.143813	3.178
1.87631	0.00903246	0.00122919
0.130123	2.59155	0.356088
1.46938	0.150656	0.387709
0.236949	0.404286	3.45346
0.0037861	1.50073	2.58473
0.0195441	2.30639	2.34677
0.303493	1.03936	1.82741
0.138601	2.4487	1.09788
0.100289	0.166168	4.7286
1.12686	0.355341	1.02097
0.00128404	3.90589	0.000725395
0.752379	0.852201	0.37132
1.90376	0.00354258	0.127579
0.00621181	2.37764	2.32254
0.405122	1.54222	0.834924
1.26052	0.0331827	1.59596
1.14731	0.343715	1.11128
0.0416649	0.0857217	4.95603
0.146039	0.688726	3.24822
0.244881	0.030166	4.43265
0.863902	0.183139	1.91966
0.00278983	0.0867563	5.81582
1.09928	0.0599269	2.07748
0.00301608	1.34456	4.25306
0.0208189	0.475336	4.61957
0.723517	0.950277	0.0297905
0.0013497	0.000223806	5.88403
0.60025	0.479271	1.43348
0.112771	1.74541	1.38374
1.29766	0.00229893	1.57563
0.790779	0.780003	0.888325
0.0348393	0.0111234	5.70165
1.2332	0.0178156	1.59738
0.0293387	0.456843	4.17353
0.500323	1.37245	0.0147206
1.4791	0.141459	0.169003
1.61928	0.0684652	0.50446
0.0697273	1.95392	1.50164
0.0336167	3.24892	1.04861
0.176611	2.27917	0.638366
0.0887574	1.88404	1.34766
0.19559	0.523698	3.59505
0.71235	0.913391	0.698349
0.369267	1.60218	1.17697
0.0979456	2.64234	1.04773
0.0684086	2.95508	0.280385
0.0577369	2.05055	1.37853
1.81448	0.0195966	0.108173
0.0286431	3.28202	0.965098
0.00553933	2.65977	1.2193
0.221862	0.0972394	3.79019
1.41888	0.165613	0.366506
1.2358	0.264929	1.12281
0.213583	1.25019	1.72027
1.99272	0.000451016	0.000426961
0.333446	1.75282	0.245742
0.0116062	3.67925	0.0120423
0.141857	2.54148	0.0635677
0.182605	0.138118	3.72909
1.11654	0.0692085	1.47488
0.454628	1.45297	0.0646967
0.0822774	0.964477	2.42566
0.344672	0.256599	3.40608
0.225926	0.50549	2.63023
0.503188	0.610475	1.55409
0.124048	0.231017	3.62531
1.79296	0.0166605	0.546164
0.6331	1.06028	0.508514
0.550206	0.0890628	2.68961
0.172831	0.662779	2.90047
0.641304	0.00733335	5.42315
0.397247	1.6853	0.0348814
0.132275	1.47713	2.25853
0.254558	1.14639	1.5823
0.0639789	2.98786	0.385984
0.38848	1.61819	0.307085
0.139763	1.66383	1.25928
0.0845017	1.79225	2.05597
0.225823	1.17234	1.98278
1.25284	0.26588	0.485976
0.43577	0.719221	1.86194
0.877355	0.669009	0.246386
0.0667827	2.9202	0.754368
0.0075897	3.62747	0.661941
0.667005	0.055402	2.47565
0.272862	0.038534	3.74198
0.988474	0.151961	1.3031
0.822023	0.24952	1.27837
1.72559	0.0337149	0.85753
1.69949	0.0519764	0.450334
1.66893	0.0371851	1.06921
0.0426146	0.0115438	5.37622
0.801375	0.208275	2.03643
0.0369927	3.14532	0.694835
1.64919	0.0651917	0.0170064
0.56084	0.519205	1.78653
0.0780023	1.08189	2.51836
0.43989	0.799441	1.32896
0.0342726	0.410173	4.87812
0.188562	0.546811	3.35728
1.31864	0.00656088	1.22962
0.3112	0.976281	1.5056
1.05021	0.431307	1.19461
1.0024	0.498431	0.768035
0.671589	0.35921	1.95036
1.95755	0.00118468	0.000277804
1.17625	0.322828	0.592361
0.0477709	2.02571	1.76491
0.577953	1.118	0.845985
0.0664379	0.306597	4.38276
0.351387	0.262149	3.08703
1.72915	0.0359763	0.425144
0.505405	0.590142	1.66355
0.223129	1.2343	1.63261
1.15462	0.368997	0.594937
0.484628	1.3215	0.966227
0.973788	0.536727	0.609661
0.573934	1.15117	0.500482
1.10319	0.415895	0.188006
1.18675	0.321301	0.693167
0.352817	0.834587	2.1
0.00514988	1.27006	4.74934
0.654121	1.00298	0.655568
0.545078	0.0917887	3.27725
0.385138	1.59056	0.598379
0.167465	2.32475	0.550628
0.151976	0.604731	3.35561
1.03755	0.453797	0.527398
0.19937	0.0706129	4.29697
0.37246	1.64441	0.884522
0.0453139	3.13227	0.196527
0.958611	0.114357	2.17384
0.407151	0.883691	1.34317
0.763417	0.894857	0.151094
0.000223418	0.000223418	6.00015
0.679885	0.000168959	4.82977
0.472517	1.41903	0.000333247
0.000223418	0.000223418	6.00015
0.954073	0.542237	0.767502
0.207658	0.0927949	3.70325
0.0286523	3.29292	0.664325
0.256727	0.0421714	3.89567
0.00162594	3.57713	3.41681
0.845462	0.704233	0.305139
0.820686	0.759043	0.123168
0.0609452	2.99483	0.611875
0.123678	2.56715	0.395037
0.00173421	3.52984	4.21036
0.073785	0.0191976	5.16114
0.0374608	2.14364	1.5285
0.395553	1.59972	0.284466
0.239781	1.15437	1.93817
1.27112	0.00698701	2.26166
1.43644	0.160274	0.161475
1.04152	0.0777348	1.34665
0.00482564	3.72971	1.66047
0.749526	0.84928	0.720531
0.21593	0.509156	2.60959
0.0200194	0.0527072	5.46237
0.225317	0.414714	3.53242
0.156312	0.606964	3.65615
0.728755	0.905328	0.357072
0.549326	1.1872	0.477561
0.00227918	1.56789	2.51473
0.797037	0.798105	0.314928
0.765823	0.271835	1.55749
0.01188	2.40518	1.31386
0.0322943	0.0601789	4.9019
0.0677505	0.00766118	5.26328
0.0444	3.19049	0.00430956
0.0153966	3.48282	0.929901
0.986511	0.103841	1.62503
1.69208	0.0390758	1.04598
0.00230529	3.62208	1.88336
1.2293	0.0241173	1.49681
0.923595	0.175289	1.2292
0.0235842	3.4233	0.366423
0.107963	0.178283	4.73858
0.279061	1.97297	0.106513
0.415877	0.770234	1.45529
0.0019607	1.87956	4.22837
0.297827	1.81885	0.90172
0.0502387	0.0339958	5.0682
1.47335	0.122191	0.638119
0.878645	0.660663	0.29475
1.11952	0.366258	1.11287
0.637984	0.996959	1.07517
1.79056	0.0209215	0.697213
0.0508462	1.05007	2.67343
0.0241421	2.18795	1.68338
0.447161	0.684758	1.5922
0.202307	1.26528	2.0165
0.162645	1.55077	1.23214
0.0886981	0.232773	4.39582
0.274397	0.0333752	4.28495
1.17127	0.0294081	2.11725
1.16462	0.0358665	1.74245
1.49241	0.145501	0.327762
0.200366	2.32087	0.0626877
0.249448	2.07532	0.175457
1.59821	0.0648756	0.659703
0.115318	2.63877	0.939392
1.51605	0.123309	0.00296099
0.433326	1.49415	0.535704
0.0252533	2.20412	1.41742
0.113423	2.69337	0.208312
0.191464	0.0841902	4.00174
0.522044	1.2965	0.0366573
1.90047	0.00349701	0.229944
1.07415	0.0528661	2.25096
1.57603	0.0773925	0.373834
0.00140949	1.35289	4.65808
1.5408	0.0992918	0.507754
1.10229	0.390546	0.813232
0.0606411	1.90508	1.80975
0.0803502	2.79459	0.830071
1.19724	0.0181838	2.31007
1.5573	0.0780137	0.885301
0.172567	0.725576	2.43199
1.01786	0.0941054	2.37313
0.0704123	2.92961	0.552808
1.31134	0.204966	1.09054
1.22085	0.2812	0.648853
0.0530427	3.18649	0.0330846
0.135977	0.626138	3.48546
1.95261	0.000820364	0.240422
0.319978	0.933076	2.07854
0.654261	1.03532	0.103928
1.83523	0.00402587	1.49022
0.0153623	1.28615	3.24604
0.0966273	0.246292	4.16024
0.263341	2.02814	0.0936934
0.283171	1.93721	0.183042
0.455069	1.39081	0.920942
0.436925	1.46986	0.463004
1.9329	0.00363822	0.00129941
0.0659766	0.929047	3.13359
0.00649322	2.51286	1.20497
0.0476275	3.12425	0.670869
0.00380731	1.24425	5.00129
0.0508215	3.09308	0.598533
1.82362	0.0149438	0.521017
0.179029	0.595094	2.84707
0.609149	0.434071	2.3389
1.87176	0.00962946	0.997777
1.37966	0.171045	0.75047
0.0167102	0.0744424	5.59981
1.63791	0.0682134	0.0479008
0.314432	0.985065	1.54271
0.329561	1.76498	0.412247
0.129238	0.732498	3.00553
0.375231	0.220284	3.21465
1.86135	0.0173767	0.0441253
1.61782	0.0788673	0.0102051
1.34598	0.0101648	1.2692
0.381453	0.875971	1.47598
0.351152	0.252052	2.92272
0.101855	2.75327	0.7056
0.264521	1.09058	2.15509
0.00486018	1.44741	3.37087
0.121244	0.202944	3.94323
1.32795	0.00524667	1.50952
0.584523	1.12546	1.15283
0.364238	0.263917	2.73561
0.114976	2.64221	0.866483
0.886307	0.6487	0.293965
0.108149	1.70042	1.79288
0.022207	2.34937	1.86672
0.480306	0.61784	2.19529
0.626	0.424408	1.60827
0.00214225	3.64388	1.77953
0.49605	0.145414	2.86595
0.0125795	0.570715	4.04039
0.135477	2.53809	0.169398
1.41775	0.153993	0.373685
0.0788638	2.82369	0.694618
0.0595781	0.0082433	5.50521
0.324462	1.79931	0.238286
1.13135	0.394879	0.163227
0.0111235	3.67067	0.247976
0.467057	1.33971	0.975585
0.591823	1.10499	1.17692
0.095441	2.72468	0.855121
0.530585	1.24388	0.675562
0.140997	0.637614	3.31523
0.34783	1.67011	0.957478
0.0696202	0.327152	3.91093
0.57364	0.0707305	3.04582
0.71064	0.410428	1.21835
0.294559	0.333798	3.06597
0.671615	0.353126	2.24541
0.0166914	3.37725	0.975929
1.79751	0.0242043	0.364895
1.00076	0.524574	0.217492
0.0391178	0.0278143	5.68587
0.0702228	0.263329	4.59155
1.6552	0.0614241	0.0490035
0.661352	0.470713	1.25898
0.203597	0.477264	3.58124
0.0116006	2.46548	1.86329
0.694637	0.00456036	4.53061
0.00361976	0.0803487	5.56037
0.0317115	2.22488	1.21855
1.8879	0.00858635	0.255549
1.68075	0.0425964	0.430629
0.0747452	2.85789	0.704724
1.08325	0.0488848	2.13919
0.0619276	0.336858	4.10765
0.318015	0.292854	3.35731
0.0152357	0.0456289	5.67696
1.10038	0.0556058	1.34312
1.28978	0.00822545	2.1316
0.336991	1.75508	0.534363
1.48157	0.121047	0.543428
0.144874	2.44749	0.829957
0.0229761	3.34915	0.494408
0.000260602	0.000255782	5.99162
0.000260521	0.000255792	5.99162
0.173838	2.37042	0.000287254
0.000287477	0.000250322	5.97634
0.385181	0.81593	1.8976
1.84575	0.0105719	0.129977
0.838205	0.217072	1.54329
0.066633	2.85098	1.07204
0.0611825	2.03211	1.29353
1.90633	0.0096055	0.26459
0.1449	0.673211	3.03532
1.28205	0.027575	1.80294
0.739498	0.875667	0.529608
0.0136342	3.552	0.731508
0.307616	0.022966	4.0634
0.417692	0.740469	2.30952
0.0547425	0.988589	3.56693
0.0619376	2.95529	0.312829
0.641114	1.08529	0.756529
1.08507	0.0500088	1.73331
0.153033	0.588829	3.47267
0.271826	0.00866965	4.9199
0.0945324	2.74689	0.20378
1.56645	0.0915056	0.182656
0.245631	0.437159	3.33679
0.256887	0.0324468	4.74997
1.3515	0.00155604	1.24086
0.560753	0.0696446	2.79956
0.0285223	3.33437	0.218169
0.717185	0.92841	0.401068
0.987036	0.0993504	1.46548
0.199297	0.490414	3.41674
0.375561	1.6349	0.57899
0.0644744	1.87851	1.59573
0.0949174	2.81318	0.00652753
0.0179805	0.573694	3.78928
0.37989	1.57613	0.706158
0.675067	1.00295	0.536393
0.265174	1.98974	0.108454
0.852215	0.702856	0.411436
0.0130466	0.644362	3.97294
0.279098	1.04154	1.95403
0.795032	0.282744	1.37498
0.798641	0.00207381	2.57208
1.53231	0.0895001	0.826033
0.520457	1.26477	0.325297
1.20909	0.306401	0.761013
1.31855	0.0131975	1.22619
1.99355	0.000375302	0.0190993
0.0803849	1.77133	2.24623
0.948916	0.145233	2.06014
0.654761	0.0511777	2.86447
0.000913897	3.90466	0.0840923
1.06387	0.448576	0.154144
0.0381516	3.24218	0.0221211
0.0555088	3.14643	0.102448
1.74735	0.0194413	0.802349
0.00127107	0.00199432	5.85479
0.178698	0.665636	2.96131
0.450507	1.45028	0.424216
0.962178	0.106979	2.31381
0.436967	0.724145	1.4877
0.071715	0.289479	3.92424
0.155948	2.52245	0.137484
0.00380795	3.73003	0.662987
0.0290542	3.28206	0.7017
0.289903	1.93371	0.0988159
0.507908	0.598166	1.39195
1.13934	0.39178	0.13875
1.43911	0.137064	0.964194
0.48649	1.31208	0.913236
0.93512	0.14684	2.08781
1.94704	0.0023633	0.0062436
1.58565	0.0787359	0.738123
1.2223	0.361165	0.117468
0.0122958	3.4788	0.848762
0.115529	2.6995	0.161701
0.0854457	0.212899	4.47639
0.139082	2.55345	0.554538
0.231958	0.058028	4.28129
0.345427	0.324861	2.47981
1.77124	0.0203782	0.35706
0.00610204	3.74245	0.281931
0.701814	0.910967	0.948965
0.00721076	3.67196	0.789686
0.0473015	2.17779	1.38495
0.765214	0.024296	2.65002
0.00473918	1.31875	4.54927
0.87436	0.653947	0.836351
0.0433654	3.09122	0.90908
1.36343	0.204926	0.496365
1.60547	0.0633946	1.009
0.0165915	3.42688	0.599501
0.0308588	2.12642	1.63824
0.396617	1.54387	0.712445
0.0588094	3.04079	0.0197308
0.42945	1.44485	0.928936
0.542943	1.22372	0.315213
0.0237766	3.37928	0.581714
0.070006	0.255099	4.64713
1.50827	0.117376	0.439789
0.0121666	0.163058	4.77965
0.0912279	1.73083	2.08414
0.00625599	2.47127	1.65799
0.00149391	1.37637	4.5469
1.37997	0.187212	0.461837
0.472257	1.40136	0.235795
1.02882	0.501217	0.125011
0.0255498	0.473222	4.64017
1.16231	0.342957	0.714893
0.27763	0.0364132	3.62312
0.397557	0.760729	2.22955
0.437079	1.51379	0.0251944
1.297	0.226017	0.932595
1.45816	0.163693	0.160073
0.751657	0.894236	0.168511
0.00920831	0.533295	4.3914
0.11933	0.198136	4.15815
0.315928	0.302073	3.14274
0.056898	1.12718	2.52608
1.23724	0.269621	1.05144
0.0646076	2.9923	0.123909
0.323001	1.76331	1.13701
0.0154072	3.40358	0.622727
0.596828	0.0759828	2.42879
0.0507982	2.07451	1.29012
0.779247	0.25175	1.66256
0.615974	1.18994	0.160756
0.0308013	2.11827	2.21971
0.581964	1.16407	0.530442
0.359906	1.65573	0.842345
0.367407	1.68635	0.2432
1.6671	0.0407874	0.960724
0.0258106	2.27733	1.28259
1.42286	0.173036	0.00265975
0.224143	0.0849119	3.86969
0.123778	0.196019	4.49094
0.569012	0.0853223	2.67719
0.0143196	2.3987	2.33255
0.00838365	2.45084	2.1552
0.108408	2.59351	0.865178
0.165705	2.33439	1.01824
0.654761	0.0511777	2.86447
0.0353798	0.518962	3.76817
1.11467	0.0408063	1.73423
1.92994	0.00634893	0.410233
0.192765	0.637861	2.71516
0.219015	0.0861278	3.7047
0.0449964	3.07049	1.05779
1.78329	0.0133122	0.619089
0.303973	1.93181	0.109194
0.24176	0.448272	3.19165
1.80136	0.0176608	0.258178
1.4736	0.130119	0.460796
0.303107	0.0125916	4.27744
1.48253	0.123505	0.882728
0.321324	1.78979	0.895705
0.885553	0.659685	0.129619
0.773542	0.248629	1.76261
0.327417	1.81412	0.667581
0.194973	2.24243	0.878007
0.190138	1.25855	2.37954
0.0703883	0.262624	4.39332
0.768982	0.842089	0.162033
0.905838	0.623062	0.279798
0.276433	0.00735826	4.87188
0.40076	0.759479	2.17252
0.901198	0.160497	1.75186
0.354826	0.00978149	3.87875
1.26083	0.262545	0.685897
1.03618	0.465792	0.998336
0.597771	1.06611	0.866413
0.143704	2.65787	0.146142
0.60439	1.13096	0.717828
0.129193	2.67072	0.234972
1.39261	0.190304	0.100294
0.000170046	3.49269	5.52192
0.000263687	3.97742	0.000238447
2.00013	0.000267424	0.000267456
0.00134759	3.8719	0.00500545
0.251055	0.470001	2.87248
1.48017	0.124165	0.475232
0.344787	0.915327	1.48195
0.0004611	3.52679	5.22238
0.00066301	3.45613	5.76833
1.30473	0.227012	0.725178
1.34973	0.188604	1.14444
1.25028	0.299211	0.412124
1.60945	0.0655703	0.503352
1.39047	0.189943	0.238036
1.00246	0.506507	0.527228
1.97381	0.000617429	0.000267476
1.29171	0.24468	0.58308
0.0214759	3.30667	1.01307
0.000457121	3.63697	3.8064
0.00690941	3.69106	0.184898
1.44033	0.160869	0.633315
0.395934	1.58422	0.272383
0.641551	0.0316418	3.43564
0.0459524	3.1875	0.00437865
0.0137981	0.154785	4.99571
0.0283652	3.27939	0.362525
1.76783	0.0283537	0.343631
1.50926	0.137883	0.139346
1.80943	0.00925737	1.08932
0.00487046	0.558658	4.84788
0.0172053	3.60718	0.149587
0.106754	2.651	0.309947
0.00297507	3.79118	0.000242033
1.17827	0.326513	0.611692
1.56232	0.0986505	0.0944343
0.000336831	3.51191	5.36076
0.00167427	2.40717	4.29754
0.268568	0.380531	2.84103
1.09454	0.416334	0.486553
0.900962	0.149012	2.16716
0.0606781	0.347596	3.89551
0.0073952	2.73687	1.22172
0.310247	1.89059	0.965644
1.76104	0.0233977	0.393849
0.0177695	0.439647	4.62567
0.065728	0.0117768	5.0906
0.195805	1.40119	2.49694
0.808646	0.746697	0.693929
0.36837	1.63648	0.671396
0.207704	0.0378877	4.71223
1.21996	0.277792	1.17289
1.89818	0.00548158	0.000267456
0.537342	1.29311	0.0132356
0.722734	0.0178513	2.99661
0.75549	0.266105	1.82332
0.000577873	1.19068	5.93275
1.03505	0.459007	1.03191
0.0573018	3.06977	0.100309
0.00907461	0.615685	4.51754
0.0192652	2.27559	1.54874
0.699218	0.0227844	3.51651
0.162287	1.41776	1.94333
0.00233311	2.70311	1.39572
0.0916451	2.77707	0.509728
0.0017734	1.37214	4.42607
1.69635	0.0395096	0.600026
0.0174649	1.22926	3.35522
0.0410001	0.0234405	5.28242
0.0771703	0.22967	4.35468
0.000662982	3.47186	5.67369
1.92838	0.00285245	0.000267454
0.0412542	3.11359	0.828464
1.19635	0.317992	0.313096
0.504249	1.35156	0.353504
1.82351	0.0114507	0.815834
0.6271	1.02634	1.06534
0.32232	0.347071	2.77038
0.674511	0.0160245	3.5211
0.411283	0.717968	2.33187
1.66118	0.0567419	0.0180301
1.71894	0.0347222	0.446864
0.514567	1.27848	0.559938
0.0384882	0.771943	3.63522
0.0582847	0.0288226	5.1856
1.63459	0.0562183	1.17148
1.53391	0.0990037	0.732056
0.00479352	1.45564	2.81055
0.763489	0.834631	0.434986
0.158352	2.38115	1.10325
0.49206	0.567111	2.32807
0.607796	0.0750738	2.61955
0.967781	0.577777	0.355861
0.326823	1.74511	0.875839
0.114142	0.75489	3.10475
0.600465	1.09249	0.997485
0.0659586	1.93686	1.45055
0.0039208	2.53724	1.717
0.389357	0.252983	2.68755
0.144285	2.54701	0.895264
1.44327	0.134321	0.785466
0.0307715	2.12899	2.07314
0.0801867	0.215427	4.75804
0.547046	1.22766	0.156608
0.423035	0.701946	2.43339
0.65705	0.970498	0.992366
0.846717	0.706518	0.980257
0.409244	1.51592	1.10677
0.435027	0.169642	3.22777
1.84921	0.0254029	0.238105
0.0572302	3.00646	0.857574
0.214143	2.1816	0.63534
0.782301	0.862831	0.0331207
0.581439	1.14472	0.647065
0.815921	0.791006	0.154779
0.658025	0.971914	0.933293
0.0546426	0.767496	3.70412
0.00506199	0.693181	3.85295
1.15955	0.039739	1.44796
0.223134	0.53967	2.73577
0.356949	0.81476	2.21418
0.18335	2.30569	0.984522
0.0775565	2.90937	0.447525
0.0615467	1.87831	1.59946
0.0329251	0.508413	3.97179
0.228224	0.0445639	4.2026
0.135029	1.54766	1.7669
0.16967	2.33247	0.844627
1.15146	0.324274	1.08657
0.720059	0.879717	0.982473
0.243569	2.03274	0.587406
0.967555	0.103842	2.2415
0.376488	1.655	0.277069
0.689701	0.987806	0.45376
0.329885	1.80386	0.268029
0.363579	0.792158	2.45737
0.24111	2.07632	0.0910496
0.368811	0.861114	1.34254
1.55186	0.107517	0.544162
0.0480539	2.02007	2.00848
1.12927	0.0463424	2.02973
0.00605508	0.536423	4.5947
1.23868	0.260751	1.16796
0.619472	1.06038	1.0411
0.162055	2.4413	0.24178
0.288742	1.85915	1.32003
0.0591302	2.95245	1.05357
0.854385	0.726806	0.103168
1.87228	0.0054605	0.271508
0.0142889	1.21811	3.56097
0.126129	1.67522	1.38459
0.696499	0.0371062	2.40888
0.02706	0.0436559	5.60243
0.108421	0.787761	3.16775
1.3787	0.181363	0.294239
0.735146	0.832091	1.13162
0.0488457	3.15697	0.117078
0.0968402	0.219689	4.2386
0.372174	1.76267	0.0411151
0.220558	0.0636758	4.12964
0.0156242	3.73119	0.0583748
0.0266738	2.23592	1.27105
1.0576	0.455531	1.04176
0.0566213	3.01498	0.736145
0.117938	0.739564	3.14838
0.954099	0.131984	1.61825
0.0248918	2.21879	1.93975
1.01546	0.584856	0.0470736
0.0216012	1.32726	3.23771
1.36394	0.230459	0.0529612
0.881852	0.653028	0.309911
0.0114918	2.48185	1.89457
0.228069	0.0741314	4.07323
1.65222	0.0504619	0.502747
0.0877491	2.86985	0.371718
0.102753	1.69481	1.72897
0.0322664	2.1233	2.00438
0.0191775	0.0286603	5.72478
1.08772	0.395103	1.2872
0.102148	2.67953	0.310134
0.300879	1.84255	1.18109
0.609234	0.0372369	3.38468
0.138589	1.53383	2.06341
0.780342	0.828293	0.217131
0.0635339	1.95373	1.3156
0.935519	0.594385	0.540485
1.92562	0.00320791	0.000410115
0.0373297	0.0214995	5.43524
0.000287031	0.000250377	5.97634
0.000270522	0.000270533	5.9989
0.0271586	3.34658	0.000271147
0.00027044	0.000270653	5.9989
2.00004	0.000273847	0.000273821
1.44924	0.142336	0.808842
1.31796	0.250433	0.111011
1.18694	0.00680614	3.33091
1.39871	0.154429	0.926099
0.0646116	1.8712	2.21092
0.379748	1.579	0.723415
0.0198576	2.14902	2.41598
0.0471297	2.05929	1.22657
0.103062	2.62099	0.945398
0.308903	0.372516	3.13671
0.897381	0.151458	2.03793
0.0101714	3.55143	0.90096
0.020484	0.604972	3.82089
0.0260257	3.28203	0.357803
1.63037	0.0540168	0.642878
0.990113	0.549368	0.0134658
1.27099	0.297486	0.0356807
0.874855	0.670043	0.223406
0.0199511	0.0321006	5.62167
0.224459	0.49689	2.71449
0.00277273	1.2644	5.28495
1.66615	0.0428645	0.516514
0.853135	0.176918	2.07535
0.247002	2.10579	0.207953
0.00170075	3.63722	2.65818
0.0374794	2.21813	1.20098
0.836569	0.695845	1.03732
0.00642577	1.40468	3.47947
0.667768	0.00741562	4.40974
0.457612	0.647039	2.2619
0.0247771	0.0747382	5.16094
0.355603	0.844437	2.10707
0.359069	0.849908	2.00535
0.0229491	0.404813	4.59778
0.0732973	0.921891	3.02275
0.932935	0.129642	1.68347
0.311879	0.375845	3.06342
1.60191	0.0668702	0.645181
0.992083	0.102618	1.68185
1.13905	0.33807	1.09722
0.545846	0.00121263	5.81157
0.32347	0.284	3.22781
0.0135731	2.31238	1.92975
0.726339	0.00343903	3.74364
0.154522	2.47962	0.230765
1.77378	0.0316151	0.130741
0.191159	2.25391	0.317858
0.0103443	2.6951	1.41955
0.0583187	2.95684	1.01675
1.37944	0.162156	1.17381
0.109735	2.74525	0.283251
0.287179	0.00914199	4.34364
0.136215	1.6371	1.30813
0.0556609	1.92695	2.23893
0.00260379	2.51716	1.86268
0.34453	1.75706	0.0577259
0.785798	0.780294	0.442082
1.79892	0.0340902	0.0165584
0.142602	2.57653	0.492926
1.07273	0.414017	0.67715
0.174445	0.0923837	4.16039
1.34535	0.00153373	1.4646
0.0627056	0.0166861	5.5209
0.639908	0.0150507	4.12727
1.74665	0.0286799	0.400543
1.96077	0.00154185	0.318851
0.611965	0.00497377	5.46986
0.0949446	0.0374543	4.8202
0.00292049	1.54303	2.4166
0.751892	0.269833	1.78304
0.106628	2.71322	0.572195
0.237458	0.0214325	4.77037
1.47353	0.128959	0.749194
1.58096	0.0755597	1.15007
1.90181	0.00464782	0.88877
0.0113256	2.35363	1.89681
0.00151703	1.22813	5.42622
0.256132	0.437021	2.52343
1.68255	0.0527579	0.00785934
0.113961	0.15439	4.53091
1.54072	0.0919162	0.785112
0.18462	0.0792556	4.25475
0.0624484	1.97994	1.4628
0.481286	0.613151	1.82721
0.804814	0.808388	0.0140169
0.332658	0.95981	1.40837
0.0588389	3.07556	0.0140111
1.7083	0.0371931	1.14069
0.238414	0.452593	3.00465
0.0142307	0.574427	4.03961
0.657272	1.066	0.100149
0.430989	1.475	0.983269
0.473366	0.14095	3.41387
0.730688	0.00538929	3.67677
1.04845	0.0935085	1.48054
0.0040066	3.60959	1.32637
0.390679	0.761536	2.03904
0.0167619	0.170605	4.9094
1.08	0.420281	0.627932
0.344537	1.73569	0.421401
1.16523	0.0289089	1.98223
0.0361349	3.22427	0.223459
0.0262411	0.415633	4.47029
0.177664	0.0850545	4.65582
1.1563	0.322118	1.12717
0.000324513	1.22317	5.9011
1.36643	0.178593	0.902894
0.0393337	3.15724	0.800013
0.193433	1.45166	1.28834
1.56602	0.104961	0.134903
0.0745064	1.83023	1.51453
1.10358	0.0561077	1.70679
0.513455	0.52742	2.34179
0.0866651	2.83232	0.397634
0.0371756	3.20228	0.309253
0.210143	1.38047	1.28524
0.522514	1.34408	0.149483
0.503454	0.59358	1.823
0.6539	1.06073	0.178331
0.161946	2.3811	0.933381
0.0701468	2.99768	0.33215
1.2354	0.00891644	2.79332
0.0836316	2.88572	0.0165741
0.694406	0.321363	2.35542
0.246428	0.0197946	5.02968
0.827607	0.767667	0.119393
0.538657	0.0718382	3.54479
1.99489	0.00116404	0.0180737
0.452958	1.41234	0.462588
1.25498	0.0045779	2.57374
0.0874033	2.92764	0.0129683
0.418271	0.773057	1.78438
0.638187	1.03497	0.965603
1.87759	0.0157539	0.00732934
0.163453	2.40642	0.534474
0.373871	1.64564	0.433938
0.703434	0.311716	2.29453
0.00147788	3.90273	0.000875786
0.000780798	3.84815	0.317404
0.283084	0.0101873	4.32234
0.224682	0.475956	3.18433
0.000317604	3.97383	0.000273915
0.018215	1.2475	2.92673
0.0768116	1.80331	2.21232
0.0129001	1.37305	2.45929
1.01941	0.517261	0.00808231
0.440496	1.46689	0.378835
0.737268	0.832337	1.13704
1.11618	0.0548818	1.45081
0.147477	0.129167	4.05689
1.8461	0.0125472	0.401018
0.0146576	3.44754	0.91508
0.0159771	1.32501	2.60875
0.0164397	0.110099	5.06084
0.0630083	1.97441	1.24769
0.000631172	3.9244	0.000271389
1.24596	0.00126779	2.95756
0.0497785	3.06573	0.266531
0.179798	1.50974	1.32492
0.471031	0.684981	1.26795
0.128255	1.66368	1.43727
0.00114895	3.76374	1.09004
0.571533	1.14212	1.06637
0.535442	1.27185	0.474377
0.114514	1.68921	1.50927
0.583957	1.19048	0.0299185
0.0741858	0.00538752	5.1073
0.683193	0.966588	0.87271
0.145068	2.44507	0.523877
0.0188794	3.39607	0.412459
1.01941	0.517261	0.00808231
0.039379	0.0391035	4.96866
0.404007	0.229069	2.58908
1.51299	0.105432	0.662145
0.117744	2.55442	0.956273
1.49802	0.142328	0.0339289
0.400343	0.792415	1.75844
1.21103	0.0294771	1.39216
0.491464	1.28363	1.21333
0.624113	1.09047	0.172773
0.313768	0.0173742	3.96978
0.327767	0.275413	3.18228
0.000113779	3.97929	0.0311295
1.85016	0.000115131	2.94256
0.00011378	3.99802	0.000113883
2.00012	0.000203389	0.00020356
1.60208	0.0801271	0.000113573
0.00338915	0.3549	5.79124
0.0322723	3.19811	1.17981
0.0524603	3.05013	0.347404
0.81935	0.764703	0.476124
1.75687	0.000533973	4.9929
0.871111	0.645523	1.15407
0.418285	0.216437	2.62903
1.28288	0.00730658	1.39164
0.0745956	1.8152	1.97674
0.0139163	0.531321	4.0341
1.7194	0.0349631	0.0972494
0.0260908	3.31745	0.282441
0.318389	0.942124	1.86377
1.25824	0.263854	0.273127
0.181456	0.542194	3.33257
1.16361	0.0416965	1.49708
0.00194614	3.7833	0.125148
1.32263	0.220466	0.608351
0.239148	2.14595	0.0341651
1.12012	0.393287	0.145913
0.152813	0.131158	3.92475
0.019125	3.40429	0.864831
0.12789	0.0345939	4.90128
0.356743	0.905806	1.42091
1.96466	0.000712856	0.00210345
0.266274	0.386567	3.04745
1.46159	0.14623	0.791667
1.67306	0.0442283	1.13292
1.01592	0.0859796	1.75781
0.386233	1.57759	0.938565
1.74367	0.0270234	1.21967
0.346048	0.281207	3.3916
0.0977465	2.76881	0.0337661
1.22907	0.0129222	2.06879
0.729716	0.874186	0.551766
1.64831	0.0477266	1.09311
0.0794353	2.99527	0.0249013
0.495759	1.30088	0.98703
0.555782	1.22011	0.100432
0.00684546	3.74693	0.0088824
1.89912	0.00606934	0.478127
0.589926	1.15276	0.0309799
0.0398049	2.05019	1.71443
0.375684	0.833487	1.48553
1.22586	0.00872987	2.15536
0.13898	0.170393	4.12178
0.672266	0.00813588	3.49524
0.0907765	0.28763	3.68248
0.931295	0.619907	0.00254904
0.326867	0.310253	2.76831
0.312918	0.0451943	3.79687
0.36219	1.68492	0.124684
0.774516	0.0149891	2.82097
0.614091	1.11506	0.251976
0.101615	0.176383	4.54476
0.0789251	2.81859	0.747434
1.20325	0.303968	0.692524
0.204424	2.26277	0.564988
0.0145787	0.478861	4.30724
1.37093	0.198735	0.271579
0.387032	0.235909	3.23148
0.968945	0.0946389	2.34285
0.156982	2.35121	1.20714
1.42593	0.165434	0.194529
0.119127	2.65375	0.4285
0.704021	0.0166235	2.98511
1.58418	0.0856938	0.326462
0.0371923	3.3393	0.155724
0.627827	0.0328745	2.71909
1.61205	0.0642478	0.670923
1.44107	0.155393	0.726574
0.369208	1.6357	0.405405
0.18204	0.527397	3.43193
0.102342	0.203051	4.16613
0.660555	0.00849212	5.38666
0.139124	2.47779	1.02166
1.77705	0.028537	0.557232
0.104448	1.72041	1.51972
1.91181	0.00160006	0.247774
0.0884527	1.77843	1.60483
0.307154	1.86184	0.289959
0.230583	2.06417	1.14407
0.572969	1.19342	0.384327
0.250219	1.08438	2.18562
0.53007	0.573834	1.28527
0.355456	0.840698	1.92666
0.0648207	0.060852	4.83187
0.157009	0.573241	3.57267
0.442486	1.4382	0.582037
0.471553	1.34492	1.02611
1.8124	0.00745276	1.05989
0.0125825	0.454688	5.05976
1.03004	0.101167	1.5294
0.725919	0.895107	0.77158
0.959522	0.112709	1.79719
0.396438	0.801934	2.18309
0.00772199	3.6391	0.82174
0.0670121	1.90589	1.7065
0.291438	1.86654	0.810273
0.752957	0.0135028	2.84771
0.0306793	2.09011	1.92588
1.09755	0.407549	0.99482
0.0479387	3.14376	0.0352356
0.191659	2.29772	0.167072
1.52629	0.121073	0.0149303
0.00151947	1.4832	3.02218
0.067189	1.91206	1.64142
0.157688	2.37441	0.774684
0.791563	0.0199644	2.42471
0.206937	2.18036	0.512138
1.82786	0.0130107	0.669515
1.08929	0.0499855	1.55955
0.176045	0.0930299	4.44046
1.54346	0.117329	0.223739
0.286473	1.98146	0.0541544
0.400099	1.54489	0.785238
0.086295	1.78311	1.56635
0.984602	0.101712	2.08687
0.112991	2.61655	0.749494
0.129961	0.691547	3.19066
0.484258	0.153594	2.55987
0.249525	2.01205	0.810408
0.200522	2.28649	0.0887816
1.17381	0.368722	0.554546
0.169664	0.00424404	5.55579
0.0283733	3.17637	1.20014
0.018046	3.448	0.167792
0.516226	1.25789	0.866714
0.808774	0.719587	1.05302
1.63728	0.0799674	0.00992359
0.467205	0.147243	2.87749
0.101132	0.209707	4.24691
0.452822	0.723157	1.36054
0.365248	1.61607	0.728943
0.0919812	1.74557	1.48784
0.00321096	1.38702	3.86796
1.50415	0.104355	0.790865
0.128324	2.58572	0.121979
0.112544	2.69179	0.621354
0.0810078	2.89289	0.222463
0.578903	0.491558	1.83556
1.79614	0.00832191	1.05679
1.33213	0.243544	0.239224
0.164028	0.0982437	4.49508
0.159254	0.136244	3.67554
0.777427	0.0163929	2.47356
0.00059702	3.62199	2.85137
1.06691	0.444496	0.376475
0.286032	1.94262	0.292543
1.99851	0.000118092	0.00210355
0.116522	0.197265	4.253
0.90877	0.604912	0.445283
1.07444	0.436281	0.318032
0.0575138	2.95411	0.744298
0.146665	0.811248	2.48129
0.0304068	2.21598	1.25624
0.43729	1.41622	0.971372
0.811479	0.236159	2.23212
0.144047	2.42156	1.17482
0.000414441	3.91265	0.0311336
0.0226558	1.36885	2.70269
0.645017	1.02962	0.646673
0.220855	2.21035	0.16072
0.814978	0.770279	0.450002
0.0181756	2.5493	1.29065
0.448778	1.45324	0.159063
0.132993	0.687698	3.19199
0.000160403	3.78989	1.63512
0.679885	0.000168959	4.82977
0.000174549	3.99757	0.000212066
0.000234285	3.96949	0.000182206
0.0382338	0.0205532	5.21883
0.0192129	0.0501752	5.47653
1.01726	0.0706427	2.0888
1.57638	0.0783403	0.806442
0.198618	2.19644	0.815418
0.0623732	1.87234	2.23306
0.299446	0.321334	3.545
1.54142	0.0913684	0.625039
0.0280617	3.33954	0.669779
0.293626	0.984621	1.96656
0.0879885	2.85613	0.426396
0.16269	0.0957769	4.6122
0.0810825	0.287691	4.38351
0.0776582	1.76823	2.00326
0.0232654	2.27288	1.38595
0.127921	0.264029	3.61297
0.0939859	2.78295	0.953291
0.110256	2.63862	0.520098
0.62375	0.431638	1.87224
0.601312	0.0396405	2.99215
0.177925	2.4306	0.058287
1.9378	0.000836368	0.685692
0.00339213	0.138184	5.1251
0.00817847	1.30229	4.07012
0.2081	0.502991	2.82159
0.411606	1.5774	0.256693
1.84085	0.0156454	0.0826417
0.401864	1.6002	0.263619
0.208	0.495771	3.31611
1.10951	0.053074	2.14362
0.454534	1.50448	0.0125903
0.0656765	0.276287	4.46833
0.661137	0.00968301	3.81145
0.503585	0.579486	1.79483
0.0435971	3.24918	0.19844
0.0617401	2.94219	0.97055
0.0519188	1.02628	2.684
0.0213458	3.42213	0.46116
0.115077	0.23518	3.75524
1.18509	0.0379018	1.34535
0.172536	0.601609	3.04593
0.684063	0.36494	1.8981
0.0400443	1.06988	3.24655
0.00837546	3.57443	1.11141
1.78578	0.0211773	0.812778
0.172983	0.5663	3.46309
0.55148	1.21933	0.403841
1.36017	0.205523	0.216113
0.249342	0.400631	3.4229
1.8804	0.00319765	1.16323
0.343292	1.66553	1.00946
0.0106861	0.0970801	5.71261
0.955871	0.592191	0.106447
1.52264	0.0852892	1.17983
1.25023	0.304615	0.2324
0.222231	2.16868	0.0999511
0.0238914	2.31889	1.37827
1.45085	0.215189	0.0735508
0.0978337	2.73727	0.173152
1.4149	0.165472	0.462294
1.63249	0.063761	0.474997
0.0297831	3.38134	0.146223
0.11197	0.909925	2.86149
0.529218	1.2495	0.706382
0.918798	0.141985	1.52869
0.845603	0.665518	1.05737
0.0675486	0.0201912	4.7832
0.902947	0.621846	0.890868
0.271787	0.0166174	4.69167
0.244625	2.12923	0.1214
0.830013	0.756054	0.591694
0.563741	1.17995	1.15581
0.230786	2.08756	0.465493
0.148617	2.48914	0.156356
1.38851	0.170345	0.823745
1.13474	0.391217	0.216762
0.730675	0.896492	0.410257
1.75445	0.0207816	0.915106
0.0621332	3.04921	0.0841524
0.258284	0.388174	3.35919
0.0177154	1.25304	3.15552
0.000170046	3.49269	5.52192
0.482121	1.33606	0.86033
1.47979	0.115007	1.09241
0.0398734	0.534634	3.6026
0.0171263	0.0909547	4.94696
0.0456912	3.16525	0.131776
1.05299	0.472717	0.356664
0.437813	1.44787	0.888011
1.20656	0.324465	0.498071
0.0408371	0.00439724	5.86578
0.890339	0.199421	1.45782
0.316624	0.00988565	4.69161
0.38801	0.770829	2.32514
0.161518	2.51302	0.0588517
0.317874	0.341605	2.43264
0.797617	0.243103	1.68366
0.255726	2.0179	1.15664
0.0277386	0.460475	3.95236
0.0314671	0.0335235	5.58793
0.184035	0.0896071	4.14893
1.43749	0.186032	0.0810118
0.748808	0.0253811	2.51665
0.415275	0.811662	1.53915
1.16597	0.31038	1.19031
0.0396114	3.28396	0.0153007
1.96814	0.000861352	0.220422
0.0121657	0.0969933	5.63342
1.09238	0.0383903	2.18189
1.28955	0.236942	0.561408
0.0101676	3.47719	1.10933
0.578582	1.15972	1.2264
0.362753	0.237108	3.11638
0.0263584	3.64678	0.0523036
0.100991	2.70541	0.295773
0.486697	1.38199	0.313465
0.391608	0.758511	2.29358
0.987392	0.564531	0.00916595
1.07095	0.100905	1.23227
0.276554	0.0150241	4.52516
0.0620521	3.14338	0.0379776
0.856822	0.729046	0.734841
1.82148	0.021461	0.344359
0.0979712	1.68398	1.99439
0.00941132	2.55126	1.42249
0.0648127	1.94164	1.83463
0.515388	0.099527	2.95705
0.150679	2.58568	0.0205117
1.50493	0.108042	0.418385
0.00805753	3.76383	0.0772423
1.77115	0.029834	0.07276
0.0355887	2.05181	2.20296
0.153543	0.146895	3.75716
0.0459135	1.98629	2.14259
0.220805	2.06322	1.07834
0.0600871	0.019025	4.96129
0.44815	0.709143	2.03488
1.31727	0.2438	0.128014
0.708164	0.979244	0.112602
0.0536396	1.92186	2.00322
0.104673	0.892341	3.07973
1.34647	0.00490854	1.28313
1.27843	0.00999859	1.59781
0.475097	0.137418	3.21798
0.10461	2.66496	0.300344
0.137825	0.131738	4.20945
1.65207	0.0663884	0.121672
0.0149019	2.38687	1.34604
0.447911	0.650593	2.36894
1.91098	0.00224163	0.408733
0.329574	0.00961597	4.2884
1.03662	0.452713	0.615726
0.476597	0.135448	2.92444
0.642305	1.04851	0.425891
1.23066	0.284783	0.833651
0.0500442	3.09942	0.274857
0.326349	0.943639	1.52
0.323463	1.88088	0.293005
1.69025	0.059317	0.00838847
0.0647125	2.9554	0.719604
0.0997892	0.219378	4.23831
1.26376	0.244576	1.06956
1.05812	0.44129	0.430884
1.33896	0.20411	0.584804
0.0354252	1.13109	2.74801
0.700846	0.0275118	2.74002
0.416668	0.704891	2.18738
0.781706	0.00582062	2.66727
0.758002	0.798121	1.19576
0.13594	0.137257	4.31341
0.103739	0.929196	2.62244
0.0758098	0.426154	3.85455
0.640082	0.430611	1.39507
0.0297026	1.22447	2.61478
1.48912	0.109158	0.849961
0.0189018	2.35082	1.3116
0.127184	0.178532	3.99085
0.344245	1.74611	0.366203
0.0120541	1.46062	2.52245
1.15205	0.354334	0.488552
0.968379	0.58161	0.108957
0.695022	0.963421	0.310038
0.775828	0.00737608	2.56816
0.000205314	3.78281	1.74988
0.000263687	3.97742	0.000238447
1.96594	0.000135749	0.234591
0.000353956	3.95051	0.000199691
0.000270522	0.000270533	5.9989
1.04916	0.474621	0.175787
0.022448	3.38764	0.433609
1.70131	0.0521665	0.0437598
0.103689	0.204492	4.04529
1.82047	0.0139155	0.404921
0.00711614	2.48371	1.8459
1.17517	0.000678891	4.87471
0.732659	0.95887	0.0995363
0.00615892	0.587159	4.59211
0.259687	1.13828	1.50986
0.0386929	1.19508	2.40676
0.105027	0.302796	3.60216
0.0515984	0.337239	4.69318
0.0475479	3.11711	0.320149
1.08963	0.397147	0.666033
0.376473	0.245322	2.60883
1.16892	0.00287107	5.0693
0.284872	0.0152079	4.44651
0.0469847	3.04564	1.17533
0.240333	0.437971	2.82732
0.00275454	0.139064	5.20323
0.592503	0.521666	1.29612
0.266662	1.96708	0.36474
0.52038	0.0992536	2.86766
0.0047459	0.62544	4.1963
0.0532973	0.0299865	4.94761
0.220412	0.448768	3.46746
1.62874	0.0729027	0.134462
0.416592	1.51739	0.638087
0.00471177	3.72735	0.515565
1.89994	0.0120075	0.0742441
0.984741	0.505804	1.19441
0.531078	1.32468	0.499457
1.86409	0.014373	0.0127232
0.0395944	3.2102	0.293528
0.308923	1.84986	0.480038
0.0551439	0.0148922	5.28162
0.823511	0.734484	0.734813
0.795321	0.241756	2.00605
0.000501976	2.42281	4.16559
0.269983	1.06096	1.84752
0.0189488	2.32771	2.11919
0.223886	2.0854	0.97987
0.000935298	2.39722	4.34487
0.581762	1.2482	0.0400585
1.39494	0.178916	0.701712
0.679171	0.375536	1.38558
0.50425	1.28904	0.87865
0.695825	0.35906	1.45521
0.0243055	0.0383291	5.35456
0.14156	0.260797	3.81727
1.29787	0.228552	0.771754
1.77511	0.0181783	0.654281
1.0942	0.0607812	1.78048
0.457098	0.636979	2.19592
1.33655	0.211716	0.171112
0.214775	2.13174	0.908511
0.539044	1.22077	0.845493
0.792147	0.219024	2.35924
0.0757097	2.8202	0.819771
1.1151	0.0348916	1.97482
0.00790324	1.44008	3.05439
0.0763779	0.317015	3.97184
1.60738	0.0820862	0.0451061
0.466068	1.34723	0.975948
1.46893	0.12447	1.19605
0.0490157	0.977372	3.38694
0.54313	0.552633	1.86495
1.5731	0.102092	0.119113
0.0148108	0.0951945	5.12209
0.0209767	3.42725	0.700314
1.24826	0.272182	0.929914
0.0648113	2.91819	0.766514
1.43556	0.151614	0.306828
0.280464	0.0701145	3.6783
1.49	0.126671	0.629725
1.23477	0.32748	0.0173646
0.118339	1.60175	2.12277
0.0844938	1.75575	1.48145
1.00394	0.539426	0.1017
0.122501	0.756823	3.30711
0.0132042	3.46784	0.628067
0.766352	0.859799	0.00319179
0.55959	0.543523	1.44
0.117637	2.67343	0.351059
0.04228	0.0222298	5.56984
0.617891	1.10841	0.23952
0.158968	1.45389	1.64559
0.0272478	3.25413	1.03712
0.0620505	1.02754	2.75354
0.884719	0.651485	0.588381
1.52409	0.104752	0.546884
0.382508	0.243911	2.71199
1.20406	0.0317717	1.41777
0.0695208	2.86537	0.728427
0.125651	2.55588	1.14589
0.011864	0.687803	3.76859
1.36934	0.192469	0.238412
0.0104586	0.0107082	5.85718
0.847189	0.754549	0.382863
0.364261	0.841889	1.67245
1.84198	0.000408092	3.19248
0.300406	0.972572	2.29763
0.402291	0.194504	3.08314
0.661972	0.407048	1.3247
0.341407	0.315693	2.9795
0.316644	1.8183	0.197747
0.0910181	2.02974	1.25515
0.0950599	1.78193	1.32345
1.13819	0.376838	0.432968
0.443569	0.22164	2.41177
1.72553	0.0360446	0.880585
0.962608	0.569156	0.272839
0.0132756	3.54793	0.0186491
0.706208	0.34097	1.69579
0.85988	0.66371	0.946416
0.40245	0.217438	2.53747
1.45656	0.157945	0.0439108
0.0177261	1.41875	2.46613
1.50635	0.107087	0.533229
1.27494	0.013516	2.24223
0.00307447	2.51951	1.72936
0.39055	1.57466	0.611001
1.01843	0.49443	0.84015
0.0234619	0.0427881	5.41216
0.0111499	3.58715	0.0199585
0.140389	1.67458	1.21547
0.00815972	1.44676	2.93182
0.434409	0.714713	1.4827
0.198947	0.0618546	4.27702
0.00227615	1.47396	3.36651
0.0906578	0.204094	4.35565
0.167204	1.37994	2.26771
0.893849	0.195904	1.26266
0.0522363	0.37678	4.15593
1.61105	0.0583115	1.01549
0.149636	0.109688	4.50148
1.32404	0.208635	0.822409
0.935919	0.594983	0.646373
0.00539888	0.064325	5.73141
1.02455	0.499082	0.20189
0.488898	0.136477	2.71205
0.24503	0.40613	3.54082
0.766923	0.821995	0.193181
0.0393536	0.0235925	5.51289
1.25928	0.262242	0.929045
0.0832199	2.81303	1.21522
0.0305551	3.26066	0.997542
0.187229	2.27945	0.42904
0.051716	0.0493825	4.77918
0.815426	0.227063	1.73923
1.91717	0.0142857	0.0228711
1.84198	0.000408092	3.19248
0.0580587	2.2182	1.26703
0.482735	0.77827	1.24908
0.236728	0.458104	3.33967
0.0104655	3.68801	0.0591334
1.96925	0.00100667	0.000518048
0.00918338	3.6254	1.05641
0.196927	1.26383	2.27457
0.0615039	1.88781	2.34958
0.640205	0.413867	1.76988
0.283951	1.91445	0.214469
0.0173507	0.0318535	5.77451
0.871964	0.171991	1.58972
0.305691	0.0119053	4.52077
0.0233028	0.031158	5.46132
0.232288	2.05959	0.524346
0.35872	1.70809	0.166151
1.75358	0.0235744	1.24178
1.42329	0.166157	0.299142
0.0488597	0.04666	4.79418
0.351331	0.236179	3.53223
1.54561	0.110227	0.0831239
0.345195	0.884623	2.32708
0.127693	2.72501	0.256289
0.0763887	2.90111	0.283783
0.144711	0.702817	2.48856
