0.000163532	2.49722	3.38999
0.000367656	0.000154645	5.94346
0.000236035	3.98485	0.000221791
0.000610425	2.04575	5.4105
1.58388	0.0666772	1.15197
0.0118155	3.44569	1.1843
0.044457	3.15698	0.599958
0.114789	0.187774	4.31108
1.62657	0.056506	0.676291
0.0154415	2.57684	1.43028
0.000999055	3.89904	0.00269753
0.00583115	3.59167	0.675343
0.103521	1.02691	2.49725
0.0354387	3.37177	0.0781257
0.788501	0.755667	1.05827
0.3381	0.881258	1.85107
1.24617	0.00364883	3.32288
1.32569	0.276089	0.484436
0.0397814	0.0359252	5.27823
1.03752	0.07455	1.59535
1.98604	0.000539766	0.000437306
0.00317399	3.83929	0.00289652
0.429403	1.54704	0.0267848
1.91053	0.00448098	0.414506
0.116173	1.62369	1.7037
0.0439744	0.343576	4.49641
0.284478	1.90908	0.562624
0.29175	1.87044	0.509482
0.0452571	3.21256	0.049244
1.2897	0.247503	0.697197
1.53972	0.117693	0.0868603
1.87806	0.00475447	0.412846
0.130813	2.64041	0.0900538
1.85549	0.00555728	0.615929
0.249425	1.98383	0.888895
1.4237	0.149523	0.374972
0.321478	0.286827	3.1024
0.0556276	3.06853	0.109206
0.265648	1.9484	0.850311
0.0678409	2.87653	0.96361
1.65	0.0538924	0.419492
1.06756	0.509635	0.0532705
0.388692	0.858453	1.72851
0.244679	0.477565	2.88666
0.0497058	0.00478836	5.55892
0.214521	1.38352	1.28532
1.23597	0.0138989	1.43728
0.003442	3.78074	0.18108
0.0233493	2.14464	2.28091
1.4639	0.136862	0.905662
0.479926	0.64593	1.6166
0.652349	0.00845418	3.86257
0.0645057	2.92529	0.828962
1.94084	0.0026679	0.00351695
0.122876	1.72021	1.53359
1.72343	0.0225404	1.07814
1.82766	0.0192074	0.0697298
0.874597	0.203735	2.05353
0.148497	1.47464	2.28668
0.138328	0.168116	3.76829
1.33921	0.226979	0.129049
0.311788	1.84231	0.286583
1.20612	0.0313929	1.65679
1.81359	0.0123492	0.888242
1.68296	0.035514	0.771713
0.100656	2.68247	1.0985
0.553022	0.523337	2.58226
1.10166	0.381456	0.976839
0.0895873	2.81684	0.649451
0.0891817	0.799499	3.44853
0.00331691	3.75253	1.38774
0.270138	1.20101	1.21049
0.692441	0.404904	1.52822
0.171289	2.38306	0.206822
0.805462	0.23044	1.46336
1.7865	0.0385028	0.0289089
0.0777163	2.78028	1.15539
1.74786	0.0246822	1.05807
1.35893	0.201905	0.449631
1.71182	0.0691753	0.0332878
0.00676159	1.24623	5.03064
0.000171851	2.34972	5.11957
0.332605	1.79489	0.245121
0.0302768	2.17111	1.64442
0.955423	0.572705	0.775116
1.26349	0.2934	0.123675
1.2041	0.327839	0.387796
0.368168	0.26804	2.86928
0.441043	0.716253	1.92561
0.0292203	0.0395479	5.61854
0.154319	2.44102	0.209374
0.532429	1.3538	0.0433791
0.388817	0.253275	2.77199
0.44241	0.00419445	4.42223
0.326403	0.900676	2.35549
1.38952	0.166917	0.585465
1.17091	0.0263915	1.7834
0.0579534	3.00298	0.639865
1.10594	0.407238	0.806793
0.414398	0.727075	2.02954
0.0388077	1.17527	2.41718
0.101804	2.72812	0.797743
0.428816	0.720271	2.23068
0.0643701	3.00931	0.36703
0.644487	1.05842	0.0832149
1.48118	0.161894	0.0287537
0.0130788	0.819526	3.64519
0.613513	1.08811	0.152506
0.499229	1.28126	1.14383
0.962042	0.14281	1.22654
1.50572	0.134481	0.368048
1.15555	0.341884	0.740678
0.21099	0.536363	3.162
1.13322	0.0432601	1.64046
0.464383	0.69329	1.83463
0.104278	1.80508	1.34364
0.859892	0.681197	0.545623
0.194868	2.2186	0.562986
0.249767	0.4242	3.2503
0.985318	0.530822	0.53815
0.761737	0.895594	0.0212854
0.0167511	1.41486	2.9367
0.0517599	0.0734717	4.79077
1.41741	0.174852	0.155752
0.248375	0.458936	2.62035
0.518945	1.2707	0.968376
0.28809	1.84975	0.910131
0.028305	3.31829	0.558833
0.0995251	0.19966	4.66152
0.18007	2.28	1.03394
0.0232162	2.24628	1.49009
0.0186259	1.66327	2.40854
0.00209957	1.43806	3.76813
0.899517	0.150719	2.04157
0.361632	1.74606	0.266404
0.572384	1.24469	0.016595
0.712842	0.356087	1.81408
0.0309862	2.11269	2.09331
0.260498	1.08661	2.12447
0.841951	0.774809	0.0200054
0.105109	0.201473	4.57702
0.346947	0.933674	1.24727
0.000248519	2.47478	3.67634
0.942373	0.135889	1.31011
0.0147231	0.123384	5.23109
0.0744599	2.86274	0.410298
1.53119	0.120481	0.132867
0.358283	0.010738	3.74092
1.13585	0.390349	0.304103
0.371661	1.66242	0.387111
0.593931	0.0370629	3.57442
0.938781	0.144909	1.54182
0.178115	0.545029	3.47641
0.124806	0.175481	4.13359
0.073018	0.941679	3.18743
0.0622881	3.06826	0.115145
0.224438	0.450922	3.24261
0.319512	0.302991	3.02648
0.464083	0.650663	2.15589
0.758444	0.797269	1.12375
0.0489913	0.0807278	4.79086
1.0334	0.495183	0.402084
0.0130139	0.196266	4.86099
0.509915	1.30227	0.620841
0.312051	0.321346	2.95121
1.76917	0.0213501	1.05906
0.707934	0.971973	0.218793
0.0292672	3.3177	0.191398
0.00251128	0.00357618	5.85277
0.0324319	2.08777	2.29753
0.0372169	1.05221	3.53931
0.447277	0.00379092	4.5912
0.0144979	3.49795	0.152503
0.44023	1.41998	1.16108
0.57514	1.12207	1.00997
0.117201	0.201276	3.98677
1.66538	0.0606316	0.238618
0.224794	0.486132	2.81905
0.205067	0.483974	3.60573
0.0761916	2.95609	0.191681
0.661963	1.01117	0.16252
0.73093	0.313153	1.98025
0.815417	0.0217484	2.76601
0.000151979	0.00015341	5.9954
0.479274	1.40331	0.000390546
0.0978381	2.78252	0.109263
0.0203381	0.564327	3.80595
1.85112	0.00830431	0.580183
0.341825	0.886034	2.36657
0.0130149	3.58295	0.643352
0.016288	2.2852	1.78364
0.214285	0.515387	2.72187
0.272488	1.89642	0.927314
1.17511	0.347579	0.80802
0.105014	2.67676	0.745667
1.1056	0.428596	0.203915
1.13974	0.0403245	2.18149
1.0019	0.482009	1.09515
0.385006	1.76634	0.0705875
1.65971	0.0568471	0.397177
0.0449024	3.1112	0.504262
0.193062	2.24516	0.776526
0.00236553	3.81234	0.463922
0.0904022	2.826	0.343852
0.214091	0.456591	3.4701
1.06572	0.41731	1.05223
1.02224	0.471437	0.978653
1.43165	0.156749	0.523217
0.293388	0.0119383	4.47506
0.720961	0.343286	2.09885
0.0833322	2.89313	0.12023
0.0134237	3.48389	1.05406
1.39022	0.175117	0.708114
0.0752375	2.94043	0.121382
0.208033	2.21265	0.305221
0.978465	0.101211	1.61508
0.0280901	0.0431529	5.47249
1.56122	0.10445	0.30108
0.665447	1.04255	0.127356
0.00460619	3.75551	0.667712
0.638447	0.00121732	5.2773
0.242133	1.27089	1.26157
0.406459	1.5469	0.601164
0.0376053	0.0266058	5.60406
0.0508668	3.04122	0.662734
0.175551	0.588893	3.31122
0.574578	0.0616245	2.79565
0.0582483	1.94902	1.40908
1.53335	0.0869272	0.908253
1.97762	0.000788012	0.000540059
0.0135325	0.0383072	5.74166
0.163551	0.599431	3.56535
0.744793	0.831281	0.633568
0.544258	0.0585971	3.54746
0.0569125	2.9979	0.371724
0.12404	2.59672	0.264852
0.653064	1.07912	0.155586
0.130042	0.680728	3.3507
0.152411	2.53113	0.12657
0.575329	0.482389	2.04744
0.0268778	2.1759	2.31064
0.0163147	3.5155	0.0326928
0.0374303	3.21891	0.737485
0.0955172	0.217707	4.27172
0.185517	2.33877	0.503677
0.336343	1.73929	0.474854
0.30726	0.00665173	4.3743
1.27223	0.282099	0.140972
0.253685	2.00668	1.1646
0.0773298	0.253324	4.18955
0.184024	0.584377	3.22889
0.28942	0.0289982	4.13437
0.782861	0.254371	1.55543
0.285586	0.384692	3.08545
1.60006	0.0883432	0.00938726
0.0130987	0.0835418	5.68381
0.170609	0.590512	3.41501
0.258708	0.389422	3.17354
0.616841	0.0436261	3.07767
0.444108	1.48741	0.28174
0.220291	0.567504	2.5864
0.0198845	0.0557867	5.0113
1.03326	0.477925	0.522605
0.0104187	2.39347	1.89171
0.0241653	3.36209	0.347473
0.00361782	1.57832	2.48449
1.35581	0.208483	0.526297
1.89017	0.00293711	0.516635
1.7211	0.0260595	0.709306
0.106835	1.70725	1.47897
0.819705	0.234981	1.35745
0.0127673	2.37525	1.37687
1.11552	0.0450338	1.9144
0.431989	0.280228	3.11064
0.0509857	3.26064	0.0171599
0.14173	2.55142	0.180632
0.767678	0.26663	1.73634
1.29723	0.265683	0.0764782
0.599239	0.479881	1.65152
0.0831186	0.268532	3.89965
1.7288	0.0222258	1.11602
0.524975	0.107674	2.52726
1.21122	0.028056	1.77375
0.692967	0.418992	1.30309
0.0104231	0.104527	5.51672
1.18142	0.0197871	2.06358
0.360142	1.69103	0.489889
0.317777	0.298721	2.95604
0.653034	0.391826	2.12788
0.0229819	3.42359	0.0150537
0.703514	0.966684	0.12682
0.269087	2.02226	0.0338358
0.14463	2.41774	0.767591
0.921343	0.130939	1.90193
0.366313	0.284099	2.67659
0.45432	1.46035	0.561024
0.413156	1.50962	0.595669
1.20555	0.0311045	1.94697
0.847653	0.708915	0.357398
0.0393523	2.07199	2.21577
0.732865	0.0604684	2.43682
0.890082	0.643279	0.730815
0.0340726	0.0629944	4.88458
0.464467	0.690658	1.99701
0.151148	2.47377	0.58874
0.363315	1.6515	0.414923
1.50225	0.137406	0.289949
0.323191	0.302156	2.86829
1.75358	0.0235872	1.02657
0.048758	0.081929	4.81212
0.622829	0.0464908	3.00846
0.0178349	0.576112	4.57228
0.299312	0.00661934	4.55081
0.305143	1.97437	0.0501651
0.0101972	0.0686919	5.83944
0.0275001	0.050624	5.103
0.0321341	0.450035	4.69032
0.850417	0.705314	0.357497
0.944509	0.178291	1.65584
1.45922	0.151728	0.024853
1.15072	0.0204184	2.32093
0.807568	0.277744	1.21763
0.0139549	0.505395	4.65033
1.47966	0.122308	0.413021
1.32016	0.231004	0.166881
0.323381	1.00924	1.32574
0.0959168	0.929571	2.68113
0.0789076	0.233279	4.39476
0.00144839	3.88554	0.320352
1.60716	0.0653787	1.01449
0.186899	1.3369	1.99016
0.02956	0.0449962	5.19814
0.912769	0.60782	0.997703
0.0517162	3.17392	0.0207862
0.249763	1.14001	1.95364
1.25096	0.0266732	1.22632
1.33751	0.220575	0.257959
1.89605	0.00226753	0.447631
0.757073	0.844132	0.425297
1.16057	0.0329337	1.69673
0.34653	0.865037	2.26441
0.107063	0.202402	4.24747
0.681861	0.034617	2.60477
1.44702	0.135472	0.716616
0.960003	0.15982	1.25965
1.0636	0.421216	1.05311
0.509256	1.37727	0.0297067
0.00179583	0.740132	3.64608
1.7735	0.0254682	0.332069
0.562997	1.19809	0.747255
0.512663	1.24244	0.857284
1.5447	0.0905299	0.465002
0.00651808	0.123934	4.94612
0.00768742	1.4962	2.62625
0.490038	1.35623	0.422652
0.295716	1.86626	0.683068
0.969366	0.157331	1.41648
1.23439	0.295765	0.560356
0.0310166	2.26973	1.67991
0.0907979	1.81193	2.05687
0.0490828	3.15417	0.316939
0.875133	0.206031	1.19975
0.625341	0.0194653	4.01319
0.00878456	0.724817	3.74712
0.54623	1.28969	0.0132132
0.518923	0.574758	1.58169
0.0654266	0.957738	2.86888
0.257419	0.0308023	3.95207
0.905085	0.648667	0.242632
1.99397	0.000343627	0.000323434
0.000885573	3.94661	0.00535923
0.0127033	3.51495	1.10749
0.94043	0.602068	0.566118
0.00363368	3.83762	0.0694963
1.5237	0.129036	0.722179
0.430197	1.44949	1.14075
0.0436173	0.0321385	5.25723
0.00670894	3.6004	0.454092
0.350521	0.0233172	3.81531
0.00451599	3.70046	0.673232
1.67344	0.0457533	0.284881
0.920076	0.574434	1.05587
0.599932	1.06055	0.947747
0.483104	1.35595	0.982003
0.00839924	0.0930178	5.6819
0.265807	1.92304	0.990818
0.117218	2.67932	0.436432
0.0292638	3.35022	0.144683
1.06216	0.0825679	1.27094
1.8701	0.010316	0.33557
0.296747	0.366251	2.89848
1.48581	0.138594	0.0265823
0.0344589	2.04232	2.3252
0.0239892	1.21979	3.52874
1.02409	0.454704	0.967515
1.04993	0.467782	0.22907
1.09093	0.0616506	1.43473
1.14197	0.0313956	1.79228
0.0156138	0.0260629	5.79494
0.525625	0.614707	1.55838
0.0405775	0.395628	3.93368
0.997334	0.544928	0.0766855
0.884348	0.211405	1.22954
0.0535517	3.12453	0.130506
1.3111	0.00942852	2.15323
0.0804842	2.82576	0.613477
0.0809015	1.75316	1.88372
0.285668	0.991132	2.24214
0.339064	0.332942	2.98713
0.120928	0.223708	3.98298
1.7061	0.0417038	0.485702
0.0359224	3.1631	1.03011
1.25851	0.262711	0.888387
1.64612	0.0556269	0.38153
1.6285	0.0530677	0.846903
1.81038	0.0194787	0.491683
1.44917	0.138351	0.653148
0.320277	0.296085	3.50923
0.23194	2.15925	0.188797
1.22638	0.0257872	1.5848
0.035419	2.08858	1.94397
0.0198288	2.5049	1.60001
0.0355828	3.37425	0.0480005
1.72169	0.0410798	0.222632
0.0861668	0.193499	4.74921
0.301021	1.83741	0.532378
0.109639	1.60231	1.8662
0.110296	2.60347	0.780384
0.00416423	3.76826	0.214543
0.0107348	0.675679	3.7828
0.503453	1.3104	0.465388
0.0421617	3.20317	0.416007
1.75425	0.0283327	0.382937
0.274	1.89569	0.771955
0.694434	0.332887	2.07423
0.584353	0.072741	3.04474
1.41842	0.154498	0.353248
0.716205	0.314873	1.6371
0.0168221	0.0409034	5.48468
0.845817	0.692215	0.58604
0.102294	1.70503	1.77919
0.107824	1.6598	1.6417
0.468327	0.135242	2.94853
0.363184	0.856953	1.90255
1.7862	0.0254487	0.023507
0.00187748	0.526804	5.30766
0.239506	0.039082	4.64253
0.0663625	0.261321	4.45573
0.274789	0.421554	3.19654
0.902101	0.199733	1.20533
0.0573562	2.92296	1.17666
0.392656	0.276897	2.68997
1.60001	0.0709823	0.43021
0.113728	0.156925	4.68694
0.494915	0.650202	1.58617
0.447349	0.142262	3.42336
0.0767421	0.876693	3.28856
0.153881	0.125138	4.20951
0.250276	2.02019	0.791301
1.11426	0.0357064	2.16423
0.0202985	3.57828	0.0141761
0.232808	1.13904	2.24325
0.268795	0.0472374	4.31162
0.122695	0.275921	3.67325
1.29061	0.26916	0.133899
0.00422872	3.81832	0.108332
1.8309	0.0181088	0.0163936
0.0122971	0.567406	4.97857
0.0052381	1.68009	2.40743
0.0614602	0.284885	4.49512
0.822658	0.779373	0.692573
0.270364	0.416452	3.25948
0.0988056	2.75749	0.339322
1.07707	0.06362	1.76242
0.629761	1.10795	0.0204067
0.140123	0.745808	2.47629
0.359325	0.902671	1.70968
0.686757	0.942402	0.937227
0.658443	0.372504	2.02252
0.317653	0.0137735	4.12681
0.0952689	2.73308	1.01557
0.00727369	1.58086	2.39877
0.399235	1.57444	0.749301
0.12771	1.6183	1.34234
0.0176582	2.54091	1.57811
0.146136	1.5004	2.01896
1.39884	0.179511	0.51521
0.0470362	0.368982	4.80944
0.0892699	0.947201	2.53778
0.452841	0.133731	3.3739
0.162818	0.150354	4.08345
0.780911	0.246849	2.10059
0.163786	2.44553	0.0178426
0.65393	0.434418	1.34591
0.0386647	0.0231537	5.44132
0.00870065	0.711675	3.5963
0.00487253	1.40941	3.02215
1.37919	0.170894	1.09166
0.962696	0.54602	0.525627
0.0119696	2.32282	1.98057
0.0418647	2.12217	1.46407
0.976542	0.100393	2.00595
0.000398276	0.00165611	5.89203
0.517642	1.30532	0.432583
0.675368	0.95953	0.936293
1.20601	0.35541	0.296112
1.34362	0.221319	0.27785
1.46388	0.135865	0.256067
0.0480823	3.02295	0.910428
0.226672	0.450091	3.33382
0.54673	0.560071	1.50749
0.186397	2.28178	0.861781
0.383549	0.835685	1.74262
1.35927	0.222519	0.0287503
0.424324	1.52002	0.723622
0.00539824	3.72039	0.00591587
1.58061	0.0668074	1.07005
0.169364	2.43636	0.0905828
1.32934	0.00945673	1.78684
0.0191625	0.178822	4.90716
0.0720544	2.85969	0.912744
0.000302479	0.000342657	5.9758
0.0355792	1.26168	3.16031
0.968198	0.533183	0.647411
0.664562	1.00898	0.119924
0.636698	0.405765	1.68714
0.196394	0.0981576	3.94272
1.85189	0.0124016	0.012126
0.0604462	3.00267	0.528804
0.743336	0.34423	1.40211
0.0120541	1.39013	2.61266
0.533686	1.19956	0.901652
1.96743	0.00177248	0.00120209
0.00285007	1.55267	2.46275
0.0119156	1.38931	2.61675
1.7638	0.0206924	0.847931
0.0465387	3.07045	0.990763
0.0423537	1.97416	2.3252
0.76324	0.79047	1.19189
0.741418	0.812448	1.1727
0.702333	0.335662	1.74267
0.00990485	1.37453	2.70228
0.240083	1.17972	1.59354
0.0357348	0.0234879	5.60877
0.0730055	2.88811	0.545733
1.16201	0.34809	0.337192
0.0753409	1.78216	1.68049
0.853442	0.699156	0.445343
0.56638	0.455129	2.27887
0.156978	0.66853	3.45734
0.000272072	3.99995	0.0002721
1.99695	0.000360318	0.000354577
0.00385924	3.76067	0.000268004
1.11992	0.371778	0.875746
1.87133	0.0119148	0.271339
0.415768	1.53075	0.432197
1.31614	0.00699075	1.50979
0.335592	0.986235	1.43834
0.388	1.59405	0.313806
0.0668143	0.0137724	5.11756
0.0165412	0.122296	5.18745
0.0150077	2.25359	2.10761
0.0810425	1.77603	1.7996
0.61198	0.044259	3.47459
0.818716	0.726744	0.978884
0.0350353	3.31039	0.881626
0.236819	2.17141	0.160455
0.0289769	3.36413	0.245514
1.23677	0.0025949	3.39284
0.0589665	0.00876463	5.60685
0.0587436	0.0490258	4.95626
0.00257137	3.81893	0.0795232
0.710139	0.00737311	3.57412
1.14523	0.348083	1.17128
1.18885	0.0286673	1.3958
1.92397	0.00920123	0.0260424
0.058863	2.97045	1.05857
0.725526	0.0132222	2.46981
1.66472	0.0496536	0.208043
0.0197086	0.609751	4.23643
0.0879836	2.9144	0.0658065
0.0224069	0.0506388	5.34333
0.410356	1.48765	1.19732
1.07318	0.469313	0.0756228
1.71706	0.0390143	0.309825
1.51349	0.133107	0.0239684
0.623162	1.04477	1.1512
0.835876	0.75554	0.0126781
0.0745753	2.87942	0.195498
0.322509	0.952559	1.85997
0.688598	0.0107551	3.26976
0.0385758	3.24089	0.329906
1.96445	0.000885643	0.225083
1.28632	0.00370821	2.23471
1.5474	0.0925841	1.09792
1.63758	0.0692718	0.0146799
0.941742	0.571993	0.740216
1.42688	0.170824	0.438625
0.0272793	1.26959	2.98626
1.75127	0.0370979	0.724293
0.050092	1.93632	1.87559
0.0631215	0.295713	4.48035
1.49727	0.114316	0.904083
0.549581	0.504266	2.25236
0.0111275	0.039826	5.79667
0.640011	0.453049	1.50191
0.273265	1.10438	1.55864
0.799574	0.752984	1.09948
0.206863	0.0818341	3.95768
0.0208705	3.50713	0.0976038
0.191636	2.30866	0.358266
1.47135	0.130838	0.523679
0.121507	2.63809	0.254651
0.0109742	3.58705	0.934614
0.578172	0.0876607	2.6303
0.103361	0.239499	4.035
0.0974476	1.81883	1.51506
0.000608541	0.000622406	5.98724
0.36327	1.6709	0.660355
0.0399387	0.376673	4.19003
0.704041	0.892509	0.802741
1.44077	0.13958	1.04665
0.0913043	0.212264	4.74375
0.0437489	3.14244	0.171509
0.200248	1.27657	1.77545
0.863176	0.681331	0.423754
0.136902	0.713429	3.07273
0.780469	0.798926	0.322869
1.16834	0.334805	0.842703
1.27753	0.0135151	1.70132
0.0399883	3.42511	0.0508125
1.22139	0.0102708	2.70157
0.162163	2.4376	0.260272
0.0895417	0.902764	3.35829
0.118399	2.54763	1.05602
1.61603	0.0866961	0.00880253
0.0124716	3.55078	0.0798567
0.746133	0.877293	0.161392
0.476842	0.687966	1.89831
0.0141742	3.46538	0.655307
0.00163179	0.00233814	5.86192
0.592294	0.039519	3.77123
0.264348	0.0127685	4.59346
0.0437955	2.02338	1.58213
0.523025	1.34393	0.0226938
1.69117	0.0455973	0.701474
0.0531311	3.02936	0.43032
0.04895	1.08938	2.55347
0.0738227	1.8956	1.58213
0.114393	2.72848	0.0459315
0.0988446	2.81797	0.0926165
1.80425	0.0180511	0.126842
1.4047	0.179372	0.0690976
0.237392	0.43037	3.45321
0.034448	3.18881	0.955405
0.441251	1.4019	1.19212
0.294611	1.86184	0.637307
0.075408	0.254666	4.4011
1.0131	0.475233	1.07201
0.055791	3.08885	0.00860868
0.17044	1.39649	2.11884
1.21147	0.300504	1.09936
0.761935	0.903804	0.0879532
0.889438	0.226309	1.22124
0.217984	0.54605	2.87553
0.990675	0.0944769	1.95944
0.0185715	2.38365	2.08865
0.107581	2.66546	0.504225
0.0333009	1.15381	3.2188
0.000474043	3.88605	0.200145
0.228786	0.409874	3.63405
0.673787	0.938485	1.27929
0.00399385	2.50396	2.07846
0.124611	2.58338	0.583702
0.0796538	0.933835	2.74992
0.310453	1.83455	0.105345
0.924719	0.631345	0.462764
0.0107234	1.4392	2.80857
1.02999	0.084219	2.01614
0.00623895	3.71509	0.272008
0.0379946	2.07945	1.87465
0.0441387	0.00599222	5.67668
0.0410672	0.403464	3.76594
0.000474043	3.88605	0.200145
0.0623585	1.98009	1.56864
1.76914	0.0180185	0.840443
0.298552	1.8681	0.130946
0.903673	0.635745	0.965
1.92939	0.0028818	0.00036268
0.0647085	2.12153	1.24257
0.0376242	2.05598	2.04272
0.180228	0.120256	3.89381
0.356799	0.838719	2.37073
0.0644403	2.14325	1.30278
0.197215	0.562203	2.66932
0.591773	1.12756	0.397666
0.338317	1.74233	0.380289
0.21976	1.23256	2.1736
1.82901	0.026787	0.022753
0.958313	0.130237	1.35646
0.141813	2.4664	1.15024
0.629073	0.0419031	2.84659
0.480881	0.144164	2.78851
0.133531	0.770518	2.53263
0.0192684	0.0306711	5.69896
0.160298	1.60892	1.42226
0.534296	1.20291	0.827727
0.918811	0.142187	1.93952
0.21976	1.23256	2.1736
0.231061	1.17451	1.66897
0.0550463	3.03975	0.240473
0.0800354	0.0193764	4.93921
0.984475	0.0969413	2.00232
0.0250767	0.625509	4.14829
0.55524	0.0870527	3.19189
1.59579	0.0670568	0.543897
0.498571	1.30922	0.707968
1.16293	0.332612	0.945943
0.00674749	2.49401	1.61101
0.458625	1.42114	0.526273
0.0781691	0.248423	4.37737
0.00258493	2.7051	1.36852
0.146007	0.774069	2.45893
0.550343	0.0728212	3.28777
1.70117	0.033748	0.816982
1.25515	0.268039	0.520044
0.49106	1.36423	0.362604
0.138884	2.58049	0.767305
0.00020298	2.43612	4.16813
0.000214224	3.98613	0.000202662
1.99836	0.000204305	0.000205238
0.000213164	0.000202044	5.98482
0.0090918	3.62342	0.000199786
0.000232411	2.26368	5.73411
0.489302	0.119824	2.90142
0.251204	0.0568086	4.23675
0.232518	0.0376351	4.37842
0.76342	0.0028272	3.06718
1.48877	0.114574	0.721464
0.00169908	2.37769	3.50714
0.00448826	2.68293	1.25142
0.166141	0.591733	3.57437
0.0019714	2.33835	4.0327
0.0341925	3.26301	0.259124
0.0857609	1.76502	2.18411
0.194943	0.0876837	4.44702
1.75061	0.0212613	1.05701
1.19929	0.324582	0.192291
0.0127889	1.33311	3.21152
0.503557	1.3766	0.370551
0.804274	0.778774	0.877272
0.00250068	3.64964	2.52344
1.12811	0.423431	0.0390535
0.468318	1.45602	0.0163424
0.834515	0.752995	0.223592
0.000404085	3.85114	0.92033
1.58132	0.0757673	1.08537
0.562649	0.527308	1.80617
0.00304784	0.114299	5.19897
0.0152289	3.4627	0.437858
0.00643241	2.58531	1.99501
0.00259969	3.78605	1.56787
0.13962	2.52532	0.69278
0.00315558	0.72296	3.75828
1.16849	0.315419	1.00894
0.790533	0.246703	1.52668
0.375191	1.61058	1.07479
1.29559	0.0242216	1.38434
0.23911	0.00471441	5.78341
1.23417	0.258106	1.02359
0.264444	1.96877	0.619901
0.298469	0.02703	4.15363
0.000797323	3.73132	2.23819
1.00404	0.546163	0.00692978
0.0725647	2.85803	0.436098
0.0618314	3.03889	0.12866
0.878511	0.661519	0.662133
0.213503	1.27805	1.6415
0.966482	0.127339	2.29042
0.0246739	3.40615	0.213417
1.44703	0.13742	0.441324
0.00514312	0.109092	5.53709
0.0121209	3.51521	1.13335
0.000896817	2.50466	3.31201
0.00630853	3.55932	1.06425
0.0508391	2.00847	1.61272
1.66388	0.0557895	0.596262
0.00126826	0.332711	5.63732
1.70712	0.0368601	0.888991
0.775207	0.782243	0.752717
0.0534162	3.19676	0.0124731
0.989289	0.552166	0.38708
0.000626693	2.23808	5.8653
0.114621	0.159779	4.5307
0.0766692	0.0128353	5.05608
0.705613	0.0246267	2.62261
0.326907	1.72504	1.10819
0.068646	2.99503	0.0143161
0.261088	1.95505	1.04085
1.16194	0.37205	0.0159628
0.012567	1.53782	2.64321
0.449691	0.689474	1.73366
1.64119	0.0632806	0.105365
0.226685	2.10739	0.486994
0.0272021	0.0292525	5.42807
1.37817	0.17535	0.762559
0.0287609	0.0306322	5.30685
1.69054	0.0436752	0.410687
1.51748	0.112811	0.193978
0.0673535	0.940035	3.45385
1.1095	0.418024	0.368641
0.0755524	2.90757	0.284365
0.0993363	0.194894	4.73802
0.00653067	0.70951	3.86321
0.433619	1.49601	0.160299
0.149563	0.668397	2.8488
0.725472	0.357073	1.26555
0.110879	0.222306	3.67081
0.00205294	3.69341	2.81467
0.34859	1.66452	1.11809
0.0525297	3.14175	0.233215
0.245707	0.447349	2.72565
0.2849	1.89724	0.468299
0.0108775	2.76371	1.22597
0.0261963	2.15989	2.36469
0.119934	0.171979	4.50978
0.583441	1.15916	0.46549
0.174492	0.57573	3.13124
1.08489	0.427946	0.361332
0.147594	0.132478	4.63023
0.0207052	2.32442	1.19648
0.939303	0.605342	0.648827
0.136296	1.45992	2.15398
0.415894	1.49532	0.66412
0.27992	1.02586	2.10501
0.00104131	3.90911	0.267853
0.458477	0.636231	2.33696
0.0771287	0.879994	3.45128
0.857056	0.209136	2.08906
1.8471	0.0129718	0.069431
0.400515	0.758455	2.27686
0.338752	0.92916	1.76214
0.617667	0.436645	2.02779
0.77123	0.835827	0.42566
1.89592	0.00840255	0.0319765
0.634449	1.07723	0.0977763
1.03098	0.47777	1.17831
0.679812	0.978272	0.460868
0.609635	1.11759	0.0970723
0.693539	0.0209606	2.73645
0.0443589	0.00878005	5.88646
0.544984	1.22206	0.390827
0.602242	1.10715	0.324042
1.8747	0.00487066	0.805333
0.00809467	2.47623	1.99469
1.61327	0.0578371	0.813324
1.31572	0.0122237	1.26033
0.00789873	0.741589	3.69629
1.82325	0.0241874	0.060597
1.92836	0.00552778	0.0327515
0.191895	1.29336	1.83325
1.77352	0.0172766	1.05694
0.387702	0.749585	2.3309
0.743558	0.295506	1.80113
0.914159	0.661602	0.0292204
0.0750173	1.83933	1.50055
0.417579	1.5366	0.13505
0.115591	1.6263	1.43429
1.40456	0.185433	0.0837376
0.310696	0.028762	3.9431
0.291474	0.0177048	4.64032
0.480595	1.3002	1.03599
1.64666	0.050671	0.737294
0.530582	0.0882606	3.4133
0.929519	0.150841	1.69083
0.74793	0.276834	1.72949
1.61236	0.0822846	0.0290428
0.129359	0.779583	2.80367
0.690103	0.0415562	2.4736
1.39379	0.00483761	1.30119
0.653956	0.404746	1.69042
0.0423376	3.09085	1.05811
1.05833	0.475084	0.078905
0.106641	0.213538	3.8219
0.251126	2.02478	0.322504
1.27985	0.224439	1.02366
0.000610636	2.2168	5.8687
0.0373849	3.16069	0.652398
0.380077	1.63446	0.493071
0.000519993	3.81395	1.13688
0.0938474	2.93794	0.205751
0.0596066	2.94937	1.06616
0.919707	0.203553	1.45194
0.021636	3.31129	1.15978
0.363272	0.894862	1.2624
1.25006	0.270123	0.592738
0.638421	0.376851	2.0638
0.0185273	1.36183	2.4305
0.141808	0.69946	3.23588
0.0063014	1.36647	3.25958
1.5653	0.079041	0.976123
0.10466	2.81674	0.131049
0.539327	1.22559	0.307028
1.3321	0.20348	1.23382
0.29512	1.90825	0.463271
0.0219685	3.36397	0.535936
1.4249	0.147302	0.807158
0.0409037	0.043947	4.876
0.230479	0.0709699	3.9862
0.0124675	0.0948499	5.37876
0.669917	0.992946	0.335787
0.056684	1.0556	2.56613
0.225625	2.17923	0.0187169
0.0585915	0.0250712	4.95429
0.165366	0.644984	2.87802
0.109957	2.62229	1.14229
0.184365	0.614936	2.88354
1.26147	0.262667	0.53455
0.000158747	2.95461	2.17533
1.99984	0.000189832	0.000211379
1.99952	0.000153311	0.000727664
1.96458	0.000822867	0.000210678
0.00369166	2.58775	1.71934
0.173111	1.42468	1.79072
0.0173027	2.32389	2.37257
0.533706	0.00280012	5.67101
0.0586781	1.02816	3.05571
0.0486662	3.05429	0.585094
0.279155	1.93159	0.185531
1.75661	0.0274908	0.721537
0.0540127	0.00734802	5.47682
0.013223	0.0865247	5.32879
0.109514	0.230397	3.80803
1.41231	0.00184487	1.36869
0.693298	0.912506	1.08378
0.105753	2.68617	0.826002
1.45529	0.144713	0.240957
0.24278	1.11013	2.26305
0.911461	0.170867	1.6044
0.0306427	0.0304562	5.54391
0.349832	0.834037	2.27649
0.505952	0.111972	3.01088
1.1959	0.0248959	1.89687
0.0352198	3.18341	0.861138
0.189729	2.26559	0.59638
0.00589967	0.547892	4.72376
0.40474	1.53904	0.430085
0.0110696	0.0147751	5.86614
0.462813	0.139901	2.94598
0.444113	0.734827	1.29252
0.126297	2.71207	0.179417
0.209929	2.18532	0.760065
0.248178	0.0318015	4.35028
0.0999791	2.7884	0.154661
0.268409	0.0467033	3.67147
0.334421	1.80059	0.205571
0.050053	3.00153	1.04844
0.00539686	1.30991	4.64161
0.0372999	3.37763	0.096683
0.112223	0.186573	4.51594
0.215254	0.0726918	3.86344
0.0750571	1.85547	2.0482
0.266995	2.01718	0.308842
0.0753533	0.300992	4.0483
0.714191	0.0091856	3.26392
0.00753604	1.36783	3.19651
1.47911	0.130937	0.473695
1.34502	0.208025	0.987405
1.3694	0.212194	0.261191
0.0883765	0.0248353	4.86338
0.0353708	1.19986	2.80938
0.25325	1.98179	0.689127
0.0243612	3.26527	1.13625
0.0551424	3.14843	0.0937951
0.149648	2.44956	0.53401
0.221598	0.52406	2.42512
0.0740242	2.8836	0.726125
0.238546	0.462577	2.88575
0.0432505	0.00382167	5.71842
1.88699	0.00339813	0.395154
1.08415	0.408366	0.825417
0.232865	0.501176	2.72435
0.290274	0.337852	3.51645
0.0973776	2.84626	0.0464556
1.16337	0.363959	0.1596
0.033376	0.016314	5.81516
0.019931	3.45453	0.361671
1.80281	0.0236344	0.257913
0.387852	0.80502	1.68987
0.166357	2.40478	0.958811
0.0144768	0.641902	4.27112
0.748198	0.88103	0.197276
1.39417	0.207514	0.460662
0.256993	0.431538	2.57065
0.000565812	3.94247	0.0025529
1.50338	0.130018	0.0196941
0.211527	0.461892	3.39098
0.0814093	1.83976	2.05156
1.30309	0.233565	0.24686
1.70594	0.0386989	1.0219
0.00252065	2.93066	2.65931
1.92838	0.00277367	0.000223794
0.00951867	3.51107	1.32787
0.0705104	0.00885639	5.22845
1.73173	0.0330882	0.701631
0.634905	0.434558	1.45424
0.223336	2.11434	0.674199
0.773607	0.816371	0.67061
0.357126	1.6759	0.791484
1.3218	0.015528	1.26148
1.53487	0.121781	0.120973
1.65781	0.058025	0.263318
0.120731	1.6453	1.83721
1.04634	0.081779	1.63798
0.421775	1.50379	0.590755
0.943963	0.148179	1.95292
0.381818	0.795684	2.008
0.47921	1.34874	0.714623
0.943041	0.162136	2.13012
1.55764	0.117417	0.125863
0.415022	0.743043	2.1787
0.535477	1.27525	0.0554181
0.661372	0.967275	1.1063
0.0754008	0.270517	4.43255
0.186146	2.25926	1.07363
0.751514	0.850785	0.67061
0.31885	1.00835	1.26546
0.102984	0.206967	4.18607
0.933432	0.664811	0.200683
0.483151	1.3253	0.951238
0.0239496	1.2004	3.13255
0.60098	1.12805	0.231099
0.502323	0.0991112	3.33537
1.82087	0.0232978	0.0159823
0.667757	0.0203151	3.56139
0.269985	0.00663005	5.02852
1.52638	0.107736	0.335808
1.25665	0.254989	0.690344
0.0233509	1.17492	3.45857
0.00320826	3.73272	1.19776
0.0175655	0.0977074	5.11985
1.62517	0.0976767	0.0204575
1.03627	0.49586	0.134513
0.0194493	0.634801	4.41505
0.00978678	3.67787	0.00649573
1.26762	0.00806991	1.55171
0.130982	0.153383	4.23456
0.550144	0.592171	1.54897
0.0100405	0.684584	3.94441
0.083705	2.81211	0.410204
0.825934	0.703134	1.18847
0.334503	0.305986	2.71251
0.72484	0.873688	0.545655
0.682171	0.936893	1.01951
1.12256	0.0612556	1.58751
0.13293	1.59398	1.48599
0.0261741	3.57066	0.0150809
0.274404	0.359046	3.28707
0.491558	0.619721	2.23356
1.18066	0.403396	0.076661
0.104	0.207887	4.10803
0.610908	0.414931	2.0878
1.6364	0.0668895	0.186395
0.089606	0.322275	3.61302
0.422335	1.50547	0.555469
0.00488629	1.37088	3.94847
0.1877	2.31112	0.249315
0.866341	0.650261	0.833044
0.0161902	0.129851	4.79978
0.367157	0.284869	2.62287
1.9995	0.000169915	0.000827787
0.648774	0.979888	1.0678
1.17059	0.0789542	1.23746
0.821308	0.752271	0.371964
0.030178	0.0684213	4.94553
0.12543	1.51622	2.08544
0.584851	1.15481	0.0904126
0.051509	2.9616	1.16855
0.242704	2.08261	0.577035
0.0371799	2.06356	2.23648
1.28931	0.230179	0.978019
0.00531828	3.7671	0.00411061
0.559356	0.0571362	3.48995
0.997076	0.560512	0.0311295
0.164172	2.43274	0.465564
0.542752	0.59498	1.4273
0.0346269	1.2495	2.61836
0.988157	0.145293	1.27507
0.57275	1.14019	0.498423
0.0357468	0.0556047	5.15753
0.806219	0.267028	1.42405
0.0834236	0.216412	4.77671
0.301541	0.0149403	4.59643
0.792919	0.784677	0.281675
1.13395	0.0997828	1.24209
0.356984	1.65975	0.881128
1.28364	0.273778	0.495235
0.790136	0.779319	0.467671
0.0290246	1.21864	3.09292
1.60128	0.0748183	0.0837031
0.0175688	3.58095	0.00851536
0.616407	0.000151037	5.85724
0.000158747	2.95461	2.17533
1.99963	0.000214705	0.000214617
0.000357366	3.99278	0.000355608
0.641583	1.0648	0.000205998
1.77763	0.00376775	2.89368
1.82394	0.0139352	0.0488741
0.00654979	3.71395	0.0391999
0.00238965	2.80507	1.42256
1.15405	0.0431726	1.43787
1.9861	0.000477351	0.0482258
0.00274679	2.5668	1.5096
1.92471	0.00669186	0.101704
1.71924	0.036267	0.825796
0.159223	0.142798	4.02968
0.0217714	0.535459	4.15031
0.468404	1.37051	0.58299
1.23888	0.289643	0.384957
1.28754	0.25479	0.832827
0.000171851	2.34972	5.11957
1.8899	0.00472443	0.213708
0.426994	0.755855	1.66521
1.44321	0.148911	0.89115
1.63666	0.0610693	0.534735
0.433034	1.51354	0.00387817
0.0581103	0.355176	4.35647
1.10175	0.0794163	1.56845
1.18687	0.32124	0.563594
1.59268	0.0662186	0.951685
1.41975	0.159225	0.19343
0.0101719	3.50059	0.998751
0.297574	1.87892	0.426917
0.860544	0.667758	0.694619
1.75347	0.0333414	0.0140028
0.0248101	0.448958	4.46343
0.0469012	3.10994	0.5079
0.0404823	2.06297	2.08632
0.0284416	1.1373	3.32434
0.337872	1.75459	0.455684
0.838575	0.213994	1.62565
0.522039	1.31835	0.027513
1.60858	0.0863778	0.137287
0.0275029	3.2647	0.565558
0.00153466	2.46411	3.80776
0.617424	0.00305027	5.42831
0.0243804	1.28023	2.5903
0.00161073	2.4904	2.66982
0.70908	0.915527	0.761139
0.0105229	3.6287	0.00180545
0.0989091	2.74421	0.218886
1.11709	0.0335066	1.91371
1.66042	0.0557568	0.770915
0.0221977	3.40327	0.174312
0.105645	2.6634	0.434742
0.106458	2.65721	0.434544
0.025604	0.591591	3.69765
0.724486	0.883541	0.617902
1.12603	0.393728	0.313739
0.374062	1.68623	0.00406533
1.07567	0.0659902	1.6857
0.0229584	0.567016	3.77865
0.321486	1.82876	0.448329
0.354076	0.827448	2.29656
0.0654524	1.962	1.76146
0.00439008	3.88131	0.0312668
0.312092	0.0100396	4.53782
0.235199	2.10894	0.488501
0.024216	3.32838	0.559621
0.178661	1.39254	1.36055
0.832088	0.717998	0.650447
0.0333612	3.22828	0.475712
0.0047087	3.82388	0.0442683
0.0885031	0.329655	3.70559
0.160036	1.39909	2.22905
0.220857	0.431979	3.37331
0.185873	0.559262	3.02274
0.0111659	3.56435	0.26059
0.0417451	3.17828	1.17738
0.0804256	0.246561	3.97958
0.00332295	0.0816242	5.58053
0.972146	0.114853	1.62933
0.419266	0.708695	2.28319
0.00934608	1.4337	3.05821
0.0305175	2.17601	1.97452
0.488674	0.623134	1.98032
0.364861	1.61993	1.21427
0.0122802	0.504437	4.58365
1.142	0.0273189	2.06032
0.414338	0.804169	1.28848
0.399326	0.217129	3.27634
1.56154	0.104739	0.0523563
0.424999	1.46104	1.14748
1.06122	0.445473	0.65878
0.757685	0.824827	1.15515
0.0263211	3.45094	0.0154049
0.259269	2.00909	1.01602
1.20674	0.307695	1.0129
0.955101	0.0971886	2.16572
0.66177	0.974659	1.08461
0.209773	0.479973	3.4838
1.04607	0.517764	0.0159544
0.0173549	3.53302	0.0645647
0.131282	0.127996	4.6569
0.126168	1.54161	2.35816
1.49373	0.138432	0.13718
0.159742	2.40561	0.279513
1.47719	0.118496	0.740793
0.360409	1.64766	0.594236
0.113177	0.181415	4.76827
0.960754	0.0977111	2.01212
0.0920579	0.262914	3.63846
0.0816728	2.86703	0.327676
0.879363	0.682269	0.413387
0.0702303	2.91883	0.518054
0.0760928	2.85748	1.18717
0.900112	0.68009	0.270286
1.33448	0.231735	0.107543
0.00960799	3.61064	0.3732
1.45899	0.133578	0.378632
0.0104286	1.55882	2.40144
1.03296	0.0673707	2.06819
1.39708	0.188299	0.033614
0.000988306	3.94013	0.0284403
1.32073	0.245605	0.638877
0.0349149	3.32648	0.209974
0.327551	0.408186	2.51634
0.246689	0.426484	3.27099
0.581399	1.18619	0.401925
0.734639	0.0176452	3.22639
0.0135743	1.32412	3.11948
0.285638	1.99349	0.0122441
0.696624	0.926367	0.507898
0.672999	0.973439	0.249554
0.787374	0.22481	2.18823
0.0200337	2.24367	1.71696
0.304116	1.92461	0.190569
1.36578	0.0197958	1.2225
0.629846	1.02576	1.07408
0.572046	0.0682861	2.85844
0.88981	0.692645	0.41313
0.0466885	1.03866	3.11935
0.147306	0.153773	4.37359
0.500072	0.550864	2.36311
0.540754	1.21294	1.28275
0.00930181	0.100194	5.24922
0.0493154	3.1822	0.0179428
0.251045	0.0210738	4.75386
0.0144282	3.41824	1.02256
0.00131691	2.32382	5.37052
0.0340864	1.2299	2.79406
0.162148	1.47493	1.2856
0.277568	0.0443186	3.60246
0.916385	0.628228	0.903855
0.301753	0.0114746	4.82802
0.062402	2.96902	0.395318
0.769132	0.0269593	2.46298
1.67057	0.0558247	0.336484
1.53355	0.106089	0.358775
0.194139	0.488725	3.40622
0.269687	1.10139	1.53075
0.208655	0.653775	2.51816
0.00398434	2.75289	1.19725
0.568915	0.507192	1.8197
0.210745	1.29508	1.54281
0.406025	0.812484	1.29538
0.741999	0.000624888	3.40029
1.36682	0.00407599	1.2043
0.0366435	1.23944	2.59397
0.135735	1.49602	2.35742
0.378225	1.58572	1.07157
0.193348	0.486627	3.47466
0.0446527	3.05766	1.14932
0.226609	0.562328	2.45092
0.923464	0.630444	0.286727
0.228691	0.0311574	4.69842
0.384111	1.59586	0.923153
1.00111	0.104924	1.68834
0.0173329	2.21902	2.14341
0.00020298	2.43612	4.16813
0.000431528	3.9518	0.000284689
1.91758	0.00119469	1.00423
0.0414625	0.0146631	5.61104
0.0205207	2.23803	1.90117
0.259776	1.05333	2.27932
0.0272498	0.0222892	5.75511
0.00734222	3.70413	0.421315
0.0621877	2.96725	0.931044
0.0164844	0.0419518	5.46839
1.05502	0.427075	1.06242
1.52034	0.107628	1.02989
0.827744	0.757503	0.395345
0.10679	2.88235	0.0807406
0.00471571	3.7452	0.659039
0.280804	2.02486	0.223305
1.8552	0.00830381	0.180289
1.17257	0.338721	1.02278
0.0109894	3.58882	0.29877
0.0527286	2.13065	1.34329
0.771904	0.25203	1.81582
0.0306028	0.044613	5.19358
0.310774	0.995778	1.91579
0.0296598	3.36457	0.76364
0.743176	0.864402	0.498782
0.00661183	2.48261	1.43743
0.447378	0.182591	2.60192
0.128274	0.176126	4.30213
0.0404242	0.0303372	5.11655
0.296374	0.969706	2.35226
1.75863	0.0250562	0.256824
0.45652	1.48173	0.042796
0.000287681	3.92196	0.299424
0.0826526	1.80111	1.36632
0.030937	1.29761	3.24727
0.394821	0.796678	1.83314
0.115518	0.816092	3.05692
1.09094	0.423631	0.427562
1.81411	0.0124951	0.677143
0.0419473	0.0502049	5.0322
0.0468953	1.96307	2.23522
1.1335	0.356226	1.12161
0.191264	2.2658	0.449281
0.0378372	3.3039	0.285263
0.248027	0.527115	2.81917
0.00148938	3.85976	0.790126
0.464452	1.36848	1.14624
1.95713	0.00135372	0.000420039
0.792713	0.786623	0.140859
0.0212631	0.707739	3.68982
0.475956	1.42509	0.125248
1.67928	0.054479	0.0224236
0.862908	0.733891	0.397061
0.242055	1.14474	1.7553
0.163162	0.64305	2.74239
0.151883	0.668703	3.12959
0.930935	0.574415	0.85989
0.946245	0.604979	0.197694
0.717653	0.0142483	2.57167
0.757684	0.298667	1.50485
1.39543	0.194213	0.157196
0.985834	0.495093	0.906196
0.231914	0.0436605	4.05614
1.48296	0.121169	1.01638
0.212084	0.500957	3.3779
0.179894	0.137393	4.40128
0.348439	0.897668	1.47037
0.111438	0.175364	4.63467
0.214888	0.0777803	4.00227
0.608755	1.11549	0.336508
0.520051	1.27107	0.752728
1.73184	0.0341762	0.663028
1.53885	0.0921081	1.24675
0.405389	1.5198	0.711076
0.479851	1.33691	0.576658
0.0352695	3.20226	0.646051
0.0387461	2.28597	1.59873
0.158608	0.641582	3.55062
1.26724	0.260826	0.818337
1.22918	0.283105	0.849811
1.02959	0.477555	0.359309
0.61977	1.02424	1.13759
0.491406	1.31755	0.489848
0.0189928	2.34958	1.6852
0.657901	0.370483	1.63418
0.017468	0.126197	4.7801
0.904004	0.154118	2.01558
0.143944	2.58466	0.0424852
0.573063	1.21144	0.00466366
0.23359	0.0275909	4.74035
1.32262	0.239178	0.60215
0.470423	1.405	0.429231
0.424442	0.717194	2.18414
1.04535	0.563453	0.047157
0.0175454	2.68847	1.20982
0.0676226	0.00687748	5.30295
0.033863	3.40626	0.113661
0.0996926	0.186671	4.66372
0.146669	0.19776	3.82657
1.94938	0.00252552	0.0060136
0.00665764	0.0782594	5.85061
0.888855	0.154438	2.22237
0.691088	0.953728	0.690358
0.237594	0.407539	3.42833
1.23663	0.275075	0.563235
0.0848261	1.1388	3.0001
0.360817	1.69024	0.351088
1.20372	0.292541	0.948327
0.253242	0.0513308	3.73118
0.332242	0.919826	1.82573
0.240254	2.04885	0.68383
0.0125558	3.51688	0.16505
0.672872	0.354516	1.72983
0.245822	1.17346	1.26018
1.42074	0.161384	0.505904
1.11457	0.376315	1.07686
0.1699	2.38693	0.453654
0.0194602	3.43801	0.424936
0.342082	1.88274	0.0466342
1.19654	0.0472527	1.35962
0.0727135	1.7426	2.37053
1.45488	0.156398	0.162274
0.171253	0.55868	3.46777
0.0904633	2.74346	0.402037
0.0887735	1.83977	1.19935
0.240934	0.445456	3.00491
0.219552	0.536473	2.48284
0.0104547	2.45555	1.3367
0.709172	0.931508	0.663636
1.10476	0.391232	0.402071
0.350079	1.70355	0.419815
1.25972	0.23855	0.976301
0.135956	2.6505	0.330959
1.64498	0.074585	0.227601
0.00151096	1.53293	2.93984
0.0824893	0.260186	4.10202
1.70277	0.0516055	0.29227
0.130251	0.214863	3.77851
1.56118	0.0958418	0.508638
0.0322415	3.26726	0.560566
1.36392	0.194019	0.529011
0.512387	0.552581	2.13639
0.182285	0.13932	4.3318
1.65633	0.0503374	0.52469
0.051951	3.07041	0.418414
0.00404045	2.81473	1.34093
0.208973	0.496516	3.44595
1.37332	0.188484	0.50503
0.501203	0.0919247	3.61902
0.131912	0.859941	2.54343
0.00531217	0.114029	5.39485
0.179375	2.34043	0.501503
0.384942	1.56826	0.784294
1.57281	0.0871457	0.585735
0.99696	0.0892145	2.07291
0.53363	1.20668	1.18625
0.641471	0.0389412	3.16939
0.317931	0.0168104	3.93797
1.30091	0.307981	0.0375022
0.0045801	1.54427	2.92186
0.153939	0.68311	2.83012
1.71275	0.0380392	0.274225
0.816047	0.717497	0.882622
1.60249	0.0642508	1.20118
0.0256575	2.42368	1.29117
0.0387668	0.487305	3.61924
1.78785	0.0277135	0.00423718
0.115837	2.76558	0.0386929
0.127676	2.62488	0.84414
0.954826	0.613225	0.0260528
0.0111104	0.122609	4.86937
0.109774	1.66084	1.36621
0.645492	1.07993	0.268231
0.56458	1.23731	0.0194962
0.0734204	2.85247	0.981777
1.58964	0.0654235	0.786311
1.83764	0.00807512	0.623021
0.0364242	0.0355393	5.3821
0.0184027	3.50251	0.508587
0.0268348	0.0140182	5.88089
0.898392	0.158368	2.02759
1.30672	0.224741	0.635403
1.00456	0.0837162	2.19823
0.0543303	0.00385124	5.30593
0.000105405	0.00334111	5.86957
1.99991	0.00010528	0.000105346
0.000108957	3.9943	0.000107145
0.605509	1.13298	0.000104604
0.000113047	0.000116499	5.99457
1.14753	0.00841869	4.23132
0.32735	0.894682	2.07484
1.07977	0.0593429	2.18823
1.948	0.0010404	0.142055
1.13298	0.0131813	3.65814
0.0739439	2.96889	0.0412981
0.398707	0.758941	2.37334
0.109913	0.213476	3.97867
0.698059	0.909984	0.92651
0.0531427	3.09372	0.00435231
1.02979	0.0956891	1.46091
0.00903282	3.65164	0.341917
0.344445	0.284245	2.76401
0.00224399	3.91729	0.00190797
0.000254422	3.80648	0.887754
1.7716	0.0313877	0.295603
0.00691479	0.136805	5.03555
0.00770002	3.72637	0.194814
1.53193	0.114016	0.0195099
0.170292	2.28346	1.06656
1.82099	0.00243678	3.10644
1.90426	0.00161655	0.692695
0.955145	0.57189	0.33771
0.572016	1.15676	0.563495
0.00250578	0.495375	5.29198
0.103407	0.192195	4.07753
0.106553	1.64461	2.24077
1.69733	0.0379209	0.713677
1.27188	0.246017	1.02588
0.651563	0.998118	0.722545
0.72961	0.838358	1.09737
1.73161	0.00230307	4.59269
0.276607	1.05306	2.34017
1.19062	0.339399	0.827529
1.2924	0.0366216	1.37896
0.067871	0.316012	4.70784
0.00294078	2.55159	2.5422
1.42457	0.170834	0.471361
0.000615388	0.974721	5.1606
0.0272455	0.0561489	4.88454
1.80219	0.0207649	0.291507
0.182965	1.40822	1.22609
0.0934541	0.197953	4.39942
1.21407	0.0151465	2.7886
0.409056	0.831249	1.30644
0.00283606	3.85524	0.00456609
0.0304184	0.0277163	5.72757
0.510166	0.105127	3.43605
0.0037045	2.6817	1.26382
0.154849	2.43736	0.522098
0.0856522	0.0129829	4.96936
0.0841447	1.83325	2.0084
0.468534	0.670104	1.67098
0.0136865	3.54513	0.00067448
0.0940348	0.880555	3.33357
1.45865	0.129239	0.712195
0.0110367	3.47617	0.889322
0.128861	1.68138	1.62662
0.0646722	1.92411	1.53899
0.137452	0.224962	3.70109
0.695177	0.941791	0.153703
0.0134992	1.36999	3.2692
0.0695055	1.92334	1.71346
0.0658395	2.88284	1.17238
1.23492	0.00373263	3.07973
0.062059	1.86693	2.36899
0.0766489	2.94591	0.0113239
0.0396096	2.13597	1.79304
1.49665	0.123787	0.27981
0.216513	0.466605	3.50538
1.47982	0.12785	0.230123
0.435105	0.802631	1.21809
0.476094	1.35531	0.978782
0.58785	0.054462	2.82176
0.628551	0.0389598	2.89367
0.0280642	3.28724	1.05793
1.65782	0.0667763	0.113657
0.303377	0.366847	2.59847
0.230765	1.19274	1.88374
0.49755	0.616288	1.6083
0.776191	0.764331	1.13866
0.0231709	3.33891	1.05674
0.0646087	1.99222	1.50484
0.206699	0.478413	3.53602
0.544558	1.19897	0.54887
0.262765	0.391544	3.05288
0.0517874	2.01103	1.58633
0.52821	1.25707	0.255383
0.92218	0.681014	0.089743
0.750506	0.281353	1.43681
0.813442	0.724035	0.933336
0.0205189	3.38432	0.398035
0.0277168	0.0426404	5.41947
0.261257	1.97538	0.817836
0.162323	2.47001	0.0950871
0.211953	1.23303	1.87938
1.32847	0.192484	1.18978
0.113577	1.66237	1.74917
1.73603	0.034823	0.144615
0.108046	2.6585	0.625419
0.0787403	2.81937	1.10829
1.43497	0.152756	0.636063
0.0917985	0.20444	4.5913
0.291327	1.10708	1.33521
0.425316	0.212162	3.0327
0.0274918	2.21432	1.72007
0.252743	0.426617	3.18334
0.0112188	1.51781	2.45598
0.293305	0.355109	2.86268
1.30599	0.217758	0.97448
0.340634	0.2959	3.2002
1.67006	0.0455751	0.341163
0.0114358	2.38384	1.72383
1.05883	0.433297	0.697868
1.58176	0.0932585	0.073759
1.17609	0.0142792	2.96863
1.85983	0.00674291	1.19208
0.512841	0.568845	1.76218
0.0922464	2.74314	0.656065
1.63355	0.0693571	0.256534
0.0336023	0.420638	4.49892
0.0001318	0.00246058	5.87604
0.894509	0.687334	0.321668
0.190477	2.3164	0.164597
0.145333	0.263783	3.6169
0.123566	2.60953	0.360717
0.02048	2.20531	2.30467
0.0261123	0.044193	5.6497
0.0967132	0.30838	3.59898
0.669539	0.992446	0.673976
0.0483389	3.10327	0.584781
0.340055	0.302268	2.66892
0.832832	0.698942	0.873654
0.870947	0.695518	0.463171
0.803719	0.733386	1.06945
0.788824	0.776946	1.08049
0.450773	1.44065	0.557899
0.0481566	3.13907	0.0121534
1.35577	0.186342	1.0243
0.0182412	0.0518718	5.56657
0.00753094	3.6851	0.341507
0.0240534	1.28316	2.99362
0.0375769	2.12171	1.92511
0.741865	0.854481	0.451571
0.0435254	3.17903	0.011737
0.00583615	0.578165	4.15244
0.0934541	0.197953	4.39942
1.01054	0.492742	0.62651
0.0142876	3.54452	0.299377
1.17572	0.013957	2.96961
0.0190891	2.41036	1.35798
0.672758	0.0420818	2.71962
0.401349	1.56459	0.659519
0.197027	1.28019	1.86674
0.0358961	0.0801507	4.78457
0.287174	1.85254	0.791717
1.25127	0.268985	1.05444
0.0867638	2.75533	0.652925
0.0352998	0.0893141	4.7957
0.150821	1.60938	1.26116
0.0574194	1.02756	2.79426
0.0351273	0.419607	4.50004
0.998551	0.516068	1.17075
0.631863	1.08884	0.109691
0.845957	0.715943	0.263691
0.538406	1.27058	0.183996
0.0145355	3.43582	0.633317
0.331588	1.79554	0.812472
0.125175	2.59597	0.418141
0.00942586	2.34852	1.82472
1.55306	0.093472	0.534965
0.1052	1.76442	1.24352
1.34732	0.00296082	1.23419
0.796171	0.784208	0.789727
1.39755	0.18227	0.301856
0.0418088	0.0481112	5.17123
0.985051	0.599834	0.0479558
1.07946	0.0591207	2.19043
0.0338054	2.17026	1.92591
1.88971	0.00740309	0.203746
0.299529	1.8045	0.845664
0.110155	0.216895	3.81648
0.122902	1.5637	1.98878
0.873636	0.697696	0.377755
0.0447707	2.06107	1.95833
0.000213164	0.000202044	5.98482
0.000191626	0.00144558	5.90897
0.00058299	3.98912	0.000577398
0.626444	1.09365	0.000388216
0.000210475	0.00020265	5.9858
0.0152206	3.51011	0.316585
1.7942	0.0125953	1.04462
0.0195077	0.0400928	5.64972
0.287957	0.00696414	4.69451
0.407671	1.51368	1.12465
0.0396918	3.16691	0.279616
0.176591	0.00495565	5.79654
0.00650251	3.59537	0.681668
0.038222	3.26252	0.298249
0.0704783	2.93875	1.02576
0.0718558	1.77003	2.35271
0.0296251	0.0282926	5.45495
1.97536	0.00119094	0.000867119
0.643005	0.00154368	5.28604
0.499585	0.143159	3.37729
0.947719	0.595566	0.180776
0.00375515	3.78807	0.188974
1.02196	0.0805695	1.86899
0.398585	1.5893	0.616838
0.00522947	1.46326	2.71116
0.035232	2.11262	1.64395
0.0674689	0.00786859	4.94705
1.55421	0.108487	0.467182
0.908193	0.620468	0.630507
0.00330701	1.18505	5.68137
0.325729	0.929494	1.90838
0.0996291	0.223468	4.19627
0.00318056	3.82579	0.125628
0.0888271	0.213178	4.2544
0.0832697	2.90265	0.146922
0.312137	1.82316	0.663726
1.6051	0.0902894	0.0882336
1.83506	0.0107333	0.781677
0.159676	1.41412	2.28788
0.555778	0.151422	2.53186
0.790114	0.788803	0.428076
1.65175	0.0627272	0.0807893
0.0933783	2.82313	0.146046
1.60728	0.0633986	1.19808
0.063221	3.02176	0.0035544
1.67319	0.0507145	1.02069
0.527184	1.23036	0.953129
1.07775	0.102325	1.60998
1.31152	0.236806	0.235233
0.00770769	1.38362	3.52605
0.582054	0.512255	1.3513
1.297	0.234933	0.574902
0.0167677	0.548476	3.86422
1.37581	0.20646	0.0480169
0.822176	0.251426	1.59827
0.919124	0.665593	0.0987008
1.00783	0.0736227	2.07714
0.375808	1.66917	0.130512
0.135408	2.65537	0.0318253
0.00258545	1.33142	4.10767
0.748069	0.851056	0.820095
0.0171338	2.33733	1.54372
0.0324001	0.511565	3.67438
1.33534	0.211838	0.937313
0.0344168	0.451535	4.07295
0.0914873	2.69217	1.15142
0.178884	2.27605	0.514493
0.722271	0.036461	2.46444
0.975883	0.583263	0.0812136
1.44945	0.134901	1.10005
1.05642	0.467592	0.166287
0.194665	1.3517	1.47185
1.14984	0.402031	0.134637
0.137429	2.46347	0.866904
0.042076	3.12101	0.702379
0.187186	0.600822	2.77141
0.151371	2.38784	0.945631
0.446599	0.641244	2.24871
0.0192407	3.39828	0.481436
0.0236091	0.528637	3.75431
0.042805	1.9553	2.21237
1.06108	0.0733516	1.78676
1.87435	0.00169572	2.25145
0.357276	0.244667	3.0337
0.161886	0.125606	4.61574
0.163787	0.17778	3.61732
0.132336	0.750095	3.11798
0.370008	1.62879	0.474571
0.0821319	1.7171	2.18504
0.0514786	3.06684	0.976249
0.837902	0.696242	1.20017
0.0396989	3.30446	0.0316962
0.102713	1.67777	2.03514
0.333987	0.0147888	3.88716
0.00703571	3.69792	0.0014479
1.41886	0.161184	0.296658
0.231168	2.20507	0.118003
1.82309	0.00769145	0.843229
0.0359823	2.51739	1.23857
0.574575	0.0668321	3.31225
0.00728086	2.41142	2.1835
0.494127	1.3234	0.376014
0.0346511	2.06206	1.85691
0.0011593	3.90387	0.000577375
1.09875	0.0566358	1.78537
1.34127	0.189974	1.17115
0.464717	1.41909	0.346533
0.270998	1.15286	1.26894
0.366988	0.86287	1.72253
0.0249164	0.0437552	5.13682
1.12255	0.416594	0.0214038
0.853297	0.257084	1.21683
0.00908164	2.5978	1.24244
0.809351	0.0032921	2.39242
0.611399	0.046567	3.47153
0.102412	0.816721	3.09365
0.0842474	2.75361	1.15323
0.302097	0.987576	1.77409
0.986038	0.0996808	1.74322
0.622317	1.04036	0.607907
0.349856	0.254721	2.99708
1.75752	0.0314564	0.00156626
0.0398287	1.22264	2.63244
0.145563	2.48025	0.430613
0.0766198	1.84966	1.41159
0.00491837	3.64133	0.497196
0.23874	0.439784	3.15302
0.0563442	1.87784	2.16494
1.35671	0.192918	0.488384
0.566852	1.26564	0.0180717
0.0011593	3.90387	0.000577398
0.150349	0.655917	3.45198
0.0257422	0.113065	4.84476
0.0226615	0.138941	4.86816
0.0336471	0.464593	3.98533
0.428031	0.727594	1.7456
0.270175	1.91665	0.585194
0.673837	0.421328	1.25656
0.703652	0.0107991	2.9411
0.162709	0.0811911	4.53436
1.73311	0.0314416	0.173866
0.634366	0.0280837	3.24609
0.0224166	3.44105	0.266764
0.267645	0.389878	2.91734
0.124277	1.5326	2.16821
0.0999437	0.176557	4.48561
0.242842	0.461541	2.84891
1.23662	0.337535	0.0387235
0.349075	0.02106	3.77455
0.233149	2.15015	0.2947
1.26677	0.0159785	1.45141
1.90143	0.00793746	0.0249096
0.273475	0.0244909	4.34533
1.17972	0.369292	0.19975
0.0373385	0.0394632	5.05081
0.870718	0.679718	0.457371
0.784445	0.783142	0.621869
0.244059	2.00084	0.824802
0.0479126	2.01109	2.09189
0.672422	0.966796	0.495638
1.16888	0.370038	0.296274
0.881634	0.688713	0.20042
1.4037	0.174366	0.431703
1.19287	0.325425	0.283859
0.216399	0.478566	3.18877
0.0411587	2.05637	1.39018
0.2017	0.573122	2.58869
0.279989	1.89296	0.787288
0.124783	0.724825	3.54369
0.201261	1.34712	2.00078
0.203091	2.22978	0.45864
0.315768	0.00364069	4.3765
0.0969753	0.170352	4.77523
1.22474	0.299068	0.287507
0.446246	0.662645	2.25625
0.262723	0.0238948	4.59184
1.54443	0.107762	0.617547
0.219778	1.30995	1.36313
0.0217025	0.0839599	5.38028
0.472825	0.15852	2.81017
0.109165	2.79939	0.0306519
1.45577	0.13354	0.852304
0.128472	0.738295	3.29953
0.301693	1.85738	0.200599
0.591434	1.08126	1.06923
0.119856	2.56604	0.86799
0.0224166	3.44105	0.266764
0.0489692	0.0246172	5.05082
0.0647395	0.0052149	5.19701
0.000151979	0.00015341	5.9954
0.000151997	0.000153363	5.9954
0.000167605	3.98742	0.000158679
0.242712	2.0908	0.000152056
0.993979	0.0975642	1.62226
1.0441	0.10237	1.23607
0.103264	2.63132	0.987653
0.148177	2.49282	0.540708
0.0462471	0.0264571	5.18197
1.28569	0.0122866	1.58248
0.0121304	0.0849196	5.29616
1.91411	0.00222539	0.194643
0.292289	1.94126	0.314491
0.409849	0.232394	3.0122
0.0237282	3.30384	0.713969
0.243649	0.450406	3.15938
0.0689043	2.87585	1.10475
0.466808	1.45926	0.092975
1.23545	0.00371346	2.94175
1.95805	0.00123846	0.00314466
0.0398573	1.11751	3.07736
0.0682752	2.94586	0.070523
0.00225071	2.81704	1.28996
1.41025	0.143342	1.19149
0.214318	0.48822	3.33312
0.602009	1.12776	0.677874
0.177792	1.33442	2.10734
0.158785	2.4248	1.12599
0.165899	1.53416	1.37782
0.0580307	0.0173608	5.47432
0.024776	3.38399	0.302056
0.731282	0.303725	1.69018
0.0206237	0.510323	4.52982
1.17858	0.358894	0.14649
0.275064	0.0285505	3.95281
0.100667	2.72587	0.231675
0.34646	0.259474	3.63579
0.0016042	3.82847	0.510729
1.33381	0.195826	1.13864
1.53201	0.102123	0.511237
0.00292401	0.0725498	5.79817
0.0665207	3.04164	0.025179
0.716029	0.00537339	3.40348
1.30988	0.210618	0.790291
0.000997598	3.86861	0.378665
0.192435	2.28931	0.131637
0.0840567	0.932359	2.90775
1.84172	0.00374483	1.77788
0.0126259	2.34845	2.2564
1.7568	0.0270132	0.336941
0.581388	0.103382	2.44862
0.209994	2.23064	0.630027
0.0133873	0.667109	3.61496
0.155071	2.45166	0.390533
1.15046	0.0381917	1.43983
0.0786013	2.9165	0.0757225
0.114174	0.797747	2.59038
1.42969	0.1347	1.07862
1.79682	0.0243595	0.0194866
0.139544	1.4869	2.0545
0.00369493	3.76638	0.000274219
1.66212	0.0608872	0.25299
1.11707	0.390447	0.767312
0.124415	1.57452	1.90326
0.70953	0.00745398	3.52104
1.3874	0.237124	0.0945385
0.0359273	3.23362	0.435903
1.07165	0.472119	0.318698
0.284791	0.00970296	4.63195
1.85891	0.00705923	1.04436
0.00540135	0.0838563	5.70043
1.62667	0.0532322	0.802168
0.638716	1.04906	0.851832
0.0128679	3.44671	1.10619
0.555602	1.16906	0.792018
0.0359	0.419927	4.19624
0.916167	0.643459	0.289939
0.264394	0.430989	3.43884
1.27289	0.256817	0.240008
0.2046	2.14658	0.984751
0.449151	0.68719	1.86307
0.284415	2.00813	0.131214
0.170484	0.0932086	4.07893
0.181223	0.0793836	4.6198
0.69397	0.00811909	3.82165
0.157009	0.609086	3.23609
1.2002	0.311447	0.369074
0.106739	0.203336	4.24642
0.236594	0.0390011	4.75721
0.115383	0.721597	3.24707
1.35413	0.182976	1.08157
0.438927	1.43459	0.893996
0.101424	1.64915	1.85529
0.00809594	3.59803	0.582045
1.36908	0.167843	1.05586
0.94406	0.563186	1.02662
1.60586	0.0658819	0.575898
0.542254	1.20457	0.632751
0.363146	1.68278	0.413153
1.20768	0.317305	0.162624
0.301525	1.82608	1.14184
0.198948	2.25396	0.943467
0.48988	1.29873	0.803476
0.21755	2.17086	0.0887844
0.532101	1.22908	0.472554
0.342186	0.865719	2.35113
1.10048	0.426896	0.106283
0.133801	2.55569	0.737721
0.00824136	3.72798	0.0936301
1.73436	0.0475898	0.0193634
0.976352	0.508476	0.99345
0.0160066	0.0606967	5.6616
0.241417	1.16745	2.28701
1.71434	0.038931	0.317556
1.5971	0.0706775	0.81902
0.111502	0.231015	4.0199
0.00145013	0.00187819	5.90861
0.776213	0.817735	0.860488
0.876661	0.217003	1.33267
0.367842	0.873903	1.94042
0.0101923	3.57707	0.432711
0.0209078	1.36606	2.61823
0.352425	1.7162	0.90871
1.65181	0.0526846	0.804285
0.376225	1.61446	0.929049
0.330562	1.75466	0.787796
0.695378	0.369979	1.51316
0.390152	0.833029	1.69895
0.164125	2.34666	0.673286
0.500468	0.568223	2.08924
0.515275	0.583273	2.01182
0.0536242	1.90875	1.94318
0.0621733	3.04455	0.00799973
0.852754	0.670939	0.811693
0.657193	0.385688	1.73445
0.427225	1.50828	1.037
0.0411411	0.0532495	5.07302
0.0958224	1.8739	1.21516
0.0349545	1.2577	2.42728
0.0242344	3.41147	0.220156
0.618879	0.498972	1.20599
0.00855953	0.113202	5.57036
1.56569	0.100232	0.235763
1.24742	0.0231236	2.01185
0.0379832	3.26394	0.159534
0.098589	0.0116374	4.84373
0.092955	1.69857	2.08042
0.524092	0.592802	1.77352
0.773532	0.00750611	2.77336
1.51674	0.131132	0.114155
0.93496	0.554317	1.0443
0.0122946	3.50671	1.10835
0.834733	0.0177982	2.40771
0.201783	0.0673547	4.7593
0.977436	0.531595	0.906435
1.49047	0.137257	0.148003
0.0298544	0.0390263	5.38669
0.399035	0.764853	2.16165
0.305477	1.77778	0.965942
0.0802328	2.77407	1.00387
0.447161	0.715757	1.99113
1.45912	0.149769	0.639924
0.868929	0.697329	0.488334
0.740531	0.917688	0.158741
0.521426	0.124622	2.49704
0.0153453	0.0764007	5.39278
1.23972	0.00403535	2.84335
1.5679	0.103583	0.0327971
0.227261	2.05592	0.832925
0.892303	0.625152	1.12078
0.668211	0.972961	0.873302
0.533694	0.0993761	3.49483
0.26677	0.443959	2.65131
0.419939	0.709582	2.31179
1.50633	0.125323	0.224127
1.88779	0.00619148	0.194646
0.917988	0.14322	2.3374
0.0375302	0.00799143	5.58083
0.0665834	0.0418092	4.91104
1.889	0.00210196	0.594219
0.119812	1.57473	2.39679
0.647588	1.02661	0.709646
0.000191626	0.00144558	5.90897
1.99991	0.00010528	0.000105346
0.359815	1.77577	0.0661562
0.376279	1.6181	0.381107
0.016286	3.58714	0.213748
1.78168	0.0265218	0.0475543
0.0185578	3.48298	0.207386
0.00295885	1.3011	5.38699
0.0018625	2.24432	5.31154
0.948092	0.131321	1.41793
0.00222786	2.59705	1.91624
0.0825958	2.74927	1.03022
1.35904	0.211672	0.0447454
1.45954	0.12002	0.921471
0.0964843	2.82582	0.337393
0.427274	1.50244	0.206308
1.08525	0.0447405	1.86745
1.50897	0.0989294	0.75886
0.105197	0.221785	3.96255
0.00454375	3.7033	0.111403
0.0032984	1.3199	5.2172
1.4882	0.115103	0.626074
0.968749	0.125518	1.37709
0.725099	0.0256094	2.75975
0.421236	0.152025	3.49469
0.000775321	3.82919	0.712743
0.0521323	3.02195	0.691001
0.0320798	3.27725	1.02974
0.319668	0.293418	3.13397
0.0483862	0.323229	4.59925
1.32373	0.0108799	1.33787
1.81574	0.0183596	0.354579
0.0179529	3.37816	0.529219
0.00944437	0.4952	4.78031
0.00267962	1.54892	2.6718
1.06285	0.0667101	2.26274
0.0730047	2.91634	0.337661
0.214244	0.490515	3.41744
0.10504	2.69779	0.227684
0.0305089	3.3256	1.04696
0.0955397	1.81165	1.20472
0.00927742	0.507007	4.48837
0.00795203	0.557154	4.23612
0.440966	0.695095	1.81693
0.288964	0.330605	3.34722
0.170645	2.34696	0.343022
0.453772	1.43833	0.846972
1.17625	0.333586	0.873302
0.502771	0.618345	1.63545
0.222266	0.0750368	4.10835
0.0603827	0.950537	3.53005
0.00172009	1.98541	5.5524
0.158117	1.41675	2.2558
0.0289876	0.0143789	5.78173
0.743475	0.822147	1.12609
0.525422	1.23171	0.929658
0.565236	1.12826	0.969489
1.38935	0.171649	0.795203
1.2111	0.0440827	1.23508
0.0321977	1.27792	2.84847
0.281316	1.89998	0.706415
0.0402339	3.1811	0.589635
0.0482149	0.0404039	4.99104
0.177273	2.30809	1.04179
0.714141	0.891118	0.99966
0.0435825	3.14142	0.594637
0.000664044	3.93716	0.000414213
0.101518	0.213799	4.17751
1.30495	0.255403	0.532882
1.67356	0.0461719	0.516778
0.542111	1.17479	0.972966
0.927943	0.120228	2.123
0.154985	1.42993	2.20126
0.597793	1.14503	0.460624
0.244572	0.0395327	4.0621
0.0269248	1.26939	3.37996
0.325686	0.274237	3.18072
0.109005	0.756755	3.28113
0.23914	2.08948	0.847125
0.695557	0.981169	0.00496663
0.713769	0.00375541	3.87997
1.91429	0.00594852	0.146282
1.61124	0.0649918	0.804926
1.56377	0.0812159	1.17693
0.0994519	0.189936	4.56015
0.470094	0.130739	3.28525
0.652658	0.345814	2.48997
0.876611	0.253448	1.3857
0.700736	0.0148056	3.07528
0.585969	1.12951	0.499674
0.349376	0.347163	2.46538
0.545291	1.2051	0.934629
0.898517	0.636783	1.14102
0.371815	1.58338	1.16614
0.00858827	1.35454	3.00478
0.136295	2.62637	0.024885
0.751535	0.0225108	2.61354
0.00354914	1.27352	5.60764
0.0336048	2.15025	1.46765
0.0262486	2.4076	1.24066
1.40423	0.158476	0.679458
1.14727	0.387908	0.181212
0.100745	0.0121515	4.88532
1.97678	0.000881854	0.0182485
0.639727	1.01934	0.444706
0.785213	0.805794	0.45254
0.308829	0.923814	2.16271
0.180088	0.0699238	4.68987
0.192068	2.26992	0.273104
1.27823	0.00100175	2.4259
1.00269	0.542555	0.310174
0.824968	0.766671	0.0600772
0.0111326	0.573439	3.78095
0.989786	0.494363	1.07089
1.11968	0.377721	0.637516
1.1002	0.437984	0.277995
0.612838	0.423533	2.31287
0.25936	0.423973	2.91368
0.273268	1.94536	0.779225
1.84462	0.0154812	0.0253023
0.102977	2.71624	0.101586
1.04569	0.484499	0.217335
1.19038	0.326883	0.455783
0.0216628	0.507296	4.39669
0.48735	1.38777	0.0352392
0.253105	2.01959	0.41561
0.0213357	0.428203	4.85528
0.0333062	0.014295	5.66798
0.489462	0.600949	1.72614
0.0780357	2.9671	0.0560509
1.1555	0.0427202	1.50528
0.873254	0.730398	0.0649126
1.65127	0.0464236	0.800615
0.410793	1.52057	0.600793
0.733075	0.0225413	2.56394
0.302897	0.364587	3.03463
0.246327	1.0872	2.16355
0.680762	1.00163	0.00609461
1.5935	0.0761179	0.324702
0.519718	1.29789	0.402462
1.79201	0.0205771	0.360341
0.665421	0.39365	1.72311
1.87039	0.0112478	0.0260159
0.904689	0.625246	1.13945
0.0135327	0.0150567	5.86204
0.334449	0.287902	2.80221
0.383979	0.0195665	3.60295
0.0488538	3.07442	0.946601
0.0420097	2.04251	1.57266
0.421873	0.754832	1.8253
1.88873	0.0101903	0.455955
0.756093	0.0234978	2.55782
0.0800302	0.0101701	5.14799
0.184408	0.588795	3.02205
1.94398	0.00209427	0.0197836
1.01698	0.505977	0.286707
0.601747	0.045193	2.98519
1.10403	0.0493739	1.59671
0.0459453	3.09557	0.498814
0.850771	0.192724	1.47425
0.0221015	0.494184	4.39564
0.56415	1.21702	0.000492304
0.677234	0.0297412	2.44421
0.00408223	0.371918	5.81316
1.63982	0.0584557	0.498483
0.0676278	2.97188	0.719182
0.139734	0.621851	3.64739
1.26805	0.238577	1.17946
0.0260435	0.725131	3.64468
0.619492	1.04957	0.842803
0.400042	1.53349	1.07942
1.03188	0.47489	0.407984
0.0401127	1.04305	3.17438
0.14019	2.54742	0.0599323
0.208527	2.1957	0.271997
0.0427113	0.0507845	5.02687
0.0627224	3.05321	0.0109943
1.95936	0.00145954	0.0142601
1.23335	0.285273	0.510525
