2.00003	0.000201698	0.000204574
0.000233009	0.00028112	5.97861
0.303679	0.00280145	4.45081
0.00311739	1.32461	5.02627
0.0360799	0.468784	4.287
0.676775	0.000984856	4.90721
0.046426	0.0147278	5.24164
0.0134254	2.43989	1.31954
0.037973	0.0120329	5.62687
0.548943	1.19983	0.907425
0.0454641	0.0109775	5.39392
1.08413	0.434671	0.279899
0.681364	0.00673035	4.08945
1.78295	0.0251881	0.518643
0.0735526	0.0130163	4.77532
0.00131747	3.88974	0.000549889
0.840246	0.700851	1.11577
1.24104	0.263586	1.18545
0.984782	0.507844	0.851985
0.0608967	2.06608	1.43053
1.89134	0.00671382	0.00384988
0.163627	2.34199	0.689723
0.219306	1.27362	1.25783
0.852916	0.656896	1.13026
0.129229	1.50748	2.14477
1.64411	0.0605258	0.260107
0.674739	0.00702144	4.14754
0.0718622	2.91684	0.88532
0.0426055	3.12311	0.611011
1.54118	0.107663	0.134124
0.301927	0.979163	1.71572
0.0619568	3.06865	0.367127
0.208584	2.14416	0.724354
1.68398	0.0560371	0.188956
0.0637166	3.00748	0.822309
0.227923	0.423623	3.37056
1.31813	0.210991	0.667786
0.329793	1.83079	0.0161467
1.37061	0.180573	0.95117
0.00871692	0.0106084	5.85043
1.17198	0.367865	0.0330108
0.450712	0.730832	1.23413
0.285051	1.89394	0.470977
0.899387	0.137786	2.10018
0.0105312	0.59912	3.78372
0.64422	0.0477578	2.59318
0.29323	0.00334093	4.69983
0.50288	0.561476	2.2476
0.00245216	3.85058	0.115357
0.00664927	2.47495	2.33636
0.109094	2.62434	0.561597
0.000311567	3.99204	0.00594473
0.02685	2.27401	1.26564
0.0106824	3.69995	0.127509
1.47358	0.135533	0.300091
0.0349374	3.35977	0.00989239
0.0476667	0.00223369	5.71703
0.694779	0.0156068	2.80668
0.754761	0.309269	1.31211
0.0212741	3.55904	0.00860256
1.92303	0.00395755	0.0579749
0.0353111	3.19266	0.344159
0.0830067	2.83555	0.0718071
0.16932	0.0886602	4.55083
1.9398	0.00169466	0.238576
0.0940202	2.67982	0.851548
0.0331537	3.26509	0.44071
1.10422	0.39802	0.937895
0.161616	1.42605	1.59908
0.282995	0.347171	3.17647
1.50832	0.120253	0.641908
1.28067	0.289313	0.837951
0.270155	1.97717	0.535539
1.0433	0.0679217	1.86837
1.22477	0.0187224	1.69702
1.02162	0.0732936	2.51283
0.183635	0.133445	3.66364
0.463617	0.14845	3.10818
1.4187	0.17274	0.219847
0.0134609	0.0883337	5.48846
0.0178658	0.659623	3.72939
0.341512	0.0145991	3.96648
0.197424	2.22455	0.472051
1.96581	0.000273468	0.227433
0.0541478	1.01742	2.74059
0.579649	1.12932	1.00846
0.417383	0.252196	2.40608
0.536495	0.521478	1.81742
0.880495	0.1776	1.47138
0.124911	1.56958	1.5334
0.0300512	3.30286	0.313536
1.56231	0.0959044	0.092139
0.579082	1.17255	0.55291
0.931976	0.557178	1.08292
0.81713	0.218242	1.96221
1.72021	0.0271773	0.772598
0.222989	0.0490453	4.18432
0.1218	2.5707	0.541164
0.928229	0.137682	1.52093
1.85669	0.00668057	0.276514
0.136288	0.676039	3.20004
0.462628	0.6693	1.97644
0.115042	0.196635	4.25413
1.44511	0.156451	0.219192
0.369202	0.805126	2.30095
0.0134304	3.52741	0.0305117
0.241085	0.481062	2.63441
0.958122	0.125019	1.53857
1.34851	0.215838	0.0783723
0.0101062	1.43401	3.55341
0.00315963	0.659265	3.97944
0.134533	0.170183	3.87613
0.015804	1.42781	3.48088
0.55996	1.16033	0.622738
0.0866692	0.934736	2.43858
0.462988	0.628422	2.19426
0.87608	0.00189208	2.62452
0.0146668	3.4783	1.16006
0.00304495	1.36686	4.64131
0.03996	3.17224	0.229702
0.00428452	2.50755	2.49713
1.59537	0.100563	0.058387
0.0744182	0.960565	2.92406
1.69684	0.0453097	0.44267
0.290296	1.93501	0.159766
0.0649333	0.00952669	5.13156
1.33031	0.203559	0.989452
0.443119	1.39296	0.959734
1.27157	0.00655772	1.6605
0.00769657	3.62594	0.150017
0.488556	1.35344	0.640797
0.720711	0.887095	0.330922
0.141022	0.689468	2.97554
0.70374	0.906743	0.873217
0.122394	0.764674	3.29877
0.00769657	3.62594	0.150017
0.38721	0.303025	2.56514
0.0606664	0.0155014	5.13401
0.118294	0.164214	4.55242
0.0946235	2.71672	0.486147
0.622835	1.04223	0.656419
1.83522	0.0216892	0.38316
0.247439	2.04939	1.23735
0.00146169	3.79127	0.531407
0.48676	0.11273	3.28686
1.05487	0.0753437	1.78025
0.128119	0.153283	4.62657
0.334347	1.71671	0.733413
1.33878	0.218829	0.338472
0.0559928	2.02588	1.49969
0.790665	0.784973	0.457369
1.02256	0.0934341	2.0426
1.12189	0.39907	0.226205
0.258003	0.52732	2.41442
0.511832	1.30339	1.03748
1.44265	0.128391	1.06021
1.57352	0.0760844	0.518669
0.0575059	1.10456	2.44249
0.000788941	0.00151624	5.8843
0.208014	2.19176	0.391623
0.00634764	2.50792	1.2623
0.359981	1.62721	1.16446
0.00487022	3.72392	0.589611
0.137203	0.682339	3.0622
0.49891	1.31743	0.910461
0.110493	0.218554	3.87499
0.0674072	1.99657	1.23981
0.0960267	2.75639	0.126842
0.470185	0.144164	3.38627
0.0230859	3.40284	0.0493711
0.0855785	2.80559	0.312115
1.26235	0.0109663	1.57961
0.0589155	3.01231	0.532507
0.351542	0.870685	2.18346
1.14083	0.386903	0.451024
0.0586174	1.0852	2.39573
0.00153747	3.76415	0.665449
0.0200667	2.29687	1.43397
0.377366	0.825628	1.63338
0.054156	0.00827153	5.71493
0.31807	1.79689	0.803646
0.477873	0.144528	2.51893
0.408317	0.787277	1.37593
1.62115	0.0597816	0.694232
0.524239	0.577326	1.86623
1.39759	0.19338	0.00562694
0.325165	0.966835	1.90844
0.000799664	0.00104504	5.95693
0.594605	0.0358854	3.56771
0.360457	0.852692	2.33575
1.40052	0.192972	0.365518
0.00023313	0.102129	5.64824
0.000311574	3.99386	0.000309169
2.0001	0.000313512	0.000313548
1.96975	0.000236546	0.193174
0.000258858	0.000919062	5.93148
0.484659	1.39033	0.000268985
0.0147365	3.58233	0.0547445
0.205152	0.513143	3.16941
0.240513	0.424195	3.50706
0.00623585	3.70386	0.516616
0.129518	0.703909	3.34307
0.0282813	3.46942	0.011163
0.000414488	0.15559	5.05532
0.759513	0.250381	2.1187
1.29	0.00490029	2.0241
1.87602	0.00228164	1.77434
0.00149552	2.7469	1.19385
0.22894	2.11991	0.466768
0.00168983	3.931	0.00254734
0.562057	1.17949	0.652446
0.370131	1.66627	0.15614
0.044889	0.341944	4.45066
0.00612031	0.139663	4.94437
1.54872	0.0988182	0.445421
0.0542864	3.00022	0.576944
0.114495	0.186219	4.15353
0.778301	0.00836086	2.78902
0.0122945	3.64902	0.327819
0.126214	2.54959	0.289763
0.00733636	1.49349	3.09853
0.0392721	3.3	0.0335998
0.239123	0.434819	3.288
0.710732	0.864737	0.955308
0.0795436	1.79345	1.56467
1.94438	0.00487218	0.0141002
0.061896	3.0512	0.0042925
0.0123601	2.38713	2.3077
0.580424	0.0583668	2.88132
0.0611124	0.284632	4.62411
0.0424428	2.19315	1.25747
0.00464625	2.60621	1.23696
0.933227	0.623749	0.00674381
0.189776	2.32939	0.708681
0.0170135	0.0321414	5.74071
1.59216	0.0854321	0.748417
0.0916375	0.21902	4.0671
1.25665	0.270896	0.840772
1.35459	0.20022	0.388439
0.23328	0.0568056	4.25654
0.0558604	0.277255	4.70293
0.830538	0.276349	1.22675
0.0203908	3.42609	0.673928
1.50584	0.115721	0.192977
0.441751	1.43519	0.787116
1.83083	0.00710428	0.926209
0.530206	0.0695343	3.56463
0.556945	1.22359	0.907009
0.0142924	1.28435	3.91751
0.0727857	0.258623	4.75879
0.0150328	1.29903	3.60527
0.034044	0.0530606	5.22135
0.690168	0.985529	0.150044
0.0210338	3.37079	0.480876
1.37718	0.16873	0.742013
0.166248	2.43999	0.352587
0.797002	0.268833	1.34751
1.80048	0.0256811	0.00731705
0.725475	0.00357661	3.05369
1.71405	0.0311389	1.17301
0.00268277	2.65757	1.19376
0.33906	0.0264824	3.76001
1.09333	0.403149	0.934683
0.959029	0.555952	0.594161
1.74355	0.0226205	0.967874
1.48189	0.106583	1.14957
0.353591	1.74219	0.205547
0.624407	1.0429	1.02773
0.24466	2.07547	0.32074
0.0175237	2.35952	1.68231
0.33361	0.00475279	3.87521
0.290599	0.371292	2.72915
0.253171	2.04434	0.678711
0.00332053	1.46321	3.67201
0.601265	1.12636	0.156342
1.4076	0.171912	0.533471
1.26308	0.266083	0.434594
0.398534	0.22819	2.69192
0.974207	0.576323	0.178385
0.318023	1.81439	0.350831
0.00722328	0.089043	5.83954
0.106435	0.222314	3.80625
0.0732553	0.948218	2.57069
0.857508	0.693057	0.15086
0.0238702	0.0434011	5.34811
1.90596	0.0100229	0.0304776
0.110159	0.179539	4.36166
0.0497484	1.90016	2.37789
0.0397712	3.11522	1.15872
0.363363	0.890421	1.38283
0.944266	0.585832	0.391877
0.500144	0.63718	1.58777
0.687146	0.916919	0.884618
0.34404	1.74736	0.459012
0.38803	0.923157	1.29733
0.901576	0.631343	0.564416
0.425858	1.54132	0.204357
0.160867	1.51958	1.48952
1.13571	0.0411062	1.52396
0.808595	0.23184	1.63307
0.0747701	2.94075	0.00426312
0.00212944	0.195248	4.80926
0.0193813	0.0371314	5.55988
0.879946	0.651861	0.532021
0.596906	1.14939	0.046718
0.0195823	0.0378462	5.53053
0.145484	2.45974	0.306473
0.206465	2.22667	0.166574
1.22817	0.296619	0.410091
0.102832	2.64865	1.09302
1.11018	0.0398818	1.98842
1.44234	0.163867	0.216686
0.0234448	2.28079	1.19556
0.154552	0.106308	4.32167
0.989477	0.564667	0.181351
1.10984	0.036272	2.02998
0.865674	0.16566	2.14897
0.284153	1.85811	1.17083
0.0277434	0.494829	3.99664
0.511335	1.33119	0.00102452
0.951501	0.553424	1.0914
1.59778	0.0676165	1.15432
0.379864	0.834231	1.94028
1.04942	0.471946	0.415777
0.173083	0.717205	2.53115
0.430187	1.58032	0.0765657
1.46573	0.1118	1.07092
1.6248	0.0644924	0.247139
0.369606	1.6156	1.02128
1.17083	0.362946	0.242548
1.78045	0.0197752	0.927491
0.00665148	0.119577	5.1518
0.489186	0.170505	2.62111
0.260478	1.99879	0.480946
1.07287	0.443595	0.371094
0.0468157	3.20207	0.259329
1.68941	0.0511432	0.00224487
0.0883094	2.87869	0.297483
0.449772	0.744829	1.45032
1.01097	0.476368	1.19354
0.6535	0.0335652	2.81181
0.481823	1.34331	0.823976
0.0662143	0.0415967	4.87377
0.909367	0.629378	0.395101
1.66436	0.0762513	0.0342949
0.459202	0.666568	2.33201
0.278539	1.95165	0.504416
0.0564757	0.00212385	5.44396
0.471929	1.36609	0.824036
0.816471	0.718931	0.906625
0.0162321	0.0708536	5.67829
0.0201362	1.40964	2.45959
0.558283	0.488543	2.26933
0.218603	0.472101	3.01723
0.040682	3.38524	0.0194743
0.675432	1.00469	0.540851
0.545235	1.25015	0.302688
0.00481981	0.108888	5.28569
0.997999	0.483204	1.17396
1.88724	0.00161402	1.85162
1.02897	0.478887	0.636767
0.723211	0.879144	0.494886
0.031412	2.25908	1.58307
0.00934059	1.50789	2.99036
0.616391	0.0330807	2.99133
0.319571	1.00501	1.40738
1.74887	0.026831	0.714093
0.640424	1.07461	0.151342
0.457529	0.683127	2.2297
0.157842	1.4173	2.40807
0.405938	0.820415	1.44704
0.0465584	3.2479	0.0358876
1.05925	0.452252	0.411233
1.18842	0.0136028	2.02758
1.1301	0.368031	0.932891
0.465536	0.768519	1.40001
0.000232347	3.52461	5.23733
1.83698	0.000201999	3.31602
0.627052	1.09231	0.000332686
0.02101	0.0365713	5.68464
0.0137946	3.40255	1.17336
0.0201103	0.0841931	5.00972
0.0342691	3.3156	0.120102
0.0541568	0.344529	3.91829
0.0724491	2.86637	1.00039
1.93239	0.00488941	0.174738
0.0905865	2.78079	0.628113
0.0597692	0.0132384	5.23145
1.24247	0.00216485	3.38482
0.0218155	0.0351218	5.54006
0.0019174	3.51136	4.30156
1.96653	0.00136467	0.243408
1.00104	0.0912646	2.07295
1.56756	0.0833141	0.621814
0.00251553	3.7444	0.293175
0.271531	1.22035	1.45116
0.107628	0.899926	2.64325
0.0138198	3.48705	0.419298
0.171071	2.30037	1.02848
0.449633	0.634648	2.21963
1.35241	0.234836	0.0867534
0.0760472	2.93441	0.538176
0.0846462	1.74585	2.3709
0.109697	2.66014	0.591271
0.919821	0.116015	2.338
0.504654	0.602663	1.87999
0.0119822	2.49711	1.97955
0.0483041	3.04152	1.10832
1.4322	0.161617	0.194359
1.28705	0.284655	0.257951
0.643815	0.415881	1.81966
1.47465	0.126035	0.614852
0.036465	3.21659	0.624664
0.0616206	2.97271	0.741741
0.406659	0.826623	1.24425
1.26289	0.00984562	2.15011
0.223641	1.27019	1.29489
1.08171	0.448702	0.326847
0.199667	2.25939	0.388251
0.953	0.562722	0.851287
0.176766	2.37788	0.0662685
0.350127	1.67701	0.883826
0.366253	0.24332	3.18845
1.63726	0.0586101	0.95278
0.595556	1.17276	0.147828
0.321685	1.77141	0.348548
0.00619087	0.724231	3.59056
0.00486561	0.0724792	5.93064
0.0374297	3.13406	1.13586
1.80413	0.00789016	1.26327
1.53656	0.10025	0.256844
0.0712488	1.89222	1.98626
0.969485	0.144658	1.36426
0.122658	0.166293	4.40861
0.102606	0.198524	4.54944
0.0936334	1.00544	2.57689
1.67112	0.051443	0.261725
1.60019	0.0666897	0.70475
1.16454	0.0204165	2.05633
0.00442044	3.82856	0.046857
0.0126772	0.0784765	5.34924
1.12669	0.0776399	1.32472
0.115598	0.22889	3.66887
1.0556	0.491456	0.255791
0.288286	0.0306005	3.78164
0.0637045	1.01586	2.83876
0.103618	0.211006	4.03147
0.261055	2.01969	0.374136
0.129101	2.59978	0.313444
0.110295	1.62204	2.17145
0.290865	1.98848	0.0554498
0.000232894	3.61207	4.20406
0.718107	0.870624	0.782249
0.414143	0.763603	1.582
1.42398	0.164507	0.336582
0.516255	1.38714	0.201119
1.14312	0.369358	0.470354
0.159073	2.44498	0.0155605
0.750697	0.00466395	3.12872
0.234455	0.429382	3.38645
0.975268	0.532608	0.627243
0.708239	0.947168	0.278844
0.726521	0.883187	0.56442
0.0417899	1.19704	3.08687
0.0824504	1.0448	2.74235
0.756635	0.264645	1.89212
0.0119748	0.139958	4.93262
0.373066	0.798597	2.13493
0.900132	0.644149	0.635854
0.0147561	0.109476	4.90376
0.52979	0.551069	1.93236
1.38482	0.183137	0.502054
0.014516	2.54208	1.61635
0.551893	0.0849265	2.99692
0.361531	1.63626	0.725012
0.582353	0.526446	1.20223
1.50533	0.10454	0.608404
0.080267	1.07541	2.69693
1.15368	0.0194445	2.28571
0.112774	0.207296	4.03635
0.198187	2.23127	0.676055
0.933086	0.67872	0.0317166
0.334445	0.307079	2.79939
0.378658	0.777328	2.43309
0.00272122	1.57632	2.4836
0.851221	0.704938	0.918306
0.667531	0.98825	0.590048
0.00740303	3.64615	0.246575
1.20743	0.0190233	1.74469
0.123614	2.58898	0.922932
0.782141	0.298622	1.21613
0.690834	0.932928	0.894238
0.16052	2.35006	1.02864
0.0377008	1.10975	3.29611
0.301562	0.405561	2.56763
1.18391	0.0299989	1.54013
1.61501	0.0594963	0.84735
0.48626	1.33754	0.743965
0.344362	1.71139	0.518378
0.0140348	0.0640846	5.28248
0.22571	2.08812	1.04103
0.0435659	0.357492	4.61784
1.89453	0.0117623	0.316944
0.132695	0.160084	4.49856
1.33478	0.0072145	1.41688
0.928431	0.573997	0.762662
0.0407378	0.0790661	4.81892
0.297957	1.90569	0.0418364
1.74365	0.068112	0.0305819
1.7699	0.0289337	0.00192584
0.27611	1.95073	0.998471
0.802766	0.24317	1.55153
0.829612	0.77442	0.00768052
0.106787	0.774636	3.2601
0.00982496	0.659328	4.17118
1.78819	0.0230298	0.000451719
0.187408	1.36257	1.68283
1.47911	0.174451	0.0278674
0.440684	1.44174	0.790807
0.00484488	3.70338	0.980904
0.0296402	1.09049	3.45971
1.87131	0.00820038	1.01211
0.0383896	2.13237	1.98329
0.0433658	0.325175	4.74482
1.39536	0.193904	0.0443949
1.21528	0.0204835	1.637
0.178065	0.0777601	4.69397
0.020589	0.557712	3.72306
0.386574	0.218085	3.05567
0.245585	0.500327	2.46081
1.0305	0.491701	0.546361
0.143913	1.54049	1.58169
0.364771	0.25168	2.89056
0.146395	1.46109	2.07837
0.0631035	0.00304469	5.42312
0.214703	2.17049	0.677514
0.627848	0.433462	1.52221
1.31294	0.250094	0.32738
0.389995	0.809434	1.93945
1.03165	0.502487	0.487205
0.152575	0.105932	4.60613
0.289222	0.396502	2.93689
0.771053	0.00802675	2.7871
0.287975	1.8671	1.06941
0.860946	0.703483	0.448852
0.0160256	0.466457	4.77223
0.270595	1.94374	1.03102
0.816057	0.720387	0.692686
1.8934	0.0020291	1.18413
0.518557	1.32138	0.508587
0.150315	0.157316	3.77967
0.00876555	3.68711	0.0424613
0.332072	0.273415	3.57741
0.82147	0.259288	1.35154
1.1516	0.0458946	1.51513
0.497889	1.32439	0.433635
0.14739	2.45065	0.507291
0.159614	1.48967	1.79446
0.568045	1.14249	0.720654
0.0484288	3.06925	1.00037
0.000258858	0.000919062	5.93148
0.340654	1.76821	0.000305245
0.000270815	0.000270834	5.9999
0.99942	0.490251	0.765452
0.0542967	2.03619	1.47081
0.00869985	3.5675	0.425675
0.961509	0.588812	0.100306
0.790493	0.788261	0.545659
0.00528274	3.65222	1.10761
0.434994	0.229501	2.58566
0.934758	0.607343	0.277354
1.33623	0.00201687	1.35853
1.68939	0.0579006	0.0558334
0.714709	0.307635	1.89574
0.0338137	3.15897	0.937019
0.000657543	3.95886	0.0939609
0.0259037	1.20627	2.79289
1.77759	0.0293091	0.208405
1.54729	0.0943142	0.508192
1.89112	0.00813432	1.02354
0.2884	0.367127	2.90234
1.49731	0.127476	0.0930361
0.0497813	0.00829075	5.34039
0.410138	0.766005	2.10401
0.020888	3.50098	0.119503
0.121999	0.199521	3.86931
0.00438952	3.7004	0.694736
0.0636057	2.95217	0.315363
1.62104	0.0883986	0.201329
1.37005	0.191733	0.729655
0.0226084	3.38624	0.672676
0.00272721	3.77634	1.1778
0.65721	0.00182807	5.17671
0.047537	1.96073	2.23764
0.0137923	1.4317	2.5297
0.00109966	3.86526	0.142928
0.0362726	3.33812	0.148976
0.0917682	0.212011	4.35247
0.0760601	1.79421	1.70054
0.250497	2.10606	0.299114
0.17374	2.34546	0.781395
0.605694	1.15381	0.0720354
0.0871744	1.72305	2.30528
0.303057	0.352597	2.97966
0.0296454	3.28883	0.980417
1.73294	0.0370348	0.0938342
1.31299	0.0128049	1.57014
0.530215	1.2885	0.420096
0.0950459	0.198269	4.42747
0.139212	2.47445	0.9125
0.872752	0.188177	1.29343
0.0592772	0.00659237	5.48751
0.83145	0.729376	0.441735
0.521786	0.549556	1.95003
0.0161557	0.634347	3.73212
0.0350902	3.22423	0.259909
0.848452	0.705516	0.441735
0.487782	0.639544	1.74351
0.0410388	0.402681	4.05843
0.314975	0.965378	1.99683
0.16418	0.178969	3.64767
0.106942	2.71954	0.225524
0.346888	0.33972	2.72057
1.02374	0.104395	1.34207
0.14981	0.128307	4.08846
0.00654675	0.0730209	5.68361
0.418205	1.57905	0.317036
1.92043	0.00343246	0.330148
0.184886	0.50773	3.54492
1.98786	0.000875318	0.0509258
0.135435	0.138342	4.2881
0.0384692	0.567265	3.7778
0.279154	1.88569	1.09799
0.755546	0.85854	0.174514
0.192477	1.33258	2.0004
1.16846	0.31795	0.961995
0.0337097	1.2203	2.48233
1.72299	0.0353372	0.229056
0.090473	2.79173	1.03494
1.66321	0.0576017	0.181416
1.41726	0.175122	0.608222
1.10261	0.0527594	1.42735
1.20451	0.0219357	2.16137
0.00796686	0.0137749	5.85047
1.0816	0.442039	0.590617
0.509426	0.544887	2.36025
0.316537	1.84447	0.107327
1.23595	0.0178523	1.50892
1.05906	0.0676755	1.8285
0.187441	2.30583	0.253034
0.00393918	3.80104	0.693953
1.85928	0.0173668	0.00889846
1.08481	0.425232	0.85244
1.06035	0.0838722	1.54708
0.2203	0.468584	3.47685
0.564226	1.18591	0.251592
0.226057	0.0369754	4.67147
0.454155	1.39652	0.604257
0.11505	2.62732	0.968752
0.390906	1.55872	1.14108
0.0711405	2.89789	0.344533
0.00409089	0.580996	4.21547
0.333368	0.296484	3.27088
0.21003	2.24834	0.334783
0.725819	0.00495483	3.39485
0.183603	2.42857	0.171163
0.0445066	0.0101194	5.60128
0.108651	0.191087	4.80132
1.82488	0.00948798	1.02037
0.0526452	3.04466	0.819119
0.409359	1.59799	0.445804
1.25859	0.26719	1.1203
0.0102038	2.67423	1.3943
0.914868	0.656244	0.00792412
1.44266	0.165569	0.0151023
0.463105	1.37496	0.836894
1.46158	0.132229	0.622342
0.474484	0.159303	3.19776
0.295234	0.0206245	4.47938
0.231379	2.16953	0.190573
0.0408375	1.07058	2.91954
0.216815	2.20823	0.0992592
0.336133	0.289369	3.06973
0.259259	0.503569	2.42131
1.59076	0.0819149	0.404373
0.126113	2.66365	0.0278104
0.39544	0.19227	3.33781
0.0712834	2.9975	0.224581
0.388855	1.67065	0.204468
1.95728	0.00195291	0.00162345
0.0937067	0.258777	3.63665
0.451778	1.48743	0.0100515
0.0271944	0.048526	5.14309
0.203548	0.534033	2.63091
0.37991	1.6371	0.40507
1.84705	0.0126381	0.735496
1.80682	0.00787235	1.16615
0.19011	2.27122	0.128412
0.161653	0.616321	3.10577
0.635854	1.1116	0.0775333
1.27038	0.00790474	1.80067
0.895204	0.697263	0.265164
0.0363216	3.25104	0.116436
0.278029	1.91714	0.508314
0.0511634	0.0426114	4.90075
0.0403428	0.0290204	5.24687
0.0175049	3.45038	1.07421
0.351562	1.62836	1.1023
0.0450354	0.0440313	4.95501
0.6895	0.345059	2.04876
1.17912	0.0272954	2.22404
0.118821	2.60338	0.672358
0.290765	0.0191983	4.50848
0.0276072	0.548038	3.82002
0.0175049	3.45038	1.07421
0.239786	0.539087	2.43823
0.740934	0.937812	0.130927
1.04096	0.447755	0.702415
0.0208006	2.18788	2.27331
0.484951	0.108257	3.28253
0.289905	0.342871	3.02693
0.209655	0.517892	3.15079
0.771719	0.254341	1.74985
1.2276	0.0207719	2.16343
0.145332	1.44302	1.78085
0.361716	0.85235	1.63071
0.0371339	0.0300798	5.27698
0.669282	0.978351	0.549155
0.340875	0.279226	3.5109
0.0141686	2.40051	1.24285
1.14474	0.0545585	1.26826
0.019584	0.444926	4.70691
0.0936377	2.84661	0.198315
1.14474	0.0545585	1.26826
1.79488	0.0242741	0.193867
0.000472669	2.35665	4.7068
0.702131	0.895053	0.833433
1.38844	0.189222	0.371475
0.364759	0.810389	2.03463
0.0687377	0.0152549	4.99917
0.68278	0.925664	1.01838
1.21021	0.0262024	1.5118
0.152552	2.38615	1.12294
0.282106	0.00025419	5.20004
0.000215974	3.7901	1.55594
0.000289604	3.98521	0.000280386
1.99826	0.000358268	0.000375364
0.0383049	3.22367	0.000250842
0.148114	2.53706	0.251774
0.147386	2.38621	1.07631
0.116132	0.181785	4.51597
0.679162	1.09696	0.0365103
0.0323849	3.27838	0.187795
1.03985	0.0929705	1.54116
1.22171	0.298364	0.963525
0.991272	0.080639	2.35073
1.4683	0.130159	0.317134
0.290967	0.00400577	5.01084
0.131241	2.59098	0.0052872
0.0661447	0.27652	4.69918
0.104213	1.67261	2.15371
1.17883	0.325054	0.581886
0.415663	0.757378	2.17553
0.83123	0.753562	0.0982782
1.77374	0.024183	1.01733
0.372145	1.62423	0.764738
0.899801	0.601406	1.00166
0.181998	2.34859	0.00295052
0.0250781	3.35718	0.505308
0.0341612	0.484076	4.34096
0.0226751	2.26444	1.58124
0.0221552	3.47166	0.785472
1.6625	0.0422263	0.967074
0.330264	1.78051	0.43199
1.36845	0.201163	0.549114
0.0952358	1.70312	1.71951
0.0782475	0.926726	2.71461
1.80723	0.0160599	0.650759
1.70857	0.027613	1.13928
0.0310819	2.25646	1.67483
0.70518	0.938593	0.332918
1.18575	0.323122	0.293089
1.91978	0.00527386	0.124481
0.113335	2.65315	0.391681
1.63146	0.0558939	0.738975
0.0392116	2.16443	1.47791
1.14993	0.027067	1.78061
1.06939	0.0604056	1.92257
0.582604	1.11803	0.890918
0.00225073	1.53408	2.96529
0.0591404	1.01838	2.5433
0.00420213	1.38563	3.26411
0.621129	0.435362	1.71296
0.342942	0.00201427	3.86653
0.092917	2.80086	0.466594
0.382914	0.875223	1.4264
0.101721	2.69906	0.455917
1.6788	0.034697	1.15108
1.23455	0.293208	1.20158
0.0698398	0.9743	3.15442
1.9698	0.00170329	0.00122968
0.00611358	3.51698	1.85204
0.0954117	0.788491	3.52344
0.059112	1.88845	1.96937
1.10186	0.417546	0.412941
0.0480088	1.96433	2.03877
0.126288	1.58369	2.0839
0.316794	1.86007	0.493539
0.000730405	3.76831	1.86847
0.871632	0.207659	1.34907
0.94266	0.578119	0.642059
0.0167778	3.54493	0.749253
1.53996	0.0806707	1.1395
0.967701	0.512924	1.07618
0.0526105	1.07581	2.55574
0.00971263	1.4395	2.66036
0.341484	0.015473	3.95625
0.395595	0.776714	2.22658
0.438102	1.4922	0.0674935
0.0485278	3.17367	0.00487019
0.000279095	3.62037	4.06489
1.39657	0.183646	0.348393
0.568359	1.16264	0.860251
0.0834524	1.92635	1.30981
0.708223	0.893775	0.517915
0.466447	0.715584	1.40001
1.84737	0.0203335	0.532587
0.0240479	3.38077	0.365093
0.0184395	2.29579	1.98225
0.212064	0.53481	2.62942
1.25603	0.00474047	2.44533
0.303955	0.0030154	4.42087
0.763976	0.840333	0.288492
0.259961	0.000460127	5.53714
0.451784	1.48753	0.0767867
1.3832	0.193814	0.229476
1.05541	0.068191	1.82678
0.15306	1.50519	1.25237
0.652409	1.01203	0.543231
1.75449	0.0356668	0.364788
0.753104	0.00723774	3.10766
0.00593966	1.2889	4.45768
0.0703212	0.996957	2.84404
1.61148	0.0648518	0.831814
0.0319479	0.499369	3.98088
0.221473	2.18775	0.277757
0.459404	1.41377	0.778532
0.0991806	0.880553	3.46493
1.08676	0.405775	0.645728
0.00757727	3.70607	0.0298749
0.596386	1.18627	0.0562295
0.322698	1.82846	0.299826
0.370641	0.805196	2.31035
0.0886837	2.84799	0.011473
0.0058233	1.55893	2.6724
0.925683	0.562574	1.07618
1.55844	0.0825624	0.926422
0.479139	0.63729	1.75263
0.633376	0.0462731	3.20677
0.344534	0.257439	3.58002
0.0284343	0.498392	4.06784
0.0118686	3.63783	0.475412
0.468096	0.663869	2.10839
0.50237	0.583445	2.26445
0.323431	0.35647	2.89209
0.0458722	3.0728	0.615174
1.51075	0.0930072	1.13952
1.13627	0.0348891	1.78372
0.638113	0.993423	0.930805
0.569277	1.1952	0.141626
0.00981444	3.59615	0.813876
0.0377664	1.31212	2.60809
0.0721244	2.93636	0.246555
0.00763288	3.69703	0.0483033
1.82771	0.0121125	0.832649
0.51897	0.572981	2.18142
0.544629	1.24444	0.17753
0.107881	2.65691	1.08501
1.34183	0.191079	0.738244
0.0444005	3.12776	0.342056
0.254373	1.97228	0.732326
0.0427104	3.04287	1.03536
0.226765	0.478979	2.77435
0.242973	2.05782	0.297631
0.143496	0.271622	3.63802
0.0775205	2.88084	0.309451
0.48651	0.617804	2.10294
0.0740202	2.93097	0.311319
0.0649113	0.279417	4.80394
1.81949	0.00641475	1.51427
0.965269	0.125075	1.34056
0.0464752	1.13918	2.79814
0.507355	0.569928	2.34966
0.046458	3.03601	0.76247
1.29715	0.217283	1.10001
0.354944	0.0140387	3.68709
0.115141	0.242425	3.76611
0.877354	0.189055	1.81106
0.0343177	0.373161	4.86639
0.0421597	0.454579	3.70805
0.123187	0.166811	4.21257
1.50556	0.0937307	1.13844
1.89486	0.00325545	0.527242
0.604084	0.470952	1.31723
0.288508	0.359224	3.23272
0.234206	2.12256	0.349015
0.0553206	2.01984	1.23642
0.726392	0.858974	0.743913
1.48961	0.127726	0.319939
0.197707	1.3277	1.37521
0.537581	0.525195	2.38146
1.86688	0.00435194	0.419332
0.207769	1.34424	1.31792
0.0405338	2.20565	1.39891
0.000323057	0.000323057	6.00026
1.8845	0.000264624	1.93389
0.000323057	0.000323057	6.00026
0.000431338	3.98919	0.000424088
0.00253459	3.51233	4.11355
0.00112842	0.00138666	5.90663
0.00463855	0.0745334	5.71935
0.997418	0.522091	0.273879
1.82222	0.0185688	0.0203448
1.01795	0.109735	1.78151
1.96439	0.00196945	0.237821
0.910397	0.124584	2.36113
1.75475	0.0405254	0.0175606
0.0352289	0.0234946	5.29276
1.05568	0.447081	0.467531
0.0351355	0.0400533	5.15067
0.024167	0.0368938	5.5384
1.58062	0.0777164	0.780022
0.0664419	2.93953	0.517119
1.71138	0.050069	0.0400084
0.22548	0.439901	3.33369
0.221569	0.0653566	4.3587
0.119997	2.70283	0.15536
1.53132	0.0954847	0.491156
0.0786753	2.85596	0.386793
1.35594	0.219878	0.144203
1.22364	0.294012	1.12159
0.0328989	2.23383	1.48657
0.521757	0.093112	3.46666
0.660235	0.00225787	4.82134
0.0616951	0.0140881	5.39214
0.061089	1.89099	2.08231
0.0509486	2.032	2.04135
0.0365989	0.041784	5.07252
0.0813923	2.77875	0.902747
0.351017	1.68331	1.1358
1.49939	0.126461	0.302582
1.38464	0.16723	0.97665
1.08382	0.053927	2.15593
0.311928	0.314465	3.2962
0.776207	0.769663	1.19651
0.679922	0.996363	0.19943
0.0731945	2.89951	0.659408
1.9106	0.00653223	0.014969
0.301595	0.0107254	4.48391
1.17723	0.0188709	2.19716
0.00496131	3.75304	0.401069
0.749335	0.858937	0.493476
0.193577	2.27557	0.835013
0.0511299	1.98106	1.98927
0.122421	0.176413	4.179
0.106396	2.75845	0.0916276
0.252796	0.481053	2.6943
0.414981	0.723689	2.24159
0.34196	1.72627	0.924146
0.700972	0.943198	0.691718
0.742849	0.87246	0.553948
0.0169232	3.39134	0.810833
0.878475	0.708195	0.210003
0.180077	1.34656	2.29749
0.368445	0.270263	2.80519
0.101043	0.782227	3.5558
0.0954426	0.18381	4.6636
0.845061	0.205861	1.8553
0.0336523	0.406825	4.42753
0.16052	1.40924	1.82199
1.14117	0.390674	0.428658
0.263047	0.373091	3.50245
0.0846082	1.93567	1.26103
0.00703183	0.129548	4.96718
0.0595312	3.00751	1.06183
0.429202	1.52578	0.468053
0.183594	0.0933813	4.70579
0.133876	2.57539	0.0170344
0.0439307	3.0708	1.02248
0.511212	0.658199	1.28488
0.150853	1.46258	1.67858
0.567091	1.23237	0.00850659
0.238001	0.460922	3.04779
0.0299345	3.23469	0.866084
0.332284	0.334966	2.62877
0.00452495	3.65444	0.604301
0.0776194	1.84362	1.85207
0.599693	0.489857	1.50585
0.962977	0.149315	1.21832
0.0410592	3.11389	1.00711
0.284568	0.385154	2.99438
0.529971	0.0919843	3.14635
1.87128	0.00889037	0.436571
0.389941	0.238467	3.24072
0.632003	1.02946	0.988088
0.284307	0.0185842	4.57894
0.235657	1.18166	2.09019
0.270055	0.0457406	4.00882
1.74834	0.0395621	0.0414856
1.32065	0.00312581	1.75259
0.435512	1.4284	0.796095
0.202629	1.24744	1.90838
0.0453603	1.12239	2.57158
1.68745	0.0432403	0.295041
0.260566	0.0565926	3.89775
0.478859	1.38801	0.733995
0.11461	0.183221	4.29404
1.29006	0.265386	0.14329
1.20033	0.338245	0.0463062
1.46414	0.13285	0.52239
0.731297	0.0120637	2.89317
1.43176	0.15855	0.675778
0.940002	0.152799	1.30803
0.0853091	1.80094	1.74496
0.929965	0.601194	0.206629
0.108349	2.6369	0.992885
0.0118909	2.38197	2.11084
0.560243	0.571643	1.43557
1.25273	0.264426	1.0495
1.10974	0.0521425	1.5822
0.227563	2.12412	0.895882
0.371769	0.301506	2.40265
0.607454	1.09287	0.289267
0.0128545	2.49153	1.62037
1.51689	0.139032	0.110613
0.0547749	2.01102	1.77014
0.461705	1.40662	0.341837
0.173202	0.620526	2.94275
0.139499	2.44165	0.882728
0.0541517	3.02464	1.07069
0.00550104	1.31118	4.46056
0.234007	0.582301	2.48276
0.407137	0.812126	1.35667
0.782179	0.0135515	2.73242
1.84418	0.00715479	0.817596
0.170203	2.38581	0.629996
0.870321	0.701789	0.480851
0.316099	0.0130203	3.73861
1.67071	0.0646646	0.225138
0.0240628	3.44878	0.100412
1.08622	0.433454	0.652368
0.010578	0.109529	5.36674
0.377556	1.66695	0.0599297
1.25405	0.261881	1.10397
0.128815	0.189609	3.81857
1.98857	0.00370417	0.0043307
0.44154	0.744427	1.30512
0.00263787	0.905924	4.6073
0.491263	0.623419	1.5524
0.00257148	1.36988	4.05812
0.0222992	0.683707	3.60993
0.625324	0.425592	1.63978
0.563137	1.15393	0.615768
0.709895	0.013343	3.09781
0.415361	1.56353	0.152329
0.241176	0.465829	2.85516
0.584195	1.1266	0.539258
1.6302	0.0782618	0.119913
0.323491	0.00725067	3.96411
0.853897	0.691374	1.08821
0.00789323	0.833811	4.90995
1.27685	0.244347	1.05343
0.175243	2.42134	0.134709
0.593421	0.539687	1.2143
0.176103	0.100961	3.76816
0.332864	0.333828	3.19624
0.14409	0.220015	3.61489
0.0343828	3.33068	0.319039
0.498704	0.632908	1.32953
0.291259	1.09123	1.38172
0.00155651	3.93141	0.186679
0.507408	1.2785	0.707192
1.11978	0.390193	1.06362
0.960358	0.565433	0.273879
0.0159504	3.44727	0.735528
1.19505	0.0177264	2.58175
0.0206533	3.3593	0.866015
0.375751	0.805885	1.9389
0.0283569	3.28426	1.09059
1.40185	0.181014	0.221512
1.64821	0.0467056	0.935255
0.351579	0.357982	2.46274
0.578204	1.16954	0.295738
0.398175	1.60219	0.384068
0.0419087	2.07451	1.59692
0.544463	0.575405	1.66147
0.823345	0.760518	0.454537
0.335194	1.75574	0.89639
0.000229501	3.60532	4.20462
0.000310406	3.99824	0.000312584
1.99679	0.000363558	0.00140854
1.87847	0.000257712	2.04937
0.351841	1.73507	0.000250778
0.00986742	0.0740543	5.69491
0.0171777	2.2514	2.09965
0.801518	0.218524	2.22559
0.0150508	0.60803	4.64146
0.257426	0.397507	3.07395
1.14357	0.0495084	1.75959
1.53236	0.0943582	1.12561
0.408228	0.214382	3.18682
0.841052	0.776316	0.0161542
0.99364	0.551823	0.0585746
0.949373	0.124564	1.85182
1.18848	0.358485	0.169771
1.02247	0.0873085	1.58614
0.66513	1.02803	0.120369
0.0154909	0.585094	4.82632
0.927499	0.589367	0.405582
0.15361	0.117773	4.43858
0.565837	1.16256	0.459925
0.781309	0.847151	0.029699
1.8029	0.0187103	0.361805
1.49173	0.097899	1.10688
1.10063	0.052147	1.68661
0.537832	1.28747	0.102663
1.85849	0.0120629	0.008952
0.359236	0.855798	2.31864
1.95265	0.00113649	0.188847
0.201599	2.32688	0.120544
0.761345	0.819977	0.768184
0.22939	0.449199	3.46039
0.190605	0.623695	2.57198
0.0763643	2.91497	0.00121002
0.0556505	3.05848	0.616001
0.033376	3.2313	0.705247
0.0662636	2.95692	0.425911
0.387287	1.63535	0.267281
0.0284059	3.27343	0.538061
0.00115109	2.60068	2.08265
1.43111	0.15697	0.295605
1.59107	0.102934	0.109966
0.244387	0.419693	3.27001
1.50061	0.119398	0.373384
0.334853	1.05347	1.32174
1.39961	0.145727	1.04611
1.34531	0.175345	1.17054
0.0302694	2.18614	1.35454
0.114089	1.71688	1.64196
0.0984477	1.79495	1.56842
0.632531	0.411817	1.84082
1.27983	0.250175	0.945569
1.05401	0.0685535	2.03032
0.0112667	0.0812235	5.58103
1.36507	0.00881655	1.32975
0.000464239	3.73114	2.26844
0.00185196	0.547895	5.16237
0.90269	0.193203	1.73618
0.00826875	1.32032	4.0322
1.97964	0.00155215	0.0906882
0.113249	0.20962	4.31991
0.399287	0.803703	1.47734
0.00241797	3.78868	0.0827858
0.501387	0.58386	2.11733
1.20871	0.023244	1.71036
0.746094	0.317351	1.53107
0.302504	1.88315	0.605563
0.15991	2.52525	0.261832
0.450927	0.672169	1.96498
1.31636	0.246766	0.0468698
0.0503402	1.13174	2.39876
0.171823	0.0757249	4.86469
0.213948	0.451978	3.33778
0.276053	0.00644031	4.95948
0.0148322	0.617343	3.83911
0.0308308	1.22734	3.21352
0.0380769	3.18997	0.695118
0.0775233	2.81147	0.88154
0.5965	1.09489	0.987002
0.51952	1.3486	0.110717
0.463845	0.723668	1.23257
1.23661	0.273383	0.849744
0.0473683	3.13317	0.517188
0.865357	0.177565	2.51212
0.0148603	3.46671	0.898824
1.72443	0.0217713	1.04629
1.22159	0.276911	0.973067
0.0898619	2.71626	0.680193
0.0104045	2.51751	1.76258
1.30082	0.242748	0.245562
0.466209	0.164616	2.62025
0.0361756	2.08941	2.29233
1.75374	0.000730065	5.36883
0.278187	0.451983	2.867
0.000640742	3.65586	3.56708
0.0275012	3.32079	0.985561
1.00645	0.512458	0.930039
0.617796	0.475731	1.4402
0.355354	0.227426	3.38982
0.571544	1.19241	0.184462
0.0148398	2.44312	1.39005
0.160306	2.39179	1.17288
0.581788	0.490345	1.79862
0.48746	1.36891	0.699494
0.012685	3.55735	0.770049
0.134696	0.179705	4.14846
0.00266607	0.520564	5.49446
0.0955237	2.84051	0.0872881
0.649574	1.00824	0.331502
1.41406	0.164199	0.207785
0.0510699	2.0452	1.94701
0.000279095	3.62037	4.06489
1.17079	0.353755	0.594385
0.19161	0.516156	3.52985
0.106081	2.66125	0.69465
0.0886013	0.295212	3.61442
0.0266568	0.556966	3.76118
0.0886864	2.78558	0.49114
0.938946	0.579886	0.74762
0.145494	0.16555	4.10691
0.694365	0.971868	0.000711186
0.000310403	3.93948	0.183952
0.710942	0.958265	0.0108144
1.46478	0.135996	0.372931
0.43646	1.45309	1.19727
1.92816	0.00151713	0.245056
0.0913515	1.74971	1.77254
0.648995	1.09104	0.0335277
0.295034	0.99885	1.7812
0.11803	0.170886	4.3096
0.478274	1.42508	0.183992
0.03515	2.10444	2.26099
0.0242644	3.35545	0.763304
0.083672	1.80961	2.15815
0.0764734	1.92819	1.40799
0.00211335	3.8283	0.0832598
0.346975	0.869247	2.19116
0.0634675	2.00111	1.25558
0.0441763	2.15021	1.38986
1.56389	0.148501	0.0572007
0.0242324	3.35085	0.816765
0.593587	1.1428	0.576677
0.0952219	1.82563	1.48899
0.000520111	3.69672	2.77675
0.344868	0.925408	2.24454
0.877828	0.681056	0.663579
0.515892	1.29601	0.338637
0.000774654	3.69156	2.83933
0.0144993	3.52361	0.776456
0.205399	0.07931	3.99418
0.198559	0.560574	2.66597
1.44926	0.130346	0.546037
0.370723	0.896063	1.27761
0.0718082	2.99303	0.337401
1.04567	0.497699	0.0867184
0.11352	0.20138	3.95683
0.153992	0.112263	4.52375
0.888894	0.72061	0.0213116
1.77276	0.017946	0.547027
0.853405	0.75875	0.219155
0.213544	0.500787	3.00168
0.00215198	2.63035	1.6732
0.0402209	1.13847	2.69875
0.127524	1.56311	2.05165
0.431634	0.668949	2.42403
1.88789	0.00814652	1.13911
1.23152	0.320818	0.119477
0.345955	1.69341	0.488295
0.736533	0.297372	1.77931
0.256138	0.435396	2.97107
0.227261	0.096047	3.90043
0.255869	1.17291	1.86523
0.058576	3.14213	0.0309316
0.050344	2.02988	2.17038
0.390517	1.58825	1.15478
0.0976087	0.225053	4.47578
0.00155902	3.86513	0.0783859
0.0861857	2.74676	0.769514
1.88443	0.000257723	1.88275
0.00128167	3.87798	0.641951
0.000232347	3.52461	5.23733
0.257772	0.000230348	5.6651
1.99898	0.000280942	0.00028086
0.000285543	3.99431	0.000333842
0.60864	1.1273	0.000240438
0.00481101	3.71317	0.947699
0.0017991	3.54472	3.18196
0.744361	0.872987	0.203698
0.0618995	0.308797	4.0033
0.680715	0.00243161	4.76538
1.24176	0.27298	1.03125
0.000417604	1.03443	5.35812
0.0392144	0.0112691	5.48782
0.00712046	1.50996	2.46509
1.3608	0.208928	0.437692
0.343071	0.916931	1.80802
0.0465346	2.09636	1.49561
0.00361127	3.81607	1.12041
1.93963	0.00207437	0.125362
0.364843	1.68051	0.169447
0.792709	0.00856878	2.57589
1.06101	0.0750151	1.57908
0.253497	2.01225	1.06615
0.943636	0.626807	0.118934
0.500161	1.34473	0.572853
1.88525	0.00303272	1.02265
0.0659824	0.953553	3.37565
0.112585	0.220957	4.1669
0.202479	1.25391	2.22409
0.0930882	0.0111704	4.90407
0.0644376	0.263495	4.4422
0.0311792	3.28008	0.15262
1.6344	0.0772184	0.152476
1.33713	0.22915	0.306527
1.02303	0.0750658	2.08988
1.99898	0.000280942	0.00028086
0.686431	0.00257777	4.64113
0.910911	0.139449	2.10072
0.517945	0.528499	2.34383
0.0314383	0.416474	4.35717
0.24421	0.415218	3.32634
0.728313	0.00266122	3.54096
0.227992	0.454217	2.98706
0.358601	0.829976	2.08102
1.5528	0.08603	0.661882
0.837725	0.766646	0.0985302
0.491913	1.29943	0.990019
0.111738	1.7281	1.68016
1.60073	0.0650026	0.637972
0.188355	0.528038	3.09783
0.112293	2.75065	0.505862
0.0040939	0.559913	5.15696
0.625338	1.04263	0.770646
0.370106	1.61902	1.16117
0.318955	0.307508	2.84658
0.772851	0.251309	1.85732
1.39378	0.164933	0.819134
1.50198	0.107892	1.09974
0.0126931	2.3958	1.40149
0.0820541	2.96959	0.0179228
0.484559	1.38755	0.078398
1.17515	0.345303	1.05893
0.346196	1.80858	0.0340414
1.80108	0.0158242	0.812641
0.0812124	2.92485	0.230633
0.0210357	3.35501	1.21001
0.0571162	3.0247	0.743643
0.651138	0.0230266	3.21406
1.28486	0.0202728	1.25633
1.21641	0.0112122	2.01526
0.562892	1.18808	0.352296
0.120744	0.17196	4.71221
0.048061	3.10996	0.82561
0.293287	0.35792	2.70459
0.853394	0.674188	0.961317
0.159585	0.706917	2.39801
0.0899517	2.81558	0.139733
0.151795	1.45515	2.15875
1.18806	0.0201074	2.12179
0.220804	0.439538	3.46914
0.8233	0.729056	0.724727
0.306388	1.9183	0.137874
0.888617	0.644602	0.784361
1.1062	0.0592202	1.58683
1.68728	0.0375967	0.934107
0.974592	0.550361	0.4009
0.550097	0.497042	2.00318
1.13471	0.0359121	1.67068
0.10047	0.298991	3.70596
0.0589005	0.960739	2.91615
0.34864	0.311894	2.39299
0.633876	1.00662	0.875493
0.133264	2.48855	0.70235
0.263827	2.05551	0.201085
0.147137	2.52532	0.23578
0.148852	1.56673	1.37418
1.41546	0.172323	0.609849
0.0323277	2.17432	1.6415
0.17979	2.34513	0.206268
1.81702	0.0199283	0.296237
0.465522	1.42514	0.189375
0.154851	1.48853	1.63008
0.19301	0.155638	3.66095
0.269694	0.381767	3.02983
0.421557	1.54138	0.743908
0.0283308	2.14493	1.74528
0.441026	0.687561	1.9349
1.44208	0.159206	0.497035
0.024317	3.43968	0.323866
0.394135	1.5512	0.946382
0.0839439	0.00272024	4.95214
1.85392	0.0145611	0.00945289
0.0370058	0.514536	3.75221
1.58565	0.0771113	0.908627
0.0800883	2.87586	0.776093
0.0148109	2.29894	1.95577
0.0238059	2.22699	1.74788
0.446012	0.811953	1.41784
0.811623	0.741475	0.464462
0.130933	0.165318	4.19483
0.327142	1.75007	0.634028
0.478049	1.35052	0.635062
0.0285468	0.00662398	5.89024
1.09482	0.0644708	1.53485
0.210435	1.29116	1.28192
0.278198	1.14992	1.29087
0.864968	0.656574	0.90991
0.255197	0.600335	2.62523
0.449476	0.745858	1.43846
0.104224	2.71735	0.677014
0.407972	1.51648	1.11549
1.08332	0.437336	0.468249
0.724035	0.00588661	3.44213
0.284032	1.97121	0.0246137
0.533484	0.521556	2.24291
1.31496	0.01214	1.27168
0.375422	0.00936519	3.59732
0.116409	0.750707	3.2614
0.127046	0.711917	3.14366
0.175648	0.153308	3.83159
0.439701	0.738973	1.51244
0.785576	0.260421	1.73406
0.29263	1.96662	0.128737
0.123559	0.184505	3.92028
0.0522401	3.08525	0.954261
0.170828	1.41597	1.67008
0.0423899	3.2085	0.22405
1.77681	0.0267224	0.00147336
0.895907	0.659211	0.395469
1.00697	0.575916	0.0851325
0.998285	0.101468	1.59765
0.0540138	3.05453	0.178498
0.0264277	2.2053	2.26613
0.139508	2.46666	1.18723
0.306439	1.78921	1.21247
1.44151	0.142987	0.94093
0.0533843	1.0819	2.6445
0.000238455	3.50274	5.43414
0.703191	1.00807	0.0231424
1.6542	0.0588645	0.557224
0.332269	0.931898	2.05961
1.20529	0.0239797	1.87704
0.665184	0.0535346	2.89177
0.000238455	3.50274	5.43414
1.5324	0.0934098	0.522925
0.263425	0.400739	3.57952
0.0150452	0.536181	4.27584
0.020028	0.0305624	5.71289
0.0876068	2.83039	0.139622
1.73822	0.0242038	0.876823
0.153439	1.4458	2.30848
0.988488	0.510666	0.529629
1.30684	0.216343	0.840353
0.174493	2.33218	0.249088
0.403197	0.196301	3.24946
0.116682	2.63216	0.783808
0.0599153	1.87468	2.0473
0.102564	1.61435	2.27228
0.660776	0.0262326	3.03132
1.65756	0.0476484	0.382721
0.00488784	0.0541024	5.8134
0.963068	0.112177	2.00278
1.48911	0.122499	0.530509
0.951321	0.573813	0.270493
0.0338804	2.25802	1.30529
0.279739	1.89788	0.895765
0.171202	0.118898	4.30492
2.00003	0.000201698	0.000204574
0.000201544	3.97608	0.0429654
1.96371	0.000201661	0.263185
0.0115267	0.00243208	5.95
0.000204261	3.99916	0.000204289
0.178539	0.114378	3.89998
0.10472	2.75785	0.191144
0.700504	0.0182935	3.5087
0.0341982	1.19301	3.24389
0.00141829	3.88006	0.468064
0.091019	2.8429	0.230528
0.0916742	2.70388	0.878046
0.124767	2.61249	0.395913
0.0060106	3.76091	0.00317942
0.224078	0.462929	3.40577
0.0560387	3.01091	0.358975
0.761572	0.0271432	2.65465
0.318598	1.82579	0.308057
0.241463	0.425454	3.03475
1.39106	0.172033	0.572139
1.53556	0.0836473	0.978287
0.308207	1.78085	0.854475
0.0142207	3.55148	0.211532
1.09903	0.413847	0.485536
0.286683	1.87023	0.819939
0.421719	1.56679	0.547491
0.108113	0.876482	2.49831
0.0541925	1.96006	1.92637
0.0460739	3.08838	0.357922
0.0865929	0.239223	4.51909
0.00187024	3.83867	0.0431178
1.07499	0.426584	0.917955
1.93939	0.00662557	0.134329
1.5692	0.0773484	0.713898
0.247558	0.035797	4.28407
0.437778	1.51587	0.0875418
0.797015	0.0350281	2.42493
1.30094	0.00971233	1.24463
0.281194	0.0416128	3.8075
0.0207476	2.37533	1.47487
0.00973399	1.28895	3.69431
0.201724	2.21339	0.692121
0.0545146	3.17403	0.0230298
1.5162	0.100374	1.00114
0.137981	1.55413	1.50847
0.0784071	2.90847	0.222916
0.00593437	0.538945	5.01013
0.831362	0.771503	0.435942
0.0185528	1.38894	3.14612
0.189616	0.549927	3.14614
0.00884605	0.0653074	5.59713
0.731668	0.0201054	2.83284
0.113974	1.76356	1.39185
0.275638	1.92344	0.948544
1.88795	0.00615413	0.150365
0.0317238	3.34575	0.416316
1.0543	0.439961	0.918025
0.379746	1.59089	1.1254
0.00962076	3.69702	0.00373274
0.152346	2.59731	0.0415009
1.27628	0.313581	0.757751
0.00689994	0.0900111	5.76853
0.464578	0.704596	1.64801
0.0828678	0.237937	4.61938
1.25563	0.35539	0.0581713
0.53217	0.0782315	3.33982
0.102487	1.69099	2.20461
0.407374	0.821696	1.34089
0.361116	0.837687	2.09605
0.0174444	0.075456	5.50555
0.00475443	0.521572	5.26018
1.34632	0.19041	0.99622
0.0768494	0.271028	4.56576
0.577356	1.13767	1.16485
0.00539178	2.40521	2.70448
0.000201896	3.97511	0.0426591
0.0245997	2.32288	1.20017
0.0931813	0.231289	4.3558
0.263977	1.99162	0.590504
0.0537885	0.339102	4.82639
1.19011	0.0223853	1.96159
0.163355	2.41419	1.0636
0.404709	0.210118	2.93035
1.33039	0.24279	0.13742
0.0269229	2.28369	1.68164
0.483764	0.622433	1.67091
0.142544	0.652237	3.36309
0.210197	1.25523	2.03627
0.0100047	3.65753	0.0481973
0.350324	0.288478	2.88207
0.0100926	2.53169	1.19953
1.45293	0.132527	0.715329
0.0392266	3.22513	0.118908
0.045718	3.12035	0.150907
0.0432958	2.07294	2.10029
0.183966	1.33646	2.35581
0.881771	0.173762	2.16907
0.024519	3.41795	0.131672
0.625029	1.08341	0.729837
0.385482	1.64293	0.662234
0.709824	0.343285	1.55016
0.137	2.48306	1.1884
0.393318	0.773861	2.23695
0.908712	0.142908	2.03242
0.103793	0.20733	4.40776
0.952471	0.115209	1.8494
0.301384	0.448238	2.45997
0.3424	1.73279	0.875261
0.661786	0.968625	1.01453
0.0384847	2.14326	1.77777
0.0901627	0.254663	3.85735
0.0678303	2.96574	0.370696
0.458268	1.35868	1.04518
0.0733802	2.93815	0.345145
0.017668	0.0514733	5.43882
0.0286133	3.29592	1.00542
0.0371151	2.15257	2.0679
0.559539	1.30623	0.241187
0.0305673	0.0672636	5.10265
0.775146	0.82252	0.826478
0.252959	2.09431	0.00899222
1.03981	0.489849	0.775239
1.68662	0.0508153	0.157926
0.205865	2.1868	0.685795
1.82112	0.00929828	1.12321
0.0219887	0.523468	4.68662
0.0381651	3.25097	0.0178691
0.726964	0.369852	1.25993
0.692352	0.335758	1.98734
1.79996	0.0227446	0.617161
0.0422987	2.26126	1.24158
0.525607	1.21728	1.15511
0.59406	0.0663042	2.77751
0.433116	1.49418	0.446837
0.711939	0.921611	0.278019
0.167012	1.41266	1.77268
0.0369279	0.00666428	5.68676
0.968722	0.570238	0.29406
1.90652	0.0102806	0.00539305
0.280547	1.89419	0.971176
0.606674	1.11052	0.417171
0.0684236	0.0216666	5.19095
1.76149	0.0181975	0.622116
1.58667	0.106562	0.0663078
0.047635	0.0164337	5.66262
0.998854	0.50006	0.892722
0.570694	0.512132	1.71499
0.227934	0.0435613	4.7831
0.187833	2.43195	0.0431708
0.499835	0.647702	1.42756
1.47967	0.128832	0.374933
1.60186	0.0772013	0.322388
1.85115	0.0118464	0.13209
0.900587	0.144602	2.02996
2.00003	0.000201698	0.000204574
1.01496	0.493841	1.15833
0.0250057	0.0594053	5.3394
0.849522	0.708901	0.592168
0.00782541	0.13505	5.07674
0.218	0.556834	2.80678
0.685579	0.93346	1.01677
1.40204	0.184942	0.37662
0.422493	0.743205	1.8814
0.0597591	0.0136264	5.33866
1.2366	0.267001	1.00761
0.0160876	0.580284	4.17539
0.422432	0.781166	1.29234
0.655647	1.05714	0.0760173
1.11169	0.0446857	1.37042
0.172258	1.47151	1.20919
0.00622153	1.36193	3.67188
1.7322	0.0370314	0.322558
1.14905	0.0329311	1.96252
0.329067	0.349017	2.74276
0.219627	0.589277	2.42188
0.0282672	3.42733	0.0577158
0.0133528	0.607675	3.5997
0.0286257	0.0703249	4.9031
0.180067	0.671444	2.57933
0.515056	1.30766	0.0870797
1.83215	0.0158574	0.218058
0.0739441	0.0155275	4.92408
0.0262188	2.1449	2.29637
0.388314	0.888753	1.8602
1.43401	0.150488	0.629707
1.48869	0.124306	0.37514
0.0294583	0.597575	3.60185
1.1257	0.0385977	2.34318
1.11667	0.391633	0.480016
0.634491	1.07394	0.174702
0.978144	0.567662	0.15694
0.845284	0.691097	0.798319
1.62223	0.0762805	0.0559479
1.73717	0.0322991	0.0385677
0.000172557	1.30108	5.3681
0.00285918	0.00378007	5.84536
1.70977	0.0427234	0.00030228
1.8845	0.000264624	1.93389
0.0353516	3.17141	0.900577
0.0189764	3.45041	0.944116
0.275381	1.93453	1.17967
0.189235	2.22888	0.692909
0.256807	2.01443	0.27713
0.0722742	2.97232	0.107529
1.46556	0.145691	0.535078
0.0671069	3.06977	0.114741
0.90277	0.225529	1.31367
1.44075	0.139275	0.838549
0.0278384	2.16332	1.57728
1.05545	0.0611252	2.25162
0.813493	0.74437	1.1463
0.0168157	2.29733	2.11536
0.0420502	2.04455	1.61863
0.0536562	0.269654	4.88302
0.132459	1.60266	1.276
0.135343	2.59375	0.205787
0.158189	0.0933903	4.49473
0.700278	0.00258102	3.81725
0.504494	0.592577	1.99162
1.73489	0.0218585	1.05509
0.0314127	1.10874	3.16542
0.157251	0.0980973	4.36162
0.000564003	3.95371	0.000446223
0.0425585	3.10369	0.821813
0.214099	2.108	0.926847
1.37485	0.184608	0.806391
0.447899	1.47639	0.579959
0.0191803	3.56899	0.12057
0.00196007	3.80364	0.417624
0.00675881	1.5393	2.42486
0.144516	2.43304	0.639017
0.877741	0.639907	0.995496
1.18359	0.0231894	1.51921
0.363724	0.269614	3.40851
0.227755	2.14066	0.502458
1.64846	0.0779962	0.0130112
0.57882	1.13975	0.419594
0.645843	1.07005	0.0482204
0.178714	2.35364	0.496912
1.25979	0.25419	0.903118
0.128525	2.51152	0.638453
0.356873	0.860102	1.76942
0.00854939	2.39814	2.24817
0.674913	0.995251	0.585093
0.0883136	0.289493	3.982
0.129203	0.161539	4.16636
0.148499	2.47903	0.434354
0.636766	0.0344403	3.26917
1.00211	0.509834	0.231379
1.1541	0.368628	0.271941
0.293667	1.8957	0.28937
0.383691	0.325308	2.82918
1.97816	0.00141875	0.0984407
0.0288824	1.37829	2.66084
0.863997	0.664203	0.671399
0.141746	0.154786	4.09969
0.00622501	1.2582	4.2748
0.371228	0.872375	1.62477
0.109164	2.67634	0.243164
0.00700813	1.44306	2.73779
0.122152	2.546	0.638494
0.549693	1.20711	0.375172
0.508758	0.129811	2.54965
1.59635	0.0717742	0.377642
0.0209195	0.0297769	5.59843
0.1052	0.238788	4.05154
0.107737	2.6292	0.814146
0.309103	1.85381	0.0330657
1.11376	0.391219	0.433212
0.731697	0.000504417	3.66199
0.541538	0.515019	2.29333
0.756896	0.922857	0.212588
0.421037	0.170871	2.94395
0.771282	0.261592	1.68748
0.786719	0.268753	1.68271
0.431485	0.16388	3.07788
0.644047	0.00352678	5.16184
0.93134	0.626328	0.00693699
1.55303	0.119359	0.0139166
0.278218	0.468444	2.50925
0.35351	1.64872	1.07149
0.0512132	3.24372	0.023418
0.0256187	0.0224414	5.72187
1.62877	0.0678461	0.566204
0.162735	1.44534	2.08453
1.27387	0.00435242	1.90935
0.297989	1.82937	1.09352
1.16516	0.0428254	1.65858
0.0305904	3.38208	0.00797108
0.0766845	0.259316	4.57671
0.00377077	3.72007	0.41788
0.0456056	0.0451556	4.99752
0.0227093	3.31292	0.860026
0.0680826	0.0226483	5.06447
0.0757779	0.346015	3.71638
0.285216	1.91805	0.171933
0.00461924	3.76527	0.00293951
0.0079161	3.62448	0.55561
0.104296	0.285001	3.74578
0.974949	0.571519	0.0234697
0.664152	0.0938418	2.79395
0.0886633	1.03908	2.59693
0.0984754	0.842474	2.91905
1.32627	0.242931	0.344471
1.50023	0.110838	0.564944
0.708387	0.956755	0.121976
0.0137657	0.444214	4.68912
1.81164	0.0174145	0.75991
1.93585	0.00240885	0.000352891
0.401294	0.814244	1.50143
1.82134	0.0228869	0.0320292
1.57358	0.0781059	1.06132
1.08501	0.0474227	2.14792
0.457662	0.721281	1.41923
1.23255	0.0136609	1.914
1.08501	0.0474227	2.14792
0.725833	0.00583374	3.36344
0.452161	0.668843	2.18404
0.00023313	0.102129	5.64824
1.49279	0.131461	0.488158
0.0228058	0.596053	3.62041
0.0293967	3.27233	0.316846
0.312535	0.296369	3.54944
1.85877	0.00286206	1.50685
0.0803574	2.80131	0.73092
1.40866	0.152694	0.838806
0.00431215	3.87831	0.00825753
0.0140222	1.41801	2.47806
1.40632	0.153809	0.737677
0.170673	0.58099	3.25724
1.85067	0.0143306	0.00275587
0.00350872	1.5105	2.76738
0.116282	0.247504	3.90449
0.217457	2.11855	0.777352
0.266838	0.00560574	5.04373
0.337528	1.70167	0.71619
0.747412	0.833373	1.09644
0.482819	0.17893	2.40693
0.921872	0.639727	0.0670105
0.334756	1.76404	0.143916
1.35054	0.220084	0.56423
1.13838	0.0250211	2.05174
0.725646	0.908885	0.426574
1.52853	0.105864	0.748358
0.205333	0.528469	2.64241
0.0804624	1.78633	2.34777
0.0140629	3.50996	0.151489
0.519466	1.30852	0.0177298
0.462276	0.798149	1.23537
0.0211445	3.3649	0.442314
0.607831	0.0402581	3.04138
0.476105	0.680726	1.37524
0.0790752	0.271562	4.23297
0.0579998	0.0575874	4.81289
0.697236	0.945558	0.43322
0.952195	0.552493	0.592864
0.322188	1.74097	1.15561
1.76445	0.0191773	0.473048
0.312525	0.330249	3.5683
0.00864182	0.587052	3.90183
1.31578	0.217048	0.965676
0.488038	1.34648	0.412013
1.01342	0.488613	0.542814
0.24265	0.430214	3.04254
0.00333443	1.53005	2.87405
0.088736	2.73524	0.966297
0.412577	0.710831	2.34899
1.02877	0.546873	0.043443
0.0823842	2.86242	0.32699
0.00614519	3.67769	0.44275
0.0538416	1.90703	1.93862
0.644647	0.0327807	3.19787
0.950094	0.574933	0.248939
0.0570924	0.310457	4.76507
0.00991525	3.50281	0.758511
0.259475	0.0106776	5.30286
0.839516	0.77865	0.0197912
1.03753	0.0559718	2.61582
1.20957	0.329841	0.342319
0.257772	0.000230348	5.6651
0.000228446	3.92997	0.193156
1.99545	0.000374601	0.000372727
0.000317613	3.9893	0.000631296
0.000323057	0.000323057	6.00026
0.333511	1.78954	0.000287768
0.0349042	0.0310971	5.47954
1.06729	0.0705474	1.75175
0.00898449	1.39503	3.08541
0.0471823	2.07363	1.87271
0.0152606	0.0624711	5.24235
1.0087	0.0932042	1.59425
0.0132386	3.59367	0.400532
0.0185263	3.36652	1.12932
0.0852815	0.282009	3.80244
0.0413151	2.13437	1.45729
0.765055	0.808336	0.598746
0.0104641	3.51296	1.19144
0.00051665	2.01499	5.22176
0.117107	2.65527	0.718105
0.17101	0.632043	2.9325
0.00111176	3.84658	0.669713
0.951853	0.587179	0.276408
0.000266775	0.491586	5.82315
1.3965	0.172523	0.564979
0.0400081	3.15112	0.528149
0.00891133	0.0969589	5.5805
0.054449	2.98375	0.984205
0.685424	0.0307269	2.54252
0.129308	1.53595	2.16482
0.0675056	0.0371066	4.82395
0.52066	0.0966296	3.406
0.801304	0.22966	2.29085
1.9685	0.00160973	0.199742
0.0718675	2.8547	0.741926
0.221117	0.469614	3.16378
0.0377084	3.31075	0.0417571
0.00690684	0.125621	5.05472
0.100139	0.204657	4.28638
0.0911903	1.68107	2.34444
0.252264	0.000237331	5.73575
0.0216069	1.3719	2.97867
0.320966	1.87373	0.133917
0.832215	0.216282	1.63935
0.00420139	3.76507	0.00105756
0.315326	0.00567276	4.50732
0.0122698	2.40342	2.25403
0.341478	0.310177	2.57562
0.00558193	1.47358	3.31151
0.0511305	2.18721	1.37204
0.0173774	3.66197	0.0122262
0.680495	0.938378	0.829934
0.224842	0.468853	3.19521
0.297525	1.81935	0.700525
0.91681	0.116934	2.21677
1.70439	0.044684	0.745185
0.248181	1.13828	1.92944
1.82187	0.0141851	0.657882
0.0475014	0.34624	4.56945
1.22419	0.00165654	3.65446
0.371127	1.62704	0.432121
0.0925669	2.7205	0.911721
1.81404	0.00403111	2.44338
0.148413	0.670674	2.8019
0.72948	0.882339	0.625328
1.38899	0.207215	0.214553
0.0834953	2.79655	0.591068
0.0785144	2.89207	0.381217
1.44946	0.142692	0.21138
0.204296	0.0748218	4.32664
1.42969	0.147796	0.770129
1.29319	0.240645	0.532932
0.290598	0.00901544	4.64981
0.285322	0.00893497	4.8919
0.377276	1.71104	0.0686713
0.881368	0.227513	1.22189
0.585285	1.14616	0.228614
0.0745071	0.342433	3.69059
0.00204349	3.89139	0.467283
0.385028	0.802297	1.76101
1.12162	0.387286	0.625171
1.92905	0.00746283	0.666003
0.284156	1.93924	0.407862
0.152387	1.45661	1.98086
0.930182	0.601908	0.484183
1.31723	0.0153544	1.23436
0.0581321	3.0468	0.0174241
0.204033	0.0756556	4.20034
0.30841	0.298237	3.47273
1.73267	0.0302607	1.04019
1.67673	0.052208	0.342035
0.53612	0.544309	1.67204
1.79844	0.0173241	0.793772
1.63098	0.0747623	0.214542
1.76496	0.0291885	0.752427
0.0103976	3.69563	0.324228
0.0683381	2.94623	1.07602
0.171899	0.112523	4.04426
0.0129737	2.55512	1.41166
1.25521	0.272652	0.777153
0.0850465	2.77922	1.0354
0.410325	0.854842	1.26365
1.60581	0.0778455	0.104223
0.00578201	0.560304	4.74162
1.64784	0.0733868	0.129476
0.0807451	0.264211	4.16943
0.722784	0.873867	1.09231
0.972875	0.101846	1.70221
1.59138	0.0627918	1.08876
0.485423	1.42384	0.0995864
0.0284963	2.22801	1.55553
0.344057	0.889119	1.58224
0.0236224	2.31535	1.36565
1.89495	0.012242	0.103505
0.328227	1.75356	0.924343
0.12631	2.51799	1.04866
1.93796	0.0043672	0.663512
0.241085	0.000236931	5.8736
0.0215538	2.60635	1.2171
0.0301083	3.26161	0.470062
0.569019	1.18259	0.477509
1.32992	0.220586	0.23275
0.506145	0.605741	1.824
0.782654	0.779055	0.955892
0.164066	0.605764	3.54076
1.52538	0.121016	0.122519
0.180591	2.38156	0.321501
0.876859	0.157782	2.1759
0.213254	0.507168	2.7694
0.621442	1.05997	0.456414
1.47254	0.127514	0.533899
0.452802	1.49671	0.0399923
0.0962977	2.70644	1.09083
0.698367	0.931203	0.657426
0.020322	3.46687	0.151061
0.981852	0.107128	1.5317
0.430122	0.163487	3.25915
0.152512	2.48376	0.301421
1.16645	0.0503758	1.49683
0.0459334	3.0966	0.598357
1.1323	0.0319729	2.39476
0.0219397	3.43016	1.06704
1.14815	0.339156	0.945163
0.387529	0.775935	2.05977
1.67214	0.0607239	0.14449
1.19663	0.299077	0.670174
1.11063	0.418883	0.173413
0.268124	2.02829	0.00978455
0.783375	0.240755	2.13036
0.808176	0.740454	0.955465
0.69915	0.960116	0.256933
0.917815	0.593006	0.864634
1.55619	0.0839605	0.35865
1.1795	0.347739	0.104417
0.0291464	2.26122	1.31077
0.273427	0.446878	2.39499
0.0407813	1.06743	2.96211
0.623112	1.04224	0.558366
0.187036	0.0987812	3.9957
0.525181	1.28818	0.354088
0.505009	1.31926	0.760208
0.0138097	0.0933274	4.95269
1.20567	0.0397638	1.29042
0.0344707	3.23987	0.693598
0.607656	1.12518	0.16206
0.284657	1.89817	0.478773
0.148453	0.129918	4.43319
0.0754965	0.242029	4.74756
0.162435	2.37011	0.469358
0.0131895	0.707266	3.96021
1.47759	0.116144	1.0183
1.49189	0.131268	0.217714
0.358949	1.69045	0.654614
0.0734567	3.02235	0.0444227
0.556644	1.2219	0.292965
0.642669	0.0257455	3.19352
1.08799	0.0730868	1.19747
1.54836	0.119984	0.0474658
0.565527	1.21177	0.030761
0.0232683	3.40014	0.00060521
0.421549	0.830154	1.34916
0.198997	0.0826035	4.10404
0.669954	1.02854	0.00843231
0.0201871	2.32376	1.30382
1.435	0.147336	0.507187
0.435665	1.4696	0.435098
0.705071	0.312641	1.75634
0.00846586	0.610966	4.41916
0.000229501	3.60532	4.20462
1.99758	0.000312585	0.000308875
1.95529	0.000301817	0.380614
1.97093	0.000740277	0.000308804
1.47687	0.121616	0.868302
0.897115	0.148766	2.38962
1.3052	0.219369	1.03995
0.00129977	3.67647	3.04916
0.951406	0.571989	0.36486
0.267244	0.0177383	4.3426
0.045689	2.00101	2.3555
0.300337	1.88843	0.137134
0.0708036	0.00729179	5.22174
0.536421	0.00163056	5.83449
0.0309354	0.0456959	5.3039
0.686468	0.012357	3.95584
1.51906	0.112187	0.435194
0.00125172	3.78847	0.981287
0.441208	1.49841	0.148154
1.81806	0.020177	0.10145
0.481596	1.35058	0.62339
0.159512	0.00520036	5.59546
0.00618364	2.69892	1.41329
0.0326431	0.0558631	5.09654
1.33615	0.197179	1.07726
0.00415659	2.64263	1.46036
0.0335896	2.06188	2.35071
0.167005	1.39516	1.56196
0.272694	1.07896	1.72023
0.197573	2.1942	0.94459
0.804851	0.00749808	2.56559
0.0510376	0.0781051	4.88867
1.44404	0.139826	0.472299
0.0184204	3.515	0.0673691
0.0409874	2.11818	1.39036
0.378742	1.57984	0.744696
1.90676	0.00464603	0.691032
1.71941	0.0334301	0.274172
0.668468	0.364274	1.92895
0.0313324	0.518364	3.86176
1.13482	0.0553831	1.39841
1.00755	0.505684	0.267539
1.64502	0.0659536	0.250052
0.0122409	1.29734	3.62535
0.622118	0.445689	1.5215
1.17185	0.0269698	1.67358
1.37886	0.16385	1.15215
0.765627	0.274954	1.61281
0.0917066	2.75649	0.530592
0.0048468	0.323246	5.70095
0.40017	0.813292	1.68574
0.0219802	3.43998	0.300076
0.0880796	2.78669	0.520932
0.0645499	2.96945	0.681725
0.00232217	0.595028	4.72731
0.384535	1.65589	0.231559
1.92694	0.000595466	0.505397
0.0135237	2.40466	1.65087
0.0100145	2.48673	1.78333
0.0314204	0.044498	5.44602
0.0160744	0.0775588	5.44272
1.25288	0.300175	0.279447
0.751902	0.015868	2.48464
1.6101	0.0614563	0.72947
0.0237297	3.36774	0.625213
0.014836	2.35685	2.18149
0.962239	0.617578	0.0211617
0.700901	0.00303045	3.94841
1.22536	0.0230132	1.59909
0.240691	1.13952	2.09555
1.74601	0.0220607	1.05317
0.424686	0.721779	1.97509
1.65763	0.0466104	0.810359
0.102682	0.18099	4.54239
0.0513344	3.06475	0.709308
0.0311214	1.15645	3.40168
0.530717	1.2692	0.445878
0.98177	0.133012	1.22887
0.633893	1.00031	0.903364
0.151641	0.693072	3.16934
0.092534	2.8518	0.206051
0.00770901	0.520107	5.62656
0.878163	0.668978	0.364758
1.02371	0.479116	0.60031
0.253783	0.0445197	4.47052
1.6816	0.0430811	0.795323
0.642835	0.0390407	3.11932
0.317301	0.315635	3.30173
1.09855	0.396418	0.422198
0.305397	0.963891	2.0211
1.06001	0.467944	0.191397
0.593753	0.00113898	5.90921
1.7829	0.0205464	0.731994
0.0317878	3.23873	0.608784
0.213685	0.0377439	4.69648
0.046945	0.02893	4.97582
0.0534778	1.02866	3.14298
0.179066	2.2854	0.946733
0.078401	1.75154	1.88427
0.550901	0.0721978	3.68817
1.42956	0.132926	1.13066
0.340289	1.81531	0.0182931
0.0154121	1.44544	2.75745
1.54097	0.107437	0.71698
0.330022	1.70891	0.819056
0.292938	0.386537	2.95023
0.0783899	2.0306	1.29592
0.344465	0.290498	2.64554
0.20276	0.54247	2.84512
0.00730447	0.691314	3.79934
0.0215883	3.49282	0.0352016
1.12321	0.417434	0.298751
0.34555	0.89895	1.95469
1.28965	0.0121995	1.20399
0.0301479	3.3935	0.113465
1.58114	0.0933394	0.54978
0.22117	1.21242	1.84949
0.0292625	3.30771	0.282388
1.18521	0.0194877	2.16257
0.012938	3.63405	0.00662624
0.116126	0.167084	4.80874
0.314642	0.93285	2.31184
0.98579	0.54336	0.068266
0.147553	2.44328	0.568407
0.49431	1.31717	0.537708
1.87838	0.00976327	0.047807
1.69632	0.0580654	0.306104
1.35261	0.206341	0.35798
0.608593	1.13427	0.173861
1.20037	0.318095	0.301725
0.311679	0.0100813	4.61114
0.13423	0.188502	4.16415
0.0416023	3.14953	0.876963
0.11427	2.63291	0.797847
0.40999	1.52624	0.496172
1.84773	0.0106861	0.0686012
0.0839434	2.8352	0.416198
0.507527	1.3438	0.263222
0.739888	0.861268	0.633295
0.620392	1.05491	0.649721
0.144876	2.51604	0.51028
0.00866542	1.36808	3.21455
0.256707	1.11211	1.55998
0.0827222	1.86187	1.81927
0.588129	0.000875562	5.95165
0.138692	2.54819	0.0029833
0.0264546	2.25094	1.66934
0.295045	0.017022	3.75559
0.513207	1.26351	0.781382
1.87131	0.00559964	1.43182
0.0638162	1.84261	2.21458
1.55261	0.101764	0.326308
0.0104616	1.5506	2.44106
0.606901	0.0595727	2.90041
0.0760681	2.90928	0.198724
0.354468	0.275655	2.79103
0.318767	0.29464	3.29411
0.119909	0.874745	2.47211
1.08155	0.424238	0.427712
0.0333374	3.21719	0.911001
0.0693572	3.02793	0.0937828
0.0304352	2.15691	1.78646
0.718198	0.0364045	2.9853
0.206665	1.22076	2.00316
1.60299	0.0680645	0.837832
0.778002	0.796209	0.432868
0.138819	0.123727	4.63657
0.187752	2.25973	0.93328
0.140311	0.744879	2.69407
0.717568	0.00430786	3.54406
0.0760737	2.90952	0.197029
0.0388635	0.481932	4.40619
0.582984	0.488736	1.78703
1.26549	0.00617429	2.11989
1.55407	0.0928389	0.630476
0.3664	0.888312	1.3234
0.819794	0.779925	0.119449
0.851578	0.740882	0.0674179
0.708706	0.0201261	3.0613
0.33276	1.76346	0.768473
0.00285938	0.337897	5.69966
1.41254	0.173413	0.416556
0.109324	2.58548	1.18668
0.136245	2.5861	0.130434
0.79176	0.810435	0.124433
0.0318417	0.190001	5.03213
0.282111	1.87535	1.17977
0.00690942	2.83702	1.28684
0.14138	0.204704	3.71088
0.537879	1.17723	1.09751
