0.000258373	3.99518	0.000256765
2.00021	0.000217168	0.000217169
0.000231005	1.28103	5.55638
0.415137	1.56498	0.12755
0.00736203	3.69473	0.926416
1.96526	0.0016293	0.00101545
0.933173	0.130391	2.22623
0.791885	0.761184	0.652006
0.773388	0.782241	0.978065
1.20401	0.00626625	2.4647
0.878432	0.684877	0.414561
0.00182766	1.36073	4.42853
0.951863	0.113053	2.3411
0.361488	0.824629	2.0467
0.320029	0.283632	3.22185
0.664995	0.0231933	3.44924
1.91416	0.00482879	0.012434
1.5057	0.107625	0.571952
1.01478	0.134603	1.27424
1.76042	0.00296504	4.16051
0.394221	1.65619	0.137007
0.171578	2.32841	0.284418
1.54199	0.0857666	0.789217
0.0815289	1.84703	1.74763
0.131855	1.53232	1.55613
1.57519	0.133136	0.0289505
0.465496	1.42505	0.236714
0.437963	0.261461	2.7266
0.0381374	0.374356	4.25567
1.06141	0.059459	1.89464
0.0818873	2.85578	0.457661
0.748224	0.86726	0.258816
1.61115	0.0837344	0.0728345
0.269419	1.89319	1.08772
0.0323747	1.17906	2.62588
0.820479	0.712566	1.0813
0.000267158	1.26955	5.55639
1.83487	0.0031367	1.70722
1.28614	0.00811283	1.90721
0.721624	0.907794	0.507158
1.49289	0.109937	0.994424
0.309016	1.77732	0.933076
0.0580141	2.98448	0.675993
0.38629	0.816861	1.55401
1.23442	0.277721	1.10758
0.111746	0.222215	3.78989
0.00361239	1.44297	3.50404
0.897306	0.614153	1.01856
1.46733	0.145168	0.0759211
0.450623	0.716965	1.42331
0.148441	2.43761	0.232513
0.0239542	3.44026	0.040261
0.0130334	3.61628	0.201214
0.133627	2.46593	1.18886
0.598569	0.0458729	3.1171
1.55677	0.0845803	0.841264
0.189235	0.571138	2.93844
0.00289736	3.79303	0.71492
0.025802	3.24692	0.898669
0.566563	1.16043	0.958881
0.410424	0.734493	2.16439
0.118373	0.87227	2.41517
0.294223	1.81197	1.09477
0.000963861	3.91099	0.000463419
0.0267735	3.35743	0.49561
0.324467	0.967492	1.65057
0.0125084	0.602299	3.73855
0.317673	0.305517	2.86353
0.0499773	1.97752	1.63218
1.36163	0.204107	0.587781
0.0543486	3.08079	0.378457
0.381282	1.66193	0.358926
0.253224	0.0474223	3.69533
0.0360266	2.07715	2.26366
0.593828	1.10727	0.638282
0.282646	0.423349	2.64796
0.656295	0.998918	0.961359
0.222523	2.10861	0.762814
1.71689	0.0391987	0.547176
0.346795	1.69413	0.503957
0.486138	0.614535	1.98073
0.00941538	1.48232	3.34732
0.848879	0.190673	1.97925
0.103102	2.8089	0.0541451
0.240301	0.420319	3.3281
0.669031	0.354554	2.22394
1.65895	0.04314	0.818434
0.0398853	3.1715	0.153572
0.0925476	2.76134	0.770939
0.157668	0.647729	3.0698
0.336101	0.92572	2.2773
0.388261	0.826293	1.47821
1.16383	0.336375	1.05357
0.100521	1.73732	1.82696
0.972485	0.511691	1.22383
0.194121	2.27106	0.303274
0.0722666	2.90066	0.298054
0.0134902	3.64927	0.14975
0.194886	2.19845	1.06785
0.00215659	2.54288	2.54783
0.205444	0.467673	3.55697
0.186925	0.547288	3.16286
1.14302	0.00377957	5.19853
1.44439	0.157092	0.0866737
0.160371	2.35058	0.706563
0.0153046	3.56178	0.00897723
0.502393	0.651457	1.33935
1.68415	0.0373587	0.723155
0.212457	2.25083	0.191471
0.0108084	0.558138	4.60089
0.0270047	3.34943	0.577854
0.0155975	3.43688	0.890226
0.0181197	1.24283	3.648
0.395431	0.831197	1.37558
0.0983684	0.912249	3.56481
0.749302	0.0105487	2.7652
1.17997	0.325876	0.579206
1.37973	0.169442	0.8695
1.26219	0.00937057	2.43247
1.24585	0.295265	0.388521
0.245593	0.43064	2.98823
0.298271	0.0180544	3.85528
0.0217512	3.28403	1.15684
0.000754612	1.36626	4.34972
1.87816	0.0142705	0.168518
0.0676875	0.28816	4.01694
0.0598549	2.03406	1.39549
0.119785	2.62775	0.517043
0.127562	0.185156	4.34629
1.77059	0.0234948	0.732833
0.00274178	1.43015	3.93944
1.7976	0.0252245	0.231275
0.214438	0.486697	3.01162
0.681298	0.962371	1.09713
0.989606	0.116358	1.68172
0.431379	0.687106	2.3027
0.0111544	1.3	3.94299
0.308228	1.04029	2.18613
0.166118	1.46057	1.37991
0.0461213	0.341442	4.23318
0.00107452	0.532895	5.42602
1.33346	0.205269	0.463991
0.519695	0.536796	2.33663
1.12031	0.412441	0.0670085
1.64063	0.0556245	0.732815
0.0732062	2.00307	1.28983
0.115785	2.63978	1.04191
1.41748	0.156991	0.602902
0.127544	0.139304	4.74586
0.00151255	0.520473	5.42624
1.09879	0.0686682	1.2512
0.650163	1.02936	0.609061
0.0725429	1.85906	1.8209
0.69673	0.946788	0.5232
1.30448	0.00749055	1.59429
0.27372	2.00067	0.679284
0.584731	1.09753	1.11793
0.892861	0.63665	0.736747
1.10844	0.046842	1.60716
1.40596	0.152024	1.15674
0.0573227	3.03539	0.953258
0.285481	1.93917	0.236669
1.62599	0.0704166	0.0673029
0.000372851	2.33808	5.24423
1.85765	0.00451205	0.814246
1.44891	0.138525	0.48814
0.100798	0.223101	3.85187
1.7078	0.0919947	0.0374181
0.023624	2.16991	2.31362
0.00477094	0.0624048	5.90972
0.626361	1.04854	0.609574
0.283207	1.93213	0.329294
1.8352	0.000174841	3.34597
0.000151355	2.70801	1.34859
1.99902	0.000216212	0.000216953
0.000265539	3.99121	0.000281599
1.79871	0.0205177	0.000173492
0.013162	1.34404	3.03144
1.24774	0.00125213	2.87178
1.61802	0.0708734	0.384601
0.608811	0.0488262	3.18908
0.0721956	0.00876468	5.31048
0.59409	0.0252809	3.90932
0.046665	0.0319513	5.10134
1.49196	0.106293	1.10162
1.18135	0.344553	0.338372
0.00353978	0.481679	5.62572
1.1414	0.0400823	1.98501
0.00122951	2.3705	4.30111
0.194761	0.529537	3.12327
0.0170019	0.511348	4.60776
0.134453	0.639606	3.50582
0.45878	0.152836	3.15837
0.119258	2.617	0.52881
0.503879	0.718172	1.25787
0.00363297	0.553704	5.08223
0.024854	3.5254	0.0139019
1.39716	0.167175	0.34614
0.00657945	3.74932	0.0654209
0.11662	0.0036009	4.79988
0.0183051	3.38662	0.774771
0.00577696	3.66623	0.185995
1.65052	0.0622907	0.591259
0.0380258	3.17449	0.861999
0.35131	0.863859	1.86652
0.0010045	2.6755	1.38404
0.622584	0.441406	1.9933
0.0570258	0.0040637	5.53727
0.146061	0.671866	2.94216
1.28839	0.26062	0.376216
0.93945	0.161681	1.29524
0.0329049	0.0616241	4.95269
0.799845	0.799171	0.00385019
0.777557	0.835531	0.000884443
0.260911	1.18832	1.69517
1.94022	0.00239548	0.496174
1.57737	0.0851409	0.426624
1.87581	0.00462724	0.47759
0.00620226	1.40724	3.4355
0.0453118	0.322159	4.68741
0.0871691	0.0207536	4.91102
0.0120514	3.62529	0.974233
0.851801	0.193231	1.80058
0.0031973	0.615319	4.40434
0.280901	1.96265	0.00719357
1.74827	0.0322346	0.0887581
1.11024	0.394208	0.615438
0.364615	1.61897	1.04179
1.3615	0.184155	0.736061
0.0271789	3.2598	0.805516
0.0135637	3.5642	0.0025301
1.02947	0.0804626	2.16186
0.236489	2.04192	1.13977
0.0103838	2.34238	2.75925
0.490613	0.69557	1.46917
0.672552	0.939269	0.91361
0.0386557	1.11227	2.82378
0.303177	1.8223	0.659675
1.22336	0.281946	1.02054
1.04148	0.0711741	2.33867
1.45498	0.128891	0.573579
1.55664	0.000203226	4.1183
0.13039	1.55062	2.2171
0.0606427	2.99238	0.92005
0.899235	0.166353	1.57298
1.3325	0.203679	0.736548
0.00206476	3.83713	0.000767217
0.685232	0.361665	2.22599
0.202949	2.2207	0.742723
0.27392	1.88921	1.07221
1.06543	0.0927025	1.22335
1.4179	0.162761	0.455582
0.000297638	3.88942	0.473951
0.0444697	3.23945	0.0967635
0.628286	0.423854	1.61032
0.823915	0.767849	0.00556486
0.64182	1.04616	0.463358
0.0224621	3.31538	0.942004
0.00359429	3.71648	0.253788
0.0530741	3.02953	0.815448
0.129135	1.69821	1.45696
0.731233	0.286046	2.34769
0.0653186	0.276527	4.23069
0.228074	1.14607	2.13369
0.251294	0.0157288	4.51393
0.136285	2.56879	0.588085
1.10186	0.0407505	1.8761
0.531076	1.31472	0.0384893
0.0760893	0.210576	4.75478
0.0926941	2.77606	0.43668
0.0303565	3.44095	0.0148289
1.85494	0.00970489	0.10199
0.421181	0.252477	2.5953
0.370981	1.64699	0.412095
1.97239	0.000198253	0.128728
0.561112	1.19151	0.364627
0.454485	0.221838	2.50902
1.27659	0.257087	0.631692
0.188432	2.24741	0.694
1.07897	0.0872859	1.32309
1.20025	0.341945	0.280814
0.336276	0.920632	1.49782
0.24683	2.00707	1.1405
0.0110453	2.39388	1.54485
0.430534	1.4741	0.664816
0.100032	0.234217	3.81758
0.0297187	2.3256	1.41581
0.2082	0.0741333	4.18917
0.293512	1.92824	0.166338
0.312594	1.79221	1.10792
0.223062	2.07919	0.922545
0.0587922	3.06997	0.120446
0.154078	2.52003	0.0134843
0.245399	1.13243	1.71104
0.170856	2.27929	1.02644
0.387087	0.750216	2.37866
0.177993	0.556953	3.3911
0.491774	0.590777	2.02691
0.321166	1.92279	0.220999
0.0838321	1.75951	1.59965
0.0345304	3.345	0.0960846
0.0171688	3.42338	0.5268
0.864825	0.669973	0.634513
0.0508966	0.0221001	5.33183
0.032423	2.06235	2.25741
0.531092	1.21983	0.814342
1.77785	0.0171496	0.55665
0.0240737	1.45119	2.46066
0.544423	1.24534	0.258025
1.35197	0.183021	1.02655
0.0409356	3.13699	0.608297
0.107559	0.214028	4.138
0.632668	0.00072261	5.65699
0.0432588	0.0312282	5.45038
0.118463	0.287253	3.65563
1.20729	0.32695	0.276
0.809853	0.743195	0.699046
0.208943	2.16731	0.695055
1.52284	0.113197	0.0831542
0.0912635	2.88711	0.136333
0.059822	0.0124445	5.43179
0.072097	2.84606	0.88742
0.743205	0.279663	1.96633
0.0157467	1.27478	3.59258
0.0717289	0.274747	4.44528
0.976373	0.117373	1.45301
0.0703379	2.9294	0.362188
1.77335	0.0303859	0.617081
0.3782	0.824226	1.90202
1.71069	0.0511718	0.157267
0.092464	2.72193	0.814096
0.443968	1.49576	0.266406
0.0461967	2.13649	1.59102
0.0152996	0.652009	3.73875
0.295621	0.994562	2.41431
1.44011	0.162711	0.0668804
0.271995	1.06697	2.15667
0.197722	1.33249	1.66037
0.87938	0.164126	2.39501
0.0364179	2.11045	1.60574
1.67006	0.0614558	0.124403
0.143598	1.43392	2.13387
0.0459618	2.19847	1.49277
0.760615	0.00630278	2.79486
1.72273	0.0281017	1.10723
0.213088	1.26578	1.4777
0.806509	0.228407	1.75665
0.661339	1.01249	0.132337
0.0153673	2.30374	1.54365
0.363189	1.72684	0.0922058
0.322684	0.400949	2.41414
0.0774489	0.274589	4.04324
0.333996	1.7214	1.20522
0.6381	0.378316	2.04003
0.553472	1.24166	0.140795
0.0152511	1.28263	3.59262
0.946828	0.10223	2.30667
0.000669074	3.84227	0.926801
0.747392	0.860497	0.146947
0.416511	1.57836	0.0337235
0.95936	0.632932	0.0772591
0.000231005	1.28103	5.55638
1.99681	0.000429311	0.000422869
0.00024835	0.00024835	6.00022
0.00024835	0.00024835	6.00022
1.33058	0.231249	0.000312057
1.19228	0.000770123	4.61689
0.859213	0.672309	0.574301
0.00902942	3.64832	0.00123008
0.249739	0.41077	3.23595
0.00615721	3.57018	1.10186
1.21847	0.313447	0.334232
0.035737	2.28186	1.32887
0.134547	0.141429	4.3621
0.171691	2.34899	0.216118
0.062992	1.91199	1.56518
1.29562	0.23848	0.347795
0.88823	0.178253	1.86686
0.9551	0.136349	1.81703
1.25301	0.0106923	1.71717
0.00333532	0.31621	5.75293
0.0934252	2.69267	1.10591
0.494997	1.36075	0.177862
0.0875826	2.82175	0.232625
0.0211598	2.21755	1.91398
1.40004	0.164249	0.731961
0.259424	2.00174	0.762677
0.6846	0.0163794	3.10611
0.272037	0.00515151	5.30053
1.5972	0.0915115	0.00938488
0.0841451	2.89067	0.267473
0.143533	2.51714	0.239918
1.78168	0.0206506	0.167771
1.43452	0.16066	0.182063
0.35188	0.310202	2.48732
0.928828	0.617626	0.267052
1.36582	0.170165	0.941807
0.00320352	3.79714	0.0015588
1.52095	0.0932188	1.13985
0.01177	0.475595	4.87906
0.131207	0.116594	4.75873
0.830775	0.758536	0.0117553
0.525457	0.10455	3.01645
0.163479	1.39617	2.16248
0.565151	1.15421	1.02659
0.0772713	2.77977	1.0707
0.322124	0.268028	3.33907
0.11305	0.187931	4.11861
0.98749	0.528358	0.464042
0.0738183	0.84446	3.683
0.222478	0.0632243	4.23028
0.0444237	2.0456	2.07842
0.0919711	2.76754	0.504754
0.159749	2.4064	0.36646
1.55219	0.0887072	0.451585
1.47337	0.110088	0.941331
0.000956498	3.9216	0.221961
0.785656	0.230413	2.31413
0.304595	0.325482	3.06438
0.0196702	3.41973	0.891504
1.94238	0.00210483	0.284362
1.27588	0.27821	0.228734
1.90243	0.00446312	1.425
0.00327619	0.00326948	5.95886
0.537156	1.30905	0.0184006
0.143149	2.47149	0.858416
1.72097	0.0426252	0.165769
0.0235844	1.24134	2.65159
0.0177106	3.49662	0.20815
1.58909	0.0875491	0.174735
0.583575	0.587991	1.3454
0.505747	1.38301	0.0318055
1.75121	0.0233848	0.473394
0.589271	1.11703	0.98434
0.257046	0.0191628	5.1391
1.89512	0.00465891	1.44613
0.0578929	3.09244	0.111674
0.139448	2.64167	0.0238875
0.74058	0.0167246	2.81515
0.67361	0.961905	0.615166
0.120922	2.56939	0.822027
0.318881	0.404168	2.70313
0.0182913	1.21549	3.36514
0.111118	0.175731	4.80581
0.43345	1.49166	0.353291
1.93453	0.00973386	0.103602
0.541595	1.19746	1.30665
0.215336	0.0652569	3.96172
0.0691313	3.04069	0.136187
0.616574	1.09157	0.623401
0.238127	0.44037	2.93148
0.0609494	2.19697	1.26964
0.749366	0.0177295	2.57762
0.00545909	2.43417	2.01398
0.908678	0.641077	0.265753
1.35254	0.202597	0.443744
1.1372	0.391379	0.984335
0.376955	0.825686	2.12357
0.202721	0.489177	3.59687
0.279522	0.0136163	4.46616
0.384255	1.69412	0.0728465
0.0405037	3.21827	0.0600844
0.0613268	1.88173	2.05715
1.13671	0.0368523	1.70279
1.69682	0.0334528	0.916365
0.334223	0.386574	2.55165
0.552247	0.121619	2.76337
1.03355	0.473143	0.545134
1.0549	0.4392	0.99213
0.0366253	3.18732	0.838585
0.421083	0.718426	1.95598
1.74112	0.0330433	0.261061
0.0709127	2.98079	0.00934018
0.330802	1.77353	0.39194
0.185865	0.548449	3.48171
0.100115	2.64736	1.12036
0.0231083	3.50012	0.0302433
1.10977	0.419672	0.103993
0.663459	0.00779648	4.03221
0.0110223	1.2983	3.72421
0.0725584	1.83452	2.33944
0.000918931	3.98452	0.0020533
0.0217108	3.3232	1.17707
0.30952	1.80631	0.866858
0.0494626	3.1409	0.370563
0.407289	1.57534	0.153298
0.40964	1.60226	0.104989
0.461448	0.637877	1.99951
0.064564	1.05933	2.65385
0.0450632	1.04707	3.00949
0.00446445	0.00381937	5.84859
0.671656	0.991944	0.209637
0.0542592	1.95714	2.07188
0.804372	0.253289	1.62466
0.707696	0.921618	0.590009
1.54168	0.08846	0.690985
0.208948	2.16954	0.467737
0.120858	2.56922	0.823657
0.398355	1.64109	0.078271
0.164642	0.123243	4.15539
0.629989	0.0496695	2.73932
0.659147	0.0132697	3.85667
0.175033	0.667466	2.4521
0.283586	0.320889	3.60656
0.727597	0.879128	0.704634
0.281509	0.012563	4.96351
1.6638	0.0640989	0.112899
0.471812	1.36823	0.833695
0.420991	1.47971	0.737663
0.0152852	1.28849	3.79508
1.41939	0.170315	0.182582
0.450241	0.168933	3.54949
0.39214	1.52594	1.12333
0.21915	0.579238	2.40196
0.370188	0.228609	3.41601
0.606833	0.0469573	3.08756
0.165379	2.42419	0.29732
0.288661	1.86546	0.832329
0.234816	2.10646	0.587271
0.326022	1.75753	0.430591
0.442919	1.45119	0.745203
1.09962	0.414928	0.136815
0.334955	0.867208	2.27463
0.0272998	3.26408	0.682178
0.696485	0.0160729	2.87381
1.08234	0.413006	0.805861
1.80869	0.0226752	0.0524157
1.50262	0.135266	0.00892886
0.0118471	0.498583	4.42161
1.87435	0.00834509	0.580614
0.823879	0.738277	0.650985
0.211024	2.13824	1.18393
0.359617	1.71985	0.106788
0.239464	1.13711	1.95725
0.995013	0.548661	0.0117692
0.390367	1.6569	0.0619225
0.000193337	1.98647	4.88741
0.000340057	3.99305	0.000336739
1.99938	0.000362358	0.000361943
0.000294994	0.000294825	5.9986
0.000294993	0.000294826	5.9986
0.00165017	3.85533	0.000335649
0.0249937	1.22395	2.8727
1.28914	0.231772	0.99513
0.597311	0.0474533	3.05173
0.161212	0.108487	4.62372
0.260994	0.399748	3.26148
0.0965671	2.79147	0.331029
0.00902786	0.116246	5.25002
0.017005	1.48974	2.76618
0.436444	1.4346	1.12956
0.0831861	0.264451	4.28128
0.0811266	2.89209	0.0858004
0.177185	2.3024	0.795606
1.10769	0.442504	0.011136
0.215589	0.0387043	4.37169
0.154551	2.37258	0.732006
1.67323	0.0424593	0.813317
0.0131175	3.48068	0.557454
0.636083	1.03767	0.556477
0.320786	0.0233768	3.91136
0.018572	3.56312	0.0559489
1.21031	0.300706	0.517949
0.125917	2.57462	0.404592
0.00872834	3.63781	0.969559
0.0458058	0.0585097	4.78916
1.14799	0.0356756	2.06943
0.74063	0.271619	1.99967
1.05745	0.422868	1.02855
0.0229163	0.0393732	5.55589
0.338543	0.244687	3.50742
0.695463	0.00818701	3.35716
0.939083	0.138384	1.72278
0.0663448	0.345288	3.64897
0.679048	0.959417	0.560303
0.762626	0.869418	0.177201
0.0013737	0.108166	5.34243
1.94227	0.00683229	0.0203034
0.120572	1.54296	2.36146
1.78025	0.0282646	0.145471
0.035723	3.13116	1.07089
0.028891	2.23332	1.28997
0.498542	0.584319	2.30198
1.87262	0.00623985	0.945251
0.457786	0.657735	2.1281
0.190853	1.29847	1.66697
0.458012	0.699744	1.49549
0.00270393	2.51176	1.87638
0.0130751	1.3998	3.5861
1.01459	0.0915476	1.91428
0.0346223	3.29377	0.00872435
0.0334578	0.0558728	5.11419
0.175581	2.33067	0.7994
1.15993	0.340336	0.686185
1.33357	0.249491	0.0868121
0.358373	0.0153148	3.68949
0.00915766	3.59773	0.834744
0.237697	2.05695	0.813558
0.115636	1.61974	1.42217
1.54644	0.096588	1.1249
0.303365	1.84988	0.449403
0.70187	0.366414	1.76201
0.95788	0.55401	0.744481
0.557238	1.16116	0.946387
0.0133018	0.0757777	5.43276
0.163934	1.352	2.22971
0.195998	1.27952	2.1951
0.622247	0.405086	2.24446
1.0781	0.40532	0.982678
0.271633	2.02316	0.360165
0.651989	0.0316269	2.80645
0.0280887	2.13084	2.34025
0.144493	0.150673	3.9874
0.205742	0.512739	3.23261
0.40835	0.193551	3.44959
1.44891	0.130772	1.10755
0.226603	0.438673	3.40489
1.00162	0.481909	1.02855
0.0607435	0.361191	4.20742
0.0551914	1.18003	2.53996
1.90659	0.00646626	0.233368
0.0156909	0.0973209	4.99932
1.51229	0.138591	0.0160105
0.00688712	2.45271	2.56111
0.285296	1.96196	0.524101
0.829429	0.778584	0.294016
0.0178382	0.550246	4.03078
0.317511	1.77414	0.617241
0.0138141	1.65388	2.66266
0.0457884	3.22789	0.497875
0.163951	2.41991	0.0930115
1.60309	0.0632856	0.813982
0.733551	0.010447	3.16501
0.0132505	0.0909563	5.10637
0.0236217	3.3774	0.426037
0.00200177	2.64169	1.53768
1.09486	0.0324556	2.33446
0.059404	2.9482	0.869854
0.484171	0.60871	1.89249
0.845255	0.720704	0.589798
0.0283918	0.529798	3.79378
0.313346	1.78899	0.6878
0.00981693	0.081891	5.73782
0.375351	1.72313	0.0304418
1.06212	0.115725	1.49478
0.605355	0.489576	2.09151
0.911637	0.644837	0.115702
0.665637	0.0312214	2.80049
0.0117983	1.4116	3.58516
0.427	0.841979	1.3615
0.872363	0.732082	0.209442
0.223217	0.465595	3.10335
0.711754	0.0342551	2.40325
0.00662031	2.6688	1.3029
0.250095	0.0557155	3.84643
0.124277	1.58308	1.83464
0.00172842	0.628207	4.47171
0.141359	2.55122	0.00476153
1.53762	0.107825	0.125051
0.898112	0.619875	0.617608
1.81338	0.0181081	0.483568
0.000907801	3.96568	0.0225365
1.57754	0.103799	0.502352
1.43133	0.16594	0.0856091
0.0362151	0.005211	5.76319
0.0274641	0.111358	4.80334
1.37322	0.201469	0.0640596
1.34574	0.256563	0.0433556
0.930184	0.136206	1.90908
1.39141	0.198085	0.00511429
0.046163	3.04839	0.849026
0.000997789	0.000659564	5.92755
0.344284	0.891584	2.05847
1.26273	0.014056	1.35139
0.284783	1.05315	1.9318
0.0332738	1.26366	2.48639
0.238323	2.05575	0.854158
1.47553	0.133089	0.667081
0.415385	0.768034	1.61493
1.26176	0.280187	0.544398
0.202053	0.0812346	4.10527
0.00990056	2.4813	1.88259
0.0195889	3.42401	0.274479
0.104193	2.75454	0.322246
1.17431	0.0310655	2.10259
0.422302	0.182849	3.16125
1.84576	0.0124735	0.000485661
0.367084	0.25322	2.68083
1.24376	0.0409487	1.28038
0.0351752	3.26072	0.0006588
1.64887	0.0653121	0.230067
0.00666411	3.80029	0.00406711
0.0645395	2.90015	0.808494
0.000386365	0.121321	5.42226
0.797807	0.817805	0.133862
0.108896	0.182659	4.12667
1.33448	0.211735	0.724923
0.581919	1.10462	1.03308
0.0231662	0.542208	4.1852
0.023229	3.43509	0.226638
0.571587	0.538565	1.55386
1.61215	0.0754406	0.453066
0.300339	1.80992	1.20718
0.217748	0.47148	3.11083
0.540898	1.25301	0.0489163
1.18813	0.0663886	1.33846
0.989207	0.558653	0.140186
0.00160752	3.86147	0.000400782
0.811008	0.744565	0.441307
0.64	1.07775	0.129389
0.11494	2.6994	0.113439
0.849422	0.762659	0.0468566
1.57808	0.104118	0.497818
1.48798	0.130528	0.780016
0.382111	1.64773	0.500692
0.541695	1.20291	1.12712
0.000979988	0.101825	5.65445
1.89862	0.00732357	0.417507
0.141534	1.59	1.33731
0.000171272	3.02629	2.95335
0.000384703	0.000400699	5.96854
1.99673	0.000310534	0.00399808
0.00478451	0.480205	5.55404
0.127803	0.221235	3.70533
0.000193337	1.98647	4.88741
0.0323955	0.0154395	5.6492
0.032054	0.0308849	5.37733
1.63312	0.0576589	1.02301
0.98034	0.503903	1.08349
1.01474	0.483444	0.513512
0.037845	3.20721	0.955568
1.42009	0.156775	0.662273
1.59242	0.0772811	0.128408
0.0412234	0.0132597	5.79436
0.178481	2.2477	0.796671
1.35769	0.207492	0.562448
0.0135139	0.52679	4.86428
1.70054	0.0461414	0.0852994
0.0614864	3.00331	0.327846
0.269604	0.00851814	5.03776
0.0677412	0.904167	3.49093
1.38813	0.212427	0.125985
1.56717	0.0765078	0.549506
0.0203567	1.25965	3.23776
0.0172966	3.56169	0.38416
0.413018	0.00610243	3.83224
0.289231	0.369345	3.32952
0.0389946	3.27938	0.34793
0.0432986	3.14936	0.490112
0.125626	0.162218	4.29137
0.14686	1.51323	1.93782
0.295189	1.92642	0.156664
0.0773922	2.82153	1.10944
0.0158564	2.42082	2.18058
0.350113	0.869601	2.30901
0.002182	0.000906187	5.86451
0.953325	0.101713	2.07501
0.631639	1.05256	0.708333
0.741545	0.833781	0.854175
1.28321	0.00812113	1.76032
0.0381648	0.0462369	5.07201
0.202447	0.150504	3.89244
0.713724	0.00731617	3.17345
0.00504105	1.34814	3.53917
0.692914	0.0310259	2.56421
0.015548	2.28644	2.26883
0.592077	1.08677	0.996668
0.168449	0.191173	3.61625
0.158243	1.48551	2.24688
0.00413927	2.46842	1.703
1.12725	0.030226	2.09482
0.659255	0.0184244	3.08275
0.129578	2.60454	0.207791
0.0278756	3.41082	0.0285144
0.00621169	2.37051	2.64365
1.21635	0.318739	0.847419
0.00313306	3.77128	0.29546
1.23683	0.265146	0.815017
0.72004	0.859979	1.07607
0.0025704	3.84236	0.000998918
0.00787711	1.42881	3.35902
0.309829	1.84665	0.878425
1.17026	0.0327973	1.47616
0.0266322	0.055958	5.20562
0.341458	0.948108	1.73508
1.06444	0.0483346	2.20929
0.0923789	0.199542	4.67722
0.625856	1.04779	0.712036
0.00581449	0.837932	4.00448
0.07986	2.93179	0.0613483
1.49835	0.133715	0.0236985
1.52831	0.105307	0.407521
0.6563	0.0476373	3.02772
0.0854148	1.84275	1.43115
0.0294053	0.448372	4.09005
0.142466	0.708312	2.73437
0.901022	0.628725	0.46327
0.407216	1.6089	0.0628677
0.352333	1.66149	0.971833
0.0601228	2.11935	1.29784
0.608354	1.16296	0.132027
1.45489	0.13928	1.0134
0.221579	0.485534	2.82671
0.51629	1.29033	0.602635
1.5347	0.104739	0.215262
0.316215	1.89924	0.0724138
1.03902	0.0699156	1.82504
0.487098	0.600771	1.86402
0.376342	0.934218	1.21014
0.885543	0.651325	0.473592
1.48345	0.119178	1.00954
0.275118	0.385261	2.87955
0.00241251	2.5722	2.14245
0.937489	0.578009	0.78288
0.756612	0.00586945	2.65942
1.15053	0.351634	0.789887
1.2078	0.0136419	1.68763
0.083477	1.85608	1.37658
0.495146	0.162167	2.4114
0.543485	1.21719	0.438984
0.0297727	1.18072	2.983
1.32147	0.266256	0.0176201
1.78671	0.0289154	0.0105684
0.333362	1.70093	1.17603
0.3282	0.346265	2.39708
1.76422	0.0378347	0.139526
0.530674	0.539521	1.93175
0.126097	0.811078	2.96064
0.245773	0.03908	4.53619
0.570329	1.13413	1.16008
0.116914	2.69074	0.146389
0.584023	1.13607	0.588961
0.0748104	0.977444	2.56699
0.414388	0.183936	3.1255
0.15072	0.111561	4.60351
1.32627	0.0107622	1.20713
0.0293692	0.484423	4.19235
0.113196	2.63609	0.419267
1.18736	0.0451154	1.22343
0.00929486	0.141401	5.26813
0.806332	0.774252	0.440149
0.00361164	3.83228	0.223353
0.0344438	3.38901	0.057836
1.11019	0.052335	1.34375
0.531848	0.540715	1.87957
1.04524	0.0956109	1.61837
1.87237	0.00544159	0.45182
0.124873	2.54248	1.07883
0.100728	1.78598	1.23969
0.0357382	1.23946	2.89685
0.432719	1.49159	0.25137
0.600919	0.0744903	2.55266
0.367134	1.74835	0.0631103
0.544372	1.17527	1.13625
1.1424	0.0329109	2.0587
0.446058	0.6891	1.98864
0.100975	2.69784	0.82303
0.872457	0.205783	1.49983
0.184918	2.3249	0.00387217
0.269167	2.06049	0.0704881
1.17857	0.0313529	1.40574
0.342644	1.71183	0.275436
0.421762	0.190783	3.09716
0.228488	0.416048	3.45552
0.109799	2.75504	0.024099
0.187179	2.3167	0.090489
0.102871	2.79963	0.0121374
1.45899	0.123722	1.0045
0.468042	0.621574	2.01653
1.92918	0.00285214	0.224422
0.859758	0.643136	1.24935
0.449546	1.44463	0.238675
0.514886	1.30442	0.227054
0.0334204	3.33065	0.485651
0.0334846	1.31617	2.74893
0.916592	0.625321	0.675871
0.0254942	1.34914	2.5945
0.214038	0.493273	3.21399
0.0143683	0.750843	3.60974
0.819827	0.731025	0.579007
0.0307754	3.33786	0.435802
0.797513	0.0392211	2.48024
0.194624	1.36912	1.5307
0.209611	0.132982	3.88876
0.0736082	1.9719	1.534
1.90254	0.00516831	0.646114
1.74734	0.0368103	0.182277
1.80374	0.0240144	0.130129
0.0103668	0.608063	4.54253
0.442467	0.685056	2.03212
0.245236	2.03005	0.723819
0.364133	0.30299	2.40187
1.67331	0.0614398	0.0114747
0.000299529	3.98975	0.000299643
0.000317261	3.96924	0.000262726
0.000206947	0.000206947	6.00017
0.0603198	3.02986	0.816665
0.301211	0.00663272	4.26482
1.5832	0.0744193	0.522769
0.00124051	2.89815	1.74388
0.899986	0.178165	1.22944
0.0142717	0.595176	3.97982
0.326774	0.0285436	3.77344
0.783075	0.794691	0.988484
0.936642	0.115588	2.2768
1.4921	0.132298	0.12846
0.170507	0.00163848	5.71869
0.424372	1.54476	1.16105
1.23996	0.289186	1.04345
0.0658456	1.93615	1.5722
0.190027	0.506592	3.41971
0.0763006	0.901714	3.52697
0.367025	0.860492	1.52178
0.116525	1.75936	1.28298
1.73939	0.0329679	0.19711
0.00393634	3.77048	0.511567
1.63654	0.0499715	0.648551
0.100111	0.211713	4.57807
0.0105413	0.133418	5.24266
0.0410242	2.05671	1.41247
0.0847953	1.79905	2.16405
0.0579168	0.348868	4.42934
0.713226	0.306408	2.35407
1.32753	0.247669	0.0475021
1.26053	0.00769597	1.68202
1.67099	0.0460173	0.599328
1.20047	0.00654573	2.67616
0.213738	0.494195	3.03079
0.110143	0.18991	4.17121
0.164892	1.38314	2.09596
0.0236723	1.22417	3.15864
0.0346597	0.0578766	4.91114
1.81743	0.0139591	1.01967
0.0728667	0.0162098	5.05398
0.963825	0.118295	1.59785
0.102038	2.71369	0.90169
0.624769	0.0548688	2.493
0.0368593	0.414571	4.10553
1.60951	0.0828289	0.135093
0.0899143	2.76201	0.676061
0.0159094	3.4499	0.645661
0.0216534	3.35942	1.07033
1.13978	0.0362053	1.86996
1.54064	0.0867483	0.747146
1.52238	0.118906	0.155989
0.0501061	0.364866	4.64143
0.0804412	0.921675	3.29828
0.0068465	3.71916	0.319808
0.0477315	3.07463	1.14369
1.10709	0.385614	1.20764
0.399075	1.62091	0.339446
1.46252	0.132548	0.457492
0.0248039	0.0412389	5.62574
0.131556	0.237359	3.60343
1.08139	0.0571324	1.48564
0.682081	0.0188943	3.07981
1.00675	0.0949989	1.63135
0.0608305	1.06561	2.61287
0.70316	0.982047	0.0101521
0.510479	1.3357	0.0271577
0.197809	0.540269	2.94485
0.0336941	0.0540149	4.98037
0.0422619	2.02404	1.71368
1.85616	0.0154302	0.311545
0.417148	0.692324	2.23017
0.005516	3.83658	0.00377552
1.38108	0.177038	0.760664
0.26482	0.00679192	5.13105
1.02403	0.484704	0.893813
0.795114	0.748928	1.08903
1.3008	0.2444	1.04388
0.0416697	0.00546524	5.81487
0.491207	0.108917	3.10931
0.859609	0.676528	0.600466
0.00793419	3.67674	0.162217
0.355247	0.896396	1.78568
1.064	0.452577	0.591116
0.0013419	3.87073	0.000299643
0.174512	2.35115	0.299209
0.0745415	1.87523	1.43645
0.335812	0.942355	2.06348
1.16738	0.0313375	1.31517
0.820532	0.76865	0.57708
0.0148612	3.53668	0.737522
0.859609	0.676528	0.600466
0.124038	2.60879	0.277598
0.237998	2.10952	0.202219
1.39504	0.0117129	1.20759
0.0454923	3.14525	0.390069
0.0789653	1.81515	1.84436
0.0434537	3.18431	0.0476392
0.544583	1.23509	0.49596
0.0242801	1.14185	3.70148
1.69573	0.0497687	0.225761
1.36187	0.240416	0.0574601
0.601637	0.468126	1.68864
0.58028	1.15817	0.318866
0.0221032	0.412969	4.69838
0.150099	2.46586	1.1664
0.0397787	1.9744	2.30288
0.975236	0.558162	0.690308
0.231151	2.15985	0.211675
0.144828	0.159847	4.3185
0.99296	0.0816296	2.27457
0.11464	2.66432	0.205403
0.744364	0.292159	1.65637
1.10477	0.400924	0.549811
0.73478	0.334654	1.48687
0.0560818	3.10189	0.25034
0.163949	1.51591	1.54372
0.0295821	2.2387	2.05483
0.0211542	0.600314	3.85234
0.0886236	0.244019	3.91438
0.722064	0.327781	1.7588
0.249364	0.00712463	5.13924
0.379502	0.234902	2.91424
0.0418349	1.14784	3.20042
0.556352	1.17299	0.489615
0.492803	1.29852	1.16022
0.201607	0.547043	2.76803
0.009815	0.181494	4.82163
0.0935467	1.72283	1.92178
0.164423	1.48073	1.95589
0.0111619	2.38389	1.52651
0.0532523	1.11787	3.36887
0.12936	2.57077	0.893285
0.838138	0.226739	1.3309
0.159622	0.644997	2.55006
0.454521	0.64838	2.02836
0.193186	0.572514	2.86461
1.89258	0.0115848	0.00524016
0.208865	2.15743	0.737245
1.42652	0.159344	0.292796
1.14629	0.0540451	1.20051
0.63518	1.0214	0.815367
0.00509258	2.86888	1.45146
0.18274	0.625629	2.72771
0.0299701	2.11286	1.90874
0.221889	2.20338	0.136836
1.04591	0.440044	0.930016
1.80552	0.00639307	1.32026
0.649648	1.07146	0.153227
0.280333	0.00752329	4.36001
0.00966097	1.4149	2.71557
0.0245649	0.0429175	5.56381
0.000229022	0.000228284	5.99679
0.0542434	3.23029	0.0306794
0.139856	0.153915	4.75953
0.00644595	2.8053	1.4375
0.25539	0.00416639	5.32224
1.71597	0.0323971	0.572155
0.834693	0.7282	0.381068
0.118671	0.280115	3.67935
0.109029	0.286963	3.66149
1.05114	0.428777	1.01725
0.328296	1.00681	1.35701
0.0981916	1.69947	1.56978
1.78395	0.0183452	0.347607
0.447701	1.43457	0.647411
0.667879	0.959875	0.814271
0.199686	0.545312	2.81107
0.281413	0.00782959	4.34322
0.0859038	1.84467	1.43534
0.558884	1.17119	0.48625
0.385177	0.240446	2.85917
0.135871	2.60128	0.537853
0.595363	1.09459	0.852196
1.43793	0.184976	0.231655
0.408237	0.834241	1.41621
0.520303	1.25407	0.511836
0.167507	2.41685	0.477909
0.529451	1.29398	0.026624
0.592084	1.11757	0.357033
0.0167625	3.40948	0.422396
0.0289275	2.27151	1.80195
0.138629	2.52442	0.959833
0.153942	2.44016	0.437556
0.00184477	2.5118	2.21917
0.800282	0.762131	0.719096
0.440961	1.42311	1.14969
0.120856	2.68318	0.118473
0.0783118	2.85125	0.965973
0.000151355	2.70801	1.34859
0.000250555	3.99619	0.000252286
1.99325	0.000228358	0.000360223
1.93901	0.000203912	0.542566
1.98938	0.00025662	0.000198272
0.023387	3.35482	0.544734
1.7939	0.0347816	0.162035
0.0477474	3.12829	0.204873
0.0337184	0.0254251	5.7626
0.0313517	0.0608557	5.14063
1.90173	0.00588129	0.00295411
0.0187757	1.3411	2.7506
0.0806447	2.95189	0.071823
1.71692	0.0399541	0.0221648
0.321829	1.79667	1.02081
0.189658	1.2528	2.31593
0.221923	2.09755	1.12079
0.0494221	3.03885	0.760388
0.101754	0.208305	4.27695
0.205789	0.504412	3.10192
0.116419	0.140794	4.79882
0.0547309	1.9331	1.7929
1.6282	0.0680762	0.55725
0.00757805	3.6361	0.952238
1.66938	0.0513846	0.524417
0.379603	1.58255	0.842107
0.121593	2.66095	0.196575
1.56714	0.0834457	0.604583
0.749928	0.829995	1.15268
0.0316937	3.21526	0.916034
0.0903503	0.198541	4.6801
0.35375	0.0202781	3.82852
0.439636	0.73469	2.25118
0.248059	0.00558993	5.60427
0.0989037	2.78958	0.0263184
0.495107	0.0917875	3.50292
0.800075	0.00359187	2.45809
0.98492	0.560556	1.00454
1.07645	0.054053	1.6439
0.0239896	0.0437549	5.69265
1.01417	0.0735664	2.03487
0.252031	0.424354	3.34771
1.43531	0.151125	0.917591
0.67121	0.95205	0.949177
0.26936	1.97765	0.236811
0.675981	0.979717	0.445955
0.591596	1.15994	0.002062
0.361024	1.62833	0.944274
1.26348	0.0127489	2.17578
1.39967	0.181842	0.0953071
0.23579	0.444668	3.01377
0.0154952	1.39985	2.64658
1.95996	0.000505175	0.240454
0.029287	0.0562907	5.27412
0.852278	0.185338	2.12614
0.0679737	3.06511	0.0235493
0.647688	0.00753347	4.35894
0.765231	0.0044749	2.69748
0.271167	0.00518641	5.01277
0.0100692	0.117544	5.47204
0.182542	2.25765	1.07032
0.302656	0.319456	3.15983
0.133514	2.60777	0.0347945
0.141861	2.49169	0.349723
1.67729	0.0494151	0.506772
1.53041	0.091707	0.57532
0.660212	1.00266	0.508598
0.717092	0.399125	1.44863
0.0453986	0.378669	4.02175
0.470394	0.629293	2.07591
1.86429	0.00966535	0.127199
1.50629	0.142409	0.156176
0.0209487	3.52415	0.0930283
0.15645	2.42108	0.387781
0.279727	0.369599	2.85163
1.31791	0.00166187	1.60804
1.20057	0.0257935	1.45867
0.737789	0.0112248	3.29759
0.132835	1.67872	1.30301
0.513226	0.110341	2.92568
0.0903428	0.875465	2.85772
0.341348	0.886347	1.82766
1.05898	0.476445	0.429082
1.10525	0.423557	0.333396
0.071236	0.228167	4.62417
0.746905	0.905257	0.00870868
0.576122	0.454535	2.08564
0.128812	1.74842	1.25145
0.529708	0.543986	1.8673
0.126203	2.55596	0.618467
0.0839324	2.84235	0.0651418
1.22566	0.269973	1.05143
0.373931	0.20267	3.59391
0.453004	0.658802	1.77506
0.0261949	1.20573	3.18015
0.620763	1.09924	0.0787973
0.943767	0.585343	0.248978
0.00442929	3.7581	0.688558
1.17938	0.016856	1.94029
0.0394808	1.30378	2.50263
0.227523	0.461964	3.41016
1.21471	0.2847	0.820953
0.0569947	1.89681	1.74756
0.691714	0.381253	1.88966
0.108465	0.177034	4.54625
1.34257	0.00843923	1.52723
0.410574	0.757511	1.55147
0.00468897	1.45675	3.29237
0.971116	0.570017	0.257022
0.8524	0.174665	2.35848
1.61684	0.0647417	0.738455
0.33655	0.0121014	3.95966
0.0513349	1.30174	2.43231
0.548144	0.508764	1.99972
0.393562	1.55171	0.69413
1.02222	0.0834189	1.99396
0.520838	0.605993	1.69795
0.888748	0.650684	0.248922
0.00485117	0.50916	5.22846
0.0397206	2.06554	1.7738
0.207364	2.22413	0.58563
0.0803311	0.0117054	4.93686
1.24784	0.295163	0.282584
0.154491	1.40285	2.26464
1.7545	0.0219348	0.545101
0.260213	2.03205	0.00846271
0.286344	1.84054	1.15846
0.166557	2.38258	0.389439
0.299201	0.338017	3.02837
0.215217	2.14575	0.421486
1.43971	0.163402	0.0519444
1.85412	0.0172732	0.132831
0.831162	0.723568	0.630735
1.58055	0.100972	0.0262888
0.75176	0.000702275	3.21579
1.7417	0.0238653	0.546679
0.227688	2.15047	0.000836558
0.0889342	0.251764	4.51406
0.433208	0.773939	1.40342
0.00291764	2.6283	1.72438
0.119465	0.180111	4.11249
0.0255151	3.23839	1.16036
0.00394593	2.54639	1.37623
0.557778	0.0500236	3.74171
0.474182	1.43455	0.28483
1.36928	0.187439	0.305562
1.08343	0.410696	0.757014
0.107188	0.201515	4.07635
0.32399	0.00661948	4.42673
0.0120852	1.30961	3.55083
1.18623	0.304211	0.973894
0.00587105	3.81879	0.226032
0.0234533	1.3682	2.59867
0.00470634	1.5273	2.69651
0.0191652	0.713344	3.66301
0.309922	0.010324	4.36645
0.0124386	3.57209	0.327903
1.15278	0.0474199	1.38177
1.0397	0.491091	0.50304
1.82806	0.0190254	0.692139
0.910303	0.172103	1.27525
0.0734799	0.339433	4.19609
0.0642144	2.89289	0.805261
1.38887	0.183093	0.657584
0.632615	1.04705	0.89958
0.367019	1.61216	0.800097
0.415854	0.786668	1.32919
0.255939	0.412023	2.91024
0.275642	0.420855	2.5682
0.955753	0.569155	0.397908
1.36365	0.00206407	1.27372
0.030359	2.33995	1.3615
0.923813	0.681948	0.0332034
0.191613	1.43162	1.20793
0.215583	0.486829	3.41013
0.892193	0.678822	0.0606273
0.00916577	3.69736	0.00650596
0.291473	1.88482	0.271057
1.32849	0.240111	0.245874
0.517154	1.31495	0.126984
0.142344	2.48744	0.823305
0.556051	1.20943	0.993432
0.00936751	3.58966	0.588643
0.00392741	0.531951	5.22849
0.0173803	1.50147	2.40393
0.0633882	2.90698	0.75755
1.04181	0.468891	1.0407
0.245616	0.0652472	3.85474
1.52414	0.0928481	0.968591
0.00651029	3.80538	0.00404497
0.000248305	0.0745155	5.90863
0.000340057	3.99305	0.000336739
0.000278403	0.000278526	5.99925
1.63228	0.0685946	0.000298636
0.00463729	3.71746	0.138174
0.0359999	3.22466	0.388204
0.106479	1.8045	1.35896
0.186962	2.40204	0.0375905
0.0886704	0.302151	3.86475
0.110691	1.82761	1.27473
1.89128	0.00475788	0.789613
0.559345	1.21171	0.253685
1.48094	0.120718	0.561035
1.84298	0.0216222	0.0373425
0.20133	0.503028	3.33135
1.19703	0.321482	0.841047
0.0195734	3.44279	0.187735
0.133366	2.51702	0.606914
0.581558	0.052411	3.21567
0.165314	2.32392	0.675068
0.0152126	2.30185	1.93358
0.00868733	3.60922	0.143623
1.53853	0.116089	0.239117
0.0512736	3.13938	0.353544
0.14176	2.66706	0.036087
0.353508	1.7079	0.777
0.0222758	2.25289	1.74189
1.36538	0.198258	0.227125
1.01736	0.101474	1.45342
1.44649	0.174377	0.272273
0.184608	0.574407	2.7669
0.331585	0.254275	3.55127
1.32327	0.00609074	1.86369
0.000490125	0.707224	3.72446
1.24876	0.278698	0.584079
0.0391117	2.19152	1.40481
0.534827	1.24241	0.758565
0.388605	0.787689	2.34674
0.0392269	0.0102538	5.7397
0.269676	1.14031	1.63526
0.150477	0.11261	4.40641
0.00684875	0.166812	4.84706
1.73875	0.0239178	0.936976
0.0092321	0.0954197	5.35402
0.796145	0.813508	0.205997
0.054904	2.00884	1.42234
1.1616	0.375914	0.20697
0.0839597	0.888909	3.41733
0.0549784	3.04242	0.723232
0.421864	0.194758	2.94059
0.872618	0.657762	0.640892
0.0015801	3.81794	1.11
0.898048	0.641969	0.301929
0.00275735	3.78482	0.661367
0.0935975	1.70391	1.99686
0.442032	1.41574	1.07569
0.750655	0.910702	0.0239261
1.12178	0.391961	0.281362
1.09483	0.423797	0.318873
0.254713	0.466996	3.10327
0.237871	0.046136	4.34645
0.707337	0.957178	0.119315
0.777635	0.837982	0.0563884
0.301878	0.0244534	4.0508
1.03258	0.483158	0.520307
0.0955454	2.7348	0.980946
0.688042	0.0175583	2.57543
0.0181351	3.52161	0.492358
1.05378	0.481152	0.32365
0.0608743	0.00581917	5.42881
1.14075	0.340662	1.18373
1.57502	0.0774253	0.765152
0.303345	0.381135	2.97104
0.553701	0.0843589	2.67272
0.259958	0.455374	2.8517
0.126825	2.57023	0.609709
0.922578	0.138495	2.19067
0.224437	2.11984	0.37497
1.67727	0.0432121	0.34566
0.317308	0.304845	3.04041
1.81336	0.0052585	1.33415
1.9837	0.000832159	0.0100825
1.00136	0.526138	0.358433
1.41743	0.160004	0.656335
0.937952	0.152264	1.52087
0.352483	0.266364	3.31462
0.325122	1.03194	1.20665
0.467786	1.35448	1.07581
0.498419	1.27375	1.01883
0.071333	0.307399	3.91623
0.522871	0.570681	2.28623
0.432006	1.47119	0.668994
0.825425	0.201474	1.79911
0.232027	0.0154829	5.26624
0.064995	2.99606	0.35575
0.172634	1.36913	1.89949
0.00838409	2.57735	1.24588
1.64643	0.054852	1.07033
0.00575364	0.121696	5.48628
0.363486	0.92333	1.76464
0.0790084	2.85611	0.941193
0.960041	0.59497	0.387193
0.182578	2.45625	0.0436037
0.245656	0.482166	2.83592
1.08422	0.0587217	2.10104
0.378437	0.225362	3.02878
0.323436	1.81026	0.899103
1.95535	0.00296289	0.00814874
0.0360732	0.427424	4.27161
0.0127777	0.546634	4.72577
0.0331506	3.37358	0.341343
0.0403838	0.0897839	4.94905
0.548145	0.565195	1.58848
0.0928744	2.81655	0.0788281
1.1482	0.371566	0.302473
0.971306	0.51521	1.08407
0.982672	0.104542	1.81906
1.51076	0.140034	0.278061
0.0653423	1.97741	1.69387
0.138078	0.155701	4.07936
0.0341312	0.493011	3.95535
0.0235727	0.389143	4.7101
1.61537	0.0593534	0.868248
0.458081	0.681225	1.89483
0.403756	1.55078	0.94208
0.000586261	0.00822565	5.84332
0.657255	1.04252	0.786468
1.39217	0.184613	0.664553
0.00955294	1.31203	3.31599
1.60111	0.0759649	0.455053
0.238913	2.05801	0.507233
0.0441289	1.12633	2.52972
1.90265	0.00496866	0.573616
0.0212685	3.39347	0.218731
0.0141724	3.56976	0.0525633
0.0335347	0.12415	4.99587
0.851723	0.180667	1.79953
0.484972	0.611334	1.74451
0.0603389	2.96619	0.699307
0.113315	0.798524	2.55761
0.0185464	0.0888712	5.79642
1.06793	0.461553	0.321207
0.28825	0.023121	4.25062
0.0520404	1.04689	3.1409
1.3086	0.23729	0.631641
0.150778	0.152373	4.17248
0.911477	0.627108	0.216129
1.30279	0.00649062	2.26922
1.21312	0.0144399	2.16948
0.0585038	3.07788	0.471958
0.764346	0.862688	0.0579236
0.042641	3.09803	0.675345
0.720708	0.879503	1.12577
0.598634	0.500306	1.62212
1.75803	0.0476555	0.0146087
0.72927	0.913459	0.116719
0.128116	2.62727	0.509145
0.403522	0.828086	1.33467
0.0495152	2.15857	1.24924
0.0549388	1.93367	1.77329
1.77191	0.0183133	0.718358
0.0169252	2.44462	1.40672
0.0533339	2.09413	1.63319
0.677342	0.969494	0.500183
0.519329	0.0932468	3.17404
0.294223	0.331173	3.49523
0.763015	0.810081	0.980606
0.294222	0.346294	3.43928
1.26354	0.29253	0.166325
0.381933	0.788551	1.99351
0.405689	0.764491	2.13811
0.0301356	0.531061	3.64258
0.262629	0.441894	2.44219
0.28486	0.029067	3.69186
0.608098	1.10832	0.105128
1.42864	0.152759	0.348
0.231581	2.065	0.616639
0.0835036	2.90674	0.151197
1.51686	0.107579	0.769202
1.20403	0.000258787	4.49503
0.000238538	1.66882	2.39163
1.96817	0.000815454	0.000302747
0.0647862	0.054076	4.83011
1.85957	0.0124399	0.413361
0.0818221	2.79738	0.898504
0.014088	0.447733	4.67958
0.057693	0.050372	5.01689
0.125076	2.65633	0.0792311
0.143869	2.42936	0.80804
1.44557	0.153137	0.454953
0.244851	0.0011233	5.78309
1.64565	0.0453917	1.04673
1.79617	0.0303597	0.0137215
1.41774	0.162641	0.353293
1.13453	0.372647	0.766718
1.58293	0.0975137	0.461677
0.469999	0.66742	1.68681
0.0263873	1.30382	2.93817
0.30818	0.0197286	4.58254
0.954691	0.593095	0.124033
0.00285233	0.51499	5.51376
0.0617975	1.0357	3.05884
1.69203	0.0373935	0.67908
0.223375	0.443719	3.4465
0.592153	0.065402	2.78966
0.630127	0.0314466	3.144
0.680243	0.0149349	3.67966
1.82989	0.0190852	0.00398323
1.31551	0.214231	1.04303
0.545798	0.076569	2.74415
0.0841785	0.875877	3.19588
0.532141	0.503787	2.35982
0.0501682	0.00842248	5.33687
0.417131	0.770217	1.60714
0.431501	0.192651	3.01807
0.250107	0.385573	3.30507
0.604063	0.0326474	3.78946
0.274249	0.0336546	4.15583
1.11316	0.424001	0.272719
0.0511806	3.09073	0.0832936
0.0349933	3.16599	1.10482
1.54042	0.10294	0.229006
0.912822	0.581092	1.07995
1.92573	0.00288366	0.51189
1.38057	0.16745	0.969244
0.723494	0.00490272	3.37591
0.0704561	0.00528927	5.09092
0.193129	2.16454	1.20261
1.17025	0.0283542	1.92708
0.0445804	3.23382	0.0695106
0.0100195	3.65364	0.00486254
0.0593807	0.379928	4.2362
0.830771	0.215657	1.80045
0.117689	1.56813	2.10278
0.0163955	3.39586	1.00057
1.75877	0.0312102	0.328557
0.137591	2.46373	0.994472
0.801415	0.717871	1.21608
0.44416	0.199169	2.49247
1.08084	0.0858924	1.51128
0.514232	1.24029	1.14333
0.15244	2.58157	0.0992386
0.054341	3.05779	0.253468
0.737452	0.284692	2.3133
1.23144	0.317432	0.28422
0.255162	1.06369	2.51558
0.768481	0.823191	0.381279
0.0219585	3.41605	0.828016
0.993526	0.570358	0.0187777
1.26969	0.00924912	1.64049
0.335719	0.357914	2.4099
0.339742	0.00562465	4.0299
0.0715093	2.97102	0.0292911
0.023266	2.28464	1.75135
1.28982	0.241375	0.446347
0.00499471	2.83727	2.19132
1.59851	0.0671874	0.689989
1.47908	0.129254	0.342168
0.129678	1.53289	1.89447
1.09099	0.412043	0.685595
0.652743	1.04724	0.0452693
0.0596283	0.399319	3.90772
0.665389	1.0026	0.446856
0.212352	2.23355	0.308422
0.34516	1.7146	0.326813
0.311326	0.00630901	4.30937
0.00819495	1.43011	2.68844
1.24542	0.267428	0.629078
0.212829	1.47134	1.37337
0.570778	1.20911	0.032334
0.370908	0.799409	2.01112
1.49881	0.114644	0.590876
0.0360021	2.03871	2.03944
0.206816	2.19719	0.500659
1.05966	0.0690058	1.95126
0.189032	2.26745	0.488786
0.278906	0.0216448	4.35568
0.805091	0.791666	0.619931
0.0574705	1.89792	1.86735
0.185018	0.541781	3.31824
0.745346	0.859359	0.188992
0.577868	1.13833	0.449297
0.0338666	2.02575	2.17814
0.483722	1.32623	1.06823
0.0203	3.51623	0.182629
0.861934	0.687004	0.439711
0.850268	0.163293	2.27723
0.0305509	0.0173934	5.65617
1.33546	0.196595	0.915893
0.361793	1.65032	0.572798
0.0702969	2.89405	0.249386
1.2182	0.00480125	2.58656
0.933921	0.574142	0.672483
0.840415	0.709928	0.944907
0.0556967	0.399727	3.84373
0.587652	1.18713	0.00760093
0.762831	0.254731	2.31043
0.0584749	1.99068	1.37062
0.879186	0.182132	2.06799
0.17719	0.568888	3.14479
0.0735933	2.96216	0.0677996
0.0331642	3.3455	0.0798495
0.600031	1.10509	0.501854
0.122968	2.58695	0.437072
0.326295	1.79668	0.178045
0.890229	0.18447	1.28198
0.715102	0.877376	0.886263
0.299767	1.93618	0.0949195
0.452554	0.692274	1.56391
0.0425672	0.00191642	5.75245
0.0124985	2.52318	1.34123
0.398564	0.241658	2.71186
0.082706	2.81342	0.876938
0.467614	1.40104	0.221906
0.951844	0.619953	0.163848
1.73219	0.0252101	0.676972
0.059839	1.96417	1.2933
0.127067	2.63726	0.141973
0.526182	1.26556	0.451284
0.69784	0.92419	0.550237
0.879253	0.185228	1.49868
0.229559	2.07119	0.712648
0.324576	1.75943	0.960943
1.37197	0.167956	0.966335
0.716056	0.905867	0.366818
0.0610399	0.935442	3.61115
0.561944	0.575145	1.23971
1.03818	0.4615	0.733612
0.406632	1.63008	0.0615398
0.783142	0.277605	1.26753
0.279013	0.0211471	4.42608
0.585924	1.11835	0.511929
0.0511701	3.17149	0.00812215
0.133154	1.61912	1.40152
0.222576	0.464203	3.14909
0.177803	0.540751	3.54049
1.19348	0.00126125	4.47021
0.61621	1.06834	0.333149
0.0665627	1.82625	1.8631
0.0409487	0.00513063	5.67627
1.51556	0.134287	0.0211378
1.62261	0.0605809	0.572436
0.667803	0.971012	1.18743
0.578642	0.041129	3.54638
1.51161	0.0959404	0.787387
1.02298	0.457893	1.14679
0.438697	0.696603	1.83052
0.00800683	1.52175	2.91106
1.04572	0.431519	1.14554
0.0403155	0.0235408	5.56364
0.400019	1.59931	0.494901
0.0732346	2.86508	0.585564
0.322362	1.77977	0.395165
0.670393	0.000241117	5.0002
0.000238538	1.66882	2.39163
0.000299529	3.98975	0.000299643
1.99907	0.000333132	0.00045423
0.144534	2.50872	0.000286829
0.00705271	0.00649536	5.91741
0.0616262	2.88826	1.13693
0.301141	0.0452144	4.08864
1.4828	0.144307	0.25904
0.0423611	1.06163	3.45676
1.75501	0.0286184	0.308353
0.0411609	3.16381	1.08457
1.82593	0.0192184	0.469844
1.68002	0.0347623	0.8979
1.54091	0.123322	0.0112103
0.136575	2.42482	1.00399
0.0322726	0.424673	4.50414
0.0286317	0.425389	3.94516
0.102677	2.81734	0.102144
0.204572	2.20309	0.744596
0.343637	1.7331	0.191367
0.97983	0.107476	1.38724
0.452232	1.46501	0.288433
0.740219	0.000684151	3.38303
0.65433	0.00204093	4.73196
0.096073	0.877473	2.65013
0.00195511	1.25184	5.16286
0.432873	1.43239	0.94879
0.16223	0.573538	3.33053
0.187427	0.557979	3.18837
0.147117	0.106892	4.42886
1.33589	0.187446	0.92668
0.0542647	3.07755	0.00124464
0.00531342	2.69552	1.61893
0.0471594	1.12124	2.75091
0.183961	2.34771	0.195599
0.0596356	1.02961	3.01054
0.0204172	2.26355	1.724
0.000746645	1.3331	4.83642
0.358126	1.77101	0.0331757
0.647323	0.00364726	5.27632
0.00166098	1.26291	5.16286
0.216356	2.30252	0.416246
0.620392	0.407281	2.02474
0.22945	2.0781	1.02666
0.0376725	2.13714	1.612
1.63149	0.0637984	0.383807
0.0160518	3.48933	1.25186
1.37132	0.186645	0.450613
1.87053	0.00470949	1.66899
0.703241	0.000588455	4.27726
0.0762767	0.330315	3.58906
0.284894	1.97819	0.128942
1.02051	0.0858154	1.77315
1.71503	0.0285669	0.948952
0.775673	0.824884	0.339611
1.95856	0.00121383	0.000701355
1.65347	0.0856295	0.131138
0.717369	0.0113685	3.04991
0.94165	0.616392	0.0357641
0.0260989	3.36084	0.000803764
0.31077	1.92699	0.0264192
0.455841	0.248765	2.42258
0.00844123	3.6542	0.0183853
0.894088	0.668729	0.369791
1.08456	0.045032	2.0573
0.667038	0.971408	0.587073
1.01055	0.517102	0.176529
0.250209	0.442314	3.12483
0.288839	0.0818435	4.38065
0.129317	1.68043	1.20607
0.615013	0.431278	2.18932
0.327754	0.897849	1.9691
1.23868	0.00109812	3.09243
1.60978	0.067441	0.395487
0.173109	0.0745139	4.58642
0.027485	2.24074	2.09536
0.168656	0.00444332	5.72894
0.413615	1.56982	0.537822
0.109788	1.61625	1.69765
0.961788	0.588946	0.478775
1.40737	0.162772	0.715885
0.196866	0.563659	2.88318
0.0163829	0.0286772	5.69762
0.0385999	3.24581	0.140239
0.551504	0.553936	1.53619
0.852515	0.171282	2.24517
0.324305	1.86273	0.127145
1.1276	0.0802693	1.33672
1.38154	0.211707	0.235417
1.16795	0.332204	0.868437
0.250335	1.12777	1.59141
0.367804	1.66249	0.625675
0.523267	1.24325	0.830056
0.0124356	0.529905	3.81188
0.631836	0.0422163	2.977
0.759163	0.00293326	2.60553
1.83855	0.000415227	3.26405
0.140187	2.4351	0.723439
0.105823	2.76443	0.0894246
0.0107894	0.0719054	5.49613
0.0140553	1.49774	2.91008
1.32262	0.192077	1.10116
1.03946	0.485742	0.162782
0.46383	1.3877	0.681404
0.0226581	3.42477	0.0125438
0.111687	0.220981	3.70279
0.0773215	0.973442	2.5273
0.320539	1.79663	0.447886
1.19375	0.026685	1.44244
0.867281	0.644088	1.01881
0.573476	1.11124	1.17113
0.00271547	3.80354	0.428481
1.74443	0.0308225	0.253878
1.20664	0.0358712	1.29208
0.909157	0.652919	0.0652692
0.120925	2.63288	0.190286
1.94259	0.00377307	0.00290541
0.0565141	1.90629	2.26264
0.00179893	3.85119	0.000437753
0.735107	0.00424324	3.64132
0.0893435	0.246883	4.17259
1.1897	0.308098	0.865476
0.813386	0.74151	0.56961
0.0242922	3.30489	0.624189
0.0103349	3.62009	0.00128692
1.30661	0.253753	0.034265
0.799763	0.751496	0.81156
1.99564	0.00043347	0.00924737
1.19383	0.0245587	1.92636
0.119244	2.61017	0.78879
1.28981	0.214672	1.05943
1.58876	0.0655599	0.663954
0.394557	0.0330006	3.7525
0.0425313	0.316704	4.7004
0.558003	1.18485	0.935561
0.0584148	3.0432	0.00124559
0.00264717	0.504396	5.52971
1.15666	0.376876	0.0532603
0.230317	2.0947	0.706533
0.0181339	1.5243	2.5867
0.176224	2.33498	0.513009
0.00151081	3.77565	1.1794
0.593783	0.0338333	3.27608
0.400168	1.56051	0.606266
1.21343	0.014459	1.76707
0.535045	1.29018	0.319336
0.109577	2.71856	0.00980715
0.0486939	0.0158932	5.39603
0.14604	2.49655	0.0447161
0.013626	0.0688781	5.29412
1.26145	0.00641177	2.28333
1.44294	0.159835	0.226268
0.0228849	3.40682	0.0631725
1.13746	0.391743	0.11665
0.00146126	3.8871	0.18932
0.880924	0.700705	0.0861127
0.388785	1.59862	0.641457
0.690447	0.00682023	4.26295
1.90373	0.00248089	0.777954
0.477294	1.35673	0.380306
0.268509	1.07005	1.59176
0.726804	0.924303	0.0114987
1.28858	0.263854	0.0359862
0.259074	2.0235	0.68018
0.124037	0.838264	2.41194
0.0714909	0.383193	3.72939
0.245064	1.08428	2.35229
0.315708	0.0472478	3.84594
0.679653	0.0185017	2.94825
0.175578	0.586555	2.84067
1.56807	0.0756744	0.620664
0.260969	0.00393119	5.59635
1.86545	0.00505392	1.66916
0.974523	0.608353	0.0503639
0.204262	0.527608	2.79899
0.0926886	2.78356	0.25271
1.91711	0.00206515	0.226252
0.0486939	0.0158932	5.39603
0.378734	0.774978	2.34261
0.00526522	3.71661	0.722733
1.22763	0.329185	0.39309
0.0260483	3.28788	0.732353
0.00475527	1.29245	4.23556
0.492959	1.31726	0.428521
0.64048	0.0106903	3.87156
0.863061	0.172251	1.88948
0.587329	1.19556	0.300541
0.0122808	3.57424	0.34984
0.00443343	1.23266	4.9634
0.000206947	0.000206947	6.00017
0.000206947	0.000206947	6.00017
0.000297727	3.99568	0.000297384
2.00018	0.000336466	0.000381427
0.00533804	3.68958	0.280772
0.157451	2.42539	0.852953
0.0765761	2.83518	0.488878
0.68722	0.957957	0.970936
0.0439158	0.0138715	5.53976
0.0293669	0.0708235	5.16846
1.47671	0.166717	0.105964
0.115383	2.68691	0.493769
1.02289	0.0714869	2.11068
1.1829	0.317689	0.739804
0.0143847	2.63547	1.2681
0.167085	1.41296	2.3602
0.169927	0.578049	3.24806
0.00134965	1.35834	4.48349
0.805113	0.812307	0.453613
0.216284	2.14787	0.662108
1.37702	0.186863	0.457453
0.142301	0.75471	3.05869
1.86589	0.014944	0.014474
0.00404945	0.00542924	5.84556
0.0103161	2.55449	1.72496
0.0104368	0.135112	5.29237
0.19074	2.32523	0.00629484
0.202845	2.22543	0.560566
0.428957	0.721837	1.54608
1.74334	0.0408193	0.0342544
0.00737253	1.46629	3.35962
0.0670537	0.0213779	5.39593
0.0299462	0.0676707	5.01543
0.0941281	1.89693	1.3291
0.0396948	1.10619	3.47835
1.64494	0.0612373	0.373727
0.237578	2.08247	0.265299
0.0558012	0.287134	4.74615
1.68459	0.0342872	1.1397
0.556158	0.0909972	2.50724
0.0349378	3.26202	0.528555
0.19547	0.516229	3.28803
0.0110525	0.600363	3.79829
0.921549	0.62216	0.29952
0.34906	0.918198	1.38283
0.714179	0.0387505	2.5478
0.132234	2.59775	0.316599
0.895282	0.637317	0.880228
0.134936	2.50577	1.23768
0.0306055	2.17	1.94965
0.0211652	2.46647	1.4521
0.0838767	0.214533	4.55853
0.458087	1.43979	0.398623
0.365126	0.862603	2.02159
1.49655	0.120994	0.457894
0.0205187	3.45712	0.276781
0.829698	0.715088	1.03345
1.43911	0.153307	0.721928
0.0116783	1.46068	3.15441
0.366857	0.900641	1.63139
0.0342941	3.32485	0.221319
0.545385	0.0857303	2.75769
1.63107	0.0731489	0.187968
1.33515	0.221148	0.221183
0.532394	0.118827	2.44353
0.225349	0.0536432	4.08164
0.0901054	0.224613	4.37029
1.83696	0.0130599	0.132601
0.275128	0.356356	3.05255
0.869015	0.179027	2.13439
0.492465	1.27964	0.940803
0.245152	2.05067	1.01258
0.269118	1.99926	0.174043
0.567338	1.21206	0.732477
1.34419	0.199894	0.835771
0.390978	1.64217	0.506037
0.116346	2.75386	0.0225828
0.0112671	2.44132	2.22671
0.0874293	1.8825	1.35393
1.20566	0.019571	2.11414
0.942489	0.144238	1.50922
1.25237	0.256599	1.07896
0.31867	0.345578	2.56051
0.000812852	3.94421	0.00061499
0.411595	0.790724	1.64337
1.06179	0.434075	0.848018
0.4989	0.127237	3.11332
1.41005	0.160392	0.421981
0.0724523	0.0173743	4.80941
0.972224	0.528827	0.915209
0.220458	1.18427	2.39908
0.300097	1.93275	0.119718
1.05816	0.0761692	1.63901
0.208476	2.20848	0.717411
0.081808	1.84549	1.83267
0.87896	0.691348	0.15164
0.679292	0.990854	0.0768907
0.0553418	0.0658944	4.90979
0.66976	0.380974	1.48023
0.657789	0.393425	2.06738
0.0266449	1.15016	3.51693
0.037174	0.02638	5.22131
0.037783	0.491436	3.68895
1.53803	0.0972294	0.814079
0.134682	1.54142	1.40159
0.000887404	3.90411	0.00030989
0.093841	2.76573	0.718017
1.43175	0.137893	1.11035
1.27237	0.248065	0.561065
0.0309284	3.37774	0.251682
1.08582	0.417639	0.835408
0.469806	1.39089	0.242575
1.59905	0.0789539	0.220603
0.0503128	3.18625	0.224664
0.479824	1.33375	0.671538
0.263871	0.0267295	4.28688
0.395521	1.5726	0.331348
0.403396	1.59924	0.0400455
0.0911647	1.84345	1.79291
1.29687	0.230615	0.441276
0.00610356	1.51474	2.87568
0.125636	0.149567	4.62452
0.344843	1.77371	0.0285147
0.519468	0.568497	2.23751
0.256508	0.408272	2.96171
0.639408	0.455557	1.22665
1.51609	0.103986	0.78467
0.0394441	0.46606	3.92966
0.372768	1.61416	1.19456
0.734071	0.00508873	3.5649
0.106029	0.217824	4.03601
1.91272	0.00244947	0.598733
1.40041	0.152763	1.10881
0.926302	0.13032	2.04055
0.505219	1.3087	0.6815
0.104522	0.214874	4.23691
1.22239	0.0294532	1.50402
0.848963	0.246215	1.21349
0.441273	0.665785	2.26985
0.619284	1.06083	0.95965
0.786735	0.767084	0.704524
1.0891	0.443497	0.349055
0.316958	1.74739	1.15372
0.549745	1.25244	0.0607465
1.94014	0.00374367	0.00188624
0.423721	1.48963	0.38844
0.755438	0.272154	1.76827
0.233042	1.21777	1.68385
0.960152	0.560144	0.323349
0.356609	0.89171	1.81027
0.0299521	1.13189	2.9985
1.13444	0.406528	0.182017
0.0708285	2.89932	0.67851
0.0242991	2.28559	1.26265
0.00340131	0.641739	4.18368
0.103122	0.200745	4.48871
0.545385	0.0857303	2.75769
1.80539	0.024878	0.0334436
0.310828	0.0256253	3.92102
0.0720646	1.79489	2.289
1.80067	0.0204317	0.372044
0.0527001	3.03978	0.625855
1.28969	0.242713	1.08677
0.993578	0.501801	0.82892
1.93422	0.00383498	0.434953
0.229646	1.16938	1.97203
0.0526772	3.15645	0.324305
0.0841823	0.282234	4.00122
1.77133	0.0228528	0.282527
0.0926272	0.231759	4.15705
0.0393077	3.23992	0.622213
0.290384	1.0327	1.86338
0.759843	0.832991	0.62236
1.52404	0.100099	0.7619
0.00219413	0.677837	3.86935
0.423287	1.53673	0.0935303
0.265759	2.02895	0.196471
0.0499353	3.09966	0.629192
0.0413835	3.43552	0.0242301
0.0307917	0.0243565	5.46614
0.0355516	3.35991	0.121084
0.835257	0.706407	0.573468
0.772058	0.789083	0.704524
1.15155	0.339517	1.08857
0.746133	0.261002	2.25684
1.9237	0.000348264	0.943094
1.72111	0.0395665	0.00037896
0.000248305	0.0745155	5.90863
0.014095	0.00267563	5.91621
0.0440898	3.08012	0.851728
0.0197167	3.49117	0.374238
1.46381	0.124002	1.03658
0.0015906	2.34966	4.20003
0.625496	0.0237047	3.73821
1.89518	0.00151838	1.66868
0.067942	0.0108027	5.38231
0.0419505	0.0270771	5.05486
1.33904	0.0252999	1.56675
0.739759	0.875166	0.184504
1.96102	0.0020652	0.00125583
1.10504	0.0524188	1.52602
1.58162	0.0681676	1.08145
0.656915	1.1029	0.0413779
0.135957	0.678568	3.0302
0.23021	2.04826	0.906904
0.0689213	2.92014	0.286104
0.812108	0.226954	1.90689
0.88505	0.153593	2.11394
0.0441013	0.0671509	4.86685
0.487088	0.60587	2.21773
0.183496	0.50882	3.55593
1.66735	0.0336611	1.20088
0.0243509	0.0342807	5.53746
0.00143469	3.88103	0.503415
0.526368	1.31195	0.279249
0.0795489	2.88331	0.206501
0.000641788	3.95813	0.0185828
0.367737	0.239648	3.43368
1.85594	0.00229713	1.72783
0.50666	0.125421	2.84328
0.1559	1.42455	1.9351
0.0012771	2.42561	4.29988
0.00610399	1.45579	3.18421
0.241793	0.083516	4.08975
1.5022	0.132789	0.359061
1.29912	0.260096	0.0305791
0.0334298	3.25013	0.35218
0.595258	1.15459	0.0961409
0.400925	1.62354	0.00706966
0.183736	0.536475	3.34777
0.284254	0.410385	2.51705
1.77424	0.0374018	0.251834
0.114382	0.19882	3.85869
0.0845696	2.82904	0.146987
0.0882342	0.200278	4.60851
0.245275	1.9721	1.15058
0.641954	1.00783	1.2406
1.50667	0.110556	0.591024
0.583294	0.0395762	3.49202
0.40226	0.749554	2.05331
1.54873	0.107304	0.332759
0.0120716	0.00798325	5.85062
0.190902	0.565711	2.77283
0.0619615	0.344808	4.25029
0.0563572	2.99574	0.423312
0.0296818	2.12654	2.01386
0.0658867	2.00606	1.46969
0.464655	0.156496	2.61083
0.919283	0.124226	2.30716
1.03248	0.1096	1.21616
0.000372851	2.33808	5.24423
0.32174	0.921478	2.26257
1.53798	0.106503	0.539409
1.01015	0.104992	1.36781
1.08931	0.04081	2.3852
0.0353433	3.16269	1.12683
0.057337	1.913	2.13795
0.643271	0.998044	0.991404
1.24709	0.268514	0.768175
0.984407	0.557164	0.00442016
1.63731	0.0526801	1.11619
0.00918638	0.446845	5.3128
0.0221834	3.40646	0.205575
0.142731	2.45225	0.624138
0.711146	0.934467	0.290321
0.0347552	1.18491	2.94432
0.253041	0.476016	2.67383
0.015492	0.186762	4.83836
0.946884	0.580806	0.481342
0.762083	0.807887	0.819269
0.0953108	0.280393	3.98912
0.104404	2.75505	0.0339695
0.0831879	2.79572	0.434054
0.239021	0.499579	2.67223
0.0280715	0.448003	4.71491
0.797742	0.243377	2.09082
0.110758	0.170876	4.7399
0.423596	0.756935	1.41043
1.2102	0.295312	0.754137
0.585412	1.11218	0.642711
0.23949	2.08831	0.283326
0.0120219	0.456837	5.19962
0.281795	0.370071	3.25321
0.45445	1.40571	0.667789
0.336705	1.74153	0.804525
0.967015	0.577799	0.00435537
0.350329	1.66056	1.08396
0.287153	1.03889	1.38575
0.4312	1.57216	0.165689
0.12333	0.792766	2.72237
0.0419347	3.18547	0.0183508
0.871121	0.199618	1.7782
1.26429	0.254399	0.755922
0.499141	1.35096	0.018795
1.36802	0.197156	0.306196
0.0620303	3.00517	0.215428
1.87193	0.0102905	0.40157
0.110283	0.811028	3.38448
0.326	1.87262	0.0869367
0.113136	2.59983	0.668897
0.680604	0.957832	0.765945
0.360859	1.68217	0.475502
0.113991	2.54457	1.15866
0.00798056	2.49581	1.87646
0.300078	1.87594	0.261333
1.06102	0.0865869	1.40032
1.16519	0.0321217	1.61467
0.918482	0.165061	1.81588
0.723829	0.843643	1.13392
0.418644	1.53242	0.537306
0.949077	0.142252	1.81417
0.207695	0.518461	3.25465
0.0040234	0.642605	4.02675
0.0298332	3.30101	0.847612
0.609302	0.033105	3.72681
0.453516	1.503	0.0656135
0.785325	0.256052	2.335
0.00691495	1.57729	2.39576
1.18916	0.324401	0.296456
1.39154	0.165806	0.700707
1.12513	0.0575004	1.33095
0.290313	0.366409	2.9827
0.308697	0.0184859	3.93168
0.0945777	2.72186	0.793196
0.411572	1.5445	0.514936
0.307347	1.83022	0.403833
0.130356	0.664323	3.46748
0.00516118	3.77952	0.325557
0.222513	0.451426	3.14069
0.445054	1.46976	0.509594
0.0309275	2.1962	1.38715
1.16992	0.360718	0.111013
0.00729745	2.4973	1.85561
1.27898	0.0104861	2.04327
0.469124	1.3515	1.33657
0.0551465	0.0180431	5.09072
0.105156	2.60023	1.18136
0.735804	0.302437	1.9779
0.145577	0.664068	3.09356
1.61316	0.0789378	0.0903978
1.05931	0.0690376	2.0613
1.45274	0.146881	0.465854
0.107123	2.65093	0.946341
0.287903	0.436009	2.41881
0.209467	1.22255	2.19949
0.00809986	0.593886	4.56901
0.73294	0.853419	0.978106
1.83476	0.00223329	2.18804
0.0124217	1.25771	3.62072
1.69197	0.0341361	0.604559
0.34154	1.74485	0.390766
1.14754	0.362972	0.941485
0.125631	0.78101	2.61573
1.60375	0.0669608	0.559594
0.038885	1.23112	2.46614
1.80564	0.0152953	0.948625
0.205974	2.22557	0.508245
0.55207	1.24786	0.269323
1.39154	0.165806	0.700707
0.269223	0.0241953	4.41299
1.44039	0.148141	0.501423
1.28718	0.258058	0.444248
0.00226589	3.8108	0.243685
0.170549	2.39354	0.0298747
0.262231	0.052465	3.67893
0.851764	0.195051	2.33207
0.00218546	0.6008	4.52225
