0.65053	0.000164342	5.40464
0.000256215	3.99823	0.000255985
0.647718	0.0002958	5.45473
1.87669	0.00519846	0.911481
0.00325069	1.26936	4.77999
0.177383	0.00677966	5.64255
0.326533	0.00823679	3.90827
0.000556767	3.89954	0.461769
0.0152017	3.45633	0.994482
0.0676041	1.80849	2.42022
0.079981	0.913417	3.21595
0.458661	1.38023	1.12512
0.00843523	0.508752	4.95914
0.338154	0.956172	1.43608
1.53229	0.0900723	0.977812
0.884133	0.0110362	2.70704
1.49325	0.111127	0.625818
0.927218	0.178591	1.57672
0.849755	0.180749	2.10761
0.116461	1.82864	1.594
1.78403	0.0192824	0.332502
0.140418	0.156408	4.49515
0.81903	0.716712	1.10952
0.165779	2.32797	0.798908
0.122485	1.72144	1.2803
0.749798	0.876816	0.269933
1.93465	0.00337486	0.399347
0.0153236	0.546157	4.28069
0.0599992	3.04784	0.0331349
0.00222529	3.76577	1.00442
0.683871	0.00303221	4.66711
0.23292	0.477526	2.79738
1.89996	0.00537137	0.00145658
0.0289796	3.39123	0.0712856
0.00829666	0.682591	3.59068
0.730133	0.00324137	2.96566
0.306702	1.87781	0.182572
0.453088	1.44699	0.600558
0.245582	2.00316	1.15228
0.328022	0.926161	1.72723
1.09009	0.0545448	1.50197
0.281962	1.04877	2.01843
0.960419	0.115655	2.2267
0.182667	2.36581	0.178265
1.04964	0.0688441	2.08899
0.415922	1.5393	0.420617
0.269033	1.94582	1.05388
0.607396	1.07937	0.545546
0.0699044	2.92221	0.724846
0.00368647	1.33198	4.10564
1.72148	0.0406864	0.0982734
0.14929	2.50891	0.175389
0.495703	0.567263	2.3551
1.83544	0.0122757	0.821672
0.00202259	3.85244	0.386305
0.0603975	2.95973	0.608319
0.100235	0.215915	4.02869
0.0278248	3.35924	0.405469
0.153401	2.41401	0.818508
0.0310718	3.3079	0.305109
0.656065	0.00418119	5.25349
0.716304	0.0119238	2.81182
0.0539095	1.91927	2.19497
0.00387573	0.493744	5.84538
1.4619	0.147949	0.193964
0.68745	0.00215597	4.5932
1.06828	0.412886	1.15059
0.370305	1.64108	0.531232
0.0208643	0.4823	4.15123
1.09997	0.0975542	1.2217
1.02807	0.0737374	1.85792
1.21374	0.0108245	2.53024
0.520827	0.098623	3.34838
0.347419	0.275033	3.1327
0.156118	0.14194	3.794
0.0471553	3.14805	0.036502
0.0104797	3.53234	1.06463
0.215652	2.1895	0.608001
0.257378	0.398098	3.27248
1.42673	0.175567	0.0914915
1.25627	0.273031	0.286229
0.576005	1.13078	0.960102
0.307916	0.00882974	4.3554
1.15211	0.359424	0.321959
0.904515	0.592247	1.04799
0.784563	0.309253	1.29439
0.322596	0.280897	3.09759
1.22854	0.0116713	2.30205
0.0583518	1.29462	2.44067
0.316978	0.345719	2.67294
1.55411	0.0787276	0.773524
0.239104	0.414133	3.38824
0.104147	2.77168	0.47626
1.18193	0.0391937	2.00796
0.0251512	2.16011	1.85423
0.0403951	3.26454	0.30975
1.35376	0.193837	1.01091
0.00702317	2.70882	1.32895
0.11356	2.60903	0.494727
0.241582	0.506445	2.73815
0.0553468	3.08194	0.0549097
0.249321	0.421562	2.86456
0.00783138	1.47082	2.91765
0.621348	0.450749	1.38563
0.476567	1.34357	0.634023
0.632893	0.0374594	2.99914
0.0665889	1.01101	2.58667
0.0188187	2.28884	2.01134
1.12107	0.039079	2.00916
0.0412109	1.18903	3.52984
0.0946317	1.69351	2.18379
1.47277	0.118834	1.13125
0.0392946	2.13519	2.14037
1.33177	0.2327	0.151469
0.585392	1.13281	0.369761
0.301419	0.0281799	3.72361
0.290677	1.03512	1.95111
1.27983	0.256797	0.401951
1.00292	0.0946471	1.72932
1.57917	0.0919888	0.0813216
0.118079	0.721219	3.07668
0.360259	1.66361	0.596887
1.39091	0.164545	1.10988
0.00847202	0.646336	3.65042
0.388304	0.815249	1.6552
0.212283	0.483333	3.44322
0.00596672	3.63326	0.693144
0.48442	0.629713	1.85821
0.530056	0.528572	2.3339
0.778464	0.0414647	2.50841
0.565662	1.23564	0.0219226
0.982962	0.600812	0.0217775
1.37899	0.193935	0.702421
0.376256	0.830344	1.54059
0.0643403	2.86653	1.18655
0.191053	2.25208	0.568009
0.115676	2.66628	0.201056
1.81095	0.0214542	0.207537
1.30031	0.24981	0.233656
0.0464747	2.09111	1.2548
0.520152	0.573835	1.66356
0.0103414	3.5841	0.650648
0.534084	0.584258	1.4607
0.129658	2.57245	1.03402
1.14648	0.371282	0.228519
0.0374369	2.05569	2.14149
0.766539	0.838011	0.42988
0.80257	0.790404	0.250761
0.595511	1.10748	0.703859
0.18611	2.23749	0.732441
0.438757	0.71747	2.05417
0.895049	0.157643	2.24362
1.70151	0.084446	0.0362642
0.429256	1.51214	0.421157
0.776516	0.844941	0.0880021
0.0839716	2.75869	0.847322
0.00976611	2.44544	1.51394
0.0945202	0.221582	4.29129
1.31795	0.23526	0.27252
1.62165	0.0500781	1.08427
0.399431	0.190626	3.27853
0.217591	1.24792	1.80246
0.00434432	1.3506	4.03327
0.0775899	2.81692	0.551222
0.0967103	2.82122	0.47626
0.0141702	0.613565	3.68267
0.205702	0.539559	2.61079
0.506029	1.3566	0.0419829
1.19183	0.0215771	1.75918
1.14053	0.400833	0.00775716
0.00329265	1.27574	4.7048
0.0127664	3.58973	0.621077
0.0993089	2.73261	0.873521
1.83053	0.0239004	0.103843
0.000131878	3.71937	2.63253
0.584991	0.000142235	6.00006
0.284849	1.9434	0.000195855
1.99934	0.000234645	0.000234394
1.70944	0.0351879	0.651796
0.429088	1.44221	0.99823
0.00314497	0.298814	5.25002
1.41815	0.165055	0.280161
0.0776823	2.91832	0.412793
0.0416221	1.13756	3.28541
0.631733	0.0584287	2.71968
0.407644	1.5266	0.482569
0.0436866	2.16146	1.20046
1.50173	0.129686	0.286402
1.65526	0.062003	0.28192
0.32835	1.71645	0.921687
1.96722	0.000748112	0.000207604
1.38706	0.161284	0.983434
0.113518	2.63567	1.00859
0.11165	0.187886	3.9568
0.0616235	2.99277	0.77251
0.349576	1.679	0.937018
1.46053	0.121917	1.16321
1.13229	0.0354756	2.48311
0.00303953	0.313985	5.38549
0.00475177	0.614175	4.33089
0.0179181	1.38145	2.78432
1.80941	0.013636	0.642762
1.82386	0.00422155	1.8178
0.18722	2.23049	0.91504
0.305207	0.00932605	4.6954
0.963924	0.107761	2.12011
0.0991788	0.891392	2.42611
0.000669457	0.319	5.4536
0.139984	2.54526	0.385471
0.867984	0.672534	0.298808
0.389454	1.62683	0.825792
0.303857	1.77721	1.04764
0.192428	1.32785	1.85044
1.14241	0.0353277	2.22221
1.83972	0.0112767	0.343696
0.00411076	2.55927	2.14159
0.034736	0.00462024	5.76426
0.37781	1.57869	1.14062
0.807116	0.244116	1.69987
0.641344	0.0270188	3.413
0.0485905	3.11654	0.623371
0.0215183	0.0307446	5.59376
0.080565	0.217916	4.61619
1.76346	0.0181692	0.891059
1.92939	0.0096136	0.00662964
0.0431338	1.12142	3.53378
0.00453664	0.643663	3.82348
0.158961	0.126974	4.06649
1.26268	0.0192588	1.50465
1.3659	0.178879	0.73914
0.407548	0.75159	1.64557
0.673574	0.0214354	3.41531
1.05336	0.461056	0.334233
0.148407	0.132273	4.55956
1.87926	0.0112694	0.280384
0.488883	0.589695	2.35598
1.75925	0.0312179	0.334176
0.00313077	2.81129	1.53569
0.00628811	0.551891	5.00475
1.08635	0.0447185	1.96695
0.0882253	0.828831	3.05097
0.463596	0.141028	3.01455
1.45207	0.143772	0.42651
0.179963	0.53999	3.18058
0.254179	2.05322	0.0681582
0.262977	1.91827	1.0913
0.178178	0.128181	3.891
1.6239	0.0657067	1.08264
0.505486	0.00173426	5.12572
1.1597	0.369813	0.450027
0.0678359	0.0141784	4.96106
0.394014	0.00467728	3.69867
0.611302	0.421476	2.26563
0.0707729	1.04852	2.64611
0.695698	0.96104	0.184385
0.040721	0.0773195	4.8808
1.56225	0.0850472	0.329169
0.000292083	1.8816	3.75204
0.370219	1.60666	0.836601
0.765039	0.252704	2.08788
0.53421	1.22478	0.890565
0.439829	0.808465	1.24738
0.204981	0.495024	3.25156
0.0162366	3.38474	1.12214
1.52344	0.112207	0.19059
0.302836	0.333551	3.05687
0.039233	3.17138	0.614083
1.59085	0.0925274	0.103673
0.00672098	0.223523	4.78555
0.0118913	2.49081	1.41219
0.852444	0.20195	1.31373
0.00709878	0.0459863	5.84448
0.0106996	3.57963	0.128926
0.00275967	1.86799	4.17137
1.24419	0.0135641	1.68991
0.0177252	2.32172	2.05758
0.355773	0.253087	2.87298
1.34224	0.210892	0.167147
0.00206247	3.79122	0.43993
0.0427208	0.443348	4.22753
0.514619	0.547776	2.17212
0.743608	0.00693819	2.96658
0.0753091	0.00565866	5.05411
1.11102	0.0371184	2.31762
1.01019	0.516407	0.379848
0.00745186	3.55219	0.685336
0.00489904	2.70306	1.39351
1.04154	0.47365	0.230076
0.000912263	3.68278	1.98451
0.332269	1.00534	1.23667
0.794134	0.236764	2.0833
1.87726	0.00543771	0.571596
0.418835	1.55749	0.0135237
0.224259	2.10057	0.660366
0.993218	0.0983802	1.95797
0.228887	2.08862	0.811897
0.827653	0.727416	0.324186
0.908897	0.695379	0.0664945
0.692743	0.921472	0.650757
0.425097	0.207096	2.8505
1.20133	0.309623	0.607966
0.358002	0.871441	1.92242
0.615634	1.0435	0.960018
0.665907	0.358123	2.12395
0.0127878	3.50281	0.460766
1.23524	0.280752	0.431927
1.932	0.00339231	0.00487266
0.187626	2.2606	0.663791
0.130325	0.237135	3.61285
0.0844176	2.83003	0.0912724
0.0278251	2.41593	1.29162
1.62432	0.0594047	0.869401
0.600443	0.474826	1.6095
0.0622139	3.00791	0.0441036
0.000459978	3.88082	0.607394
1.113	0.385212	0.663024
0.77936	0.246327	2.13757
0.592107	1.1838	0.325194
0.013607	0.600188	4.42092
0.0163261	3.43779	0.585518
0.0156872	3.39134	1.12163
0.346641	0.928488	1.84742
1.22576	0.0103832	1.96687
0.217387	1.2783	1.90682
0.474529	0.63568	2.02583
0.521284	1.25727	0.552163
1.32571	0.197723	1.17658
0.408966	0.754314	1.5736
0.0478803	0.0669348	4.82213
1.33274	0.218808	0.717611
0.239366	0.492621	2.53262
0.828405	0.226966	1.29861
0.479734	0.150948	2.79259
0.00300019	3.67424	1.092
0.0543776	1.07575	2.97455
0.0108164	3.48186	0.991833
0.0520194	3.19164	0.146391
0.93508	0.148231	1.27725
0.308056	0.338925	2.99481
1.02177	0.099583	1.19505
0.225744	0.058816	4.3952
0.00582004	3.62935	0.907734
0.0945277	2.7576	0.795564
0.0312045	0.147006	5.17111
0.517613	1.30288	0.510763
1.27468	0.258846	0.432087
0.0545201	3.08251	0.0202135
0.0855222	2.87403	0.051714
0.609284	0.431937	1.89985
0.0468071	0.00316578	5.65021
0.255201	0.0206366	4.48018
1.64426	0.0612372	0.460956
0.316273	1.80111	0.574698
0.174713	2.28509	0.815807
0.304355	1.8282	0.925642
0.945279	0.592923	0.5313
0.272268	0.0770721	3.65798
1.36782	0.0165916	1.25078
0.561444	1.23916	0.00586143
1.58142	0.119098	0.119479
0.0741837	1.03172	2.59934
0.0331222	0.451949	4.49402
0.000225066	0.000225066	6.00019
0.000322528	3.99607	0.000321485
0.355082	1.72555	0.000217875
0.048929	0.297772	4.7049
0.0682761	0.279281	4.4723
0.0253661	0.0499939	5.1229
0.0374933	0.0173428	5.67911
0.0194687	3.48417	0.00385066
0.864235	0.678016	0.372647
0.00801612	3.6342	0.126079
0.155591	0.607364	3.35268
1.19043	0.320831	0.421694
0.600204	1.0538	1.12498
0.0259952	3.27153	0.683136
0.913227	0.635076	0.138421
0.0583994	0.0313406	4.91163
1.72052	0.0333928	0.657796
1.00082	0.496351	0.970502
1.38098	0.178831	0.476484
0.407393	0.208978	2.96076
1.50404	0.128942	0.0179649
0.508322	0.564057	1.9256
0.38366	0.817717	1.76024
0.00513266	0.000971922	5.8437
0.143681	0.696677	3.00745
0.886254	0.655214	0.349485
0.0380185	3.33341	0.0541752
0.409915	0.185008	3.55176
0.0454081	3.1091	0.428532
0.0281886	0.0399245	5.43805
0.018936	3.46299	1.19577
0.790896	0.765599	1.0789
0.0335017	1.20501	2.49267
0.0284781	0.0390233	5.5844
0.617931	1.11504	0.109738
0.550608	1.17779	0.740416
0.11894	0.271911	3.67491
1.96787	0.00102434	0.00297164
0.0206909	2.22644	1.73729
1.03699	0.0952885	1.2434
0.18466	2.27267	0.269546
0.0555518	0.329454	4.08687
1.52368	0.114383	0.208016
0.371144	0.842634	1.79618
0.0376443	3.17333	0.44262
1.27233	0.235481	1.09298
0.0012728	3.91809	0.0873237
1.29227	0.00504692	1.29755
0.109746	0.212995	4.33087
1.41538	0.159401	0.850566
0.12352	1.63194	1.62827
1.34726	0.192934	0.523856
0.990759	0.0991914	1.53499
1.23754	0.303614	0.0859541
0.015241	2.3434	1.87028
0.00552626	2.63395	1.35077
0.1638	2.42749	0.0886521
0.0734296	1.81231	1.82559
0.047141	3.21786	0.00779252
0.647423	0.0269481	2.7464
0.00751423	2.38286	2.17578
0.312159	1.77755	0.795051
1.03315	0.0913783	1.38424
0.42545	0.716054	1.65658
0.0652635	2.89363	0.883857
0.0823061	2.85602	0.646382
0.205072	0.501904	3.19721
1.14476	0.345301	1.17002
1.05804	0.0806279	1.545
0.0563195	0.00295008	5.50056
0.0021744	3.85089	0.12607
0.0255993	0.0442223	5.31318
1.16686	0.351364	0.285698
0.670353	0.472505	1.32028
0.0531714	3.0549	0.388888
0.0631502	2.97393	0.389241
0.0329381	0.399275	4.19246
0.0112307	1.57365	2.40253
0.251204	0.411568	3.25398
0.0341422	0.398019	4.23286
0.12507	0.79124	2.54656
0.531097	1.25984	0.178253
0.00832151	0.65384	3.78537
0.0148274	1.47428	2.41113
0.0709193	2.96203	0.417636
0.00309086	3.69267	0.881314
0.816746	0.748932	0.286461
0.477652	1.31462	1.00048
0.345266	1.67462	0.62973
1.0715	0.0412061	2.36726
0.436408	0.730522	1.45143
0.424752	1.51834	0.847045
1.09499	0.44334	0.0106421
1.46552	0.144465	0.0100943
1.80778	0.0262403	0.22535
0.215985	1.23287	2.28376
1.60982	0.0577421	0.930314
0.828264	0.764463	0.0396578
0.102133	2.67554	0.716069
0.0131376	0.638576	3.86904
1.42442	0.144466	0.747243
0.0484773	0.29222	4.80096
0.687201	0.989472	0.170339
1.59477	0.0883534	0.528354
0.00370274	3.76637	0.144014
0.244012	0.462898	3.11809
0.0603808	1.97077	1.41633
0.267451	2.01482	0.393006
1.83517	0.0262493	0.0153789
1.10742	0.395268	0.840332
0.000691199	0.00107315	5.87805
0.0264333	3.39758	0.0197152
1.54141	0.123952	0.111026
0.452613	0.125983	3.51154
0.201941	2.18919	1.04802
0.0481206	2.07341	1.98737
0.662189	0.951368	1.14329
0.281496	0.0271893	3.91283
0.32779	0.926359	2.0568
0.505304	1.30756	0.896998
0.303194	0.334741	2.68537
0.0879961	1.88161	1.46757
0.000241988	0.000241989	6.00004
1.5588	0.0804288	1.19156
0.472053	1.37383	0.701813
0.0118783	0.641505	3.74425
0.13635	0.798636	2.41152
0.331638	1.74264	0.810231
1.57182	0.073022	0.65437
0.733752	0.874997	0.633346
0.581922	1.13638	0.440128
0.135199	0.150814	4.41481
1.07107	0.0659287	2.25327
1.2608	0.263002	0.831569
0.0128006	1.40075	2.55541
0.265907	0.399699	2.8481
0.0190067	3.38976	0.326351
0.772336	0.800428	0.716464
0.229234	2.05379	0.886585
0.647102	0.0312514	2.83301
1.93857	0.00194554	0.253849
1.6999	0.0516819	0.2333
0.00323222	0.28655	5.29919
0.294187	1.87271	0.585589
1.12829	0.373899	0.839503
0.301819	1.02073	1.59828
0.963475	0.533064	0.823242
0.0299787	0.533434	3.98393
1.3174	0.251522	0.0677542
0.00294274	3.72485	0.881773
0.23771	2.10118	0.0904095
1.3668	0.192748	0.210044
0.0329356	2.13909	2.32108
0.00669329	1.42869	3.06748
0.977782	0.0987618	2.13347
0.745949	0.846772	0.547826
0.6443	1.03996	0.265985
0.208269	2.17278	1.04946
0.937205	0.126872	2.01507
0.420789	1.5543	0.1654
0.626366	1.04614	0.750395
0.214804	0.509342	3.11432
0.701391	0.882375	1.06401
0.0415138	3.06355	1.13612
1.13048	0.380642	0.318961
0.723503	0.891673	0.633346
1.84875	0.00904453	0.536364
0.948818	0.595132	0.0482188
1.93738	0.00125644	0.259283
0.0955975	2.79783	0.0424193
0.0626757	0.0380544	4.84491
0.562855	1.13823	1.11479
0.0145044	2.32118	2.07501
0.0436581	0.450866	3.69201
0.261146	0.411367	2.60919
0.190157	0.554878	3.42407
0.113535	2.60516	0.756903
0.0952451	2.70908	0.409845
0.257135	0.42941	2.64254
0.0722862	0.00498492	5.19837
0.448276	0.1219	3.51968
0.0857475	2.8647	0.300113
0.405507	0.758962	1.75608
0.00645231	2.60441	1.62357
0.00254889	2.52919	2.02506
0.292081	1.85458	0.978852
0.00749047	1.35438	3.40274
0.757434	0.00619964	2.64154
0.716133	0.910146	0.159862
0.000136622	3.56773	4.7602
0.000142894	3.9915	0.00014034
1.99793	0.000191973	0.00019151
1.7759	0.000149466	4.92276
0.00331981	0.0111223	5.84742
0.00501292	3.72103	0.000140333
0.000619265	1.25586	5.64794
0.0131513	0.0671194	5.15502
1.9073	0.00329663	1.37922
0.668683	0.00385835	4.07158
0.0464029	3.15267	0.000997575
0.00804071	0.0916073	5.47634
0.0979519	2.74115	0.816299
0.611083	1.09048	0.424262
1.5901	0.0793127	0.487792
0.0415397	3.40247	0.0370844
0.0660611	0.0202299	5.01092
0.323115	0.989447	1.61017
1.96248	0.000940829	0.000229003
0.169978	0.629143	2.69653
0.21501	0.455292	3.42128
0.0285669	2.24579	1.32867
1.62511	0.0820688	0.0875135
0.00156526	3.87278	0.621922
0.514611	0.00084298	5.31108
0.0373446	0.0099012	5.74569
0.577996	1.14897	1.20326
1.50329	0.122137	0.612194
1.19619	0.000500386	4.67439
0.00268342	0.643655	3.7558
0.650675	0.00340727	4.55557
0.116933	0.206549	3.89806
0.239641	0.394211	3.56115
1.48182	0.1358	0.419543
1.45738	0.150955	0.589251
1.64785	0.0521013	0.539634
0.017418	1.2947	2.796
0.197905	0.517909	3.16644
0.981166	0.174623	1.46409
0.247395	1.11974	2.09266
0.189273	2.29448	0.138374
1.56501	0.101443	0.0375108
0.0010722	1.41574	3.80144
0.745816	0.284352	2.12387
0.00443206	3.78392	0.242457
0.49146	0.566124	2.38726
0.563386	0.486415	2.01889
1.72598	0.0383083	0.379617
0.40874	0.803301	1.28759
0.00592026	1.34943	3.24539
0.0479846	3.10146	0.213926
1.84378	0.0143795	0.326022
0.0274119	3.34802	0.346039
0.131776	2.51509	0.533125
0.337648	1.72585	1.10878
0.0652886	0.293654	4.19642
0.224055	0.0667431	4.60977
0.330957	0.31279	3.10373
0.486532	0.749928	1.52145
0.208439	2.20084	0.0678864
0.0121486	3.48382	0.339966
0.271215	0.04942	3.96624
0.879447	0.648872	0.79719
1.06872	0.463599	0.0106606
0.635427	1.02738	0.765156
0.015022	2.36958	1.82908
0.0338503	1.08664	3.51111
0.315075	1.81263	1.16423
1.16003	0.385786	0.00824222
1.40691	0.165542	1.01899
0.519063	1.23353	0.880163
1.11731	0.370505	0.940698
0.0517333	3.03015	0.880259
0.124953	0.252207	3.64691
1.90249	0.00188112	1.4637
0.107036	0.18945	4.2717
0.49552	0.586062	1.78661
0.317383	0.92908	1.99888
0.674975	0.0160037	3.34027
1.08896	0.0522116	1.87039
0.0619283	1.91534	2.30661
0.381772	1.60458	1.21402
0.471004	1.45518	0.238227
1.38694	0.172828	0.604191
0.0807746	1.77957	2.17206
0.156991	2.41363	1.02597
0.00242933	3.82084	0.000490237
1.8715	0.00700025	0.0476553
0.64521	0.00473602	4.71821
0.120281	0.88429	2.44886
1.18209	0.348047	0.146912
1.32961	0.225217	0.68312
1.53569	0.124125	0.0908019
0.905919	0.655983	0.666064
0.389534	0.337714	2.84604
0.957943	0.610696	0.144617
0.191297	0.532168	3.25292
0.460974	1.36646	1.19962
0.774345	0.0182465	2.58032
0.724623	0.301196	2.20619
0.280375	1.88191	0.789265
0.306657	1.05454	1.81823
0.76191	0.300448	1.66514
0.0807941	2.80101	0.97692
0.267821	1.95006	1.03835
0.161899	2.37295	0.956256
0.181221	0.598112	2.87252
1.30026	0.267625	0.0148388
0.788608	0.765819	0.924818
0.551178	1.17745	0.697558
0.547204	1.20054	0.725035
0.828846	0.752723	0.293679
0.00531285	2.57692	1.71297
0.245017	2.11285	0.0066592
0.262159	2.00038	0.435714
1.70312	0.0569402	0.00967677
0.300884	0.0199249	3.85007
1.81337	0.0136642	0.833475
0.0977634	0.845386	3.49334
0.419036	1.56698	0.00471339
0.144569	2.62674	0.215507
0.151408	1.50902	2.25255
1.13785	0.417021	0.0311416
0.401735	1.55817	1.09307
1.36914	0.184014	0.513401
0.113717	1.63029	2.16679
0.294188	1.83584	1.15207
1.43511	0.182768	0.126894
0.374038	0.249863	2.91541
0.444903	1.43544	1.07969
0.0191147	0.0786939	4.95561
1.32963	0.222566	0.594103
1.28685	0.235469	1.12846
0.109658	0.177021	4.35481
0.805667	0.786833	0.384102
1.26041	0.246259	0.717786
1.2168	0.0219577	1.75218
0.0671379	2.98067	0.0728233
1.09552	0.447167	0.0446021
0.0458233	0.00565854	5.81965
0.912416	0.607955	0.797897
0.809427	0.79051	0.270062
0.508508	0.00378753	5.38201
1.42308	0.171227	0.275897
0.257996	1.96411	1.23008
0.252825	0.0375328	4.36384
0.0107503	1.41645	2.73885
0.0546172	0.339397	4.19932
0.534408	0.531311	1.9337
0.110973	0.947773	2.41769
0.230155	0.489212	2.53345
0.256011	2.0596	0.656589
0.862146	0.662626	0.993111
0.00949208	3.62239	0.341313
0.783995	0.856113	0.0243304
0.0239923	2.16608	1.93089
0.128625	2.55312	0.934493
0.934636	0.146061	1.7586
0.430457	1.50116	0.397663
0.0435728	0.0431435	4.84034
0.241938	1.12482	2.21556
1.88969	0.00342954	0.899647
1.97611	0.000489439	0.00020128
0.0829644	2.90859	0.461134
0.505161	0.0042626	5.31409
0.00953998	3.63452	0.255979
0.507762	0.00187025	5.40401
1.82533	0.0298903	0.0900348
1.04689	0.455125	1.02515
0.000381939	3.49871	4.90232
0.684989	0.0176711	3.00366
0.0739039	2.87031	0.697403
0.256966	0.425426	3.33815
1.0156	0.468286	0.827535
0.175582	0.677998	2.48605
1.35542	0.00653737	1.20574
1.22984	0.322365	0.190776
0.0925678	0.24059	3.962
0.170369	2.46522	0.185407
0.219785	0.452347	3.14893
0.651298	0.998759	0.770875
0.698354	0.901889	1.21296
0.290174	1.89688	0.207279
0.41545	1.53606	0.63572
0.994929	0.538327	0.031925
1.2728	0.251083	0.464587
1.67508	0.0643224	0.0227533
0.0789124	2.93733	0.0629294
0.0498268	1.02602	2.95791
0.347352	1.74783	0.168475
0.000197562	0.000214574	5.98903
0.65053	0.000164342	5.40464
1.99608	0.000288395	0.000279672
0.000281995	3.99743	0.00028152
0.599245	1.14574	0.000279202
0.000197976	0.000197623	5.99785
1.60918	0.0748882	0.10454
0.260777	0.00765422	4.95676
0.525179	0.111781	3.04935
0.0549297	3.00531	1.11971
0.715348	0.857197	1.17547
0.334866	0.296953	2.69395
1.06036	0.0495482	2.23971
0.238038	0.0552292	3.84648
0.00404035	3.74682	0.31346
0.000614292	1.2064	5.9271
0.426936	1.55908	0.415412
0.703379	0.00459273	3.51104
0.00109552	3.90997	0.000582318
1.5595	0.0870485	0.907938
0.104751	2.6762	0.274672
0.493485	0.180378	2.60996
0.106066	0.193444	4.56632
0.687177	0.0180142	2.78659
0.0210087	3.41302	0.956062
0.00104487	3.68231	2.36589
1.6811	0.0379912	0.861107
1.04099	0.0662572	2.10631
0.344057	1.70701	0.96185
0.112726	0.837377	2.92524
0.969812	0.103971	1.60583
0.563684	0.504736	1.84402
0.181171	0.0643677	4.83077
0.921647	0.569206	1.06143
0.33467	0.311575	3.22874
0.0665338	2.88707	1.05174
0.460452	1.38033	1.01606
1.53322	0.0911688	0.760044
0.415223	1.54525	0.855074
0.0194209	3.38342	1.20392
1.09181	0.429599	1.11877
0.394418	0.756607	1.85772
1.75279	0.035323	0.363148
0.0657157	0.288432	4.25738
0.158633	2.40179	0.628152
0.16149	2.47664	0.426645
0.0249313	3.2632	1.27279
0.396424	0.831089	1.64634
0.0828229	2.83214	0.258545
0.171986	1.33116	1.98955
0.00304456	3.62384	1.43815
1.7748	0.0284565	0.159617
0.30485	0.952053	2.4097
1.11226	0.397066	0.706659
0.840655	0.685825	0.747453
0.419769	1.49109	0.80589
0.992437	0.520549	0.288673
0.117589	1.78197	1.32347
0.180426	2.33008	0.0849867
0.363802	1.62527	1.07835
0.520799	1.26374	0.299731
0.0128055	2.42724	2.07876
1.04359	0.0660848	2.10697
0.0388322	3.18754	0.633273
0.0925889	2.73222	0.750229
0.143965	0.65623	3.36175
1.07588	0.0547865	1.82366
0.0270028	3.30094	0.954811
0.368969	1.66096	0.155759
1.22692	0.0176911	1.33703
0.275524	0.0155496	4.68118
0.17844	0.0723024	4.63056
1.86098	0.00908083	0.0383294
0.0769751	0.247372	4.45286
0.0916619	0.274427	3.95093
0.448115	1.44039	0.60032
0.120641	0.18623	4.39032
0.576524	1.22108	0.400171
0.0126901	0.0383141	5.66432
0.0721193	1.86295	1.69507
0.327849	1.74233	0.767367
0.0889407	0.281102	3.72667
0.0866208	1.89158	1.56002
1.50544	0.109393	0.928078
1.90461	0.00574169	0.235273
0.629473	0.036573	3.16983
0.23168	2.13085	0.0875694
0.133111	0.228225	3.99156
0.321738	0.281604	3.25491
0.208904	2.20438	0.0845465
1.64408	0.0580269	0.701566
1.44142	0.167262	0.103887
1.34742	0.211055	0.385429
0.863786	0.781562	0.0454307
0.0155216	2.51688	1.42328
0.581463	1.10498	1.14171
1.42236	0.16841	0.484187
0.666444	0.93779	1.07006
0.165063	0.617127	3.47093
0.0170742	0.0472638	5.42815
0.899945	0.146665	1.92675
0.353742	0.349992	2.42126
1.24265	0.0220567	1.19773
0.119144	2.59831	0.520326
0.017298	0.0460803	5.3201
0.107884	2.63819	0.851879
1.40656	0.181129	0.509446
0.49694	0.596407	1.88307
0.745547	0.849551	0.469555
0.261068	0.495466	2.47819
0.987129	0.114051	1.4855
0.287087	1.84314	1.13969
0.469142	0.718801	1.42176
0.79425	0.79178	0.722649
0.753189	0.0251896	2.5639
0.37372	0.228178	3.31506
0.0312774	0.0896654	4.78076
1.71977	0.0368787	0.302175
0.120123	2.78316	0.196191
0.0235289	0.55	3.59563
0.190307	1.30318	1.58658
1.46301	0.12161	0.783256
1.13038	0.369449	0.993298
0.192167	2.25829	0.421179
0.230849	2.02172	1.19559
1.15049	0.0269262	2.29288
1.80475	0.0151854	0.42057
0.300991	1.80954	0.838201
0.52255	0.542413	2.01554
1.49146	0.137118	0.122884
0.214572	2.1726	0.682656
0.0634667	2.96901	0.307804
0.475885	0.629383	1.78295
0.0473123	2.01215	2.34039
0.00982024	0.62454	3.64871
1.83555	0.0117996	0.70974
0.0131438	2.44703	1.72902
0.0842011	2.74547	0.940267
1.18885	0.377549	0.0913372
0.0277143	1.16303	3.29756
1.47313	0.152175	0.318923
0.00295932	0.0808588	5.73148
0.0769256	2.79664	0.884046
0.937484	0.591473	0.669598
0.94747	0.118125	2.28593
0.509456	0.122589	3.35755
0.667029	0.0277102	2.84036
0.196732	2.17748	0.689678
0.276315	1.97931	0.266087
0.275501	1.90929	0.730516
0.0496427	2.08142	1.46795
1.81216	0.0137751	0.283837
1.17774	0.357237	0.371574
0.76397	0.0184874	2.52829
1.33386	0.206133	0.517515
1.38417	0.189446	0.366407
1.65329	0.051017	1.07274
0.899083	0.159476	1.51947
1.70678	0.0468267	0.00577139
0.019683	3.55567	0.0136458
1.91689	0.00883948	0.0756134
0.0913381	0.982458	2.42272
0.362745	0.2545	3.29179
0.0674168	1.94388	1.22076
0.469277	1.40774	0.31546
0.622994	1.07856	0.561164
1.04879	0.0853053	1.76
1.36452	0.199642	0.168758
1.19777	0.358606	0.0881793
0.0547788	3.14227	0.11626
0.781531	0.782134	0.738658
1.21811	0.274388	1.05428
0.0651472	2.93497	0.405085
0.896987	0.678533	0.348749
0.451072	1.45136	0.395323
0.188833	0.535244	3.05812
0.232176	0.0396344	4.13622
1.16023	0.356107	1.11415
1.26843	0.268307	0.654565
1.55736	0.0981419	0.582981
0.000131878	3.71937	2.63253
1.99684	0.000141787	0.0015701
1.99717	0.000141787	0.000883855
0.000256215	3.99823	0.000255985
1.92655	0.00284709	0.00013924
0.00386301	3.79546	0.0719987
1.66217	0.0402323	1.09314
0.00145035	2.45752	3.70708
1.33444	0.195744	0.875096
1.29249	0.00249119	2.36464
0.0152858	0.534286	4.49792
0.00945705	2.34762	2.58486
0.968256	0.111137	1.831
0.715538	0.0275909	2.98063
0.0174902	2.30271	1.34201
0.0674864	2.88901	0.865256
0.0171206	3.51081	0.13644
1.60051	0.0676794	0.562999
0.100742	1.65254	2.01747
1.63993	0.0580219	0.219663
1.06656	0.438796	0.520133
0.019619	3.42283	0.485022
0.00159194	3.87691	0.000635007
0.0550228	0.337078	4.7528
1.22811	0.00240914	2.79588
0.757256	0.00629242	2.64184
1.69841	0.0487167	0.38785
0.0731247	2.85034	0.865689
0.662295	0.0460855	2.73567
0.0163424	3.60546	0.153199
0.000658244	3.92603	0.000313362
0.992184	0.0950718	2.13366
0.000774319	1.34124	4.89189
0.0678686	0.247417	4.68112
0.285159	1.90038	0.264796
0.8249	0.744342	0.229098
0.314812	0.362474	2.87667
0.0491973	3.03449	0.815275
0.168202	1.37791	1.74495
0.0471934	3.0958	0.702283
0.546664	0.0589293	3.50407
0.0537829	1.04365	3.24469
0.114402	2.64243	0.17296
0.272197	1.94843	0.351683
0.240675	0.0309751	4.33855
1.4533	0.117335	1.17755
1.00959	0.481668	0.695717
1.81593	0.00895399	1.4533
0.0906682	2.76261	0.840754
1.24467	0.00929976	2.14807
0.0361243	0.507546	3.81115
0.956614	0.110245	2.20172
0.0731963	2.97127	0.0978802
1.48555	0.114352	0.521461
1.53258	0.119121	0.0381027
0.253738	1.99405	0.744926
1.74047	0.0337276	0.192858
1.20026	0.012667	2.10464
0.0647944	1.98727	1.26185
0.177536	0.551533	3.56595
1.15923	0.059217	1.2106
0.0954335	0.225168	4.26282
0.084823	2.77017	0.815484
1.05481	0.0742179	1.80465
0.363129	1.68067	0.338158
0.894544	0.145074	2.27115
1.562	0.0986949	0.430015
0.0193309	3.46881	0.13617
0.0435242	0.349276	4.5893
0.326742	1.75737	0.74484
0.475436	0.596538	2.19161
1.3934	0.167545	0.625529
0.702777	0.00857858	3.29168
0.339355	0.921685	1.91153
0.29135	1.84711	1.04057
0.0475803	2.08779	1.45612
0.580864	0.465766	2.15455
0.856821	0.18051	2.01015
0.357869	0.884054	1.68165
0.736073	0.94751	0.159168
0.266239	0.0507393	4.21272
0.0212848	2.22834	2.23446
0.0270783	1.39281	2.45194
0.776488	0.0146374	2.49874
0.295169	1.87132	0.539815
1.27973	0.316757	0.372677
1.13778	0.374456	0.378077
0.00211731	2.68654	1.43321
0.157512	2.53942	0.0162141
1.95492	0.00189932	0.0954089
0.00807491	3.68727	0.00337407
0.200992	0.489237	3.56664
1.86158	0.00343685	0.788069
0.121599	0.850343	2.8286
0.442268	1.41299	1.12854
0.130427	2.60141	0.180327
0.0334511	1.15625	3.06879
0.799312	0.772411	0.313214
0.00489015	3.73075	0.147632
0.786105	0.841601	0.00982808
0.327423	1.72591	0.9188
0.0269263	2.21388	1.36844
0.72998	0.871414	0.672098
0.403821	1.55617	0.502131
0.0897335	0.257528	3.99893
1.90019	0.0017714	0.611235
0.0506411	2.98762	1.05747
0.926322	0.63226	0.107728
1.77617	0.0234446	0.300094
0.026296	2.16891	1.71129
0.86842	0.67344	0.21629
1.50082	0.100632	0.958819
0.163995	2.41387	0.706813
0.0723142	1.8071	2.073
1.51849	0.122077	0.236771
1.17322	0.0261591	1.62737
0.395158	1.5958	0.338043
0.00552861	2.50679	1.40339
0.766108	0.266149	1.95563
0.43083	1.49875	0.50111
0.18416	1.32681	1.71272
0.500839	1.35856	0.00654466
0.0710847	0.280154	4.04271
0.0376898	2.04527	2.17542
0.243595	2.11102	0.140773
1.03452	0.0753695	1.56496
1.82428	0.0110821	0.786406
0.238397	0.405326	3.50399
0.0127057	3.63264	0.202958
0.896765	0.622007	1.0188
0.0964392	0.259787	3.90263
0.00464323	2.41177	2.7979
1.71987	0.0226556	0.996181
0.381802	0.788232	2.23713
1.58523	0.084572	0.617858
0.0999432	0.201042	4.59736
0.909616	0.605025	0.460155
0.523564	1.23542	0.823485
0.859716	0.686679	0.453996
1.7752	0.0227239	0.301101
0.0332297	2.04207	2.25482
0.0116712	1.25899	3.64711
1.28161	0.311568	0.370603
0.620125	1.10431	0.141081
0.0409996	0.33844	4.74199
0.434461	1.47198	0.470564
0.0360549	3.17982	0.736814
1.12578	0.366389	0.584229
0.331713	0.936731	1.91178
1.88501	0.00693815	0.0128196
0.446467	1.45138	0.284262
0.0313664	1.20245	3.07188
0.328308	0.963797	1.51681
0.437671	0.708621	2.37603
1.36785	0.205681	0.228483
0.303359	1.01103	1.49216
0.401246	1.59888	0.00106379
1.17871	0.0249265	1.62746
0.0328297	1.522	2.42059
0.258682	1.11798	1.70202
0.457394	1.45172	0.0827236
0.398313	0.0185432	3.64265
0.931384	0.605826	0.0843364
1.40431	0.153382	0.875329
0.318717	0.00954865	4.44136
1.4218	0.159717	0.674656
0.685549	0.324212	2.07056
0.00294583	2.56172	2.54053
0.117595	0.198766	4.16894
1.43957	0.138472	0.545272
0.313565	0.907413	2.36556
0.851199	0.000175762	2.43776
1.99955	0.000209591	0.000281865
0.000184291	3.85623	0.840361
0.000241177	0.000250411	5.98338
0.537198	1.27285	0.000209856
0.000921035	1.24434	5.42901
0.0018907	1.00394	5.63479
0.111029	2.6893	0.20003
0.0812577	2.80799	0.855675
0.0273897	0.0370654	5.72358
0.0544534	3.0088	1.18218
0.0835309	2.898	0.0592001
0.0207843	0.0957705	4.78672
1.81983	0.0123838	0.805622
0.450073	0.662909	1.88314
0.17923	0.0968143	4.01836
0.168358	0.739969	2.63285
0.00514686	2.48263	2.35172
1.57143	0.0910299	0.240177
1.09511	0.388227	1.11399
1.88274	0.0125595	0.0295958
0.230296	0.475029	2.98229
1.28693	0.233354	0.870842
1.60922	0.0813646	0.131382
1.24915	0.297567	0.0797862
0.658806	1.0552	0.206313
0.864249	0.192184	1.79635
0.180716	0.62627	2.52681
0.0211839	2.25325	1.91609
0.0127083	2.39926	1.63957
0.135435	2.53679	1.05508
0.0787468	0.233012	4.62071
0.276846	1.91957	0.591351
0.461821	0.763684	1.24255
0.603374	1.12635	1.02157
0.361956	1.64334	1.14127
0.687594	0.958282	0.483286
0.153951	2.60206	0.340861
0.313943	1.78784	0.526505
0.134346	0.158361	4.55898
0.349496	1.8325	0.0233406
0.00465368	1.47228	3.21416
0.186385	0.0989161	3.92378
1.64653	0.0529439	1.0317
0.0529455	2.01741	1.46466
0.32715	1.75712	0.554895
0.138422	1.4822	1.99493
0.162183	0.641411	2.91069
0.00288539	1.36369	4.10249
1.19361	0.29213	1.1841
0.00161654	1.33663	4.40936
0.820952	0.741141	1.0174
0.583213	1.1664	0.132085
0.0454086	0.0480712	5.30899
1.67899	0.0552025	0.0735248
0.084834	0.242963	4.2274
0.481375	1.41049	0.266508
1.15659	0.0413701	1.32186
1.1751	0.368292	0.229753
1.73294	0.0243526	0.708477
0.273758	0.0220761	4.33221
0.0647285	3.12705	0.050671
1.45868	0.149878	0.39264
0.216245	2.19034	0.36789
0.790966	0.820868	0.117464
0.172172	0.542799	3.55651
0.0136561	3.81411	0.0112289
0.389935	1.59254	0.614735
0.878154	0.695324	0.17998
0.924946	0.612761	0.291694
0.00433798	1.37721	3.78365
1.91432	0.00420314	0.124493
0.762143	0.00237404	2.68612
0.215131	2.06754	1.17084
0.323099	1.73393	1.13113
0.638928	1.03088	0.355761
0.724093	0.898536	0.65075
1.54642	0.0894627	0.738367
0.141878	2.44195	0.621167
1.0528	0.44619	0.565239
1.40036	0.167308	0.436273
0.156245	0.80675	2.50459
0.194252	0.0601583	4.83951
0.952032	0.138369	1.41843
0.00623176	0.583561	4.36781
1.37114	0.202931	0.260966
0.620904	0.0518699	2.74461
0.968888	0.523037	0.778183
0.475454	0.144184	3.25368
0.00435792	1.40456	3.47075
0.0764152	0.0118045	5.21937
0.40574	1.50428	0.923699
0.105503	0.253886	3.6429
0.345007	0.935199	1.63719
1.03351	0.442135	1.15136
0.890358	0.159039	2.13672
1.63218	0.0746667	0.0689752
0.781166	0.826569	0.113792
0.112204	0.726241	3.29898
0.241797	0.403269	3.46967
0.00446649	3.62716	1.26102
0.99408	0.0845839	2.22362
0.0239078	3.37282	1.08733
1.06843	0.0695799	1.57239
0.033214	3.3108	0.347334
1.01745	0.505294	0.593538
0.0224696	2.28148	1.65644
0.908633	0.175215	2.07866
0.217796	2.08777	1.07777
0.412269	0.198233	3.02248
0.0805584	2.83977	0.451444
0.0640917	1.97564	1.39882
0.0711392	3.05295	0.108414
0.0414433	2.11114	1.43496
0.294931	1.81745	0.842414
0.158001	0.607812	3.12192
0.000944769	3.95372	0.126827
1.79647	0.00918593	0.872989
1.11501	0.0481268	1.79026
0.122438	2.65135	0.0645575
0.423782	1.54095	0.182279
0.711078	0.92611	0.406974
0.381557	0.85897	1.35887
0.520952	0.11603	3.11431
0.763322	0.852586	0.318748
0.0817348	2.86115	0.290273
1.22926	0.268873	1.06176
0.0519628	1.01937	2.93101
0.00779446	3.66496	0.162732
0.30543	0.0287783	4.17209
1.12544	0.0440461	1.93767
0.00675801	0.646741	3.7243
0.000508686	0.00101648	5.8867
0.501537	0.606191	1.67214
1.34734	0.202291	0.876862
1.89585	0.00117134	1.44773
1.72372	0.0341045	0.921497
1.07044	0.0610377	1.93591
0.504783	1.32294	0.239014
0.064794	2.1102	1.27259
0.102941	0.228402	3.87428
0.963379	0.128778	1.51739
0.20117	0.102326	3.80804
0.434884	0.69747	2.1343
0.116345	1.65342	1.76433
0.451478	1.44611	0.605287
1.14314	0.357983	1.06525
0.281404	1.09138	1.59717
0.0350905	1.22324	3.37912
0.535981	1.2056	0.948546
0.916055	0.604168	0.682625
0.647515	0.0447766	2.79998
0.529456	1.25418	1.00105
0.16322	0.562626	3.41199
1.40724	0.178263	0.319694
0.571862	1.22859	0.0300217
0.258083	0.393093	3.44097
1.70195	0.0399306	0.90552
0.286611	1.07466	1.59639
0.0983856	0.219001	4.1233
1.30455	0.227245	1.06281
0.213527	0.503748	2.98016
0.0307703	1.20029	3.59122
0.436609	1.51025	0.112651
0.034453	0.0855762	4.90826
1.20554	0.319935	0.137583
0.752563	0.332935	1.32757
1.96314	0.00249771	0.13934
0.837903	0.716453	0.762854
0.270685	0.0242518	4.46897
0.0285848	3.31204	0.343134
0.0217957	0.537651	4.47269
0.34981	1.69667	0.34209
0.0590593	1.94051	1.61998
0.0894122	0.220469	4.61986
0.0569469	3.08155	0.186153
0.194792	0.560652	3.0757
1.3306	0.24343	0.084206
1.99657	0.00025404	0.000249002
0.000307895	3.98779	0.000299359
1.953	0.000209484	0.391181
0.000184291	3.85623	0.840361
0.0022192	0.00240005	5.91283
1.96829	0.000673486	0.00016706
1.50392	0.131375	0.128056
1.4311	0.161871	0.149691
0.285537	0.343492	3.4634
0.0990635	0.0164053	4.93715
0.0264296	1.39951	2.50403
0.000808156	0.567036	5.08968
1.56534	0.08717	0.906653
0.415569	1.47531	1.16773
1.18072	0.0291229	1.56898
0.003168	3.70523	0.776981
0.0658461	3.01691	0.200846
0.00191848	3.78077	0.763637
0.616784	0.0407734	3.30895
0.300821	0.00902313	4.63081
0.000298462	0.516157	5.64735
1.36486	0.203263	0.641926
0.0223569	3.36949	0.364515
1.22504	0.00588001	2.34589
0.054103	3.06466	0.715747
0.21153	1.21768	2.27282
0.173841	0.0768135	4.33924
0.22771	2.12391	0.383194
0.0213637	2.21817	2.20855
0.321961	1.78656	0.737253
1.6338	0.0643709	0.866375
0.311973	0.00714764	4.18404
1.0684	0.0531478	2.08162
0.0181696	3.48306	0.609441
1.71633	0.0338441	0.614853
0.230627	2.16106	0.038728
0.0913447	2.77672	0.341851
0.113897	0.0202602	4.84724
1.61995	0.0794245	0.0995622
0.885498	0.636847	0.530883
0.00135335	2.3911	3.53518
0.043719	0.0484551	5.15856
1.75919	0.0419896	0.0103307
0.0673873	2.93522	0.159125
1.80826	0.0254559	0.00588236
1.08441	0.465837	0.10945
1.81749	0.00805517	1.20684
0.0685237	0.385407	3.6413
0.103831	1.75971	1.81214
0.186585	1.29573	2.34278
0.000925808	3.90795	0.00670029
0.332522	0.901784	2.32918
0.0570975	2.04854	1.52209
0.137267	0.724086	3.09025
1.28803	0.246901	0.60619
1.86744	0.00745104	0.192377
1.84959	0.0107288	0.499757
1.05767	0.442074	0.554322
0.193863	0.561215	2.74436
0.905737	0.136233	2.00786
1.03148	0.0750839	1.58119
0.0847241	2.79851	0.364577
0.100134	2.68131	1.11835
0.567629	1.12187	1.06647
0.121132	0.153919	4.28367
0.0130809	1.33051	3.21554
0.719874	0.311038	1.67524
0.727091	0.887052	0.657616
0.0619909	0.981587	2.70728
1.14894	0.0253099	2.17365
1.11939	0.417768	0.219934
0.0301079	0.035127	5.52618
1.89293	0.00555205	0.498306
0.922576	0.618401	0.163314
0.960351	0.108016	2.22398
0.356629	0.954022	1.3817
1.16384	0.0267319	1.65359
0.698824	0.914998	0.468062
1.01429	0.0890042	1.57883
1.39911	0.161506	1.06982
0.258265	1.98025	0.955081
0.301104	1.821	1.01594
0.481482	1.3509	0.669578
0.820638	0.690301	1.26172
1.34189	0.199292	1.10107
1.76473	0.0381162	0.00833641
0.783549	0.233871	2.00842
0.13763	0.127577	4.53582
1.5823	0.080767	0.70478
0.0257743	3.42882	0.256569
1.27273	0.25237	0.414892
0.284715	1.85686	1.01865
0.0356184	3.27753	0.0959625
0.218118	0.477194	3.26549
0.439031	0.666638	2.12538
0.13975	1.68285	1.40702
0.00357362	0.518133	5.43249
0.365428	0.848028	1.60582
0.0109959	3.54305	0.501853
0.459812	0.64921	1.86825
0.168753	2.44112	0.0744512
0.0109269	2.85066	1.44496
0.134549	2.62851	0.0921329
0.940131	0.181941	1.32815
0.805713	0.76733	0.47599
0.0297942	1.33548	2.41228
0.4352	0.190053	2.63477
0.238597	0.480376	2.58312
0.665579	0.022187	2.97168
0.369339	1.65355	0.422378
0.276103	1.87099	1.23924
0.0200958	2.34655	1.29178
0.024329	1.23222	2.78531
0.258541	0.00564028	5.36906
0.0384065	3.12978	0.702504
0.00247056	2.47276	2.09557
0.28138	0.00404918	4.7363
0.300064	1.88726	0.689012
0.59038	0.0547155	2.60514
0.26453	0.00430242	5.2429
0.209724	0.166223	3.73231
0.106377	0.22654	4.02581
0.290167	1.06153	1.87346
0.397448	1.51765	1.20221
0.00373671	3.65156	0.941927
0.125753	1.64524	1.52282
0.0682467	0.291913	4.40807
0.0497297	3.14377	0.069359
0.107668	0.823729	2.91504
1.40967	0.163915	0.644615
0.145514	1.71067	1.27166
1.31905	0.245528	0.236384
0.645207	1.02643	0.509335
1.70296	0.0460558	0.00130383
0.960507	0.547508	0.617266
0.118099	1.72907	1.35949
0.16339	2.39006	0.443674
0.134092	2.58837	0.45343
1.66951	0.0532597	0.193223
0.981068	0.542522	0.403913
0.0188952	2.32364	1.47291
0.00368739	3.83082	0.00369816
0.0194262	1.36472	2.84177
0.00267408	2.5274	1.96458
0.166978	0.199456	3.6973
0.389114	1.56761	0.898662
1.92437	0.00272073	0.490498
0.00636405	0.640999	4.07795
0.993448	0.116706	1.36026
1.05004	0.0568284	1.99279
0.106413	0.272833	3.8914
0.54824	1.19102	0.984539
0.0430502	1.13096	3.15541
0.00555173	2.65624	1.71359
0.844045	0.737654	0.310309
0.615837	1.08292	0.813998
0.796875	0.854336	0.23303
0.554791	0.0645528	3.84084
0.677945	0.949301	0.95501
0.270691	0.405183	2.83621
0.381244	1.58155	0.924241
0.400373	1.61892	0.0518704
0.0413601	3.19858	0.337201
0.406081	1.55478	0.289775
0.00986606	1.58536	2.53311
1.31238	0.228939	0.69881
1.1335	0.0269974	1.99916
0.0825048	2.9148	0.167857
1.24976	0.261603	0.804666
0.0100961	3.56608	0.492665
0.490422	0.667453	1.52192
0.0173591	0.51178	4.76748
0.987303	0.102329	1.931
0.427239	0.743475	1.7726
1.66952	0.0532667	0.193118
0.344446	0.952729	1.4161
0.644578	1.02973	0.967788
0.0789542	2.89089	0.330211
0.626213	1.06767	0.339934
0.681046	1.05263	0.0385185
0.143006	0.738698	2.69422
0.825757	0.721035	0.824982
0.504731	1.27373	0.867861
0.000187118	0.540561	5.42964
0.00027148	3.98886	0.00026395
1.93229	0.000196621	0.722646
0.00110109	3.88396	0.000255968
0.0101351	2.41979	1.60166
0.0595741	0.0242603	5.17742
0.0163128	0.0589398	5.67498
0.044012	0.0157095	5.49713
0.0251454	2.28863	1.38736
0.228634	0.430434	3.26302
0.730018	0.920187	0.020988
0.0203638	3.33584	0.957211
1.56668	0.0734964	0.749626
1.71825	0.023695	1.06783
0.00589305	3.72331	0.441224
0.754891	0.82863	0.798384
1.10003	0.0584092	1.48879
0.249274	2.10356	0.36852
0.00532774	2.47813	1.86974
0.795764	0.750405	0.857048
0.532903	1.19988	0.922245
1.06217	0.0561847	2.37822
0.0803935	0.905158	3.11212
0.041774	0.387733	4.64778
1.22524	0.288026	0.971286
1.51591	0.0972439	0.963871
0.381948	0.795559	1.69065
0.0378746	0.0436956	5.01715
0.200451	0.596091	2.55765
0.000390492	3.90393	0.346942
0.0447727	3.26572	0.0564324
1.04115	0.0809076	2.12459
1.16015	0.0206392	2.1524
1.38218	0.194464	0.0990419
0.839667	0.0201222	2.43205
1.44411	0.162242	0.414294
0.0363186	3.20507	0.291784
0.447665	0.716666	1.72624
1.90914	0.00480119	1.02501
0.685613	0.956012	0.292911
0.838055	0.708324	0.648389
0.0843164	0.0272896	4.80036
0.00747135	3.62012	0.875061
0.585453	0.465093	2.26266
0.129398	2.5374	0.539417
0.0599897	1.05958	3.03809
0.0228881	3.47728	0.0421855
0.217727	2.21684	0.0111456
1.49395	0.124392	0.187032
0.561361	0.543548	1.48182
0.345704	0.0130429	3.87214
0.0743733	1.73584	2.31394
1.86575	0.0059176	0.725654
0.00719652	1.30014	3.52381
0.566633	1.16811	0.498926
0.298364	1.89361	0.157002
0.08582	0.241275	4.29556
0.0422942	3.10625	0.879611
0.0117197	3.54464	0.876532
0.033513	0.0568807	4.89581
0.115259	0.756657	3.10917
1.00306	0.144497	1.25575
0.00794735	0.603859	4.53571
0.0630116	2.89959	0.839956
1.68117	0.0460934	0.452278
1.76748	0.0162955	0.918128
0.496031	1.28453	1.13864
1.19897	0.0202425	2.36807
0.364388	0.883511	1.53376
1.13792	0.0464147	1.81458
0.238417	0.444733	2.97604
0.277144	1.00507	2.20366
0.052069	0.337861	4.45605
0.107257	0.189672	4.05782
1.34763	0.198342	0.463999
1.60071	0.0620704	1.04539
0.644973	0.972554	1.06737
0.0691389	2.95377	0.0980051
0.258563	0.403286	2.91212
0.0515391	3.04991	0.882688
1.89189	0.00219564	1.0674
1.32687	0.217443	0.257568
0.270627	0.355106	3.26655
0.0701428	0.00967793	4.93103
0.644609	0.0231525	3.42463
0.472219	1.34466	1.1835
0.012825	0.507883	4.12242
0.212069	0.0772582	3.9357
0.0117364	3.52574	1.10473
0.00349528	3.80335	0.219373
0.627202	0.0320858	2.96993
0.976329	0.582345	0.117941
1.42093	0.151479	0.732264
0.338345	0.316587	2.65565
0.179543	0.0662549	4.73925
1.63212	0.0545542	0.680156
0.614467	1.09216	0.579165
0.00465439	3.64377	0.733441
0.0937176	0.221061	4.24212
0.0106849	0.0627359	5.75626
0.00679906	0.111053	5.29933
0.212207	2.18822	0.144025
0.662415	0.037671	2.86298
0.141068	1.50413	1.60075
0.167848	0.134942	3.80503
1.7978	0.0110963	0.952066
0.867502	0.171199	1.78083
0.594223	0.471467	1.65781
0.0217996	3.43017	0.27483
0.0282206	3.40191	0.21759
0.0360581	2.06864	1.92409
1.74568	0.0269402	0.327033
1.61885	0.0651564	0.659432
0.00606533	1.52462	3.01849
0.0551722	2.03877	1.26198
0.844392	0.698135	1.10427
0.437732	1.44287	0.68139
0.465894	1.39008	0.689999
0.138626	0.151325	3.98661
0.161064	0.129587	4.02363
0.00544715	2.71076	1.29181
0.405149	1.59136	0.536591
0.377803	1.61016	0.464967
0.0811139	1.85379	1.2246
0.506251	1.35696	0.164875
1.81808	0.0119909	0.321547
0.140252	2.58481	0.108137
0.0127251	0.551714	4.69006
1.11625	0.0494454	1.94502
1.27878	0.282856	0.212178
0.101862	0.206135	4.38367
0.957813	0.527149	1.16641
1.04666	0.0769684	1.87914
0.706602	0.871776	0.964358
0.510175	1.2643	0.7955
0.0268634	2.26654	1.33271
0.882011	0.138542	2.35933
0.190022	0.070239	4.36899
0.196516	0.4844	3.56616
0.373456	1.5556	1.33579
0.168513	1.42214	2.00995
0.70743	0.333695	1.81366
1.47201	0.132544	0.679779
0.31634	0.340855	2.56192
0.0361752	3.24963	0.172791
0.394194	1.55726	0.576369
0.781619	0.232256	2.10901
0.263395	1.98446	0.655533
0.264507	0.36356	3.47186
0.235915	0.0731147	4.18402
0.217332	1.23884	1.44899
0.0938311	1.67483	1.9769
0.099544	1.79439	1.21435
0.300856	0.329399	3.33276
0.304261	1.86458	0.154653
1.271	0.0120565	1.83983
0.0457931	1.94841	2.09812
0.00713448	1.46099	2.58317
0.60437	1.14074	0.205503
0.19103	0.589669	2.83196
1.65877	0.0454712	0.941599
0.0068179	0.111031	5.29935
0.0960673	2.689	1.19676
0.32505	0.268055	3.36164
0.0834783	2.83974	0.417109
0.078744	0.00712888	5.01544
0.0867278	2.7291	0.990914
0.0731937	1.94749	1.36539
0.942907	0.574607	0.597778
0.003037	3.77453	0.287808
0.102557	2.64923	0.932137
0.90769	0.145454	1.83112
0.888023	0.634591	0.730788
0.12069	2.63308	1.05577
0.421532	0.838885	1.38022
0.099544	1.79439	1.21435
0.915174	0.643787	0.0891843
0.47311	0.652895	1.74969
1.75044	0.0202869	1.13411
0.422209	1.47989	0.836187
0.567651	1.14591	0.82231
0.0887575	2.79413	0.318099
0.624358	0.0386461	3.72376
0.855225	0.707232	0.634286
0.864093	0.180178	2.23433
0.928867	0.62928	0.0281128
0.363848	1.70694	0.0884991
0.000412517	3.99098	0.000407357
1.99836	0.000341819	0.00034124
0.000197976	0.000197623	5.99785
0.656955	0.00485234	4.46731
1.44767	0.15926	0.0858152
0.000577051	3.86628	0.656104
0.684522	0.95288	0.729905
1.50201	0.124685	0.166768
0.700003	0.900755	1.17494
0.738547	0.00335992	3.44364
0.0714167	0.231804	4.82825
1.33291	0.0106118	1.43473
0.219071	1.17978	2.24574
0.723171	0.00970471	3.0292
0.109025	1.6354	2.31058
1.91655	0.00053143	1.03732
0.254984	0.0170592	4.61743
0.0666746	3.04061	0.0359792
1.21117	0.0170029	1.87271
1.52099	0.0893971	0.913531
1.96454	0.00127261	0.000622917
0.0271008	2.113	2.18173
0.171026	0.109953	4.26092
1.70576	0.0532563	0.230912
0.197041	2.23929	0.794811
0.00203716	3.77232	0.343826
0.895978	0.661455	0.159029
0.00893561	1.45097	2.70896
0.064413	0.269791	4.54227
1.83206	0.0046321	1.27775
0.771235	0.843645	0.53962
1.14117	0.0406443	1.98059
0.0781716	2.95535	0.168136
1.00776	0.582229	0.263995
0.0112643	0.488529	5.05694
1.66504	0.055306	0.199215
0.867084	0.698215	0.69751
0.0181119	1.28207	3.07511
1.37452	0.163391	1.02856
0.23535	0.0236624	4.71867
0.466606	0.00548966	4.34969
0.0198496	3.54011	0.230986
0.0363095	3.31065	0.412089
1.18838	0.0301481	1.90584
0.274135	0.378545	3.15781
0.00587338	2.46731	1.76204
0.486072	0.120906	3.36606
0.105165	2.68163	0.608958
0.0797421	2.88076	0.459314
0.0579583	1.03308	2.593
0.0858549	2.81122	0.609562
0.107128	0.208085	4.12596
0.514909	1.26532	0.634678
0.0243964	1.20335	3.31731
0.102703	0.215982	3.9958
0.375888	0.864917	1.55297
0.354059	1.7165	0.881189
0.0707661	0.292466	4.06085
0.0535314	2.06639	1.84002
0.0970527	0.189107	4.73525
1.35713	0.177647	1.00855
1.43895	0.178275	0.371509
0.370427	0.840801	2.14133
0.28053	0.43918	2.75911
0.427075	1.50216	0.642195
0.637668	0.419597	1.99976
0.0618895	3.01191	0.341261
1.07709	0.0749623	1.33865
0.499328	1.29051	1.0855
0.073116	2.90015	0.32563
1.27733	0.0188712	1.42744
0.00662336	2.50717	1.48202
0.106155	2.61572	1.1109
1.73154	0.0336311	0.984705
0.182524	2.30796	0.514585
1.87017	0.00879187	0.442901
1.40398	0.166943	0.781353
1.10595	0.0657635	1.61302
0.00685573	3.62859	1.13598
0.542037	0.532577	1.69719
0.117412	0.935044	2.41613
1.59499	0.0634307	0.809139
0.262669	0.377316	3.48217
0.385573	0.789706	1.76367
1.75045	0.0234489	0.962412
0.362366	1.68802	0.854412
1.62894	0.0627225	0.712944
1.04835	0.478425	0.116195
0.782252	0.00175211	2.5057
0.122233	0.202119	3.81191
0.938212	0.610997	0.651858
0.553859	0.507974	2.42806
0.0318075	1.18635	2.66291
0.012599	2.41614	1.65689
0.0550146	0.427758	3.89687
1.25954	0.256494	0.807425
0.0956123	2.75574	0.742911
0.585068	1.12365	0.538865
0.47861	1.40181	0.168128
1.16572	0.0358521	2.06046
0.0219973	1.3147	2.86958
0.00268488	3.75976	0.176823
0.440221	0.150504	3.53851
1.67799	0.0589143	0.00506558
0.029656	3.38635	0.284886
1.03879	0.115769	1.37799
0.026349	1.44278	2.48357
0.31331	1.81363	0.423312
0.0439836	3.1103	1.1446
1.00232	0.503354	0.840977
1.29883	0.0161348	2.03577
0.841506	0.715305	1.06347
0.431945	0.224738	2.90897
0.134252	2.55515	0.190459
0.0366322	3.1818	0.795845
0.0599415	1.95724	1.70094
0.00138269	3.91557	0.292609
0.733145	0.00448061	3.25494
0.471105	1.34635	1.14516
0.0235381	3.3614	0.43399
0.181672	0.141937	3.59354
0.904107	0.641173	0.396126
0.462581	1.38128	1.08731
0.371524	0.255878	2.85287
0.0377842	3.26286	0.0297096
1.08909	0.407822	1.01796
0.0435651	3.1092	1.15422
1.23279	0.0307799	1.20517
1.62627	0.0634999	0.44462
0.803601	0.791452	0.467412
1.23659	0.287487	0.770337
0.314319	0.992847	1.60653
0.13616	1.58427	1.6348
0.829874	0.703856	1.11667
0.920359	0.654903	0.170401
0.64455	1.02492	0.274712
0.200564	0.108705	4.01264
1.30271	0.0116258	1.41587
0.00602436	2.40779	2.3816
0.184403	2.34427	0.306669
0.223551	0.460106	3.15373
1.54529	0.0854137	1.01138
0.588254	1.1393	0.148486
0.291778	0.0118697	4.95248
0.0155427	3.47221	0.674266
0.953312	0.5501	0.807576
0.405107	1.55055	0.752953
0.619301	1.09324	0.109123
0.56437	1.22818	0.181604
0.344713	1.74623	0.332654
0.0910236	2.79638	0.73661
0.983061	0.539674	0.462541
1.13089	0.0631442	1.39056
0.342769	0.424977	2.53049
0.435768	0.800929	1.2724
0.34975	0.24502	3.53672
1.55212	0.0799337	0.809281
0.115251	2.63552	1.09728
0.0261847	2.15588	2.07416
0.158444	0.595656	3.35696
0.324376	1.82608	0.0168836
0.0549295	2.0084	1.79855
0.974876	0.559867	0.387393
0.155677	0.123839	4.27158
0.00519925	0.00196301	5.84768
1.78266	0.0280809	0.413834
1.4172	0.167587	0.43177
0.591928	1.10968	0.712212
1.56787	0.102143	0.162997
0.00266607	3.69283	0.688199
0.284321	1.06502	1.60542
0.0772588	1.91833	1.52802
0.193092	2.34905	0.034716
1.99859	0.000187738	0.000186847
0.000308967	3.9957	0.000428436
0.000136622	3.56773	4.7602
0.000174676	0.000174685	5.99992
0.00326282	3.77796	0.000174641
0.0118638	3.50736	0.673625
0.0013871	3.85426	0.503343
0.000670274	1.03508	5.65395
0.0194467	3.38114	0.409885
0.0152695	1.35733	3.05859
1.34216	0.214137	0.874428
0.11159	2.7077	0.586421
0.000373256	3.96401	0.000412273
0.0929567	2.80915	0.489623
1.25164	0.270572	1.19774
0.00607862	0.124647	5.03798
1.97311	0.000342752	0.126844
0.163077	0.0997084	4.28662
0.482357	0.119103	3.20493
1.42004	0.145465	1.02775
0.0309521	1.10222	3.21245
1.0017	0.0866077	1.85467
0.146355	0.104668	4.4878
1.45452	0.154397	0.440267
0.0295002	3.2828	0.412405
0.0289456	0.0317284	5.46096
0.027301	0.0352663	5.36261
0.12352	0.164424	3.95063
0.110144	2.62769	1.13329
0.00120192	1.25168	5.18297
0.00108198	0.00447649	5.86672
0.022972	0.025141	5.75563
0.00578926	0.106296	5.28439
0.505656	1.31691	0.611083
1.78564	0.0124813	1.35123
0.951693	0.611147	0.233367
0.549206	0.536788	1.80296
0.657679	1.0023	0.224712
1.51563	0.0973989	0.75531
0.490984	0.579074	2.13679
0.68812	0.328617	1.97214
0.193425	0.0622553	4.68259
1.86615	0.0247018	0.0445808
1.74752	0.0231899	0.845347
0.00786038	1.51783	2.70296
0.523736	1.26809	0.398904
1.93819	0.00128143	0.110936
0.875251	0.694077	0.164431
0.314987	0.378869	2.7546
0.0498543	0.336366	4.57352
1.44785	0.140976	0.719245
0.507031	0.727127	1.27775
1.27585	0.233992	1.02956
0.119277	0.170147	4.0151
0.466856	0.119268	3.32548
0.0874214	2.90294	0.128556
1.37591	0.179072	0.782062
0.821853	0.756929	0.812371
1.54638	0.0812318	1.06202
1.07888	0.419379	1.14867
1.49229	0.101217	1.05968
0.666074	0.0185615	3.39723
0.846319	0.213481	1.32421
0.00932377	2.46034	1.99977
1.65174	0.0547455	0.847714
0.413212	1.55247	0.355558
0.18042	0.552546	3.00791
0.226646	2.08813	0.573968
0.0882433	1.68001	2.24397
0.0272647	1.25096	2.85067
0.135483	2.5285	0.340447
1.10865	0.423239	0.0332018
0.0998486	2.67828	0.819156
0.134847	0.129628	4.54852
0.00286744	3.75013	1.69203
0.369957	0.976128	1.23228
1.67843	0.056251	0.0797202
1.63137	0.0680133	0.697145
0.284329	1.89785	0.871684
0.167814	0.643818	2.51924
1.20064	0.31139	0.570161
0.342432	0.0252824	3.79009
0.000927291	3.72186	1.84446
1.01132	0.0854926	1.66906
0.773909	0.00582217	2.90703
1.03055	0.521207	0.0153259
0.260094	0.109842	3.71086
0.62321	0.0253375	3.59972
1.15633	0.0418616	1.46917
0.00461007	3.65099	0.78432
0.459156	1.3912	0.945528
0.120148	0.216529	3.85795
0.0459348	3.20259	0.0626582
0.0557425	0.00431094	5.54619
0.721177	0.30078	2.35649
0.188464	2.32876	0.0946959
0.00985731	2.43078	2.00177
0.0740993	1.94669	1.38621
0.359558	0.271492	2.95839
0.333875	1.73498	0.909768
0.793084	0.801857	0.370191
0.0243971	0.543999	3.64336
0.0369758	2.04451	1.95072
1.12968	0.0363871	1.64139
0.581027	1.13309	1.07185
0.00540817	2.5907	1.55807
0.0177927	2.28588	1.37029
0.48086	0.199291	2.65534
0.840089	0.681855	1.07434
1.07004	0.450865	0.298951
0.636472	0.0272019	3.5584
1.30751	0.00569289	1.85371
0.450568	1.37616	1.14197
0.398342	0.77523	1.8636
1.3023	0.261076	0.263456
0.069465	0.0112863	4.94486
0.015004	2.57124	1.20956
0.0198445	3.42664	0.10462
0.0374133	0.529424	4.06736
1.68957	0.0540364	0.0724757
0.0171762	0.469585	4.36973
1.38937	0.185032	0.371347
0.802947	0.811788	0.189121
0.33559	1.69623	1.74795
0.0287567	3.26315	0.88436
0.0237231	0.438628	4.86786
0.603983	0.0475999	2.62244
0.0171762	0.469585	4.36973
0.940408	0.600954	0.316318
0.0731607	1.77063	2.04796
0.479111	1.44815	0.0137343
0.493189	1.33041	1.09537
0.570098	1.188	0.326679
0.741289	0.265881	2.08826
0.239425	2.0005	1.0897
1.1716	0.037021	1.46884
0.024078	2.23965	1.62365
0.000595321	3.80543	1.11477
0.258979	0.372468	3.49077
0.900225	0.622137	0.799689
0.565275	1.15857	0.906587
0.0101413	3.55615	0.833515
0.554742	1.2013	0.706634
0.283305	0.00486238	5.19049
0.59638	1.15341	0.705824
0.927676	0.621138	0.245645
0.103067	1.64808	2.32284
0.310259	1.79657	1.04461
0.0603439	1.96621	1.3
0.317693	0.941586	1.92555
1.22733	0.0210122	1.46638
0.0245415	2.13614	2.43202
0.898564	0.155442	2.46753
0.00816727	3.68968	0.0158839
0.377705	0.840498	1.52738
0.00928186	3.61254	0.419669
0.146332	2.51233	0.0982817
0.0642401	0.280027	4.70209
1.59603	0.0904092	0.419678
0.0377887	0.427022	3.75042
0.0154796	1.26964	3.05287
0.149669	0.728558	2.58274
0.217043	2.18275	0.199369
0.928294	0.58926	0.741024
0.165678	2.38373	0.138897
0.409413	0.782555	1.57287
0.0773163	0.0101707	4.99586
0.111395	1.59248	2.16831
0.15238	0.630553	3.30332
0.0814642	2.86369	0.486401
0.74367	0.880778	0.553833
0.28734	0.348203	3.01022
0.218791	2.15787	0.583719
1.92116	0.00400916	0.825911
0.266087	0.464191	2.74575
0.885575	0.618141	1.15725
1.89672	0.00418351	0.77198
1.71329	0.0323289	1.02765
0.370162	1.62274	0.937435
0.167042	2.3793	0.780661
0.0465103	3.15193	0.0950027
0.611204	1.12126	0.292815
1.29077	0.233878	0.689414
0.0509681	3.05879	0.323494
0.234281	2.11584	0.199424
0.275249	1.02615	2.19048
0.0757603	0.912971	2.88607
0.673782	0.377154	1.48903
0.000225066	0.000225066	6.00019
0.000225066	0.000225066	6.00019
0.000496981	3.98397	0.000504233
1.99859	0.000187738	0.000186847
0.00304065	1.21146	5.18582
0.0255323	0.0540417	5.35424
1.7869	0.00214161	3.86506
0.846326	0.694514	0.650023
0.426095	0.0150275	3.96552
0.292675	0.971548	2.1164
0.00873094	2.37422	1.99222
0.277125	0.405145	3.27976
0.0904925	0.249541	4.24293
0.0580249	2.01072	1.24839
1.56689	0.0999296	0.546587
0.0997644	2.7545	0.194373
0.00463972	3.71392	0.552629
0.0464674	3.08506	0.866045
0.483614	0.593942	2.00682
0.898343	0.63317	0.664086
1.15404	0.054253	1.20844
0.469569	0.182837	3.1394
0.329827	0.268279	3.39907
0.0549276	3.00851	0.868746
0.142151	2.52957	0.443667
0.930837	0.1231	2.21257
0.00718889	3.77587	0.0459295
0.796409	0.746908	1.12798
0.0541569	0.0385934	4.79182
0.129514	2.61168	0.00521638
0.00157743	0.00202645	5.85275
0.0748472	2.82869	0.541966
0.666988	0.354243	1.92632
0.740776	0.0217454	2.41477
0.25013	0.413321	3.50133
0.0295553	2.28881	1.29105
0.0106966	3.60623	0.00784696
0.186265	0.656485	2.50421
0.0260017	0.0362642	5.75457
0.558575	0.0949512	2.61063
1.22103	0.287517	0.759758
0.00537678	1.30208	3.7158
0.271709	0.40526	2.96438
0.0800792	1.86329	1.33203
0.00828583	3.64283	0.0040589
1.09592	0.0358898	2.32338
0.0637518	1.93575	1.28856
0.0157339	2.34447	1.60379
0.163713	1.47094	1.36355
0.0289241	0.0625738	5.10528
1.63303	0.0510339	0.861537
0.139759	0.15077	4.36995
1.19119	0.303166	1.02181
1.69245	0.0405444	0.385998
1.24926	0.00769993	2.59331
0.00432381	1.29678	4.44968
0.0150039	1.29144	2.8838
0.222181	2.08571	0.979216
0.00823171	0.0995968	5.56229
0.108221	1.64585	1.45896
0.725665	0.88519	0.316631
1.42618	0.163663	0.506956
0.63196	1.0052	1.10141
0.640771	1.01951	0.530733
0.043084	3.13449	0.578498
0.0149708	2.44154	1.58413
0.0206974	3.41493	0.567948
1.60495	0.0744086	1.02268
0.352167	0.965069	1.23331
1.8712	0.00339166	2.18047
1.1365	0.422719	0.656216
0.589073	1.10843	1.09983
0.000346124	0.000484513	5.92557
1.32978	0.195227	0.904747
0.198796	0.574187	2.69706
0.377466	1.70304	0.0143724
0.0136426	1.45162	2.69386
1.08039	0.0568899	1.70611
0.967753	0.589192	0.2663
0.0827561	1.78216	1.65261
0.400799	1.54573	0.634297
0.135256	2.55099	0.147083
0.420611	1.58434	0.190499
1.01174	0.496633	0.826164
0.986863	0.532248	0.211858
1.89387	0.010069	0.0604242
1.71902	0.031235	1.02174
0.0328922	2.16553	2.34267
0.395169	1.6137	0.36387
0.0316432	2.23629	1.5417
0.510481	1.34669	0.863596
0.153295	0.100012	4.71466
0.153873	0.677538	2.96699
0.247214	2.03906	0.707661
0.226369	0.066719	3.90814
1.20313	0.341878	0.346079
0.404709	0.783295	1.41883
1.05013	0.0821124	1.61832
0.0850935	0.305318	4.17314
0.415298	0.222287	3.06539
0.0738193	1.81332	1.76988
0.914839	0.575222	1.18346
0.175008	2.46195	0.0201298
0.0162656	3.48589	0.86879
0.0287294	3.32903	0.000361648
0.21686	0.0530159	4.05882
0.0283174	2.18545	1.77166
0.155526	0.102864	4.54536
1.3627	0.1889	0.6559
0.820502	0.794148	0.211895
0.711631	0.913518	0.339985
0.0178772	1.2631	3.20194
1.03019	0.502513	0.0729867
0.31783	0.00706787	4.51532
1.29687	0.254714	0.0840106
0.423766	0.717079	1.73067
0.385862	0.0175421	3.656
0.0678359	2.89357	0.467996
0.0196441	1.23241	3.48937
0.00878922	1.40583	3.11199
0.017444	0.0397809	5.66701
0.642073	0.379842	1.92465
0.61634	1.07383	0.295463
1.5938	0.0793951	0.61872
1.33996	0.20471	0.717889
0.028086	3.19088	1.04468
0.498827	0.162306	2.41518
1.06535	0.0677153	1.48872
0.0380796	2.2287	1.44594
1.46317	0.125984	0.804021
0.0421539	2.10983	1.19349
1.49311	0.136445	0.110413
0.0228397	3.43412	0.0095528
0.155426	2.58765	0.10636
0.622011	0.445781	1.46727
0.343524	1.68396	0.799602
0.519453	0.109345	2.77414
0.778401	0.018436	2.57996
1.02073	0.484142	0.420475
0.758475	0.862782	0.198528
0.157896	1.43632	1.76419
0.141332	2.47568	0.568443
0.598745	1.08516	0.713652
1.26727	0.24112	0.969027
0.64628	0.00179666	5.50706
0.993388	0.129536	1.30947
0.219601	0.477678	3.04
1.924	0.00291506	0.773456
1.68267	0.0412956	0.589884
1.39394	0.170219	0.516463
1.66121	0.0509358	0.284713
0.112295	0.202465	4.37123
0.00770548	1.51759	2.72395
1.49515	0.10218	0.976003
0.115531	2.67253	0.0622384
0.477765	0.641207	1.73799
0.243728	2.15458	0.136415
1.92129	0.0031332	0.70465
0.0594495	2.96942	0.366472
0.102731	0.0147627	4.89301
0.32613	1.75276	0.619672
0.0331849	3.20959	0.795933
0.308452	0.0130329	4.02723
1.44782	0.173696	0.210959
0.572351	0.0969925	2.45286
0.234079	0.467455	2.84707
0.100947	2.66571	0.796009
0.0282226	3.26243	0.311394
0.288836	0.0193002	4.12163
1.39395	0.170219	0.51638
0.162211	1.50717	1.19974
0.23953	1.15344	1.68341
0.0955921	2.70378	0.677312
1.73447	0.029789	0.515609
1.85063	0.00705867	1.00668
0.238278	0.0660891	3.81485
0.0452676	3.16674	0.311468
1.30604	0.229799	0.636608
0.306549	0.318874	3.11294
0.0175887	0.157059	5.02894
0.0249387	2.19598	1.66542
0.0824567	2.932	0.327971
0.275362	0.373569	3.34721
0.0940233	2.70536	0.593283
