1.54311	0.000340594	3.69629
0.000223093	3.56017	4.79917
1.99946	0.000353049	0.000352652
1.01999	0.513811	0.000324763
0.0369093	3.22177	0.598499
1.43408	0.127235	1.1159
0.0376535	1.02763	3.54859
0.24567	2.07264	0.160861
0.361964	0.838684	2.30987
0.0321679	3.30656	0.482783
0.00544623	1.39003	3.06961
0.0189902	1.25418	2.91656
0.53568	0.0761996	3.21855
0.0399562	0.00917355	5.61409
1.32153	0.214753	0.528537
1.35906	0.223954	0.0543103
0.207404	2.14659	0.790946
1.11985	0.0349593	2.06647
0.2755	0.038662	4.3699
0.120834	1.5991	1.44617
1.13726	0.0300718	1.87149
0.0220183	0.549047	4.04327
1.2496	0.00664228	1.94102
0.00173545	1.84583	4.2935
0.094469	2.83888	0.0871974
0.0414211	3.15209	0.739831
0.496157	1.27637	1.01826
0.518936	1.24694	0.757883
1.2707	0.00825862	1.60214
1.82851	0.0171754	0.284345
0.0103083	0.11825	5.3057
0.0216256	0.0583054	5.04622
0.012209	3.58865	1.03094
1.46618	0.139148	0.761578
0.601456	1.11133	0.701028
0.044186	3.09965	0.966222
0.157293	2.37729	0.602269
0.0817268	0.237064	4.16875
0.15095	2.56207	0.324317
0.0118092	0.490427	4.62142
0.00614511	2.46096	1.76852
1.63802	0.0682413	0.342781
1.77293	0.0189048	0.948192
0.0785149	0.229263	4.53372
1.61455	0.0696494	0.584536
0.0733697	0.220676	4.68484
0.0874084	1.70777	2.33835
0.137934	2.4845	0.67732
0.120341	0.197068	3.93387
0.996678	0.0842548	2.23673
0.680126	0.043547	2.63523
0.64301	1.01112	0.450985
0.00103753	1.20675	5.91029
0.0203177	1.21537	3.32315
0.0230573	0.0509632	5.43058
0.0708838	0.314133	3.84395
1.6611	0.0395446	0.972076
1.87544	0.00563245	0.518191
0.236854	0.448868	3.41997
0.430499	0.719997	1.47946
0.67974	0.325066	2.12273
0.0758619	2.92407	0.543133
0.251025	0.401759	3.19245
0.942285	0.586643	0.256964
0.0766228	0.908487	3.11821
0.614618	1.07218	0.362028
0.976035	0.100047	1.94862
1.41524	0.152968	0.814246
0.0849284	2.87888	0.140901
0.786182	0.813221	0.184112
0.225781	0.436976	3.46913
0.154604	2.42237	0.701603
1.51558	0.0931449	1.07071
1.16246	0.0480367	1.20486
0.0501977	2.02559	1.37637
0.0724935	1.95073	1.22254
0.126752	0.18029	4.25043
0.379258	0.778988	2.21208
0.843349	0.00805576	2.5031
0.0246044	2.27745	1.54492
1.68503	0.0348713	1.15652
0.0756766	1.91024	1.26691
0.703562	0.953519	0.777362
0.398186	1.56277	0.938316
0.332123	0.277305	3.37309
0.583471	1.14359	0.254169
1.38422	0.202506	0.0514705
0.102762	1.7445	1.40126
0.105182	2.75445	0.513386
0.0900132	2.77077	0.536634
0.456146	1.3967	0.813589
0.200007	0.630734	2.42837
0.0128324	3.64478	0.00471957
0.76058	0.00540483	2.89705
0.012678	0.86612	3.8117
0.176448	0.65382	2.59849
1.96178	0.00109681	0.000352652
1.72746	0.0440764	0.0132293
1.09039	0.407128	1.07615
0.286519	1.03725	1.6346
0.1114	1.72284	1.31558
1.22923	0.032641	1.34471
0.03362	0.0815514	4.77903
0.91573	0.631935	0.262274
0.670043	1.01993	0.123234
0.00759299	1.52697	2.39494
1.29793	0.258494	0.187993
0.572673	1.1476	0.892139
0.0021652	3.69661	0.83483
0.697375	0.359083	1.36871
1.52925	0.105846	0.994233
0.864671	0.695316	0.453407
0.338684	0.267149	3.48658
0.0172174	3.52878	0.473777
0.0639265	2.97489	0.759017
0.296615	1.05145	1.47443
1.49861	0.113474	0.30762
0.0174549	3.43828	0.744285
0.0108462	0.616608	4.444
0.00116333	3.88366	0.236324
0.751015	0.886959	0.286291
1.14249	0.0367022	1.64634
0.306048	1.88062	0.320621
0.000823785	1.35213	4.91761
1.39361	0.18508	0.16502
1.56201	0.0940142	0.679873
0.626352	0.403486	2.02187
1.03263	0.457548	0.737814
0.649095	0.427278	1.5218
0.262413	0.0298628	4.48133
1.90288	0.0136497	0.110266
0.730044	0.0157102	2.72551
0.3446	0.287695	2.86592
0.298477	0.366993	2.80171
0.128251	0.152603	4.63072
0.995703	0.564834	0.0756295
0.403963	0.767845	1.99159
0.963847	0.536734	0.896556
0.00496803	1.63953	2.41737
0.411939	1.50878	0.53449
0.0319235	1.17677	2.70192
0.706655	0.947159	0.164285
0.389041	0.00983792	3.74542
0.0446425	1.17529	2.53955
1.79923	0.017873	0.609996
1.20996	0.0139341	2.18052
0.821209	0.79292	0.021986
0.851045	0.68533	0.72619
0.0514616	2.98039	1.15274
0.336142	1.81055	0.174691
0.322294	1.73812	0.900846
0.325319	0.947749	1.67567
0.0798418	0.285179	3.91773
1.0298	0.0812117	1.81239
0.719771	0.01916	2.89009
0.108244	2.6415	0.666594
0.420067	0.750803	1.71232
0.386374	0.816538	1.61458
0.124684	2.65394	0.131695
1.74876	0.0271134	0.661399
0.0238065	1.18308	3.32329
0.00709072	2.59609	1.19988
0.889217	0.682839	0.252814
0.196122	2.1941	0.615762
1.10358	0.0491569	1.80865
0.0725794	0.332764	3.69793
0.798471	0.733674	0.9755
0.0654784	3.01225	0.0163712
0.449648	1.479	0.335369
1.30322	0.00529107	1.33833
1.21231	0.00580645	2.78563
0.48785	1.32058	0.812333
0.00368553	3.86339	0.263889
0.174246	2.34448	0.549509
0.135823	2.47227	0.841331
0.000257955	0.000257402	5.99738
2.00022	0.000257052	0.000257052
0.000388667	0.000256968	5.95699
0.000318018	4.00032	0.000318023
0.25098	2.01355	0.54616
0.200948	2.23879	0.34702
0.00918333	3.62599	0.158816
0.00733205	3.72277	0.02172
0.490561	0.00339622	4.938
0.841853	0.71103	0.394414
0.515472	0.000298421	5.40448
1.22886	0.0240853	1.50956
0.0356183	2.09647	2.30925
0.172434	0.121136	3.94548
1.69146	0.051018	0.0865466
0.471525	1.35624	0.482902
0.888801	0.149727	2.16268
0.451816	0.675451	2.07969
1.36746	0.177053	0.98827
0.21816	0.469388	3.21761
0.28182	0.0144891	4.31488
0.0544684	1.9797	1.37908
0.0177442	1.43577	2.55488
1.0443	0.494384	0.448746
0.182199	2.29769	0.322547
0.16161	2.32791	0.782224
0.000852732	3.90585	0.000295217
1.49472	0.119066	0.531824
0.0661586	2.86356	1.09165
0.291902	1.9127	0.49964
0.685962	0.00267602	4.69145
0.0364738	3.23997	0.154924
0.000366108	3.85142	0.704375
0.193336	2.15946	1.16581
0.22924	1.23168	1.59483
0.0823254	2.80286	1.03686
1.26052	0.316858	0.177984
0.873502	0.15097	2.24645
1.1618	0.354323	0.373946
0.0150937	0.603391	4.00041
0.769783	0.0195144	2.44098
1.65966	0.0565711	0.687679
0.031261	1.19183	2.90388
1.32103	0.211872	1.15772
0.029379	3.30254	0.237903
0.139779	2.49661	0.560117
1.39719	0.167768	0.729591
0.741243	0.272155	2.01244
0.0124784	0.0600096	5.72779
0.0196581	0.612937	3.84491
0.658306	0.000257053	5.27007
0.658306	0.000257053	5.27007
0.00700715	2.54573	1.71901
0.378334	0.246201	2.61978
0.0864539	0.00803894	5.01766
0.0169522	3.4083	1.02721
0.0687183	1.02026	2.56486
0.324004	0.967499	1.69324
0.28536	0.0315869	3.81904
0.353643	1.73369	0.317439
0.665337	0.0273251	3.14177
0.80856	0.729665	0.806416
0.0600925	3.00335	0.638812
0.910399	0.592452	1.14684
1.71772	0.0439962	0.349081
0.308944	0.300677	3.51458
0.0853988	1.79596	1.65111
0.0642379	2.97053	0.158935
0.120842	2.5279	1.02373
0.150132	2.43738	0.898338
0.12903	0.732155	2.96837
0.628427	0.434427	2.02888
0.69806	0.381293	1.36178
0.000367042	3.97856	0.000495929
0.62624	1.09804	0.0610267
1.52454	0.119064	0.194287
0.752249	0.00353943	3.30384
1.46785	0.134726	0.686919
0.605787	0.435432	1.85532
0.369278	0.908022	1.39313
0.0808079	0.0112379	5.20385
0.340966	1.00628	1.24938
0.300133	1.84501	0.493048
1.16872	0.327055	1.09702
1.57515	0.0838653	0.679133
0.100551	1.60585	2.31086
1.91673	0.00171257	0.59564
0.014689	3.5103	0.153209
0.271924	1.06096	2.23996
1.35249	0.192011	0.947873
0.783656	0.789464	0.498564
0.10649	1.70313	1.40804
0.040803	3.18834	0.756699
0.322882	0.359494	2.39404
1.29112	0.277057	0.327406
0.00350133	3.77783	0.0333378
0.518058	1.29372	0.118129
0.0979121	0.202313	4.59246
1.11246	0.0595647	1.48368
0.00491317	1.53274	2.78887
0.15549	2.42537	0.296781
1.30169	0.00649192	1.30081
0.255169	0.0242721	4.84316
0.0252787	0.576778	3.71357
0.0647607	0.949447	3.44032
0.583659	1.15168	0.536114
0.208888	0.0598358	4.59695
1.34501	0.193621	1.19481
0.0517009	3.06735	0.219959
0.0126858	0.106981	5.47294
0.531391	0.000257134	5.58273
0.505218	1.33108	0.180996
1.08638	0.425456	0.429663
0.0669126	1.88335	1.81093
1.21646	0.284481	0.661124
0.491445	0.600144	1.76232
0.955687	0.541795	1.09613
0.999017	0.509072	0.385986
0.433996	1.45944	0.914726
0.134967	1.56417	1.45403
1.59084	0.076143	0.433069
0.0262567	3.33352	0.466037
0.0503167	0.00838038	5.57222
0.818245	0.751046	0.645008
1.01408	0.123182	1.20938
0.205665	0.481619	3.57891
0.00934603	0.126632	5.0536
0.0186829	0.0774596	5.11988
1.19642	0.0402128	1.32676
0.047163	3.12485	0.194421
0.004895	1.76411	2.74367
1.18283	0.0223574	2.05678
0.0752879	2.9275	0.102297
1.13237	0.0457991	1.36234
1.06781	0.44456	0.15121
0.100733	1.67804	1.90141
0.00156138	3.7876	0.705127
0.301986	0.961313	2.23354
0.0110096	2.37523	2.12728
0.555685	1.22186	0.258679
0.388639	0.843839	1.78431
0.943062	0.635985	0.0238777
0.0425944	3.11874	0.752298
0.0506846	1.08684	2.82594
0.314997	0.934237	2.24996
0.981446	0.091085	2.32801
0.0543713	3.04623	0.463605
0.00456558	2.75637	1.22146
0.374751	0.24406	2.87942
0.74356	0.00330799	3.47591
0.542563	0.535649	2.33046
1.62593	0.112042	0.0299548
0.0160829	3.566	0.0615757
0.112826	2.72565	0.337436
1.26495	0.278346	0.315475
0.569995	0.562592	1.20727
0.00981626	0.171624	4.77778
0.714613	0.0414463	2.66604
0.443705	0.721089	1.8681
0.350497	0.228109	3.5361
0.190392	0.513858	3.38276
1.89199	0.00198014	0.829683
0.825001	0.826119	0.027345
1.95733	0.000256973	0.350237
0.0144482	0.556844	4.15101
0.561868	1.23373	0.0968625
0.731706	0.00950842	3.35728
0.544983	0.535607	2.2718
1.19986	0.334366	0.200498
0.711099	0.900936	0.638702
0.401577	0.739616	2.12685
1.74407	0.0375545	0.0104221
0.927397	0.651421	0.0254846
0.073355	2.91806	0.181142
0.116951	2.58458	0.620024
1.86455	0.0191263	0.19766
0.0172874	0.0378222	5.778
0.274957	0.0170332	4.11457
0.904768	0.645716	0.246321
0.00542736	0.629323	4.41123
0.155179	2.39867	0.660875
0.21502	2.11997	0.517234
0.291379	0.343502	3.39079
0.000506497	4.00003	0.000514738
0.000153058	0.000153218	5.9974
1.18683	0.345944	0.000210608
0.000153058	0.000153218	5.9974
0.111977	0.716258	3.54546
0.0723698	0.869865	3.66599
0.0578521	0.012694	5.46509
1.79725	0.0225755	0.0673593
1.34112	0.00522532	1.56188
0.228538	0.00601263	5.64566
0.038874	0.00984455	5.85416
0.0140752	3.40424	1.16473
0.0932488	2.7847	0.189434
0.980807	0.150143	1.27636
0.577587	1.14654	0.695206
1.5958	0.0934369	0.267205
0.0163091	2.41691	1.42727
1.64373	0.0535672	0.768289
1.46635	0.12012	0.744615
0.0158627	2.24667	2.34774
0.0242661	0.487905	4.31953
0.0180152	3.46733	0.517588
1.2238	0.0114404	1.67282
0.0393379	0.0292075	5.67586
1.29329	0.254886	0.784374
0.732828	0.0136181	2.53379
0.0851991	2.83366	0.555341
1.04231	0.0705918	1.53758
0.0634706	0.025118	5.10735
1.2586	0.306256	0.316405
0.00199505	3.79613	0.376177
1.50205	0.101204	0.89824
0.953139	0.109238	1.88274
0.329086	1.74153	0.922362
0.00235234	3.84352	0.0010471
0.0269	0.392991	4.63698
0.473462	0.65174	1.69384
1.05711	0.0669259	1.88504
1.38352	0.19088	0.40152
0.101328	2.70567	0.717583
0.605297	1.07823	0.573296
0.00601519	3.64552	0.376502
0.376266	1.62163	0.28929
0.912626	0.19021	1.76869
1.87724	0.00336026	0.520253
0.120125	1.58167	2.29389
0.053195	3.05635	0.342105
0.76632	0.858281	0.00278357
0.0202756	3.35931	0.335386
0.0142396	3.55616	0.0656782
1.82938	0.0196848	0.0621655
0.274771	0.0096798	4.51956
1.6594	0.0361416	1.09676
0.00560235	2.66333	1.33573
0.00146804	1.55877	2.61466
0.01969	1.19789	3.45222
0.131969	2.53101	0.656438
0.0234062	0.537472	4.1805
1.90342	0.00692586	0.176429
0.000864491	0.160163	4.8721
0.00434711	0.605923	4.67401
0.142954	1.50153	2.37962
0.0670089	0.344496	4.04107
0.267761	0.374571	3.29579
0.169472	1.44334	1.39093
0.317483	0.0256505	3.76606
1.5575	0.081314	0.60261
0.0542278	0.339351	4.73544
0.280717	0.464032	2.41987
0.070132	3.00162	0.250934
0.300752	1.85283	0.579416
0.0530531	1.99278	1.6189
1.01256	0.0862153	1.53842
0.0410499	3.25265	0.0380304
0.553839	1.16392	0.828683
0.358811	1.65361	1.12203
0.075798	2.93637	0.17633
0.13453	0.1508	4.12642
0.645747	1.06104	0.076774
0.794851	0.838873	0.0135341
1.08528	0.437799	0.410528
0.35193	0.287661	2.87859
0.124761	0.214151	3.88656
1.75426	0.0322727	0.114728
0.0439812	3.1497	0.976797
0.00239539	1.5451	2.70301
0.17486	2.33201	1.06267
0.0781188	2.8869	0.375163
0.166004	2.34276	0.668745
0.921716	0.18555	1.58614
1.17297	0.320756	1.05851
1.11146	0.383389	0.594984
0.640402	1.03869	0.540855
0.150016	0.164404	3.89209
0.00121612	3.91365	0.00075035
0.664768	0.0458271	3.08974
0.810181	0.768833	0.308661
0.721584	0.846454	1.01115
0.0654215	0.330215	4.32528
1.01789	0.0756212	1.92597
1.94563	0.00139013	0.177446
0.00907799	0.123674	5.42568
0.000761119	3.93083	0.00046925
0.361976	0.923445	1.19709
0.0174706	1.5099	2.52137
0.199276	2.13884	1.03974
0.886229	0.73488	0.0268512
1.85066	0.0115154	0.159373
0.00552033	3.66572	0.152344
0.450884	0.682701	1.81048
0.82719	0.785117	0.0250964
1.14853	0.0290468	1.6678
1.51059	0.107206	0.733231
0.169096	2.36164	0.43007
0.265642	0.017735	4.41852
0.591049	0.469631	1.66732
1.74084	0.0313325	1.09932
0.0302901	0.000460529	5.96901
0.0460951	0.032794	5.30825
0.0368741	2.03597	2.31563
0.0801331	2.96753	0.0200238
0.125024	0.745312	3.13243
0.415939	0.718736	2.06317
0.0452558	3.10038	1.04109
0.487002	0.128543	2.93896
0.227977	2.1068	0.777976
0.0525244	2.0677	1.20738
0.464635	0.715124	1.30062
0.000557909	0.000853952	5.8928
0.622379	1.02089	1.18672
0.777141	0.81026	0.397465
0.0595981	1.9008	2.14918
1.42045	0.161073	0.64313
0.383784	0.791459	2.24091
0.23805	0.51161	2.80533
0.0382432	3.29968	0.0113513
0.262037	0.0419901	3.9937
0.541412	1.22851	0.919083
1.09812	0.409925	0.942664
0.677865	0.0104483	3.38398
0.0347538	0.134505	5.03199
0.00518591	3.726	0.00110635
0.864676	0.673157	0.638594
0.0974323	0.23241	4.17707
0.0424382	0.0704195	4.96857
0.838771	0.695614	0.592374
0.189128	1.4175	1.21774
0.0632319	1.9647	1.61223
0.692688	0.955432	0.239726
1.39569	0.183182	0.117431
0.0721589	1.81728	1.96922
0.0730249	0.0122415	5.28443
0.48921	0.149141	2.85715
0.355926	1.69066	0.330277
0.193475	0.530647	3.0702
1.44242	0.136282	0.595689
0.354024	1.70306	0.446878
0.0832747	2.87546	0.247821
1.71608	0.0369057	0.406705
0.000506497	4.00002	0.000517528
0.145714	0.660837	3.28394
0.314898	1.78248	1.17665
0.618558	0.05221	2.74377
1.40439	0.156418	0.99702
0.0526486	0.965919	3.2307
1.53095	0.102603	0.469969
1.43486	0.169603	0.202046
0.0194732	1.41051	2.78625
0.902875	0.628352	0.776818
0.307789	1.89327	0.204582
0.893181	0.15681	2.0315
0.707433	0.9985	0.0187445
0.0147552	2.47956	1.19876
0.404536	0.80341	1.3548
0.0357322	3.2074	0.850279
0.11293	0.722617	3.40765
0.250305	0.451169	2.99491
0.0163091	2.41691	1.42727
0.286461	1.93405	0.401088
0.689084	0.0276376	3.18812
0.0498639	3.08664	0.849878
0.0346544	3.28912	0.793014
0.429438	0.723496	1.56139
1.24459	0.312798	0.274555
0.938727	0.132119	1.69268
0.000205184	3.99969	0.00020517
2.00016	0.00020261	0.00020261
0.622822	1.09998	0.000202309
1.99884	0.000202556	0.001576
0.000205184	3.99969	0.00020517
0.140453	1.60373	1.53347
0.00178852	0.523427	5.39539
1.97028	0.000630103	0.001576
0.794656	0.00384524	2.39634
0.345824	1.76072	0.116344
0.745399	0.858336	0.816213
0.000403723	1.25532	5.72504
0.01023	2.40454	1.72409
0.371803	1.69361	0.361278
1.00823	0.483959	0.867622
0.16583	1.46928	2.30185
0.0306477	3.17979	1.10355
0.0115603	3.45483	1.08264
0.327989	1.78912	0.349305
0.290322	1.85181	1.14276
0.112249	2.63637	1.17389
1.85335	0.0109464	0.967114
0.305335	0.00938987	4.16076
0.769314	0.250359	2.21305
0.87904	0.714557	0.0649621
0.00791456	0.169953	4.77633
0.32529	0.889695	2.34569
0.616042	0.000519009	5.82883
0.917853	0.175169	1.48853
0.380031	0.810429	1.86063
0.0561791	0.364291	4.01376
0.12067	0.247031	3.63043
1.37733	0.187518	0.533117
0.00502285	2.47778	2.50483
0.831504	0.2691	1.24975
0.155264	1.68003	1.236
0.0806654	2.87169	0.433864
1.29052	0.220348	1.13685
0.0259182	2.16454	2.15002
0.0042143	1.53833	2.95553
1.7865	0.0208025	0.991558
1.19151	0.025999	1.92411
0.245464	0.0853647	3.70621
0.000403677	1.22863	5.86706
0.894387	0.64631	0.612979
1.24653	0.291591	0.564102
1.03749	0.437263	1.13089
0.125463	2.57192	0.822319
0.151915	0.679871	3.30449
1.07445	0.0508427	2.05613
1.4787	0.1318	0.164229
1.13265	0.367234	0.851656
1.09565	0.417849	0.277678
0.437107	0.22994	2.67117
0.0484653	3.12473	0.462252
0.0349958	2.03044	2.17306
0.0347159	1.07571	3.81821
0.000779397	3.6468	3.45096
0.0970971	2.73648	0.859576
0.400617	0.793655	1.65255
1.89663	0.0109505	0.0143739
0.0954777	2.82262	0.214105
0.210788	0.458556	3.57122
0.737895	0.0110734	2.88998
0.00534186	0.166759	4.8959
1.62692	0.064275	0.413946
1.70454	0.0377822	0.485147
0.709994	0.934772	0.807699
0.0382267	2.19277	1.74048
1.44985	0.171586	0.0191948
0.0483323	3.09193	1.0885
0.449005	0.663943	1.98333
1.20889	0.329149	0.200595
0.225612	0.473432	2.81562
1.33617	0.194513	1.19379
0.0472787	0.0180983	5.57721
0.648996	1.03	0.6474
1.17067	0.368657	0.0799674
0.608099	1.10241	0.285011
0.770811	0.261	2.09192
0.474941	1.35593	1.05425
0.454741	0.692668	1.75343
1.56146	0.106544	0.144022
0.0159916	0.588738	3.89296
0.630112	0.00065842	5.65424
1.10959	0.384754	0.846561
0.177582	1.42522	2.38077
0.0162798	3.50684	0.779463
0.568498	0.611687	1.2872
1.04913	0.447707	0.638449
0.00525998	0.548248	5.00894
0.552894	0.0777718	3.14506
0.172141	0.628082	2.58328
0.217108	0.575304	2.43904
0.482507	0.136657	2.71743
1.35355	0.184717	1.13089
0.0318637	2.24259	1.41191
0.0606714	0.294464	4.43642
0.22719	2.10987	0.625445
0.339893	0.957505	1.38387
0.106526	2.70456	0.495028
0.0370717	3.24578	0.0517117
0.0042075	3.70446	1.17587
0.280039	0.0148561	4.34566
0.254968	0.0445799	3.9708
0.0645265	3.01516	0.711528
0.977088	0.119048	1.67564
0.687247	0.985851	0.0425213
1.668	0.0602571	0.00355559
1.42001	0.194924	0.0813716
0.244981	0.0276728	4.6264
0.700637	0.336304	1.99529
0.426571	0.738182	1.58232
0.0348767	1.07171	3.88346
0.000534594	1.34767	4.95967
0.107254	2.77703	0.100241
0.299243	0.355098	3.05573
0.987941	0.506375	1.1725
1.40302	0.178924	0.759228
0.939833	0.153617	1.32501
0.0282525	3.40181	0.0053546
0.0388593	2.32596	1.2116
0.200167	0.563027	2.78669
0.0540965	0.346364	4.2536
0.957725	0.123288	1.84089
0.416088	0.210045	3.3827
0.938094	0.145461	1.55838
1.58696	0.100811	0.0966465
1.17884	0.320717	1.05337
0.412419	0.775037	1.77285
0.659254	1.04074	0.475296
0.517085	1.27699	0.439001
0.856258	0.210214	2.26827
0.158286	2.3631	0.915107
1.5153	0.123337	0.20813
0.0416354	2.06635	1.36844
0.551914	1.14987	1.08274
0.856608	0.735049	0.048283
0.540025	1.19725	0.66403
0.183786	0.0811916	4.24087
0.132482	2.51198	1.17251
1.67872	0.0456741	0.575728
0.0305351	3.2521	0.418383
0.00298179	2.81425	1.79976
0.889332	0.176028	1.90682
0.149796	2.56922	0.126861
1.31223	0.00666858	1.69984
0.172958	0.635649	2.48221
0.503112	0.0983976	3.24047
0.724795	0.0222025	2.91009
0.449902	1.38735	1.11011
0.555847	1.18147	0.721688
0.270948	0.369298	3.24077
0.266553	0.0151383	4.66644
0.719597	0.392739	1.3442
0.00684302	2.54034	1.80892
0.112478	0.204961	4.35572
0.227921	0.0576745	4.40618
0.00871317	2.6903	1.23738
0.0791029	0.00704452	5.13578
0.219223	0.502898	3.00475
0.596371	0.0638336	2.53277
0.67851	0.979114	0.888307
0.403448	0.807332	1.60837
0.624825	0.00101183	5.63727
0.435703	0.771625	1.20569
0.506817	1.29737	0.412101
0.00125298	1.50826	2.96073
0.23879	2.07935	0.683937
0.000608834	3.6567	3.45081
0.960911	0.115259	2.07155
0.0924123	0.222719	4.00014
0.158391	1.48216	1.86594
0.692814	0.0110842	3.53146
0.423979	1.5221	0.869021
1.06963	0.467386	0.289028
0.00046762	3.95825	0.00035682
0.000204236	0.000204536	5.99872
0.0196931	3.44545	0.000354953
0.000204236	0.000204536	5.99872
0.000204236	0.000204536	5.99872
0.0374469	3.18143	0.842912
0.00840177	3.62012	0.0683571
1.37048	0.202903	0.495701
1.17888	0.00103404	4.93881
1.31821	0.00589377	1.19525
0.116036	0.193485	4.20837
1.43059	0.148089	1.18349
1.53459	0.0967174	1.01511
0.00620306	0.582918	4.65407
1.97235	0.000944299	0.000600058
1.28559	0.00931564	1.24586
1.92254	0.00714248	0.00638041
1.16383	0.00130235	5.11924
0.0524397	3.06668	0.566358
1.06795	0.0533375	1.92964
0.407577	1.52804	0.799225
1.85325	0.0142065	0.233131
0.431302	0.670137	2.34187
0.239904	0.0151447	5.0517
0.965967	0.101102	2.02456
0.694598	0.00653873	3.87493
0.0117767	3.51923	0.523376
0.940167	0.123979	1.88844
0.758108	0.81964	0.656727
0.0661206	1.92825	1.39866
0.0350286	0.513378	4.07763
1.7501	0.0359593	0.454844
1.57487	0.0886956	0.924137
0.789536	0.793862	1.0363
0.386503	1.67603	0.273262
0.33794	1.77375	0.36714
0.609684	0.445051	1.82532
1.47252	0.153555	0.244186
0.0494846	2.23939	1.21343
0.00651431	0.604307	4.30595
0.461754	0.708248	1.36263
0.494919	0.110396	3.46408
0.118496	2.60097	0.751529
0.216392	0.0708683	4.44007
0.0761354	2.90332	0.342422
0.00573462	3.72223	0.0712194
0.317617	0.922223	2.06962
0.0121927	0.0508315	5.61872
0.030868	3.35387	0.214019
1.69903	0.0602526	0.413668
0.0012052	3.82025	0.972063
1.00547	0.567477	0.0289724
0.654269	1.04156	0.119036
0.444868	0.720811	1.86656
0.00111491	3.76382	1.0273
0.00667071	1.46477	2.75657
0.178468	2.39988	0.388387
0.316859	1.73118	1.1529
1.82799	0.0125819	0.655375
0.567665	0.475405	2.28076
1.09656	0.0633008	1.49891
0.0433182	3.23433	0.305557
0.984	0.534514	0.475627
0.184189	1.4098	2.1696
0.276719	0.357523	3.25553
0.0442163	1.07457	3.33073
1.39569	0.161088	1.12208
1.59004	0.0717057	0.865461
0.349412	0.288786	3.11053
0.169708	1.35611	2.2338
0.0378478	2.05191	2.24692
0.154211	2.52621	0.0683261
0.0695471	2.8739	0.923771
0.0494732	2.01962	1.62167
0.096553	2.81415	0.17552
0.0823396	0.0169911	4.78181
0.380233	1.61451	0.664814
0.591092	1.10813	0.65106
0.719747	0.00819109	2.96445
0.070354	3.01195	0.048549
0.209367	1.38527	1.9318
0.0261134	3.30346	0.294288
1.79189	0.0248984	0.168567
1.50729	0.134451	0.423816
1.40423	0.164191	0.44852
1.72518	0.0317569	0.965687
0.00651633	2.56065	1.59459
1.03736	0.0609173	2.19323
0.3638	1.68928	1.06583
0.116098	0.226364	3.79568
0.80559	0.268443	1.67479
0.910154	0.138744	2.12758
0.291483	0.0114542	4.5828
1.14303	0.400998	0.0092359
1.26032	0.0149178	1.31936
0.139218	2.4854	0.429552
1.62776	0.0679275	0.697723
0.376448	0.843761	1.86238
0.0183947	3.51247	0.035306
0.864716	0.698945	0.496047
0.0766245	1.79999	2.10172
0.0531614	2.08006	1.26682
1.88553	0.0072771	1.10429
0.301952	0.309969	3.49813
0.88156	0.675648	0.304767
1.8981	0.00526946	0.099897
0.0977048	2.72285	0.696177
0.00637118	0.646237	4.00332
0.418259	1.49064	0.634159
1.47455	0.146317	0.0125167
1.68151	0.0566413	0.457258
0.121041	0.279843	3.67678
1.10123	0.0487724	1.74234
0.640527	1.02527	0.698527
1.22897	0.00918525	1.97673
0.734651	0.882692	0.343083
0.0577718	3.05441	0.00109837
0.0728869	2.98005	0.0985653
0.0509842	1.02493	3.76013
0.0365719	3.26629	0.385619
0.621285	0.0442053	3.55939
0.243352	0.422804	3.18328
0.90435	0.178873	1.54517
0.395283	0.768825	1.68961
0.00152943	0.00159897	5.94462
0.0249742	0.0328938	5.55561
0.849597	0.212305	1.99684
0.705407	0.0150956	3.0334
0.315426	1.87385	0.00728602
0.668334	0.967339	0.675738
0.343718	0.298138	3.19833
0.0900793	2.78217	0.697415
0.349187	1.70182	0.987157
0.261156	0.432285	2.83117
0.079568	0.321627	4.06861
0.676183	0.992782	0.380821
0.295926	0.355258	3.30996
1.80248	0.0131676	0.512991
0.313818	1.81564	1.0595
0.116473	0.153757	4.50618
0.00840771	1.42591	3.13814
0.325284	0.00614413	4.02092
0.272352	1.13117	1.40554
0.515225	0.0842561	3.58136
0.226149	2.10305	1.07896
1.02676	0.501867	0.313818
0.0168832	1.46973	2.60691
0.562009	1.15396	0.9013
0.24045	0.0614624	4.37061
0.000411607	2.69092	1.33499
0.0877001	0.33658	3.92665
0.889346	0.632846	0.93011
0.382779	1.60361	0.612547
0.979094	0.106148	1.63765
0.00155226	2.38204	4.5343
0.664688	0.998879	0.134644
0.253258	1.98715	1.09154
0.0051344	3.8621	0.160419
0.224341	2.19102	0.007602
0.149174	2.45898	0.980616
0.0184101	1.33476	3.26626
0.121106	1.54962	2.07106
1.23674	0.0281727	1.45841
0.722528	0.00654546	2.88615
1.19783	0.302415	1.01613
0.187728	1.44219	1.63736
0.234506	1.16621	1.5644
0.818967	0.781463	0.194347
0.0469299	1.97096	2.19326
0.046728	1.09183	2.70104
0.0100954	2.58105	1.29547
0.0301383	2.17611	1.78477
0.133589	0.759716	2.39357
1.51089	0.137575	0.416771
0.0264296	3.39577	0.00335086
0.00685576	0.00771973	5.85619
1.24686	0.00862747	1.76777
0.00510365	0.0119945	5.84891
0.568894	1.24333	0.130889
0.483693	1.32601	0.617825
0.745735	0.0167759	2.47135
0.838263	0.266964	1.54918
0.306934	1.8943	0.0261931
0.508903	1.25569	1.13985
0.000180399	3.65572	3.49487
1.69837	0.000187889	5.98323
2.00011	0.000311071	0.000314102
0.000800881	3.98373	0.000915741
0.542144	1.26228	0.000205522
0.013608	3.46658	0.638957
1.46973	0.145982	0.0306806
0.115444	1.63456	1.52688
1.52014	0.101185	0.955132
0.431816	1.54266	0.163342
1.13549	0.0520059	1.6612
0.391118	0.779466	2.29138
0.448626	0.173954	2.83789
0.98667	0.527672	0.933682
0.0416473	3.2015	0.333971
0.4223	0.688633	2.24477
0.0010521	3.82181	1.17718
0.320046	1.92094	0.0669472
0.0263183	0.0311359	5.73129
0.59312	0.0552112	2.76839
0.366672	1.73829	0.0992012
1.36907	0.216211	0.293844
0.0231487	3.3523	0.327743
0.337364	1.80744	0.0368177
1.09497	0.0513782	2.28278
1.72366	0.000234935	5.81808
0.258235	0.0543445	4.11007
0.916378	0.132819	1.95026
0.0168498	3.54748	0.103642
1.02247	0.499264	0.561738
0.167645	0.577746	3.14009
0.477265	1.34706	0.729716
1.84315	0.0118335	0.0513024
0.111374	1.61943	1.90214
0.0576434	2.99015	0.852014
1.63659	0.0690247	0.00292162
0.205542	1.47827	1.47133
0.0922904	2.8236	0.0762285
0.00358916	3.71757	0.356739
0.0176533	3.59452	0.0105942
0.208225	0.498396	3.33924
0.0650043	3.06667	0.129713
0.173271	2.38827	0.196273
1.32658	0.00433778	1.26695
1.2913	0.236821	0.565344
0.00675215	0.0181982	5.92744
1.72514	0.000231231	5.80302
0.878602	0.157212	2.02609
0.506421	0.731902	1.29623
0.822002	0.74135	0.799211
1.06136	0.43846	1.19651
0.310539	0.00699294	4.46621
0.0251056	0.0415259	5.56878
0.106882	2.69598	0.62916
0.0677546	2.86812	0.794449
0.155719	0.619679	3.11581
0.719455	0.383883	2.38097
1.24111	0.317973	0.0863355
0.376811	1.66317	0.515504
0.00629546	1.48805	2.92767
0.692804	0.951338	0.911956
0.838023	0.183746	2.10874
1.26868	0.280238	0.4917
0.178402	2.27314	0.874718
0.305714	1.84634	0.482459
0.0133149	2.47514	1.83219
0.14429	0.139479	4.24717
0.229216	1.28434	1.37255
0.800579	0.785783	0.501225
0.204101	0.0748879	4.49
1.05292	0.058534	1.75569
0.356715	0.255025	3.25427
0.015342	0.110571	4.96218
0.0616051	1.99475	1.34053
0.220352	0.0706624	4.019
0.00624253	1.49706	2.68997
0.0490354	2.20318	1.21339
0.116096	0.227328	3.95122
0.000274895	2.76316	1.1989
1.34169	0.22024	0.251888
0.0103344	0.48666	4.67433
1.81086	0.000679079	3.57402
1.66535	0.0546635	0.379418
1.27613	0.00734925	1.43467
0.110239	2.65361	1.00567
0.0319342	3.28016	0.330659
0.772553	0.848941	0.407511
0.0205663	0.0622481	5.44236
1.87437	0.000286518	2.23458
0.938504	0.15679	1.4028
0.892166	0.645634	0.449263
0.00311517	1.39084	3.65216
0.00342382	0.151466	5.08042
0.225692	2.09819	1.19112
1.95773	0.00104673	0.0476593
1.14111	0.449069	0.0445786
0.280341	1.07539	1.80002
0.0930863	0.922815	2.4411
0.0236944	0.0419902	5.16153
1.57608	0.0850163	0.373372
1.75818	0.000231231	5.32185
0.756304	0.822967	1.0184
1.9227	0.00344428	0.000560411
0.144101	2.50252	0.310735
1.43573	0.157135	0.483918
0.0328668	0.0264216	5.43848
0.037497	1.13859	2.97313
0.427327	0.685495	2.21653
0.961367	0.100492	2.0234
0.290159	1.93507	0.109019
1.20988	0.302425	0.664238
0.0865395	1.7069	2.47674
0.250604	0.0158679	4.73209
1.76803	0.0237817	1.14855
0.0836731	2.91724	0.0656373
1.18916	0.309029	0.579509
0.0161174	2.42636	1.32077
0.266824	0.37306	3.40897
0.849596	0.188572	1.86028
0.020148	1.23333	3.04396
0.384803	0.0254135	3.6402
0.237647	2.05054	1.10815
0.221699	0.479873	3.20018
0.187622	2.22954	0.646404
1.04096	0.0753249	2.06659
0.302585	0.340133	2.72116
0.495645	1.31595	0.706954
0.519362	0.539465	1.94491
0.58143	1.13156	0.593356
1.81148	0.00102931	3.56652
1.40704	0.180077	0.143012
1.54744	0.123157	0.252246
0.0383947	2.15455	1.22271
0.79235	0.763389	0.817517
0.240711	2.03773	1.10788
0.0159653	2.24258	1.98357
0.521577	0.0921761	3.00639
0.616481	1.0937	0.163702
0.724672	0.887151	0.455006
0.0767396	0.0224371	4.88352
0.0469968	3.13806	0.120678
0.262986	0.423477	2.54041
1.11587	0.396985	0.334736
0.106913	2.73839	0.0365114
0.251204	1.19309	1.28228
1.75818	0.000231231	5.32185
1.16981	0.0453944	1.28944
0.951238	0.562072	0.930407
0.246365	1.96844	1.10198
0.0442651	3.0938	0.594152
1.95722	0.00126067	0.0520474
0.456303	1.42892	0.67759
0.18582	2.31122	0.376043
0.456129	1.43174	0.568058
0.00901354	0.567709	4.85107
0.487113	1.30101	1.01755
0.185315	2.33736	0.316233
1.67847	0.0367103	0.943566
0.136268	0.670123	3.23578
0.560995	0.469522	2.14105
0.0472381	1.23718	2.61707
1.22421	0.324634	0.464866
0.0490093	0.0322953	5.22703
1.60699	0.0703176	0.873083
0.00485468	1.3399	4.61611
1.89201	0.00531659	0.0519743
0.630188	1.03313	0.723969
0.709606	0.0028148	4.00069
0.371237	1.68798	0.00429569
0.545404	1.25571	0.17317
0.642795	0.512589	1.24381
0.0309254	0.0425611	5.08406
0.116627	0.900791	2.65527
1.91382	0.00341738	0.0310641
0.127383	2.63112	0.35958
0.142348	0.764825	2.39726
0.0531377	0.016979	4.95648
0.202587	0.501123	3.11448
0.000205184	3.99969	0.00020517
1.99841	0.000409184	0.000413273
1.72699	0.000243604	5.77009
0.00303437	2.80456	2.06237
0.313547	0.932687	2.01603
1.50025	0.133928	0.0340269
0.107849	2.6841	0.690125
1.5513	0.105628	0.00251184
1.29792	0.255126	0.000323503
0.827016	0.715571	0.719558
1.46043	0.119663	0.855235
0.498515	1.34395	0.203922
0.363546	0.845037	2.2169
0.266554	0.438052	2.57946
0.0154637	2.38506	2.32066
0.0112999	0.520509	4.38043
1.11981	0.377413	0.513888
1.00556	0.50414	0.619916
0.127413	1.57243	1.82634
0.0641199	1.02924	2.69766
0.239736	2.11545	0.110517
1.68155	0.0405949	0.489681
0.886834	0.615834	0.813204
0.858379	0.197832	1.80608
0.120705	2.60087	0.733834
0.278181	0.345729	3.33538
0.526625	0.0849394	3.28959
0.920582	0.183549	1.28745
1.07878	0.0683651	1.32896
1.88632	0.00482998	0.542618
0.057277	1.97478	1.45143
0.202035	0.0883757	3.96972
0.137057	2.5051	0.788523
0.00308108	3.88707	0.00225848
0.00177758	3.6239	3.44633
1.03626	0.0735128	1.77181
1.57576	0.0816363	0.285959
0.26114	0.0214704	4.55734
0.0139794	2.43809	1.5246
1.18479	0.333326	0.37003
0.8032	0.747979	0.758711
0.0601033	2.97706	1.1174
0.975804	0.508088	1.18154
0.000223093	3.56017	4.79917
0.117518	2.6459	0.068951
1.35365	0.209297	0.274417
0.151288	0.642338	3.22443
0.00085171	3.71015	2.02377
0.0622609	3.02199	0.355174
0.000534014	3.94948	0.000798023
0.000788269	3.75593	1.40102
0.683166	0.00157862	4.23589
0.139067	2.54566	0.240151
1.7025	0.0508736	0.228357
0.540731	1.26805	0.189082
0.782743	0.00637074	2.81065
0.0198517	0.529603	4.31346
0.0540182	3.163	0.0347313
1.60412	0.0846624	0.0516249
0.420669	0.76994	1.70753
0.00271094	2.84179	2.11746
0.0506032	3.08239	0.589564
0.399464	1.53945	1.17635
0.248855	2.03139	0.611786
1.8485	0.00791222	0.631734
0.0245208	0.494626	3.90679
0.334486	1.70476	0.952915
0.0639039	0.317894	4.05997
0.476739	1.37021	0.61166
0.761849	0.873318	0.0429772
1.43786	0.145017	0.74826
0.963078	0.548065	0.319956
0.042027	3.21085	0.690279
1.24474	0.249996	0.922869
0.00252764	3.82686	0.044434
0.596943	0.0581328	3.09112
1.80796	0.00280093	3.46632
0.663799	0.975719	1.04985
1.78321	0.0183236	0.459899
0.0402623	0.0244948	5.37701
1.86886	0.00245036	1.01566
0.188747	0.579811	2.50476
1.82424	0.00992969	0.523844
0.0534269	0.0277618	5.13438
0.725391	0.962683	0.0902729
0.139838	0.688146	3.56774
0.160715	0.69284	2.89231
0.22917	2.19504	0.021669
1.14747	0.361349	0.323209
0.0517512	0.0288221	5.30817
0.0753653	1.9296	1.23286
0.0910087	0.242444	4.25173
0.340879	1.68063	1.08381
0.0698785	2.94395	0.539263
0.165328	1.62246	1.37018
0.0512322	3.11538	0.35466
0.408139	1.52436	0.97854
1.21774	0.0139378	2.13261
0.0818182	0.329283	3.77938
0.558195	1.23357	0.263832
0.20519	2.22536	0.188283
1.93821	0.00109613	0.154109
0.64028	0.00229093	5.48205
0.00834872	3.64364	0.000379198
0.486978	1.40023	0.0759257
0.305491	0.403951	2.44427
0.461142	1.43063	0.686425
0.0262186	3.28728	0.765362
0.0608188	0.995305	3.05391
1.36164	0.205013	0.275013
0.0348877	3.24402	0.79172
0.394669	0.917698	1.22546
0.256698	0.412485	3.15541
1.38987	0.18255	0.272282
0.220568	0.0990987	3.69607
0.741633	0.00858279	3.51811
1.65389	0.0505995	0.655763
0.173196	2.30275	0.379784
0.148059	0.155994	4.16167
0.575149	1.14377	0.85957
0.127413	1.57243	1.82634
1.1975	0.313741	1.05911
0.0912406	2.87882	0.0324182
0.0373105	2.26905	1.2222
0.405556	0.265318	2.54642
0.235266	0.461323	2.98067
0.00906326	0.0963569	5.21698
0.234236	1.19663	1.6168
0.921383	0.160004	1.73499
0.0480741	0.0329718	4.96966
0.275125	1.06949	1.62654
0.00774908	2.45583	1.5742
0.144306	1.47359	2.16951
0.149583	0.655185	2.9454
0.14801	1.56239	1.67222
0.243318	0.465461	2.72573
0.0714233	0.0125557	4.99711
1.14072	0.34148	1.0174
0.443324	1.44782	0.706591
0.940352	0.636216	0.120861
0.0156522	0.501874	4.73389
0.0786227	0.276968	4.48735
1.96536	0.000424215	0.236363
0.590501	1.17198	0.265363
0.706081	0.00580227	4.13742
0.0179989	3.60643	0.00790016
0.868967	0.743052	0.0382605
0.190311	2.32392	0.00508843
0.737234	0.00724729	3.59692
0.607404	1.1147	0.11438
0.251909	0.0350815	4.63762
0.0372312	0.0255036	5.44423
1.26872	0.260015	0.519789
0.53584	1.29274	0.213028
0.468414	0.18524	2.41686
1.44727	0.13065	0.802529
0.0127388	0.825358	3.7301
0.349045	1.7069	0.892348
0.104708	0.214225	4.09022
0.938682	0.589261	0.717893
0.0985662	1.72117	1.38523
0.168712	2.41301	0.0542334
0.0735721	1.84717	1.58441
1.655	0.0508098	0.635889
0.253926	2.02392	0.614158
0.0327812	2.14975	1.64934
0.0384173	0.0196328	5.61526
0.245008	0.0288571	4.65239
0.0438422	0.0343636	4.86334
0.528828	1.2275	1.07184
1.74749	0.0342914	0.0328531
0.209152	2.13297	0.912352
0.0790362	1.80418	1.56548
1.27353	0.0179371	1.32523
0.122446	0.275023	3.63298
1.04234	0.455416	0.987813
1.05939	0.448219	0.433616
0.376146	0.895724	1.57742
0.247328	0.0675177	3.8448
0.0410847	0.555679	3.75114
0.626567	0.0272798	3.49665
0.321113	1.81297	0.32328
0.0570183	0.0123295	5.63782
0.0350075	1.14715	3.16914
0.0304648	3.28347	0.770517
0.0672034	1.88664	1.62541
1.9221	0.0031003	0.139499
0.000174048	0.517058	5.66203
0.000219717	3.99947	0.000230021
1.99991	0.000346106	0.000348589
1.43601	0.000184092	1.4742
0.000311195	0.000307202	5.98553
0.00512087	3.71869	0.000166375
0.319067	0.00375512	4.10662
0.141621	0.127225	4.23254
0.0471611	0.388067	4.58448
0.000751146	3.88013	0.2063
0.303306	1.84266	0.767811
0.0854594	1.77083	1.79621
0.0452464	3.15768	0.638714
1.83621	0.0122675	0.368426
0.000174048	0.540736	5.45654
0.684782	0.993923	0.181492
0.10316	2.79422	0.257867
0.00178836	0.508099	5.51912
0.000180399	3.65572	3.49487
1.45871	0.153885	0.0239558
0.00276399	0.614017	4.35683
0.0428089	3.10116	1.12417
1.23893	0.00320924	3.3689
0.938825	0.549574	1.15133
1.21841	0.296506	0.688295
1.8007	0.0116462	0.794517
0.758295	0.270051	1.78213
0.188157	1.33581	2.11938
0.380134	0.827608	1.74088
0.733195	0.879257	0.868472
1.17332	0.346525	0.421514
0.601842	0.102352	2.7034
0.0221317	3.45675	0.557487
0.000240135	2.36568	4.97862
0.457526	1.4346	0.211918
0.000820477	2.6334	1.87129
0.04362	3.23173	0.135616
0.372404	0.28207	2.62141
0.420967	0.763354	1.32633
0.150549	0.102522	4.49927
1.26158	0.00389378	2.04822
1.71708	0.0554687	0.140398
0.00353964	1.72603	2.50316
0.468374	0.694733	1.36621
0.231799	0.444011	3.05198
0.0939597	0.889344	2.75634
1.87058	0.0117141	0.589246
0.00736111	3.5756	1.05751
0.020306	3.39362	0.777933
0.273858	1.88617	0.990663
0.967812	0.542994	0.762402
0.000835772	0.522163	5.62698
0.13341	0.169975	4.02954
0.0762952	2.93505	0.0148893
0.428628	0.159074	3.28201
0.950472	0.584528	0.948418
0.399948	0.930256	1.35268
0.352305	1.67423	0.748142
0.00907346	2.47742	1.25272
0.00186828	3.81272	0.063568
1.41331	0.180321	0.00330186
0.0480912	1.09441	2.82884
0.207299	2.19773	0.517936
0.903413	0.129484	2.37594
0.0495327	0.0552635	4.82773
0.0121092	3.52781	1.0323
0.491365	0.649074	1.5376
0.128863	2.58792	0.409113
1.49204	0.130987	0.393501
0.0291835	1.11794	3.52285
0.0962578	2.72754	0.918174
0.535792	0.0679815	3.26072
0.0604778	2.97687	0.370053
0.232107	2.05547	1.09543
0.00881502	0.0972732	5.08721
0.00300618	0.568744	5.20775
1.77849	0.0149287	0.794476
0.0141277	0.481562	4.7095
1.08087	0.46875	0.0406756
0.157685	1.53643	1.43352
0.566065	1.22347	0.267072
0.134424	2.53925	0.419293
0.062654	1.93398	1.43512
0.264397	0.00262394	5.32008
1.0595	0.0501964	2.21078
0.577959	1.10743	0.822888
0.994184	0.09811	2.1559
0.0456203	0.388112	3.9211
0.0890507	2.84924	0.00548164
0.00379153	1.41508	3.58529
0.0684351	0.342989	3.97825
0.0154097	2.39375	2.32889
0.610282	1.14682	0.0316843
0.264397	0.00262394	5.32008
0.108305	0.185063	4.33537
0.216731	2.19831	0.0885217
1.05458	0.479955	0.032576
0.181515	2.31803	0.300449
1.28286	0.249764	0.473805
0.871417	0.640184	1.15398
0.527913	1.25496	0.474739
0.288099	1.01428	2.25234
0.0928258	0.19237	4.74594
0.120717	0.232898	3.84272
0.0684216	2.87298	1.18429
1.59662	0.0746215	0.219944
0.672752	1.01	0.246193
0.0119422	0.0882959	5.11458
1.62492	0.0704059	0.375248
0.497407	1.30847	0.529718
1.12576	0.407818	0.426524
0.343548	0.321268	2.57606
1.02024	0.496884	0.420846
0.77244	0.261589	1.90726
0.817556	0.23362	1.83997
0.191715	2.25102	0.611626
0.100979	1.69991	2.29563
1.15468	0.0245334	1.97149
1.38797	0.17026	0.387392
0.00760854	3.60989	0.934483
0.24999	0.445751	3.03877
0.00360672	0.469678	5.8064
0.104905	2.66782	1.13917
0.0510474	3.02592	0.782924
0.391082	0.841819	1.47514
1.67716	0.0399874	0.611987
0.171313	2.30175	0.737813
0.0164938	3.43671	0.776745
0.853521	0.711697	0.306471
1.57035	0.0779047	0.806595
0.394297	1.6399	0.0896051
0.540503	1.18578	0.985748
1.31768	0.216022	0.387471
0.12627	1.55783	2.06288
0.136181	0.177163	3.76053
0.0085236	0.118711	4.88352
0.21409	2.1518	0.669473
0.893398	0.141165	2.22129
0.0590031	1.04765	3.14395
0.163145	2.35143	0.92849
0.0160971	3.52054	0.00159422
0.000402493	0.571241	4.91721
0.384112	1.6012	0.688416
0.489768	0.206819	2.43371
0.0532023	1.9957	1.34343
0.347414	1.73912	0.580679
0.882745	0.636911	0.47638
0.595938	0.485739	1.42919
0.0281186	0.0363353	5.20692
1.10022	0.41332	0.966304
1.65494	0.059203	0.57466
1.15939	0.325876	0.95265
0.252432	2.01488	0.901616
0.462411	1.49077	0.029892
0.43744	0.810371	1.23956
0.50824	0.753166	1.27855
0.244496	2.098	0.0451224
0.0132572	1.38948	2.89519
0.848557	0.17554	1.95211
0.370611	0.320993	2.40838
0.806687	0.0145478	2.40639
0.014373	0.496629	4.50074
0.0604441	3.06503	0.134967
0.0662038	0.416425	3.6854
1.54196	0.110007	0.111447
0.512254	1.29018	1.13542
0.00418067	2.46149	1.91069
1.73339	0.0484615	0.0409914
0.833407	0.699556	0.664043
1.56818	0.103937	0.21742
0.126012	0.740018	2.92814
0.0585817	1.96488	1.64704
0.109555	2.6958	0.230677
0.823377	0.217486	1.67571
0.0324564	3.3027	0.199408
1.37644	0.183639	0.450073
0.549161	1.21587	0.699743
0.627935	1.05988	0.451187
0.166044	2.43591	0.667704
0.0060391	2.44217	1.98218
0.134857	2.56218	0.119444
0.143523	0.176761	3.72842
0.00034393	0.000422781	5.96776
1.99907	0.000574049	0.000585431
0.000354493	4.00009	0.000354508
0.619561	0.00156204	5.59517
0.0849193	2.88261	0.285237
0.0189532	3.48732	0.684012
1.9242	0.00409758	0.00114971
0.0026506	3.79325	1.0096
0.104591	2.70905	0.876353
0.915533	0.0030409	3.19353
0.0372115	0.329724	4.58167
0.493661	1.36458	0.104208
0.0540445	2.99726	1.06007
1.20574	0.31217	0.639942
0.00317079	1.44732	3.29566
0.0623333	1.87936	1.69359
0.294227	0.338734	3.51161
0.195946	2.24218	0.601428
0.116213	2.6347	0.565642
0.0271572	0.053571	4.98257
0.00631691	3.57765	1.40816
0.795452	0.767309	0.477347
0.400745	0.225611	3.02713
1.68573	0.0348823	1.16411
0.0589882	2.95148	0.971383
0.00566041	3.6338	1.08528
0.0464569	2.04592	1.29545
0.0212898	0.0449434	5.45584
0.239322	2.14286	0.168668
0.504506	0.17473	2.54348
0.470827	0.131907	3.45364
1.58707	0.0658621	0.715231
1.80148	0.0150617	0.84784
0.360383	0.263593	3.1427
1.70983	0.0348384	0.215614
0.0232257	3.33694	0.515826
0.628666	0.00442886	5.15795
0.0397199	0.558591	3.6567
0.0134051	2.45083	2.02244
0.0129481	0.626012	4.10552
0.0192169	1.26447	3.71483
0.0494839	1.93234	2.07299
0.0173289	0.0746093	5.05217
1.89373	0.00283169	1.74559
0.0690225	0.0208082	4.87393
0.143246	2.53687	0.377552
0.108341	1.67183	2.23242
0.0305445	3.21054	0.972905
0.808269	0.209532	1.97398
0.0934724	2.74921	0.57059
0.0230895	0.0495035	5.29404
0.0785117	0.925167	3.3627
0.05305	1.98144	1.44651
0.19165	1.30185	2.18539
1.37408	0.0114216	1.20346
0.698098	0.0109839	3.96403
0.00707522	1.48698	2.91318
0.432771	0.726764	1.59919
0.313424	0.982178	1.5339
1.33344	0.227049	0.0373098
1.45309	0.137856	0.528917
0.156706	2.50198	0.0478505
1.75503	0.0292305	0.393153
0.716375	0.00941224	3.96354
0.611353	1.06323	1.10725
0.777378	0.83464	0.155953
0.76813	0.00859543	2.43488
0.00732701	3.68061	0.125806
0.0407508	0.00517337	5.82055
1.30884	0.212438	0.757951
0.679132	0.0571178	2.61619
0.130678	0.167294	4.06116
0.0628532	1.82967	2.38977
0.130335	0.164142	4.18333
1.73984	0.0322135	0.546719
1.3517	0.217989	0.228086
0.0485372	3.05113	1.06043
0.640953	0.0017635	5.14394
0.037089	3.26109	0.657467
0.0133592	3.54617	0.129147
0.0285374	1.18762	3.40487
0.132617	1.5667	1.82438
0.431094	1.53103	0.00333219
0.941214	0.60497	0.420055
0.342699	1.75336	0.404347
0.0609714	1.1582	2.71172
0.701275	0.00447779	4.44114
0.250941	1.11468	1.94291
0.325516	0.907133	2.10375
0.0235619	3.36878	0.252497
0.0101338	2.58835	1.24259
1.48269	0.119988	0.82169
0.453277	0.691822	1.47294
1.09673	0.381896	0.979192
0.554895	1.23675	0.120471
0.350388	1.65693	1.10303
0.025938	0.545117	3.83821
0.293062	1.84848	0.939622
0.369323	0.869524	1.74956
0.314207	1.7725	0.897393
1.65479	0.0548303	0.268102
1.51007	0.110574	0.846056
0.38018	0.798555	1.83717
0.00046762	3.95825	0.00035682
0.455226	0.712292	1.37649
0.959836	0.130262	1.64156
0.17226	2.38038	0.794674
1.23671	0.0117288	2.29774
0.443837	0.745561	1.25608
0.820104	0.212185	1.63741
0.740108	0.893721	0.155964
0.983262	0.588891	0.14123
0.182019	2.34177	0.883697
0.021144	0.0988362	4.77522
0.0362986	3.15499	0.84348
0.35584	1.70398	0.277371
1.56254	0.080189	0.493324
0.541278	1.22357	0.363632
1.40049	0.191721	0.137517
0.244908	2.07354	0.745167
0.876016	0.202141	1.3329
1.4925	0.12118	0.588803
1.27047	0.244536	0.723452
0.284889	0.0710471	3.79541
1.04148	0.448192	0.71844
0.124964	0.157812	4.40168
1.60968	0.067357	0.277691
1.25486	0.0094814	1.93414
0.665681	1.01188	0.304158
1.0079	0.501112	0.916319
0.330996	1.80827	0.023392
0.0184981	2.25861	2.1499
0.08783	2.82908	0.204293
0.0237985	0.471445	4.33982
1.01807	0.50583	0.520562
0.537023	0.14911	2.65044
1.05091	0.0803294	1.43464
0.0648832	0.277792	4.6558
0.636594	1.00259	1.14644
0.979099	0.108274	1.72579
1.11414	0.40744	0.842333
0.23918	2.1384	0.197534
0.273327	0.372966	3.26855
0.859913	0.706927	0.336391
0.0200361	3.42029	0.17669
0.0257658	0.45292	4.69405
0.364147	0.838562	1.79927
0.0111059	0.00107171	5.8941
1.06321	0.0890658	1.20588
0.621574	0.079912	2.49003
0.0102848	0.137159	4.84152
1.28869	0.0244307	1.20853
1.82532	0.0143344	0.0595841
0.0745961	0.937035	2.95968
0.0196567	3.42485	0.173167
0.668091	0.948233	0.915199
1.40892	0.186299	0.137389
1.18397	0.303084	1.18795
0.196963	2.283	0.0569014
0.650288	1.02124	0.961361
1.64787	0.0750804	0.0615699
0.336194	0.881141	2.28219
0.0542441	1.03554	3.38626
0.15538	2.41898	0.734922
0.264927	1.96919	0.875668
1.43599	0.153057	0.761746
0.00221497	3.84887	0.431544
0.0569478	3.09031	0.0223204
0.137397	0.888209	2.69828
1.8449	0.00543939	0.988038
0.387062	0.258174	2.80695
0.117768	0.142862	4.72674
0.148949	0.0968919	4.64884
0.409626	0.793757	2.0386
0.600909	1.09756	0.667892
0.491863	0.649854	1.54096
0.164404	0.646288	2.96481
0.0043517	3.74789	0.0611287
1.07826	0.43061	0.260253
0.0349093	2.10166	2.07466
0.946852	0.579866	0.672032
0.000359251	3.92206	0.299286
0.000388667	0.000256968	5.95699
1.59076	0.0608367	1.09593
0.679062	0.00167207	4.30736
0.103161	2.73135	0.345011
0.0768515	2.8494	0.459738
0.148536	2.47408	0.439188
0.296963	0.311374	3.27739
0.726232	0.901905	1.10928
1.64719	0.0523688	0.419485
0.0383549	0.00283554	5.8236
0.00142592	3.86262	0.495666
0.207647	0.531522	2.74413
0.157422	0.143523	3.93445
0.121975	2.58525	0.610162
0.00237581	0.997203	5.01393
0.38481	0.18357	3.76778
0.320339	0.335516	2.65238
0.0461361	2.19453	1.42581
0.190043	2.2683	0.378014
0.60484	0.43839	1.8871
0.0348287	3.20853	1.03598
0.0255858	0.052546	5.14466
0.876854	0.182533	2.16539
1.10296	0.0503969	1.51922
0.36937	0.258279	2.96689
1.29147	0.00694675	1.40732
0.0897625	0.845954	3.11248
0.558853	0.513571	1.70403
0.0440544	3.07748	1.00175
0.305158	1.02812	1.75055
0.0273732	3.2976	0.995465
0.391645	1.55236	1.18341
0.0362938	3.1871	0.690984
0.270268	0.389031	2.91213
1.18021	0.0023794	4.23671
0.75758	0.816192	0.683762
0.465712	0.678199	1.49418
0.650651	1.00313	0.397092
1.45397	0.122785	0.863588
1.22219	0.00057116	4.06634
0.629728	1.05561	0.575779
1.85565	0.0110039	0.922707
0.0388969	0.0330388	5.38684
0.059159	1.89724	2.03045
0.0869781	1.85831	1.26809
1.77521	0.0368942	0.123157
1.20311	0.000545754	4.3792
0.000817021	1.19749	5.94138
1.56793	0.0963435	0.443198
0.422212	0.246478	3.06058
0.046774	1.97679	2.23913
0.908138	0.652585	0.0625021
0.0804723	1.79721	1.92806
0.0612356	2.99904	0.243681
0.891119	0.153721	2.27375
0.278797	0.0281414	4.13187
0.362516	1.68554	0.212658
0.0198181	2.29148	1.97157
0.24112	0.495417	2.65594
0.00436592	3.69551	0.299997
0.475761	0.692296	1.26605
0.196657	2.22671	0.446168
0.0289824	1.35967	2.85625
0.17103	0.0779862	4.7368
0.0298172	3.35443	0.183986
1.01344	0.0844708	2.03232
0.0903488	0.866656	2.78518
0.71715	0.951467	0.153233
1.54519	0.0967218	1.16833
0.811926	0.2056	2.29655
0.413201	1.52534	0.839636
0.539556	1.23609	0.55239
1.50359	0.113953	0.446379
0.0704693	2.11523	1.22006
1.67313	0.0416083	0.56788
1.70316	0.0421577	0.398652
0.10846	0.245067	3.66086
1.15853	0.05296	1.21708
0.0413468	3.11439	0.98824
0.217898	0.452063	3.47343
0.0156505	0.0515124	5.50387
0.17318	0.54313	3.53426
0.116908	2.6377	0.713317
0.0584592	0.00182577	5.2785
0.0484099	0.0294274	4.90333
0.131449	1.73444	1.47323
0.247639	0.452333	2.98342
1.52626	0.0999033	0.416429
0.00255371	3.80619	0.948882
1.03456	0.482214	0.351081
1.42556	0.140127	0.889385
1.93675	0.00118011	0.679082
1.48489	0.11537	0.915222
1.05548	0.0550459	2.38575
0.00893538	2.41128	2.03957
0.500956	1.37656	0.0820349
0.209868	1.28072	2.07832
1.07151	0.0705725	1.58317
0.00248308	3.55882	3.81001
1.40093	0.168175	0.301986
0.334535	1.76332	0.667768
0.0136588	3.4638	1.04878
0.86199	0.164271	2.29511
0.375323	0.211563	3.19222
0.0939106	1.80839	1.29622
0.0414217	0.00158162	5.73426
1.88025	0.0163879	0.120011
0.63396	0.0364904	3.43444
1.35954	0.193682	0.310396
0.0781414	2.89575	0.246748
0.522754	0.619543	1.26843
0.837883	0.706102	1.06816
0.118341	0.207564	4.00531
1.12829	0.0457588	2.38124
1.69277	0.0496891	0.360984
0.098341	1.77555	1.79774
0.00483595	2.68471	1.3431
0.0395798	0.0335762	5.35056
0.26156	0.444591	2.81494
0.990592	0.097301	2.12266
0.11079	0.197457	4.1688
0.691909	0.91256	1.1084
1.92154	0.00190869	0.233751
0.702168	0.936122	0.18085
0.259741	1.15228	1.30438
0.411169	0.79947	1.39106
1.46916	0.139076	0.265709
1.26895	0.0223859	1.39366
0.233028	0.48219	2.88658
0.450133	1.39712	0.78214
0.00249267	0.482763	5.64054
0.0462083	2.01099	1.65175
0.451649	0.709547	1.4432
0.0565798	1.93303	1.5882
0.918817	0.596761	0.747315
0.619915	1.08692	0.27646
0.329363	0.373892	2.58536
0.645473	0.414445	1.33688
0.351819	1.70618	0.478904
0.389091	1.64315	0.216372
0.080329	0.215016	4.71312
0.126807	0.248413	3.60367
1.83237	0.0105727	1.00262
0.511321	0.658459	1.32555
1.41768	0.138491	1.0958
1.38226	0.178025	0.852547
0.0357028	3.39097	0.133642
0.574098	1.20271	0.0943644
0.0291413	1.10772	3.40026
1.82565	0.0159749	0.324028
0.222998	1.18604	2.23115
1.31866	0.252713	0.877561
1.33207	0.0129187	1.22021
0.33988	0.0175026	4.21796
0.0123685	1.43591	2.55055
0.961985	0.102662	2.11615
0.00407671	1.60477	2.50456
0.037354	0.0351606	5.57639
0.0164248	0.0348484	5.70165
0.581393	1.1256	0.525651
1.08052	0.0553692	1.54324
0.0224911	3.31409	0.945972
0.507171	1.29716	0.857773
0.166007	2.38136	0.260304
1.12829	0.0457588	2.38124
0.193522	2.29303	0.355411
0.485728	1.40022	0.0039857
0.0534114	0.403762	3.63664
0.430082	1.46711	0.975583
1.24483	0.0269727	1.79267
0.445927	1.49139	0.285078
0.231062	1.21293	1.76242
1.17086	0.0439931	1.62536
1.26813	0.000270203	2.86782
0.000269133	2.3627	4.96136
1.99925	0.000336767	0.000336221
0.000646786	3.9798	0.00104515
1.96218	0.00101053	0.000284625
1.19849	0.326796	0.475338
0.0350045	3.24611	0.173727
0.457934	0.712071	1.50562
1.42207	0.166407	0.639837
0.000302976	3.78826	1.39707
0.229301	0.482523	2.63551
1.86464	0.00629541	0.599529
0.16674	0.0058594	5.678
0.525184	1.2272	1.09622
0.384608	1.66146	0.115297
1.47545	0.107758	1.15123
1.84215	0.000876993	2.77313
0.564406	1.13234	1.02631
0.0295272	0.109034	5.04079
0.00406014	0.141772	5.18978
0.00993207	0.111127	5.44865
1.59185	0.0780536	0.376828
0.00200699	0.0796493	5.76806
0.109432	2.67843	0.264209
0.0118676	0.609513	3.96198
0.205612	0.543086	3.01883
0.116719	1.59629	2.21168
0.120878	0.238625	3.59822
0.058224	3.07572	0.50545
0.313482	1.90573	0.458801
0.00812085	3.59962	1.1244
0.0193368	2.23702	2.24489
0.0387419	3.13989	0.639118
0.0321452	3.2929	0.00625535
0.0641567	2.91557	0.758094
0.133128	0.764396	2.90878
1.07171	0.45296	0.0790785
0.00245336	0.0956471	5.58082
1.50516	0.109702	0.667077
0.000356804	2.32261	5.2214
0.303556	1.96166	0.10764
0.0384088	1.06442	3.17844
0.162605	2.43779	0.414303
0.0254114	1.24075	3.37634
0.699577	0.00179512	3.81925
0.09812	0.89527	3.5307
1.40563	0.152527	0.811006
0.0117521	1.30465	3.46045
0.364585	1.72844	0.137004
0.568462	0.511206	1.71125
0.133783	2.55546	0.367479
0.691384	0.0381454	2.80926
0.135873	0.21805	3.72475
0.371732	1.70075	0.0663733
0.108644	2.60302	1.1253
0.00779138	0.13433	5.31796
0.0703866	0.947174	3.22049
0.809023	0.272924	1.44294
0.0593737	0.0106243	5.51492
0.719584	0.349357	1.60801
0.238428	0.0325376	4.64339
0.920538	0.671625	0.205408
1.34657	0.00599318	1.33922
0.11081	0.280642	3.66772
0.326834	1.77202	0.876498
0.947135	0.574244	0.337773
0.314058	1.81151	0.89491
0.367871	0.843574	2.27887
1.56469	0.0927117	0.378465
0.734589	0.011171	3.28292
0.000417468	2.41048	4.37995
0.499993	1.34954	0.332044
1.76904	0.0164191	1.15212
1.53073	0.0997695	0.374123
1.37101	0.00350401	1.19665
0.200195	1.43028	1.79726
1.28801	0.231973	0.728232
1.17539	0.022307	1.90999
0.415399	1.52836	0.373809
1.65982	0.0509132	0.540634
0.831782	0.19988	1.94389
0.011565	2.47552	2.37425
0.882004	0.182436	1.67298
0.336094	0.93021	2.14803
0.233764	2.16648	0.31062
0.78068	0.24803	1.83813
0.00863448	3.66519	0.0210795
0.0723958	1.85709	2.17579
1.10422	0.395597	0.994109
0.856901	0.192793	1.61822
0.340367	0.338249	2.39643
0.411778	0.746033	1.82718
0.968876	0.114445	1.88227
0.0538741	3.01149	1.09306
0.0711182	2.97283	0.218287
1.79145	0.0190775	0.261259
0.444792	1.41428	1.04266
0.0238351	2.30091	1.56842
0.625314	1.11648	0.109519
0.293106	0.0108146	4.46369
0.588525	0.46319	1.6791
0.234376	2.15871	0.305666
0.0507274	3.03271	0.569839
0.666494	0.997795	0.228087
0.0215825	0.598197	3.87181
1.39689	0.151476	1.15301
0.656138	0.0484661	3.34816
0.00971855	0.5193	4.11188
0.000359251	3.92206	0.299286
1.72283	0.0318065	0.785325
0.886848	0.186582	1.65726
0.148961	0.126627	4.32337
0.509525	1.26095	1.17782
0.496397	1.32546	0.958486
0.0768192	2.84581	0.745227
0.0072643	3.68088	0.0692054
0.93588	0.566955	0.678808
0.044903	1.9713	1.99103
0.135042	0.161784	4.0483
0.22605	0.0520169	4.24649
0.693958	0.985689	0.254319
0.137345	0.743168	2.907
1.05524	0.446548	0.447974
0.98562	0.115043	1.68064
1.02639	0.0878319	1.88457
0.254066	2.03603	0.318536
1.74535	0.0270633	0.258338
0.266771	0.411886	2.7968
0.53911	0.522027	1.92304
0.738349	0.0173356	2.62325
1.12756	0.376822	0.976542
0.0144111	3.44951	0.734416
0.0460832	0.0651813	4.78293
0.177446	2.40099	0.0648271
0.0490966	3.12359	0.0982298
0.553792	0.0852663	3.07868
0.106372	1.86573	1.35543
0.908533	0.194284	1.24239
0.83381	0.201434	1.92734
0.756396	0.0140879	2.47933
0.324379	1.79362	0.467962
0.651603	0.994867	0.667416
0.00531642	1.57119	2.48264
1.96443	0.000986842	0.000342199
0.901755	0.125777	2.33676
0.567484	0.129615	2.52406
0.0854782	2.00806	1.27225
0.0260852	2.25494	2.03625
0.795527	0.254551	1.5311
0.393976	0.191071	3.20402
0.733094	0.896746	0.909773
1.8976	0.00318289	0.677024
1.25721	0.299379	0.281047
0.388844	0.783032	2.32114
1.1452	0.032637	2.16652
0.0878349	2.88229	0.0245764
0.0110367	0.513644	4.18522
0.432711	0.816713	1.4182
0.0394672	0.123643	4.79542
1.93688	0.00280007	0.450277
1.68581	0.05254	0.149789
0.0160104	0.066914	5.3158
0.160562	0.643518	3.52273
1.48217	0.150875	0.745021
0.328003	0.0081692	4.26311
0.157426	1.48236	1.58146
0.0529345	1.08616	3.10921
0.286543	1.98221	0.0986805
0.612032	1.07543	0.670071
0.0215579	3.38277	0.67129
1.0193	0.518388	0.117434
0.854128	0.743436	0.19756
0.119239	2.59927	1.01704
0.313588	1.01193	2.29924
0.00911925	0.863705	3.82691
0.624933	1.03528	0.854574
0.660664	0.0300214	3.05561
1.2723	0.0234209	1.2202
0.0835061	2.79537	0.744824
0.528803	1.26606	0.974258
1.35441	0.00561216	1.31068
0.0140928	3.55585	0.0528215
0.000269133	2.3627	4.96136
1.67981	0.000338584	5.99243
0.000379791	3.99818	0.000381861
0.528724	1.29159	0.000346636
0.0216482	3.3596	0.750358
0.00157446	2.51114	2.56981
0.0170777	3.47544	0.0251757
0.842787	0.729835	0.221197
0.674106	0.368907	1.64531
0.00780505	2.4161	1.89953
1.85491	0.000994825	1.94106
1.83561	0.000987611	2.73933
0.00267976	0.554153	4.54961
0.795314	0.772438	0.303636
0.0490446	1.94278	1.83871
0.0646433	2.92953	1.00508
1.22376	0.318392	0.00633077
1.34242	0.213027	0.415113
0.536212	1.21509	0.665158
1.1762	0.00174327	4.39916
0.0385739	3.19507	1.1669
0.324143	0.00880896	4.07932
0.459132	1.44195	0.578394
0.356258	1.64965	0.663612
1.44898	0.130351	0.824552
1.20621	0.00438205	3.99338
1.26235	0.246604	0.706133
0.00534576	0.0970234	5.29935
0.996887	0.539853	0.17677
0.0280207	3.31207	0.871626
0.260634	0.0251911	4.18907
0.400021	1.55035	0.837134
1.08045	0.0610337	1.87475
0.107939	0.226447	3.82933
1.81164	0.0128695	0.371784
0.496586	0.0980319	3.32546
1.47469	0.163309	0.208768
0.126221	1.51088	2.28085
0.754943	0.00696069	3.1304
0.0338034	2.11831	2.01709
0.0586464	3.04761	0.614533
0.0138171	3.52813	0.591132
0.0503146	2.02506	1.48893
0.00413837	1.49297	2.69054
0.420813	0.780019	1.25191
0.0666507	1.89622	1.56142
0.0083157	0.100115	5.23257
0.246973	2.08358	0.111052
0.663297	0.0452545	2.61334
1.41879	0.156343	0.447275
1.72345	0.0233879	1.03906
0.278935	1.04025	1.90455
1.26615	0.00459482	2.13741
0.292792	0.313128	3.28598
1.78328	0.0182729	0.46182
0.171851	2.28084	1.13985
1.89691	0.00606739	0.00282112
0.920605	0.620301	0.198827
0.00835443	0.510715	4.67303
0.482707	0.714566	1.35848
0.0838626	1.05687	2.48867
0.072471	1.83579	1.55812
0.00705397	0.526012	4.67299
0.00956853	3.61931	0.121147
1.36716	0.199859	0.914015
0.6774	0.982247	0.278444
0.0804842	2.85503	0.730889
0.475177	1.37328	0.540114
1.62954	0.0633499	0.151517
0.061479	2.98422	0.304499
0.217048	2.20602	0.354134
0.168759	2.31594	1.13254
0.00168789	3.75961	0.89082
0.0479767	3.11919	0.471291
0.0584559	0.424608	3.66821
0.862413	0.710886	0.188113
0.413555	0.816117	1.2313
0.139218	1.58523	1.22153
0.0328844	1.10768	3.14976
0.109671	2.76077	0.260761
0.00204276	3.80037	0.325105
0.300883	1.05565	1.36889
0.321332	1.76748	1.09959
0.213277	0.460727	3.48672
0.592457	1.08901	1.03915
0.342338	0.910738	1.51212
0.443687	0.211403	2.47836
0.0258479	0.0503366	5.41496
0.0385263	0.0629796	4.83581
1.1315	0.0376249	2.18167
1.66131	0.0590022	0.00520563
0.03326	3.24391	0.902406
0.0298964	0.0529874	5.09015
0.0299522	3.26635	1.14554
0.0928458	1.71537	1.71303
1.30866	0.281332	0.0482035
1.58126	0.0693969	1.16345
0.621877	1.12714	0.0724828
0.0743026	2.88446	0.286531
1.5975	0.0783934	0.458323
0.0146136	2.62517	1.28999
0.220398	1.26092	1.76563
0.0112953	0.632623	4.15269
0.247594	0.472718	2.78558
0.0296181	1.33322	2.4421
0.195934	2.20444	0.770982
0.222632	0.0418582	4.4638
0.0478784	3.08334	0.608331
0.0663407	1.91358	1.40744
0.00871846	0.0794711	5.65192
0.00415972	0.657331	3.90933
0.0524787	0.443658	3.61521
1.96719	0.00100249	0.0005572
0.633014	0.0342	2.93393
0.26827	0.397256	2.84466
0.00195202	3.72109	0.806889
0.0161236	0.0596875	5.58248
1.29068	0.00710916	1.70876
0.734942	0.886849	0.294703
1.05215	0.480233	0.47721
0.0437651	2.04906	2.09307
0.226735	0.532062	2.42163
1.32093	0.23797	0.146964
0.973971	0.0980777	1.96137
1.49229	0.136934	0.139672
0.447723	1.41401	1.06409
1.39166	0.201357	0.269615
0.942381	0.597684	0.377456
0.660772	0.0047109	5.10208
1.50992	0.126447	0.127538
0.0236914	1.18654	3.69862
0.111408	0.753101	3.01114
0.574211	0.0618075	3.23441
1.21809	0.00556087	3.42215
1.29562	0.267735	0.342204
0.00459317	2.54011	1.9839
0.262404	0.384858	3.05891
0.881108	0.665788	0.379577
0.0814151	1.77413	2.22091
1.563	0.0927538	0.804568
0.45582	1.48027	0.356123
1.95758	0.00161231	0.163373
1.62147	0.057667	0.455224
0.77516	0.0213523	2.40514
0.068739	1.8629	1.55871
0.0732338	1.8018	1.94878
0.00370836	0.138652	5.14329
0.368722	0.843564	2.32291
0.380597	1.68744	0.038365
0.635674	1.10461	0.0981036
1.93781	0.00242497	0.00256992
0.951791	0.139559	1.79351
0.0456206	3.00907	1.1421
0.0947858	1.6901	2.05617
0.699043	0.938532	0.128386
0.945372	0.105857	2.2458
0.218138	0.469927	3.22717
0.709642	0.86138	1.12256
0.105636	1.68235	2.19193
0.336584	0.925017	1.68278
1.53817	0.0936697	0.808214
0.00374353	0.540902	4.49926
0.0222406	2.3339	1.6536
0.688066	0.963947	0.279614
0.682659	0.314977	2.37111
0.145627	0.64609	3.38437
0.0015857	3.85618	0.533771
0.0160105	0.0611569	5.53608
0.00776665	0.647738	3.93773
0.0176793	2.37626	1.19774
1.99817	0.000510814	0.00432549
1.73967	0.0438685	0.0864216
0.00280343	3.68119	0.817146
0.782018	0.800458	0.227712
0.0855892	2.73051	1.05272
0.219171	0.448501	3.47322
1.56768	0.0771356	1.19195
1.92177	0.00353766	0.000551872
