0.000407422	3.99309	0.000404753
0.584478	1.17522	0.000342956
0.000262403	0.000262175	5.99437
0.0774436	0.0156615	5.19696
0.000943376	2.06814	5.85145
0.297759	1.81812	1.049
0.072934	0.283307	4.40628
0.00382379	1.24427	4.60927
1.47416	0.158743	0.0139114
0.0144437	0.478803	4.46867
0.000670311	2.34518	4.95219
1.62549	0.0730974	0.444875
0.140113	0.202421	3.59912
0.0698577	2.92279	0.927671
1.27684	0.261416	0.823116
0.379024	1.60024	0.85848
0.289317	1.86832	1.10928
0.00712443	0.603895	4.0587
0.1055	2.63638	0.883524
1.43168	0.169667	0.0648975
0.00203284	1.41952	4.00785
0.014119	0.0881656	5.10259
0.42593	0.718448	1.71108
0.00064751	3.80284	1.37911
0.0625057	2.97753	0.548816
0.00514064	2.44834	2.35887
0.0660105	3.02141	0.0475939
0.920844	0.162702	1.54164
0.000866279	2.41477	3.9221
1.17771	0.00320488	4.77317
0.0425227	2.19384	1.3167
0.964667	0.524084	1.01383
1.14174	0.0387838	1.80354
1.02884	0.0851636	1.62821
1.7427	0.0367259	0.00310224
0.0265345	2.13276	2.0964
0.00118192	2.27428	5.51576
0.000266711	2.31118	5.44766
0.14066	2.5031	0.682821
1.83535	0.00189218	2.17975
0.74509	0.886581	0.221581
0.969969	0.0917897	2.24074
0.0243826	0.531896	4.14341
0.638349	1.0641	0.218835
1.0632	0.0694483	1.44354
0.00727124	1.643	2.49975
0.817464	0.802976	0.232799
0.00087327	2.39775	4.13884
0.261286	0.000622857	5.6049
0.31389	0.924125	2.02151
0.881492	0.174303	2.28081
1.18999	0.0207805	1.46535
0.000988863	3.97805	0.0010504
0.0728504	2.87852	0.282124
1.96622	0.00107231	0.00936904
0.177516	0.000813139	5.74397
0.572489	1.14996	0.380738
1.2318	0.30312	0.0940534
0.358577	1.76036	0.0208151
0.237069	0.0369328	4.2753
0.282148	1.96896	0.0508755
0.000716677	0.456702	5.94917
1.31798	0.251323	0.116629
0.0873609	2.74318	1.04773
1.71902	0.0519109	0.296933
0.498003	1.28284	0.96071
0.901999	0.174222	1.40469
0.00507312	3.73998	1.04228
0.0012699	3.88988	0.000504931
0.018827	3.46657	0.0539521
0.26488	0.43044	3.24931
0.227903	2.25386	0.464479
1.40308	0.152124	0.702504
0.113683	0.193882	3.9081
0.88537	0.639319	0.536111
1.12853	0.37661	0.455944
0.0935867	2.80495	0.498383
0.843937	0.185496	1.96802
1.80378	0.00997257	0.735547
1.35737	0.216607	0.112791
0.567217	1.18625	0.460787
0.101467	0.796574	3.23305
0.107058	0.163358	4.67951
0.0152798	3.41088	0.58905
0.274415	0.349628	3.50826
0.15423	0.687736	2.88959
0.0690745	0.0357671	4.81286
0.00848558	3.65872	0.788148
0.013119	0.510345	4.26599
0.341842	1.69892	1.1569
1.38715	0.0037207	1.19683
1.01939	0.0975325	1.28674
0.600249	1.09739	0.325248
1.93626	0.00256638	0.000503146
0.0941695	2.847	0.192547
0.791168	0.827669	0.184168
0.275074	0.400851	2.56469
0.235548	2.04042	1.01694
0.611311	1.11028	0.199542
0.696689	0.0145433	2.84711
0.0101462	3.60702	0.000449472
0.0478651	3.16374	0.173731
0.849105	0.23135	1.2338
0.936247	0.144419	1.2894
1.09913	0.453565	0.558969
0.734158	0.026603	2.60349
0.0603959	3.08239	0.0152908
0.0839239	0.00717143	4.89248
0.100319	2.79178	0.0270214
0.0152181	1.32327	3.66044
0.189331	1.37542	1.40457
1.1538	0.350983	0.592135
0.489471	1.33734	0.640233
1.84866	0.00697757	0.823512
0.711057	0.897634	0.465745
1.70328	0.0414312	0.431932
1.53004	0.111143	0.229169
0.784942	0.820858	0.453018
0.68442	0.949103	0.949036
0.00244113	3.85765	0.769376
0.320852	0.930669	1.83921
0.389654	1.60625	0.651211
0.218443	0.515801	2.64138
0.247958	0.392482	3.49417
0.646821	1.02622	0.176582
1.26442	0.0162345	1.68944
0.177716	1.45867	1.49402
1.5042	0.119315	0.614406
0.0112238	3.5266	0.948681
0.206054	0.660864	2.54606
0.723819	0.0104478	4.02375
0.545261	0.604308	1.35257
0.000266758	2.364	4.95184
1.03697	0.489801	0.565392
1.33604	0.254942	0.113015
0.0149749	3.53391	0.0126977
0.0208421	2.17593	2.09649
0.737164	0.842497	0.749047
0.00176257	2.70645	1.35221
0.0213084	3.35587	0.301446
0.190769	1.34624	1.90303
0.526229	0.105005	3.30989
0.268641	0.390945	2.83569
0.411325	0.231926	2.68579
0.650944	0.994511	1.10959
0.993415	0.0901401	1.94678
0.403012	1.52743	1.18021
1.41867	0.142975	0.702289
0.227641	2.07574	0.47514
0.247194	0.447623	3.07405
1.21058	0.292282	0.585497
0.289237	0.368605	2.77925
0.0212246	3.34835	0.36155
0.0194883	0.685165	3.81136
0.120058	2.55844	0.819785
0.0109078	2.46843	1.38543
0.111278	0.220748	3.72951
0.24702	0.493398	2.43474
0.0241498	0.0415319	5.70216
0.292095	0.362668	3.35516
1.98754	0.00122381	0.006684
1.58329	0.102022	0.0493992
0.00173155	1.36305	4.65572
1.24876	0.00206016	3.38272
0.225308	1.22229	1.37218
0.350085	1.77262	0.0177076
1.08651	0.0844335	1.34794
0.0519646	0.636717	3.69825
0.00115024	2.29264	4.91266
0.262633	1.93165	1.03401
0.343255	1.71314	0.59035
1.9205	0.0129399	0.0712896
0.00801492	3.70277	0.415563
0.512166	1.30806	0.185947
0.00173195	0.338219	5.58674
1.06941	0.494778	0.564035
0.0328832	3.28402	0.0122995
1.61141	0.0665103	0.557901
0.448391	0.774537	1.23135
0.057968	1.91132	1.86061
0.000214387	3.75677	2.11605
1.9983	0.000392888	0.000390725
0.000328676	3.98885	0.0132825
0.000217169	0.000217305	5.99849
0.577911	1.18823	0.000271644
1.14403	0.3869	0.797452
0.0178629	0.525639	4.51899
0.00217117	1.29207	5.028
1.90152	0.00570508	0.000776321
1.01856	0.0926886	1.65647
0.000286341	3.91782	0.322961
0.334466	0.0254831	3.68912
0.141649	0.666302	3.061
1.8564	0.00903738	0.46347
0.408185	0.194179	3.57894
0.0264235	3.32379	0.9213
0.0591836	0.0173803	5.11247
1.66118	0.061326	0.144097
0.0902473	2.77383	0.539229
1.82838	0.00604759	1.48328
0.0014065	0.0890748	5.65082
1.93574	0.00277928	0.206284
0.0180501	3.4407	0.395449
0.0668778	3.01545	0.0312624
0.0672008	0.0090698	4.91296
0.0098148	0.0068016	5.84999
0.38024	0.819813	2.41496
0.685067	0.0154301	3.85157
1.06816	0.0758463	1.29886
1.51803	0.0944227	0.859977
1.96502	0.0013332	0.00071189
0.726794	0.0111672	3.45286
1.04952	0.477634	1.19638
0.0468829	3.08513	1.00777
1.10336	0.0434759	2.02076
0.989812	0.514257	1.1924
0.96935	0.102449	2.34044
0.0424868	0.332294	4.61468
0.0112976	2.28908	2.26968
0.0120129	0.581723	4.03155
0.0106847	3.59048	0.879155
1.24538	0.270664	0.611578
1.38801	0.160113	1.0111
0.0741952	2.89069	0.336802
0.367052	1.61439	1.18468
1.25595	0.00435315	2.88818
0.30212	1.84994	0.641041
0.171173	0.600937	3.00208
0.87648	0.187862	2.37118
0.0259835	0.0513003	5.50371
1.2134	0.341667	0.0671599
0.0700701	1.8012	2.20598
0.282007	0.00418006	5.23341
0.239838	0.487913	2.48999
0.647325	0.054846	2.58503
0.0373912	2.12585	1.97344
0.358536	1.62148	1.12406
0.0799785	0.210714	4.68565
0.000402014	3.71559	2.71703
0.511368	0.115841	2.74331
0.397406	0.757508	2.07275
0.177483	0.567714	3.15433
0.222927	1.26242	1.36586
0.140376	2.44952	1.19698
0.00170064	3.84418	0.0133118
1.69799	0.0545244	0.371012
0.00388831	0.56652	4.39309
0.434572	1.51329	0.949967
0.00230363	0.0837662	5.74618
0.00375709	3.65375	1.08337
0.460552	0.645609	1.89032
0.03016	0.505352	3.76372
1.79705	0.000974199	4.22792
0.107951	2.72135	0.143644
0.0214836	3.44542	0.387931
0.520637	0.100012	2.95867
0.795153	0.255515	1.62772
0.0014139	0.00224134	5.92689
0.562978	1.21642	0.19472
0.154665	2.35078	0.983149
0.673947	1.00029	0.128784
0.0696319	0.310784	4.29486
1.43868	0.144294	0.60886
0.127864	0.19967	3.92581
1.2937	0.248153	1.02376
0.55243	1.20374	0.338086
0.488198	0.599293	1.9258
0.132593	2.50907	0.736202
0.181183	2.23795	0.984443
1.18875	0.316364	0.570978
1.72634	0.0402986	0.0968823
0.351215	1.73861	0.361299
1.49209	0.115215	0.641397
0.0438295	3.18112	0.124399
0.321836	0.278025	3.52995
0.629394	0.465624	1.33343
0.08559	1.75616	1.71966
0.0153682	3.52274	0.403358
0.0799055	2.83954	0.780372
0.163273	0.583772	3.33421
0.0590499	0.0177479	5.30762
1.56131	0.0887428	0.837153
0.0727146	1.97219	1.54351
0.414677	0.722473	2.17527
0.113289	2.63178	0.919357
1.09259	0.0726766	1.20758
0.286543	1.91212	0.599347
0.000820285	3.81297	1.08655
0.262633	2.04042	0.275282
0.707097	0.912081	0.78862
0.268254	2.00673	0.396398
1.63395	0.0626684	0.520453
0.467598	1.44501	0.269225
0.117611	0.849479	2.53666
0.106771	2.61755	1.04299
1.16093	0.0354666	1.82769
1.62589	0.0615874	0.590036
0.476229	1.33713	0.728068
1.27163	0.26372	0.77468
0.059513	2.96382	1.0142
0.0486492	3.14785	0.168089
0.910807	0.154447	1.45524
0.485507	1.37335	0.680261
0.0625377	0.353051	4.11076
1.59644	0.0962279	0.0924184
0.955635	0.11745	1.69401
0.0122322	1.4642	2.91085
0.00202143	2.56577	1.86327
0.023217	2.19724	1.88994
0.0716543	0.0253254	4.84019
0.613189	1.10383	0.123393
0.0557758	1.02892	3.20257
0.4432	1.55419	0.100533
0.369152	0.019981	3.79234
0.228387	0.445971	3.27605
0.245089	1.19232	1.57818
0.919757	0.157037	1.41753
0.312377	1.89574	0.0633566
1.76868	0.0227287	0.941781
1.48528	0.116762	0.640215
1.79706	0.030249	0.0398808
0.356111	1.68418	0.439926
0.765669	0.860714	0.0323126
1.19981	0.0115155	2.12714
1.41203	0.164698	0.590132
1.35672	0.217651	0.29826
0.267282	0.420789	2.60708
0.568434	0.0688736	2.80242
0.159128	2.34036	1.25813
1.7532	0.0228781	0.69631
0.388208	1.65794	0.0216236
0.00645402	2.42059	2.38699
0.0506935	3.12489	0.141543
0.819768	0.234567	1.79803
0.292788	1.06097	1.50523
0.033434	1.21241	2.81059
0.586117	1.10965	1.05682
0.0773687	1.80879	2.03935
0.132593	2.50907	0.736202
0.849107	0.686472	0.992857
0.364264	0.249091	3.26508
0.0671753	2.07281	1.75472
0.0163659	3.57318	0.149018
0.209042	1.32714	1.46509
0.442076	0.736304	1.39457
0.530416	0.567995	1.47521
0.0632001	2.96829	0.538849
0.340931	1.03916	1.22601
0.0444998	3.235	0.0519747
0.937204	0.155321	1.27055
0.00120406	0.0863726	5.70048
0.858149	0.704115	0.469205
0.844894	0.215766	1.51982
0.941534	0.557015	0.822008
0.00264074	0.193224	4.77302
0.755696	0.866905	0.0121266
0.452703	1.42628	0.671212
1.99829	0.000392901	0.000390725
0.368723	1.7013	0.0501359
1.46185	0.129979	1.1991
1.4186	0.142384	1.05198
0.251296	0.0371078	3.91624
0.318501	0.937943	1.98447
0.00162	2.56686	1.86518
0.694727	0.988625	0.10351
0.0495943	0.324555	4.36894
0.0803112	0.318774	4.16431
0.00313235	0.127035	5.25911
0.694599	0.0185211	3.50299
0.0226885	3.52987	0.324769
0.596064	1.07322	1.09951
0.257024	0.466359	2.53179
0.00147351	0.000253926	5.88239
0.000252023	3.99524	0.000250463
0.0144849	0.0815988	5.2904
0.101527	0.178241	4.54781
1.65217	0.0570636	0.678389
1.59021	0.0663297	0.744239
1.14676	0.00181501	4.91521
1.30737	0.235296	0.173419
1.35571	0.19596	0.824785
0.0129292	0.0846701	5.10036
0.352223	0.254974	3.04691
0.00929086	3.56795	0.803452
0.0162556	0.0775702	5.43187
0.408437	1.52067	0.768966
0.0665261	1.88256	2.09552
0.569278	1.17194	0.537128
1.16047	0.002471	4.83564
0.0100308	0.0580298	5.7206
0.090154	0.867665	3.14071
0.0325406	3.23239	0.530963
0.0200079	3.4646	0.119479
0.250734	1.95298	1.24333
0.0513563	1.92116	2.20886
0.768048	0.848004	1.09864
1.45581	0.138545	0.179086
1.20791	0.000913155	4.24695
1.12233	0.0565106	1.19588
0.00062101	2.68459	1.39639
0.690217	0.0199038	2.9537
0.684258	0.940678	0.940319
0.116564	2.65822	0.030504
0.0188151	0.699673	4.13639
0.0620329	2.96489	0.779319
0.465785	0.658087	1.57259
0.0545696	0.00672321	5.56403
0.930956	0.625573	0.00273109
0.398962	0.799409	1.44251
1.08638	0.0470005	1.90597
0.0276178	3.31533	0.532627
0.369121	1.71955	0.0107632
0.784711	0.764639	1.0965
1.83271	0.01652	0.083678
0.129447	2.50166	0.966666
0.0558768	3.046	0.609151
1.49896	0.123862	0.283139
0.977547	0.15058	1.21111
0.455134	1.45755	0.0631975
0.734823	0.011213	2.67364
1.72847	0.0291086	0.477567
1.48744	0.129878	0.283291
0.182671	2.25859	1.14838
0.956682	0.543575	0.89199
1.22789	0.00226114	3.77901
0.645349	0.988063	1.08604
1.89737	0.00759788	0.215285
0.189571	2.30862	0.231865
0.487557	1.38666	0.136701
0.103512	0.879467	2.43702
0.447197	0.661333	2.34484
0.326896	0.281946	3.04511
0.362532	0.314858	2.70752
0.170184	0.614175	3.4786
0.276541	1.04511	2.0062
0.11282	2.59516	0.885632
0.374015	1.62153	0.439937
0.00760938	2.42485	1.95931
0.145565	0.135032	4.32924
1.67112	0.0367399	1.05503
0.2454	0.443639	2.89112
0.529016	0.559783	1.69998
0.0191514	0.699181	4.13664
0.205161	1.26083	2.17924
0.562006	0.0571619	3.55986
0.259496	1.99384	0.775401
0.261211	0.0439098	3.7086
0.629518	1.08392	0.070504
0.191544	2.33752	0.0269126
0.552284	0.106373	2.55996
1.767	0.0233401	0.244045
1.29268	0.00200734	2.0194
0.663122	0.33699	2.28933
0.00254841	0.948353	4.66382
0.944694	0.123704	1.70172
1.37845	0.199165	0.283076
0.437903	0.718513	1.50298
0.502365	1.29728	0.57874
0.620494	1.10747	0.159146
0.514159	0.583357	1.75417
0.023499	0.0302556	5.49167
1.2043	0.00337545	3.36894
0.813072	0.776262	0.291089
0.000804467	3.85379	0.693778
1.40508	0.167866	0.169638
0.208775	2.2011	0.565377
0.375553	1.66021	0.262696
0.00866388	2.3832	1.89637
1.57848	0.101004	0.416794
0.27808	0.388125	2.58618
0.00536639	0.165107	4.7746
0.211534	1.42578	1.42757
0.0200535	3.40253	0.49064
0.384166	1.58889	0.50194
1.81119	0.0132035	0.509959
1.24712	0.297034	0.364392
0.212537	2.11177	0.964515
1.53617	0.121063	0.367834
0.0652631	1.82427	2.17996
0.0447555	0.00729596	5.74542
0.846963	0.172313	2.16983
0.538114	0.608468	1.46604
0.00370054	0.942999	4.66491
1.06297	0.0543079	1.90484
0.756903	0.0100835	2.4792
1.1322	0.00546634	4.80042
0.100378	0.967796	2.51374
0.0274969	3.33493	0.351033
1.56113	0.0733257	0.916123
0.0102619	3.78458	0.0364434
0.180366	0.596225	3.21557
0.0090206	0.114416	5.00489
0.831868	0.777607	0.141896
0.0466977	3.11309	0.589256
0.894893	0.155362	2.03027
0.182999	1.36506	1.84328
0.998903	0.521241	0.275171
0.696533	0.0304394	2.39885
0.419328	1.55936	0.135027
0.521756	0.566896	1.63675
0.218816	1.19265	2.29892
1.91108	0.00439695	0.331018
0.228081	2.1488	0.199473
0.309394	0.975938	1.55929
0.295727	0.416881	2.40552
0.0786041	2.86463	0.253305
1.19579	0.324824	0.633188
0.0218876	0.0162543	5.84135
1.26449	0.00856925	1.36039
0.151053	2.45622	0.652008
0.0933316	2.81255	0.0145237
0.321182	0.277141	3.33597
0.711522	0.31684	1.80106
1.23287	0.00304053	2.63561
0.44975	0.73834	1.33761
0.238253	2.05599	0.38067
0.235025	0.4447	2.80893
0.23975	2.09651	0.0111895
0.0209855	3.38455	0.693436
0.00318004	3.79446	0.000537138
0.00313251	3.72656	0.256984
0.134842	1.55006	1.8204
0.149792	0.185021	3.60141
0.0478615	1.9295	2.31954
0.296736	0.3444	3.29155
0.122434	2.54949	0.876688
0.0116614	2.47732	1.51755
0.10679	2.77813	0.155062
0.611218	0.46684	1.34368
1.12507	0.376535	0.518992
0.481869	0.150502	2.79316
0.0257117	2.23907	1.50133
0.020692	2.53661	1.22091
0.0269505	3.45191	0.154
0.806122	0.224068	2.01363
0.360053	0.975755	1.2809
1.43027	0.161473	0.280669
0.426339	1.45236	0.768779
0.0165165	1.34563	3.28709
0.517238	1.34016	0.00761668
0.0888978	2.73576	0.873069
1.79784	0.0235222	0.00252003
0.0501186	3.18475	0.106299
1.85656	0.00482586	0.867993
1.17487	0.330188	0.733867
0.0818706	1.03159	2.61615
0.500303	0.143006	2.77173
0.467955	1.43425	0.258039
1.26767	0.275655	0.253532
0.144679	0.190964	3.63946
0.262595	2.01867	0.361341
1.78246	0.0230351	0.24725
0.716758	0.319843	1.63512
0.0457226	3.14851	0.244838
0.000252023	3.99524	0.000250463
1.99793	0.000258995	0.000256328
0.000246148	0.000246137	5.99969
0.608569	1.12745	0.000245398
0.163346	0.0970132	4.4483
0.288264	0.0117944	4.6889
0.0955267	2.7238	0.768829
0.807938	0.77416	0.191012
0.0130206	3.61336	0.00530867
1.72019	0.0466498	0.7436
0.0118898	0.129032	5.0211
0.545008	0.521558	2.1694
0.847429	0.163588	2.37101
1.33228	0.228778	0.0328162
0.0123796	0.13569	4.95335
0.157366	0.660956	2.9126
1.28146	0.012139	1.20714
0.112056	2.68256	0.798198
0.0952302	2.82996	0.0211149
0.018278	2.22544	1.77336
1.38016	0.172832	0.830192
0.628442	0.00402914	5.45411
0.511639	1.25179	0.940807
0.0390475	0.0422772	4.833
0.0147662	2.38574	1.74401
0.351424	0.255104	3.4301
0.0602387	3.10193	0.0283189
0.00813326	3.7467	0.00399158
1.75009	0.0175555	1.09581
1.07189	0.0793959	1.20418
0.0103002	2.48264	1.8257
1.19973	0.32014	0.66352
0.0125709	3.50984	0.38604
0.221793	0.452631	3.28407
1.92224	0.00342961	0.924951
0.0768565	1.89316	1.97326
0.145271	2.43381	1.01755
0.0710646	3.03378	0.0152786
0.987502	0.529215	0.713659
0.11579	0.17943	4.31146
0.320999	0.928337	2.32825
1.83571	0.0178603	0.305706
1.86377	0.00926629	0.511068
0.0154356	0.050993	5.62477
1.02445	0.0694613	2.07403
1.443	0.15428	0.245149
0.0280934	3.28588	0.48715
0.184938	2.30635	0.0365279
1.02788	0.492148	0.828246
0.66034	0.0356144	2.96949
0.313488	1.00032	1.64855
0.00804035	0.576562	4.39748
0.0506233	1.96111	2.27775
0.209665	1.28003	1.42076
1.32113	0.00780654	1.51116
1.7696	0.021549	1.03856
1.38846	0.195976	0.0232427
0.31715	1.82151	0.180452
0.153003	2.46534	0.463081
0.532547	0.120787	2.81114
0.175799	2.355	0.272152
0.013221	2.52175	1.32441
0.00434329	0.543893	5.3282
0.414578	1.52274	0.563452
0.0171682	3.46381	0.979324
0.116077	2.55036	1.17767
0.0286532	0.036454	5.52396
0.0334574	0.482301	3.97811
0.085925	0.887265	3.18365
0.0112597	3.70447	0.226229
0.00755755	3.66179	0.241325
0.128488	0.163644	4.2409
0.621269	1.05166	0.751975
0.231174	0.473078	2.77338
0.746608	0.00805732	2.85249
0.332495	1.78896	0.106524
0.253365	0.398653	3.22231
0.697856	0.889862	0.991645
0.103994	0.229151	3.69128
0.341885	0.869889	2.25937
0.0461494	3.14694	0.149419
1.01502	0.516485	0.861888
0.476766	1.39733	0.304578
0.275702	0.0232402	3.77213
1.52865	0.103652	0.489063
0.0509516	2.02669	1.5504
0.96716	0.566055	0.125519
1.09799	0.408027	0.85361
0.39002	1.56601	0.768643
0.795165	0.760592	1.07938
0.86247	0.651331	0.880022
0.00891621	1.4386	2.43587
1.6598	0.0543674	0.776828
0.64118	1.01631	0.848408
0.0177847	3.40877	0.385406
1.12058	0.383471	0.926402
0.0943903	1.87831	1.53085
0.130196	1.58312	1.42922
0.0185659	0.0698485	5.1519
0.590749	0.463803	1.70117
0.358635	0.955158	1.27974
0.119304	0.0168088	4.7925
0.0708352	1.08191	2.41278
0.396726	1.6709	0.0632407
1.62754	0.0595872	0.754383
0.000864853	0.000394441	5.89695
0.160434	0.116903	4.12178
0.496504	1.30804	0.597646
0.119053	0.8211	2.50762
0.0985043	0.176673	4.73062
1.25848	0.292287	0.240487
0.262338	0.43794	2.71732
0.0295451	3.33465	0.00354575
0.0324097	1.18975	3.09376
0.244544	0.423981	3.07157
0.662772	0.0140195	3.63765
0.130671	2.62135	0.049641
1.16122	0.356747	0.262987
0.380103	1.60551	1.13178
0.047248	0.0100005	5.26134
0.0721266	2.90287	0.978396
0.453207	1.50047	0.143606
0.0123733	3.50379	0.43551
1.69155	0.0467697	0.24499
0.175022	2.2636	1.0151
0.368673	1.63632	0.376304
0.109678	0.182395	4.19725
0.00162078	3.89031	0.00323187
0.155547	1.75345	1.24719
0.236834	2.08658	0.101168
1.87926	0.0114372	0.273005
0.0633593	2.94673	0.4107
0.000581442	3.95507	0.00566049
1.49511	0.137392	0.244676
0.722279	0.88837	0.366934
0.914931	0.615008	0.293779
0.225856	2.11246	0.60176
0.404988	0.800313	1.24524
0.671987	0.383775	1.63681
0.30569	0.376854	2.47639
0.507607	1.35089	0.0453941
0.924844	0.596873	0.692649
0.00812736	0.114544	5.21858
0.0941806	1.71153	1.58382
0.050018	0.350348	4.06429
1.47639	0.156402	0.0310877
0.00222889	0.729052	3.58637
0.0854383	0.288133	4.04241
0.704463	0.364293	1.41891
1.97761	0.00105767	0.000789051
0.29764	0.336911	3.35368
1.94104	0.00419644	0.0474651
0.042874	1.98776	1.86504
0.275025	1.99725	0.586419
0.780697	0.00815204	2.55411
0.410288	0.245429	2.65452
1.61037	0.0705185	0.547509
0.13973	2.57338	0.0484751
0.680338	1.00952	0.0257134
0.415807	1.47347	0.93786
1.1445	0.335346	1.0118
0.219498	1.32197	1.357
1.80935	0.0202116	0.525983
0.887005	0.641863	0.372165
0.138596	2.60643	0.0540109
1.32136	0.00659119	1.4918
0.537557	1.21526	0.963305
0.288386	0.336091	3.49579
0.00231095	0.628306	4.16879
1.43391	0.165489	0.0283353
0.0339858	2.1413	1.49437
1.58404	0.0869298	0.149031
0.381048	0.768431	2.31909
0.260445	1.09925	1.89899
0.436236	0.72335	1.60987
0.00124134	3.92032	0.0086766
1.22085	0.0153575	1.37473
0.877402	0.1774	1.92798
0.0829126	2.88288	0.00891724
0.0192838	0.0689235	5.1522
0.463414	1.41424	0.309914
0.015284	0.51543	3.85283
1.18089	0.340351	0.180345
0.191564	2.27786	0.0364911
1.50922	0.113528	0.635267
1.4147	0.158677	0.327816
0.0401614	2.06421	1.3803
0.000307499	0.224122	4.77815
1.99754	0.000576216	0.000576644
0.569553	1.20585	0.000473871
0.0222465	2.28393	1.57864
0.256698	0.076351	4.24213
0.0509378	3.04066	1.04989
0.321244	1.72932	1.07335
0.334783	0.925506	2.33426
0.00275923	2.75358	1.19578
1.26657	0.287579	0.132908
0.247799	0.0460718	4.46138
1.13584	0.353882	1.15049
0.0932772	1.78409	1.36647
1.85967	0.00252669	1.63084
0.0402285	3.11176	0.954475
1.96061	0.00159852	0.000796261
0.0155761	1.2433	3.39041
0.0317681	3.21732	0.955516
1.55137	0.0797494	0.91128
0.201321	0.558248	3.05048
0.00536658	3.75731	0.788688
0.0733624	2.9346	0.0236258
1.01634	0.502744	0.389441
0.00250003	3.87327	0.00161809
0.351586	0.828455	2.25911
0.130869	0.692644	2.95421
0.00571221	3.76228	0.741663
0.00205609	0.00155983	5.88546
0.252386	2.05832	0.514575
0.20591	2.20919	0.618634
0.111111	1.67385	1.36332
0.0260977	0.050221	5.15619
0.851247	0.723176	0.264068
0.0902421	0.188797	4.6422
0.0317517	3.29443	0.122507
0.793708	0.241933	1.82428
0.769726	0.2906	1.72522
0.103894	2.63537	0.860622
0.302928	0.959349	2.20183
0.832318	0.253474	1.20824
0.033921	0.0200323	5.7006
0.255311	0.47441	2.72951
0.315525	0.979621	1.98121
0.877272	0.659326	0.983984
0.37183	1.58804	1.0746
1.82788	0.0100842	0.72381
1.63546	0.076786	0.158476
0.00482649	0.12315	5.35355
0.343563	0.902697	1.55859
0.0736507	0.880882	3.22873
1.30969	0.227593	0.386192
0.21023	2.18447	0.558397
0.718253	0.297311	2.13782
0.0457036	3.17102	0.832478
1.89766	0.00800896	0.0025134
0.80374	0.259292	1.45258
0.109444	1.64197	1.52534
1.22271	0.0342483	1.276
0.00177154	3.89005	0.284008
0.0709123	2.84776	0.829905
0.0121658	3.48732	0.774138
1.78695	0.0221599	0.186961
0.989835	0.109471	1.65532
1.51117	0.121826	0.0454088
0.0250352	3.36812	0.121765
0.102284	1.8258	1.23318
0.408533	1.56357	0.610258
0.189932	0.098588	3.94303
1.24572	0.26182	1.19156
0.496042	1.30498	0.536727
0.0483222	3.04753	0.723352
0.124891	0.163814	4.02519
0.673198	1.03764	0.0110529
0.392516	0.791269	1.91972
0.0255908	0.0509805	5.5069
1.70282	0.0382849	1.18178
0.0453543	0.0264665	5.2875
0.0152645	3.53506	0.559793
0.613561	1.08025	0.685138
0.012135	3.58218	0.372913
0.201817	0.0875616	4.07191
1.21077	0.31159	0.467057
0.0550713	0.0108392	5.20785
0.298706	1.86149	0.305791
0.0243507	1.3568	2.6379
0.151637	2.58181	0.0419042
1.5911	0.0853588	0.0979906
0.00226479	1.46701	3.44679
1.71513	0.0297763	0.668208
0.916722	0.625885	0.334755
0.665163	0.0202489	3.31811
0.183549	0.122804	3.81708
0.160629	2.44702	0.113518
1.67747	0.0567268	0.154105
0.423781	0.22393	3.27257
0.064233	2.9254	0.825041
1.11188	0.401012	0.30355
0.27466	0.377531	3.14477
0.0330142	0.491923	3.75259
0.0285981	2.33352	1.31333
0.241395	0.484067	2.45798
0.526873	1.27194	0.473054
0.283363	1.98563	0.0400179
1.74415	0.0319142	0.140293
0.402868	0.764395	1.87953
0.00276984	2.69646	1.32233
0.0292728	0.418399	4.15972
0.0840443	1.01092	2.52687
1.53766	0.116178	0.00640855
1.08155	0.0529686	2.10406
0.434954	1.49014	0.444414
0.00876909	2.55564	1.19872
1.80825	0.0156297	0.261034
0.223767	0.516293	2.62929
0.148452	2.50048	0.657319
1.0414	0.0875011	1.4737
0.480877	0.642098	1.73091
0.231002	2.13672	0.529577
1.87463	0.00679496	0.380567
0.132655	2.50525	0.882779
0.0692619	2.85514	0.829335
1.15798	0.364699	0.292731
0.0117943	3.63128	0.0804032
0.0254697	3.33579	0.951959
0.0838733	1.01167	2.52687
0.981301	0.501436	1.11382
1.4527	0.151144	0.167446
0.717095	0.3185	2.38111
0.469548	1.36275	0.908943
1.05558	0.0581263	2.20213
0.647383	0.0523114	2.58315
0.07356	0.879633	3.24955
0.194427	0.0565105	4.47249
1.61266	0.0727355	0.417933
0.0421087	0.0594796	4.80008
1.38465	0.172369	1.15043
0.659473	0.384107	2.05908
0.227148	0.486045	2.79496
0.278361	1.89197	0.758937
0.687909	0.447907	1.34501
0.000589877	0.000570657	5.95841
0.00340073	0.104148	5.57488
0.0696188	1.94244	1.42079
0.0585799	0.268294	4.71179
0.515722	1.40273	0.0287557
0.859488	0.690688	0.443292
0.641148	0.0219239	3.52303
1.33302	0.225546	0.265688
0.383086	0.824174	1.96969
0.0251885	3.43527	0.0755533
1.18593	0.375006	0.0720703
0.237108	0.0479755	4.56252
0.745124	0.298273	1.76825
0.969308	0.563038	0.335634
0.950537	0.659	0.0602745
0.562972	1.18182	0.546723
0.110131	0.329135	3.86587
0.179947	0.595976	2.88354
1.37675	0.17562	0.968909
0.267016	0.10113	3.91711
1.16347	0.326	0.756629
0.351586	0.828455	2.25911
0.00959277	0.166074	4.88508
0.133355	0.235095	3.60305
1.76143	0.0225985	0.493152
0.911811	0.608071	1.05364
0.13362	2.67201	0.0477415
0.019077	1.33633	3.13518
1.08983	0.426243	0.334625
0.520469	0.532559	2.04795
1.07315	0.438709	0.345085
1.92783	0.00324137	0.0066766
1.48769	0.168443	0.0259072
1.92752	0.00376	0.14557
0.59386	0.478773	1.40326
0.46057	1.4415	0.203974
0.0415694	0.0688326	4.89189
0.171039	2.35386	0.653734
0.262262	2.08887	0.216504
0.889273	0.640238	0.938715
0.295932	1.96084	0.031299
0.951273	0.119083	1.79783
0.587395	1.12404	0.431062
1.36114	0.200764	0.478826
0.621821	0.0460034	3.706
1.44059	0.154222	0.188202
0.0461781	0.0128995	5.61342
0.225503	0.0522283	4.5604
1.40053	0.206303	0.0279633
0.390175	0.760865	2.4167
0.550694	1.16532	0.786097
0.000262403	0.000262175	5.99437
0.00024381	3.99586	0.00505599
0.000262403	0.000262175	5.99437
0.000252402	4.00017	0.00026206
0.00587066	2.79445	1.20136
0.101165	2.7024	0.186106
0.0366648	2.23212	1.342
1.45853	0.119438	0.861752
1.63115	0.0709682	0.519152
0.0609632	0.0166878	5.40417
1.31647	0.223486	0.235366
1.41657	0.178481	0.24956
1.00958	0.482492	0.940651
0.0129046	0.0873996	5.53973
1.36915	0.18838	0.463077
0.0467171	1.12354	2.91087
0.0819264	2.92878	0.126461
0.0139182	0.110041	5.16803
0.951628	0.6107	0.00881051
0.0645643	1.85414	2.16571
0.109419	0.230457	3.9327
1.22091	0.326277	0.167243
1.07816	0.0629724	1.82147
0.69955	0.0346249	3.00334
0.00306539	3.77512	0.0290341
1.3455	0.20913	0.177007
0.323732	0.905957	2.37311
1.49598	0.130348	0.233409
1.66991	0.0509849	0.298491
0.0240019	1.18889	3.11319
0.0013902	0.00117965	5.85805
0.62401	0.00457155	5.6203
0.179978	2.30953	0.29108
0.0040706	1.37591	4.16021
0.206742	2.1391	0.955811
1.40406	0.149015	0.859689
0.48397	1.31818	0.743512
0.15499	2.38736	1.03873
0.118284	1.61763	2.32094
0.382026	0.843048	1.38615
1.73147	0.0273216	0.482721
0.971668	0.578211	0.218202
1.26659	0.00853484	1.78586
1.12834	0.0422203	1.94266
1.55981	0.0872512	0.558013
0.988942	0.56911	0.25413
0.526039	0.0903956	3.28786
1.24242	0.263321	0.882003
0.00997397	3.57146	1.00602
0.168318	1.49062	1.58748
0.722817	0.00603375	3.03133
1.54343	0.124839	0.0959309
0.0420845	0.0691476	4.8343
0.0097087	2.35277	2.29993
0.226615	0.0427217	4.29771
0.765743	0.856504	0.0219608
0.651969	0.0146805	3.87107
0.167059	0.128176	4.46658
0.53801	0.0769534	3.19638
0.0731375	2.8556	0.476388
0.110388	2.65256	0.445549
1.76689	0.03261	0.0827642
0.405668	0.811755	1.41456
0.0110612	0.659379	4.21446
1.09257	0.4217	0.227505
0.00249416	3.70523	0.766578
0.235951	2.07632	0.872761
1.57143	0.0879589	0.334084
0.0153977	2.276	2.09406
0.0263994	3.32996	0.4056
1.69704	0.0451738	0.75046
0.0358389	0.0524094	4.97519
0.201983	0.514918	3.34048
0.0774004	0.0187386	5.06164
0.0493639	2.07395	1.52516
0.0314841	3.28906	0.253074
0.753774	0.311028	1.5536
0.370103	0.883743	1.44649
0.714726	0.920133	0.667969
0.149165	0.207285	3.7052
0.0501296	3.03336	0.406174
0.0328625	0.418024	4.60959
1.16798	0.026854	2.30609
0.36506	1.68474	0.152645
0.0036626	3.62353	0.949345
0.03645	3.21801	0.330467
0.473238	1.37227	0.997249
0.888947	0.190903	1.39618
0.0073405	2.43184	2.09137
1.03848	0.453289	0.932839
0.0587711	2.98986	0.79235
0.406625	1.5684	0.318203
0.0127538	1.41587	2.58992
0.34972	0.281958	2.78835
0.465136	0.647096	2.04233
0.206902	0.102093	3.58944
0.109651	2.61248	1.14288
0.123749	2.57203	0.980675
0.00591608	3.86007	0.0249499
0.204963	2.13141	1.08663
1.74775	0.0248732	0.426309
0.00271457	3.64963	1.86584
0.796554	0.785472	0.665846
0.449703	0.687588	1.7177
0.249831	1.98593	0.878204
0.794971	0.755648	0.826624
0.0160517	3.47314	0.906695
0.924763	0.191522	1.21674
0.216676	0.0944244	3.65339
0.302918	0.298529	3.46998
0.334106	1.72135	0.596415
0.608927	1.06801	0.741932
0.914026	0.603924	1.15135
0.0521504	0.0221087	5.66611
0.733759	0.023745	2.42543
0.148466	0.634498	3.38969
0.747235	0.0211719	2.7248
0.218302	0.470007	3.41287
1.51618	0.0986791	1.10385
0.14449	2.45796	0.49449
0.31602	1.77246	0.592404
0.500703	0.68594	1.26056
0.0441809	2.02524	2.26121
0.0321901	1.09474	3.49706
1.11962	0.052318	1.64958
0.0846889	2.84554	0.133859
0.0332977	2.05351	2.2288
0.410814	0.747225	2.029
0.637589	0.392376	1.98477
0.454545	0.662464	1.86168
0.037792	0.0668743	4.94198
0.0103234	0.152164	4.8718
0.0492889	1.981	1.9636
0.0419529	3.11108	0.77213
1.2455	0.032277	1.30413
1.89095	0.00729767	0.716568
0.0595253	0.938136	3.62649
0.583408	0.10586	2.47842
0.195495	0.548708	3.33594
0.674856	0.947671	0.802824
0.613701	1.07313	0.717371
0.347043	0.28015	2.94101
0.0936502	1.81134	1.32472
0.851293	0.192852	1.93894
0.684038	0.95531	0.380417
0.0690222	0.992465	2.55461
0.254078	0.466041	2.70014
0.126412	0.752945	2.81498
0.0739589	2.97205	0.07447
0.104315	0.292316	3.87935
0.170647	0.110825	4.40907
0.876353	0.698315	0.782988
0.229893	1.19507	1.64105
0.0703464	0.978726	3.18476
0.27318	1.8904	1.03777
1.06038	0.452776	0.44891
0.509204	1.27854	0.766034
0.313601	1.83298	0.129485
0.226077	0.0460691	4.53884
1.79506	0.0268769	0.0589727
0.288213	1.86691	0.689106
0.172959	2.48265	0.108638
1.18918	0.314357	0.833087
0.00591608	3.86007	0.0249499
1.51761	0.0997902	1.09504
1.04089	0.443324	1.07214
0.137665	0.773178	2.67827
0.396342	1.55257	0.766241
1.68841	0.0484252	0.16951
0.587298	0.52623	1.25726
0.0408694	1.02974	3.49292
0.42997	1.45896	0.62588
1.28556	0.00799004	1.86699
0.743078	0.861921	0.290951
0.915892	0.592471	0.976205
0.000378074	3.85281	0.800762
0.545048	0.000262678	5.77469
0.592071	1.16042	0.000457272
1.76367	0.000840342	5.18543
1.05114	0.0576743	2.21335
1.66147	0.0384079	1.1036
0.0017412	1.38539	4.45803
1.37818	0.202268	0.010266
0.374326	0.225046	2.92867
0.0337516	0.0399288	5.02479
0.348723	1.71237	0.174093
0.175285	0.0825946	4.63217
1.83128	0.000659132	3.4027
0.265359	1.94674	0.802144
1.44692	0.15453	0.241838
0.130154	2.56109	0.7208
0.915324	0.620202	0.259497
1.12729	0.00180492	5.45591
0.117858	2.64057	0.143749
0.0549847	3.04794	0.686735
0.395134	1.63925	0.483482
0.165888	0.122579	4.48267
1.61665	0.0743491	0.179588
0.199801	2.24041	0.441595
1.70331	0.041893	0.36992
1.80561	0.000376035	4.16268
1.85047	0.0074091	1.03216
0.0615663	1.89899	1.90765
1.9053	0.00698467	0.0996366
0.0830031	0.280961	4.23946
0.17066	0.0827188	4.33088
1.95644	0.00174169	0.148934
0.00209651	3.92568	0.00173557
0.828751	0.703252	0.710545
1.1647	0.0259949	1.86417
0.983467	0.506456	0.901492
0.967403	0.553921	0.798701
0.0260064	3.38149	0.687019
1.09147	0.0389436	2.06457
1.24245	0.2577	0.975281
0.229937	0.42817	3.36354
0.317661	0.322562	3.06986
0.0145802	3.49546	0.706257
0.507518	0.587048	1.51346
1.78257	0.000782735	4.68387
0.952029	0.145844	1.25689
0.0193092	2.20434	2.33579
0.076307	2.88113	0.193167
1.10432	0.0535427	1.53717
0.504124	1.33787	0.530881
1.54512	0.0890612	0.784227
0.00489711	3.69306	0.335615
1.407	0.162632	0.489543
0.0520079	3.15882	0.0925685
1.72999	0.000780315	5.66804
0.22547	0.442783	3.28666
1.01627	0.0695611	2.02774
1.67526	0.0584107	0.562591
0.431228	1.47076	0.61949
0.79527	0.823704	0.211526
1.1374	0.0405508	1.58806
0.000590185	2.70166	1.38841
0.043045	3.30695	0.0500501
1.06919	0.482155	0.0174438
0.257724	2.02189	0.733412
1.87462	0.0106933	0.38573
0.327909	0.0132146	4.08801
0.0452107	0.452408	3.72099
0.0898017	2.81612	0.185634
0.0261308	3.41464	0.0409402
0.0675313	0.00301846	5.31523
0.00399278	0.498251	5.36247
0.148493	2.52908	0.230782
0.460274	0.662481	1.86801
0.609108	0.444246	1.76417
0.116335	0.189926	4.75182
1.86655	0.00551383	1.16323
0.85492	0.701263	0.419141
0.910766	0.169491	1.3432
0.803992	0.795949	0.457116
0.031094	2.16696	1.72395
0.00846636	1.54782	2.7534
0.00920404	3.60579	0.181528
0.962529	0.117009	1.97924
1.27424	0.0267702	1.29888
0.0944804	1.74914	1.62056
1.49852	0.111725	0.314219
0.0827282	2.95049	0.0781418
1.23665	0.256466	1.17943
1.30721	0.272536	0.0300532
0.97994	0.102354	1.67362
0.10448	2.75935	0.677799
1.75876	0.00197614	4.03668
0.00663955	0.00804305	5.85065
0.138057	2.49076	0.342399
0.758644	0.353387	1.24677
1.58273	0.0930146	0.229923
0.0719796	0.916445	2.86332
0.0403093	3.12777	0.568619
0.573761	0.476877	2.13888
0.513593	0.00108393	5.46828
0.369416	0.837719	1.64644
0.247656	1.17755	1.49886
0.731686	0.00259504	3.53485
0.247339	2.06954	0.735399
1.21083	0.298137	0.802518
0.583777	1.13702	0.51671
1.60193	0.0852787	0.105602
0.334928	0.875744	2.37418
1.20916	0.0022534	3.9797
0.0600047	1.87622	2.13285
0.316897	1.82752	0.190643
0.680805	0.371359	1.5516
0.423062	1.51949	0.164626
1.93196	0.00358985	0.232593
0.103375	2.74517	0.866202
0.57097	0.0764733	2.82369
0.223135	0.51919	2.63724
1.56868	0.0898191	0.320906
0.0259469	0.694287	3.65204
0.00882579	2.37479	1.82813
0.0681202	0.944351	2.90575
0.783761	0.0118185	2.3978
0.0559393	0.024025	4.87421
1.0234	0.514697	0.704379
0.282898	1.02349	1.88457
0.445642	0.676189	1.9058
0.151484	0.175693	3.82008
0.0301105	3.28855	0.407171
0.803854	0.771818	0.602507
0.396619	1.61153	0.0528855
0.440518	0.744299	1.26863
0.334302	0.335799	2.55538
0.62997	1.07317	0.254251
0.661156	0.0210013	3.08131
0.18021	2.30141	0.953579
1.26637	0.0326049	1.27466
0.213591	1.24237	1.48939
0.0317097	1.08091	3.57032
0.693715	0.0189514	2.49588
0.00796098	2.4294	2.33643
0.459151	1.4605	0.352653
0.0350606	2.1323	2.09008
0.334493	1.79081	0.134673
0.482757	0.148934	2.91906
0.00188581	3.88014	0.124789
0.494441	0.631994	1.98802
0.0114633	3.75073	0.00743579
0.234084	2.10593	0.252726
0.000580084	3.99289	0.00824721
1.29612	0.00629597	1.20372
0.740673	0.00656321	3.14719
0.18021	2.30141	0.953579
0.302388	1.11276	1.21045
0.0348336	3.243	0.913137
0.162932	2.35143	0.753127
0.00906664	1.54065	2.80884
1.18503	0.329669	0.874558
0.0116077	3.56941	0.256717
0.259291	2.0236	0.731727
0.205064	1.30397	2.01318
0.886996	0.1944	1.23784
0.0349879	0.0434783	4.94497
0.41226	0.259267	2.45247
0.615468	1.08913	0.402105
1.40448	0.185949	0.0105924
0.036616	0.0543735	4.83472
0.0681434	1.88339	1.43984
0.0646349	3.00218	0.324919
0.136175	2.46161	0.765905
0.288095	0.386352	2.65018
0.272282	0.410138	2.69639
1.18185	0.0254325	1.33443
0.864396	0.169467	2.02881
0.433043	0.144356	3.48912
0.0140463	1.43569	3.22583
0.0777176	1.81607	1.46307
0.715021	0.916314	0.125241
0.157973	2.41344	0.502776
0.542797	0.000664563	5.74476
0.819312	0.258264	1.22019
0.3607	0.0236665	3.75158
1.99172	0.000318607	0.000761706
0.000221028	0.000212727	5.98766
1.94585	0.00176458	0.000319643
0.000221028	0.000212727	5.98766
0.000221028	0.000212727	5.98766
0.0614947	0.013018	5.46246
0.00849855	0.108493	5.28486
1.5771	0.0634882	1.14302
0.000439716	3.72009	2.65512
0.228942	0.0431046	4.17217
0.263033	2.05033	0.413696
0.945224	0.552177	1.04583
0.726973	0.881703	0.565906
1.73648	0.0286551	0.473452
0.10277	0.836333	3.01144
1.90568	0.00553018	0.0987748
1.83307	0.0018124	2.77945
0.0266209	3.22202	0.950567
0.775887	0.228371	2.3143
0.0151841	3.53789	0.41961
0.584708	1.08854	0.993183
0.050741	0.0114043	5.7108
0.983973	0.529733	0.755208
1.06518	0.0532377	2.25278
1.0237	0.452689	0.933258
0.0791263	1.83516	1.38943
0.52863	0.0694004	3.49367
0.0328264	1.24031	2.49233
0.00837685	0.0011314	5.88289
1.1031	0.047699	2.13978
0.90824	0.000640703	3.19623
1.60921	0.0723115	0.617082
0.17193	0.554761	3.55492
0.601421	1.15009	0.251304
1.53664	0.107112	0.331559
0.118879	2.64135	0.00510426
0.034614	2.31384	1.44286
0.998793	0.537827	0.289267
1.13089	0.391065	0.272473
0.670193	1.04718	0.0131194
0.023993	1.46596	2.44546
0.44211	1.48741	0.27426
0.0309516	0.131979	4.86872
0.267954	0.372611	3.12405
0.804894	0.777634	0.125675
0.0154779	3.49279	0.9546
0.840926	0.728767	0.354865
1.18116	0.0210668	2.01609
0.0592792	2.98696	0.423106
0.876027	0.677453	0.600679
0.0346781	3.30527	0.0879316
0.247925	1.98354	1.03861
0.0690977	0.0446761	4.7985
0.436706	0.164763	2.85609
0.139768	0.183343	3.81543
1.82618	0.0123075	0.852668
0.0844234	1.81097	1.6288
1.27212	0.00429626	2.88556
0.155128	2.43919	0.661791
0.0022804	3.82103	0.5252
0.685793	0.331489	1.79533
1.48065	0.128767	0.509472
1.63248	0.0569087	0.746842
0.0182939	0.468206	4.60008
1.65799	0.0388501	1.16773
0.347371	1.72337	0.588726
0.364416	0.0173562	3.74277
1.43274	0.172623	0.0240846
0.548867	0.0956159	2.46657
0.294003	1.01638	1.92253
0.0360076	2.26613	1.27374
0.29108	1.89092	0.640722
1.41626	0.150999	0.782262
0.302055	1.93397	0.151988
0.321552	0.951701	1.76979
0.393366	1.56976	0.615605
0.0607904	3.03261	0.421479
0.0479884	3.0792	0.870551
0.391893	1.58457	0.886349
0.926218	0.650544	0.102199
0.906789	0.632701	0.187884
0.10453	1.68621	2.37779
0.00319527	2.56617	1.4873
1.23922	0.0618987	1.24021
0.353815	0.221861	3.68378
1.04271	0.51659	0.076567
1.22861	0.353408	0.0321315
0.00279953	3.77354	0.628984
0.857831	0.743867	0.0542067
0.0819909	2.87501	0.640348
0.178323	0.615039	2.57164
0.0440343	0.055645	4.96133
0.218197	2.20716	0.59691
0.710976	0.294211	2.17341
1.21247	0.31148	0.68884
0.149837	0.0897929	4.73063
0.229089	2.15431	0.562562
0.209554	0.0938472	3.88641
1.37251	0.201123	0.323913
1.69256	0.0293699	1.08948
0.228993	0.502036	2.90724
0.0475171	3.13996	0.228849
0.0839813	2.82493	0.718812
0.1557	1.42231	1.80689
1.17266	0.045176	1.61535
0.00587406	0.630844	4.39814
0.383172	0.0115155	3.94421
0.752652	0.276881	1.76467
0.0270943	0.494397	4.26591
0.131672	0.142978	4.49509
0.595909	1.17573	0.167347
0.103266	0.193089	4.64196
0.19571	0.521894	3.33321
0.170409	2.37494	0.658576
0.488165	1.32638	1.02589
0.335065	1.73493	0.615605
1.39491	0.187907	0.386164
0.699589	0.939521	0.759117
1.08017	0.0578189	1.99112
0.0797658	0.280713	4.07913
0.181975	1.28111	2.20458
0.16019	0.104567	4.71734
0.471972	0.632389	1.86683
1.25797	0.0190841	1.33532
0.166268	2.38511	0.661772
0.424542	0.756715	1.93579
0.3961	1.63477	0.253393
0.791583	0.834431	0.204281
0.285025	0.0203185	4.4629
0.195878	2.23093	0.650181
1.95753	0.000390734	0.242955
0.202455	0.491852	3.38429
0.576344	0.514073	1.45273
0.511271	1.26016	0.950814
0.0446203	0.018859	5.1315
0.619424	1.03629	1.04516
0.82352	0.714713	1.25302
0.21099	0.521691	2.73884
1.50495	0.116381	0.509171
0.257439	0.408013	3.25732
0.643168	0.0148866	3.83543
0.29781	0.378915	2.63743
0.76878	0.27483	1.38061
0.0741913	0.329813	4.05913
0.129173	2.52034	0.714658
0.0875419	2.753	0.74552
1.85511	0.00940303	0.852605
0.230612	2.1043	1.08187
0.330499	1.78013	0.54464
0.0249416	1.2071	3.39081
1.45893	0.132708	0.588963
0.371483	0.824817	1.68868
0.0458437	3.11524	0.614169
0.36622	0.922957	1.29518
0.0808928	0.285065	3.9902
0.40735	1.577	0.27426
1.14747	0.0296026	2.00759
0.0982778	0.231595	4.2857
1.8619	0.021698	0.0650412
0.824339	0.791193	0.01162
0.0140699	2.47601	1.57468
1.29514	0.248271	0.414505
0.361326	0.909827	1.92488
0.0123951	3.45368	1.16042
0.485558	0.655626	1.52445
0.0946456	2.80831	0.210596
0.000367318	0.00022486	5.94913
0.0405297	2.12952	1.82333
0.671913	0.961001	0.499842
1.88111	0.00505969	1.51438
1.8848	0.00305173	0.744547
0.759488	0.809999	0.782039
1.65641	0.0504203	0.805386
0.128787	0.705952	3.28612
0.107037	1.67685	1.82064
0.158212	0.613681	3.25081
1.35876	0.234673	0.0280502
0.000266711	2.31118	5.44766
1.99571	0.000294445	0.000301879
1.9246	0.000273948	0.850169
1.99325	0.000294778	0.000288061
0.00781958	3.58348	1.04587
0.721228	0.926065	0.0847464
0.0105708	2.60777	1.56558
0.148641	0.149008	3.81179
0.0542573	3.14484	0.0757142
0.0411458	2.04261	1.98613
1.02445	0.0691957	2.2986
1.76621	0.0171345	0.711268
0.139514	0.137915	4.37421
0.367259	0.860973	1.59477
0.0379041	0.0256619	5.75326
0.18962	0.577542	2.74323
1.83954	0.0031923	2.0124
0.670053	1.00903	0.149022
0.0298371	2.49633	1.21801
1.66912	0.0423548	1.07291
0.0550454	1.99335	1.37374
0.104389	2.76057	0.447789
0.270876	1.92226	0.507898
0.847756	0.203907	1.80962
0.381416	1.61649	0.519109
0.94778	0.106267	1.88065
0.244573	2.10329	0.004373
0.0341512	0.440878	4.25432
0.933469	0.607891	0.594221
0.149008	0.115017	4.48242
1.18624	0.0392511	1.49905
0.176574	0.180962	3.6918
1.80403	0.00852636	1.12519
0.185189	0.679994	2.63649
0.343804	0.324257	2.98004
0.0107633	2.42809	1.3855
0.529239	1.21843	0.633417
0.780259	0.258222	1.94033
0.058732	3.05497	0.164891
0.33033	1.6827	1.16966
1.0064	0.0847611	2.19229
0.0760431	2.88197	0.262517
1.68829	0.0422642	0.540475
0.734133	0.0560437	2.55555
0.458697	1.39608	0.762003
0.101712	2.68697	1.00184
0.0210375	2.2844	2.05666
0.00104106	3.88114	0.194873
0.0354888	3.28321	0.592931
1.63136	0.0563951	0.316811
0.0635432	1.87646	2.37304
0.0816125	0.231508	4.75597
1.50862	0.094332	0.929272
0.370818	1.65483	0.415844
0.138377	1.58189	1.7403
0.577884	1.1236	1.23799
1.41069	0.154345	0.451714
0.212734	2.18077	0.168665
0.389067	1.72529	0.171314
0.0141347	2.37079	2.03087
1.50284	0.127238	0.328957
0.0282466	0.0676416	5.2609
0.00218892	3.75397	1.20324
1.34146	0.189646	0.734384
1.04526	0.490829	0.00380166
0.319935	0.393223	2.52354
0.0774975	2.83612	0.825144
1.3712	0.175741	0.864984
0.195235	2.22966	1.0052
0.262662	0.386482	3.01772
0.101965	0.266664	3.60269
0.975931	0.512629	1.21602
0.661161	0.369923	2.1536
0.00153699	2.63976	1.8222
1.0688	0.417604	1.08173
0.293815	0.434632	2.45366
0.431844	0.755201	1.47593
1.14122	0.392182	0.182744
1.29891	0.229822	0.641482
0.110067	0.724552	3.45295
0.0307445	3.20493	0.87201
0.900867	0.673223	0.305327
1.9578	0.00128413	0.000395736
0.69773	0.0367115	2.84938
1.88417	0.00279821	1.06717
0.0135911	2.34204	2.11048
0.810993	0.739271	1.03793
1.10347	0.428912	0.182744
0.369904	0.857178	1.66345
0.439612	1.50021	0.264027
0.0951245	0.196599	4.42078
0.0217139	3.35889	0.768638
0.914637	0.646509	0.273085
0.0260636	1.28755	3.11256
1.62816	0.079802	0.0130338
0.0546091	3.00559	0.896479
0.0428066	3.31813	0.0804648
0.214207	0.471079	3.30833
0.866119	0.678294	0.945689
0.62046	1.09674	0.052146
0.484916	1.34226	0.530279
1.09828	0.413663	0.278929
0.00141598	3.9439	0.175219
0.0167983	2.23485	2.24682
0.03414	0.465432	4.03142
1.26897	0.27159	0.688903
0.128347	0.165923	4.16114
1.79174	0.00854003	1.44586
0.456828	0.718831	1.54671
1.45573	0.131279	1.14682
0.0217509	3.51559	0.377973
0.0291811	0.0537422	5.1872
0.417898	0.190552	3.16468
0.0668652	0.0142718	5.32849
0.0362523	0.427374	4.65446
1.20541	0.276784	1.17119
1.46677	0.120946	0.712982
0.404414	0.804825	1.30153
0.759558	0.830498	0.645197
0.0777128	0.00686239	5.14106
0.597317	0.101014	2.60956
0.119479	0.0367809	4.81484
1.33376	0.2187	0.879955
0.676254	0.065435	2.41657
1.72121	0.0267278	1.07029
1.27591	0.27481	0.545388
1.90665	0.00451577	0.410872
0.545738	0.531231	1.69543
0.0818465	1.89457	1.87171
0.0199353	3.39975	0.563555
0.31012	1.83189	0.414781
0.149842	0.627012	3.47734
1.16693	0.35571	0.098409
0.453043	1.46404	0.99772
1.22429	0.291387	0.375841
0.0129645	0.042227	5.65149
0.0388024	3.22504	0.368812
0.613019	0.47656	1.77342
0.0813267	0.00580013	5.04652
0.0623557	2.95877	0.349575
0.482503	1.38495	0.583731
0.315826	1.7886	0.611866
0.800744	0.786609	0.232523
0.179316	0.150119	3.73349
0.0182044	3.42339	0.563311
0.777619	0.0119452	2.57828
1.38289	0.183839	0.754619
0.0298967	2.4529	1.25289
0.0098138	0.155097	5.07665
0.499053	1.30668	0.529209
1.60142	0.0707835	0.462556
0.0730975	2.92786	0.265408
0.0775742	2.8045	0.673669
0.588247	1.18385	0.152526
0.397234	0.797006	1.41944
1.39906	0.168936	0.746464
0.0492383	1.05225	3.56324
0.417833	1.53669	0.121956
0.507627	1.26971	0.771523
1.86931	0.00749464	0.127257
0.883768	0.663196	0.584659
1.85818	0.0187366	0.242867
0.0669911	1.88163	2.34973
0.00169643	1.36912	4.21248
0.646246	1.06852	0.0100694
0.424427	1.53301	0.176832
0.204346	0.538235	2.9229
0.51936	1.30869	0.012508
1.24661	0.263155	0.804297
1.157	0.337293	0.506956
0.451683	0.160156	3.48948
0.0932839	1.75534	1.94538
0.714296	0.0533586	2.78678
1.31879	0.237815	0.239742
0.348011	0.3283	2.88019
0.817425	0.782207	0.00436427
0.230594	0.476064	2.81667
0.971155	0.0929302	1.88055
0.303806	1.82427	0.434436
0.0367721	2.137	1.37323
0.573428	1.15143	0.664606
0.0889336	0.261267	4.58305
0.135844	0.645585	3.35667
1.0544	0.0730894	2.23386
0.000278894	3.34574	5.9817
0.000381627	3.99956	0.000382017
1.23582	0.304114	0.000335561
0.000343345	0.000344603	5.99423
0.000343345	0.000344603	5.99423
0.0199068	0.0362472	5.74947
1.02103	0.0743761	2.1394
0.00842516	0.11057	5.55398
0.598254	1.15077	0.352853
0.157138	0.608409	3.2676
0.0452185	2.08037	1.47558
0.0619931	1.06039	2.48039
1.52267	0.0942085	0.885893
1.9167	0.00293863	1.04807
0.183287	2.23926	1.18813
1.40372	0.188587	0.294873
0.0289714	3.40334	0.00646688
1.37896	0.177181	0.433387
0.822043	0.219759	2.35959
0.0338368	0.0317231	5.24565
1.54989	0.111641	0.384478
0.0504759	0.00671659	5.41131
0.883638	0.635871	0.592831
0.0534816	2.97296	0.773105
1.95995	0.00618823	0.00732893
0.0639621	3.03178	0.0682041
0.0688662	0.00475213	5.10104
0.631393	0.399699	1.72389
0.559324	0.55958	1.39794
0.465788	0.727855	1.28166
0.137681	2.51025	0.744893
0.323744	1.7391	1.01814
1.28676	0.0112365	1.80074
0.214115	0.515133	3.13374
0.342969	0.0072849	3.91762
1.20736	0.328165	0.370699
0.425865	0.768099	1.67866
0.0577232	0.0208938	4.94702
0.10641	0.188752	4.20623
0.0179081	0.049216	5.3066
0.986116	0.526691	0.612956
0.815217	0.25517	1.63375
1.26286	0.263328	0.46178
0.0336026	3.29905	0.132928
0.230512	2.12787	0.0521373
0.612014	0.0548041	3.01973
0.065822	1.86981	2.42014
0.243325	0.02066	4.63598
1.48854	0.115018	0.902292
0.440338	1.49676	0.31836
0.0413488	3.17568	0.639005
1.44596	0.183213	0.0492001
0.00101593	3.92875	0.158696
0.0700883	2.86006	0.795865
0.00468528	3.79096	0.440527
0.184889	0.53997	3.46172
1.70476	0.0338252	0.681417
0.300196	0.00762741	4.43773
1.81905	0.013434	0.373254
0.0153833	0.0472374	5.50216
0.0114962	2.46587	1.26792
0.294672	0.00746152	4.5825
0.10316	1.61894	1.97835
1.31162	0.0154877	1.53008
0.541888	1.23195	0.169948
0.168189	2.28883	1.18429
1.1067	0.440678	0.0315014
0.908201	0.666771	0.198637
0.26689	1.94313	1.2009
1.58407	0.0621371	1.17768
0.0800021	0.012479	4.83851
0.0714556	0.874147	3.54172
0.123249	2.64063	0.363098
1.63846	0.0769179	0.0159024
0.197489	1.29541	1.86674
0.0732922	0.92413	2.75143
0.275225	2.01301	0.152482
1.07438	0.0822398	1.19912
0.276742	0.031016	4.07983
0.0893323	2.75666	0.837097
0.861281	0.233082	1.29503
1.88681	0.00848198	0.0799715
0.00135339	0.00232018	5.86546
0.137095	1.5615	1.95381
0.236894	1.23933	1.9289
1.67471	0.0503036	0.272381
0.650334	1.0361	0.393928
0.0130405	3.56916	1.19401
0.0314509	1.38667	2.845
0.0643788	2.89957	1.09623
0.102109	2.68933	1.09659
1.1801	0.320675	0.490037
0.856877	0.222312	1.30685
0.00317868	3.87644	0.0119858
0.0153737	3.5035	0.739562
0.0491786	3.13168	0.138461
0.195967	1.27917	2.20514
1.46813	0.154026	0.26518
1.75108	0.0235146	0.649439
0.0031437	3.67338	1.05405
0.267046	0.0074774	4.99656
0.205894	0.497938	3.18968
0.238989	2.01482	0.824665
0.421332	0.204261	2.6266
0.00356659	3.62306	0.987755
0.118111	0.781337	2.55832
0.478392	1.40766	0.0556614
0.592089	0.0696203	3.0783
0.706793	0.940398	0.404149
0.0724527	1.81649	1.94
0.760524	0.816802	0.577473
0.311679	1.92731	0.212189
0.67246	0.982321	0.243929
0.189873	2.32307	0.0654284
1.1325	0.381868	0.860467
0.0247741	3.35105	0.178318
0.0442798	3.09597	0.598935
0.979465	0.570865	0.728942
0.107216	2.70207	0.845257
1.63057	0.0799036	0.0871816
0.725744	0.00968199	3.80722
0.391431	1.5456	1.01793
0.497162	0.68542	1.40781
0.375054	0.851994	1.35572
0.196357	1.28488	2.07646
0.744752	0.273775	1.75924
0.694927	0.348665	1.62289
0.442645	1.45286	1.14994
0.666432	0.366987	2.10825
0.251672	0.0230239	4.49897
1.04557	0.0772611	1.32414
0.0032618	0.000496415	5.84672
0.256376	0.0218435	4.30198
0.382131	1.70605	0.0281828
0.0301275	0.0682082	5.06455
0.283171	1.89965	0.493406
0.177015	0.589643	2.93718
1.72271	0.0337121	0.227436
0.504314	1.25953	0.94816
0.714176	0.291424	2.23232
0.923363	0.160153	1.46744
0.574969	0.0510893	3.58628
1.16889	0.0258639	1.60374
0.369177	1.72614	0.0237995
0.147428	2.38694	0.820925
0.0197647	0.476768	4.7179
0.120044	0.86784	2.53312
0.0198555	2.42412	1.54897
0.0725109	0.879888	3.42201
0.0356686	2.36082	1.2283
1.22984	0.318313	0.0864783
0.131297	2.5647	0.183735
0.000451036	3.97401	0.000627741
0.773582	0.832115	0.53683
1.33923	0.207698	0.700654
1.15004	0.369267	0.261062
0.114582	0.829809	2.80451
0.0207106	2.44544	1.41631
0.115253	0.776149	3.34697
1.12159	0.385612	0.462606
0.263365	0.0349736	3.99976
0.942434	0.118742	1.75969
1.48426	0.150384	0.250732
0.68734	1.0272	0.0974893
1.30879	0.00916853	1.78292
0.35833	1.67398	0.739366
1.87486	0.00425535	1.73003
1.24229	0.0077406	2.66357
0.584571	1.17813	0.352853
0.00669315	3.73357	0.0117774
0.186593	0.531191	3.34558
0.0919936	2.82442	0.0741678
0.107442	2.59427	1.14942
0.252134	0.0192872	4.71404
0.20755	2.26564	0.00862216
0.135554	0.754429	3.09854
1.60377	0.0851458	0.186106
0.00547101	3.72527	0.241385
1.76697	0.0215563	0.491222
0.0298374	3.22625	1.07735
0.398689	1.55153	0.525587
1.83857	0.0104465	0.744162
1.77982	0.000251484	4.87024
0.000377842	3.99829	0.000383074
0.585705	1.17277	0.000350797
0.697058	0.000975941	4.24376
0.00162715	1.23835	5.64623
1.79134	0.000626386	4.52511
0.000485762	3.48253	5.55925
1.618	0.0825608	0.0532298
0.0103152	2.44653	1.8071
1.89586	0.00132935	1.14855
1.763	0.000448864	5.22169
0.118856	2.56979	0.858711
0.000550138	3.77193	1.84913
0.640223	1.06854	0.000634506
1.10374	0.0426656	2.22103
0.00362605	1.26656	4.58207
0.00526494	0.731311	3.70963
0.362074	1.63332	1.19482
0.0967167	2.76672	0.252197
0.00782416	0.534695	5.13516
0.320153	0.295361	3.60423
1.66686	0.0669535	0.287639
1.35326	0.186057	0.652938
0.104586	2.7207	0.245865
0.000278894	3.34574	5.9817
0.0944053	2.83029	0.31902
0.000652413	3.82493	1.21405
0.349466	0.900375	1.7287
0.987589	0.0805911	2.18798
1.73413	0.000618844	5.48206
1.00929	0.521068	0.0470242
0.0463454	1.00633	3.51572
0.0199845	0.436118	4.75151
0.014607	1.39415	3.42389
0.92646	0.626213	0.123632
0.163485	0.128517	4.3423
1.92698	0.000489391	0.87908
0.979089	0.0786416	2.38623
0.0342573	3.26921	0.000549392
0.73595	0.843931	1.08027
0.0502715	3.07092	0.912021
0.00923385	3.5874	1.09575
0.079821	2.87958	0.21522
0.0367804	3.16221	1.08115
0.533062	1.19633	1.06049
1.13586	0.0408589	1.40651
1.38333	0.169729	0.67974
0.158445	2.37185	0.943861
0.460237	0.681276	1.63005
1.07115	0.0683307	1.96557
1.16065	0.373005	0.373856
0.824567	0.713646	1.05653
1.18176	0.335901	0.582578
0.293907	0.320264	3.30651
0.330352	1.76504	0.713585
0.254	2.03882	0.473996
1.51818	0.112677	0.210627
0.668336	0.421402	1.46323
1.21319	0.295482	0.388367
0.726575	0.00905143	3.91428
0.612413	1.09552	0.95852
0.0473343	3.12364	0.24725
0.621142	0.0530502	2.76128
1.03859	0.475002	0.824833
0.0387603	3.22016	0.420685
0.771738	0.78925	0.830508
0.414047	0.761751	2.00431
0.0420607	0.010305	5.79232
1.30598	0.000836579	2.08168
0.123316	0.171542	4.37407
0.0101086	3.53651	0.532102
0.638912	0.405964	2.30449
1.5457	0.0856236	0.797135
0.489131	1.42583	0.0140727
0.472013	0.69471	1.50573
0.802372	0.77066	0.823658
0.312432	0.341495	2.9111
0.0713028	1.85264	1.89897
1.24251	0.00997483	1.56116
0.382551	1.60395	0.622057
0.025385	2.15429	2.26647
0.950534	0.569825	0.480258
0.239298	0.430821	2.99514
0.372223	0.264908	2.93007
0.516697	1.30865	0.266485
0.0920669	1.72804	1.6716
0.0297571	2.2601	1.44772
0.0057281	1.49847	2.82056
1.96756	0.000727841	0.0643384
0.0458814	1.99301	1.89091
0.0235963	1.37944	3.53482
0.255211	1.96171	0.918927
1.77029	0.000483939	5.07232
0.00366724	3.71159	0.749618
0.00562695	2.48129	1.95432
1.45479	0.128488	0.671308
1.25908	0.286435	0.590391
1.33159	0.0053795	1.40072
1.70567	0.0339169	0.347471
0.674424	0.0250139	2.75077
1.53228	0.105919	1.02673
0.249633	0.0145411	4.66889
0.7538	0.814804	1.0854
0.339418	0.310119	3.06172
1.74545	0.00071844	5.31747
0.141375	1.54645	1.25858
0.056257	0.970265	3.37818
0.126189	0.19044	3.99933
1.46331	0.12942	0.477181
1.59491	0.0834939	0.304194
0.552041	1.17704	0.772472
0.357748	0.923084	1.31703
0.399689	0.740864	2.11702
0.133383	2.51126	1.15786
0.224441	0.445797	3.19995
0.090487	2.95873	0.0189576
0.262956	1.92742	0.991657
0.0644869	2.90488	0.916079
0.000525899	3.98255	0.0213374
0.0933	1.6822	1.87119
0.0241116	2.1893	2.05129
0.00345927	3.63688	1.66288
0.120644	0.201183	4.09349
0.185027	2.34455	0.345308
0.192528	2.20898	0.603901
0.00179021	1.33576	4.68356
0.44895	1.46712	0.214537
0.175364	2.30806	0.746209
0.90816	0.612086	0.453738
0.0587827	1.89293	1.81307
1.41437	0.149211	0.687491
0.598558	1.1282	0.585234
1.86959	0.00600807	0.395184
0.300079	1.86913	0.715605
0.265971	0.492481	2.55327
0.291286	0.408033	2.4868
0.321536	0.349682	2.55651
0.00181037	2.51578	2.34745
0.943196	0.583357	0.293192
0.128676	0.23888	3.79026
0.000473346	3.37434	5.93203
0.841765	0.729255	0.518629
1.20336	0.0279248	1.22065
0.107872	0.936867	2.52682
0.10649	0.218592	4.08991
0.281459	0.357175	3.28528
1.12235	0.0530211	1.52584
0.856863	0.725329	0.494469
0.903419	0.612265	1.09891
0.156816	0.660257	2.86951
0.067737	0.308823	4.17916
1.43102	0.156184	0.184992
1.16249	0.0187139	2.37765
0.129	0.185798	4.01677
1.71381	0.000478524	5.89933
1.67941	0.0456073	0.334964
0.432851	0.784836	1.36365
0.0274281	3.39096	0.17865
0.21158	2.13251	1.00868
0.00701392	1.53184	2.6544
0.207797	0.468491	3.24125
0.0446282	2.08664	1.6025
0.444613	0.698398	2.00202
0.786136	0.245275	1.72365
0.402403	0.265426	2.69096
0.232304	2.07759	0.42457
0.18936	2.27851	0.581515
0.0140953	1.48215	2.45066
0.138645	1.57951	1.52511
0.562266	1.20427	0.196349
1.57104	0.0847604	0.454731
0.219508	2.10346	0.628088
0.039258	3.23929	0.321928
1.86436	0.0061801	0.394904
0.511176	1.28422	0.666787
0.400609	0.210322	2.96694
1.74545	0.00071844	5.31747
0.329304	0.984045	1.32756
1.28341	0.00179763	1.88421
0.573375	1.14002	0.702205
0.197672	0.513431	3.38085
1.99474	0.000577606	0.00326285
0.000214387	3.75677	2.11605
1.99624	0.000671815	0.000686925
0.000844211	3.9397	0.000613784
0.0034637	0.0910406	5.68582
0.796752	0.736105	1.08239
0.64521	0.00109971	5.50137
0.000856939	3.70384	2.04253
0.0986577	2.82025	0.241635
0.0598582	2.92088	0.766192
0.684555	0.988857	0.384013
0.0612952	0.958148	2.91502
0.547586	0.532066	1.64096
0.0549007	1.0249	2.76382
0.411569	1.57072	0.367536
0.0248809	1.16703	3.57517
0.84087	0.180482	2.28617
0.876336	0.645746	0.676172
1.56661	0.102506	0.00542793
0.343054	1.76213	0.352084
0.00342129	3.81268	0.112706
0.0282619	3.35352	0.00488102
0.0616414	0.314543	4.36865
0.299274	1.83691	0.816792
0.0211349	0.065948	5.11132
0.0149234	2.36393	2.24501
1.03042	0.493206	0.443819
0.773501	0.0091351	2.68653
0.359746	0.870376	1.5059
0.0189498	3.5013	0.0213978
1.44709	0.162561	0.0329761
0.718157	0.00903168	3.25926
0.0240283	2.4188	1.51739
0.994876	0.0977397	1.54881
1.24703	0.0269002	1.37469
1.09476	0.0425196	2.33171
0.565222	1.13168	1.02681
0.174139	0.579708	3.50156
0.044083	2.04306	1.80886
0.627829	1.05952	0.372774
0.0267654	3.42237	0.48208
0.993278	0.512108	0.948658
1.20471	0.00751437	2.64562
1.6355	0.071603	0.12294
0.0131426	0.46657	4.84928
0.196644	0.561551	3.4429
0.235512	0.051292	4.07841
0.0517377	3.05739	0.608916
0.141528	2.46323	0.892552
1.1598	0.0354683	1.42459
0.969511	0.0877927	2.2856
1.11858	0.392042	0.330175
0.382886	0.79945	1.88836
0.0412025	1.97024	2.1055
0.10434	1.60715	2.19749
1.95336	0.0044651	0.0132152
0.394133	0.845655	1.34225
0.172047	2.26582	1.18191
0.0239784	1.20247	3.52275
1.50394	0.121808	0.192639
0.00549657	1.38828	2.9926
1.53424	0.0983675	0.406121
0.0433383	3.14978	0.327941
0.100318	2.75508	0.450596
0.115228	2.65999	0.482826
1.46962	0.139693	0.359598
0.453815	1.43307	0.994438
0.275421	0.0107617	4.89463
0.161351	0.687125	2.53714
0.592162	1.09194	0.75129
1.73806	0.0352963	0.0897129
0.933578	0.597596	0.259371
0.479818	1.35694	0.332642
0.203062	0.0705375	4.12257
0.116608	0.187517	4.30067
0.882536	0.171465	2.14876
0.427238	0.762223	1.29876
1.93168	0.00813979	0.015495
1.20956	0.0273029	1.25768
0.314618	0.00113111	4.53409
0.0406083	2.0801	1.67164
0.00172108	1.01944	5.40702
1.12645	0.358797	0.9772
0.694915	0.889865	1.04856
0.134465	1.5081	2.19829
0.524941	1.26808	0.806003
0.083898	1.9256	1.27961
0.00272816	3.88352	0.0019946
0.47653	0.114509	3.31343
0.0373886	3.22169	0.310453
0.0266281	1.46009	2.41347
0.378791	0.801463	1.98001
0.213428	0.0746972	3.86859
0.751032	0.00320424	2.91529
1.30757	0.234401	0.528431
1.81896	0.0169839	0.0909736
1.86158	0.00975635	0.0708153
1.33204	0.222254	0.702035
0.0327423	2.10804	1.78658
1.27971	0.231491	1.13522
1.8335	0.0172836	0.0108344
0.611456	1.12808	0.00492934
1.36076	0.208576	0.721565
0.0646359	0.930104	3.16378
0.00605035	0.548905	4.97186
0.0274681	3.29566	0.256355
0.0228679	1.41171	2.48857
1.60926	0.066853	0.554938
1.90582	0.00246593	0.306592
1.14276	0.0373271	1.72182
0.217352	1.22928	1.59727
1.42134	0.168761	0.416033
0.00863445	1.54239	2.57849
1.71266	0.0447928	0.0107021
0.161307	0.130337	3.9605
0.440182	0.784406	1.21406
0.0344057	2.2126	1.26187
0.197393	0.571043	3.41053
0.127029	0.751397	2.75553
0.226535	1.1534	2.32628
0.0956731	1.67157	2.11137
0.501803	1.33748	0.266505
1.66212	0.0461515	0.646504
0.00510674	0.100108	5.38239
1.05	0.486905	0.0326551
1.15966	0.016952	2.3906
0.638214	0.0343542	3.03178
1.2647	0.257942	0.51381
0.124619	0.722665	3.31348
0.787792	0.252487	1.9491
0.168581	2.32176	0.574431
1.5961	0.0696776	0.820594
0.0542564	0.321	4.46868
0.319454	0.0396277	3.73012
0.0909503	2.80401	0.357463
0.597494	1.10266	0.388444
0.0370211	3.27848	0.263848
0.296765	0.0089162	4.75267
0.0034334	0.599589	4.68193
0.7084	0.941849	0.285788
0.15974	0.114137	4.2377
0.0473737	3.19745	0.16335
0.0730367	3.02956	0.131618
1.40191	0.190411	0.0179252
0.761617	0.260584	1.80362
0.0115382	2.60154	1.59761
0.0950903	1.72037	1.74226
0.453632	0.725161	1.44667
0.305779	1.87323	0.0280122
0.0164104	0.706255	3.66454
0.0993794	1.71576	1.91014
0.509041	1.2686	1.02173
0.517978	1.24451	1.03148
1.48994	0.124893	0.47868
0.150201	0.107419	4.65641
0.959223	0.133335	1.41503
1.07219	0.442929	0.723148
0.0288128	0.560096	3.93222
0.207286	1.38755	1.24654
1.5229	0.130092	0.0568242
0.448468	0.149289	3.16118
1.27569	0.00726783	2.04643
1.04299	0.437765	1.15414
0.0198174	0.448593	4.77629
0.116241	2.6904	0.424105
0.073828	0.938098	3.10854
0.220169	2.13106	0.44098
0.0555967	2.98864	0.926849
1.37456	0.199261	0.706993
0.375504	0.818583	1.62244
0.287935	0.401633	2.57083
0.731984	0.899779	0.0884628
0.336295	0.0168938	3.83337
1.78822	0.0236544	0.00897472
1.87849	0.0162009	0.050085
0.901461	0.618099	0.79287
0.103061	0.189362	4.454
0.0233408	0.488364	4.21105
0.0576341	3.11252	0.13918
0.00117427	3.90403	0.0794567
1.65748	0.0640319	0.0716584
0.00207824	3.77008	0.597255
0.0783262	1.00418	2.45468
1.77462	0.0237709	0.276637
0.336619	0.337003	2.60727
0.132548	0.172957	3.77753
