1.86119	0.000138232	2.5909
0.000152444	1.0339	5.35541
0.000227871	3.99576	0.000226856
1.99845	0.000395566	0.000580736
0.532013	1.28391	0.000172146
0.0788751	1.7134	2.36378
0.315098	1.80841	0.842248
0.257545	0.409738	3.02577
0.803793	0.797276	0.0751246
0.258666	0.0103395	5.20931
0.0223565	1.1845	3.18438
1.94906	0.00225689	0.0011038
0.132786	2.61039	0.183291
0.16775	0.592794	3.33675
0.00281658	3.66148	1.59685
0.558746	0.0596511	3.22053
1.007	0.0946028	1.84602
0.00197595	3.62029	2.52379
0.365994	0.874493	1.38622
0.224218	2.03716	1.14542
0.0288985	2.12559	1.92644
0.0833521	2.82927	0.454311
0.00255822	3.83755	0.00089018
0.227922	2.17896	0.124384
0.48112	1.38902	0.157249
0.0890989	2.79484	0.425599
0.0372912	0.48867	3.66665
0.0295643	2.23133	1.31406
0.750797	0.856515	0.261389
1.51159	0.119769	0.498257
1.32563	0.20278	1.01081
0.0560913	0.958993	3.35804
0.831286	0.722334	0.686367
0.0682367	2.88364	0.473424
0.00692736	0.542341	4.83023
0.0436536	0.377486	3.96278
0.0487663	1.03583	3.4804
0.596671	1.12031	0.178474
0.675834	0.394629	1.41605
0.407272	0.756553	1.75957
1.17162	0.0140835	2.11115
1.04691	0.0641904	2.02551
1.48369	0.164059	0.0226384
0.377899	0.227206	2.80289
1.27877	0.0102991	1.285
0.0883928	0.28964	3.77553
1.24921	0.266048	0.854252
0.296806	0.961184	2.25391
0.00289965	3.70709	1.06838
0.411535	0.762687	1.65155
0.11356	0.198917	4.23831
1.92098	0.00257701	0.231225
0.189608	0.564051	2.71957
0.695602	0.0155854	2.71702
0.111075	2.68405	0.586603
0.0138409	2.29869	2.30374
0.00200959	3.90736	0.00145762
0.0598443	2.99507	0.58932
1.7142	0.0361707	0.732165
0.127728	0.155989	4.29505
0.28913	0.0183935	4.3697
0.956459	0.555328	1.16845
0.0286079	0.463745	4.05987
0.00802945	2.52053	1.19708
0.643874	0.0280108	2.9499
0.247505	0.00711996	5.46838
0.322405	0.0120643	4.15046
1.46189	0.12743	0.622121
0.000587896	0.999539	5.40626
0.0480648	1.99415	2.07955
0.629676	0.386446	2.19696
0.42975	1.55608	0.145401
1.44322	0.137523	0.901403
0.321634	1.84108	0.0144112
1.19417	0.0451173	1.25437
0.230513	2.07065	0.557501
0.784792	0.778432	0.708649
0.985867	0.0935579	1.85867
0.0207391	0.42707	4.75441
0.247475	0.00713275	5.65738
1.1082	0.0451479	1.89548
1.58169	0.105378	0.0551403
0.734813	0.908662	0.00293062
0.0011153	3.73288	0.977872
0.0211039	3.50755	0.00554482
0.457443	1.41988	0.689164
1.81283	0.0181525	0.00162113
0.893391	0.624708	0.680523
0.30212	0.00669465	4.43671
0.545613	1.2044	0.463154
0.0660671	2.93598	0.579341
0.914144	0.599492	0.47997
0.062161	1.88641	1.95658
0.859074	0.190098	2.00476
0.0366751	1.09412	3.49699
0.150136	0.635377	2.89139
0.176022	0.105526	3.85683
0.0372232	3.21527	0.278393
1.90358	0.00512538	0.000627369
0.343829	0.894644	2.2939
0.416206	1.4631	1.02428
1.64222	0.0492543	0.799166
1.84855	0.00975664	0.481971
0.775147	0.772728	1.28898
1.7795	0.0243236	0.147305
0.975411	0.512596	1.00757
0.0742012	0.239239	4.67802
0.0543616	3.03982	1.11616
1.29571	0.00750809	1.19676
0.0249135	3.46223	0.00745553
0.000426305	3.94235	0.141838
0.9296	0.62874	0.245517
0.0278186	3.40819	0.160076
0.08754	0.214133	4.52974
0.532896	1.24728	0.349251
1.21568	0.0275632	1.35754
1.7643	0.0313591	0.309752
1.08436	0.0419917	2.34189
0.577751	1.16665	0.191945
0.0446061	1.95769	2.41701
1.55213	0.0899198	0.535973
1.06702	0.443897	0.343178
1.8764	0.00591723	0.203719
0.0500877	3.07116	0.499817
1.37876	0.182163	0.742629
0.122962	0.691507	3.5555
0.273008	0.00692945	5.01146
0.948054	0.642732	0.0326041
0.186558	0.651134	2.57529
1.23575	0.0119927	1.48563
1.29322	0.248654	1.05914
0.0380838	3.18746	0.388583
1.52923	0.0886746	1.12009
0.100939	2.70095	0.487883
0.225743	1.18547	1.79185
0.516753	1.33144	0.00457186
1.39804	0.171898	0.333992
0.713961	0.939321	0.0459766
0.0435448	3.14487	0.455575
1.42707	0.151321	0.740986
1.34476	0.00576284	1.34819
1.12811	0.0581156	1.76237
0.877028	0.624394	1.15329
0.489723	1.28246	1.11538
0.014934	0.497529	4.40806
0.498671	1.32119	0.419453
1.02701	0.10541	1.54631
0.0724454	2.95348	0.265448
1.37137	0.200729	0.784376
0.518909	1.29928	0.358551
0.61779	0.479263	1.32378
1.54056	0.089267	0.80811
0.656026	1.00717	0.468781
1.16336	0.36401	0.154682
0.0114056	3.5537	0.0878574
0.00417503	0.669699	3.91499
0.0268264	3.36146	1.11611
1.66883	0.0444838	0.89977
0.423894	1.47949	0.909473
1.63094	0.0763717	0.173495
0.261395	1.99735	0.239665
1.80313	0.037037	0.0244865
0.65971	0.979488	1.01043
0.013048	2.35166	1.95432
0.444231	1.42526	0.88035
1.61692	0.0555589	0.796731
0.560044	0.480094	2.19205
1.23432	0.291347	0.866567
0.850141	0.709749	0.559403
1.15047	0.0280366	1.63238
0.0210584	1.19942	2.96911
0.0304721	0.40386	4.75895
1.41667	0.170766	1.00016
0.00932762	2.42936	1.94964
0.0584921	1.92466	1.95797
1.68499	0.0739246	0.0183259
0.114621	2.72061	0.0638752
0.0785561	0.22279	4.67632
0.0139831	2.50172	1.30201
0.399167	1.51017	0.948178
0.00426727	3.77386	0.417796
1.16748	0.0272392	1.4663
0.0406852	2.05134	1.89015
0.75387	0.0238347	2.4127
0.000249135	3.53443	5.14011
1.72911	0.000268144	5.75832
1.99663	0.000355299	0.000353163
0.000285684	0.000287394	5.98929
1.04281	0.488335	0.000257966
0.000338109	3.483	5.59434
1.85171	0.00904977	0.224379
1.93227	0.000557202	0.717891
0.0481482	1.96478	2.12877
0.489381	1.34688	0.2082
1.58583	0.0618065	0.982236
0.778412	0.778877	0.780963
0.179222	0.600816	2.83206
1.78625	0.000340957	4.56763
0.429391	0.709268	1.85595
1.81251	0.00045874	3.6548
0.0128156	1.596	2.59758
0.897671	0.635798	1.01516
0.0927211	2.79554	0.0883191
0.00748567	3.73151	0.00417573
0.285954	0.0171903	3.98859
1.48942	0.123521	0.341651
0.642326	1.04902	0.213607
0.000287049	3.90081	0.306906
0.022235	2.17349	2.36623
0.256885	0.412171	3.23951
0.717026	0.0285556	2.56186
0.110864	0.225427	4.36635
0.0754819	2.85739	1.07519
0.0570862	0.367522	3.71176
1.63635	0.0845663	0.0744605
0.40317	0.805119	1.56769
0.169603	2.40955	0.367971
1.70075	0.0473899	0.422173
0.000420768	3.51669	5.04473
0.00698738	0.261382	5.32561
0.0905749	2.7273	0.760892
0.842197	0.736022	0.311493
0.0209839	2.33135	2.11165
1.23986	0.276159	0.45616
0.099914	0.245038	4.05425
1.76826	0.0556117	0.0411234
0.000420103	3.68654	3.14589
0.297386	1.89881	0.0104747
0.00282948	2.64481	1.7037
1.31053	0.211517	0.730651
1.6771	0.0531244	0.137314
0.808842	0.00316801	2.47112
0.0239521	2.29919	1.53185
1.00972	0.529063	0.172468
0.0106847	1.66102	2.404
1.14088	0.0481854	1.46734
0.0434154	2.03371	1.6464
0.206184	2.20771	0.386786
1.51836	0.114196	0.343722
0.0335053	0.390045	4.45149
0.00925496	3.62969	0.566165
1.53855	0.108018	0.330947
0.00478334	0.646175	4.23629
0.213239	0.0834388	4.31201
1.14865	0.0491705	1.40235
0.0861967	1.76321	1.7887
1.09232	0.450723	0.227371
0.00249324	0.32778	5.50086
0.151297	0.685464	2.9087
0.375014	0.786083	2.01893
1.46518	0.142617	0.308926
0.493263	1.30443	0.898749
0.74036	0.00570413	3.10347
0.829784	0.235289	1.54954
0.000927154	3.56128	4.85514
0.620358	0.405641	2.21683
0.049344	3.06628	0.950376
1.32857	0.194299	1.05629
0.231677	0.472426	2.66412
0.0806439	2.07182	1.29221
0.230852	0.440685	3.34878
0.512932	1.27282	1.19225
0.347871	1.7102	1.14621
0.756494	0.00642354	2.85986
0.035732	0.377308	4.70074
1.11981	0.0607278	2.22912
0.282081	0.390832	2.75083
0.304818	0.0256558	3.79212
0.00464866	0.525364	5.41063
0.703107	0.000408294	4.19115
0.362337	1.72399	0.242736
0.58989	0.496464	1.76009
0.969426	0.566539	0.4352
1.05895	0.0904361	1.25661
0.226542	2.12572	0.240645
0.00322744	2.50503	2.0108
0.217531	0.482635	3.00233
0.668506	0.941054	1.12937
0.000507319	2.32795	5.16828
0.00200047	0.338051	5.53397
1.44528	0.137303	0.954977
0.354976	0.845865	1.96767
0.067645	2.94282	0.835656
0.38618	1.55237	0.959253
1.82464	0.000459427	3.2985
0.0608051	2.98755	0.769982
0.128395	0.00598796	4.97368
0.299912	1.86965	0.799285
0.653601	0.984013	0.60733
0.0732525	0.311913	4.51658
1.12574	0.0507919	1.33631
0.0408881	3.13715	0.942196
0.263467	0.0153995	4.62921
0.00495863	2.4853	1.98217
0.000432107	3.66355	3.06982
0.051868	3.07353	0.43449
0.000407682	0.00111506	5.93095
0.145651	0.180987	4.15022
0.687024	0.974637	0.399413
0.332092	1.77914	0.712662
0.853427	0.242582	1.23914
0.444335	0.177083	2.72468
1.18661	0.0205069	2.19706
0.0240699	2.45084	1.4957
0.536549	0.584111	1.70015
0.707608	0.00736462	3.49369
0.922787	0.627451	0.468587
0.715067	0.0353179	2.48068
1.56806	0.0692024	1.17028
0.0272851	3.20775	1.06762
1.25934	0.262298	0.476785
0.670656	0.0098984	3.59577
0.881671	0.662074	0.615935
0.682015	0.99246	0.0733158
0.0291493	3.31879	0.854172
0.528568	1.27247	0.965172
0.379405	1.58326	0.935441
0.282838	1.08652	1.82639
0.00773421	1.42702	3.55238
0.0823771	1.78143	2.18402
0.0938853	1.67171	2.24747
0.505432	0.551505	2.3377
0.465664	1.41835	0.0898157
0.249761	2.0545	0.157103
0.63834	1.09884	0.499016
0.00514952	2.58802	1.19509
0.441011	0.160714	3.41775
1.97549	0.00068892	0.110431
1.95132	0.00304906	0.0566364
0.119916	0.222016	3.82625
0.0340653	0.372565	4.75973
0.873135	0.680142	0.475983
0.982716	0.52021	1.0956
1.56219	0.115125	0.0920058
0.0779645	1.79753	1.69609
1.65304	0.0694681	0.382247
0.939079	0.612514	0.145597
0.0971615	0.201424	4.63374
0.0310086	3.42841	0.0108252
0.925507	0.624916	0.536542
1.15617	0.351458	0.750801
0.497889	1.31345	0.690109
0.155041	0.00272452	5.37587
0.462091	1.45963	0.0806679
1.42507	0.149456	0.425238
1.03805	0.0810634	1.59311
0.603139	1.11217	0.258147
0.139895	1.49497	2.30481
0.318931	1.81735	0.801402
0.279804	1.10415	1.35034
0.243514	0.548137	2.47169
0.0722223	0.887358	3.26683
0.156719	0.662499	3.53862
0.67105	0.0287298	3.43875
0.0904459	2.90087	0.356984
1.43307	0.156201	0.301045
0.748906	0.0227878	2.69282
0.0124134	0.104693	5.00232
0.30743	1.87996	0.702726
0.597412	1.08997	0.645392
0.0297896	3.2586	0.492628
1.22277	0.292893	0.749786
1.27157	0.0269052	1.28265
0.00019543	2.14526	5.95067
1.86119	0.000138232	2.5909
0.030803	3.30462	0.000329642
0.0931792	0.218862	4.49398
0.0127793	0.0974051	5.01655
0.068895	0.271571	4.30479
0.0553194	0.0682163	4.85318
0.166648	2.32546	1.08462
0.0454332	3.10535	0.408726
0.812313	0.759705	0.265172
0.690937	0.00514544	4.01203
0.126705	0.670644	3.70454
0.512028	1.29191	0.515092
0.910179	0.170122	1.48472
0.00126979	1.42151	4.11351
0.178103	2.27386	0.885821
0.309251	0.0063951	4.66053
0.0615654	2.91623	1.18981
1.64272	0.0471742	0.619831
0.0152708	0.0698876	5.40037
1.51916	0.0915553	1.28738
0.10542	0.791525	3.02413
0.0533688	0.309438	4.54743
0.134773	0.11322	4.71333
0.00394903	0.00321575	5.89656
1.02615	0.472065	0.858892
0.0371651	3.18405	0.865364
0.0522914	3.04186	0.816671
0.228393	0.492268	2.52767
0.0180908	3.59494	0.248972
0.00453542	3.67115	0.311124
0.41493	0.829065	1.38392
0.000629232	3.9306	0.124509
0.0808365	0.962156	2.42063
0.0571195	2.99555	0.428175
0.0532869	0.00297679	5.64325
0.864838	0.68626	0.282141
0.251955	1.0866	2.18793
0.924328	0.146312	1.93394
0.532062	1.25022	0.197767
0.0418317	0.00666583	5.59877
0.562896	1.22771	0.0571881
0.637406	0.0248744	3.27551
1.73288	0.0481631	0.0613344
0.00401511	0.723014	3.59028
1.17658	0.0356368	1.44659
0.114783	1.61523	1.48929
0.0190002	3.50243	0.657623
0.357643	1.6936	0.407329
0.735324	0.857992	1.08327
0.0327512	3.26196	0.164508
1.41368	0.167021	0.640107
0.52688	1.20742	1.33617
0.266066	1.92692	1.13282
0.353992	1.67438	0.794264
0.775778	0.782839	0.565718
1.82469	0.0154446	0.93547
0.128261	0.698392	3.1245
0.662235	0.982373	0.98693
0.215711	0.0531563	4.16009
0.0681866	2.94303	0.58073
0.389113	0.251697	2.90763
1.43714	0.178236	0.344688
1.33893	0.192515	0.963769
0.246056	2.07913	0.00110375
0.158229	0.604735	3.48217
0.19013	2.26808	1.01989
0.348155	0.921958	2.04351
1.08002	0.442241	0.0627315
1.55277	0.103399	0.00146413
0.371748	0.819858	2.09257
0.841457	0.21243	1.75946
1.67659	0.0591446	0.235017
0.293642	1.84681	0.775804
0.156485	0.620574	3.30115
0.239564	2.05193	0.820495
0.192625	2.37297	0.0190369
0.288405	1.89079	0.445906
0.113418	2.62928	0.712513
0.023481	3.36458	0.708423
0.0446168	3.22038	0.0782107
0.0124021	0.0928122	5.0893
1.19136	0.0125375	2.07394
0.00430564	0.0831159	5.76651
0.325667	1.74105	0.815828
0.143685	2.51904	0.697627
0.287307	0.00638861	5.14791
0.0464882	0.00879973	5.49594
0.725679	0.00669696	3.07789
1.98439	0.000571285	0.0704684
0.254916	0.437678	2.50372
0.105908	2.60812	1.1717
0.487662	1.39156	0.00794104
1.37454	0.181172	0.748465
0.0088015	0.0617225	5.76794
0.186605	1.31352	2.22805
1.93594	0.00498352	0.115822
0.612067	1.18315	0.0244389
0.00270772	3.86067	0.00732426
1.46638	0.141528	0.0913293
1.24242	0.32122	0.116349
1.27009	0.28845	0.0249623
0.744334	0.298218	1.58116
0.58764	1.15144	0.547131
0.0195554	0.054536	5.2077
0.262122	1.11064	2.00342
0.927416	0.58093	1.08046
0.144905	2.57034	0.38556
0.549124	1.19142	0.779913
1.00425	0.0929863	1.86094
0.793963	0.00569012	2.39351
0.327361	0.912178	2.30182
0.47037	1.44955	0.284574
1.39229	0.18038	0.658836
0.00158048	1.48917	3.37744
0.969521	0.566314	0.187569
0.938859	0.603977	0.269743
1.45855	0.163173	0.100055
1.21522	0.0284568	1.41133
0.214567	2.22831	0.282803
0.0775404	2.89182	0.214039
0.64755	0.00843794	4.25255
0.977842	0.526279	0.993513
0.263188	0.387312	3.21127
0.154855	2.45929	0.152317
1.15561	0.334505	0.825746
0.000379844	3.97238	0.038786
0.288421	0.350254	3.17169
1.24972	0.0132559	1.75114
0.992918	0.517102	0.669188
0.433383	1.54987	0.0217566
0.257437	1.11699	1.7022
0.0380647	2.16609	1.54199
0.0213518	3.38845	0.759422
0.259779	0.0665408	3.81055
1.13365	0.414387	0.101442
0.241988	0.0528506	3.88292
0.430305	1.50212	0.747439
0.705721	0.00875302	3.07741
0.380887	0.209567	3.49104
0.0140903	1.35651	2.81835
0.121393	2.55797	0.714084
0.753238	0.0137779	2.89801
1.95665	0.00051036	0.171484
0.0952297	2.80402	0.121657
1.90541	0.00500888	0.0127147
1.06633	0.466037	0.0962988
1.49557	0.124753	0.0903839
0.0926466	2.74989	0.420675
0.0638508	0.98796	2.58304
0.0767578	0.945696	2.78231
0.702476	0.00516521	3.74101
0.166406	2.43883	0.0262008
0.264963	0.416641	2.72788
0.370803	1.63016	0.311771
0.282379	2.01464	0.144316
0.95225	0.562593	0.961249
0.272436	1.98403	0.212116
0.590228	1.14798	0.115212
0.0902938	2.69924	1.17675
0.332785	0.281392	2.95468
1.61608	0.0829751	0.00617473
0.297337	1.95761	0.151879
1.37576	0.206247	0.307522
0.576156	1.19631	0.191691
0.199328	0.618947	2.40494
0.280675	0.374502	2.86429
0.365785	0.830047	1.84273
0.0218185	0.0426887	5.46753
0.00224159	1.54041	2.63913
1.05949	0.0613706	2.06503
1.6992	0.0424988	0.345434
0.152223	2.50368	0.0255621
0.615813	1.05351	1.05599
0.0858765	2.85498	0.201665
1.04419	0.430974	1.13656
0.0219156	2.19916	1.6313
0.36692	0.834833	1.67264
0.0929833	2.68526	1.17719
0.367187	0.832552	1.79012
1.31711	0.246374	0.0136137
0.481411	1.33908	0.822891
1.57834	0.0830639	0.435726
1.49861	0.138278	0.0276449
0.00219077	0.73031	3.58875
0.0322822	2.19079	1.53891
1.28693	0.266927	0.0733031
0.00809393	3.71185	0.194371
0.000298892	3.27639	5.7237
1.9984	0.000346021	0.000348038
0.000368597	3.99348	0.000371466
1.91253	0.00418705	0.000332458
1.85648	0.00063557	2.71057
0.00148428	0.0024256	5.84482
1.97311	0.0010936	0.00433359
0.305327	0.958405	2.16819
1.5265	0.137123	0.0567826
0.34579	0.269289	2.81999
0.0894493	1.69176	2.28697
0.103493	2.68318	0.561449
0.112772	0.210499	4.19757
0.00875689	2.58277	1.19805
1.82889	0.0112012	0.799479
1.48399	0.110352	0.661415
0.191869	0.09507	4.07776
0.00179515	3.58759	3.10325
1.00187	0.50606	0.85282
0.0634484	3.04438	0.108354
0.00377054	3.70593	2.05869
1.07774	0.410517	0.699934
1.04348	0.511248	0.12172
0.0309567	0.0393649	5.38859
0.502893	1.41422	0.142584
1.22398	0.000887228	3.76399
0.00224014	2.32532	4.73361
0.205163	2.24907	0.245967
0.518309	1.27847	0.493947
1.24206	0.00109303	3.1708
0.076473	0.292199	4.57997
1.68174	0.0685225	0.0575213
0.00156773	3.87873	0.000644584
1.88997	0.00591928	1.54014
0.0361378	2.05581	1.91992
0.839078	0.00780688	3.14146
1.4522	0.14115	0.677455
0.016591	3.43155	0.966148
0.771729	0.819982	0.469462
0.0798368	0.255015	4.32325
0.925989	0.0035506	3.53687
0.110477	2.76338	0.0799009
0.407082	0.766751	1.96791
0.0737858	0.24569	4.64659
0.804021	0.24367	1.35566
0.0393991	3.24937	0.339505
0.121291	1.77455	1.21586
0.00112971	3.94187	0.000917673
1.56108	0.0850306	0.538136
0.330453	0.306712	3.41062
0.316531	0.940325	1.79831
0.861432	0.176618	1.70065
1.3881	0.174386	0.743556
1.78745	0.0181884	0.20686
0.979875	0.577279	0.0326241
0.608895	1.09894	0.268314
0.0441341	0.423742	4.01093
0.380227	1.60581	1.00033
0.00373035	3.81769	0.00172729
1.63115	0.0577736	0.477559
0.340451	1.72922	0.391716
1.19615	0.339791	0.0174815
0.0680954	2.9049	0.99824
0.483721	1.35095	0.432981
0.00385195	3.71959	1.86604
0.895692	0.6769	0.122162
0.0652367	2.96183	0.25141
0.676236	0.00545424	4.26399
0.0531542	3.1704	0.0783395
0.0956078	2.6934	0.866532
0.691199	0.35808	1.75928
0.0593846	1.00596	2.87324
0.585513	1.20815	0.0157827
0.373602	0.877651	1.27577
0.131628	0.135239	4.50598
0.945251	0.588327	0.603156
1.09786	0.413628	0.437192
1.16425	0.379552	0.0461514
1.30111	0.219959	0.712165
0.0539962	0.00284243	5.47608
0.551807	0.566687	1.80982
0.143611	1.5451	1.24211
1.11932	0.444661	0.226849
0.175353	2.34347	0.925418
0.95499	0.529076	1.02191
1.79984	0.0169108	0.12896
0.16378	2.29272	1.11096
0.0252324	0.048904	5.02779
0.0917077	2.85556	0.0375532
0.823372	0.725392	0.4848
1.3492	0.20072	0.426643
1.41431	0.171295	0.265451
1.26265	0.00536632	2.0906
0.0730343	1.81903	1.82446
0.63605	0.370531	2.33275
1.60395	0.0881127	0.0354434
0.865199	0.720257	0.478637
0.422198	0.221443	3.02937
0.74911	0.825678	0.533248
0.0107057	1.33444	3.33598
1.27188	0.253647	0.618402
0.0349994	3.15214	1.18455
1.37005	0.181369	0.671938
0.00221261	3.75694	1.41786
0.0285285	0.023001	5.53385
0.020515	3.47998	0.0826717
0.0581324	0.0139019	5.15358
0.0214441	0.0501621	5.14525
0.289211	1.92504	0.0935311
0.0552808	2.94857	1.18368
0.255161	1.18252	1.51593
1.17751	0.320743	0.911857
0.168165	0.740625	2.66994
0.396546	0.754926	2.33834
0.00671201	3.58958	1.0346
0.22455	0.455776	3.22408
0.671991	0.00522392	4.42707
0.418464	1.56769	0.265919
0.00233739	3.66144	2.69042
0.223955	2.11594	1.07756
0.537883	0.0878129	2.88589
0.155024	2.4018	1.10138
0.0331443	0.0427114	5.2632
0.0219897	0.0399564	5.28448
0.365321	1.74384	0.326773
0.00728183	0.704933	3.82551
0.717975	0.920396	0.0837786
1.75676	0.0274432	0.52434
0.133766	2.48645	0.997813
0.0835203	2.82749	0.958954
0.00906186	2.54518	1.53633
0.290474	1.85833	0.77278
0.0544805	3.09154	0.3048
0.565685	1.23426	0.121423
0.193266	0.621914	2.61889
1.70972	0.040149	0.266861
0.232119	0.492754	2.62319
0.101238	2.79329	0.0114337
0.0628007	1.97651	1.50004
1.29101	0.00930919	1.31608
0.0216881	2.18592	2.1626
0.916429	0.600421	0.796609
1.46358	0.148504	0.576547
0.133552	0.137215	4.41098
0.240808	0.0617471	3.80266
0.617996	1.11828	0.00345573
0.140152	1.505	1.57918
1.5734	0.0765795	1.09851
0.0624658	2.00568	1.46424
1.12291	0.447173	0.196107
0.0590368	1.02698	3.5007
0.214591	2.13468	1.14884
0.148461	0.647247	2.99751
0.264037	0.486212	2.40779
0.767997	0.850812	0.00364354
0.959399	0.572992	0.317717
0.050651	1.04354	3.41396
0.357438	0.848167	2.11223
0.0285954	3.38372	0.0752947
0.0485671	2.08848	1.76544
0.158171	2.4469	0.342081
0.28592	1.84038	1.06249
0.660534	1.0135	0.533193
0.279232	0.41965	2.43285
1.58954	0.0787092	0.504461
0.0664638	2.02741	1.22671
0.349206	1.67095	1.01158
0.0105958	2.45922	1.3922
0.389322	0.79149	2.1155
1.02001	0.0816537	1.95687
0.683263	0.393205	1.34386
0.160687	0.792881	2.53523
0.116049	0.234063	3.64116
0.0236854	3.39126	0.364877
0.0207474	2.19973	2.16383
1.13373	0.40339	0.78544
0.698602	0.0353165	2.41766
0.432657	1.48581	0.367612
1.73556	0.0321998	0.647364
0.0504008	3.08444	0.871759
1.22611	0.00174588	3.597
0.649069	1.05832	0.0900529
0.724289	0.896597	0.506208
1.65223	0.0785832	0.0639642
0.213594	2.15489	0.950048
0.189081	2.30339	0.26916
1.67183	0.000278845	5.96804
0.00021502	3.16821	4.71123
2.00037	0.000391732	0.000392378
0.000416842	3.99398	0.000677656
0.000736257	3.9123	0.000252852
0.612549	0.00093676	5.8894
1.63722	0.000308521	5.71815
1.90846	0.00209131	0.292396
0.136584	1.52943	2.17496
0.00275506	2.51015	3.16104
1.83868	0.0160468	0.00388273
0.340034	0.304359	3.32604
0.403046	1.56432	0.280871
0.0335225	3.29665	0.401957
0.00206526	1.28296	5.04485
1.19791	0.345657	0.235608
0.49832	0.61631	1.42676
1.00618	0.492306	0.856147
0.478228	1.44977	0.0323818
1.32595	0.20563	0.808223
1.40994	0.154713	0.823628
0.00127817	3.83471	0.709943
1.6181	0.0579868	1.03328
0.070561	2.86331	0.905652
1.43803	0.143614	0.933064
1.58814	0.000884744	4.77531
0.0172339	3.50643	0.684499
1.35733	0.213378	0.0217255
0.0237239	3.38963	0.594018
0.423202	0.232354	2.39838
0.281176	0.0246267	3.91125
0.114943	0.163177	4.4245
0.0355302	3.24476	0.21488
0.00178353	3.77387	1.25092
0.0516988	1.1114	2.84612
0.0449027	2.06684	1.77615
0.163462	2.41974	0.111353
0.965633	0.113578	1.99547
0.0251737	1.17414	3.06339
0.358892	0.828616	2.28656
0.0570295	3.04125	0.153643
0.325978	0.0399171	3.75223
0.0796239	2.89039	0.126924
1.11824	0.376228	0.879345
0.0333283	1.1483	2.90889
0.37873	0.799339	1.85801
0.321082	0.340156	3.22604
0.0623985	0.0102278	5.09479
0.288747	1.95098	0.493434
0.112096	1.68371	1.46561
0.253129	0.434589	2.95569
1.49671	0.121273	0.442918
0.118673	2.56562	1.18976
1.38398	0.210238	0.124278
0.0953166	0.262994	3.66501
0.236999	1.19765	1.69241
1.02543	0.0699545	1.83665
0.0128736	2.36418	2.10151
0.520941	0.575507	2.16445
0.199841	2.23116	0.461281
1.16783	0.0319242	2.08478
0.0928811	0.924871	2.61437
0.0109448	0.094115	5.58851
0.0324901	2.3262	1.2564
0.87303	0.691717	0.332701
0.747374	0.0119261	2.50652
1.72021	0.0329287	0.792204
0.0863223	2.75419	1.1166
0.167433	0.178265	3.74382
0.809509	0.772573	0.418806
0.00541777	3.72094	0.712635
1.23237	0.0147852	1.79098
0.0129617	0.0774912	5.30084
0.641543	1.08006	0.0450491
1.80602	0.0163918	0.770464
1.77892	0.0283583	0.0634962
0.128579	1.63974	1.52321
0.0298506	0.0797129	4.85267
0.304511	0.016083	4.07838
0.0262525	2.10066	2.34454
1.3072	0.226867	0.573114
0.455416	0.785191	1.40966
0.0680618	2.94639	0.358485
0.0176502	0.102034	4.95176
0.052692	0.998581	3.38152
0.699873	0.0200711	3.01091
0.271414	0.389064	3.42089
0.287917	0.341888	3.54716
0.023672	3.45237	0.104553
0.12067	0.209917	4.22424
0.0429617	0.00945589	5.70473
0.0464708	0.0228699	5.39171
0.922997	0.63343	0.410354
1.25671	0.291816	0.264887
0.0975275	0.880288	2.74916
1.96538	0.000415935	0.179846
0.0290666	2.17219	1.81011
1.47185	0.142112	0.25717
0.675655	0.0267221	2.78769
1.07864	0.449071	0.33349
0.516907	0.550998	2.23377
1.15927	0.050598	1.92391
0.480883	1.38783	0.366928
0.000436149	1.93205	4.3596
1.08995	0.0556572	2.04616
0.179105	0.0859536	4.53217
0.621643	0.454956	1.63127
0.141309	2.54661	0.0916068
0.10943	2.61284	1.05979
0.0447374	3.08281	1.11055
0.767433	0.793245	1.12742
0.353232	0.354769	2.47839
0.00527895	2.64839	1.40343
0.849572	0.742208	0.103114
0.000416842	3.99398	0.000677656
0.0691651	2.0273	1.22324
0.0459972	3.17575	0.00338184
1.95962	0.00165723	0.0528614
0.1028	2.69872	0.358676
0.00623536	2.5115	2.64251
0.914763	0.670223	0.0130874
0.714478	0.885617	1.14481
0.857016	0.712443	0.343831
0.530391	1.31729	0.066253
1.05805	0.459617	0.328165
0.064874	0.00630339	5.19462
0.898943	0.664076	0.0410101
0.120116	1.58905	1.98735
0.522474	1.34029	0.0714681
1.59796	0.0725883	0.437415
0.187946	2.27593	0.552398
0.523557	0.536845	1.89171
0.0113862	0.0872033	5.19393
0.0422785	0.0176462	5.45789
1.04612	0.486948	0.116973
0.329604	1.73137	0.690482
0.0248485	2.24639	1.55626
1.82546	0.0241254	0.191175
1.29012	0.246611	0.227827
0.742961	0.907717	0.0652032
1.54041	0.13082	0.0242538
0.0810585	1.78024	2.30481
0.789716	0.821285	0.123087
0.0540457	0.290815	4.70633
0.0330869	0.394974	4.63238
0.0856609	2.8056	0.406203
0.597362	1.10494	0.642314
0.706074	0.955873	0.00780864
0.579633	1.15351	0.375689
1.9916	0.000871727	0.0279339
0.886846	0.647064	0.964653
1.10434	0.383441	0.857034
0.556167	0.514027	2.24248
0.0242936	2.13115	2.34578
1.65581	0.0558734	0.312883
0.0822663	1.8369	1.77897
0.306838	1.81669	0.960085
0.0205184	0.519958	4.7156
0.0261689	3.41559	0.104553
0.148317	1.62421	1.33424
0.201392	2.27653	0.216109
0.817712	0.275536	1.35277
0.654894	0.395904	1.48951
1.14275	0.0384238	2.04671
0.190344	0.532188	3.48891
0.696065	0.0258784	2.67636
0.665565	1.04378	0.338618
0.088745	2.80259	0.521635
1.7113	0.0433073	0.211735
0.337001	0.407739	2.55828
1.92893	0.00327583	0.00505881
0.780313	0.790754	0.579287
1.51773	0.116295	0.144265
0.316491	1.7597	1.07638
0.218327	1.2205	1.81108
0.278036	1.89896	1.06371
0.204623	0.565619	2.56992
0.230202	0.479812	3.38508
0.00605376	0.117945	5.32864
1.13315	0.396123	0.150109
0.960794	0.111095	2.06256
0.0988469	1.70157	1.66608
0.157638	2.38754	0.684068
0.247178	0.405435	3.47267
0.000298892	3.27639	5.7237
0.000698829	3.98269	0.000679366
1.29547	0.00037807	2.26648
0.002599	0.00366471	5.85887
0.686902	0.983866	0.000370508
1.75697	0.0256866	1.21209
0.0275918	0.0359611	5.25174
0.0484758	3.0601	0.748914
1.85305	0.0065786	0.573479
1.9077	0.00158248	0.958518
1.97019	0.0029694	0.00245017
0.284264	0.00513285	4.54201
0.0134413	0.513241	4.74244
1.21107	0.00125792	4.12378
0.872273	0.661436	1.10598
0.0770707	2.81185	0.774811
0.833683	0.233094	1.76422
1.14509	0.36971	1.00126
0.138324	1.48851	1.97353
0.00345411	3.73608	0.162699
0.0224045	1.27076	2.98014
0.156386	0.125803	4.36507
0.56442	1.14596	0.865226
0.477297	1.39651	0.105911
0.541571	1.19566	0.785749
1.11067	0.390704	0.313078
0.00767402	2.49671	1.93392
1.66428	0.0660787	0.0631395
0.592685	1.10704	0.869334
0.230146	2.13316	0.206754
1.41845	0.151554	0.823805
1.88397	0.00432785	0.578609
0.0631458	2.90486	0.861499
0.113521	1.65221	1.62558
1.18154	0.356407	0.525822
0.355668	0.295096	2.83394
1.28228	0.00103821	2.15172
1.25572	0.258573	0.491699
0.598247	0.539329	1.58338
0.287788	0.339624	3.07878
1.53691	0.094744	0.615783
0.111098	1.71075	2.26624
0.0013655	3.84971	0.155452
0.0030361	3.8126	0.392319
0.253908	0.0208401	4.5913
1.39219	0.162671	1.02263
1.06664	0.0490261	2.36267
1.62501	0.0907231	0.127869
0.0458889	0.0456753	4.85139
0.319928	0.0101749	3.90205
0.0381667	0.438267	3.99024
0.0988076	2.74368	0.158887
0.906256	0.704545	0.0373544
0.165153	0.712788	2.89655
0.0347144	0.0345344	5.05201
0.109052	2.67545	0.630435
0.586147	0.0461637	3.29743
1.45925	0.132496	0.639087
0.385357	0.842604	1.40093
0.367675	0.00159192	3.69451
1.21618	0.00268098	3.64399
0.902188	0.172565	1.9139
0.21582	1.34255	1.53952
0.289687	0.993846	2.02211
0.0496542	3.02448	0.801612
0.695971	0.915435	0.539797
0.00180213	0.315961	5.66837
0.431039	1.43842	0.906356
0.0293822	0.426796	4.01464
0.462081	0.627472	2.10946
1.32349	0.00705748	1.66265
0.725643	0.00942011	2.61939
0.00894618	2.39453	2.39441
0.811136	0.777073	0.134578
0.0343793	3.30593	0.286473
0.0675855	2.86047	1.02286
0.0668849	0.286244	4.22667
0.400795	0.812133	1.28461
1.51062	0.124744	0.334571
0.0168374	2.41911	1.35014
0.0277639	3.34926	0.0736314
0.0135364	1.26857	3.20686
0.0158866	0.183366	4.8014
0.33781	1.7611	0.906932
1.73517	0.0275398	0.358008
1.01877	0.49859	0.171025
0.956516	0.570308	0.635743
0.00372534	1.32546	3.84254
0.0264671	1.26363	2.48935
0.000298892	3.27639	5.7237
0.0354154	2.17065	2.08732
1.05518	0.457784	0.329497
0.0292208	3.25799	1.11682
0.52243	0.59396	1.3142
0.210558	2.19632	0.599505
0.017615	1.35689	2.6772
1.32549	0.0050652	1.68574
0.0200754	3.56023	0.336342
0.10625	0.208185	4.15551
1.56952	0.102999	0.219929
0.210828	0.0924973	3.62328
0.125216	1.63205	2.26508
0.627778	1.02853	0.661933
1.36938	0.18995	0.663914
0.0113058	3.53014	0.69575
0.131262	2.56898	0.221501
0.0208273	3.45988	0.443939
0.083158	1.89229	1.2247
0.100737	2.70919	0.373021
0.0266862	1.37669	2.42057
0.616478	1.04855	0.776173
0.492957	1.2967	0.936642
0.975603	0.0957705	2.19072
0.00760815	1.37407	3.25257
0.504688	0.0853367	3.32829
0.0529483	2.10682	1.2681
0.302688	0.993872	1.85531
0.457726	1.431	0.251357
0.356351	0.335406	2.75007
0.847737	0.278278	1.22494
0.0433337	2.04406	1.84089
0.103844	0.203231	4.31345
0.237317	2.01663	1.07199
0.147661	2.46908	0.550098
0.49764	0.584547	2.27877
0.115171	2.57518	1.18295
0.772663	0.799112	0.488499
0.0293594	0.0292457	5.50383
1.68281	0.0549962	0.285586
0.00572747	2.46177	2.3283
0.0221979	0.0194684	5.83442
0.273297	0.394848	3.37852
0.0050939	2.62074	1.22465
0.333925	0.280136	3.12132
0.0243227	3.49502	0.337183
0.859981	0.215482	1.52819
0.00503799	3.61392	1.01535
0.776941	0.771851	1.07343
0.722266	0.880624	0.718133
0.429011	1.54687	0.24993
0.321218	1.77685	1.02883
0.0295196	2.29916	1.25628
0.419473	1.51443	0.924702
1.71268	0.0518772	0.141146
0.110488	0.746212	3.11716
0.204961	2.34436	0.175326
0.267477	1.97513	0.255611
0.0414437	0.0385439	4.94268
1.08917	0.407962	0.713647
0.999367	0.495965	0.79806
0.755321	0.252184	2.20228
1.04552	0.474683	0.182407
0.185513	2.26353	0.463509
1.55753	0.112282	0.560196
0.0277939	0.0276885	5.60173
0.442725	0.173097	2.86989
0.0691718	0.931507	3.39397
0.315102	1.79079	0.562256
0.0192763	3.45174	0.685987
0.25967	1.98137	0.965087
0.0571185	1.93596	1.85057
0.348077	0.0203759	3.68548
0.0850693	1.81742	1.47026
1.48745	0.124528	0.362969
0.189706	0.619798	2.3973
1.17212	0.375581	0.519236
0.414319	1.56386	0.717931
0.642902	0.421212	1.31667
0.0352473	2.17392	1.44981
0.200816	2.28247	0.370015
0.742867	0.324739	1.38357
0.633258	1.06536	0.452203
0.0169164	0.0958124	4.97911
0.0592901	1.94201	1.80617
0.689087	0.0179403	2.71973
0.440167	1.49706	0.273349
0.0520958	2.06825	1.49054
1.098	0.416623	0.713148
0.159225	1.5314	1.23563
1.85305	0.0065786	0.573479
0.558938	0.074077	3.44537
0.861489	0.212223	1.41083
0.664373	0.95784	0.936969
0.297567	0.0119644	4.36143
0.00019543	2.14526	5.95067
0.000398772	0.000398156	5.99651
0.543998	1.25882	0.00035992
0.00139932	3.51709	4.89475
0.00274299	3.82568	1.00073
0.00149288	3.4949	5.13926
1.94552	0.00275877	0.232003
0.0203753	0.0783215	5.04498
0.518202	1.32542	0.00370119
1.89602	0.00321725	0.266543
0.127349	2.51442	1.11451
1.15933	0.351493	0.680295
0.47479	0.122059	3.36206
0.658438	0.018079	3.44871
0.076757	1.79357	2.2626
0.168438	2.43814	0.0447641
0.114647	2.64584	0.314404
0.907155	0.146051	1.73174
0.100982	0.195664	4.51603
1.32741	0.22686	0.398794
0.0251551	1.30661	2.57377
0.388136	1.56778	1.05818
1.37945	0.17038	1.04888
0.825304	0.749144	0.347338
0.947602	0.114799	1.66463
1.50063	0.109744	0.883233
0.233891	1.24165	1.52209
1.2983	0.242246	1.16621
0.0776534	2.95724	0.0528387
0.0448939	0.0089961	5.76833
0.00766	0.00259969	5.85021
1.39932	0.00868488	1.39716
0.177958	2.32371	0.372206
0.965979	0.587444	0.228587
0.0109403	1.38075	3.51724
0.600646	0.438274	2.70171
0.21015	0.495861	3.23536
0.0406772	3.22239	0.0285549
0.296365	1.86333	0.701722
0.158075	2.41761	0.175532
0.00511982	3.87149	0.00648829
0.887466	0.140358	2.37272
1.25123	0.330576	0.411734
0.365034	0.243116	3.01961
0.0457434	0.026046	5.32457
0.214709	0.038421	4.56996
0.310455	0.0177469	4.12447
0.281846	0.412708	2.83048
0.0855248	2.79427	0.400172
0.137497	0.795302	2.64133
0.627503	1.11157	0.201975
0.0984541	0.226068	4.01703
1.46836	0.133398	0.670727
0.986072	0.1164	1.44477
0.193873	0.527812	3.10887
0.0161647	0.0444456	5.58552
1.69988	0.0449695	0.242635
0.142216	0.850298	2.46454
1.03234	0.0842086	1.34514
1.5451	0.0822014	1.07971
0.343424	1.73278	0.497661
0.141075	0.680261	3.17167
0.00901236	2.5755	2.06333
1.52122	0.103383	0.634018
0.754279	0.832288	0.505397
0.872099	0.665187	0.977497
0.113137	1.63002	2.22001
0.021577	2.26661	1.91783
0.791896	0.770527	0.462616
1.06183	0.0612873	1.60175
1.01593	0.486399	0.63699
0.0309153	3.37757	0.083491
0.567461	0.509427	2.18038
0.355253	0.285713	2.91538
1.23359	0.269645	1.1593
1.0782	0.0578547	1.88193
0.37261	0.95376	1.572
0.135977	0.20182	3.72467
0.00274863	1.49854	3.30688
0.0354747	1.15852	3.39445
1.32567	0.244668	0.31992
1.2267	0.0220504	1.69458
0.154791	0.169906	3.62871
0.0396236	3.31094	0.0434342
0.856782	0.675899	0.973274
1.67404	0.0434206	0.908096
0.0896296	2.8403	0.343129
0.804492	0.729933	1.11731
0.26369	0.047964	3.58865
1.62697	0.0544789	0.879195
0.457155	1.40073	0.939081
0.638788	1.02636	0.481656
0.0940876	0.991176	2.9443
0.317834	0.925682	1.83513
0.0828241	2.90107	0.055069
0.189228	1.30909	2.0121
1.17793	0.0487134	1.37155
0.205527	2.20246	0.607012
0.244836	2.05871	0.675409
1.24168	0.0028661	2.5249
0.252153	0.471145	2.41734
0.0277065	2.2553	1.28165
0.0731527	0.919112	3.67108
0.0564669	3.11469	0.0467314
0.0522305	0.00344817	5.49671
0.618465	1.06867	0.699281
0.702703	0.362204	1.41655
0.402467	1.61657	0.116606
0.773195	0.810946	0.467501
0.0609238	0.27849	4.81026
0.335611	0.890206	2.35128
0.320934	0.921504	1.79462
1.81184	0.018148	0.47134
0.00233259	3.68236	2.30431
1.10727	0.0885849	1.22336
0.582082	1.13027	0.608906
0.372772	1.70424	0.0106647
0.0989511	0.19176	4.64943
1.78048	0.0206354	0.401516
0.0426185	0.013883	5.41868
0.227008	2.13138	0.455726
1.64907	0.0559748	0.40326
0.774804	0.799233	0.53348
0.033602	3.35378	0.230346
1.18415	0.0319672	1.29757
0.115988	1.67378	1.32196
0.552387	1.18985	0.838065
0.329612	0.959425	1.60259
0.295697	1.91719	0.43115
1.87065	0.00493925	0.737731
0.0670106	3.16757	0.0391422
0.0503132	2.09724	1.19957
0.0114338	1.46942	2.79945
0.415141	1.5138	0.649752
0.0828759	1.87917	1.19948
0.334015	0.303146	2.82045
0.331652	0.0253408	3.88714
0.253937	0.00569184	5.39307
0.196535	0.563158	2.71096
0.00178733	3.44412	4.74486
0.00486073	1.53928	2.83641
0.0343422	0.580991	4.02991
1.5575	0.0750504	1.07492
0.0560239	3.06817	0.330432
0.00149308	0.00134957	5.9434
0.136488	2.54393	0.256348
1.09911	0.386322	0.795281
0.924707	0.648563	0.100436
0.261906	2.00854	0.210202
0.740983	0.880388	0.335708
1.8549	0.0139253	0.411296
0.68332	0.050962	2.40992
0.290629	1.9343	0.00534886
0.0122169	0.542672	4.80731
0.725717	0.863573	1.02928
0.541165	1.21263	0.663118
0.118914	2.61713	0.415874
0.00355675	1.45207	3.12196
0.974706	0.113803	1.80945
0.258679	2.0332	0.682665
1.65995	0.0486464	0.751204
0.339526	0.991791	1.26252
0.0660773	3.01118	0.0536678
0.0651251	3.01701	0.0486013
0.241787	1.17021	2.04154
0.581369	0.481948	2.17709
0.0545117	1.95934	2.04978
0.0351253	1.225	2.902
0.258885	0.0527412	3.81187
0.0516878	0.00300448	5.5309
0.000168545	0.000169332	5.9938
0.000180668	3.99569	0.000179411
0.000167608	0.000171517	5.99463
0.000167608	0.000171517	5.99463
0.184874	2.25316	0.72301
0.419027	1.52964	0.251416
0.53065	0.0824367	2.91044
1.72312	0.0447908	0.0134673
0.00281265	0.104536	5.62445
0.0351093	0.427611	4.37358
0.000305476	1.98308	4.8513
1.45841	0.169172	0.318149
1.3077	0.259497	0.133927
1.67535	0.0462126	0.163077
1.3951	0.203127	0.179847
0.0534644	1.30404	2.745
1.55012	0.116586	0.243913
0.0293735	3.32265	0.77412
0.767215	0.880128	0.118087
0.177577	2.32687	0.799636
0.00378492	3.51021	2.70196
0.0235035	0.0394275	5.46849
0.386414	1.63317	0.170131
1.65279	0.0592561	0.0511932
0.949013	0.577997	0.53608
0.45266	1.38395	0.958398
0.582045	1.14084	0.381602
0.00196676	0.952753	5.1787
0.588086	1.08023	1.35662
1.84854	0.00161657	2.83302
0.061719	3.04952	0.378616
0.666427	0.00454368	4.62363
1.16708	0.348303	0.571761
0.0447316	0.392301	4.26806
0.800628	0.837415	0.0246971
0.643355	0.00140778	5.33956
0.0230219	2.41526	1.64851
0.0868727	0.270621	4.14208
0.825061	0.241799	1.55152
0.0791557	2.77309	1.14838
0.033492	0.0856509	4.96459
0.43154	0.761405	1.44407
1.54163	0.109019	0.624927
1.59613	0.0641244	1.24748
1.27131	0.00832216	2.21585
1.5164	0.101496	1.07791
1.18778	0.33268	0.831626
0.376149	0.851	1.61964
0.683127	0.00362277	4.49548
1.00769	0.51266	0.539331
0.309041	1.84791	0.304484
0.0405976	0.00911747	5.75129
1.35809	0.191428	0.697384
0.190132	0.556737	3.37331
0.00280312	3.54973	2.62785
0.24047	2.04624	1.13646
0.0693889	2.98513	0.254747
1.80755	0.00542607	2.83548
1.13972	0.348369	1.07583
0.313769	0.324211	3.4605
0.16554	2.3751	0.869006
1.12098	0.057304	1.44371
0.924222	0.155178	1.69006
1.61283	0.0616116	0.990753
0.327754	0.93417	2.17437
0.133212	2.53259	0.572636
1.77452	0.0396549	0.0779406
0.032905	0.00495599	5.84657
0.00118939	3.84712	0.602801
0.00719082	3.66207	0.0436341
0.0486223	3.10291	0.602724
1.09007	0.388128	1.1279
0.125946	2.57037	0.337885
0.00315308	3.90389	0.00254471
0.199138	1.44059	1.2327
0.600783	1.10784	1.1659
0.381677	0.811128	2.02801
0.0602962	0.0173472	5.12297
0.653488	0.0116949	3.96785
1.00067	0.0981914	1.56986
0.259214	1.99921	1.18426
0.220939	2.17836	0.723364
0.0238063	0.0402956	5.41874
0.00430708	1.58682	2.46078
0.00197734	3.59286	2.58583
0.296252	1.88615	0.543154
0.736333	0.317132	1.73943
0.00301882	0.0936847	5.69834
0.0204163	3.36667	0.615729
0.50236	1.37267	0.486861
0.846519	0.20198	1.86025
0.256652	0.374741	3.35012
0.0783342	0.921876	3.12194
1.23966	0.357222	0.040399
1.46288	0.134104	0.548145
0.0495541	3.13965	0.427977
1.38722	0.158182	0.962219
0.287136	1.9565	0.0987045
0.00813458	0.627063	4.22822
0.0883733	2.7108	1.13317
1.11616	0.406358	0.212454
0.322974	1.79496	0.332718
0.0148548	3.61579	0.032313
0.237328	1.18068	1.88553
0.322942	0.333707	3.02498
0.00690808	3.76593	0.0128831
0.514448	1.24437	0.860899
0.0216782	0.623245	4.09781
0.557212	0.478331	2.12403
0.420678	1.48735	0.622454
0.00483107	3.8028	0.0116852
0.0111377	1.35039	3.60775
0.0527742	3.00956	0.78663
0.00122586	2.38334	3.76009
0.648214	0.0380074	3.27027
0.237137	2.08091	0.727583
1.20845	0.282472	0.932911
0.246842	0.421582	3.23611
0.486611	0.602114	2.23087
0.148257	2.48697	0.137233
1.94322	0.00597349	0.0972511
0.00406905	1.45978	2.8511
0.675236	1.01229	0.110952
0.804807	0.773858	0.190449
0.915395	0.591054	0.824729
0.570273	0.0570786	3.19631
0.000792358	3.71929	2.61616
1.74952	0.0400483	0.0885776
0.053046	3.17207	0.195214
0.115949	0.889662	2.65513
0.424893	0.722235	1.91709
1.89332	0.00994899	0.450517
0.469944	0.654178	1.51314
1.03183	0.470269	0.916858
0.0554767	0.00518478	5.27884
0.25435	0.369058	3.53271
0.160635	0.626854	3.05952
0.751133	0.328231	1.22782
0.208455	0.613119	2.42098
0.350654	1.71906	1.21708
0.707346	0.021427	2.39505
0.157273	0.181175	3.89715
0.893045	0.13908	2.29116
0.176947	0.549938	3.49764
0.321181	0.323295	3.56474
1.04675	0.432375	0.969119
0.0012716	1.05933	5.89472
0.342711	0.915478	1.69168
0.621936	1.07789	0.906846
0.0274641	3.22157	1.16151
0.602689	1.06646	0.934246
0.686716	0.932758	0.676002
0.119769	0.789074	2.56334
0.724899	0.974449	0.544918
0.0710529	0.0111448	5.00352
0.270167	0.432124	2.4323
0.537474	0.594416	1.69911
0.854473	0.703114	0.457659
1.05787	0.0483034	2.09867
0.870259	0.171095	2.13609
0.00967128	3.71582	0.0100545
0.882176	0.173288	1.80183
0.0612149	1.91657	1.98007
0.657155	0.0805717	2.50921
1.82265	0.00609708	2.25139
0.62605	0.439712	1.64131
0.13413	1.58682	1.32159
0.0574859	3.20199	0.068413
0.551981	1.24029	0.308319
0.0179376	0.663423	3.70199
0.366235	1.64086	0.486088
0.478567	0.650115	1.49547
0.143779	0.124703	4.68521
0.891927	0.133336	2.30721
0.0028752	0.213152	4.77367
0.0807272	0.0112631	4.78974
1.83689	0.000149016	3.3363
2.00019	0.000251591	0.000260776
0.000168545	0.000169332	5.9938
0.00320272	0.544754	5.41532
0.0626442	2.93315	0.986811
0.000175732	3.50914	5.34734
0.292435	0.00812195	4.53031
0.00836092	0.133581	5.07712
1.57225	0.0923157	0.541058
0.0339441	3.29585	0.0439018
0.00860975	3.64585	0.955866
0.0035045	3.79494	0.0152644
0.0748128	0.241367	4.71617
0.226653	2.22271	0.0557145
0.000175707	3.43761	5.8437
0.352787	1.64479	1.17253
0.169149	2.41041	0.528074
0.0200273	3.36508	1.0744
1.41694	0.194366	0.0894119
0.00766379	0.134282	4.96296
0.150332	0.744001	2.92532
0.186155	1.30009	1.95144
0.345192	0.8708	2.31062
0.700045	0.0148543	3.17544
0.0238466	1.18058	3.1036
0.0401702	2.06976	1.58168
0.0447154	1.39935	2.68052
0.299704	1.89123	0.621407
0.000809584	3.91089	0.0276132
0.00649687	3.55222	1.29127
1.92009	0.00484192	0.603978
1.06911	0.0664439	2.21947
1.80798	0.000798502	3.32152
0.400939	1.52517	0.969523
1.59709	0.0713883	0.491135
0.00738104	1.34847	3.55104
0.0953145	2.7031	1.11802
0.124813	0.282916	3.61438
0.0203699	1.24682	3.22682
1.84662	0.000149016	3.04916
0.967379	0.124212	1.61241
0.71144	0.0324839	2.78111
0.136759	2.48672	1.05996
0.105743	1.74737	1.41141
1.53633	0.119246	0.00737397
1.36398	0.207838	0.648661
0.313479	0.990514	1.65158
0.04148	0.0123652	5.727
1.69703	0.0417323	0.741802
1.6565	0.0445162	0.917505
1.22513	0.00240621	3.52497
0.455823	0.679386	1.44909
0.765164	0.0100034	2.86705
0.050182	3.08564	0.329156
1.76004	0.0212592	0.751982
0.00417894	0.841774	3.75878
1.33667	0.214182	0.818122
0.367556	1.6896	0.146734
0.41421	1.49165	0.895118
0.0224965	0.0630851	5.20866
0.282875	1.07832	1.7374
0.083268	1.83388	1.29833
0.0439639	3.13557	0.58345
0.0704947	0.0833821	4.84489
0.00453993	1.43923	2.98442
0.00651997	3.72713	0.00179933
1.52158	0.113622	0.282447
1.09652	0.388299	0.742252
0.0805739	1.80247	1.5196
1.50382	0.118905	0.473952
0.127738	2.66763	0.0281345
0.0286622	3.23218	0.597148
0.690414	0.917428	1.0624
1.17866	0.0178261	1.88243
1.29759	0.239665	0.714958
0.157329	0.626384	3.27571
0.0616852	0.0111363	5.2081
0.0366362	3.17364	1.02073
0.943803	0.136113	2.25517
0.755068	0.300769	1.35134
0.0245357	0.5895	3.94352
0.0422009	3.21178	0.387201
0.421376	0.722376	1.68345
0.165755	2.35416	0.725926
0.869111	0.00308297	2.72806
0.195698	0.56892	2.72191
1.47543	0.14218	0.147943
0.000809584	3.91089	0.0276132
0.127934	2.61762	0.0142823
0.415717	0.712257	2.02453
0.806	0.750671	0.576876
0.825634	0.725919	0.607941
0.0391876	2.11445	2.06701
0.748283	0.257367	2.27825
1.1117	0.378676	0.741848
0.0818914	2.98944	0.0547554
0.0260897	2.31729	1.19884
0.539304	0.595923	1.46447
0.230997	2.16036	0.0465589
0.0596352	1.95199	1.79369
0.268152	1.98803	0.17467
0.00563451	0.624502	4.12978
0.379531	1.68739	0.347396
0.0287314	2.25836	1.928
0.24045	0.0238181	4.75312
1.13817	0.363922	0.710857
0.000301788	3.50466	5.40011
0.544637	0.588568	1.25429
0.0376393	0.00941402	5.80261
1.08007	0.404708	1.06458
0.110384	0.203092	4.19862
1.00849	0.492311	0.720021
0.480794	0.64101	1.43459
1.49867	0.132599	0.20126
0.136021	2.56224	0.153064
1.19301	0.314195	0.678824
1.13162	0.357647	1.08063
0.0735755	0.2486	4.47316
1.88726	0.00626286	0.589468
0.454836	0.159402	3.01396
0.663127	0.955456	0.858345
0.498074	1.35112	0.190907
0.731407	0.0153294	2.58733
0.0700584	3.01478	0.0476707
0.0147604	2.50676	1.51692
1.45656	0.187645	0.03166
0.568977	1.20315	0.118895
0.133515	2.53034	0.507191
0.2978	0.0272761	3.77915
0.00383389	2.5867	2.16016
0.0463922	2.02853	1.5874
0.511535	0.567856	1.94656
0.107634	0.203373	4.30523
0.789396	0.767597	0.571536
0.00507219	3.61034	1.15124
1.1975	0.358716	0.0195715
0.0433776	2.04238	1.90543
0.652787	1.02262	0.842968
0.989713	0.567357	0.050897
1.43802	0.147026	0.785894
0.256995	0.0306836	4.06293
1.73581	0.0427936	0.193858
0.376728	1.5902	0.960917
0.53978	1.27875	0.338645
0.00594152	3.76354	0.126413
0.0112987	3.60441	0.0107412
1.723	0.0268636	1.05777
0.845527	0.211323	1.3054
1.27689	0.340463	0.039241
1.39357	0.167663	0.557036
0.361959	0.25643	2.63659
0.164177	0.632016	2.88644
1.23017	0.308524	0.720872
0.434652	0.148281	3.40712
0.875812	0.00834292	2.57279
0.269452	1.07266	2.16911
1.70178	0.0322452	1.12755
0.332275	0.0063469	4.22925
0.0018724	1.48286	3.44655
0.382145	1.56302	1.17253
0.895583	0.611463	1.21216
0.610151	0.420303	2.10913
1.04462	0.458859	0.474537
0.627463	1.14917	0.0226038
0.590297	0.0755324	2.56477
0.335258	0.998374	1.32238
0.510687	0.138546	2.42046
1.63254	0.111105	0.0359497
0.00218305	1.48179	3.35728
0.250573	0.379984	3.49516
0.392681	1.5469	0.990963
0.0431115	1.97699	2.37081
0.00720004	0.231258	4.88686
0.0377802	2.27977	1.46686
1.00398	0.5314	0.726532
0.606524	1.11586	0.602565
1.26826	0.264846	0.819375
0.574966	1.21484	0.0182974
0.674077	0.969084	0.528332
0.0756632	0.259627	4.08408
0.912401	0.120255	2.35224
0.895701	0.000252386	2.89604
0.000333837	1.06415	5.60231
0.000389264	3.97542	0.000700463
2.00012	0.000265812	0.000354379
1.1304	0.384048	0.167799
0.160583	0.113995	4.51795
0.580797	0.0649929	3.17995
0.00505671	3.77385	0.652064
0.504822	0.110612	3.33379
0.285437	0.0226461	4.24278
0.868194	0.688524	0.550071
0.000343779	3.48171	5.58534
0.195252	2.21343	0.629112
1.29798	0.0126811	1.37804
1.6487	0.0580665	0.754682
1.2505	0.00919491	1.57816
0.663294	0.0196578	3.4387
0.0951579	0.937836	2.41286
0.158546	2.46009	0.0165173
0.0340903	3.25341	0.983765
0.358403	1.06022	1.74468
0.761064	0.861261	0.0242901
0.544924	1.22117	0.798532
0.0467188	0.00401043	5.68956
0.64643	1.01007	0.794233
1.81923	0.0223755	0.236506
1.61336	0.0547881	1.03421
0.133444	0.183706	3.69979
1.08382	0.0733512	1.51023
0.00876372	3.61019	0.318182
0.143577	1.49206	2.29938
0.0785053	2.95882	0.522737
0.0399036	3.15297	0.817314
0.335561	0.265873	3.35541
1.52958	0.115923	0.337899
0.00719111	0.0797846	5.39357
0.025923	0.13864	4.79523
0.284289	1.91056	0.674601
0.126626	2.5867	1.06426
0.0875616	2.77143	0.735437
0.485976	1.40128	0.063571
0.283387	0.0162684	4.37903
0.167146	0.644707	2.82795
0.178146	0.133197	3.79894
1.92685	0.00772471	0.00788886
0.739016	0.408977	1.42929
0.0826708	0.206245	4.60939
0.396611	0.241973	3.11134
0.557028	1.17053	0.98166
0.00697638	0.102825	4.98242
1.16939	0.34536	0.887042
0.00594994	1.60778	3.02591
1.48901	0.109998	1.03823
1.38976	0.00457785	1.19942
0.0286006	2.17125	1.8602
0.415647	0.216689	2.70867
0.683886	0.363983	1.91835
0.0583747	3.09361	0.0148935
0.183948	1.34291	1.78227
0.977034	0.521531	0.658342
0.528896	1.2587	0.944992
0.713872	0.00915809	2.79275
1.56122	0.0895672	0.900806
1.83854	0.0173423	0.00377848
0.217382	0.502358	3.5273
0.120035	1.65645	1.62029
1.05491	0.0689832	2.02296
0.270459	1.9701	0.424241
0.156462	1.43258	2.21696
1.88758	0.00431264	0.135619
0.343675	1.74578	0.270443
0.926346	0.621387	0.238091
1.77859	0.0329454	0.19181
1.01858	0.506844	0.391875
1.86935	0.013267	0.035383
0.318198	0.285228	3.49205
0.0587211	0.392209	3.59045
0.000351215	3.91916	0.286905
0.220061	0.064953	4.28331
0.371387	1.59898	1.16775
0.0126063	3.68132	0.0331626
1.34551	0.210204	0.300818
0.526956	0.558645	2.12811
0.0228284	0.0429021	5.31626
1.45843	0.141303	0.482018
0.474626	0.176041	2.95455
0.0748029	2.99905	0.0233721
0.618855	0.458367	1.4858
0.304305	0.00993651	4.10754
0.52205	0.573382	2.05913
0.572493	1.12782	1.05254
1.37059	0.00661652	1.43652
0.82241	0.196262	2.30908
0.0282213	3.38782	1.0071
0.206812	2.26178	0.167106
0.091904	1.79053	1.6247
0.0309771	0.0593844	5.05978
0.0707173	0.953947	2.65904
0.776187	0.82396	0.250242
1.5848	0.0933353	0.225774
0.0111757	2.52628	1.21475
0.0318775	3.32605	0.279612
0.0102309	3.56666	0.943209
0.32084	0.0135275	3.66292
0.0284673	3.42259	0.00710051
0.417845	1.53019	0.652556
0.845414	0.792538	0.0464188
0.00446595	2.53996	2.20003
1.03878	0.451299	0.718314
0.201639	1.34543	1.32541
0.381327	1.67328	0.201544
0.0189831	0.585177	3.82335
0.212168	1.30955	1.32992
1.02556	0.108857	1.93327
1.43931	0.131879	1.14405
0.826595	0.739457	0.387501
0.935014	0.142024	1.43776
0.187963	0.676751	2.49928
0.166726	2.35163	0.352491
0.800695	0.219057	2.34913
1.42301	0.164427	0.347385
0.399737	0.773613	2.1824
0.950744	0.116406	1.66296
0.0954927	0.233855	3.91842
1.17976	0.3121	0.856809
0.489554	0.198232	2.56246
0.628267	1.10425	0.262172
0.245532	2.01637	1.02097
0.00498425	2.83637	1.64466
0.101825	2.74445	0.469649
0.100379	0.840266	3.08497
0.596235	0.0866924	3.03258
0.657053	0.447734	1.97693
0.233247	0.478501	2.69897
0.0844457	2.86998	0.461353
0.789086	0.819429	0.121904
0.466093	1.45028	0.229162
0.118945	0.180684	4.00805
0.111567	1.69423	1.88887
1.23208	0.0246798	1.46485
0.0505511	0.333543	4.65988
0.0350283	0.460032	4.36392
1.54149	0.111864	0.259052
1.41479	0.187068	0.0162805
0.0744771	2.90778	0.737451
0.575187	1.18001	0.196456
0.108965	0.756952	3.04204
0.225293	0.638158	2.53825
0.0151384	3.51431	0.264891
0.365059	1.69809	0.0239705
0.319937	0.0228016	4.06615
0.026267	0.0494211	5.10161
1.69129	0.0538793	0.172191
0.128903	0.273832	3.8851
0.250239	1.98982	1.0228
0.915004	0.640208	0.357009
1.73191	0.0311257	0.485713
0.280566	1.85119	1.12393
0.468672	0.643608	1.85261
1.31121	0.223779	0.753126
1.19778	0.0144546	2.15415
0.0126063	3.68132	0.0331626
0.450676	1.47345	0.450886
0.753148	0.0181429	2.46875
0.123439	0.226587	3.97377
0.431072	0.700005	1.97806
0.151676	1.52928	1.77569
0.69795	0.947648	0.352166
1.71146	0.0355493	1.04864
0.368675	0.851316	2.09612
0.0139509	0.0286312	5.77246
0.537558	1.28024	0.340641
0.012599	0.0393946	5.77474
0.00516224	0.0733504	5.48045
0.624011	0.473923	1.29852
0.587123	0.523279	1.21078
0.0994083	2.64805	1.10304
0.304305	0.00993651	4.10754
1.48032	0.139222	0.135837
0.424309	0.711867	2.17658
0.590396	1.15108	0.305261
1.7718	0.0266905	0.191988
0.401952	1.59582	0.000278871
0.000268109	0.000267754	5.99796
0.0353881	0.0285182	5.38876
0.0411337	0.037699	5.21722
0.358784	0.272092	2.78205
0.299945	0.0224469	4.1356
0.280585	0.0159054	4.41662
0.847846	0.693399	0.837683
1.83703	0.00678337	0.732853
0.624449	1.06725	0.443052
0.00489783	3.68961	1.78123
0.0063037	3.77053	0.291836
1.28403	0.0122325	1.56121
0.0598145	0.0334932	4.78558
0.0787184	1.1377	2.49536
0.0331311	0.368632	4.6096
0.00502017	0.136121	5.0176
0.665361	1.00119	0.217916
0.237087	2.04705	0.773733
0.781563	0.256431	1.74776
1.54731	0.100389	0.259538
0.223369	0.128556	3.71375
1.05597	0.43497	0.879921
0.0215157	0.578903	4.27895
0.962096	0.10548	2.04597
0.0513645	3.17679	0.130717
0.0150287	1.39398	2.90572
0.0438921	3.11722	0.554741
0.382341	0.800782	2.20483
1.20219	0.294169	1.04052
0.131535	0.17392	4.0917
0.00686407	3.66418	0.403499
0.0207001	3.31184	1.0751
0.286209	2.00438	0.107603
0.118269	2.56251	1.03232
0.268038	0.354176	3.52073
0.0606535	3.00876	0.559131
0.443373	0.663044	1.97122
1.37725	0.176067	0.768221
0.0520046	1.96221	2.19289
0.0956063	2.65547	1.11996
1.12119	0.372297	0.638322
0.182011	0.552078	3.13388
0.200468	2.18518	1.06642
0.109909	2.79817	0.0179381
0.996164	0.506914	0.524614
0.152438	2.47098	0.000457709
1.68511	0.036055	1.17577
0.358933	0.870657	1.64724
1.14733	0.351142	0.77948
0.249755	0.416558	3.57913
0.743536	0.899065	0.0771545
0.141693	0.125541	4.3056
0.251396	1.19404	1.35367
0.0127209	0.0660546	5.56325
0.720661	0.00451009	3.17618
0.795026	0.842214	0.0319778
0.536103	1.23805	0.371859
0.764588	0.0184483	2.41605
0.258311	1.1134	2.17107
0.945684	0.108	2.0416
0.0523547	2.13027	1.32573
1.10998	0.0338075	2.11709
1.79961	0.011882	0.673435
1.75653	0.0241134	0.514406
1.5138	0.12502	0.19698
1.07547	0.425666	0.715085
0.095415	1.78055	1.67438
0.0864668	1.71455	1.97341
0.0221579	0.149868	4.94729
1.64116	0.0606512	0.710449
0.0815384	2.76005	0.912315
0.154176	2.37583	0.580148
0.417562	1.5625	0.0147951
0.826679	0.756209	0.241487
0.877017	0.18102	1.52866
1.89786	0.0117318	0.0901896
0.0870175	1.90792	1.20751
0.571886	1.16968	0.695788
0.809569	0.739687	0.600016
1.58841	0.0912385	0.00684785
1.4567	0.144687	0.417547
0.0612619	3.07414	0.0578914
1.98581	0.00252025	0.00240475
0.0748706	2.95553	0.222817
1.70896	0.030025	0.706688
0.0695876	2.84921	1.02882
0.0312751	0.0177048	5.6655
1.57375	0.101103	0.00754506
0.136423	0.205444	3.62983
0.0287567	0.0395332	5.47402
0.186286	0.569499	2.70985
1.78959	0.0177521	0.310544
1.1674	0.327765	0.684952
0.347085	0.243713	3.43289
0.765742	0.827093	0.842177
0.0119395	3.5094	0.657067
0.0139411	3.52499	0.646577
0.00178319	3.89123	0.538773
1.86464	0.00487655	1.17235
0.0215619	0.418654	4.60836
0.053925	0.605889	3.78634
0.163404	2.35448	0.818842
1.61232	0.0611345	0.903943
0.0163003	3.45187	0.867425
0.980553	0.49897	1.14402
0.0270697	0.4015	4.49879
0.545872	0.499282	2.30784
1.95671	0.000804779	0.367955
0.212103	2.1446	1.0616
0.139803	0.124114	4.4982
1.6629	0.0703399	0.278712
0.0594595	1.86123	1.93803
0.135504	2.6005	0.178511
0.10452	2.69564	0.638583
1.02873	0.495315	0.243707
0.0199995	3.44735	1.0081
1.47398	0.108028	1.09479
0.0824316	2.92194	0.242093
0.14638	1.52857	1.2654
0.348374	1.64442	1.09848
0.538634	0.0657063	3.49084
0.314007	0.307767	3.0747
0.175348	0.5315	3.39557
0.199729	2.15654	1.09349
0.71133	0.00416896	3.32736
0.606751	0.455595	1.44345
0.108261	2.72099	0.361945
0.00133114	0.00143711	5.91514
0.106078	2.61438	0.921488
0.0422456	3.2261	0.0554015
0.0336122	3.28642	0.792361
0.652376	0.0549844	2.54528
0.703437	0.0279712	2.39932
0.00726235	1.44092	3.20748
0.366376	1.62654	0.685441
0.0143711	2.42531	1.25609
1.26048	0.0133665	1.48966
1.61127	0.0626532	0.739067
0.0489621	0.00417575	5.69527
0.354909	0.871099	1.98243
0.0507474	3.22316	0.156486
0.511818	0.589626	2.01009
0.0374458	0.396733	3.87609
0.315754	1.82271	0.39873
0.047676	0.00951038	5.51908
0.808696	0.771276	0.334632
0.0735072	2.92941	0.449731
1.10311	0.385219	0.992623
0.866314	0.635273	1.13656
0.503771	0.562233	2.34245
0.0353185	2.23567	1.20066
0.0741651	3.05622	0.247537
0.1744	2.46744	0.0841118
0.713083	0.0199257	3.26103
0.0113436	1.42096	2.98001
0.401417	0.792778	1.84897
0.219849	0.460569	3.38045
0.691694	0.0230488	3.01642
0.555721	0.581448	1.21866
1.33316	0.190803	0.959984
0.0759318	1.80185	2.14117
0.0403777	2.08834	1.54875
0.0722089	2.08557	1.49401
0.0306524	0.0284016	5.76657
0.177664	2.3055	0.583023
0.0719568	2.86041	0.683928
0.0728264	1.89107	1.28242
1.40045	0.182457	0.310596
1.18279	0.3085	1.03955
1.86428	0.0176533	0.0920481
0.0297738	0.44701	3.87889
1.01967	0.502595	0.24241
1.32518	0.222191	0.128853
0.331347	1.81975	0.201356
0.486337	1.33391	0.933691
0.425595	0.76343	1.47649
0.324796	0.961974	1.6846
0.422472	1.47084	0.668907
0.599721	0.468353	1.37379
0.74676	0.0112403	2.55029
0.0379441	0.0962256	4.85397
0.682792	0.947125	0.509261
0.125512	1.58768	1.38476
1.9464	0.00062597	0.496605
0.00769707	1.49966	2.60933
1.41861	0.182258	0.0445438
0.016736	1.38425	2.92307
0.11564	0.0127783	4.80925
0.000268109	0.000267754	5.99796
1.99986	0.000272584	0.000272502
0.00394786	0.000267593	5.84386
0.000268109	0.000267754	5.99796
1.93603	0.00233685	0.000272502
0.922185	0.620426	0.332607
0.505471	0.00284812	5.43291
0.0414355	3.12365	1.06347
0.0613313	2.95426	1.0255
0.00295865	1.31518	5.2557
0.0547741	3.03036	0.324429
0.0419978	0.0132373	5.58045
0.309541	0.00775341	4.55204
0.848059	0.727444	0.314816
0.0117055	3.62682	0.121454
0.0528166	1.96755	2.29963
0.0235471	0.495742	4.26718
0.139283	0.130352	4.42458
0.00596756	2.52583	2.49318
0.008639	3.70636	0.00312706
0.195517	2.22	0.757664
1.87888	0.00847682	0.00857317
0.0699881	1.91776	1.26597
0.481114	1.32317	0.998524
1.92139	0.00590771	0.172969
0.590582	0.0600956	3.42744
0.0583403	0.335561	4.62178
1.99982	0.0002726	0.000272502
1.20845	0.29434	0.641341
0.125516	2.5999	0.0695162
0.45735	1.48961	0.135367
0.217561	2.14297	0.663435
0.214555	0.0604055	4.02417
0.101219	2.8554	0.0193289
0.0317834	3.2273	0.81633
0.262845	1.93959	1.13866
0.0463	0.375755	4.41227
0.00255024	3.75633	1.0552
1.81151	0.0199103	0.00653205
0.968883	0.53172	0.856533
0.380791	1.61379	0.366181
0.0163368	0.652924	3.92736
0.748671	0.0187462	2.40342
0.647458	0.0267498	3.50848
1.82626	0.00372481	2.8704
0.00808022	2.50604	2.75447
0.370474	1.63552	0.411315
0.520391	0.565989	1.88066
0.547708	0.00062127	5.79716
1.00027	0.111295	1.49518
1.24045	0.282195	0.394317
1.37534	0.187913	0.701777
1.5124	0.114208	0.307645
0.0893431	1.8453	1.34619
0.727655	0.896155	0.496245
1.68386	0.0502119	0.281695
0.330016	0.954587	2.16542
1.85698	0.00408357	1.3831
0.0798766	2.7847	1.02213
1.26232	0.265452	1.07746
0.441644	0.683588	2.09849
1.18045	0.0303827	1.40512
1.04264	0.0845546	1.62049
1.76872	0.0426569	0.0211551
1.22249	0.0145255	2.13338
0.0952238	1.70286	2.20909
0.81561	0.708108	1.19157
1.58605	0.0779815	0.450584
1.83244	0.00574175	2.05679
0.000567176	0.000267978	5.9353
0.000682891	3.87272	0.595226
0.0143743	1.36718	3.0759
1.47951	0.137766	0.333453
1.6531	0.05569	0.289756
0.0108141	1.46034	2.69567
0.355529	0.817774	2.25372
0.79369	0.761085	0.613878
0.00435973	0.0933571	5.68171
0.179205	2.27487	0.901413
0.734303	0.862371	0.888896
1.09296	0.0492118	1.99358
0.296528	0.353774	2.98298
1.16824	0.325447	0.736256
1.40684	0.209956	0.0526008
1.31967	0.229347	0.27873
0.304867	0.0330336	3.87467
0.0115694	3.55869	0.788983
0.951533	0.581141	0.404292
0.0748438	2.82243	1.10238
1.37526	0.205623	0.359913
0.700691	0.0215231	2.81156
1.43597	0.152868	0.554511
0.401227	0.751352	1.79953
0.27713	0.0142841	4.25874
0.625689	1.04971	1.03878
0.578454	1.19029	0.107221
0.017721	3.49164	0.00320102
0.000380309	3.57059	4.7377
0.387665	1.66496	0.18343
0.167672	2.45862	0.0119001
0.182018	2.35247	0.00781324
0.0942334	1.73468	1.58724
0.114819	2.62818	0.663171
0.165851	2.39579	0.11121
0.561211	0.531262	1.41753
1.57522	0.0759814	0.583704
1.68089	0.0403691	0.964185
0.356049	0.0118762	3.80227
0.829879	0.718481	0.622804
0.426236	0.781043	1.30647
0.0167515	0.639076	4.17973
0.713589	0.337499	1.33508
0.000434666	3.9033	0.389492
0.582964	1.15077	0.807794
0.155357	0.147011	4.09967
1.0282	0.0861196	2.15962
0.304815	0.0390542	3.74984
0.049567	2.11123	1.47967
0.138726	1.56798	1.27806
1.7333	0.0230615	0.926052
1.43945	0.161784	0.332077
0.0723782	1.02226	2.54973
1.84362	0.00407355	1.74126
0.181175	0.0871389	4.70841
0.500645	0.587711	1.99125
1.06815	0.0884134	1.23004
1.47458	0.144098	0.179425
0.00495122	1.46247	3.70113
0.281279	0.00712539	4.74208
0.0252774	0.0286305	5.72273
0.783011	0.776711	0.515072
0.586766	0.448025	2.22478
0.12169	1.74116	1.42924
0.0173551	3.416	0.827742
0.110007	1.78992	1.3517
1.12192	0.0530936	1.83483
0.12095	2.74634	0.0222488
0.00826839	1.37113	3.36191
1.53104	0.112024	0.380693
0.60205	1.12765	0.199844
0.0381896	3.34362	0.0358327
1.30217	0.244953	0.482316
0.103852	0.959586	2.60661
0.0643179	1.06903	2.94297
0.0424624	2.04192	1.78088
0.028148	2.18161	1.5544
0.0268214	0.472354	4.17944
0.128203	0.156805	4.10734
0.343508	1.76652	0.175593
0.408233	1.55082	0.401024
1.76013	0.0385142	0.187844
0.983189	0.119461	1.49423
0.323585	0.311334	3.12945
0.482921	1.43156	0.176468
0.156363	2.4731	0.0747037
0.530062	0.103741	2.51047
0.448518	1.44323	0.778969
0.0311168	3.31522	0.485132
0.0101763	2.32451	1.85104
0.0222346	1.50806	2.4526
0.610892	0.0413571	3.21655
0.706839	0.0072382	3.23976
0.765529	0.917061	0.0523832
0.024243	3.3768	0.0301395
0.0465451	0.408783	3.62412
0.0846533	0.955285	2.63468
0.252796	0.387469	3.17424
0.235335	0.475286	3.02951
0.413781	0.742351	1.70483
1.13416	0.0405675	1.68295
0.00379915	3.82449	0.0828251
0.179967	2.28374	0.554754
0.435919	0.796777	1.21024
0.644771	0.0137525	3.56703
1.10674	0.042813	1.96587
0.700541	0.0133736	3.30237
0.507938	1.30611	0.240345
0.700016	0.984187	0.0215
0.213572	0.56358	2.44623
0.254379	0.422954	2.9198
0.0388423	2.1689	1.72014
1.14466	0.381386	0.216006
0.431525	1.52299	0.190177
0.00382167	3.81276	0.00300022
0.607066	1.1133	0.980928
0.0263998	0.04757	5.16466
0.0107796	2.395	1.55257
0.241783	2.07975	0.808628
0.321058	0.312165	3.05407
0.954668	0.103226	1.95189
0.135329	2.65514	0.0184149
0.67908	0.000275145	4.84684
