0.000231224	3.7456	2.24381
1.99772	0.000465569	0.000462078
1.99429	0.00023366	0.016862
0.000310489	0.000324264	5.98921
0.000234333	4.00022	0.00023437
1.94279	0.00159068	0.0369944
0.0826842	0.897772	2.96519
1.23453	0.00181623	3.15437
0.126491	0.229917	3.72776
0.171446	0.106874	4.32781
0.129168	0.185078	3.88527
0.675534	0.00194664	4.17934
0.298406	1.80376	1.00288
0.751155	0.00398029	3.31483
1.35878	0.206958	0.26746
0.340814	1.71571	0.950857
0.140743	0.148565	4.45251
1.07676	0.0783961	1.25871
0.132771	2.58043	0.120841
1.46868	0.132997	0.476791
0.00338781	2.54958	1.90181
0.713112	0.875794	0.902591
0.0115524	3.58036	1.14024
0.0357119	0.0541738	4.90361
0.481011	0.702002	1.46536
1.2587	0.00400945	2.44853
0.334981	0.250318	3.52746
0.160665	0.114645	4.54213
0.0526744	1.92575	2.12526
0.0174449	2.44912	1.22248
0.0363083	3.27095	0.111263
0.689355	0.000387045	4.6253
1.90635	0.00569879	0.849598
0.157351	1.46684	1.98804
0.0960159	2.72447	0.648124
0.000948567	3.6584	2.38233
0.0211383	0.0994486	5.16309
0.0456346	3.07011	1.13977
0.262199	2.02037	0.246182
1.39735	0.154126	1.12499
0.244111	2.08416	0.0474546
0.0217793	3.40744	0.834708
0.032296	0.066651	5.29738
1.56975	0.0948205	0.116039
0.0355424	0.429638	4.39876
0.891844	0.208881	1.28249
0.00187573	3.78752	0.435563
1.0449	0.0915523	1.28697
1.16164	0.380213	0.00613699
1.85959	0.0104614	0.960875
1.14292	0.357972	0.806056
1.13185	0.0315701	1.95665
0.0936226	0.197554	4.795
1.10417	0.0446126	2.30115
1.7	0.0297271	0.88691
1.28622	0.261351	0.261818
0.794127	0.00617613	2.51765
1.6563	0.08357	0.0561015
0.234003	2.05094	0.999211
0.50858	0.588057	1.72722
0.223472	2.17079	0.587048
0.397131	0.818143	1.61299
0.182757	2.23749	1.16354
0.0171459	2.6614	1.33629
1.52404	0.103038	1.08056
0.0567545	3.02273	0.898394
1.4106	0.15478	0.709893
0.00782162	1.41822	3.98295
1.8353	0.0133443	0.287537
0.031153	3.21059	0.882429
1.79642	0.0233251	0.184516
0.0497837	1.08152	3.21991
0.178642	2.29656	0.746417
0.00574575	1.37104	4.08051
0.525593	1.28069	0.224651
0.115507	2.68771	0.380205
0.352798	1.69379	1.12347
0.921151	0.188997	1.27579
0.348045	0.263966	3.06201
1.186	0.315408	1.15091
0.492031	1.34569	0.60277
0.436445	0.172295	2.86275
0.829051	0.229212	1.39619
0.384187	1.56646	1.05021
1.82017	0.0197245	0.134369
0.362621	0.842588	2.0652
0.0470019	3.11424	0.455579
0.587728	0.109767	2.62987
0.608639	1.12658	0.185474
0.765249	0.858126	0.561709
0.816626	0.210019	2.18483
0.150225	1.60705	1.35184
0.867622	0.672775	0.823097
1.54252	0.104517	0.593898
0.868088	0.714542	0.234202
0.0567458	3.14462	0.16828
0.174004	0.120458	4.02218
0.594005	0.449995	1.71477
0.57361	1.16101	0.505948
0.0617862	0.0204937	5.53293
0.0801206	0.866452	3.47568
0.272647	1.95987	0.389973
0.017347	3.68831	0.0238017
0.206629	2.1369	1.06779
1.02452	0.488468	0.405665
0.188506	2.3899	0.0298109
1.6259	0.0698852	0.0924363
0.0142117	2.32908	2.13746
0.598183	0.465758	1.51078
1.44945	0.151164	0.244978
1.67467	0.0424273	1.00941
0.057708	0.974946	3.08245
0.311538	1.88086	0.167399
0.371451	1.63642	0.743792
1.42638	0.142482	0.914299
0.0124212	0.794235	3.61425
0.445597	0.758976	1.67421
0.000576528	3.96018	0.000475064
0.636564	0.381726	2.19238
0.0791268	2.85399	0.455941
0.0883502	2.78497	0.703685
0.706684	0.937666	0.0790667
0.0886868	2.86918	0.349971
0.0238563	1.24405	2.66604
0.0206733	3.53795	0.134846
1.62778	0.0648317	0.679583
0.285579	0.420273	2.52721
0.0254696	2.35583	1.65888
0.0249739	0.476292	4.61378
0.0196343	0.118676	4.85918
0.0272166	0.0605772	5.42875
0.0111236	1.44053	2.81845
1.10646	0.0535675	2.29215
0.346943	0.263973	3.25094
0.387775	0.222834	3.42532
1.49236	0.115972	0.898231
0.0467009	3.32625	0.0243486
1.50269	0.114776	0.519599
0.267983	0.51518	2.59048
0.00514772	2.66458	1.56013
0.970913	0.549727	0.389709
0.980331	0.104296	2.41325
0.239809	0.40629	3.34569
0.574379	1.20584	0.0751568
0.847601	0.193371	2.16323
0.114487	1.65994	1.77328
0.649017	0.0337874	2.77966
0.364783	0.837358	2.27932
0.421516	0.80796	1.46916
1.59511	0.0723937	0.69256
0.0335676	3.19887	0.883723
1.72655	0.0280192	0.688312
0.547219	1.18542	1.18241
0.0224171	1.26778	2.50086
0.339209	0.998641	1.24844
0.177396	0.611924	2.72522
0.172787	1.4987	1.38046
0.528977	0.521743	2.36034
0.363094	0.843709	2.03116
1.87371	0.0118125	0.0456396
0.0884865	2.921	0.235509
0.409919	1.53702	0.622949
0.997099	0.568319	0.050398
0.548901	1.23339	0.170437
1.3072	0.0178514	1.32811
0.769792	0.800292	0.83669
1.59355	0.084281	0.13488
1.00804	0.535717	0.0042579
0.448598	1.44649	0.358683
0.269205	0.385874	3.41871
0.0217655	0.614605	4.13305
1.33724	0.0139781	1.21608
0.0137382	0.000270213	5.92993
0.405157	0.233901	2.90918
0.325893	0.954172	1.57822
0.310282	1.85423	0.327611
0.498699	1.31438	0.745267
0.656182	0.396959	1.7545
0.0129198	3.50531	0.783784
0.0781646	2.93235	0.441326
0.0143596	3.49547	0.437925
0.654943	1.02437	0.287245
0.00651299	1.52751	2.77958
0.000155322	0.462631	5.96187
0.000400712	3.98624	0.000410319
1.81957	0.000338678	3.82852
0.000419975	0.000419972	5.98945
1.70334	0.0446833	0.000347247
0.18242	0.60726	2.82527
0.000987196	3.92963	0.00112129
0.207702	2.1812	0.772262
0.0778524	0.873188	3.23873
0.788993	0.793936	0.714906
0.0472257	0.0227736	5.12561
0.280831	1.93936	0.225408
0.978071	0.107816	2.38525
0.723379	0.896454	0.291859
0.063676	3.02907	0.342032
0.347227	1.66468	1.11867
0.217365	0.0669298	4.18732
1.90739	0.00372634	0.512079
0.119849	1.60582	1.95641
0.640273	1.07866	0.318251
0.00534123	0.591915	4.70988
1.17011	0.390903	0.136981
1.65777	0.0585992	0.26356
1.32099	0.234601	0.164308
0.24325	1.12723	1.82809
0.0476547	2.00329	2.19187
0.00364146	1.54655	2.70788
0.0251659	0.033643	5.76181
0.441198	0.766911	1.43154
0.176191	2.34819	0.853072
1.08093	0.0539226	2.0833
0.0405708	3.19269	0.267344
1.795	0.00136608	3.82918
0.541748	1.24051	0.307574
0.293435	1.87903	0.369616
0.137454	0.168784	3.89613
0.00565809	0.0123327	5.8494
1.2851	0.0073847	1.61054
0.100587	2.70437	0.899936
0.0361905	3.34198	0.17929
0.0579399	2.97245	0.820821
0.822558	0.0119951	2.4663
0.879129	0.174933	1.94775
0.0530744	2.04015	1.87813
0.389159	1.56042	0.790037
0.360898	1.70568	0.107668
1.05791	0.442774	1.0267
0.249508	0.0232847	4.628
0.00173111	2.4744	3.08906
0.00724063	2.58889	1.31282
0.189293	0.0961663	4.05437
0.552527	0.143747	2.53291
0.0847161	2.84052	0.182736
0.685994	0.938143	0.635213
0.0152107	2.53496	1.51049
0.00894634	0.101034	5.575
0.800436	0.823971	0.0180824
1.35998	0.0146383	1.21155
0.1676	0.649032	2.94873
0.0818399	0.884169	3.18315
0.535839	1.19484	1.09315
0.409949	1.58711	0.371815
1.54292	0.0881977	0.93257
0.126168	0.155028	4.37509
0.0433505	3.13564	0.843155
0.000377755	3.64883	3.69895
1.62553	0.0692276	0.252838
0.0108042	3.71456	0.183332
0.419825	1.51925	0.45787
0.848087	0.170579	2.17014
0.0886147	2.91381	0.0346455
1.19179	0.0178135	2.29135
1.48224	0.131828	0.260863
0.653258	1.01129	0.416368
0.702441	0.948637	0.372189
0.736573	0.338684	1.35475
0.941364	0.139147	1.86733
0.331739	1.79748	0.409667
0.282806	0.0293675	4.27251
0.336492	0.264215	3.12352
0.675302	0.998618	0.319351
0.0119311	3.60523	0.0976113
1.81041	0.00238296	3.40874
1.41439	0.201014	0.0387352
0.0029873	3.68726	1.92941
0.460587	0.719635	1.54705
0.951223	0.121787	1.71073
0.159696	0.126506	3.97971
0.135506	2.5005	0.350224
0.255891	0.475147	2.57687
0.23391	2.09107	0.775011
0.0399463	2.40837	1.23571
0.030942	3.2756	0.334896
0.470062	1.38231	0.57706
0.323373	0.301546	2.88508
0.0165108	0.584503	3.6233
1.56568	0.0814206	0.738072
0.573177	1.16826	0.533922
0.117612	2.64603	0.301713
0.114922	2.6608	0.877975
0.599175	0.0556701	3.43711
0.7598	0.292556	1.3429
0.471631	1.36615	0.547398
1.31339	0.238918	0.163421
1.03229	0.106181	1.30918
0.0392159	0.357377	4.4651
1.46347	0.13652	0.294389
1.68389	0.0495146	0.202142
1.00685	0.10214	1.6566
0.326113	1.72539	0.993287
0.307541	0.00978305	4.54027
0.131579	0.161038	4.24653
0.418325	1.46374	0.862292
0.266176	0.365469	3.53683
0.0217118	0.56466	3.75744
0.0926188	1.76149	1.63197
1.44245	0.145209	1.136
0.60346	0.060772	2.65845
0.0431697	0.0312949	5.00548
0.456048	0.636368	2.25921
0.00868747	2.43243	1.94346
0.262215	1.05911	1.9078
1.55872	0.0941053	0.673412
0.150046	0.652158	3.58325
0.343497	0.0161767	3.95816
1.77361	0.0023628	3.77343
1.37887	0.210987	0.113857
0.791873	0.247045	2.10843
0.113146	1.63976	2.09288
0.377259	0.0197547	3.67445
0.766349	0.837152	0.161877
0.000867631	0.000867484	5.93055
0.030942	3.2756	0.334896
0.00370094	3.8121	0.658747
1.51907	0.0966728	1.01657
0.224461	2.14708	0.79662
0.110511	2.73561	0.600846
0.589436	0.0761839	3.37115
1.26651	0.012728	1.61682
0.00102893	2.54828	2.24095
0.0684795	0.0341897	4.78554
0.519919	1.34494	0.376151
0.504093	0.625475	1.40244
0.0298971	1.16138	3.31283
0.0122128	0.0815264	5.36711
1.25465	0.0128062	1.68702
1.7196	0.0386648	0.389635
0.613877	0.498805	1.20994
0.0127138	0.0683834	5.65933
0.00919324	0.0745217	5.46577
0.0494876	1.28621	2.4474
0.0185356	0.0380465	5.67804
1.11715	0.0349203	2.15677
1.74218	0.0248469	0.760038
1.3658	0.206695	0.489808
0.626618	0.0263806	3.3578
0.289094	0.0275281	4.38555
0.00316845	1.40588	3.70493
0.00755825	0.535583	4.80708
0.0547868	3.08252	0.225673
0.441699	0.739443	1.42513
0.061148	0.00615567	5.2895
0.0244844	2.31147	2.03643
0.921264	0.13876	2.23002
0.911041	0.141557	2.32997
1.24582	0.0115339	2.59796
1.60024	0.0885623	0.221777
0.48872	1.29012	1.16403
0.0108531	1.33258	4.05292
0.839121	0.722911	0.245608
0.322469	1.84172	0.190146
0.0130211	3.55636	0.0460359
1.76671	0.00264406	3.78946
0.0145786	0.0956377	5.20843
0.0748288	2.09592	1.23755
1.38662	0.167432	0.920488
0.448899	0.677538	1.75728
0.052047	3.16701	0.0350716
0.204413	2.28498	0.182993
0.69413	0.973763	0.242642
0.000231566	3.63127	3.91387
1.96572	0.000276792	0.22723
0.000390714	0.000392952	5.99466
1.70206	0.045011	0.000292135
0.0256771	3.40041	0.00287962
0.638408	0.0018156	5.54833
0.00511655	3.76295	0.45225
0.0583053	3.07605	0.00798638
0.0769025	2.96204	0.0135841
0.118023	0.0429176	4.85975
0.480381	1.48859	0.0929903
0.773285	0.276239	1.44429
0.429252	1.45727	0.820426
0.00256446	0.131906	5.21209
0.000497397	1.07668	5.68151
0.117475	1.66596	1.77007
0.0827847	0.333055	3.6197
0.433906	1.56861	0.0824592
1.17033	0.0237874	2.30179
0.380891	0.828331	1.69544
0.000740649	0.000954746	5.89174
1.01574	0.496628	0.885673
0.442503	0.669818	1.96098
0.942635	0.546223	0.992115
0.0076382	0.127011	5.36423
0.847188	0.744783	0.0101561
0.0101228	1.42355	3.17015
1.19856	0.0111583	2.25435
0.0047626	0.853797	4.73822
0.874712	0.697254	0.293597
0.184089	2.32252	0.949946
0.291899	1.91445	0.0368997
1.2138	0.0127028	2.17875
1.28143	0.00482551	1.37604
0.146499	0.67367	2.78177
0.973189	0.533541	1.14249
0.193384	2.21573	0.732127
0.080948	1.84838	1.6334
0.0335444	3.30009	0.151447
0.169903	2.43489	0.384902
0.503558	0.126263	2.7079
1.62224	0.0777697	0.364551
1.7309	0.0348966	0.0540185
0.0276102	2.26478	1.92257
0.654871	0.399442	1.99081
0.3393	1.76123	0.164123
0.260004	1.9656	1.18644
0.529933	0.555348	1.62986
0.134051	2.52497	0.578133
0.00111224	3.71375	1.80821
0.141171	2.48472	0.424283
1.13958	0.0387599	2.11257
1.75579	0.0309411	0.281095
1.09022	0.0696642	1.56978
0.0219357	0.0538614	5.36421
0.465906	1.39626	0.614306
1.64856	0.0560795	0.231506
0.989467	0.543222	0.519656
0.789589	0.782608	0.59385
0.320145	0.00704938	4.42072
1.11059	0.0631298	1.57076
0.0670836	1.12095	2.67825
1.32334	0.201561	1.12825
0.120258	0.178843	4.18682
0.707162	0.301917	2.26226
0.0210192	0.0306387	5.59928
0.0891335	2.86908	0.281594
0.169296	0.583785	2.98938
0.560393	1.1461	1.00055
1.78284	0.0262954	0.233576
0.197641	0.476585	3.54299
0.105293	2.6908	1.10397
0.819384	0.762191	0.684373
0.260883	2.06014	0.476679
1.5395	0.0937912	1.06501
1.3777	0.214034	0.0607568
0.712085	0.905405	0.338176
1.53002	0.114265	0.0555777
1.04536	0.101546	1.35506
1.40895	0.224489	0.0348494
1.90111	0.00711816	0.365668
0.323955	0.37024	2.40118
0.306365	0.99351	2.35979
0.292708	1.84366	0.760957
1.49985	0.124451	0.0806534
0.0874905	2.82076	0.830185
0.0126953	2.36771	1.6888
0.532716	1.2865	0.286926
0.0333548	2.15149	2.08889
0.100555	1.7115	2.20639
0.409123	0.192177	3.34658
1.80303	0.0309586	0.207138
0.736421	0.913827	0.00545925
1.87364	0.0139355	0.249188
0.92644	0.634982	0.0536778
0.313208	0.427764	2.47432
0.231489	2.11709	0.515993
1.03539	0.48225	0.298787
0.00336465	1.37724	4.09107
0.0768393	0.012553	5.08382
0.0394812	3.23126	0.0226867
1.35824	0.00175123	1.33085
1.48942	0.112242	0.633902
0.216188	2.10407	1.05592
0.10862	0.203495	3.87142
0.00435463	2.61311	1.27773
0.162729	2.36999	1.03047
0.58761	1.18326	0.195078
0.917531	0.142656	1.86132
0.211136	0.520484	2.86926
0.75106	0.913119	0.0165893
0.270139	2.03335	0.0162776
0.328665	1.74594	0.611731
1.41925	0.157532	1.13412
0.60185	0.513219	1.22452
0.0624343	1.99822	1.26673
0.241821	0.439372	3.50284
0.354153	0.981526	1.31768
0.0848557	0.886926	3.06949
1.39687	0.187105	0.0518894
0.909967	0.177923	1.87926
0.273335	0.401174	2.63505
1.30663	0.00181947	2.06654
1.14139	0.378881	0.158808
0.845255	0.688227	0.709598
0.00797568	0.16585	4.94169
0.658722	0.394268	2.06285
0.513239	1.34141	0.00978693
0.310649	0.00922142	4.42209
1.5618	0.0846312	1.10118
0.000369656	3.69789	2.94206
0.000377755	3.64883	3.69895
1.59989	0.0872374	0.526727
0.538719	1.24102	0.138622
0.112115	1.7037	1.77395
1.67976	0.0721517	0.0843254
0.800655	0.840506	0.044151
0.126147	2.55741	1.15286
1.25927	0.255399	1.19589
0.282451	1.97474	0.101624
0.0794828	2.90196	0.384741
0.04894	3.13515	0.0702541
0.0421347	3.18235	0.238506
1.16313	0.408143	0.0767366
0.826084	0.778013	0.250017
0.487797	1.41122	0.0806635
1.24073	0.273619	0.609861
1.06979	0.430826	0.882024
0.236791	0.465857	2.83202
0.687546	0.0349167	3.49695
0.0716149	1.00464	3.35742
0.675651	0.415898	1.2823
0.708424	0.322796	1.47682
0.518642	1.2583	0.635793
1.43959	0.158571	0.373021
0.390147	0.0278362	3.7586
0.263393	0.431	2.54454
1.22735	0.293709	0.850379
0.393355	1.62001	0.325797
0.106947	0.806008	3.30849
0.621919	1.02834	1.08981
0.627079	0.0388831	3.06466
1.66927	0.0691097	0.146807
0.890471	0.675338	0.250836
0.61171	0.41485	2.34813
0.0152529	0.0653994	5.15648
1.05894	0.494936	0.147015
0.575746	1.19156	0.188383
1.94377	0.000297412	0.545424
0.0989129	0.95284	3.00304
0.815148	0.808028	0.10989
0.0712401	2.93378	0.0659365
0.121768	1.62638	1.51384
0.128251	2.55351	0.966338
0.184304	0.127921	3.81105
1.11954	0.368505	1.17506
0.00308351	3.74483	1.52742
1.88768	0.000217111	1.84527
0.000220963	2.40486	4.54224
0.585469	1.17299	0.000262219
0.000283301	0.000283348	5.99967
1.44825	0.134586	1.17664
1.51564	0.101868	0.585846
0.815697	0.263247	1.33881
0.103988	2.67571	0.491234
0.068008	1.9402	1.42851
0.000528025	2.25649	5.82899
0.119177	2.53071	1.13326
0.622608	0.00385686	5.60186
0.533173	1.2866	0.00193232
0.0428032	0.356272	4.34801
1.33215	0.217103	0.425602
0.0449853	0.363808	4.16475
0.850076	0.174728	2.07175
0.38361	1.59923	0.454023
0.146394	1.51299	1.66531
0.667811	0.00634331	4.45716
0.0471832	0.329151	4.60658
0.000786834	2.32946	4.55648
1.14772	0.0469381	1.72406
0.018536	0.0314718	5.80921
0.460983	0.761213	1.234
0.734406	0.00814485	3.24632
0.403422	1.5275	0.720099
1.05349	0.103633	1.20935
0.277406	2.03117	0.0737452
0.0615541	2.96585	1.11838
0.0233372	3.61813	0.094934
1.10271	0.417462	0.365477
1.28832	0.00666785	2.34868
0.17895	2.31163	0.388041
1.99734	0.000427728	0.000429552
1.37126	0.202865	0.346779
0.20194	2.18303	1.12279
0.0268241	1.2121	3.4525
0.569128	1.21748	0.459712
0.310098	0.301455	3.18931
0.25699	1.10248	2.20469
0.924766	0.652599	0.170982
0.00589268	0.0998614	5.46768
0.133159	0.715103	3.11219
0.518807	1.32158	0.327655
0.15343	2.47107	0.646383
1.86485	0.0112967	0.698109
1.64313	0.0716668	0.399514
0.0598354	3.00598	0.553867
1.02726	0.470781	0.482434
0.112329	2.59589	1.02843
1.31828	0.22707	0.851783
1.53556	0.0990719	0.998588
0.135196	0.227092	3.72551
0.222476	0.440958	3.40571
0.0999744	0.183028	4.7353
0.241076	0.501989	2.45923
0.495427	0.128081	2.81379
0.879768	0.661073	1.25624
0.0487065	3.03934	1.06974
0.0755121	2.84492	0.956039
0.0727422	2.88526	0.802844
0.0045706	0.11496	5.38046
0.030331	0.674024	3.82408
0.719496	0.00420938	3.53133
1.72108	0.0556767	0.0164234
0.0094029	3.63961	1.12499
0.981454	0.114933	1.56908
0.969553	0.541113	0.788367
1.61673	0.0887671	0.105427
0.887687	0.718041	0.0605217
1.5839	0.076789	0.577032
0.0111806	3.52481	0.676273
0.0373064	0.0487271	4.98554
0.354665	0.821936	2.26184
0.301428	1.83835	0.713909
0.193574	0.58376	2.73753
0.773176	0.847491	0.0456856
0.0929227	0.272865	3.89018
1.12648	0.0341513	2.16822
0.730411	0.00545982	3.33251
1.00218	0.109821	1.57321
0.784765	0.34215	1.38601
1.77285	0.0249584	0.900959
0.386427	0.788171	1.99551
0.106243	0.885579	2.51222
0.00078764	2.40565	4.54017
0.0108268	3.70632	0.0241724
0.133805	2.44115	1.15459
0.701028	0.00495645	3.97611
0.0355584	3.23721	0.0833692
0.0118162	0.142767	4.90892
0.641171	1.05282	0.325804
1.42974	0.155673	0.651502
0.00787894	1.63612	2.62217
0.339979	1.68579	1.05541
0.0211008	3.31261	1.02377
0.549806	0.511654	2.06679
0.100862	2.82302	0.143616
1.41316	0.186753	0.493911
0.0133841	3.47914	1.0881
0.162399	0.689669	2.7668
0.00185792	3.92792	0.0313687
0.107966	0.189036	4.06056
1.83128	0.0145903	0.671833
0.318907	0.0339152	3.68793
0.218914	2.11293	0.835543
1.03906	0.0827584	1.5099
0.523157	1.3532	0.245145
1.92211	0.0106128	0.0103516
0.107502	0.794864	3.34251
1.39003	0.156924	1.17049
0.65239	0.00506408	5.28377
0.293236	0.0382816	3.61744
0.692451	0.0131966	3.9847
1.22753	0.0199706	1.60263
0.000965135	0.00126566	5.91895
0.42089	0.193802	3.02151
0.0224891	3.36781	1.01904
1.22058	0.304503	0.611389
0.162195	0.610848	2.94607
0.246955	2.05516	0.479764
0.664699	0.986835	0.974031
0.747091	0.376497	1.82799
0.2842	0.0302773	4.05438
0.679367	0.0343974	2.59161
1.60456	0.0834943	0.345797
0.467163	1.3657	1.08958
0.158554	1.44486	1.48837
0.0392226	2.13135	1.91542
0.0210389	3.4249	0.248331
1.81707	0.00378089	2.32389
0.276278	1.91753	0.752509
1.16047	0.361399	0.138195
0.0411644	0.437441	4.26223
0.34949	1.73747	0.346643
0.859717	0.719228	0.351797
0.796345	0.0168198	2.41601
0.0332725	0.057374	5.07882
0.0429232	2.08899	1.9148
0.0401649	3.09803	1.06747
0.941363	0.570919	0.637707
0.0315092	0.0413767	5.19475
0.2598	0.430865	2.88858
0.0489119	0.356852	4.25347
0.14068	1.46201	2.26707
0.0505272	1.00988	3.05201
0.269403	0.39458	2.8573
0.270019	1.09059	1.80853
0.480659	0.624949	2.12163
0.00589528	1.42101	2.6906
1.78921	0.0243531	0.208523
1.67451	0.0585434	0.355084
1.20095	0.325684	0.271335
0.0527156	0.0707124	4.81213
1.56217	0.0992237	0.197222
1.13323	0.381483	0.274466
0.951787	0.131468	2.14252
0.358978	1.72161	0.3497
0.0143859	3.72657	0.0231931
1.24633	0.272721	0.931411
0.169296	0.713064	2.66162
0.328508	0.312987	2.74094
0.756195	0.00440495	3.00703
0.789758	0.250998	2.15487
1.55502	0.115462	0.0505136
0.002593	0.132039	5.13877
0.581333	0.551402	1.46112
0.037428	3.22683	0.148241
0.0271268	3.32142	1.02265
0.123142	0.258124	3.71279
0.263777	1.1857	1.34355
0.759488	0.891958	0.105471
0.439843	1.48214	0.914986
0.677018	0.946707	0.728494
0.944172	0.555931	0.785063
0.443978	0.700524	1.59993
0.0330054	3.38738	0.152893
0.0465921	3.1733	0.302509
0.0042823	3.74585	0.000233696
1.88768	0.000217111	1.84527
0.000233697	4.00017	0.000234585
0.252259	0.006279	5.30483
0.637923	0.00219656	5.62214
1.62259	0.0613848	0.808921
0.00791711	3.64017	0.128217
0.0582026	1.85458	2.22221
1.57189	0.0664745	1.01485
0.114574	0.166253	4.61836
1.74471	0.00201154	4.98492
0.0658233	0.0181573	5.17122
0.129011	2.58257	0.532241
0.00906827	0.612886	4.26837
0.000501624	3.93476	0.000234585
0.000918792	3.8567	0.867967
0.056941	2.02798	1.63803
1.28434	0.294339	0.11607
0.204251	2.18687	0.404218
0.00127604	1.54709	2.84686
1.22178	0.00806794	2.45594
0.259694	0.386287	3.43275
0.565167	1.15607	1.18475
0.576597	0.0514681	3.49875
1.01238	0.132602	1.3815
1.51997	0.128186	0.065402
0.0237624	3.42377	0.0225736
0.0414289	2.05482	1.85182
1.43653	0.142259	0.79562
1.55436	0.0722517	1.01087
0.0532797	0.00954392	5.78569
0.148638	0.702253	2.55523
0.469812	0.638462	2.17218
0.85357	0.705689	0.242954
0.648349	0.00157623	5.47011
1.16961	0.0244269	2.03537
0.517768	1.28799	0.604333
0.826685	0.740012	0.43306
0.988015	0.50921	0.585577
0.13268	1.58707	2.15748
0.32258	0.326793	2.53159
0.601831	0.427763	2.30278
0.250588	0.424276	2.92823
0.357694	0.242861	3.21619
0.0408072	3.17138	1.03801
1.46543	0.120023	0.959305
0.00408478	2.49626	2.458
0.0518524	3.09856	0.00153206
1.14152	0.0433856	1.79381
1.77079	0.00229889	4.8856
1.92469	0.00308799	0.000233762
0.761437	0.254227	1.99706
0.648349	0.00157623	5.47011
1.39279	0.192962	0.17647
0.00868412	1.47765	2.65962
0.703712	0.957925	0.166135
0.458899	1.41683	0.784666
1.85827	0.00596266	0.623662
0.719726	0.00859272	2.95014
0.0624969	2.90489	0.804974
0.00129318	3.73382	1.57482
0.630761	1.02931	0.88641
1.11555	0.0520622	1.90363
0.169026	0.10628	4.18794
0.733813	0.845354	0.920722
1.9691	0.000677555	0.207862
0.77518	0.238627	2.30263
1.80053	0.00195205	3.76549
0.535661	0.0681831	3.38692
0.0268621	2.28599	2.1915
0.00168099	0.0897162	5.73434
0.408986	0.771278	1.86808
0.0240404	3.3807	0.0567441
1.68855	0.0370902	1.17861
0.000603714	1.21661	5.92134
0.0616956	3.04169	0.0457255
1.64469	0.0472407	1.0483
0.279256	0.368851	3.30737
0.0454154	1.32976	2.42802
0.114719	2.63052	0.409122
0.974989	0.523515	0.603656
1.65702	0.0496104	0.735391
0.0660381	1.96873	1.26228
0.00692191	3.58903	0.924651
1.16631	0.0238506	2.05772
0.0497983	3.31207	0.0616872
1.08078	0.0787174	1.53242
0.359883	1.68281	0.688847
0.511382	0.56808	1.72429
0.288332	0.00639776	4.73793
0.877371	0.664158	0.312751
1.7535	0.00112843	5.06473
0.423635	0.229776	2.39665
1.24654	0.0288121	1.2573
0.234386	0.101354	3.97083
1.44038	0.151206	0.492864
0.045969	1.09372	3.13902
0.179728	2.4095	0.0150774
0.644495	0.033744	2.78341
1.04875	0.434817	0.844785
0.489899	1.38381	0.274151
0.130186	0.188388	3.68055
1.31858	0.011235	1.35413
0.896215	0.624165	0.999361
0.229733	0.504343	2.69766
0.227137	1.1731	1.96191
0.876692	0.677172	0.0726215
0.0885755	2.87616	0.448686
0.618676	1.05298	0.97023
0.0850704	1.81609	1.51756
0.911693	0.584383	1.08675
0.0710205	2.97858	0.26076
0.675914	0.916989	1.14178
0.0955842	2.75043	1.09098
0.00768768	1.50834	2.67382
0.00537386	1.39621	4.48524
0.786729	0.223097	1.99617
0.00210085	3.80205	0.127212
0.0697957	2.96599	0.360559
0.00559661	2.5181	1.75409
1.03254	0.124476	1.33147
0.312235	1.78993	1.15374
0.441121	1.55244	0.379063
0.0836374	1.77019	2.36662
0.529085	1.25921	0.600506
0.227254	0.107718	3.60446
0.227008	1.18578	1.83346
0.0367387	0.454015	4.41545
0.034872	3.33213	0.0127337
1.09894	0.420763	0.599758
0.0302332	1.24548	2.99363
0.190395	2.23888	1.0418
1.75938	0.00111797	4.94573
1.25975	0.00248399	2.45638
1.78353	0.0219586	0.365236
0.954816	0.109768	1.74295
0.00783161	0.184558	4.79481
0.492881	1.36468	0.270462
0.58555	0.476292	1.48027
1.33067	0.201434	1.13216
0.385471	1.63748	0.223486
0.0212315	2.39218	1.28293
0.348867	1.75768	0.0421293
0.14286	0.669873	3.0974
0.272731	0.359516	3.34164
0.119199	2.65647	0.00383838
0.0922445	2.832	0.200834
1.87027	0.00525706	1.27583
0.431133	0.719303	1.66964
0.0969443	2.69039	0.882983
0.669527	0.395556	1.49799
0.138726	0.178946	3.81714
1.83452	0.0161708	0.0970573
0.492139	1.35183	0.698263
1.06273	0.439694	0.661341
1.12867	0.0380743	2.18251
0.384791	0.287633	2.41305
0.779233	0.796056	1.02706
0.192828	2.2695	0.231139
0.0654194	1.89385	1.48166
0.16504	2.37381	0.355796
0.6911	0.40776	1.20741
0.0908198	2.842	0.668858
0.395618	0.849158	1.57812
0.216223	0.496058	3.35149
0.1262	0.163979	4.08873
0.819638	0.215219	2.09042
0.0177349	3.52973	0.0453072
0.121436	0.19674	4.00751
1.49448	0.120324	0.243757
0.0242889	0.547924	3.94957
0.149522	2.43922	0.345432
0.0675065	0.334257	3.72353
0.058235	3.06542	0.177306
0.0684433	0.319052	4.41509
1.81158	0.0258727	0.00855298
0.400807	0.872403	1.41677
0.746567	0.822116	0.962338
0.0822013	1.80225	1.79021
0.275643	1.91674	0.457019
0.0202832	2.45999	1.47572
0.930219	0.122283	2.1534
0.652064	0.978386	1.08468
0.293875	0.367427	2.69165
1.90167	0.00429478	0.0755194
0.0387578	3.1976	1.11157
1.69455	0.0501143	0.0738644
0.397156	0.864221	1.56656
0.162462	2.33137	1.00595
0.000191941	1.51715	3.11454
1.99734	0.000427728	0.000429552
0.000393531	3.98905	0.000440715
0.000399154	3.98696	0.000402322
0.000319601	0.000319616	5.99996
0.000319601	0.000319616	5.99996
0.0236972	1.31995	2.52469
0.0395851	3.19155	0.752733
1.5064	0.134787	0.105961
1.01361	0.105411	1.54742
0.566236	1.18215	0.727482
0.0329508	0.0253863	5.48931
0.0812288	2.82293	0.680884
0.109081	1.68716	1.74526
0.000791066	3.74638	1.34705
1.80104	0.0172864	0.519267
1.94346	0.00235498	0.0563398
0.0123116	3.54967	0.881107
0.413095	0.749384	1.71243
0.529732	0.574863	2.12525
1.82817	0.0183491	0.15771
0.0377693	0.0481517	4.89806
0.00543529	0.134688	5.00893
0.0896516	0.235199	4.30994
1.3406	0.228915	0.0681201
0.215163	0.517852	3.33425
0.00711553	3.91844	0.00668513
1.4363	0.159361	0.0883016
0.196972	0.0679386	4.61203
1.15136	0.378437	0.308313
1.74092	0.0359538	0.0594045
0.180956	2.35688	0.00368265
1.85945	0.0258881	0.0366614
0.876958	0.675565	0.39083
0.113872	0.182209	4.24849
0.0167963	0.0823208	5.59179
0.156585	2.40882	0.609985
0.20933	1.21234	2.01691
0.0415589	2.17561	1.28752
1.40299	0.151307	0.853448
0.713159	0.920262	0.632481
0.0848028	0.227649	4.39286
0.123562	0.204388	3.82532
1.28705	0.252431	0.154786
0.00950429	2.48891	1.6837
0.238934	0.417956	3.21088
1.92433	0.0036919	0.0566246
0.160241	2.43727	0.0560614
0.471797	0.689024	1.9495
0.200541	2.21575	0.942566
0.64038	0.393655	2.23514
0.337283	0.285652	2.9604
0.00523533	3.65064	1.10185
0.254621	1.0788	2.16598
0.00858006	1.3711	3.03993
0.191236	2.30418	0.891603
0.227997	2.13068	0.728987
0.0394951	0.0416813	5.36317
0.215601	0.0458568	4.52476
0.676642	0.394044	1.33687
1.69822	0.0435106	0.0613887
0.853666	0.242413	1.25872
0.802132	0.0126933	2.40071
0.00583624	0.113816	5.27538
0.176996	0.105198	3.95877
1.37195	0.192789	0.206809
0.0126371	1.45042	2.81607
0.912304	0.138285	1.79987
0.142169	1.61626	2.19969
0.77555	0.274759	1.63077
0.0324184	0.0111025	5.70226
1.45731	0.149446	0.158803
0.191721	0.558303	2.88826
0.432469	0.729683	1.50838
0.284992	1.95207	0.0741216
1.59225	0.0638847	0.853601
0.213141	2.23465	0.345372
0.0638956	2.92461	0.814354
1.89177	0.0125825	0.370211
0.989728	0.517584	1.02938
0.251191	1.10814	2.06699
0.300664	1.87226	1.05762
0.00477901	2.65313	1.6754
0.057232	3.06635	0.459132
0.0328412	1.2399	2.59062
0.508415	0.12079	3.51984
0.0110508	0.125056	5.206
0.235198	0.428915	3.37237
0.0238137	0.671191	3.60789
0.031345	3.34565	0.406328
1.2399	0.277186	0.85613
1.06141	0.466749	0.305408
0.00935355	0.646033	3.64328
0.07181	0.265474	4.69306
0.26471	2.03629	0.347533
0.064079	2.97151	0.682519
0.0209186	2.31706	1.85819
0.0437912	3.12886	0.419474
0.100457	1.82329	1.3274
1.13243	0.407727	0.37052
0.3441	0.291397	2.72537
0.401259	0.842197	1.29122
1.62075	0.0639585	0.503694
1.71249	0.0458203	0.022679
0.00359531	1.41914	3.98801
0.896894	0.638939	1.08366
0.71893	0.90143	0.773805
1.65798	0.0574148	0.134919
0.169019	0.637274	3.17492
1.87774	0.00571912	0.466278
0.000517251	0.000546349	5.96615
0.00979789	3.5808	0.621125
0.0311553	3.25927	0.997557
0.0275959	1.35426	2.43181
0.000450542	3.8734	0.693761
0.363921	1.73333	0.174642
0.0448191	1.99416	2.32583
0.498832	0.626631	1.35872
1.66562	0.0422605	0.854965
0.442199	1.39714	1.09734
0.135882	1.63158	1.41222
1.08953	0.45461	0.0522714
1.47735	0.113147	0.897512
1.17558	0.036728	2.23977
0.0537469	3.00445	0.989743
1.16838	0.354824	0.327644
1.6161	0.0959643	0.113345
1.56938	0.0805865	0.490447
0.397898	1.53821	0.744308
0.355346	0.925292	2.27896
0.841191	0.706901	1.07672
1.78744	0.0327656	0.0215038
0.240689	0.475905	3.08945
0.0245114	0.0187906	5.76885
0.401162	1.58342	0.492701
0.505072	1.27524	1.17854
0.0370026	2.06247	1.88493
0.0949092	2.88477	0.0229823
0.827066	0.706489	1.11234
0.00220483	0.249209	4.85239
0.573272	1.13573	0.936897
1.26709	0.297769	0.425644
0.388612	0.793999	1.79202
0.111783	2.76647	0.198927
0.272219	0.351422	3.43868
1.31829	0.205011	1.06038
0.0428544	3.11943	1.0436
0.826949	0.719152	1.0409
0.763232	0.870359	0.586883
0.371389	1.60182	0.695842
0.00135472	3.72459	1.16019
0.058023	3.05322	0.150761
0.0631457	0.322391	4.17408
0.116813	1.62889	1.83904
0.616845	1.0661	0.750797
0.978407	0.524596	0.643041
0.0983943	0.197451	4.48214
0.00077091	0.00335858	5.87404
0.92846	0.643126	0.235283
0.0313883	2.07946	2.30526
0.0129612	2.52215	1.47353
0.00585096	0.0961371	5.5585
1.11804	0.0704254	1.258
0.000201101	1.23174	5.83846
0.955185	0.595514	0.368061
0.774165	0.808174	0.709372
1.25812	0.0156909	1.52089
0.21251	1.22483	1.92651
0.748242	0.855219	0.826186
0.00372273	3.6881	1.5068
0.756894	0.887762	0.284295
0.94719	0.164357	1.22207
0.304334	1.01673	1.43836
0.0480058	2.05621	2.0661
0.792612	0.806867	0.263288
0.00308454	1.49413	2.75374
1.22667	0.306502	0.384276
1.07682	0.0611233	1.53429
0.672557	0.998443	0.32766
0.619944	0.0419365	3.509
0.339185	1.70614	1.16844
0.00535757	2.5666	2.32637
0.000231224	3.7456	2.24381
0.675003	0.000400925	4.90093
0.000928843	3.89596	0.000248993
0.584315	0.0861137	2.57756
0.0347094	3.21536	1.02658
0.295824	0.339887	2.99365
0.0439522	1.0453	3.47184
0.613055	1.12726	0.148735
0.039708	3.16053	0.652647
0.648349	0.00116827	5.07041
0.553911	1.18281	0.451985
1.29477	0.00530311	2.27423
0.0183992	1.30118	3.3695
0.656398	0.0281632	3.05139
0.495267	0.644691	1.5456
1.55993	0.107911	0.184801
0.12752	2.71066	0.0783444
1.1326	0.386389	0.452201
0.0497739	0.0021347	5.64194
1.05297	0.0541479	2.19382
1.25871	0.00648318	2.34097
0.0907912	2.753	1.04767
1.60217	0.0688748	0.638539
0.700553	0.0110527	4.34502
0.0873379	3.0802	0.0757714
0.822383	0.722032	0.728493
0.285382	1.06339	1.99416
1.08386	0.0444416	2.22902
1.7818	0.0283415	0.226684
0.19969	1.25443	2.11563
0.0146415	0.142778	4.96888
1.71802	0.0378167	0.626623
0.167302	1.49218	1.20111
1.91508	0.00238211	0.711733
0.479531	0.624981	2.13622
0.142652	2.4816	0.445578
0.0506159	3.04734	0.817166
1.65584	0.0503137	0.828923
1.83628	0.00366808	1.58492
0.0212576	0.0514829	5.71632
1.0337	0.487036	0.995891
0.0263579	0.0701615	5.18123
0.0881372	1.86654	1.32794
0.0577076	0.361253	4.27543
0.964173	0.585539	0.184632
1.06932	0.0549582	1.81279
0.00532972	2.62956	1.26192
0.995363	0.533923	0.475586
0.000580608	1.2437	5.8113
1.88397	0.00614952	0.21033
1.11293	0.4574	0.0817019
0.801229	0.825083	0.0469975
0.206812	2.15953	0.757161
1.16642	0.0273272	2.24854
1.63156	0.0765067	0.526992
0.352192	0.860987	2.02285
0.154072	1.5239	1.4036
0.0547582	0.00439873	5.42638
0.516165	0.555286	2.02505
0.0292693	0.543221	3.87133
0.0078304	2.43478	2.06911
0.730755	0.0180814	2.91259
0.0739156	0.918571	3.16929
1.17358	0.367243	0.905541
0.112594	1.79123	1.30492
0.0568177	2.98215	0.372238
0.421491	0.794484	1.29302
0.00461763	3.79271	0.109419
0.666023	1.02165	0.314701
0.405172	1.61131	0.364527
0.161811	2.31616	1.09607
0.449219	0.700586	1.44668
0.61717	0.431485	1.69752
0.25119	2.00051	0.93169
0.355458	1.75055	0.271653
0.507856	0.546453	2.38409
0.0203732	3.65933	0.0414969
0.0568135	0.00331389	5.33674
0.315524	0.311429	3.31218
0.130316	0.197733	3.77518
0.197416	2.21588	0.538677
0.00888987	1.42337	3.4013
0.0147332	3.68774	0.0249316
0.0763204	0.255225	4.53373
0.0824142	2.88143	0.212698
0.10814	0.202298	4.22525
1.2068	0.320394	0.510705
0.0625901	2.10809	1.23475
0.751651	0.0211648	2.86575
0.389008	0.774544	1.87265
0.534309	0.105566	3.59045
0.318376	0.992015	1.49265
0.547752	0.124758	2.54083
0.273202	1.91304	0.714225
0.196957	1.32936	1.63173
0.323829	0.974615	1.78397
0.0483881	0.331202	4.66779
1.4681	0.159533	0.262942
0.133933	1.55125	1.85175
1.51761	0.0928152	1.15771
0.0170769	1.54414	2.63781
0.280624	1.94229	0.446146
0.694007	0.346897	1.76509
0.286706	0.0252279	4.13736
1.68475	0.0510458	0.266871
1.42272	0.155172	0.825028
0.260051	0.398054	3.24691
0.0153771	0.196836	4.81834
0.623864	0.422936	1.9378
0.172192	2.2798	1.09803
0.133364	0.285603	3.6579
0.627669	0.0019901	5.47287
1.53837	0.109874	0.0549414
0.627485	0.00927936	4.44839
0.676443	0.0424641	2.69374
0.00851087	3.56894	0.684647
0.947766	0.568927	1.02405
0.181778	1.43371	1.25148
0.365612	0.877874	1.84096
0.00226368	1.42493	4.00909
1.19142	0.309153	0.729157
0.210205	0.517445	2.80108
0.0298064	1.4037	2.50288
0.1894	0.154192	3.71713
1.2264	0.0171925	2.28101
0.430404	0.747147	1.58939
1.3512	0.186715	1.06131
1.11738	0.401875	0.332277
1.69488	0.0332442	1.01642
0.889433	0.630378	1.13307
1.01162	0.144187	1.24906
0.000251259	3.85674	0.860326
0.0421873	1.20657	2.72309
0.919883	0.614799	0.889348
0.26924	2.04402	0.194952
0.00197571	2.80924	1.22091
0.878529	0.636086	0.971593
0.0918806	1.6826	1.95857
0.142102	2.51475	0.633756
0.0716295	0.950331	2.75189
0.335085	1.81528	0.126905
0.318636	0.0242381	4.1686
0.227666	2.05747	0.92528
0.933549	0.624437	0.301749
0.00845865	0.119484	5.22016
0.0713026	2.94343	0.58754
0.354921	0.0127326	3.9425
1.61554	0.0656778	0.718019
0.247404	2.0756	0.334307
0.241768	0.0217598	4.75144
0.00227285	3.84104	0.179991
0.110799	0.1668	4.72591
1.50772	0.133649	0.222301
0.00627779	0.615479	4.52907
0.413093	0.716134	2.31437
0.116985	0.15485	4.8677
0.0244602	2.59225	1.23463
0.0376047	2.1534	1.23398
1.40568	0.177012	0.292258
1.36399	0.214827	0.25959
0.0256515	1.19599	3.24363
1.44732	0.141024	0.773635
1.806	0.0270448	0.0575139
0.180172	2.34423	0.333114
0.45755	0.665904	1.70675
0.0838509	1.81863	1.72503
0.101086	0.19253	4.40858
0.010111	3.6063	0.0705347
0.361141	0.894281	1.89175
0.171197	2.4404	0.0342337
0.191366	2.24071	0.563217
0.791678	0.781187	1.08857
0.843184	0.207537	1.61475
0.633562	1.03192	0.933347
0.168346	2.37732	0.799271
0.000239714	3.99513	0.00112129
1.99984	0.000207435	0.00020751
0.000243574	3.99602	0.000242712
1.99984	0.000207435	0.00020751
0.00235308	1.38781	4.48089
0.0207632	3.37641	0.995987
0.0401824	3.11833	1.04728
1.7545	0.000330994	5.38515
0.131346	0.152674	4.34165
0.0346039	3.28118	0.477496
0.246123	2.02109	0.363553
1.03797	0.068855	1.65037
0.223914	0.445734	3.2596
0.0479631	0.0316567	5.2689
1.10969	0.0434262	1.7627
0.00289827	1.37009	4.56555
1.60602	0.0795316	0.484892
1.01114	0.522157	0.264254
0.838906	0.187138	1.80786
0.86856	0.715483	0.175951
0.898463	0.641925	0.423009
0.0930634	1.76152	1.62291
0.00895032	0.041694	5.81912
0.913768	0.000661298	3.19689
0.265345	1.98893	0.397304
0.0832258	2.78164	0.573172
0.433815	0.680054	2.15522
0.399165	1.58196	0.440013
0.0101534	1.34384	2.83241
0.0902079	1.7171	2.29493
0.125067	2.60582	0.0998754
0.0302745	3.20047	1.02988
0.148136	2.54634	0.339909
0.533123	0.0659399	3.37774
1.73315	0.000604313	5.38896
0.0610227	3.05293	0.00467197
0.373546	0.204518	3.58628
0.649032	1.03575	0.200528
0.0591306	2.95517	0.933958
0.0860675	2.86631	0.00802199
0.116933	2.65313	0.166983
1.34489	0.197825	0.75191
0.682611	0.972508	0.434361
1.17886	0.390374	0.160274
1.4129	0.168381	0.883803
0.297077	0.449888	2.59298
0.0523516	3.00778	0.487542
0.206858	2.15366	1.0822
0.733878	0.00422768	3.70252
0.0471494	0.345122	4.26927
0.00732073	2.8551	1.369
0.81334	0.772799	0.175688
1.85567	0.013199	0.682269
0.0133549	0.564811	4.00703
0.948224	0.137934	1.46404
1.13563	0.374268	1.22702
0.0022541	1.05938	5.69926
0.0695256	0.0134203	5.18443
0.133787	0.695914	3.4779
1.36776	0.176702	0.872179
0.032051	2.42421	1.30366
0.991849	0.518784	0.954551
0.782691	0.00196094	2.75813
0.126898	0.138958	4.6325
0.0749336	1.80138	2.24794
0.0262703	3.42077	0.0265
0.578794	0.459179	2.12795
0.362329	1.64256	0.641345
0.00294229	1.35145	4.77624
0.19806	2.1611	1.05439
0.446216	0.150798	2.91714
0.10161	1.82353	1.25686
0.624551	0.412714	1.97289
1.6786	0.0665642	0.142927
0.0801542	0.874968	3.13265
1.83082	0.0127171	0.727755
0.697906	0.00964192	3.04997
1.20321	0.320454	0.910617
0.000834558	3.79233	1.57058
1.38888	0.00259272	1.22043
1.46165	0.111877	1.13191
1.53219	0.111426	0.131627
0.0082856	2.81708	1.23628
0.171981	1.50809	1.21043
0.273615	1.9566	0.315926
0.0284291	1.22602	2.73252
0.594848	1.15587	0.0787406
0.00961645	3.53934	0.93154
0.407567	0.793197	1.54118
0.56204	1.1929	0.389758
1.56305	0.0909482	1.02638
0.285965	0.0303399	3.7954
1.2604	0.0127063	2.35115
0.763048	0.868789	0.0600398
1.28293	0.0142955	1.28045
0.636731	0.386583	2.03319
0.0423242	3.22915	0.0247561
0.937615	0.588289	0.804677
1.50629	0.123536	0.13135
0.0433835	2.07876	1.41953
0.16156	0.199468	3.74923
0.464777	0.62968	2.08453
0.603749	1.15047	0.0100654
0.0556801	2.09051	1.28774
0.456248	1.45588	0.457042
0.125806	1.60921	1.59558
0.0344869	2.23067	1.28867
0.0154191	0.0439581	5.55386
1.5836	0.094932	0.619892
0.11164	2.70285	0.118887
1.25374	0.246384	1.11068
0.0781211	1.8873	1.39545
1.07861	0.478273	0.0776882
0.136947	0.0127124	4.8762
0.218327	0.574345	2.4602
0.000970901	1.41312	4.18654
0.17478	0.184891	3.62501
1.48567	0.117891	0.735298
1.2177	0.0175192	1.69234
1.79721	0.0219325	0.212618
1.93942	0.00162302	0.444099
0.00111324	3.72378	1.92034
0.168311	2.34615	0.35276
0.0194785	2.23382	2.18791
0.0518021	0.358578	4.11978
0.00772749	3.61512	0.294113
1.06012	0.0589162	2.10181
0.699727	0.00744129	2.97216
0.846075	0.728501	0.226989
0.198509	1.29976	1.6981
0.795413	0.791832	0.352123
0.368215	1.65702	0.425329
0.0551963	0.029525	5.01255
1.19034	0.33308	0.365882
0.667866	0.387834	1.5684
0.972534	0.528761	0.835687
0.739736	0.919246	0.00956934
0.116055	0.747951	3.4639
0.0148052	3.46569	0.716932
0.634837	0.0369634	3.02486
0.0096411	0.0516531	5.69032
1.06261	0.0595627	2.05536
0.1743	2.32077	0.545023
1.9666	0.00255568	0.00193162
0.22302	0.50224	2.5198
0.752969	0.826107	0.829239
0.702624	0.958299	0.191017
0.325779	0.30384	3.36684
0.0203704	3.67729	0.0778794
0.476031	0.694122	1.58584
0.0927492	2.741	0.425395
0.00428505	3.75807	1.17998
0.456772	0.129111	3.3387
0.0142141	1.47521	2.51425
0.367108	1.70735	0.354419
0.575584	1.10188	1.1758
0.0139544	3.48123	0.179257
1.47437	0.130213	0.297358
0.512833	1.25838	0.975235
0.0190601	3.68685	0.0423456
0.0710057	0.0139258	5.13541
0.044772	0.0113635	5.47692
1.23763	0.258139	1.09636
0.709387	0.0179081	2.88594
0.490103	1.39376	0.00988327
0.00473275	0.622721	4.0844
0.269979	1.92243	1.03701
0.621032	1.10728	0.335157
1.88289	0.0112787	0.213599
0.00953111	3.52846	1.06907
0.120063	0.162107	4.07137
0.00991607	0.057389	5.59305
0.192713	0.513418	3.33883
0.568274	0.0809293	2.6254
0.788109	0.276221	1.30229
0.354031	0.878032	1.7411
0.0633557	1.889	2.24956
0.109911	2.71705	0.0916832
1.77398	0.0216386	0.620155
0.420936	0.743422	1.84703
1.13194	0.0357058	1.76224
1.52582	0.0984457	0.606669
0.68653	0.351665	1.97019
0.271679	0.363525	3.1704
0.539328	1.23084	0.784816
0.383495	0.348044	2.42843
0.626619	0.000240353	5.7565
0.000238246	3.80486	1.4649
0.000239604	4	0.000239631
1.99989	0.000244112	0.000244384
0.479308	1.40264	0.000213545
0.000956519	1.2225	5.885
0.756508	0.00774871	2.7261
0.365544	1.60936	0.930227
1.76747	0.00332404	3.68234
0.639241	0.00420285	5.11725
1.48032	0.109423	0.841598
0.609691	0.0059191	5.46105
0.0477448	3.12011	0.578137
0.0156641	3.48428	1.02485
0.00244954	2.45016	3.0607
1.03774	0.474188	0.470122
0.370923	1.6855	0.349365
0.21261	0.53626	2.52031
0.984258	0.103857	1.37927
0.177775	2.36113	0.378923
0.0387532	0.410462	4.44936
0.0727661	0.0205479	5.23218
0.436421	1.47268	0.52674
0.0832574	0.024683	5.06531
0.840236	0.710569	0.946178
0.729384	0.882596	0.318075
0.0961506	2.73705	0.968258
0.351413	1.72902	0.253737
0.312234	1.77048	1.16564
0.00913946	3.60332	0.636852
1.51257	0.116401	0.109718
0.0188244	1.34956	2.99094
0.952838	0.105631	2.10689
1.84897	0.00283902	2.03292
0.162925	0.657614	2.62606
0.00541845	1.40691	4.28061
0.488723	1.30225	0.864705
0.0667529	0.9282	2.94495
1.66813	0.0395713	0.684152
0.00862013	0.0902345	5.62736
0.0086424	2.41538	2.12377
0.098455	0.841818	3.34079
0.278439	2.03152	0.0416942
0.781619	0.772517	1.21287
0.0253957	3.38809	0.159621
0.00446985	1.51996	2.8366
1.12262	0.36197	1.15461
0.842103	0.746177	0.133542
0.000344458	3.96075	0.000247002
1.16759	0.0529665	1.6346
1.61203	0.0627534	0.65138
0.708725	0.00899977	3.42862
0.281061	1.98733	0.163147
1.32884	0.224076	0.260988
0.58799	0.49903	1.82066
0.0775917	2.96661	0.23066
0.134257	0.135098	4.71108
0.342179	0.338923	2.77649
0.00637461	2.68255	1.19789
0.0113243	2.31729	2.24114
1.38757	0.189579	1.13643
0.658533	0.00120126	4.92498
1.1918	0.334801	0.367187
0.067338	0.0177692	5.31442
0.283194	1.05004	1.86549
0.451334	1.4346	0.831972
1.43847	0.150794	0.7093
0.919227	0.161641	1.32378
1.91714	0.00124564	0.418138
0.511607	0.100155	3.50942
0.0211399	0.517205	4.15004
0.865918	0.667588	0.495573
0.07459	1.88429	1.72255
0.575968	0.487749	1.93709
0.503625	1.2835	0.638374
0.69039	0.0115541	3.93958
0.262354	1.95444	0.986088
0.00792421	2.60636	1.19751
0.324791	0.27883	3.38448
0.337975	0.943483	1.87384
1.14767	0.370503	0.114551
0.0660986	2.91785	0.653668
0.166682	0.640761	3.12136
0.878763	0.680297	0.486138
0.392734	0.855197	1.43059
0.937144	0.624921	0.0462038
0.899933	0.144988	2.15374
1.20461	0.0416037	1.76513
0.000723782	3.87855	0.0956997
1.57066	0.0745081	1.10041
0.198079	2.28268	0.365041
0.96986	0.115882	1.53815
0.000833434	3.86464	0.608762
1.22877	0.303748	0.0687836
0.620635	1.03421	1.27825
0.0090076	3.69318	0.493126
0.806784	0.0144089	2.41458
1.54823	0.0783342	1.11579
0.0407577	3.17052	0.450894
0.407797	1.54282	0.812608
0.325856	1.80857	0.287158
1.53695	0.114282	0.348523
0.20757	2.24271	0.092036
1.89166	0.00068015	1.48259
1.63836	0.0479812	0.802322
0.0310303	0.465533	4.73973
0.464941	1.45872	0.443225
1.0973	0.0335595	2.36055
0.382979	0.236626	3.4497
0.385847	0.785418	1.72614
1.26133	0.277402	0.286091
1.08137	0.0857089	1.26405
1.31087	0.241087	0.332843
0.523301	1.24995	0.698725
0.00085647	1.82449	3.25069
0.268791	0.399148	2.65455
0.0206552	3.35224	1.02106
1.11386	0.429521	0.0222763
0.205035	0.572796	2.45966
0.6556	0.390903	1.91576
0.043555	1.13392	2.87835
0.0341325	3.24807	0.316611
0.00329047	2.56588	1.61092
0.533942	1.24737	0.778395
0.0459966	2.07207	1.56855
0.0837378	0.249791	4.3698
1.35158	0.198721	0.324049
0.886767	0.1562	1.98575
0.0869507	2.83291	0.298792
1.79365	0.0166932	0.415386
0.418999	1.56269	0.203529
1.28342	0.26218	0.936199
0.0570127	3.0643	0.298809
1.82318	0.00722879	1.04182
0.0746597	2.88333	0.948822
0.673487	0.00329094	4.30885
0.478054	0.602963	2.28058
0.93137	0.12114	2.15718
0.470238	1.33844	1.32873
0.00635068	2.5374	1.68191
0.221319	0.448631	3.58137
0.191482	0.555813	2.65336
1.63614	0.0719646	0.281173
0.305358	1.02376	1.42185
1.80194	0.00303094	3.43995
0.233884	0.452718	2.84368
0.684481	0.962976	0.30821
1.20965	0.297701	0.45701
1.73393	0.0317594	0.330023
0.194075	0.086445	3.96236
0.212486	2.17427	0.469168
0.0284829	3.29491	0.61467
0.594862	1.09598	0.478907
0.61434	0.00149834	5.71819
1.70543	0.0344724	0.768807
0.2904	1.00983	1.73872
0.609043	1.08756	0.644612
0.611252	0.0507504	3.31886
1.88806	0.00338823	0.894452
0.0268145	0.500624	4.04166
0.668678	0.398703	1.5158
0.0217366	2.13165	2.25695
0.203511	2.20795	0.43307
0.346687	0.312283	3.16053
1.41943	0.152134	1.12439
0.0597756	3.02105	0.748271
0.0813807	0.893878	3.20691
0.0137087	0.499399	4.83115
0.0812442	0.89593	3.16847
0.310574	0.998981	1.57648
1.31381	0.214755	1.19221
1.05334	0.511449	0.14664
1.82774	0.0182173	0.0818319
0.16434	1.39596	1.86821
0.129637	0.181147	3.80059
0.0349773	3.29142	0.0623902
0.044563	0.00219833	5.67522
1.86675	0.0100524	0.387475
0.677849	0.98095	0.502388
0.0425326	2.10261	1.70372
0.138947	0.761427	2.43276
0.00621733	3.733	0.301046
0.558761	1.17334	0.7713
0.154609	2.48786	0.120204
1.50045	0.000230194	2.65273
0.000155322	0.462631	5.96187
0.048898	0.0308273	5.65967
0.00209188	2.71062	1.35782
0.00367021	0.143459	5.2151
1.89667	0.00390731	0.835521
0.0422511	0.0354687	5.02521
0.0947799	1.73145	1.71132
0.258123	0.41488	3.01564
0.0142153	0.0661989	5.85075
1.66719	0.0495834	0.58215
0.417361	0.210671	3.12823
1.59818	0.0658732	1.16038
0.0633697	2.99846	0.385699
0.0765873	2.90435	0.357363
0.375766	1.6539	0.31211
0.0211425	1.56318	2.4146
1.26425	0.285157	0.116273
0.248497	1.12251	2.32089
1.29542	0.0136315	1.29633
0.0895072	2.83737	0.0341645
0.217494	2.08444	1.18404
1.19813	0.0517856	1.32455
0.282482	1.08661	1.42185
1.10822	0.378125	0.788881
0.624766	0.406886	1.9039
0.000640812	1.34466	4.99313
0.275965	0.0131179	4.32509
1.37081	0.196639	0.337299
1.06028	0.059453	2.2214
1.55718	0.0889441	0.569052
1.12978	0.386814	0.2416
0.00824713	0.514043	4.50469
0.194836	2.25078	0.664246
0.0261124	3.28091	0.556524
0.304425	1.79892	1.19591
0.544153	1.20007	0.769518
0.0272233	3.33257	0.144728
0.474643	1.35538	1.12671
0.0195305	1.22553	3.23496
1.33828	0.249492	0.0481206
0.076192	0.857463	3.56518
1.71312	0.0425113	0.872053
0.210879	0.450508	3.48646
0.122368	0.742205	2.92028
1.77655	0.0249706	0.556858
0.0392709	2.03374	2.24395
0.0321566	0.624138	3.78864
0.000556363	3.87445	0.685195
1.82784	0.0117064	1.04776
0.672218	1.01683	0.0485425
0.705228	0.937563	0.844395
0.29674	0.0739936	3.66945
1.31654	0.2422	0.268763
0.367532	1.66592	0.401559
0.587508	1.17007	0.0513493
0.0138415	3.51982	0.427505
0.104827	2.66405	0.922916
0.0190422	3.45468	0.170619
1.23688	0.322329	0.0145512
0.401273	0.172467	3.42533
0.172854	2.43027	0.161237
0.0254679	2.17689	1.63868
0.0806591	0.0102254	4.79011
0.462642	0.646634	2.06524
0.104949	2.79936	0.274304
0.0229776	0.0403406	5.5253
0.742585	0.329456	1.27363
0.0543031	3.04485	0.536679
0.110202	2.61603	0.947572
0.121472	2.57434	0.455748
0.961377	0.546982	0.704188
0.341025	0.293585	2.63195
0.355648	0.890754	1.41058
1.73606	0.0346264	0.919975
0.384848	0.768295	2.28594
0.000238246	3.80486	1.4649
1.96422	0.0012419	0.000581012
0.042143	3.10793	0.775895
1.18392	0.33129	0.650255
0.000640811	1.30948	5.33599
0.0815558	2.93667	0.0998331
0.185938	0.583395	2.72206
0.00149066	1.25362	5.33623
0.717685	0.915898	0.197059
0.00710972	0.133716	5.26746
0.0977582	0.19963	4.26179
0.00244474	1.5401	2.52141
1.45949	0.141535	0.161542
1.87878	0.0126059	0.122129
1.52009	0.0978248	0.982719
0.0164517	2.4966	1.25729
0.243482	1.99416	1.17753
0.941344	0.133445	1.43257
1.03424	0.0727204	1.82425
0.930909	0.186796	1.27328
0.0134937	0.501109	4.62125
1.34808	0.243305	0.069191
0.0728416	1.89752	1.32178
0.00662152	0.606138	4.21226
0.296228	1.94705	0.311034
1.02733	0.50875	0.249784
0.0622683	0.0175606	5.44499
1.38938	0.215862	0.274845
0.203008	0.0969445	3.88085
0.129896	0.844765	2.58313
0.0379797	2.12148	1.84339
0.724711	0.340935	1.34612
0.041879	2.17345	1.59655
0.186247	0.559765	3.0874
0.498727	1.29739	1.06935
0.370249	0.828146	1.73595
0.00355836	1.48538	3.34057
0.014036	0.0977501	4.9031
0.345748	0.956966	1.90888
0.0977572	0.182063	4.47915
0.213359	0.534522	2.6923
0.0342564	3.22614	0.144715
0.97325	0.540935	0.739544
0.493525	1.39379	0.688368
0.833566	0.716652	0.461347
1.63076	0.0675246	0.079397
0.0108429	0.513905	4.61998
0.906036	0.170854	1.62312
0.00213341	3.8444	1.01509
0.0686701	0.234154	4.72329
0.00702248	3.74637	0.0539498
0.0698614	1.84273	1.80548
0.0628136	0.0189744	5.4071
0.167897	2.37052	0.664061
0.803505	0.794882	0.0485767
0.321131	0.282264	3.4941
0.00997731	1.46212	2.86981
0.641278	0.393961	1.76188
0.0284858	3.38895	0.0979864
1.7969	0.0209027	0.177553
1.47599	0.124392	0.98685
0.0282809	2.28319	1.59053
0.000640812	1.39734	4.41213
0.260167	0.0371124	4.00936
0.658574	0.368649	2.31032
0.328885	1.82348	0.0101272
0.0466318	3.07252	0.797972
0.529733	0.0957299	2.90496
1.15595	0.0560534	1.24554
0.0442352	3.1601	0.435756
0.536048	1.27362	0.526262
1.99695	0.000568548	0.0005802
0.137992	0.747676	2.79643
0.982056	0.0953263	2.1558
1.68936	0.0424619	0.887261
0.472648	0.66085	1.56872
0.0119479	3.5996	0.162211
0.00174496	1.49469	3.25861
0.0139548	3.53691	0.293447
0.0239155	0.092393	4.90957
1.07897	0.0676705	1.41981
0.00485453	0.0825484	5.59023
0.297794	0.466638	2.43349
0.86535	0.674532	0.6259
0.00682539	1.40144	3.39954
0.849126	0.211793	2.00317
0.0187562	1.53119	2.60717
0.508216	0.573515	1.79276
0.180802	1.41196	2.25038
0.631187	1.00166	1.10213
0.00673065	3.64215	0.790882
0.501383	0.10544	3.50297
0.862616	0.19718	1.51178
0.0188538	3.58029	0.27086
0.0301768	3.20215	1.15774
0.44639	0.685301	1.96626
0.780411	0.0156383	2.4859
0.105868	0.196832	4.00831
0.0219558	3.43115	0.0946885
0.407388	0.755134	1.86729
0.00121508	1.44018	3.92814
0.235997	0.0356381	4.23248
1.43691	0.164996	0.233522
0.821797	0.693531	1.22931
0.290196	1.96436	0.28946
0.137191	0.802551	2.66088
0.0732043	1.88046	1.44692
0.122255	0.726493	3.2828
0.0184989	2.3724	2.23461
0.000180087	3.99392	0.000177669
1.9999	0.00021363	0.00021365
0.000175098	0.000175109	5.99987
0.0138758	3.53278	0.000175303
0.121205	0.171062	4.2463
1.26013	0.291432	0.00485945
1.11586	0.0393188	2.20873
1.70092	0.0437442	0.692974
0.0125845	2.37491	2.03822
0.358088	0.228013	3.40332
0.716791	0.933783	0.15746
0.156834	0.674584	2.95323
0.997353	0.521047	0.558135
0.426996	0.266259	2.47189
0.0362108	1.11815	3.25116
0.00213169	2.46672	3.07615
1.81534	0.0144048	0.147858
0.0139841	2.51247	1.3191
1.16294	0.0261505	1.54583
0.524502	1.29143	0.660217
0.0113118	0.486342	4.48425
0.832816	0.70696	0.801006
0.0340213	2.14374	1.8902
0.172401	0.569578	3.40517
0.0154886	2.35198	2.32805
0.0486155	0.0211354	5.46366
0.0220103	0.510045	4.12666
1.46406	0.133029	0.242729
0.149106	1.73381	1.23875
1.29054	0.0032762	1.7802
0.647087	1.01923	1.11752
0.000245166	3.94248	0.147969
1.19099	0.360648	0.0933767
0.0105768	0.126396	5.12166
0.0481563	2.01628	2.16055
0.00413354	2.63005	1.38064
1.6771	0.0521206	0.652438
0.00152508	1.34876	4.90275
1.32706	0.241505	0.0703774
0.61025	1.08985	0.30665
0.00441069	1.4953	3.21727
0.236358	0.421469	3.48483
1.0493	0.0722526	1.78859
0.855256	0.66938	0.775654
0.954886	0.188852	1.25133
0.0958001	1.66282	2.29584
0.933032	0.558429	0.988886
1.09312	0.0553243	2.08128
0.478053	1.37716	0.761122
0.101909	0.782903	3.14998
1.61462	0.0682114	0.285681
1.96404	0.00106257	0.00474413
0.0691604	1.96037	1.42783
0.976728	0.549347	0.495014
0.0745517	2.80543	1.19569
0.500987	1.27846	1.20415
1.77219	0.0278829	0.394722
0.032058	3.2664	0.248952
1.22262	0.318468	0.0193948
0.678283	0.0025522	4.53928
1.37018	0.218134	0.0285102
0.0643711	2.96537	0.16486
0.0971649	2.69699	0.951151
0.31753	1.86013	0.0564162
0.0733176	2.85418	0.483073
0.576148	1.15098	0.600404
0.00114453	3.87411	0.366549
0.105833	2.72168	0.13218
0.388564	1.6073	0.936559
0.000231566	3.63127	3.91387
0.209892	2.18005	0.539798
0.00612577	3.72948	0.223582
1.10852	0.0368088	2.21762
0.0939199	2.77043	0.468383
0.0161925	2.32251	1.45167
0.202493	0.0647449	4.36098
0.164472	1.50125	1.49022
0.0482959	2.08022	1.67165
0.223864	0.0606776	3.98217
0.0231436	0.0343076	5.74953
0.249513	0.459043	2.59533
0.702192	0.89786	0.667763
0.0677638	2.89332	0.62868
0.0507904	3.0778	0.575402
0.0893673	1.80164	2.28123
0.746818	0.838319	0.731447
1.87856	0.000352399	2.11389
1.83476	0.0190026	0.0128941
0.568142	1.23586	0.0137274
0.912138	0.618445	0.844509
1.02694	0.495491	0.688178
0.875077	0.710162	0.0881262
0.0464198	3.11089	1.02856
0.0135581	0.493221	4.37602
0.765769	0.0231096	2.40505
0.0186237	3.4436	0.150308
0.0233487	1.31888	3.47054
0.129201	2.56282	1.06645
1.50116	0.105695	0.753715
0.379238	0.848641	1.98962
0.693641	0.998846	0.195421
1.76445	0.0230306	0.439105
0.0314419	1.13736	3.11787
0.343988	0.860837	2.4261
0.0362408	2.12191	1.94051
1.89768	0.00867381	0.217113
0.273701	1.92137	0.590261
0.312213	0.338232	3.03798
1.28687	0.0210342	1.209
0.217336	2.11531	1.09058
0.415247	1.50956	1.08565
1.92783	0.00375361	0.00107045
0.191614	0.0587195	4.75298
0.799086	0.0178359	2.411
0.21077	0.508297	2.85179
0.233535	0.0287939	4.76231
0.0293503	2.21328	1.7123
0.395325	0.177017	3.54775
1.98269	0.000213627	0.0771599
1.54065	0.103628	0.0671044
1.21396	0.326587	0.0200242
0.305243	1.81602	0.467885
1.73705	0.0262846	1.11522
0.0429774	3.21852	0.257062
0.0468781	0.982938	3.58362
1.38301	0.18227	0.755604
1.34425	0.202967	0.562739
0.0797314	0.048478	4.95479
0.291746	1.01975	1.84152
0.0818065	2.92902	0.176204
0.0171481	0.468821	4.62534
0.202925	0.546801	2.91101
0.429717	1.44143	0.849583
0.0223399	3.38369	0.669482
0.11708	0.756467	2.68569
0.0186367	0.538032	3.84169
1.07633	0.437114	0.283825
0.554393	1.27717	0.0395299
0.453448	1.43292	0.328808
0.439926	0.248416	2.47044
0.389103	0.800568	1.72416
0.0621342	2.94192	1.11922
1.52587	0.111501	0.321023
0.00276794	3.79195	0.0197175
0.559153	1.22173	0.114155
0.133912	2.53447	0.470498
0.328843	0.946634	1.83284
0.586125	0.0571795	3.49288
0.0234592	0.539212	3.81284
0.199948	2.29695	0.0899184
0.260154	2.05018	0.0557009
0.00298938	3.84687	0.0109984
0.0421393	0.498821	3.74599
0.0715371	0.256319	4.66922
0.00579456	2.60163	1.60298
0.000183035	0.000563333	5.94051
0.785835	0.792671	0.963806
1.40517	0.190444	0.0710837
0.46969	1.36777	0.797467
0.819071	0.255113	1.40986
0.01072	3.5819	0.255692
0.144936	1.56734	2.0036
0.145296	1.65816	1.40001
0.0107642	0.640454	4.0744
0.0389308	0.0597875	5.02545
0.019783	2.21118	2.15834
0.00436359	2.48681	1.67754
1.45257	0.144734	0.209506
0.0527467	3.15652	0.271743
1.51771	0.105	0.346145
0.00874424	0.741361	3.89915
0.0353839	2.25906	1.20537
0.0113293	0.122489	5.18856
1.64528	0.0572297	0.277214
0.136625	2.59319	0.0208637
0.00860145	3.60021	0.647341
0.106163	0.817404	2.64146
1.58322	0.0612995	1.20058
0.822057	0.738608	0.963459
0.00862381	0.0917146	5.60093
0.204216	0.0739909	3.98005
1.92261	0.00607386	0.216174
0.0463582	3.19862	0.0719761
0.458952	1.40894	0.623894
0.598424	1.1833	0.0386044
1.64528	0.0572297	0.277214
0.281983	1.93982	0.418137
1.9998	0.000192611	0.000214929
0.000180087	3.99392	0.000177669
1.40083	0.178809	0.209006
0.000879851	3.885	0.0985297
0.266471	0.38807	3.05421
0.66345	0.00642974	4.87376
0.200904	0.537259	2.89528
0.218324	2.15551	0.605012
0.242806	2.08043	0.316316
0.253668	0.398312	3.46759
0.0520552	0.0290077	5.35046
0.0244286	3.37286	0.26739
0.519805	0.657485	1.39914
0.809355	0.743674	1.02588
0.856605	0.156455	2.3104
0.0395748	3.2064	0.535267
0.000364536	1.21844	5.91578
1.54165	0.0768046	1.16711
0.364229	0.256374	3.19558
1.35568	0.183591	0.857919
0.000201101	1.23174	5.83846
1.17222	0.33724	0.630395
0.738638	0.269718	1.99937
0.967136	0.118946	2.0779
0.622802	0.0045211	5.60038
1.33322	0.196718	0.888823
1.73873	0.0354441	0.0135988
0.0106645	2.80327	1.36344
0.775784	0.821722	0.28434
1.29793	0.00955987	1.19558
0.0368689	3.25233	0.242013
0.235206	0.0606386	4.18378
0.140359	0.127531	4.76101
1.61133	0.0686891	0.288967
1.88946	0.0112891	0.426353
0.828299	0.68613	1.27598
0.00742239	0.645091	4.10497
0.179974	2.28363	1.10686
0.412015	0.204514	3.11353
0.0958283	2.7351	0.327245
0.131111	2.52048	0.796103
0.383773	1.60585	0.296085
0.106078	2.69222	0.413157
0.442719	0.855404	1.44839
0.0197082	2.34509	1.89563
0.0724261	1.8369	1.67981
0.109272	1.77689	1.63305
1.56654	0.1009	0.195483
1.9602	0.00171104	0.0766081
0.603197	1.10954	0.183823
1.64118	0.0501541	0.958882
0.0989971	1.71497	1.78993
1.85346	0.0119486	0.411357
0.0460263	1.99226	2.20677
0.305146	0.934756	2.22238
0.996114	0.146286	1.33229
1.7813	0.0244656	0.36194
1.50112	0.121768	0.359549
0.938992	0.11247	2.20652
0.0282483	2.19054	1.8842
0.720998	0.00536082	4.01839
0.321951	0.0310207	3.80909
0.0616815	3.00103	0.332591
0.0227982	0.0430448	5.27768
1.06644	0.431693	0.408947
0.0393451	3.14353	1.09977
0.318537	1.07456	1.21507
0.063674	2.87722	1.16515
0.0701882	0.289254	4.27289
0.967248	0.573333	0.710783
0.185854	0.597337	2.78778
0.0021871	1.25097	5.67151
0.137392	0.765602	2.40998
0.784984	0.786666	0.501109
0.0167421	3.4482	1.06642
0.369911	1.65621	0.877041
0.0841004	1.87778	1.27997
0.134332	0.20544	3.72819
0.473248	0.631129	1.95783
0.500046	1.26113	1.09646
1.46452	0.141607	0.367353
0.0199882	3.41081	0.646717
1.47527	0.126262	0.762641
1.43793	0.183823	0.179227
0.469851	1.45671	0.151028
0.00575453	1.27586	4.39892
1.82062	0.00500528	2.03847
0.74703	0.855118	0.279439
0.722167	0.279973	2.35785
0.911428	0.145263	1.66464
1.09798	0.411741	1.09881
0.0581446	3.0156	0.837516
0.844625	0.794135	0.0383873
0.294718	0.0210292	4.15304
0.583475	1.16264	0.0970248
0.259907	0.379275	3.31434
0.983666	0.108351	1.42264
0.0671932	2.8618	1.01448
0.260125	0.537032	2.55299
0.0241975	3.30423	1.06512
0.289449	0.977958	2.0636
1.656	0.0442682	0.75519
1.93224	0.00250262	0.000193383
0.0414807	3.1219	0.485187
0.0970626	0.188708	4.65609
0.196687	1.39571	1.5024
0.149544	2.43175	0.500204
0.123045	2.57007	0.796954
0.0305047	2.31479	1.23161
1.67693	0.0520464	0.172827
0.0759374	0.243477	4.54492
1.97415	0.00231252	0.00366685
0.0023588	3.83533	0.00118143
1.7955	0.0242467	0.0496869
0.0462581	3.0712	1.05908
0.320081	0.908607	2.24767
0.259932	0.373853	3.38951
0.267916	0.406437	2.62492
1.69261	0.0485938	0.0135988
1.06524	0.473211	0.0265787
0.0194523	2.64295	1.27533
0.0859219	1.90202	1.21254
0.414808	0.806365	1.72326
1.86883	0.0129334	0.0725343
1.21629	0.00988397	2.1435
0.644753	1.01553	0.74809
0.0116949	0.680742	3.85666
0.220341	0.453399	3.52287
0.894578	0.154999	1.73394
0.715399	0.895634	0.656033
0.553967	0.5453	1.29099
0.362084	0.841244	1.82486
0.208648	0.0422168	4.57677
0.167007	2.47519	0.318754
0.67915	0.00485259	4.45622
0.200873	2.2308	0.228171
0.148443	2.40476	0.922741
0.667769	0.015362	3.59214
0.26772	2.03116	0.0697161
0.143376	1.51994	1.54087
1.59596	0.0728656	0.692708
0.40951	0.204195	3.26493
0.0340074	0.0550728	4.84392
1.12404	0.0424147	2.03222
0.176212	2.37134	0.706743
0.00139143	3.80886	0.159517
0.0235635	3.56892	0.113896
1.71218	0.038487	0.162081
1.58317	0.0902429	0.00170996
0.00492195	3.71863	1.47494
0.0188726	1.34392	2.46043
0.431031	1.50615	0.401552
0.406671	0.208433	3.37409
0.423216	1.49746	1.18088
0.0325251	0.511362	4.28403
0.20005	1.28557	1.77796
0.224403	0.0606076	4.51268
0.0846317	0.361629	3.63559
0.706242	0.323201	1.84612
0.0196229	0.0398305	5.50884
1.34643	0.220893	0.373641
0.464316	1.42158	1.01809
0.56235	0.0747498	2.70019
0.486397	1.32227	1.0314
1.91551	0.00742806	0.03142
0.0549671	1.9342	1.46674
0.000260431	3.66732	2.82185
0.421655	0.215643	2.85594
1.43917	0.165073	0.048769
0.33714	1.74373	0.653937
0.100641	1.02668	2.44493
0.00122055	3.62287	2.82243
1.01859	0.0848226	1.83909
0.678946	0.351724	1.6107
1.72603	0.0363026	0.517507
0.0223691	2.59578	1.25026
0.346598	1.67761	0.89029
1.19147	0.302189	0.945721
0.480873	0.624037	1.88713
0.275879	0.470926	2.49365
0.401072	1.58948	0.602133
