0.291497	0.000209945	4.99933
0.000186423	2.32246	5.38081
0.000308915	3.99934	0.000309439
1.06927	0.0624903	2.19092
0.666496	0.937164	1.07996
0.0343625	3.22375	1.06115
0.0326705	2.09651	1.92782
0.0848122	0.0198909	4.91864
0.030224	3.3364	0.25709
1.86952	0.00669059	0.92696
1.77215	0.0252028	0.189297
0.243915	0.460163	2.75314
0.721008	0.846049	1.23198
0.0293953	2.17185	2.36601
0.530508	0.076216	3.36691
0.089056	2.76475	0.243438
0.037963	0.00623127	5.74972
0.0867034	2.80959	0.623899
0.0234752	0.026146	5.64629
1.27944	0.226041	1.13048
1.23089	0.277833	1.08846
0.0431904	2.00551	2.02176
0.105374	0.209269	4.30219
0.289561	0.320064	3.55412
0.396057	0.803935	1.89013
0.80791	0.787406	0.141907
0.290253	1.91452	0.130353
0.000551176	1.479	3.48056
1.61462	0.0597619	0.452555
0.09028	0.238682	4.13994
0.058339	2.98183	0.755377
0.180139	2.38102	0.218747
0.0716262	2.90063	0.42825
0.00417979	3.83026	0.0027484
0.120601	2.702	0.297488
0.374274	0.826264	1.77684
1.57649	0.0800957	0.716752
0.2719	0.0206221	4.43867
0.938801	0.594542	0.186287
1.31198	0.224618	0.804415
0.350039	1.73683	0.0710925
0.61398	1.07187	0.551046
0.207394	1.2067	2.29337
0.0984957	1.69498	1.69755
0.91905	0.622449	0.413311
1.47813	0.119087	0.554412
1.82438	0.0179954	0.374538
0.103882	0.309826	3.7179
0.0126847	0.197145	4.791
0.0720972	2.8869	0.403577
0.0444888	3.04849	1.19548
0.0479372	0.413706	4.00115
0.00963746	3.57217	0.303418
0.608448	0.0493001	2.8289
0.257716	0.43795	2.88621
0.000186423	2.32246	5.38081
0.62996	0.383368	2.09298
1.35308	0.00231627	1.25879
0.197029	0.560936	2.68203
0.039448	2.05587	1.89688
0.0514925	3.09864	0.19535
0.0257011	0.508194	4.6627
1.56389	0.0798099	0.869208
1.53165	0.0974009	0.896301
0.139877	2.58606	0.0407405
0.0329598	0.0276995	5.23585
1.65644	0.0508208	1.1431
1.69776	0.0349333	0.804413
0.885962	0.65124	0.412234
0.18809	2.31429	0.365415
0.739344	0.000850522	3.44786
1.11327	0.0456038	1.68372
0.593315	0.438597	2.15422
0.000239424	3.68493	3.14787
0.0641074	0.304392	4.51141
0.0424058	0.00614953	5.55479
0.0721337	0.919359	3.00084
0.0977765	0.982867	2.4327
0.219404	0.51403	3.0459
0.772749	0.0112488	2.57381
0.507664	1.33677	0.0714897
0.0376147	3.15379	1.14055
1.82438	0.0179954	0.374538
1.44202	0.148358	0.381307
0.0219278	1.23131	2.97342
0.00776853	1.51801	2.63187
0.14014	0.675799	3.2505
0.0527715	2.02334	1.44454
0.00422524	2.51236	2.00932
1.12674	0.034569	2.41581
0.194001	2.23949	0.683933
1.75227	0.0260491	0.629222
0.960104	0.52908	0.791204
0.143135	0.118634	4.36053
0.456119	1.42386	0.361246
0.215362	0.0432786	4.75236
0.256055	0.0496714	3.9193
0.231605	0.470807	2.85871
1.03176	0.484476	0.275652
0.397749	0.83165	1.3165
0.416748	0.737173	2.13326
1.15193	0.336017	1.04761
0.336087	0.88342	2.23493
0.273226	0.387234	3.17871
1.96541	0.000873723	0.114347
1.15351	0.0284855	2.06184
0.214296	0.499269	3.29554
1.5077	0.120869	0.138161
0.065243	0.0172388	5.09495
0.157568	0.130516	3.80538
0.054961	0.00879857	5.45298
1.38335	0.192268	0.159009
0.0236846	0.0527943	5.11656
0.988562	0.0857832	2.12555
0.383846	1.64521	0.104308
0.844676	0.182439	1.96583
0.00235047	3.9073	0.0632399
1.17577	0.356062	0.826487
0.784134	0.825454	0.122906
0.550553	1.21514	0.479088
0.0246736	3.39771	0.813026
0.134246	1.61413	1.48502
1.01374	0.0908898	1.57727
0.635164	1.02586	0.628651
0.0910843	0.241003	4.08001
0.00364861	0.110174	5.23465
0.113072	0.186447	4.52936
0.000294351	3.65186	3.63346
0.0114489	3.45995	1.21037
1.41093	0.152338	1.03614
0.00456208	3.72868	0.323249
0.00784982	3.62734	0.305447
0.0208594	2.48314	1.53508
0.00279134	3.71842	2.66533
1.19508	0.0282951	1.39857
0.000785276	3.90852	0.0530088
0.0364923	1.27206	2.4653
0.0344372	2.19078	1.20998
0.150957	2.40016	0.968231
0.330196	1.79846	0.104453
0.0106386	0.612249	3.98235
0.553713	1.24514	0.0748424
0.377702	1.57508	1.15523
0.29722	1.81181	0.871763
0.315433	1.76079	1.01982
0.0357641	0.00750853	5.848
0.359444	0.881858	1.53675
1.72767	0.0304469	0.30631
0.0174117	0.000220608	5.96756
0.45742	1.36553	0.949401
0.0441335	0.013631	5.50559
0.0019811	0.717218	3.63375
0.650389	1.00278	0.733506
1.99296	0.0019296	0.0287766
0.575987	1.14422	0.83702
0.760946	0.84364	0.587453
0.220075	1.22892	1.74152
0.0623571	1.86578	2.37255
0.727428	0.888833	0.256907
0.369964	0.872733	1.50275
0.432203	0.255141	2.5366
0.390746	1.55627	0.839069
0.321496	1.77085	0.860581
0.302502	0.367375	2.54105
0.427815	1.50237	0.329165
0.447639	1.39721	1.04583
0.827846	0.769992	0.0540178
0.56883	1.15715	0.716415
0.0725775	0.24452	4.60111
1.00221	0.0950309	1.72608
0.184024	2.23622	1.08294
0.0332811	3.18956	1.11549
0.0735335	0.243084	4.62126
0.482721	0.111845	3.34847
0.115189	0.205181	3.85943
0.477065	0.101174	3.4794
0.0368679	3.4501	0.0443112
0.145479	2.54295	0.045151
0.317129	1.83831	0.124034
0.588323	1.12772	0.366147
0.746063	0.861653	0.619851
1.33778	0.00253409	1.38192
1.7175	0.0329322	0.306973
1.39098	0.18869	0.159768
0.202176	0.504767	3.10961
0.0783494	0.000268001	5.02364
0.622912	1.10001	0.000272422
0.552235	1.1994	0.863474
0.00849459	0.106376	5.24556
0.685452	0.0294365	2.65699
0.0499452	0.984352	3.77946
0.0811491	1.79228	1.69947
1.07138	0.409468	0.936308
1.00921	0.480127	0.678212
1.75663	0.0175263	1.12569
1.66416	0.0567833	0.514746
0.0284123	3.31182	0.264902
0.0978414	2.76436	0.03193
0.0419367	3.15729	0.309307
0.59231	1.16548	0.00850843
0.0808765	2.81623	0.298182
0.122655	1.57753	2.15234
0.263734	2.01989	0.591144
0.00721604	3.78293	0.0209738
0.104393	2.69469	1.15177
0.100093	0.196474	4.52938
1.79554	0.0213273	0.13389
0.535741	1.23735	0.359306
1.12413	0.373399	1.16887
0.149192	2.47747	0.24269
0.0402536	3.21056	0.0313551
1.59216	0.0772551	0.688058
1.53948	0.106484	0.192175
1.47077	0.129606	0.543842
0.029627	3.26842	0.678607
0.984709	0.492202	1.25332
0.307171	1.82933	0.524018
0.0581358	0.360314	4.63132
0.00770151	1.50779	2.77755
0.268	0.366843	3.39461
0.00823043	3.6432	0.206463
1.41242	0.143909	1.10474
0.0555447	3.09339	0.0264057
0.0269433	2.22264	1.28486
0.0265601	2.28142	1.48888
1.89061	0.00633541	0.332811
0.644591	0.025037	3.52412
0.652528	0.385205	1.8749
0.0195263	0.10441	5.39189
0.326399	1.72137	1.00481
0.168321	0.640878	2.52481
0.051618	3.01113	0.606721
0.00293128	0.00204456	5.85765
0.131541	2.6147	0.169606
0.361696	0.849148	2.29526
0.334134	1.72799	0.637107
0.236397	2.03898	0.932553
1.95846	0.000946347	0.336133
0.250107	0.0457861	4.0505
0.9228	0.631949	0.357207
0.0811538	0.894812	3.47933
0.0371128	1.15052	3.12792
0.00484876	0.0935828	5.65329
1.37529	0.185866	0.557464
1.30196	0.00530411	1.82605
0.111507	2.576	0.995706
0.0015875	1.29978	4.93503
1.04504	0.477724	0.716019
0.0433228	2.09603	1.44392
0.0139758	2.33785	2.37603
1.82912	0.0104612	1.08885
0.00108935	3.91132	0.365433
0.517623	0.565296	1.63864
0.690485	0.0175353	2.71277
1.51273	0.102254	0.642086
0.159075	0.599611	3.32394
1.62242	0.0527451	0.793023
0.341218	1.68682	1.04009
0.910501	0.688658	0.153504
0.497067	0.0932317	3.60412
0.481978	1.38279	0.113964
0.430921	0.761773	1.59272
0.0470999	1.95379	1.79016
1.3552	0.214105	0.390255
0.191178	2.2994	0.133632
0.00319628	1.36651	3.68493
0.498312	0.0934476	3.56397
0.737601	0.274803	1.91752
0.208447	0.521796	2.72743
1.63257	0.0777808	0.0768198
0.45711	1.48872	0.0564218
0.00169788	3.96448	0.0814585
0.049643	2.14225	1.31291
1.23663	0.261158	0.967157
0.00513837	3.73933	0.0356184
0.0457748	2.1734	1.35553
0.0243108	0.550822	3.9809
0.0172812	2.36219	1.90334
0.210426	1.2623	2.04025
0.0820752	0.924742	2.97949
0.00342987	3.85133	0.123501
1.98236	0.00104351	0.00242147
0.0776617	2.96274	0.234711
0.806374	0.761467	0.812663
0.126243	2.55189	0.779429
0.0848922	2.86134	0.0357755
0.619451	1.03854	1.20793
1.92084	0.00659013	0.00319775
0.861946	0.663563	1.02163
1.39331	0.185555	0.357443
0.400906	1.60935	0.0431615
1.69953	0.0379877	0.493801
1.44458	0.132879	1.00014
0.131022	0.707388	2.91536
0.226121	0.428076	3.28229
0.765442	0.793158	0.730177
0.12789	2.53572	1.20532
0.00298782	1.54256	2.91063
0.628312	0.43072	1.66193
0.373643	0.821456	2.23572
0.0290366	0.391586	4.38217
0.0951789	0.19387	4.66711
0.0633398	0.424403	3.64753
1.12762	0.376831	1.1683
0.0713052	3.05544	0.0987084
0.00708324	2.43151	1.51812
0.651164	1.03641	0.344877
0.0614857	1.8859	1.96961
1.73279	0.0297288	0.702467
0.0208233	3.37196	0.334412
0.0135073	1.42376	3.18276
0.276554	0.376563	3.02197
1.258	0.244848	0.971219
0.151816	2.40208	0.784766
1.31642	0.0158826	1.39316
1.25823	0.0204718	1.21658
0.829584	0.731988	0.814304
0.51946	1.28916	0.116876
0.405855	0.730014	2.16939
0.0622291	0.894254	3.75224
1.33019	0.00287412	1.62162
0.022829	2.19964	1.81166
0.840184	0.206206	1.76613
0.374147	0.841447	1.9368
0.0553011	1.91233	1.79227
0.758453	0.274225	1.78076
0.14188	0.132795	4.44575
1.81325	0.0210356	0.00417719
1.21741	0.295507	0.611716
0.605394	0.457079	1.76071
0.351592	0.268771	3.06527
0.966463	0.117529	2.20163
0.778202	0.00456766	2.49551
0.011152	3.55525	0.836738
0.412621	0.74226	1.7637
0.0140761	0.439748	4.81841
1.05223	0.455279	0.417054
1.49456	0.120654	0.648784
0.138265	1.46024	2.22619
0.916414	0.144936	2.39533
0.151927	0.117411	4.46541
0.807482	0.224737	2.01142
0.11725	2.64755	0.245582
0.164984	1.41197	2.25583
0.349906	0.272693	2.82968
0.444052	0.174687	2.71976
0.0457358	0.390672	4.24106
0.0204435	3.52193	0.0086626
0.288026	0.0160274	3.91253
0.472554	0.180573	2.44127
1.93321	0.00294952	0.0108473
1.22463	0.298229	0.384785
1.56992	0.102721	0.198924
0.162373	0.600994	3.25436
0.0248722	3.38301	0.316373
0.0695843	2.92735	1.09801
1.49829	0.112144	0.41296
0.0331163	1.15489	2.96609
0.100173	0.207717	4.2467
0.388377	0.877736	1.29117
0.0217556	3.4933	0.0825137
0.000368774	3.99919	0.000370173
0.769915	0.00024804	2.92218
0.448917	1.4758	0.000285373
0.0470589	0.515027	3.92141
0.0112358	3.51218	0.591839
1.02148	0.0732643	2.34263
0.013074	3.56937	0.169388
0.0167875	3.39918	1.16051
0.00232128	3.79047	0.285598
0.0891597	0.26741	4.1102
1.95789	0.00180322	0.271789
1.31934	0.215975	0.687475
0.708623	0.917168	0.585531
1.5887	0.0859653	0.176981
0.871138	0.170709	1.98298
1.50549	0.104457	1.04377
0.0485039	3.05868	0.559153
0.295485	0.0196464	4.17378
0.856931	0.00398986	2.44873
0.691391	0.369262	1.31289
0.00725715	3.68345	0.168284
1.28224	0.00695732	2.19065
0.0165683	0.0341857	5.80774
1.55293	0.102154	0.268627
1.3894	0.193348	0.11498
0.663858	1.02211	0.035814
0.024693	0.446684	4.48016
0.0373286	1.11601	3.44405
0.768778	0.00167617	2.80732
0.00685561	0.101173	5.22485
0.974465	0.133139	1.33812
1.42018	0.140268	1.03587
1.87043	0.00346412	1.1728
0.310118	0.00759049	4.31517
1.61212	0.0796892	0.00614561
0.0299426	3.26772	1.06619
1.08116	0.400219	0.935953
0.024101	0.0653312	5.08098
1.05577	0.46018	0.490827
1.79723	0.0183061	0.314297
1.24846	0.0102852	1.77843
1.47033	0.124757	0.429054
0.035874	2.21955	1.85913
0.0491908	0.974452	3.56783
0.623009	1.04577	0.773777
0.00725715	3.68345	0.168284
0.161123	1.42082	1.94815
0.0704757	3.00309	0.0599617
0.0935856	2.78482	0.211217
0.648701	1.06716	0.452499
0.0096884	0.0948662	5.37738
0.058059	0.030921	4.86988
1.89776	0.0107018	0.00795638
0.0295752	0.434131	4.57409
0.833251	0.754544	0.343965
0.0853962	2.71246	1.06471
0.470037	0.712051	1.58488
0.38009	1.62611	0.653254
1.73738	0.0402861	0.0918261
0.222528	0.541001	2.70289
0.14146	0.24875	3.69832
1.18321	0.0276784	1.73885
1.36956	0.203839	0.647092
0.0456004	0.011375	5.58026
0.138786	2.51614	0.547368
1.64109	0.0698177	0.0070209
0.195306	0.513078	3.16291
0.215827	2.1796	0.59927
1.03318	0.117843	1.22952
0.286227	1.08993	2.08903
0.0309865	3.2196	1.06362
0.367428	1.65779	0.375941
0.0181908	0.0400291	5.65381
0.250529	0.373405	3.53784
0.531855	1.28643	0.648764
0.775889	0.314669	1.25673
0.0331761	3.14706	1.13555
0.487035	1.32452	0.562873
0.15113	2.45998	0.374053
0.11829	0.262008	3.84019
0.168736	0.603265	3.23694
0.254791	2.00164	0.907378
0.121241	2.5867	0.261177
0.224926	2.09692	0.747898
0.384725	1.70186	0.14312
0.124004	0.227529	3.80985
1.11117	0.452615	0.363756
0.53426	1.23794	0.852649
1.92108	0.00466912	0.00677304
0.0246752	0.0443977	5.45663
0.020742	2.5444	1.22761
0.311895	0.373539	2.56979
0.61168	0.048508	2.75705
0.330769	1.7405	0.578116
0.383569	0.800506	2.04767
0.788497	0.00202288	2.61158
0.107042	2.66973	0.241969
0.0056446	1.3908	2.92505
0.247221	0.435541	3.39539
1.27294	0.25405	0.965625
0.893844	0.642598	0.404896
1.15456	0.368149	0.171525
0.00226946	3.8759	0.186429
0.388372	1.59507	0.45736
0.341977	1.75486	0.36814
0.297276	0.354234	3.05543
0.268525	1.89803	1.1962
0.0731261	1.85826	1.5318
1.19315	0.372806	0.0587722
0.244295	2.0449	0.713267
0.160072	0.578049	3.57836
0.600624	1.08013	0.827468
0.725831	0.0187577	3.09256
0.37058	0.849918	1.61432
0.442676	1.44028	0.91633
1.12849	0.469027	0.11709
0.23427	2.0602	0.534206
1.65907	0.0463933	0.880444
0.0452559	0.335336	4.69657
0.0376462	3.17392	0.611849
0.293569	0.00544039	5.00749
0.814896	0.286862	1.42305
0.430072	0.191469	2.68015
0.939747	0.13754	1.49517
0.229319	0.44115	3.28574
0.130593	0.187211	4.13662
0.185761	0.0713581	4.69846
0.0317739	1.22641	2.9527
0.41914	1.55555	0.316701
0.027372	2.4282	1.3501
0.0988268	0.819617	3.33742
0.724388	0.902947	0.742408
0.202018	1.35063	1.56297
0.0720401	2.90651	0.566839
0.00322682	3.94215	0.00299695
0.0050968	2.48143	2.50261
0.00158756	3.84182	0.259588
0.435839	0.700936	2.23243
0.581877	1.16597	0.247802
0.171106	2.28908	0.949837
0.0786375	2.83904	0.929418
0.478073	0.664533	1.44728
0.0246785	0.0628353	4.94102
0.507847	0.594145	2.24327
1.7106	0.040847	0.424648
0.031545	0.473496	4.33064
0.0618535	1.1183	3.195
0.112986	2.61942	0.49795
0.181938	2.31304	0.244366
0.539238	1.29559	0.135849
0.901178	0.13127	2.41006
0.264752	1.96878	1.1195
0.178968	0.5882	2.85388
0.503072	0.136361	2.48465
0.0878874	2.78625	0.94795
0.0021685	3.93322	0.00442863
1.22283	0.344191	0.67396
0.30729	0.00930247	4.41765
1.77229	0.0187712	0.562649
0.460723	1.34043	1.18618
1.53111	0.112018	0.692646
0.0994161	0.830522	2.88007
1.07716	0.476688	0.148205
0.743861	0.864746	0.152121
1.84932	0.00700592	0.771378
0.281814	0.336574	3.6334
0.360949	0.89602	1.35129
0.276993	1.93244	0.714138
1.21399	0.0296131	1.33572
0.00885147	0.619685	3.76339
0.200847	1.35972	1.40613
0.807163	0.248244	1.67644
0.40647	0.766818	1.90082
0.918554	0.135793	2.02567
0.586572	0.0591674	3.08977
0.00814478	2.39614	1.74954
1.71415	0.0361879	0.312524
0.0349058	3.34143	0.0723178
0.0921024	0.203629	4.61974
0.386422	1.57303	1.08573
0.257649	1.19836	1.52781
1.43081	0.162788	0.484821
0.950995	0.608	0.402285
0.743151	0.27199	2.14136
0.926645	0.123324	2.14678
0.801273	0.226988	2.30981
0.000358543	3.99776	0.000524787
0.000192256	0.000192814	5.9981
0.601408	1.14158	0.000308775
0.00199508	0.0033927	5.84362
0.53195	0.0913623	2.91632
0.657841	1.01806	0.413274
0.025804	0.0233285	5.65785
1.5137	0.119566	0.758822
0.0676479	2.96876	0.181723
0.00863439	0.525228	4.93717
0.629217	1.08528	0.449966
0.131947	1.56114	1.40849
0.719357	0.968158	0.0808522
0.0324073	1.16333	3.13485
0.0107955	0.555066	4.24752
0.0925032	2.72426	0.996438
0.251383	2.09222	0.196557
0.488794	0.1188	2.67751
1.07813	0.432944	0.479033
0.39773	0.800983	1.63238
0.0081991	0.578076	4.28639
0.0262824	0.504066	4.10907
1.55501	0.111272	0.144712
0.0214104	3.36062	0.971263
0.984627	0.494235	1.18158
1.74429	0.0315148	0.475206
0.123897	2.57109	0.987275
0.193206	2.30178	0.0229964
0.860471	0.184869	1.80081
0.115264	0.384708	3.86772
0.00492875	3.78795	0.010509
0.0316188	3.26495	0.655894
0.4208	0.76091	1.36262
0.734404	0.0151626	2.54472
0.0391479	3.14422	0.652462
0.0132864	3.43264	0.885423
0.216057	2.1745	0.0767319
1.40631	0.151662	0.91996
0.677641	0.356464	1.8959
0.0580098	1.93672	1.82626
1.12087	0.0430742	1.87902
1.71637	0.0391303	0.132074
0.451421	1.37393	1.19524
0.00123001	3.75056	2.08498
0.0266372	3.32364	0.639559
0.163365	1.44568	1.36322
0.946463	0.544761	0.983543
0.158441	1.39176	2.3835
1.42548	0.158116	0.446212
0.0135783	1.25587	3.36542
1.60661	0.0851684	0.0530567
0.07261	1.79271	2.15249
0.0451175	3.07501	0.665309
0.0543902	0.0255606	5.45514
0.588426	0.442342	2.33778
0.104037	2.66267	1.03459
0.0043411	3.70109	0.710805
1.22994	0.283237	0.833843
0.730657	0.906518	0.249034
0.03189	0.0517426	5.34301
0.880957	0.168666	1.92805
0.0743661	2.91566	0.437282
1.26116	0.300492	0.386934
0.00194769	0.00199824	5.95787
0.362829	1.64941	1.07087
0.0265424	0.112147	5.04157
0.135724	1.61245	1.2767
1.88933	0.00890047	0.00251534
0.000533102	3.91475	0.333981
0.797614	0.0158683	2.45985
1.568	0.100033	0.0464328
0.691477	0.323428	2.29964
0.317115	0.308242	3.28026
1.29358	0.251391	0.433063
1.38807	0.203394	0.236955
0.0413423	3.20749	0.223049
1.59064	0.0781059	0.794984
0.378123	1.61295	0.3861
0.346212	1.69948	0.725443
0.0376581	0.0744953	4.83974
0.131777	2.50933	0.973737
0.00462092	3.58788	1.71132
0.178629	2.35278	0.490985
0.466949	0.640156	2.01494
0.942347	0.59952	0.534286
1.68879	0.0448904	0.531808
0.0202009	1.33441	2.44374
1.98759	0.00156275	0.0014885
0.440012	0.732856	1.59414
0.63173	0.0387029	2.75194
0.0332227	3.4615	0.117425
0.113992	0.812144	2.53248
0.080205	1.81988	1.44495
1.18714	0.345472	0.146619
1.62939	0.0795582	0.127778
0.0127665	3.62486	0.0961624
0.113921	2.64035	1.07683
0.754037	0.839638	0.3023
0.505995	1.27469	0.783145
0.836701	0.727259	0.555916
0.572077	0.491509	1.75836
0.276897	1.96455	0.424841
0.00903171	0.568688	4.40438
0.199005	0.0480019	4.52034
0.227567	2.05756	0.961886
1.15175	0.0354488	1.75102
0.17595	2.39502	0.100078
1.04617	0.452841	0.726197
0.285464	1.86859	0.812679
0.0547414	3.01639	0.691929
1.25052	0.00775914	1.59303
0.0101622	0.546761	4.40399
0.92595	0.177934	1.26707
0.0541726	0.292061	4.66146
0.128169	2.5366	0.593843
0.267873	0.0210693	4.52866
0.693224	0.388242	1.53405
0.721223	0.0193483	3.19188
0.00948641	0.575884	3.77367
0.774297	0.276381	1.3276
0.00359475	0.49678	5.60527
0.00715958	0.54506	4.71606
0.740802	0.831576	0.878081
0.361007	1.71712	0.152929
0.913043	0.616731	0.596317
0.263478	2.02279	0.120404
0.108226	0.997057	2.75821
0.141452	0.188378	4.08408
0.117897	0.266698	3.6482
0.341212	0.903491	1.49394
1.91088	0.00215324	0.611912
0.787313	0.256189	2.24122
0.189346	0.526568	3.43336
0.220671	2.18348	0.00221865
0.24168	0.485283	2.80009
1.95473	0.00209195	0.00215774
0.190997	2.24603	0.82304
0.0192145	3.5071	0.743264
0.191519	1.30282	2.35401
0.184588	0.0616735	4.61321
0.0768406	0.224947	4.77641
0.300157	1.84732	1.0659
0.0128571	0.547518	4.01141
0.215391	0.460491	3.48634
1.30403	0.247365	0.443865
0.26474	1.99396	1.1299
0.999775	0.515534	0.339041
0.0507901	3.0539	0.662778
0.665373	0.981534	0.379448
0.430211	0.749303	1.37079
0.807873	0.260847	1.5176
0.350132	1.75231	0.452984
0.0445522	1.10018	3.06298
0.763749	0.883754	0.0277624
1.00531	0.470703	1.14773
0.116041	1.73058	1.56369
0.39271	0.848243	1.25531
0.454726	0.699722	1.76128
0.550663	1.20215	0.352955
0.236993	2.0685	0.519663
0.328254	0.275701	3.58419
0.0126987	2.45369	1.33248
0.0445522	1.10018	3.06298
0.130088	0.6641	3.40301
1.89245	0.00552712	0.273762
0.365607	0.851765	1.81112
0.0759972	2.81171	1.17126
0.481396	0.653102	1.54489
0.191934	2.24288	0.53409
1.13673	0.0454484	1.45281
1.10406	0.421931	0.791256
0.235526	0.0664121	3.76027
0.161714	1.41425	1.96372
0.745469	0.871671	0.134463
1.67644	0.0563167	0.0930045
0.176426	2.37037	0.497487
1.02402	0.0982898	1.37442
0.0794862	2.87762	0.39368
1.92085	0.00358631	0.470155
0.195605	0.577362	2.84196
0.160431	1.41958	1.66036
0.000253491	3.56042	4.85732
0.870845	0.699168	0.000292508
1.57167	0.00145167	5.12317
0.147997	0.0971286	4.60627
1.62409	0.0647161	0.97991
0.163663	0.152512	4.36449
0.648141	1.01134	0.945971
1.65412	0.0565347	0.633378
1.39899	0.161426	1.12394
1.52079	0.105599	0.417812
0.0462503	3.06275	0.823447
1.94086	0.00180023	0.0912726
0.00122923	3.80804	0.697411
1.82661	0.0139003	0.38713
0.370887	1.70809	0.158368
0.296035	0.0059828	4.99744
0.745357	0.0186493	3.01487
0.0430692	2.01997	1.73067
1.77722	0.0226614	0.505698
0.00206816	0.304608	5.64019
1.0922	0.423841	0.784438
1.14809	0.062946	1.35676
0.0285362	1.46159	2.65057
0.0670854	2.9533	0.434331
0.773259	0.844619	0.214676
0.723623	0.0182826	3.52099
1.88714	0.00561518	0.910419
0.330192	0.927824	1.87455
0.813451	0.713924	0.93176
0.0351284	3.29768	0.34102
1.9737	0.00119063	0.0655126
0.52288	0.0731837	3.29012
1.4697	0.112922	1.10977
0.0613252	0.359099	3.99797
0.0202949	1.50382	2.43912
0.00930669	0.810196	4.07324
0.0499899	3.11554	0.366057
0.407889	0.733694	1.96264
0.170199	0.582042	3.12798
0.670433	0.972885	0.522703
0.254869	0.390529	3.42152
0.0357753	3.21718	0.21264
0.154019	2.44036	0.271541
0.351538	0.241115	3.07269
1.35924	0.190799	0.696941
0.50422	0.0974991	3.1939
1.9122	0.00452581	0.00440068
0.00420613	2.57371	1.90407
1.03542	0.491334	0.277627
0.21679	2.16092	0.877919
0.0981895	2.73807	0.364113
0.280552	1.89657	0.503596
0.631239	1.05722	0.206012
0.139793	0.172293	3.79909
0.762294	0.260303	2.08385
0.218427	2.08802	0.992006
0.0351006	3.189	1.08745
1.49989	0.102371	0.858745
0.00144844	0.00162903	5.91642
0.453232	0.233749	2.47106
0.0169029	2.27922	2.05687
0.485703	0.737073	1.31167
0.396346	0.778779	2.06949
0.466239	1.40027	0.166697
0.0103119	0.517965	4.30973
0.0111552	0.614506	3.69373
0.00765566	0.283531	5.40579
0.351292	0.261961	2.95134
0.528656	1.29551	0.0121206
1.06544	0.0913091	1.21796
0.00104943	3.90007	0.0790676
0.110379	2.62496	0.597528
0.308864	0.0210507	3.89322
0.022634	3.42371	0.178462
1.32364	0.263895	0.124139
0.0363941	2.3565	1.2168
0.308494	0.335286	2.82269
0.0601842	3.01503	0.122114
1.29859	0.0191332	1.25795
0.603563	1.10664	0.644893
0.043704	1.98251	2.20172
0.163495	1.35712	2.13941
0.00313624	1.65614	2.52314
0.168698	1.3947	1.54509
0.0956992	2.7827	0.124431
0.0829205	1.7277	2.24359
0.625406	1.06862	0.398381
1.21021	0.0255581	1.62418
1.22342	0.341905	0.548296
0.0111499	0.0327328	5.82845
0.185122	0.545582	3.22795
0.706426	0.00221257	3.5299
0.510744	0.146138	2.56533
0.90976	0.14558	1.99717
0.00420166	3.69537	0.222789
1.7049	0.0377444	1.14439
0.0828696	0.26416	4.21849
0.261691	0.0426906	4.13966
1.84162	0.0104459	1.03785
0.0340965	3.32095	0.0185145
0.0194744	0.0668169	5.71275
0.304721	1.86417	0.193768
0.972037	0.116347	2.02346
0.169699	2.39419	0.347176
1.28264	0.00785021	1.39244
0.0120416	3.63929	0.2158
0.0572552	0.00517583	5.5349
0.123068	1.55073	2.3799
0.294009	0.356212	3.22826
0.0822634	1.82414	1.3544
0.0176019	1.34054	2.715
0.240835	2.09392	0.300932
0.0161368	3.6149	0.424479
0.064647	0.377864	3.75836
0.948537	0.139755	1.46834
0.108126	2.61447	0.714239
0.56161	1.17604	1.13338
0.0034657	3.72662	0.48103
0.0284619	2.32194	1.26775
1.34651	0.223486	0.538052
0.0941594	2.81997	0.289729
0.00105567	3.91441	0.0319925
0.925462	0.166142	1.19606
0.871563	0.64567	0.958247
0.321064	0.32061	2.82056
0.336752	0.894604	1.80243
0.0264052	3.37122	0.656699
0.142868	0.171381	3.90888
0.244576	0.450018	2.6192
0.359833	0.871162	1.80779
0.434101	0.672297	2.34477
0.0778663	1.91381	1.41945
0.0814174	1.77436	1.74353
0.121158	1.59709	1.68802
1.48986	0.140996	0.14767
0.822896	0.771775	0.00278282
0.272498	1.11388	1.59785
0.134455	2.52386	0.197375
0.679119	0.96707	0.526111
0.21078	2.18671	0.233024
1.26699	0.284968	0.681813
0.240271	1.18294	1.66176
1.73915	0.0322921	0.308228
0.467358	0.215583	2.46975
1.07858	0.473104	0.141914
0.993318	0.105964	1.62139
0.00566555	2.7081	1.23889
0.02947	2.23048	1.41441
0.159293	0.159076	3.66436
0.134227	2.50222	0.460943
1.08149	0.451153	0.56679
0.144766	0.0940323	4.80858
0.05841	0.00344182	5.53339
0.202801	2.17032	0.675156
1.75248	0.0249555	1.10723
1.76586	0.0251827	0.592059
0.68096	0.335913	2.14794
0.941984	0.578166	1.03045
0.0110849	1.25944	3.37453
0.320062	0.0056672	4.12855
0.0914218	1.80968	1.37953
0.515146	0.532482	2.28437
0.415157	0.775124	1.43751
0.540951	0.568724	1.4891
0.580444	1.15461	0.346329
0.147629	0.104637	4.69166
1.12979	0.367555	0.997772
1.72753	0.0300148	0.737359
0.017632	3.45482	0.621909
0.490788	1.34778	0.350698
0.237701	0.476741	2.77028
0.00727121	2.56298	1.19901
0.0461533	1.14633	2.40283
0.547305	1.2792	0.203341
1.01315	0.125487	1.27724
0.342191	1.7398	0.93924
0.20801	1.231	2.3061
0.0209806	2.46837	1.78066
0.000305672	3.82574	1.1596
0.000312479	3.99334	0.00030957
1.08325	0.000204593	5.98962
2.00006	0.000240319	0.000240322
0.00890354	3.593	0.961551
0.0217253	3.34311	0.360935
1.44761	0.141933	0.452336
0.349169	0.33514	2.66531
1.50614	0.127003	0.198613
0.0627299	3.04155	0.224384
0.730525	0.871366	0.618776
1.89166	0.00526552	1.14792
0.660872	0.00739249	4.15297
0.121028	2.5996	0.185998
0.786991	0.773059	0.563019
0.273889	0.028329	3.73898
0.527927	0.512904	2.23151
0.0467664	0.0178186	5.11158
0.0475803	2.0344	1.78914
1.05777	0.00199063	5.83225
0.0189995	2.19817	2.07471
0.393233	0.801344	1.70169
0.0179812	3.46513	0.833975
0.260716	0.0396775	4.29304
1.24548	0.00975948	1.88932
1.7278	0.0395023	0.288688
0.0229927	3.50032	0.22933
1.63661	0.0617989	1.02271
0.314295	1.00446	1.87357
0.105588	2.70579	0.260262
1.39895	0.156014	0.855642
0.0392433	0.0769357	4.86255
0.813054	0.269442	1.60182
1.42136	0.188002	0.137207
0.0223323	3.3007	0.720988
1.84924	0.00960009	0.107619
0.092471	2.79743	0.305954
0.152796	2.41751	0.837143
0.0664568	2.96734	0.0935471
0.00285712	3.73919	1.48707
0.414902	0.839328	1.22086
1.59106	0.0647052	1.08581
0.0128215	2.28176	2.07458
0.209703	0.474532	3.41329
1.54713	0.0852888	0.535187
1.29119	0.0183591	1.20232
1.2769	0.00910632	1.27902
0.704839	0.00723037	3.24931
0.256098	1.96296	1.06282
0.0828371	2.87961	0.418879
0.0292252	0.0476457	5.34466
0.22601	2.09257	1.13022
0.253656	0.404739	3.67533
0.0659718	1.89937	1.55237
0.0285622	3.24111	0.875411
0.0309455	0.0524836	4.96666
0.0854004	1.82638	1.44199
0.0140535	1.4051	2.76854
1.01075	0.0961021	1.43672
0.0782137	2.84024	0.586033
1.55901	0.0871225	0.447894
0.116219	0.750141	3.28891
0.201515	0.528308	3.34407
0.0191299	0.0396541	5.54964
0.382372	1.60655	0.477261
1.91751	0.000527391	1.10915
0.16543	1.48579	1.2545
0.617817	0.0131166	4.36622
1.34576	0.000858356	1.40721
0.698186	0.00616909	3.81689
0.156723	2.46545	0.299299
0.885724	0.6511	0.425005
0.161676	0.596852	3.13458
0.620963	0.429894	2.29708
0.214238	2.12298	1.12529
0.0730123	2.9376	0.563331
1.76294	0.0249666	0.158669
0.286737	1.04601	2.04971
0.0588374	3.10352	0.328008
0.0145476	2.34786	1.40929
0.903595	0.619541	0.914773
1.07454	0.452814	0.973267
1.15477	0.35297	0.881553
0.575256	0.0550848	3.12379
0.519098	1.34108	0.0175621
0.646256	0.0106315	4.59995
0.977601	0.565772	0.201177
0.0728966	0.916706	2.80989
0.101164	0.21086	4.08623
0.481165	0.17074	2.42858
0.0201177	1.2686	3.06839
0.111366	2.65467	0.623986
0.00570975	0.425556	5.72474
0.0876341	0.19841	4.55055
0.0857866	1.75283	1.66884
0.653937	0.0291997	2.89373
0.465797	1.43569	0.000529515
0.61158	0.0504961	2.92897
0.0509686	3.13408	0.0361274
0.93858	0.556431	0.893296
1.32402	0.00425274	1.74817
0.677107	0.939491	0.78184
0.62713	0.0434975	2.59181
0.0322254	0.353169	4.77508
1.83426	0.0107933	0.992519
0.0329622	2.16557	1.931
0.0831051	0.291647	3.98039
0.188772	2.23523	0.834043
1.68749	0.0402265	0.399904
0.255337	1.13117	1.84775
0.367633	1.62971	1.02825
0.649128	1.04158	0.636769
1.9461	0.00313895	0.159313
1.17293	0.362105	0.0501854
0.504941	1.39982	0.0713311
0.464246	1.3685	1.00997
0.832543	0.700116	1.17905
0.00711107	1.5865	2.39758
1.78496	0.0213187	0.323298
0.0679515	0.00924479	5.43979
1.58976	0.0744951	0.404575
0.0802588	0.882688	3.0031
0.71686	0.033184	2.44111
0.87458	0.208116	1.56843
0.135486	2.50082	0.836351
1.70471	0.0405854	0.16618
0.0827502	0.247177	4.46918
0.0761512	0.0239804	4.94667
0.495979	1.31025	0.491957
1.1382	0.38764	0.0964422
1.6608	0.0427341	0.723724
0.0048969	0.56207	4.45628
0.17985	1.31647	1.90497
0.00409803	0.63438	4.334
0.000502192	2.67001	1.51093
0.951381	0.1239	2.26077
0.0926125	0.254923	4.12996
0.844195	0.726887	0.264019
0.168078	0.562148	3.5282
0.35287	1.66339	0.750032
1.18536	0.0147202	1.98097
0.0152827	3.47207	0.831751
0.0113859	0.591846	3.92504
0.341345	1.69883	1.16455
0.835774	0.234127	1.45763
0.0111157	0.0498598	5.69674
1.20676	0.304051	0.96901
0.0167286	2.54069	1.39241
0.46178	0.674647	1.50229
1.37511	0.192522	0.461973
0.287151	1.84601	1.1262
0.345605	0.963735	1.3102
0.525376	1.22588	0.745834
1.01256	0.533634	0.0134216
0.60278	1.06877	0.694404
0.865254	0.69814	0.128045
0.185153	2.25232	0.468861
0.292322	0.310196	3.61113
0.30588	0.490945	2.55002
0.925324	0.615427	0.186989
0.0772873	0.242711	4.68669
0.206378	0.509818	3.34151
0.0604189	1.92146	1.55824
0.678003	0.934205	0.780461
0.64267	0.3971	2.26944
0.914578	0.196129	1.22525
0.0490763	2.06512	1.50791
1.22125	0.310846	0.0453341
0.112767	0.697792	3.80948
0.586555	1.19665	0.108411
0.0679515	0.00924479	5.43979
0.330088	1.74934	1.03072
1.33031	0.199541	0.856329
0.504455	0.571636	1.96339
0.559869	0.0671317	3.01952
0.233309	0.430528	3.57463
0.961552	0.58123	0.330457
0.0455951	3.18471	0.0361274
1.80699	0.0165723	0.22999
0.135985	2.54002	0.243583
0.182568	0.54375	3.56172
0.000439664	3.94212	0.147427
1.99886	0.000455999	0.000456645
0.00021809	1.12944	5.93655
0.000367968	0.000338312	5.97759
0.00872692	2.67178	1.35271
0.150745	0.613768	3.43019
0.156822	2.42969	0.292378
0.935796	0.566323	0.949192
0.0545849	0.0103117	5.10418
0.0176478	0.0522901	5.33914
0.0970046	0.197224	4.42747
0.335773	1.77238	0.15357
0.00645881	1.31466	4.22285
0.124386	2.59448	0.328611
0.023507	2.32652	1.24743
0.887566	0.152078	2.10533
0.000253491	3.56042	4.85732
1.66056	0.0438045	0.8204
0.461622	0.165277	3.03138
0.077486	0.327734	3.746
0.223713	0.443039	3.53597
1.5278	0.109016	0.357074
1.86779	0.0111793	0.338208
1.71132	0.0254088	1.14633
0.0818932	2.75782	1.16672
0.00409353	2.47155	2.34243
0.80647	0.267282	1.42321
1.40301	0.151051	1.22226
0.324817	0.343269	2.70883
0.628594	0.0222782	3.82122
0.00617459	3.63877	0.987719
0.372344	1.61272	1.06594
1.92519	0.00190292	0.322134
0.00900714	3.77816	0.220129
0.272318	0.417987	2.58426
0.103649	0.167482	4.73131
0.0149679	3.44592	0.908356
0.0306748	3.38373	0.217124
0.169372	0.58164	3.17151
0.0495103	0.00374087	5.75625
0.477648	0.596542	2.37961
0.0549239	2.96319	1.16733
0.0261789	0.0348105	5.45632
0.13585	0.121075	4.49974
0.235482	2.06043	0.564204
0.0683868	1.89046	1.48555
0.772544	0.812327	0.272599
0.0058571	1.49696	3.13787
0.392254	1.56632	0.607226
1.37921	0.189253	0.263491
0.75641	0.833197	0.683997
0.55679	1.18088	0.558378
0.377869	0.807136	2.09911
0.678076	1.0059	0.297765
0.00113733	0.961198	4.96806
0.679366	0.00709332	4.31
0.198059	0.547432	2.93635
1.14576	0.0304023	1.65029
0.117181	0.181764	4.66554
0.874857	0.641746	0.761207
0.415782	0.782077	1.44645
1.29579	0.282067	0.019158
0.27347	0.426611	2.51318
0.652115	0.016793	3.352
0.000431687	3.90228	0.418432
0.283261	0.0213497	3.90112
0.733282	0.90068	0.593693
0.0469145	2.01274	2.03518
0.0390356	0.0787761	4.78567
1.09377	0.0575697	2.15757
0.015413	2.53028	1.20182
0.732098	0.862084	0.663904
0.964113	0.129377	1.73708
0.478407	1.34984	0.624845
0.0375991	2.19079	1.58092
1.12241	0.0560753	1.53446
0.160417	1.39606	2.29395
0.540952	0.529341	2.22279
0.71692	0.00502947	4.00025
0.361621	1.65522	0.535832
0.592309	0.0454926	2.9905
0.177966	0.829413	2.7518
0.114059	0.236483	3.97059
0.064955	2.90344	0.963128
1.27559	0.270762	0.155553
0.343531	0.312822	2.95389
0.000613558	1.04624	5.697
0.0140142	3.71034	0.0661253
0.61195	0.565576	1.41772
1.48898	0.136272	0.0605596
0.186449	1.45832	1.20791
0.020306	2.29417	1.87475
0.00747777	1.53874	2.87949
0.357374	0.0370187	3.65708
0.130732	2.56033	0.729096
1.95197	0.00257078	0.00152793
0.697889	0.395485	1.40545
0.0817237	0.224331	4.53261
0.551445	0.518403	1.91431
0.398641	0.742741	2.25973
1.46215	0.13788	0.82399
1.76246	0.0219044	0.489208
0.0364006	3.23168	0.846391
1.08383	0.441306	0.526812
1.7783	0.0161236	1.07539
1.68572	0.0388646	0.705532
0.0369542	1.10802	3.24671
0.0465641	0.00960336	5.68821
1.79988	0.0172035	0.616722
0.0117127	0.0616663	5.5734
1.43338	0.134316	1.07656
0.12056	0.770182	2.78869
0.00385263	3.83786	0.248114
1.05461	0.0679693	1.74176
0.0621081	1.02391	3.58925
0.22227	2.11507	0.530992
0.0286891	0.04478	5.35373
1.32625	0.209691	0.884353
0.0580294	1.9266	1.51155
0.0366269	2.24532	1.31789
0.0361772	3.2647	0.692108
0.0342051	1.28413	2.57105
1.58079	0.0971781	0.0240389
0.0753198	0.964347	3.24608
0.174506	1.37336	2.19269
1.55095	0.0916141	0.436726
0.692108	0.914577	0.765907
0.409607	0.765701	2.11509
0.00186141	3.8139	0.315101
0.447332	1.47944	0.00460679
0.0714305	1.98809	1.28877
0.487634	0.574253	2.36477
0.587405	1.15098	0.408285
0.433967	0.173747	3.00932
1.57211	0.0725837	0.724159
0.629406	1.11114	0.170378
0.314701	1.84513	0.32463
1.44169	0.147408	0.364577
0.768507	0.856648	0.398217
1.24375	0.00755089	1.71568
0.857372	0.665476	0.944409
1.97499	0.00201761	0.102655
0.0806936	2.80087	1.10463
0.133844	0.119296	4.60287
0.0867214	1.80016	1.70894
1.35974	0.21491	0.160084
1.86366	0.0100957	0.459606
0.0650117	2.90621	0.923283
1.62862	0.0643464	1.15436
1.5547	0.107491	0.390875
0.530269	1.2427	0.350076
0.386623	0.768816	2.01443
0.205551	0.534647	2.78784
1.0018	0.111023	1.31104
1.07359	0.4839	0.0148558
0.511123	1.23984	1.00849
0.0570301	0.34188	4.30417
1.82033	0.0121333	0.746813
1.12766	0.0374842	1.94024
0.0134982	0.0601314	5.49882
0.294757	0.387377	2.88771
0.32383	0.953832	1.57428
0.845796	0.733638	0.11515
0.24884	1.1289	1.75597
0.0049708	3.64823	1.09159
0.430409	0.703838	1.78025
0.291615	1.01395	1.87548
0.0319326	3.30338	0.276437
0.00884649	3.69287	0.319376
1.14908	0.408545	0.0574413
1.84489	0.0107144	0.827586
1.96776	0.00176478	0.136195
0.0954158	2.84428	0.0293228
0.256048	1.07869	2.20966
1.15986	0.356438	0.151476
0.0380228	3.19173	0.866244
1.25397	0.018049	1.69816
0.703605	0.374992	1.24916
0.859668	0.699915	0.369086
0.270642	1.95089	1.1033
0.495952	0.617687	1.78912
1.60635	0.0682	0.667025
0.236769	0.51577	2.46556
1.01847	0.502297	0.362933
1.47632	0.133047	0.340111
0.839792	0.741734	0.116235
0.00280159	0.000372722	5.85067
0.000404021	0.000381822	5.98137
0.529169	1.29109	0.000496148
1.65384	0.0524155	0.686398
0.0136898	3.44855	0.915191
1.71203	0.0472236	0.201339
0.0206478	0.0335998	5.63256
0.113628	0.784024	3.38558
1.40469	0.166831	0.522848
0.0487099	1.16277	3.19876
1.43092	0.195433	0.105849
0.0275612	3.36531	0.677628
0.0771545	0.0122152	4.97271
0.00607487	3.68278	0.840697
1.46467	0.120458	0.784701
0.00967424	0.579279	4.19501
0.0506848	3.17068	0.00655606
0.0377929	0.0638893	5.26052
0.516484	0.556208	1.99974
0.0874219	0.926876	2.455
1.28555	0.0150704	1.66181
0.231295	2.13217	0.40793
0.124512	0.192594	4.49894
0.00172276	1.40367	4.13827
0.0776351	0.257295	4.30262
0.0287133	1.10164	3.7087
0.222524	0.518716	2.61296
0.084516	2.79636	0.319908
0.41475	1.59346	0.0526407
0.0989875	0.251259	3.82791
1.14013	0.401182	0.229555
1.18758	0.0275149	2.1091
0.060914	1.12594	3.06587
1.37193	0.178719	0.692197
0.209522	2.19496	0.343928
1.57211	0.0768322	0.868732
0.0266927	2.26258	1.35631
1.32959	0.218587	0.328196
1.16441	0.335329	0.99927
1.1255	0.378354	0.551887
0.289672	0.00858239	4.74976
0.0142087	3.5217	0.66309
0.117766	1.65055	1.41336
0.104592	1.66916	1.93593
0.139081	2.48431	1.01928
0.238017	0.400055	3.51243
0.756986	0.00427284	3.13585
0.993886	0.117204	1.49197
0.0187321	3.59812	0.295179
0.395171	0.898153	1.33167
0.245628	0.418839	3.27893
0.192373	0.634098	2.49018
0.0329351	0.454091	4.42852
1.4791	0.146142	0.026544
0.016055	0.15193	5.19304
0.962628	0.134841	1.82302
0.664134	0.0053	4.58367
0.247059	0.430618	2.82313
0.590845	0.0594363	2.65496
1.91193	0.00116719	1.11932
1.10754	0.419474	0.737516
0.0675208	3.09578	0.0190265
0.038525	3.27735	0.45531
0.160062	2.38636	0.999752
0.872632	0.686911	0.0731457
1.60991	0.0660083	0.626482
0.127248	2.59713	0.236735
0.444353	0.750724	1.3214
1.29748	0.233168	0.791951
0.205581	0.044303	4.68998
1.60982	0.0738921	0.282438
0.330351	1.75197	0.563624
0.0125466	1.48875	2.53267
1.5182	0.100739	0.749539
0.0501522	0.0972206	4.84872
1.27708	0.0160364	1.76175
1.00626	0.0962289	1.58463
0.0294446	3.32003	0.0712289
0.788169	0.784073	0.623455
0.42738	1.50859	0.369391
0.630421	0.0384198	2.66686
0.480239	1.34583	0.954321
0.893465	0.648013	0.424663
0.133675	1.55863	1.53428
0.380821	0.839966	2.08397
0.776547	0.825337	0.304591
0.0575421	2.92728	1.16389
0.0645158	1.87444	2.30248
0.0236208	0.0375592	5.55826
0.168975	2.32692	0.456135
0.071965	2.88585	0.640129
1.03057	0.481089	1.04146
0.00213028	0.000846992	5.87168
0.337453	1.04058	1.2883
1.50807	0.101845	1.07842
0.44406	1.51585	0.259586
0.810201	0.238556	1.44286
1.05215	0.0682455	1.70892
0.3113	0.316868	3.56507
0.469736	0.664087	1.75138
0.681909	0.954339	0.731913
0.9746	0.570721	0.0829611
0.130988	2.68251	0.0306435
1.88528	0.00153674	1.40916
0.0629277	2.13966	1.22101
0.724461	0.00304194	3.8798
0.251113	0.429598	3.05704
1.56016	0.0722425	1.07282
0.295378	0.35142	3.36196
1.22497	0.300081	0.257693
0.069016	2.96243	0.424441
0.00270849	3.87134	0.0210382
0.360029	0.858239	2.26939
0.0601722	1.92249	1.72273
0.943022	0.622526	0.156678
0.107307	0.0142211	4.83591
0.0977953	1.70704	1.93639
0.365687	1.72655	0.0613827
0.0549966	3.00649	0.416746
0.0576907	2.06425	1.25446
1.04839	0.0785946	1.45301
1.19806	0.293132	1.12564
0.658086	0.99446	0.731287
0.0114391	1.4529	2.74177
1.2611	0.264188	0.491594
0.624457	0.396977	2.17107
0.61839	0.439898	1.81836
0.00703107	1.56971	2.39568
0.907204	0.617034	1.11442
1.82206	0.013559	0.265055
0.124853	2.56876	0.972003
1.54056	0.11052	0.201725
1.82792	0.0221238	0.196755
0.552352	1.2096	0.595993
0.508716	0.678728	1.38981
0.619817	0.0409336	2.91356
0.0355306	2.05442	2.2002
0.623336	1.06907	0.331016
0.0863095	2.7503	0.937802
1.24428	0.272961	0.58183
0.558199	1.23937	0.118303
0.551059	0.488685	2.29616
0.573347	1.17068	0.597389
0.0441554	3.22307	0.0055423
1.08511	0.428433	1.04342
1.36116	0.234106	0.183151
0.163155	2.41048	0.251063
0.850109	0.73243	0.431542
0.0556649	1.9526	1.86687
0.173458	2.31333	0.589298
0.0974812	2.84447	0.0805401
0.000405527	0.000387459	5.98135
0.937917	0.640853	0.24554
0.00547688	3.75665	0.320303
0.268896	0.00489189	5.04711
0.0631622	1.996	1.21707
0.0317645	3.23687	0.608642
1.74225	0.0285073	0.494958
0.318303	0.00728031	4.38431
1.06913	0.0842186	1.19936
0.68844	0.972796	0.69435
0.00524465	3.93434	0.00495548
0.102519	1.79837	1.25757
0.268536	0.383443	2.97113
1.79593	0.0144114	0.60027
0.20425	2.20001	0.507485
0.644461	0.0555316	2.62149
0.37659	0.0115041	3.60042
0.148214	2.4537	0.818566
1.7888	0.0218778	0.877224
0.71478	0.00696208	3.30979
0.764193	0.261474	2.0283
0.500451	0.59791	1.52972
0.605168	1.10252	0.595649
0.148998	2.52573	0.00686551
0.283793	1.92795	0.0838744
0.827983	0.693738	1.20614
0.000475157	3.99851	0.000476812
1.99515	0.000511893	0.000501352
1.62791	0.0703457	0.000374218
0.000277929	0.000277929	6.00023
0.510211	0.090598	3.67465
0.00471837	3.7637	0.00119123
0.00379639	3.82817	0.464174
0.0233582	3.44333	0.833846
0.199077	2.22514	0.433352
0.253653	0.0401629	4.18492
0.130545	0.728027	3.53515
0.156842	2.32932	1.05069
0.00729761	3.64536	0.62052
0.928876	0.117534	2.01687
0.568201	0.529911	1.54923
0.00356106	0.438165	5.76351
1.96021	0.00156976	0.000828265
1.85339	0.0197034	0.0392981
0.969852	0.104027	2.24943
0.138857	2.60203	0.0205765
0.212586	2.16592	0.432568
0.0348584	1.16379	2.95919
0.0825102	2.80035	1.06673
0.405032	1.50387	1.16249
0.00526228	0.630835	4.06931
0.062605	0.0263294	5.098
0.0727668	0.291213	4.46676
1.8151	0.0235372	0.0397748
0.1108	2.71291	0.163277
0.611862	1.14274	0.160434
1.14662	0.0560135	2.14738
0.0419705	1.97881	2.39379
0.00358651	3.93123	0.0063652
1.48982	0.118383	0.66699
0.329655	1.0031	1.37008
0.440834	1.41166	1.12174
0.381665	0.850705	1.90577
1.52388	0.118387	0.0784098
0.502883	1.28361	0.591455
0.391451	0.218554	3.09654
0.333871	1.8442	0.0751442
0.749203	0.885937	0.025622
0.090686	1.76049	1.70853
0.00631102	2.44064	1.454
0.369803	1.67543	0.100569
0.0550659	2.05102	1.40681
0.147716	0.146906	3.96994
0.0505499	1.23083	2.64089
0.0259038	0.410386	4.73675
0.473751	0.640479	2.08127
0.0207904	3.51702	0.161266
0.00280159	0.000372722	5.85067
1.74181	0.0303242	1.19506
1.01589	0.104534	1.87608
0.0120189	1.35805	2.58488
1.12442	0.424214	0.0107657
0.189133	1.33557	2.35877
0.0598815	1.05128	3.2268
1.53873	0.0894907	0.92798
1.31863	0.248151	0.186669
0.245419	0.114397	3.79987
0.349027	1.82869	0.0216664
1.45811	0.161933	0.293702
1.20652	0.0382783	1.27692
0.158475	1.46477	1.82463
0.0343116	3.40147	0.124611
1.3865	0.162819	0.788316
0.72782	0.917624	0.694619
0.279114	0.0122463	4.55356
0.166591	0.113746	4.31249
0.153953	2.50504	0.67614
0.0664402	2.89754	0.916253
1.60755	0.0858182	0.00574079
0.0565618	1.92173	2.31787
0.499111	0.658547	1.76596
0.678994	0.0283147	3.18905
0.0594415	0.0248291	5.22607
0.454178	0.674014	2.39228
1.58543	0.0718902	1.15923
0.182318	0.705228	2.73304
0.342154	1.77181	0.154066
1.09085	0.103946	1.2231
0.625551	1.03382	0.987748
1.88684	0.00320163	0.550137
0.479604	0.646804	1.97191
0.673794	0.97651	0.801789
1.2705	0.00640718	1.5904
0.0779208	0.0157081	4.93602
0.0587142	0.0254108	5.22607
0.227203	2.12191	0.257524
0.00502462	0.662813	3.90557
0.0491863	0.329161	4.60096
0.912859	0.600726	1.04265
0.532007	1.20814	1.15228
0.0200769	3.54161	0.198613
0.902451	0.691446	0.34796
0.0151524	1.31416	2.65034
0.874086	0.65271	1.04352
0.612895	1.08697	0.596361
0.210857	0.513376	3.0126
0.520251	0.551747	2.33847
0.717666	0.876405	1.18661
0.152409	2.54538	0.0130811
0.0509044	0.370724	4.40111
0.270515	0.0433141	3.8567
0.42875	1.56182	0.0495706
0.0758595	0.270207	4.6582
1.36843	0.00490837	1.26676
0.784411	0.770142	0.894007
1.18146	0.050489	1.43288
1.4144	0.184661	0.359749
0.304473	0.341907	2.85029
0.851815	0.170484	2.01716
0.372494	0.23653	2.88304
0.985233	0.567368	0.0760168
0.252041	2.03075	0.13381
0.248888	0.469863	2.52171
1.34138	0.0171783	1.38421
0.707276	0.9533	0.165645
1.10816	0.417517	0.173652
0.050731	3.13314	0.00288217
1.92082	0.00709573	0.00366703
0.194593	1.39653	1.20705
0.483224	0.604827	2.33618
0.0718891	0.952615	2.80373
0.644938	0.0247853	3.32113
0.159857	0.582053	3.47586
0.00777789	2.42419	1.58064
0.325477	1.73036	0.961611
0.635754	1.05517	0.140668
1.88002	0.00542841	0.571222
0.104582	2.68984	0.792883
0.816194	0.743964	0.48279
1.06479	0.447592	0.462941
0.0468363	3.10501	0.726933
0.891071	0.16819	1.81862
0.381395	1.62681	0.639406
0.12236	2.52465	0.770712
0.801619	0.242424	1.7934
0.667656	0.0283868	3.18676
1.0042	0.535446	0.728207
1.24187	0.00850526	1.60185
1.66323	0.0618374	0.350753
0.898727	0.148654	2.13626
1.02894	0.0634987	2.05038
0.361961	1.70615	0.191486
0.231539	2.09644	0.56587
0.0125047	0.517401	4.05342
0.00181686	3.94508	0.00640291
0.0691244	3.00508	0.12721
0.0469908	0.381119	4.40773
1.47707	0.123695	0.673062
0.834193	0.756784	0.00285476
0.220273	0.0474946	4.7153
1.63519	0.0630896	0.484588
1.66881	0.0514709	0.679128
0.0565618	1.92173	2.31787
1.99092	0.00135283	0.00130276
1.34864	0.22126	0.0925598
0.373108	0.226003	3.0481
0.240544	0.0536089	3.9923
0.769974	0.831232	0.603055
0.542204	1.18549	0.970981
1.40673	0.171603	0.561318
1.92015	0.00511807	0.00453916
1.56648	0.102401	0.0434031
0.0242666	3.32073	1.01379
0.16347	2.35578	0.377309
0.159737	2.38752	0.20732
0.1072	2.65102	0.823771
0.66656	0.01851	3.3208
0.707805	0.312277	2.29642
0.247039	0.396896	3.43206
1.07091	0.495559	0.0510359
0.0322523	3.23662	0.545
0.292915	0.365163	2.58448
0.0787694	2.85714	0.527357
0.119094	0.174414	4.65816
0.00240579	1.72306	2.4971
0.0180108	3.59274	0.446569
0.360295	0.903294	1.65527
0.780873	0.808501	0.600693
0.000195429	1.30161	5.3828
0.0255855	0.000234163	5.99982
1.99977	0.000271226	0.000274183
0.000279427	4.00021	0.000301169
0.628318	1.08959	0.000206716
0.0255855	0.000234163	5.99982
0.695221	0.347211	2.37184
0.0110882	0.488579	5.0506
0.275901	0.00951144	4.91147
0.342953	1.7082	1.06211
0.000305672	3.82574	1.1596
0.000319172	1.43642	3.96124
1.29865	0.0065424	1.3405
0.460885	0.121423	3.50608
0.00542331	2.47347	3.30934
0.157223	2.42492	0.666164
1.25852	0.253089	1.05624
1.01715	0.0893391	1.68972
1.33936	0.231852	0.185136
0.00323544	1.27213	4.829
0.0516456	2.05825	1.5092
0.0992598	0.182077	4.60413
0.0136817	0.514667	4.28598
1.21669	0.331354	0.0555966
0.941742	0.564079	1.15212
0.00384925	3.76601	0.0362255
0.678842	1.00134	0.0180258
0.663429	0.0241885	2.79019
0.00321307	3.69455	1.85901
0.024952	1.32643	3.43026
1.37382	0.168717	0.831587
0.166432	0.0974845	4.73398
0.298853	0.0251156	3.76662
0.871502	0.720783	0.0738228
1.74834	0.0274448	0.774142
0.00493336	2.64038	1.23294
1.42188	0.155897	0.888282
0.96622	0.0985675	1.95541
1.96413	0.00204554	0.16938
0.0165612	1.33513	3.22792
0.0475082	3.14109	0.322315
1.90414	0.00585103	0.231896
0.425275	1.53957	0.0694985
0.0822346	1.8324	1.43592
0.655089	0.966172	0.952431
0.734982	0.922222	0.00788031
0.556613	1.16818	0.707359
0.506131	0.597337	1.3796
0.704468	0.0196424	2.95571
0.781639	0.00630152	2.44046
0.0540347	3.03847	1.05362
0.580663	1.11483	0.81219
1.69021	0.0536457	0.0336346
0.372073	0.0177178	3.60127
1.72064	0.0315682	0.969438
0.294608	0.399625	2.52986
0.91855	0.133664	2.12492
0.84143	0.693937	0.541768
0.0257491	3.39231	0.0690526
0.260811	2.0025	0.505482
0.0285711	3.25196	0.864326
0.889307	0.679145	0.746505
0.0541062	0.405342	3.85708
0.0303655	3.33017	0.274655
0.0183381	3.49641	0.256388
0.0442503	0.00432384	5.6162
0.035393	0.0289149	5.31083
0.986147	0.0998571	1.53404
0.369834	0.896389	1.64214
0.0209202	3.54574	0.0372431
1.46046	0.129692	0.876726
0.542418	1.24156	0.237396
0.218715	0.0770474	3.68927
0.410266	0.206352	2.74435
1.67532	0.0503117	0.085128
0.359112	0.855701	2.06453
0.0944606	0.926295	2.87804
0.128322	0.157648	4.37648
1.10302	0.422611	0.129461
0.185665	2.31219	0.385488
0.316247	0.288048	3.30373
0.391311	1.58276	0.573509
1.38682	0.171081	0.513076
0.175427	2.3525	0.807777
0.0136961	0.000440808	5.94804
0.00916006	1.54865	2.93059
1.59722	0.0601604	1.12714
0.0190891	0.474429	4.48977
0.319829	0.896969	2.28152
0.0351424	3.1784	0.473745
1.47596	0.120414	0.425448
0.850164	0.738248	0.00460786
0.312563	0.28521	3.50498
0.0935863	0.207787	4.48977
0.213841	2.12826	0.635523
0.381219	0.841341	1.47311
0.0898515	0.220665	4.35986
0.413379	0.704756	2.24587
0.353434	0.865396	1.82596
0.163642	1.48306	1.78297
0.146143	1.63131	1.24311
0.139386	0.132842	4.20013
0.00499519	3.60537	0.903301
0.0749645	1.87834	1.55757
0.286308	1.96027	0.279806
0.530266	1.26765	0.424103
0.132042	2.55619	0.211738
1.04595	0.483691	0.433927
0.0211434	0.435694	5.2194
1.5573	0.0703221	1.12396
1.86013	0.0118326	0.452446
0.203849	0.517724	3.06224
0.209339	0.0685775	4.12507
0.22517	2.18628	0.193581
0.792433	0.272144	1.55102
0.978639	0.53462	0.364884
1.64688	0.0629689	0.151283
0.262467	0.416268	3.35755
0.0321661	3.26732	0.576928
1.62812	0.0810557	0.395329
0.0406726	0.0049143	5.61547
0.0343207	3.4235	0.0173424
0.302625	0.317373	3.35624
1.26867	0.0193615	1.44974
1.32455	0.194246	0.979061
0.730152	0.887731	0.138281
0.0278551	3.31161	0.994935
0.806548	0.217249	1.99297
0.149508	2.5231	0.0548725
0.0286548	0.0412018	5.13951
0.0632155	1.91089	2.12707
0.315894	0.966573	1.72509
0.000784285	3.81502	0.653345
0.0307501	1.19941	3.06439
0.598291	0.0708525	2.44777
1.18056	0.0299707	1.93298
1.5271	0.117976	0.601991
1.14988	0.0219736	2.16342
0.900752	0.656426	0.106439
1.41048	0.157014	0.742047
1.94199	0.00334425	0.093082
0.235838	0.520742	2.6889
1.8177	0.0210659	0.534937
0.482531	0.147474	2.58818
0.639627	0.386332	2.01494
1.03231	0.478235	0.474092
0.123962	2.60094	0.211895
0.102815	2.80548	0.0100174
0.006782	2.7724	1.20169
0.822076	0.754373	0.114019
0.19381	2.26714	0.846017
1.78869	0.0278696	0.0613838
0.273199	1.04957	2.23284
1.54034	0.0859509	0.791553
0.58879	0.108094	2.44023
0.491852	1.37155	0.0996435
0.00901932	0.465044	5.21145
0.331826	1.74855	1.00119
1.13546	0.377026	0.181208
0.0831332	2.88091	0.013569
0.379707	0.818484	1.89547
0.116757	1.76265	1.2163
0.0532219	0.381089	4.21339
0.0124577	3.58827	0.659619
0.785139	0.0076131	2.39647
0.0947265	2.7363	0.919635
0.0493953	3.09263	0.880244
0.039838	0.437138	4.04339
0.0525358	1.06368	3.56528
0.0108554	3.65663	0.0399466
0.0845565	2.82577	0.139208
0.246917	0.44972	2.85614
1.14781	0.0218862	2.21033
1.06167	0.460501	0.246703
0.252444	1.97613	0.738152
0.00657238	2.58604	1.80377
0.617702	0.453232	1.28393
0.805012	0.770896	0.49966
0.711096	0.0105761	2.94905
0.000230111	0.814224	3.63183
1.99949	0.000403107	0.000402737
0.291497	0.000209945	4.99933
0.603985	1.13673	0.000368953
1.95696	0.00212826	0.371949
1.4373	0.150987	0.603558
1.37209	0.176681	0.672577
0.875019	0.661601	0.563405
0.116424	1.59145	1.9289
0.377446	1.68154	0.0952166
1.87512	0.0163704	0.00924905
0.843223	0.704342	0.652797
0.042686	3.2141	0.225655
0.0226481	0.0417713	5.20158
0.0364933	2.17279	1.62924
0.164103	1.53029	1.249
0.0244576	3.29181	0.827036
0.768605	0.834292	0.536992
0.0317216	0.429902	4.19585
1.34701	0.209558	0.567496
0.547268	1.218	0.433208
0.348914	0.266344	3.18436
0.495593	1.29258	0.859224
0.904873	0.61656	0.800117
0.484661	0.621213	2.13921
1.32119	0.0019906	1.81625
0.00219473	1.46006	2.94264
0.704461	0.0309382	2.56038
0.133821	2.50579	1.01431
0.422044	0.74808	1.78254
1.06988	0.434731	0.449356
1.6365	0.0840355	0.0182077
0.00387858	3.76785	0.508395
1.13866	0.347917	1.18527
0.584358	0.136186	2.57447
0.274481	1.97248	1.1014
0.323355	0.973998	1.42213
1.67984	0.0464821	0.647884
0.217222	2.24603	0.42688
0.0579381	0.378322	4.004
0.00596045	2.65147	1.37645
1.09288	0.426207	0.116651
1.50231	0.12419	0.0645603
0.447187	0.172382	3.27177
0.247607	2.03565	0.761923
0.122389	0.140827	4.56402
0.528387	1.24	0.93847
0.0923342	1.75035	1.68889
0.114995	0.165638	4.26788
1.25757	0.273849	0.530378
0.00165717	3.84297	0.590151
0.333443	0.904154	1.8972
0.168707	1.44438	1.56297
1.60522	0.0788392	0.324044
0.079228	2.91747	0.264232
0.653667	0.0162963	3.56919
0.0668737	2.95854	0.429367
1.25083	0.255183	1.18518
0.502823	1.33065	0.347951
0.735004	0.0105779	2.84064
0.0156949	3.61449	0.00959091
0.161027	0.594049	3.35604
0.0215648	0.0393553	5.36006
1.05152	0.461862	0.51345
0.309015	0.378239	2.67124
0.0878784	2.86595	0.0494528
0.4585	1.37965	0.900741
0.0142163	0.0370356	5.71965
0.298169	1.80807	1.03674
1.57629	0.094086	0.544453
0.207438	0.5051	3.13341
0.923547	0.571784	1.13048
0.00268573	3.92832	0.0426552
1.47262	0.165626	0.171752
0.149788	2.58152	0.0393137
0.814536	0.802741	0.0450294
0.00578569	3.68676	0.0581108
0.18298	0.559807	2.99693
0.468152	1.39525	0.659077
0.647418	1.07281	0.0271782
0.40052	0.758986	1.95586
0.340978	1.73279	0.615698
0.317918	0.93818	1.78447
0.0897159	2.80103	0.343131
0.270803	2.00059	0.824209
0.0867334	2.74846	0.946796
0.565175	1.19197	0.485696
0.341848	0.257693	3.5087
0.115537	0.873186	3.03537
0.0022789	3.89978	0.430541
0.0205103	0.0699112	5.07513
0.0419869	0.347385	4.50955
0.0217912	3.44927	0.363217
0.0536774	3.11793	0.416432
0.286991	1.84824	1.03768
0.939002	0.677404	0.0814328
0.0949957	0.259748	3.76436
0.0119944	0.0301331	5.81815
0.782587	0.228157	2.12365
0.214161	2.26249	0.186081
1.223	0.296087	0.980618
0.262832	0.0296798	4.70758
0.0158635	0.0696697	5.56481
0.222382	1.26174	1.74923
0.200804	0.0805076	4.33695
0.0228548	0.064445	4.92379
0.148941	0.733489	2.78458
1.51658	0.101358	0.94912
0.0102137	3.54604	0.458481
0.114396	2.71267	0.302941
0.0599306	0.00488058	5.47276
0.0751192	2.82658	0.946493
1.29359	0.0160693	1.4911
1.54333	0.101284	0.304819
0.23052	2.08372	1.06739
0.180618	1.46191	1.50005
0.355177	0.00764828	3.68344
0.0236833	0.0409998	5.30747
0.187408	2.29053	0.525602
0.326585	1.86489	0.0481454
0.0143287	3.4984	0.495589
1.0185	0.491049	0.708701
0.00201285	3.80736	0.920174
0.370048	0.223246	3.52591
0.599218	0.0533117	3.0438
0.247011	2.06894	0.176676
0.0420373	3.16053	0.550598
0.389014	0.792421	1.98307
0.283445	1.01376	2.30499
0.0674974	1.92431	1.49927
0.286654	0.0191039	3.85012
0.806671	0.000999879	2.41302
0.0248843	0.0115313	5.84538
1.62254	0.0701486	0.119439
0.106704	0.922097	2.47
0.103295	1.79359	1.49264
0.477488	0.690577	1.29252
0.27008	1.03537	2.06708
0.746299	0.00526962	2.69965
0.21943	0.484605	3.10159
1.11457	0.392777	0.504866
0.0104046	0.680069	3.82167
1.82785	0.0121221	0.373134
1.70062	0.0409211	0.64271
0.0271592	0.507427	3.93174
0.445188	0.739755	1.27732
1.71586	0.0355185	0.386427
1.45621	0.135972	0.532487
0.00436358	3.7049	0.458286
1.18375	0.353339	0.00516335
0.797044	0.743529	0.995783
0.571562	1.23301	0.245634
0.0777652	0.278669	4.08755
0.00574885	2.52747	1.65859
0.0548933	1.01403	3.42241
0.382388	0.784836	2.00106
0.264675	0.019317	4.70055
0.0366327	0.408117	4.44135
0.312522	0.311254	3.28748
0.671696	0.348484	1.76178
0.0709185	3.00854	0.0180546
0.105525	0.193399	4.62804
1.00054	0.482725	1.08292
0.0834904	1.9036	1.24851
0.181502	2.45351	0.0450965
0.0891856	0.00546821	4.87598
0.0799018	0.013552	4.78584
0.979689	0.508666	1.14764
0.675673	0.988719	0.29902
0.46419	0.673674	1.50952
1.23405	0.0182776	1.95535
0.0297646	3.41377	0.25757
0.517468	1.28309	0.471472
0.971139	0.525621	1.10298
0.617849	1.1226	0.0344475
0.027228	2.31466	1.40203
0.0515556	0.00950079	5.68371
0.685279	0.0632849	2.4902
0.721174	0.288735	2.34895
1.73058	0.0453538	0.160397
0.108649	2.62354	0.673382
0.175864	2.39443	0.145726
0.251262	0.508234	2.4025
0.000192256	0.000192814	5.9981
0.000189877	0.000837607	5.93249
0.000192256	0.000192814	5.9981
0.619882	1.10562	0.000216844
0.000235204	3.99909	0.000235127
1.99535	0.000248405	0.000236456
0.0582092	0.012152	5.52761
0.0176151	2.4633	1.80036
0.0148488	2.29941	1.92178
0.00589381	0.495772	5.14495
0.00486994	0.0715664	5.73668
1.50811	0.113766	0.794882
0.00729319	3.62555	0.431368
0.0155308	3.52817	0.470013
0.0203078	3.41149	0.29309
0.029244	3.32913	0.341606
1.38611	0.183597	0.769255
1.31873	0.218631	1.01177
0.363955	0.856513	2.23067
0.517113	1.27749	0.745981
0.215658	2.1733	0.992353
1.34541	0.242299	0.920506
0.00465662	0.524935	5.39465
0.933539	0.624633	0.0319365
0.322669	0.34845	2.77642
1.72267	0.0318017	0.890176
0.339518	1.82846	0.0600352
1.8099	0.000694965	3.28105
0.0616072	0.00895355	5.27385
1.95633	0.00298678	0.00247048
0.688066	0.015286	3.54552
0.0837123	1.70344	2.3832
0.1011	2.77644	0.0940029
0.150084	2.51325	0.119247
1.65819	0.0572053	0.725543
0.24666	0.0299845	4.10363
0.728323	0.0383492	2.72818
1.68851	0.0360518	1.0699
0.00047836	3.93766	0.000233608
0.0679274	1.81047	2.13045
1.15325	0.0318216	1.89103
0.281256	0.0343643	3.99682
0.494011	0.601014	2.26624
0.241043	0.418748	3.47116
1.64011	0.0603126	0.8373
0.370016	1.64855	0.551848
0.730227	0.273183	2.30108
0.16441	0.620727	3.0743
1.78899	0.000689686	3.89478
0.0368688	3.24731	0.00197509
0.0428469	2.02116	1.59506
0.904093	0.697508	0.0637266
0.018273	2.29655	1.92482
1.40533	0.177296	0.654667
0.290133	1.94403	0.0328012
0.77311	0.255957	2.0427
0.0231832	2.23854	1.88
0.00525986	3.7051	0.151426
0.95927	0.529003	1.11377
1.20068	0.302615	1.1842
0.260872	0.431026	2.61557
0.184533	0.165396	3.62267
0.0639399	2.97813	1.15996
0.00493811	1.46622	3.42133
0.0449555	2.10731	1.19571
0.817517	0.743144	0.493469
0.711447	0.889465	1.18441
0.0293291	0.449703	3.86198
0.381558	1.60185	0.820569
0.0159317	3.48611	0.609285
0.0308001	3.2911	0.191251
0.231608	0.543358	2.46278
0.0483479	3.04312	0.743857
0.116459	0.145854	4.67599
0.0403096	3.18676	0.902634
0.638221	1.01984	0.962121
0.0292913	0.0557126	4.96861
0.194875	0.639312	2.58879
0.830646	0.19082	2.06454
0.0922628	2.76111	0.242335
0.00877057	1.31268	4.48721
0.876846	0.669798	0.222912
0.0504027	1.20284	2.95384
0.0788275	2.90743	0.553464
0.286609	0.0241765	4.24827
0.206922	2.22741	0.650684
0.121781	2.62199	0.387025
0.0505003	1.01427	3.13898
0.436751	0.717916	2.14632
1.87022	0.00268793	1.80822
0.279687	0.00791399	4.60877
1.23933	0.32848	0.0497776
0.802459	0.802943	0.564187
0.123193	0.777986	3.102
0.442855	1.44248	0.521604
0.289518	2.03916	0.0696871
0.16175	0.1471	4.41038
0.653577	1.04286	0.000235617
1.18245	0.0445141	1.35197
1.21477	0.334744	0.0924504
0.0953089	0.175714	4.75394
0.984792	0.176901	1.30756
0.261539	1.09493	1.98935
1.91983	0.00358418	0.448103
0.366676	0.242097	3.23177
0.425705	0.760019	1.68335
0.544535	1.29318	0.302362
1.0544	0.472328	0.140692
0.793724	0.243682	1.73184
0.00265957	3.852	0.377233
0.00768402	3.78144	0.0218356
1.90012	0.00673641	0.568705
0.647999	0.00858466	4.43489
0.161823	0.162537	3.70294
0.753279	0.378879	1.26803
0.00305102	3.7869	0.0174576
1.18022	0.0231067	1.57746
0.0726769	0.00381466	5.03961
0.753425	0.258143	2.50248
0.0571806	3.11835	0.388846
1.69673	0.0412829	0.492223
0.303731	0.0326155	3.78094
1.81593	0.0121033	0.511935
0.0879437	1.77198	1.48983
1.76751	0.0246686	0.680194
0.429126	0.834101	1.22001
0.863857	0.684775	0.221823
0.299537	0.00106915	4.85258
0.0437363	1.16605	3.18528
1.01566	0.53075	0.00596959
0.267036	0.459778	2.5648
0.00257746	3.88017	0.0191736
0.0557572	3.01851	0.63433
0.246944	0.407009	3.36416
1.74075	0.0444628	0.0908671
0.000368639	0.0124933	5.85046
0.297856	0.994491	2.36468
1.46134	0.141566	0.571478
0.146288	2.48309	0.219239
0.982417	0.57925	0.0228092
0.139502	2.56399	0.106178
0.479737	1.35668	0.600162
1.1281	0.400696	0.322965
0.873298	0.184109	1.74696
1.56144	0.110343	0.190037
0.625793	1.06704	0.834939
0.848084	0.201074	1.89819
1.88155	0.00295322	1.31896
0.675998	0.972305	0.323555
0.0350552	1.05054	3.56552
0.527255	1.29794	0.332994
0.0348029	0.423037	4.32405
0.187926	1.36428	1.56248
1.27667	0.287881	0.0948279
0.0987782	2.73586	0.612467
0.211867	0.511073	2.90331
0.487036	1.39414	0.00307415
0.392955	1.5737	0.439701
0.058022	0.964407	3.36435
0.0604856	1.9121	1.63864
0.608643	1.09405	1.08895
0.413033	0.311712	2.54499
1.84201	0.0104925	0.677217
0.13582	2.59061	0.107292
0.569142	1.20284	0.0771171
0.0350743	0.520252	3.63509
0.0748482	1.85355	1.63358
0.243928	0.569035	2.44035
1.75611	0.0304427	0.231024
0.597329	1.11709	0.736019
1.2504	0.337272	0.03801
0.217557	0.564274	2.53891
1.59618	0.0650756	0.518122
0.601446	1.14073	0.219653
0.401985	1.55749	0.823512
0.20217	0.537852	3.0095
0.711989	0.909179	0.49449
0.000589679	1.3484	4.55056
0.46601	0.712966	1.50095
1.26032	0.0250825	1.44514
0.506817	1.34209	0.000993404
0.539366	0.138938	2.59352
1.42851	0.158336	0.314817
1.0759	0.410377	1.07431
0.279762	1.11376	1.42689
1.58383	0.0872909	0.128474
0.576813	1.1734	0.154723
