0.000799772	0.000213916	5.90997
0.000270737	3.9824	0.000251568
1.99826	0.000249164	0.00024794
0.329906	1.74531	0.745164
1.1847	0.0278035	2.14155
0.898599	0.663247	0.940446
0.020516	0.0788317	5.16792
1.11494	0.400839	0.0814856
0.0346296	0.407592	4.36064
0.739886	0.0228595	2.69938
1.02733	0.470614	0.819826
0.0669978	0.00767994	5.33569
0.055657	3.07541	0.194479
0.0282601	1.10815	3.18361
0.220306	2.2171	0.0111326
0.0117264	1.3541	3.73782
0.2998	1.85135	0.667784
0.150004	0.145513	4.13256
0.00560696	1.48247	2.86759
0.533784	0.00117257	5.81499
0.044857	3.14734	0.191834
0.554246	0.0552337	3.30642
0.0130294	3.50897	0.980251
1.76277	0.0428478	0.121396
1.40468	0.163891	0.73786
0.0907619	2.83615	0.326507
0.112139	0.209802	4.1851
0.0467206	2.13735	2.09653
0.00266051	2.46454	2.51573
0.959105	0.59122	0.145852
1.61678	0.0744614	0.702668
0.477368	0.00196316	4.86736
0.361128	1.67424	0.622576
0.0225989	0.0432921	5.51238
0.191567	1.33337	1.90521
1.67436	0.0444266	0.892521
1.50279	0.116406	0.15924
1.3791	0.183234	0.546594
0.699648	0.00139601	3.86482
0.872902	0.659286	0.961758
1.7985	0.0142021	0.767677
0.0030731	1.05515	5.58267
0.3458	0.0327366	3.68041
0.0742842	0.0291861	4.78261
0.0644221	2.95895	0.683117
1.81977	0.00168677	3.53171
0.199699	0.562744	2.80788
1.54866	0.104944	0.307194
0.00133669	3.78404	1.47287
0.032485	3.26269	0.463592
0.0409513	0.377092	4.47996
0.968179	0.523222	1.03031
0.104021	1.70074	1.74522
0.351967	0.855263	2.26213
0.000894086	1.53621	2.88316
0.0120839	3.58404	0.146152
0.0198711	3.46565	0.0161547
0.468032	1.40787	0.670442
1.32829	0.0153623	1.26325
0.823242	0.266801	1.20562
1.86141	0.00796321	1.06696
0.799578	0.741341	1.14116
0.00128349	1.37656	4.56866
0.721967	0.349907	1.57023
1.22459	0.0211802	1.5233
0.214179	0.566152	2.62148
1.98192	0.000249147	0.0713174
0.285298	1.04556	1.83635
0.884526	0.167239	1.87232
0.260651	1.05843	2.32379
0.0413351	0.343774	4.47365
0.276928	1.88716	1.13203
0.0971553	0.307333	3.91388
1.64951	0.0604045	0.153535
0.405521	0.893497	1.60142
0.170492	2.37736	0.148747
0.622032	1.01639	1.18824
0.000880448	3.70522	2.56986
0.540508	1.25575	0.347107
0.959105	0.59122	0.145852
1.34761	0.193826	0.947349
0.0164568	0.10324	5.10178
1.05889	0.472749	0.435927
1.29968	0.244685	0.443718
0.747509	0.338918	1.34373
0.840084	0.696923	0.791752
0.247219	2.02586	0.608766
1.0645	0.0943531	1.38999
0.685985	0.362885	1.71735
0.117861	2.68988	0.330139
1.24761	0.0160445	1.66046
0.513494	0.157579	2.40601
0.0023477	1.06987	5.66066
0.268184	1.92328	0.856322
0.100162	1.79829	1.28352
1.2071	0.293675	0.707864
0.16512	2.41495	0.870892
1.44024	0.150638	0.264194
1.26847	0.0263009	1.36759
0.0693917	0.955644	3.11449
0.102996	1.63318	1.98223
0.99386	0.526879	0.225953
0.00317562	3.77215	0.922331
0.153803	2.65835	0.0379852
0.0138601	0.03757	5.70504
0.00230978	3.85467	0.0190787
0.370755	0.944019	1.52219
0.433117	0.728132	2.15805
0.390894	0.767309	2.1098
0.101229	2.79731	0.26779
0.274733	1.99414	0.224312
0.00624097	1.31956	4.61362
0.0581091	1.02719	2.81347
0.00992268	0.47864	4.96078
0.240158	2.08487	0.508657
0.65778	0.975742	0.962384
0.127591	2.49929	0.970398
0.0230054	0.464126	4.26244
0.438401	1.44638	0.589631
1.00579	0.108629	1.22422
0.637416	0.0333504	3.43899
0.0724256	3.0213	0.0422542
1.69919	0.0324897	0.715095
1.69238	0.0507498	0.305934
1.63289	0.0620888	0.697533
0.00179573	2.78488	1.67193
0.0171057	0.489444	4.26054
0.279438	1.96959	0.206608
0.381497	0.223765	3.27332
0.240951	0.538326	2.46033
0.601207	0.0373853	3.47635
0.497084	1.36623	0.0580872
1.11152	0.430523	0.266787
1.38297	0.181768	0.404747
0.0313561	3.24034	1.10693
1.89544	0.00699552	0.258746
0.358753	0.240471	3.39111
1.48231	0.126394	0.181843
0.311949	1.80735	0.454176
0.0360605	1.17435	3.03086
0.762382	0.323726	1.28347
0.199847	0.526446	2.93268
0.389624	1.61264	0.171586
0.0887803	2.92226	0.11048
1.72386	0.0307805	0.701213
0.67246	0.983463	0.702103
0.03311	3.40969	0.333252
1.46491	0.142201	0.0702063
0.0189645	3.41021	0.730411
1.30655	0.0149718	1.56033
0.0300463	1.20057	3.02835
0.49839	0.577949	2.06444
0.000880209	3.67569	3.0082
0.365337	0.856331	2.00515
0.61021	1.13575	0.264151
0.622394	1.09013	0.851626
1.95133	0.00151676	0.0457277
0.773345	0.819952	0.196274
0.855157	0.745547	0.0406159
1.91949	0.00431752	0.437614
0.400725	1.54387	0.847186
0.00126777	3.72449	2.29376
0.237381	2.05696	1.02865
1.08937	0.40286	0.771165
1.8835	0.000228041	1.9246
0.38223	0.946415	1.31199
0.787508	0.791004	0.377572
0.829372	0.758783	0.108016
0.000879969	3.64603	3.44765
0.741605	0.282678	1.9438
0.00256358	3.85519	0.0188146
0.670474	0.0200953	3.39257
0.131258	0.908464	3.02246
0.139141	2.53523	0.87933
0.00573838	0.000247384	5.84623
0.000204013	0.000194921	5.98416
0.919142	0.126186	2.21109
0.0783094	0.257283	4.10768
0.0160796	0.092895	5.10928
0.967101	0.537315	0.720336
0.200435	2.2183	0.625517
0.252479	0.0242195	4.73996
0.308722	1.86543	0.966534
1.45374	0.138946	0.479457
1.07087	0.0818444	1.832
0.0107573	3.60798	0.0569289
0.219862	2.14534	0.825014
0.687928	0.00573042	4.02647
0.00803851	2.43904	1.4959
0.101634	2.63961	0.84249
1.12328	0.368977	1.13202
0.028312	0.476055	3.78663
1.80947	0.0258341	0.186949
0.281111	0.996705	2.26065
0.671236	0.00456325	4.43989
0.445797	1.48677	0.127633
0.00169352	3.89035	0.000929281
0.428715	1.44049	0.999391
0.0614082	2.95579	0.899585
1.01444	0.0791986	2.27982
0.987129	0.526102	0.75907
0.515242	0.0964407	3.00989
0.0324122	0.0528371	4.95756
0.325033	0.356379	2.52797
0.0115915	0.0698618	5.49957
1.87588	0.0153637	0.0286978
1.04411	0.0742739	2.35581
0.0458102	3.11082	0.669756
0.0475687	2.03002	2.08863
0.0142592	0.0699695	5.20305
0.177905	2.28671	0.508157
0.0148808	0.5518	4.47377
0.340833	1.72122	0.606957
0.024584	3.35028	0.285491
1.38419	0.183173	0.3765
0.0130041	0.0734056	5.28449
0.031699	0.0173541	5.62659
0.0637696	0.315442	3.91309
0.216325	0.482725	3.36181
1.42297	0.188572	0.0334557
1.8496	0.00151637	2.96165
0.354041	0.917428	1.39671
0.159411	0.631055	3.32996
0.52968	1.36358	0.0447745
0.319818	1.78849	1.00246
0.208476	0.108876	3.6833
0.00753542	3.65031	0.6629
0.100319	2.70027	0.883124
0.0342276	0.0543082	4.89181
0.725345	0.0111468	2.81883
0.420797	1.52828	0.427225
1.14827	0.0482947	1.86936
0.599616	0.0527404	3.22679
1.05931	0.0695181	2.01858
0.266226	0.440702	2.72268
1.71115	0.0367502	0.592701
0.119822	1.6711	1.21471
1.18827	0.35156	0.476366
0.0158232	3.5229	0.00145828
0.071114	0.872402	3.46873
0.650261	0.379961	2.31229
1.19573	0.0185259	2.16412
0.169311	0.590612	3.19373
0.246327	0.0770571	3.73389
1.22635	0.330048	0.0350547
1.73038	0.0441856	0.247401
0.733011	0.0105565	3.26343
0.0876301	2.80615	0.320784
0.00707281	0.0695623	5.72321
0.795068	0.806981	0.509704
0.0399777	1.09847	2.87984
1.35987	0.183264	1.15072
0.131451	2.59708	0.271907
1.31522	0.0380969	1.32929
0.536704	1.2102	0.791381
1.68548	0.0402075	1.09653
0.903926	0.601306	0.692538
1.25317	0.289562	0.0840392
1.31341	0.230612	0.738637
1.15955	0.0464885	1.24757
0.0992957	2.74167	0.251989
0.0699726	3.06621	0.0501778
0.0150042	3.46168	0.437726
0.745233	0.306563	1.36425
0.484756	0.693873	1.50806
0.0238419	2.56318	1.26325
0.261955	1.32748	1.24384
0.00124069	0.00130954	5.97375
1.48101	0.133335	0.439653
0.00369972	3.79911	0.208262
0.825771	0.748095	0.558946
0.266602	0.0133538	4.67843
0.0211974	3.41382	0.701472
0.772979	0.251454	1.76676
0.0857172	0.960327	2.47519
1.40184	0.197036	0.305571
0.783096	0.764241	0.930505
0.0393576	2.1119	1.89174
0.00381388	0.00836331	5.84661
0.000953278	0.00471893	5.85044
1.5187	0.115383	0.685232
0.019649	0.51595	3.9642
0.000421679	1.9281	4.25577
1.26125	0.28547	0.0870342
0.339587	0.893385	1.67901
0.081615	0.913894	2.91664
0.391842	0.778482	1.93226
0.576251	1.23041	0.0130119
0.552236	1.18255	1.2078
0.281078	0.384933	3.08786
0.181717	0.0778529	4.57904
0.00203707	2.86828	1.45727
0.052168	3.16435	0.234807
1.57661	0.110475	0.0442223
0.100124	1.66108	2.39819
1.909	0.0107491	0.00603872
0.297356	0.020996	3.97379
0.0285054	3.3043	1.19444
0.257904	2.06254	0.587257
0.25109	0.411516	3.58533
0.811494	0.781734	0.513986
0.0338302	2.18082	1.96518
0.505975	1.30828	1.10851
0.159298	0.655386	2.68754
0.0357669	3.24009	0.589621
0.159235	0.664101	2.65336
1.51638	0.0990346	0.751838
0.0490246	2.05594	1.7323
0.265414	0.395465	3.40985
1.8392	0.00992178	0.552315
1.54566	0.0845088	0.773713
1.59892	0.0760636	0.82468
0.0592546	1.96581	1.55766
0.371348	0.865745	1.69221
0.172188	2.34286	0.969395
0.0109212	0.707564	3.63639
0.75778	0.25277	2.06644
0.606915	1.17694	0.0549687
0.720101	0.0324906	2.44392
0.707284	0.33028	1.68539
0.472781	1.39795	0.173668
0.126047	0.250045	3.7374
0.111656	1.63636	1.54414
0.112189	2.72052	0.255185
0.14466	2.51104	0.000778032
0.0753209	1.8235	2.2812
0.359252	1.73957	0.00854377
0.0164319	3.42661	0.569816
1.20717	0.355051	0.0479294
0.462396	0.137541	2.95229
0.00369972	3.79911	0.208262
0.188611	2.31359	0.3405
1.91517	0.00397884	0.00883313
0.862271	0.173158	1.89681
0.626725	1.08021	0.121707
0.875014	0.168953	2.37705
0.0175082	3.51058	0.0279898
1.65482	0.0701817	0.00750031
0.138474	2.53817	0.665318
0.0672809	2.89885	0.843484
1.34024	0.19548	0.531236
0.606303	1.12488	0.589092
0.302419	1.83067	1.12748
0.872293	0.186102	1.60135
1.09391	0.0773908	1.87724
0.447405	0.154524	3.40865
1.4927	0.126528	0.272718
0.613366	0.0887703	2.46399
0.641468	1.0884	0.0946995
1.94171	0.000520431	0.543108
1.56249	0.078316	1.0009
0.0317233	2.18963	1.34673
0.626862	1.06095	0.714467
0.422247	1.62375	0.108341
0.000212486	3.93991	0.171225
0.000280795	3.98846	0.000272082
1.99977	0.00027222	0.000272095
1.99714	0.000272219	0.00632577
0.573968	1.19624	0.000272072
0.29012	0.393049	2.78439
0.00302737	3.80108	0.100612
1.74471	0.0235371	0.580583
0.00188884	3.59874	4.0855
0.00249518	0.490851	5.83873
0.119867	0.176642	4.15745
1.283	0.239895	0.739963
0.0553213	3.06374	1.1788
0.00384908	3.67089	1.04451
0.100074	2.86161	0.185902
0.00320514	3.83828	0.00156204
0.13156	2.47842	0.845671
0.0689494	2.9642	0.322876
1.93706	0.00260151	0.000583189
0.0124026	3.54916	0.892462
0.741942	0.820091	1.13472
0.919197	0.639883	0.0360636
0.0848301	2.79241	0.481831
1.84561	0.0213733	0.511351
0.879549	0.661044	0.382264
0.00462306	2.5415	2.33531
0.305283	0.31413	3.08333
0.65632	0.014215	3.52696
0.855618	0.717891	0.247203
0.0181301	0.553942	4.01666
1.20686	0.029407	1.42234
0.0651394	0.980903	2.65018
1.24087	0.0142972	2.49678
0.716549	0.866664	0.8556
1.06071	0.439016	0.679868
1.44613	0.146753	0.446952
0.0731998	2.91489	0.452754
0.354516	0.274837	2.68748
0.344758	1.69332	0.872403
0.271702	0.344252	3.57957
0.987683	0.107274	1.69955
1.96511	0.000277296	0.243017
0.752652	0.264077	1.98992
0.0902578	1.7649	1.82329
0.422381	0.680784	2.3669
0.638844	1.03042	0.744104
1.4109	0.186283	0.195483
0.277811	0.010607	4.51567
0.0515164	1.97929	1.97886
0.0302158	0.0719959	4.87439
1.00772	0.505493	0.677908
0.00834345	1.40184	3.14591
0.14441	0.0137482	4.94099
0.637868	0.0394379	2.90111
0.0268047	0.0641436	5.00079
0.1634	2.35295	0.850643
0.0491115	2.02081	1.31964
1.17174	0.0214594	2.13444
0.0398217	3.13545	0.747658
0.0286505	3.35811	0.152159
0.0676768	1.80467	2.19561
0.0273678	3.27463	1.0818
0.00372	1.31206	5.09559
0.0760531	1.9044	1.26302
0.0328359	2.14929	2.21624
0.894526	0.187239	1.25924
0.462288	0.693384	1.34895
0.786905	0.751455	0.995968
0.257547	1.14099	1.84598
1.68485	0.048062	0.089497
0.367021	0.296442	2.54777
0.407863	1.51453	1.08758
1.62937	0.0555424	0.729768
1.31119	0.251348	0.214757
0.258986	0.0221869	4.42889
0.00404587	1.2048	5.19938
0.279856	1.95722	0.773675
0.172488	2.32674	0.908818
0.0142111	0.562945	4.57036
1.18275	0.35656	0.213039
0.118721	0.19785	3.79614
0.697308	0.00361715	4.3375
0.527053	1.27967	0.04787
0.501338	1.35632	0.0625849
0.197262	0.495063	3.61143
1.31816	0.00869445	1.33703
0.032816	2.25121	1.30298
0.0194219	0.0470206	5.47454
0.0124342	0.598524	3.94389
0.0770468	1.79088	2.27514
0.0820455	0.281165	3.85556
0.116576	2.69106	0.24909
0.768168	0.790899	0.847917
1.11378	0.0594796	1.65444
1.48079	0.125682	0.444928
0.0191637	2.20039	2.10403
0.026315	2.22085	1.57395
0.108748	2.64617	0.785117
0.158914	2.3989	0.90893
0.263782	0.368319	3.31047
1.77298	0.018473	0.817764
0.0425019	2.04619	2.29943
0.113151	0.162362	4.39698
1.22776	0.317409	0.123522
1.53921	0.101166	0.448318
0.0889824	2.77577	0.84473
0.511375	1.28998	0.34973
0.597638	0.438148	2.06927
1.59953	0.0603369	0.753808
1.51156	0.117029	0.449415
0.0176111	2.28719	1.77348
1.11165	0.43133	0.29856
1.89997	0.00369472	0.268948
1.14773	0.0390642	1.3844
0.217274	0.526262	2.43095
0.0354701	2.17264	1.58188
0.152294	0.146969	3.6718
0.382042	0.884399	1.20711
0.400901	1.62044	0.311811
0.967091	0.121533	1.24975
0.128934	2.61299	0.270949
0.10276	2.72998	0.0156009
0.459239	1.42255	0.4484
0.00299883	1.34184	4.65996
0.296983	1.87996	0.322925
0.482804	1.31534	0.897582
0.0343669	1.11477	3.33238
0.155848	2.42719	0.375088
0.319094	1.83376	0.354487
0.0434264	3.15473	0.568659
0.0245745	3.42297	0.0064933
0.554238	1.18359	0.615248
0.0156278	0.616282	3.88537
0.0351986	0.0316583	5.14306
0.32484	0.294064	3.37744
0.105894	0.0143877	4.79051
0.672636	0.0170794	3.18524
1.39948	0.175726	0.76505
0.00769303	1.54715	2.40311
0.822195	0.71994	0.623589
0.365208	0.844342	1.83688
1.56203	0.113505	0.0429577
0.982389	0.10377	1.7386
0.5865	1.09636	1.05541
0.537478	1.22965	0.911549
1.87502	0.00480778	1.61854
0.210727	0.625883	2.48016
0.109987	0.230563	3.72789
0.348774	0.259563	3.03901
0.318316	1.864	0.531138
0.0933592	1.73193	1.64836
0.231513	2.1008	0.947223
1.02495	0.469124	0.962324
0.0232905	3.46902	0.186129
0.627564	0.0461285	3.24914
0.113352	0.209047	3.94536
0.0744524	0.249519	4.63117
0.0276316	0.649983	3.74824
0.227858	1.25669	1.94105
0.0441894	3.23399	0.0096696
0.810554	0.791327	0.151077
0.943837	0.158816	1.53315
1.089	0.0948447	1.2495
0.868818	0.737662	0.032963
0.377371	1.60233	0.65777
0.0227579	1.30182	3.25038
0.950494	0.611434	0.261281
0.761736	0.806913	0.644068
0.742938	0.932257	0.157388
0.616713	0.460947	1.47313
0.25431	0.465211	2.52468
0.0148967	2.29664	1.77011
0.00995545	3.65297	0.443875
1.14165	0.412503	0.103365
0.000204013	0.000194921	5.98416
1.42837	0.167276	0.000265496
0.000204013	0.000194921	5.98416
0.000204013	0.000194921	5.98416
0.00894948	1.5525	2.46801
0.103623	0.190072	4.70938
0.126336	0.760408	2.64637
0.0185754	3.52235	0.358416
0.154575	2.49671	0.134365
0.141297	2.56165	0.433146
1.00617	0.523187	0.502789
0.00725366	3.70187	0.542598
0.0747583	0.257156	4.25202
1.54987	0.122366	0.0288968
1.79269	0.0179438	0.565972
0.515697	0.0913146	3.45478
1.06521	0.459276	1.12265
0.0871488	0.00233213	4.88625
0.0611428	0.952254	3.5495
1.60814	0.0785014	0.531419
0.0469513	0.0107924	5.27986
0.604752	1.06778	0.704937
0.0319721	3.41203	0.178076
0.345928	1.66335	0.740576
0.413376	1.58988	0.0398955
0.00503659	3.78072	0.41656
1.95003	0.00262548	0.00961681
0.0374778	0.0161758	5.54778
0.0410317	0.0105725	5.45563
0.578845	0.535471	1.60797
0.188541	2.33714	0.378156
0.0766317	2.83972	0.732716
1.50866	0.0971942	0.753694
1.19422	0.0317241	1.39226
1.82842	0.0191576	0.0477731
1.91191	0.00861638	0.00436167
0.310124	1.92837	0.329903
0.327669	1.8625	0.0968156
1.12578	0.360987	0.806816
0.0842989	0.240846	4.52424
1.02843	0.463661	0.809702
0.266258	2.04735	0.0211275
0.500762	0.592501	1.76721
0.0271262	2.22486	1.34169
0.0267252	0.0644818	5.03029
1.86792	0.00872244	0.420377
0.767509	0.300652	1.52947
1.74975	0.0172115	1.17209
1.72272	0.023197	1.17281
0.36526	0.80943	2.31933
0.679773	0.00877711	3.34904
0.0445058	0.00733616	5.63827
1.32751	0.216371	0.524905
0.0880114	0.234045	4.33918
0.00670322	3.64886	0.650004
0.0629185	1.95089	2.35066
0.489568	0.665846	1.24813
0.103719	2.76128	0.11123
0.0519765	0.0150287	5.1754
0.323211	1.76006	0.637492
0.932099	0.570424	1.00662
0.0627817	2.98753	0.672293
0.115853	0.821889	2.8045
0.8552	0.658552	1.01767
1.67825	0.0502018	0.865489
0.0269292	2.17039	2.14275
0.276896	0.392361	2.91664
0.561947	0.518893	1.74224
0.655119	1.00166	0.753459
1.64632	0.0683478	0.279703
0.235925	0.495895	2.87578
1.36937	0.164018	1.05187
0.164987	1.38964	1.93301
0.00559367	0.649618	4.15505
0.96869	0.120529	1.82304
1.44373	0.155246	0.204344
0.00449127	1.31976	4.04564
0.274661	1.14803	1.69927
1.87997	0.0178039	0.190023
0.415296	1.50029	0.952921
1.09639	0.423806	0.480729
1.25053	0.280187	1.15797
0.0367672	0.0199099	5.79296
1.28903	0.00438554	2.11124
0.31453	1.80086	1.13879
0.0511335	1.12288	2.8036
0.171422	2.44985	0.149564
0.220846	2.10921	0.554001
0.0934036	2.8619	0.080143
1.17154	0.0273797	1.58117
1.63308	0.0545502	0.873958
0.955009	0.12272	1.90442
0.172782	1.46166	1.39499
0.693817	0.96021	0.295219
0.789956	0.278197	1.5518
0.545599	1.22186	0.973266
0.885695	0.687648	0.356656
1.04042	0.492979	0.185066
0.906602	0.134449	2.19469
0.201024	2.28063	0.125813
0.432801	1.4459	0.604113
0.109747	0.858086	2.88455
1.5751	0.080203	0.862421
1.26605	0.271296	0.63998
0.000812124	0.000386794	5.89925
1.07902	0.417353	1.10473
1.57542	0.0715535	0.96002
0.0623814	0.325093	3.97558
0.27707	1.08689	1.88044
0.181377	1.31964	2.04784
1.48052	0.146712	0.310675
0.52022	1.26057	0.340404
0.619746	0.0367858	3.24565
0.81105	0.786772	0.0107997
0.253596	0.0350318	4.58523
0.0102353	0.635261	3.88774
0.0540769	3.12892	0.316429
0.0189225	2.20507	2.24486
0.11936	2.63659	0.20772
0.643765	1.00027	0.988519
1.11443	0.0500714	1.51605
1.38582	0.166243	0.590767
1.21954	0.0362789	1.22728
0.0317122	3.3071	0.377798
0.0356483	3.19983	0.615356
1.81204	0.0235741	0.0135957
0.52054	0.114437	2.6851
0.0520636	1.1317	2.72702
0.16407	2.42785	0.377692
0.270218	2.00528	0.288626
0.187933	1.35238	1.81836
0.47006	0.176124	2.65858
0.536725	1.20817	1.0842
0.0128938	0.530137	4.60964
0.00648919	1.39313	3.18969
0.117709	2.72008	0.0119524
0.0417342	0.0512817	4.97535
0.22632	2.08413	1.21676
0.00614967	0.57845	4.36865
0.0423501	3.16211	0.396434
0.2571	1.97219	1.00906
0.408302	0.797291	1.66707
0.40414	0.205227	3.12137
0.456529	0.654996	1.83625
0.314705	1.83609	0.251418
0.83042	0.705491	1.22044
0.0327684	3.26692	0.313997
0.036405	1.0853	3.60194
0.453117	1.41628	0.618356
0.381679	0.861952	1.20888
0.0587422	2.97367	0.795382
0.840293	0.00122768	2.3964
0.49139	0.581662	2.15471
0.0380236	3.36003	0.135907
1.69527	0.0426808	0.298993
0.291283	1.20184	1.22897
0.192041	2.39202	0.0402117
1.14577	0.0280696	2.1054
0.0459798	0.510254	3.73457
0.176149	2.38292	0.132517
1.50729	0.130504	0.120674
0.477915	0.170086	2.40149
0.660135	0.0449982	3.15964
0.185121	1.35762	1.43984
0.0965846	1.71523	2.27706
1.74373	0.0240912	1.05166
0.100083	0.198932	4.43076
0.00830258	0.663673	3.77546
0.437774	1.49633	0.0591778
0.0897296	1.72552	1.99464
0.0402662	3.23379	0.168861
0.209812	0.506481	3.1268
0.718586	0.917816	0.295034
0.759017	0.317396	1.47483
1.69198	0.0337418	0.898216
0.334483	0.00624688	3.8358
0.0369274	0.0118004	5.70023
1.98986	0.00046203	0.000406425
1.16592	0.365057	0.000321819
0.00301721	2.49267	3.06433
0.0277545	3.29927	0.802422
0.796949	0.802207	0.527878
0.0617556	3.20467	0.0391221
1.65242	0.0748189	0.0895375
1.36427	0.191307	0.737169
0.113096	2.60975	0.954375
0.182804	1.32611	2.10266
0.0509744	1.0676	2.91465
1.39946	0.168116	0.400422
0.110838	2.70862	0.391145
0.925332	0.126404	2.29126
0.859289	0.68485	0.552096
0.0538891	1.09111	2.69646
0.0510094	0.00409147	5.7317
0.00522303	0.0910628	5.56098
0.69444	0.299426	2.56793
1.73486	0.0415283	0.454894
0.0839485	2.79163	0.597002
0.135562	2.45974	1.17053
0.31932	0.334844	3.0051
0.600007	1.15577	0.0531282
1.55489	0.0981265	0.208046
0.679443	0.00611578	4.10133
0.435633	1.45934	0.630753
0.0139867	1.49879	2.50538
0.498419	0.584625	1.89974
1.62887	0.0680373	0.201092
0.0606251	1.19325	2.41274
0.134593	0.738713	2.85056
0.522204	0.61034	1.4753
0.129147	1.6915	1.35137
1.53187	0.0957	0.887701
1.43959	0.151294	0.235633
0.457775	1.50981	0.0353394
0.371028	0.84264	1.86139
0.652082	0.0326952	2.7539
1.86196	0.00908836	1.0997
0.967652	0.119684	1.4521
1.07796	0.445673	0.132944
0.305189	1.91146	0.00847939
1.35326	0.00728133	1.37376
0.761823	0.872482	0.123922
0.193956	0.569067	3.11916
0.876076	0.632338	1.12579
0.645823	1.00961	1.14552
0.0258319	3.34563	0.351427
0.0244249	0.0388284	5.27926
1.41939	0.173889	0.143364
0.148742	0.65686	3.18441
1.69457	0.0450687	0.479844
0.00907868	0.605846	4.6016
1.2789	0.229927	0.954519
0.0654149	2.96562	0.23811
0.484969	1.36171	0.481698
0.133194	2.56792	0.00210988
0.106425	2.72171	0.175082
0.0398897	3.16053	0.279905
0.085402	1.75423	1.65516
0.393854	0.815397	1.60214
0.00113728	3.79576	0.978923
0.404857	0.760801	2.33961
0.475857	0.187877	2.67086
0.0318802	0.0673671	4.89849
0.0555804	3.02121	0.8737
0.663059	0.00601553	4.49644
0.830203	0.709522	0.73237
0.155503	1.49299	1.30166
0.54789	0.509076	1.94162
0.719931	0.908349	0.268728
0.0348278	0.0399954	5.10731
1.46062	0.137378	0.316308
1.58846	0.0813049	0.266838
0.271289	1.95838	1.00353
0.0725059	1.88534	1.5275
0.126998	0.211503	3.78517
0.133096	1.74441	1.23197
0.0663174	0.290559	4.17283
0.0172074	1.27389	2.63992
0.220425	1.24523	1.76669
0.533916	1.21122	1.04562
0.242351	2.00069	1.10882
0.197945	2.29263	0.00546062
1.79213	0.0244109	0.395365
0.416555	0.733088	2.01713
1.05082	0.0711248	1.80377
0.0929088	0.871495	3.52952
0.0277077	0.0336218	5.36297
0.0494494	3.10893	0.32945
1.88227	0.00790281	0.691706
0.0806482	2.87165	0.520054
0.0112558	3.50589	1.08925
0.331695	0.961502	1.42526
1.82756	0.0164152	0.182151
0.121742	0.744893	3.2532
0.817637	0.760145	0.562161
0.970995	0.104497	2.12676
0.0754794	0.0517048	4.79473
0.0438676	0.403907	3.67946
1.23957	0.268176	0.690424
0.448288	1.41024	0.876279
0.910337	0.137201	2.26906
0.666429	0.966345	0.597955
1.49028	0.121663	0.501665
0.224298	0.0644211	3.86977
0.827191	0.774768	0.0806594
0.652965	0.00969791	4.41074
0.237853	0.0346979	4.73639
0.127865	1.57362	1.82953
0.00170802	3.8792	0.249107
0.00663534	1.59969	2.39583
0.258975	2.07046	0.00866326
0.75739	0.866607	0.529149
0.206438	0.0713278	3.87863
0.000290252	0.0110231	5.84731
0.379936	0.896592	1.74847
0.293792	0.026587	3.97276
0.0668175	2.06095	1.5744
0.030274	0.0191136	5.75958
0.364128	0.220565	3.5842
0.127666	0.707105	3.44931
1.50245	0.130121	0.0625923
1.95716	0.00135638	0.000420463
0.263096	2.02044	0.26537
1.59712	0.0756464	0.265203
1.80736	0.0225466	0.116545
0.288155	0.336119	3.46951
0.0759305	0.295075	3.72461
0.134631	1.55774	1.66249
0.318591	0.937221	2.06733
0.896168	0.718095	0.104691
0.260979	0.0284082	4.28954
1.47096	0.121156	1.07023
0.538228	0.556828	2.20219
0.0252792	3.4153	0.35034
0.0990484	1.82303	1.23
0.0947866	1.84184	1.44214
0.0719711	3.045	0.0425529
0.561169	1.19783	0.434692
0.00564919	0.643389	3.94039
0.580217	0.461653	1.9661
0.490411	1.38803	0.0166565
0.351644	1.67693	0.895501
1.76296	0.0306853	0.332293
0.00818595	3.58132	1.02821
1.0886	0.400134	0.659028
0.0172099	0.5749	4.07088
0.0100903	0.672136	3.77298
0.989731	0.100105	1.78612
0.0108908	3.56379	0.301192
0.164845	1.42734	2.06407
0.419408	1.6115	0.228525
0.0306469	0.0589803	5.21104
0.157297	1.44135	2.05447
0.0390617	0.0421712	5.07275
1.26268	0.24825	0.689113
0.121708	2.59254	0.574671
0.892949	0.61991	1.10605
0.345977	0.281575	3.38958
0.367287	1.64251	0.990589
1.29728	0.222613	0.828925
0.0725497	2.91237	0.240361
0.0104876	3.68515	0.275481
1.12377	0.383385	0.911849
0.0152458	3.46077	0.626464
0.328709	0.34484	2.59619
0.137971	0.278941	3.61828
0.0911821	0.348557	3.62488
0.104335	1.65682	2.18981
0.0703645	2.92721	0.240185
0.0961342	2.7098	0.801709
1.13156	0.0281661	2.33271
0.189293	0.52777	3.35197
0.383634	0.814235	2.0856
0.000210055	0.00020943	5.99553
1.99927	0.000453039	0.000452606
0.420224	1.54819	0.000335675
0.000210055	0.00020943	5.99553
0.000210055	0.00020943	5.99553
0.269523	1.92857	0.562302
0.00786918	2.6058	1.323
0.0102819	3.59499	0.608804
0.0149647	2.35832	2.08985
0.0615924	0.015595	5.34993
1.90186	0.00142841	1.05369
0.249019	2.02689	0.481757
0.0419134	0.0326025	5.75868
0.126716	2.52141	0.598674
0.0115667	2.68183	1.20957
0.0123247	0.0604471	5.55441
0.942263	0.571286	0.517045
0.436579	1.49915	0.0178265
0.618984	0.0453071	3.24637
0.166571	2.41987	0.244065
0.213554	0.0799631	3.7747
0.370718	0.0161988	3.62646
1.02798	0.46787	1.16568
0.112397	1.7378	1.42989
0.00179355	2.83518	1.80361
0.0684203	2.91547	1.007
0.862308	0.698109	0.20758
1.09287	0.416231	0.280478
1.97609	0.00102861	0.000725486
0.0273864	3.41622	0.0256577
0.0061753	0.2567	5.25325
0.0800383	1.88261	1.3489
0.213966	0.496077	3.14832
0.0755374	1.77407	2.36513
1.55091	0.0817734	1.10612
0.0178879	3.52765	0.00440961
1.39037	0.179017	0.893288
1.28565	0.262115	0.352816
1.42067	0.176957	0.0991278
0.0285148	3.3637	0.259974
0.0924216	0.217085	4.56814
0.0348281	3.26764	0.413472
0.981869	0.550411	0.209431
0.221042	2.10483	0.523663
0.217483	0.501436	2.96358
0.184102	2.27184	0.409318
1.23708	0.273804	1.10584
0.0153051	0.170065	4.93013
0.784377	0.812906	0.871255
1.75048	0.0387105	0.104331
0.247741	0.0738684	3.70147
0.199628	0.524168	3.0845
0.294919	0.00776825	4.4333
0.588714	1.10397	1.02607
0.888777	0.661203	0.207059
1.59126	0.0865065	0.497011
0.0376631	3.21351	0.345463
0.139971	0.00269567	5.16704
0.000891621	3.91243	0.00154066
0.457502	0.15765	2.83621
0.0826511	0.0194809	4.83775
0.0977675	2.79257	0.0718708
1.77666	0.0368967	0.161454
1.31432	0.00855912	1.23161
0.0594946	2.14166	1.27592
0.111605	1.64538	1.70251
0.901787	0.637823	0.70414
0.72286	0.323977	1.31806
0.174982	0.000843165	5.63885
0.571745	0.0629444	3.0441
0.00328061	0.00115123	5.84442
1.47769	0.115179	1.13871
1.26245	0.00356877	2.16129
0.0823608	1.84267	1.74815
0.2447	2.0602	0.484495
1.21744	0.0206651	1.53089
0.399326	0.793607	1.76045
0.754925	0.883233	0.14246
0.155086	2.45981	0.246848
0.0719091	2.87952	0.552514
0.318009	1.80597	0.701764
1.85077	0.00965293	0.39079
0.681205	0.922855	0.979896
0.383953	0.763452	2.31705
1.14791	0.0310872	1.95851
0.568636	0.482561	2.37287
1.82898	0.0154129	0.932436
0.0318085	2.22344	1.48085
0.495547	0.595835	2.10872
0.844492	0.729177	0.166387
0.0509972	0.965875	3.57365
0.0117816	1.46277	2.91864
0.189011	0.0594838	4.78656
0.53642	1.28203	0.257808
0.0307137	1.44731	2.5187
0.326971	0.00705964	4.13003
0.104773	1.6754	1.82432
0.0561363	3.07154	0.00135264
0.036772	0.428495	3.97717
0.0618372	3.03502	0.628737
1.11685	0.375614	0.818528
0.115196	1.71498	1.61038
0.304451	0.010533	4.23544
0.118464	0.20133	4.13893
0.0645156	2.98726	0.353585
0.502304	1.31507	0.660675
0.640562	1.03582	0.507751
0.337833	0.241056	3.57227
1.25775	0.00517312	2.29884
0.279359	0.0124302	4.48034
0.00229981	3.76153	0.716371
1.51576	0.12067	0.231555
0.920686	0.614237	0.325356
0.123532	1.5751	1.85131
0.475263	1.34501	0.819145
0.198683	2.18134	0.744272
0.743609	0.849904	0.645134
0.0126273	0.542933	4.69141
0.0545865	3.1297	0.00800183
1.6195	0.0747367	0.511809
0.510347	0.579668	2.13641
0.605065	1.09218	0.310009
0.00644379	0.635924	4.22708
0.0019398	2.49031	2.60036
0.110382	1.61636	2.04897
0.000882008	3.85425	0.85872
0.686919	0.0307828	2.44935
0.761899	0.863782	0.0318327
1.59629	0.102286	0.088949
0.051802	1.05909	3.28609
0.710323	0.0297079	2.71185
0.245912	0.0347006	4.29531
1.93788	0.00308259	0.00108512
0.0651513	0.985608	3.36608
0.197256	0.511394	3.53243
0.610514	0.449896	2.21735
0.00221691	3.8191	0.47636
0.0251163	2.19493	2.26129
1.63984	0.0533506	0.731667
0.288191	0.0276937	4.35701
1.07152	0.425088	0.454559
0.798882	0.00875283	2.56344
1.16512	0.0220359	2.05764
0.525945	1.23446	1.10877
0.0279124	0.0846821	5.02377
0.161448	0.671789	2.64796
0.461077	1.40234	0.699242
0.0445331	1.01929	3.41205
0.281034	0.00629804	4.59362
1.44361	0.141587	1.19758
0.174976	0.000843249	5.63885
0.557178	1.18561	0.407914
1.93788	0.00308259	0.00108512
0.00275244	2.75129	1.22142
0.315015	1.85923	0.0205659
1.05388	0.47641	0.176415
0.017786	0.133079	4.99322
0.405398	0.208452	3.36963
0.143832	0.666338	3.30272
0.0452335	0.0171651	5.11643
0.00931803	3.72459	0.00557563
0.113229	1.62116	1.97612
0.548529	1.21819	0.608926
0.122839	1.70274	1.29688
1.20044	0.318589	0.851903
0.483887	0.670013	1.55991
1.72307	0.0384983	0.206415
0.222229	0.513263	2.76454
0.803031	0.732319	0.812511
1.35248	0.189077	0.912297
1.00648	0.534859	0.253713
0.0241588	1.20246	3.47208
0.359959	1.66724	0.362909
0.084433	0.816259	3.39688
0.0449407	3.16998	0.0662722
1.34714	0.191776	1.05132
0.00416198	3.7967	0.00268604
0.826336	0.749402	0.283405
0.146096	0.786331	2.52308
0.000762562	0.000450996	5.90652
0.0192821	2.21931	2.31761
0.184263	2.26511	0.418947
0.588532	1.16831	0.0321538
1.13393	0.364005	0.652763
0.258918	0.0174653	4.4789
0.000290252	0.0110231	5.84731
0.000587976	3.97623	0.000552402
0.000347585	0.000212437	5.95624
0.00216024	3.83034	0.000353069
0.0278348	0.417701	4.52509
0.330221	0.0105212	4.33522
1.44302	0.161106	0.321532
0.000780925	3.91802	0.276778
0.574222	1.13704	0.957312
1.49488	0.13435	0.119129
0.182684	2.28218	1.04103
0.0977004	1.75447	1.4578
1.84058	0.00398399	2.22106
0.0100577	3.52793	0.771504
1.79222	0.00973819	1.11613
1.37358	0.199824	0.1769
0.12035	2.68827	0.0445263
1.40387	0.156434	1.08656
0.46358	0.701407	1.38561
0.00308809	1.18167	5.50435
0.00365218	1.20116	5.19884
1.65286	0.0535167	0.467316
1.14663	0.35784	0.92567
0.0446459	0.00912712	5.32165
0.215477	2.13974	0.390792
1.18969	0.318908	1.00365
0.325333	0.964464	1.33741
0.00560038	3.77919	0.308571
0.00996194	0.577402	4.67107
0.0771945	0.00851317	5.07272
1.30874	0.279948	0.158794
0.449668	1.48396	0.0682636
1.69153	0.0550253	0.019692
1.25091	0.269447	1.07327
0.267577	1.98036	0.301524
0.0863942	2.79913	0.537674
0.0604019	1.8667	1.98278
0.628208	0.0346219	3.11009
0.0793638	2.87682	0.708463
0.15779	2.4685	0.215826
1.57974	0.0755604	0.848514
0.487904	0.592211	2.12594
0.617006	0.0695156	2.58987
0.817146	0.192965	2.39685
0.654066	1.03162	0.567219
0.295193	0.334736	3.04994
0.971854	0.103998	1.58502
1.12266	0.0278471	2.33851
0.109629	2.62425	0.501658
0.0120503	0.0836377	5.02637
0.00352477	1.67175	2.71249
0.0267566	3.3005	0.368285
1.03175	0.0618465	2.29815
0.139063	2.51492	0.252549
0.00195459	1.24248	5.22852
1.74755	0.0366504	0.329141
0.0114093	3.48946	0.889206
0.0237025	0.0722633	4.92702
1.94584	0.00136576	0.53537
0.467093	1.44694	0.0455602
0.623549	1.07669	0.41753
0.150587	2.38659	1.03329
1.83976	0.00556226	2.19851
0.375282	1.63581	0.904331
0.861198	0.743943	0.423544
0.0285254	0.437163	4.21976
0.759708	0.00212989	3.11973
0.560912	1.18056	0.867537
0.03473	0.405759	4.15071
0.693012	1.01105	0.138083
1.88594	0.00176066	0.947651
0.220661	0.502261	3.32028
1.42275	0.149851	0.689517
0.00878147	3.64928	0.00200263
1.34344	0.202638	0.600593
0.0704866	2.85003	1.01404
0.195513	0.643245	2.4112
1.19621	0.344192	0.740987
0.0775422	2.9656	0.0150234
1.80635	0.0268732	0.0679569
0.254858	2.05494	0.307154
0.587734	0.0549371	2.99523
1.21817	0.278356	0.994208
0.0552002	3.09588	0.183345
0.665087	0.977972	0.599767
0.179708	0.533107	3.46594
0.507471	0.122972	3.20027
0.136978	1.54776	2.36525
0.238914	2.20256	0.0609734
0.150659	2.41961	0.789988
0.00498553	0.799731	4.26157
0.876716	0.681218	0.400841
0.00895735	1.315	3.35101
0.047056	0.506865	3.61548
0.397292	0.786282	2.0935
0.386799	1.59871	0.453627
0.747272	0.00652679	3.27222
0.753675	0.00617421	2.88763
0.698762	0.00509544	3.3872
0.114791	1.70142	1.66253
1.00337	0.0859667	2.03568
0.0129797	0.0545328	5.63353
0.778783	0.016393	2.63772
0.353524	0.927703	1.25889
0.0058939	0.104593	5.51357
0.505938	1.41904	0.201219
1.284	0.0196001	1.57451
0.788897	0.221839	2.31353
0.796652	0.806336	0.140471
0.724833	0.907326	0.10529
0.103233	0.303554	3.69908
0.0583028	3.02061	0.411938
0.0308545	3.25338	0.774931
1.07318	0.0641395	1.72489
0.0899576	2.73989	0.849043
0.16289	0.114301	3.93698
1.55514	0.0971732	0.140838
0.317607	0.377663	2.45302
0.0400589	2.10784	1.82214
0.0179265	3.42787	0.351621
0.154374	0.119275	4.01205
0.400604	0.779262	1.95419
0.720304	0.919436	0.111813
1.52586	0.0995515	0.852836
0.0727368	1.92181	1.5079
0.277137	0.385238	2.95201
0.382269	0.831776	1.65362
0.829006	0.713273	0.519564
1.28416	0.285601	0.554852
0.187902	2.35319	0.0640876
0.434258	1.49833	0.732556
0.391138	1.5765	0.69823
0.0205018	3.44746	0.337843
0.0184642	1.26921	2.828
0.347124	0.884633	1.89665
0.0247201	2.22349	1.30393
0.307038	1.81446	0.634607
0.839438	0.00458146	2.5178
1.72208	0.024178	0.82748
0.886652	0.182311	1.63443
0.314696	0.00796772	4.58104
0.242617	2.09373	1.07523
0.931412	0.621893	0.142329
0.0200553	3.38853	0.935384
0.0309331	2.33182	1.29289
0.0369766	2.13383	1.82176
0.246975	0.443054	3.57167
0.0136804	0.0505619	5.68183
1.04431	0.450449	1.124
1.13663	0.0379906	1.72214
1.54246	0.101752	0.231619
0.228719	0.0418445	3.9948
0.484745	0.588455	2.27922
0.417895	1.5379	0.129877
0.0627283	0.317348	4.56987
0.904276	0.170711	2.15039
1.24428	0.296517	0.478676
0.318361	1.78098	0.625219
0.413299	1.51257	0.599101
1.22449	0.301955	0.270355
0.0208238	0.138799	4.86325
0.12529	2.54639	0.294049
0.0981556	1.90114	1.21586
0.33208	1.05938	1.22817
0.246948	2.05773	0.807296
1.63062	0.0560174	0.465451
1.00337	0.0859667	2.03568
0.000932192	0.00110991	5.88429
0.577223	0.0876151	2.77981
0.0106259	1.40585	2.66665
0.938166	0.62615	0.0354621
0.0472866	0.0844166	4.79634
0.534149	0.101474	3.19898
0.540362	1.36085	0.0577023
0.742892	0.0241924	2.49978
1.70802	0.0248617	1.20228
0.956843	0.128213	1.7661
0.0338038	0.451538	4.09191
0.172265	2.33761	0.293124
0.0372522	3.19157	0.429442
1.92369	0.000338711	0.947028
0.0315946	3.15553	1.17772
1.09517	0.0570787	1.72597
0.0258692	0.0265844	5.74854
0.95014	0.182381	1.31218
0.390295	0.257165	2.73287
0.0919043	0.354796	3.71942
0.0532617	3.06472	0.411938
0.525567	0.118951	3.40978
0.366111	0.337938	2.52352
0.129819	0.198734	3.90963
0.033639	2.21829	1.87288
0.000210825	0.000214882	5.98979
0.000210825	0.000214882	5.98979
0.0851298	0.257451	4.57001
0.671225	0.00205585	4.73545
0.00136415	3.90898	0.000837462
0.207402	0.0449494	4.4401
0.399679	1.5788	1.06201
1.56371	0.0763456	0.829802
0.00769337	1.40009	3.65623
0.0819428	1.82127	1.98559
0.234017	2.06342	1.00152
0.0293891	3.35813	0.346267
1.46831	0.118765	0.941635
1.51638	0.10393	0.340163
0.0371119	3.18988	0.322905
0.275046	0.0339455	4.2631
0.00989702	3.57672	0.916189
0.322466	0.0229848	3.89232
1.71752	0.0283779	0.592579
0.861088	0.00194213	2.73954
0.365376	1.6711	1.02821
0.622675	0.00189032	5.59746
1.22454	0.0187588	1.52936
0.0465652	2.01765	1.5491
0.976731	0.0927167	2.19126
0.192226	0.497441	3.5496
1.04951	0.107151	1.39918
1.87044	0.00548604	0.877753
1.17869	0.318892	0.7741
0.0146264	0.121748	5.38293
1.00723	0.084641	2.04749
1.02019	0.0771988	2.11086
0.106863	1.77628	1.28919
0.0446251	1.96615	2.04221
1.49605	0.103586	0.73744
1.14233	0.0472717	1.48127
1.25702	0.0144858	1.59516
1.67785	0.0529061	0.0160444
0.143069	0.63051	3.48792
0.803454	0.225009	2.13238
0.375302	1.69505	0.0213854
0.0907178	2.77982	0.684463
0.035559	2.18489	1.65804
0.951712	0.108091	1.83575
0.150811	0.616813	3.46048
0.107796	0.190215	4.01499
0.643428	0.0683202	2.45457
1.89126	0.00406705	0.255347
0.230917	2.10757	0.475138
0.0232144	1.24544	2.88186
0.372798	1.72301	0.0231677
0.332235	0.0128415	3.77118
0.00828126	2.4562	1.78524
0.776078	0.816353	0.816604
0.0607722	0.0150274	5.26526
0.33523	0.892968	2.29925
0.00803553	3.68264	0.53846
1.06193	0.472683	0.00487976
0.24083	0.430729	3.37619
0.900565	0.671716	0.0401257
0.037711	3.26242	0.227691
0.489397	0.0981269	3.43877
0.425449	1.4758	0.51632
0.258388	1.13159	1.73467
1.60534	0.0673349	0.893845
0.130872	2.56426	0.945037
0.29506	0.33067	3.28591
0.189257	0.54606	3.13848
0.569688	1.17345	0.740349
0.74974	0.00206297	2.83332
0.0657994	3.02734	0.142487
1.96219	0.000963893	0.261003
1.10499	0.0461209	1.97919
0.00376706	3.75483	0.0576062
0.822212	0.764774	0.538192
0.253298	0.438242	2.67952
0.715087	0.861181	1.10579
0.73484	0.0126419	2.6368
0.407358	0.795936	1.40524
1.77234	0.0281074	0.269715
1.93035	0.00291661	0.00205925
0.355007	0.908797	1.48786
0.0977003	0.278818	4.12337
0.00317409	0.00894661	5.85949
0.0358111	3.30199	0.0280709
0.00554562	1.51909	2.96846
0.0539004	0.0129084	5.48551
0.00475272	3.63648	1.29599
1.28087	0.264143	0.237076
0.0426609	0.0420995	5.03812
0.0123353	2.4042	2.3761
0.474127	1.35991	0.697097
0.344003	0.851105	2.32975
0.29121	0.338082	3.3411
0.267203	0.388635	2.94416
0.278104	1.03974	2.11236
0.439485	1.52739	0.00900528
0.183363	0.5536	3.04904
0.00688463	2.49722	1.85997
0.180528	2.35086	0.140253
0.410435	1.50628	0.620812
0.68038	0.985036	0.126162
1.82979	0.00948088	0.392782
1.5793	0.118156	0.0256412
0.0439197	1.09218	3.05385
0.543159	1.22367	0.64698
0.660768	0.00229882	4.93462
1.91735	0.0058616	0.0386269
0.00708014	3.64127	0.969922
0.0982854	2.72419	0.466161
0.17731	2.32644	0.363327
1.83777	0.0178128	0.00406328
1.64464	0.0814747	0.0608638
0.0577386	3.07905	0.128263
0.110052	2.61463	1.12177
0.402386	1.5884	0.295827
1.29677	0.235499	0.466251
0.179783	0.573318	3.16939
0.558727	1.25764	0.273729
1.61239	0.0823648	0.00467038
0.0651914	2.98596	0.717891
0.491473	1.33996	0.475837
0.0853967	2.84945	0.334934
0.0506817	3.12415	0.0615987
1.37549	0.176466	0.754871
0.123129	0.164514	4.48423
0.548452	1.2089	0.43338
0.0780728	0.0166888	4.88082
1.43267	0.164658	0.0051116
0.0679871	1.87403	1.86191
1.3655	0.208656	0.53681
1.43123	0.137596	0.802845
0.431991	0.747261	1.27129
0.0421077	0.071301	4.79868
1.34342	0.00769203	1.20894
0.140104	2.52485	0.94395
0.103157	2.66349	1.14105
1.19957	0.0370773	1.25539
0.0659307	2.95518	0.336667
0.10619	2.69989	0.37517
0.064136	1.94743	1.67099
1.20544	0.0179618	1.68241
0.00638105	0.572496	5.00739
0.199121	2.267	0.188624
0.960128	0.568562	1.16278
0.926251	0.157049	1.20486
0.119132	0.28107	3.7786
0.159449	0.116021	4.17217
0.964252	0.101012	2.17826
0.46458	1.37039	0.719594
0.286813	0.371128	2.67683
0.766703	0.0225615	2.54336
0.875348	0.702034	0.0619557
0.736603	0.00351143	2.9415
0.116935	2.58572	0.644472
0.458697	1.44977	0.213938
0.194225	2.21466	0.920268
1.76129	0.0382379	0.0080379
0.0575806	0.0171301	5.4673
1.80343	0.0126621	0.864471
0.35002	0.930261	1.46837
0.0265769	2.15742	2.3333
0.28463	1.91161	0.237309
0.0914548	2.88311	0.0493449
0.711679	0.935457	0.856053
0.16803	0.711916	2.41345
0.0937687	2.76554	0.695805
0.0598624	1.8941	1.96545
1.39518	0.193017	0.153356
0.0105551	2.44316	1.93176
0.875783	0.182457	1.88077
0.0299578	0.422157	4.21658
0.215653	0.470938	3.16026
1.16237	0.0293566	2.26283
0.0361147	1.07652	3.2415
0.073731	2.85023	1.04679
0.629319	1.10743	0.0670425
1.17293	0.0316319	1.34658
0.299722	0.971995	2.41267
0.830876	0.751809	0.154099
0.000347585	0.000212437	5.95624
0.000363058	3.98283	0.000412797
0.011861	3.57033	0.000274567
0.502836	0.0994196	3.14014
0.00180062	1.30786	4.50351
0.348909	0.241388	3.33931
0.658766	0.0044761	4.53782
0.868885	0.173131	1.89681
0.116685	2.63813	0.559237
0.00357981	1.27568	4.67876
0.345055	1.748	0.466161
1.29062	0.285747	0.305983
0.0207737	3.51368	0.0067867
0.00572186	1.17567	5.72733
0.231073	0.0440119	4.35994
1.87688	0.0023922	0.783996
0.0588756	0.0491743	4.85474
0.0420079	0.0352467	5.18567
0.196615	2.19046	1.03148
1.2554	0.0273501	1.33878
0.154512	0.133245	3.9008
0.0230658	3.41609	0.0154403
0.553942	0.0887438	3.0057
0.369726	1.67935	0.0659187
0.00201649	3.82155	0.506431
0.00307861	1.45622	2.76438
0.731303	0.880673	0.578434
0.00602162	0.135154	5.03193
0.102614	2.74455	0.501656
1.78874	0.00105205	4.04422
1.2281	0.00825688	2.51589
0.0622836	2.06961	1.25015
0.714741	0.913958	0.828506
0.16355	2.33635	0.902275
0.47182	0.649488	2.30297
0.221256	0.491403	2.81085
0.896724	0.143306	2.02305
0.0570373	3.0396	0.111963
1.82145	0.00109845	3.5752
0.157622	0.601757	3.42597
0.569487	0.0843151	2.88006
0.237013	0.510705	2.68876
0.649276	0.00510172	4.64726
0.0017374	1.38677	4.23805
0.00536171	3.75012	0.120597
0.641329	0.382677	2.23077
0.0463914	3.21288	0.0532753
0.68427	0.925217	0.92975
1.20617	0.292821	0.906039
0.852297	0.206713	1.48984
0.210961	2.29045	0.444347
0.0317847	0.0454575	5.03245
0.984708	0.0841203	2.09574
1.79872	0.00075058	3.70577
0.480954	1.34395	0.694436
0.755039	0.00565497	2.98134
0.337196	0.943364	1.50814
0.809404	0.820272	0.0249396
0.226301	0.44551	3.28275
1.533	0.10748	0.237379
0.41911	0.735697	1.86519
0.00814956	3.6168	0.882948
0.386846	0.810815	2.27456
0.0484944	0.009176	5.64941
1.90994	0.00514323	0.00474432
0.0370722	0.011585	5.77873
0.00567229	3.53543	1.341
0.0871285	2.79669	0.69375
0.0976456	2.87877	0.0612318
0.487956	0.620586	1.80129
0.420896	1.5397	0.652171
0.446451	0.684403	1.61301
0.698834	0.00953199	3.74862
0.8298	0.210405	1.76622
0.00634266	0.649347	3.95134
1.02414	0.100783	1.63849
1.05855	0.0773797	1.70714
0.398001	0.772673	1.72986
0.764635	0.853145	0.356733
0.234241	2.1171	0.464921
0.927449	0.126283	1.93965
0.173174	2.30257	0.66393
0.407889	1.60456	0.061174
1.65927	0.0541091	0.190102
0.00560204	2.41547	2.49912
0.274821	2.04081	0.136263
1.43941	0.144633	0.744778
1.68178	0.0413811	0.887349
0.0749899	2.94027	0.353638
0.104229	1.79796	1.23451
0.136095	1.50739	1.79839
0.651404	0.991603	0.527585
0.956685	0.09688	2.08646
0.519279	0.0940714	3.50255
0.544372	1.25075	0.162006
1.9574	0.00117377	0.0646206
1.04346	0.0667689	2.35758
0.110612	0.00456314	4.77631
0.0647921	1.07612	2.92236
1.31511	0.199191	1.21083
0.201064	0.543082	2.62175
1.09233	0.0666668	1.3205
1.48792	0.118932	0.54353
1.92645	0.00239487	0.12805
0.920724	0.13053	1.95212
1.14155	0.340388	0.924731
1.71231	0.0490199	0.58941
1.75801	0.0206164	0.652932
1.00423	0.0995844	1.65244
1.32775	0.205318	0.892602
0.0882767	0.225975	4.1697
0.0747277	2.98603	0.0083853
0.455413	0.705132	1.51096
0.0473289	3.06971	0.613576
0.207743	2.16442	0.667506
0.39146	0.796937	1.84662
0.0465082	1.98914	2.11789
0.259293	0.413209	2.65925
0.308575	0.419727	2.41924
0.138664	0.224022	3.62253
0.229134	0.435832	3.49042
0.529113	1.22401	1.01774
0.00652882	2.45967	1.98728
0.193399	0.523711	3.23908
0.0304939	0.0461551	5.22823
1.13813	0.0700743	1.29435
0.0814947	2.86359	0.0933259
0.102856	0.21877	4.14183
0.584187	1.12128	0.997038
1.40836	0.192501	0.0369887
0.128614	2.57153	0.3784
0.392519	1.57186	0.31319
1.51637	0.110214	0.723345
0.371674	0.285359	2.53829
0.0399687	3.13509	0.984055
0.0794947	1.02589	2.91717
0.182807	2.24261	1.01334
0.0360082	3.35607	0.0154557
0.564826	0.486911	2.1357
1.61293	0.0641917	0.345173
0.527772	0.585795	1.33534
0.00304401	1.48372	2.57445
0.023532	3.32692	0.590253
0.632799	0.0547545	2.47559
1.50879	0.113029	0.481165
1.60396	0.0777009	0.119745
0.791242	0.00902369	2.49681
0.137097	2.50139	0.292459
0.0680516	1.87924	1.9758
0.182807	2.24261	1.01334
1.36093	0.192572	1.09373
0.728731	0.00211159	3.63517
0.321896	1.8168	0.0910486
0.0523507	3.09699	0.56359
1.03935	0.471714	0.165059
0.46134	1.36672	1.15125
0.700436	0.933348	0.642857
0.600949	1.05868	1.18372
1.0798	0.42101	0.376173
1.5792	0.073979	0.609799
0.609393	1.1353	0.144932
0.072537	0.00980145	5.34213
0.114608	2.68408	0.352584
0.999759	0.153277	1.54933
0.0885869	2.8226	0.252381
1.16593	0.350766	0.571921
0.0301953	3.3917	0.0127031
0.04084	3.15852	0.28141
0.0623129	0.00805754	5.3855
0.37581	1.63263	0.316064
1.94919	0.0014636	0.243442
0.158686	0.1653	3.68518
0.131342	0.205858	3.81426
1.63723	0.0645943	0.047111
0.278999	1.91088	0.40161
0.467883	1.42549	0.517476
0.0140707	2.33561	2.02772
0.102951	2.69546	0.567241
0.0103874	2.41702	2.01457
0.303009	0.0246814	4.26122
0.0524912	1.96749	1.7007
0.458474	0.132215	3.38581
1.11665	0.0303618	2.3731
0.246081	0.424267	3.19647
0.00021734	3.9945	0.000215836
1.99937	0.000216768	0.000216656
0.00111646	3.87994	0.000212329
0.603	1.12791	0.762505
0.0334742	3.22638	0.421095
1.9268	0.00904555	0.0111418
0.356406	0.238178	3.21886
0.00027066	1.19936	5.97041
0.272483	0.00682137	4.86333
0.530216	0.0632278	3.53794
0.109315	1.63265	1.65966
0.00490321	0.0957606	5.6537
1.04934	0.0965655	1.24654
0.681823	0.0156849	2.84595
0.0154277	3.55825	0.161268
0.318214	0.965209	1.86982
0.00717169	3.74776	0.194209
1.13121	0.389928	0.519896
0.193851	0.521152	3.07962
0.0371188	2.10625	2.08011
0.00344614	3.66429	0.856629
0.576856	0.0990121	2.401
1.01606	0.0982063	1.70513
0.12735	2.54007	0.411473
0.0372669	3.32147	0.309388
0.439563	0.671314	2.16598
0.00302806	1.3243	4.39603
0.252784	2.00367	0.516613
0.118581	0.189807	3.85095
0.420243	0.7554	2.00117
0.0399302	3.06528	1.18075
0.22099	0.61409	2.68475
0.815459	0.711457	0.990532
0.00755266	2.57144	1.1997
0.993536	0.504591	0.560892
0.0173528	0.0787347	5.11099
0.313333	1.09535	1.33791
0.0248881	0.053221	5.25138
0.449012	0.00218211	4.28625
0.0079065	0.531542	4.18432
0.0363151	3.15304	0.703085
0.00337036	3.61021	1.52779
0.706648	0.00451446	3.79348
1.09257	0.0703507	1.28995
1.68154	0.0478405	0.112572
1.48742	0.141917	0.0678872
0.0723297	2.88765	0.887326
1.46544	0.128384	0.934091
0.0586063	0.384347	3.93281
1.40393	0.190149	0.060447
0.0174437	0.0453782	5.80847
0.00556122	0.00509262	5.85571
0.904307	0.603899	0.884956
0.02537	3.34655	0.859748
0.51335	1.28881	0.228151
0.102252	0.874111	2.90438
0.111279	2.63834	0.299054
0.0822291	1.76985	1.49838
0.0531114	1.91556	1.96214
0.0183475	0.488912	4.48193
0.63612	0.421612	1.45622
1.61964	0.0783396	0.120497
0.0252701	2.27169	1.55246
1.17109	0.355079	0.137921
0.973822	0.102656	1.85883
1.26095	0.289044	0.465435
0.00970076	1.38603	2.93695
0.24644	2.06045	0.378446
0.0215892	0.0532794	5.19405
1.59065	0.0922847	0.334677
0.946243	0.132571	1.58128
0.0809165	2.92401	0.230758
0.00911329	3.78572	0.131206
0.0648105	2.98191	0.0861605
0.269533	0.355242	3.48357
1.84869	0.00846977	0.54483
1.76115	0.020682	1.10331
0.66814	0.441034	1.23165
1.2199	0.333059	0.275083
0.210292	2.14617	0.729353
0.879296	0.669351	0.49887
1.2832	0.00765531	1.76924
1.8094	0.020015	0.354897
1.15103	0.333493	1.15997
0.0707823	1.02745	2.51444
1.82799	0.00715523	2.24769
0.0178681	3.47679	0.273689
0.018137	3.40603	1.06548
0.000341895	3.92627	0.226791
0.344417	0.307522	2.55738
0.617753	0.447124	1.40062
0.0209011	2.22135	2.02477
1.78309	0.0240702	0.676604
0.717272	0.0118896	3.72098
1.56098	0.0851856	0.748522
0.281867	0.0124458	4.80677
0.029081	0.0364531	5.35897
1.32932	0.217228	0.564594
0.432339	0.166434	3.45741
1.079	0.0491703	1.73103
0.381619	0.808346	1.60378
1.29984	0.241356	0.577697
0.0643212	1.05903	2.4763
0.236611	0.460136	3.27728
0.345981	0.93186	1.30699
1.53477	0.0867445	1.05886
0.839106	0.735024	0.503229
0.179313	0.546916	3.07718
0.0430644	3.11067	0.784658
0.308518	0.0114622	4.06603
0.205679	0.0382842	4.7375
1.71223	0.042161	0.378724
0.0745176	1.82626	1.50023
1.64415	0.0824858	0.0661704
0.135327	0.709312	2.80357
1.43372	0.182984	0.0809236
0.737816	0.294633	1.70458
0.0206732	0.0472929	5.45482
1.89734	0.00508258	0.199179
0.150315	2.49601	0.0681186
0.141552	2.46706	0.426774
0.254583	2.07983	0.166915
1.44022	0.141872	0.907709
0.18613	1.36329	1.50622
1.51834	0.10104	0.737618
0.263267	1.95674	0.514427
0.0560956	1.27424	2.43977
0.778128	0.774811	1.04076
0.227201	2.23421	0.348239
0.14651	1.48414	2.29131
0.0574481	1.93257	1.90292
0.480009	0.605852	2.23259
0.928046	0.128248	2.06351
1.55557	0.0827594	0.824761
0.104639	0.160784	4.65778
0.254147	0.0576549	3.61863
1.24345	0.302426	0.465155
0.866238	0.182481	1.82232
0.292883	0.0257372	4.58052
0.0791827	0.908397	3.26591
0.773328	0.790032	0.913437
1.38102	0.180508	0.372498
0.176052	2.37511	0.636973
0.0714395	1.89657	1.36774
0.0477779	0.0128323	5.48889
0.0231462	0.0522953	5.36896
0.151133	0.703303	3.38368
0.195597	2.41992	0.0392643
1.35471	0.222009	0.0718033
0.910195	0.146208	1.58253
1.87875	0.00575495	0.420393
0.157487	2.33191	1.06801
1.19067	0.0186354	1.80124
0.260713	0.393089	3.03191
0.399588	0.264572	2.42005
0.0712945	0.272702	4.51195
0.0898451	0.851935	3.38108
0.241465	0.0444855	3.77601
0.0874985	2.98031	0.060228
0.861046	0.224825	1.41182
0.29469	0.0343166	3.63375
0.101491	0.207881	4.36672
0.00966987	0.652706	3.71267
0.0102204	0.530086	3.99733
0.0691919	1.86768	1.60758
1.59571	0.0646435	0.7194
0.00641765	2.6842	1.32221
0.14586	2.42407	0.922113
0.0101289	0.577346	4.05107
0.183116	1.4587	1.22203
0.430309	0.726633	1.99154
0.348598	0.862873	1.90106
0.550197	1.25022	0.103307
0.798885	0.782674	0.302391
0.0106591	1.34639	2.75253
0.28792	1.88459	0.2389
0.228435	1.23933	2.34741
0.000876948	3.89619	0.436798
0.445423	0.00531003	4.28895
0.378337	0.824679	2.25614
1.8835	0.000228041	1.9246
1.99778	0.000537328	0.000586331
0.00024849	3.33521	5.95086
0.512261	1.32763	0.000286765
0.132221	2.54353	0.768967
0.0061778	2.41957	2.38129
1.47227	0.134505	0.33228
0.621048	0.00252233	5.37351
0.0040899	3.7623	0.000977433
1.30266	0.00420428	1.74939
0.0420153	0.0269751	5.21376
1.0822	0.452879	0.230817
0.00254407	1.26023	5.13081
0.00205065	1.31215	4.42606
0.0918324	2.79647	0.215073
0.0278475	3.28246	1.03382
0.307628	0.968932	2.2233
0.0413064	0.0053732	5.72853
0.0251741	3.41684	0.133911
0.261587	1.93954	0.860456
0.383429	1.57059	1.06765
0.459032	1.38701	0.647869
0.176215	1.48201	1.24621
1.59414	0.0868159	0.0211877
1.23239	0.0234157	1.51063
1.51094	0.125011	0.218735
0.712762	0.0124843	2.80254
1.69786	0.0346094	1.18539
0.00501151	3.68085	0.238656
0.00214336	1.44929	2.91764
0.0823351	1.89357	1.29682
0.413227	0.708803	2.25509
0.541537	0.622493	1.22042
1.27351	0.255939	0.580401
0.0513447	2.99407	1.04155
0.227195	0.497694	2.84766
0.00351329	1.33638	4.21844
0.0326058	0.0213342	5.84028
0.00139692	3.49496	5.50394
0.0700466	0.372182	4.52641
0.745754	0.933829	0.0931172
0.0410967	3.21835	0.0129715
0.115883	0.236794	3.99344
0.327651	0.356139	2.62972
0.436684	1.508	0.219632
1.34127	0.225874	0.172078
0.0568388	2.00154	1.44621
0.056782	2.26387	1.25037
0.424607	1.54175	0.0018521
0.080224	2.91372	0.785918
1.10856	0.402097	0.538063
0.228747	2.11822	0.809746
0.947771	0.112944	2.15167
0.99784	0.104255	2.03916
0.0490278	2.03564	1.65517
0.0486258	2.17948	1.326
0.523995	0.138704	2.53385
0.622795	0.0575872	2.73015
0.137134	1.63774	1.20548
1.44481	0.16289	0.00409267
0.123471	1.6636	1.70082
0.0985038	0.215348	4.48437
0.775731	0.280837	1.88286
1.04057	0.487763	0.495981
0.273369	0.392889	3.0348
0.63343	0.0137041	3.81242
1.39103	0.15896	1.00721
1.05806	0.466113	0.225696
0.00298956	2.6045	1.98666
1.19587	0.0172546	2.08572
0.125056	0.815586	3.37058
0.0510148	0.00188023	5.59565
0.0167108	3.47429	0.777792
0.498039	0.123761	3.21655
1.64316	0.0639928	0.464799
0.760637	0.297356	1.51597
1.20517	0.0149683	1.80848
0.030927	3.36212	0.00538815
0.363957	0.816254	2.02702
0.0610373	0.00829433	5.4141
1.75244	0.0349252	0.182635
0.196163	0.522308	3.57472
0.969059	0.540029	0.739385
0.725953	0.00295839	2.97091
0.285309	0.334747	3.52233
0.0421953	0.00510288	5.64434
0.104129	0.198658	4.31945
1.25369	0.255346	1.12033
1.8286	0.0217045	0.171091
0.0545129	1.95107	1.94054
0.506108	1.44173	0.0328072
0.625798	1.05706	0.815781
0.0670756	0.378915	4.25011
0.0422277	2.05233	1.63179
0.0796691	3.00761	0.191672
0.0109626	0.219919	4.78547
1.55973	0.0842958	0.69455
0.689808	0.989743	0.0147451
0.00452295	0.572445	4.71522
0.767546	0.849959	0.522409
0.642575	1.03168	0.368523
0.23038	0.495327	3.07658
0.371385	1.67403	0.426696
0.0714586	0.0165783	4.96841
1.91021	0.00214563	1.27606
0.0106265	3.66338	0.116862
0.228154	0.0422366	4.60973
0.143191	0.72209	2.58408
0.585271	1.16583	0.173986
1.66391	0.0505998	0.355413
1.41529	0.18332	0.0676491
0.611759	1.0802	0.518956
0.91486	0.648895	0.452549
0.0612177	0.422583	3.60404
0.310023	1.8136	0.408439
0.100874	0.997562	2.51594
1.80004	0.0164771	0.891386
0.335243	0.890534	2.34213
0.471058	0.1286	3.41868
1.67318	0.0400839	0.794102
1.13514	0.0680523	1.32717
0.0442942	2.19007	1.33316
0.860692	0.669038	0.859033
0.972131	0.527281	0.952495
0.00833714	3.59665	0.571615
1.15363	0.0503075	1.20215
0.0096355	3.58898	0.609427
0.21422	2.08773	0.956677
0.590194	1.11092	0.574458
0.377699	0.777707	2.27001
0.072784	1.85058	2.33815
0.0505817	3.05533	0.401389
0.926407	0.637062	0.125878
0.581986	0.055671	3.15811
1.6298	0.07017	0.181817
0.247435	0.503067	2.47309
0.0720982	0.015851	5.03549
0.552034	0.0834415	2.68113
0.570859	0.570691	1.46724
0.290403	1.86832	0.477428
0.0522431	3.09244	0.0878557
1.5699	0.0808461	0.858698
0.00708732	2.395	2.47878
0.79083	0.225354	2.09683
0.479516	1.36007	0.480198
1.72345	0.0365569	0.61299
0.355499	1.75835	0.455459
0.84096	0.707873	0.980131
0.808844	0.22986	1.57203
1.17212	0.315084	1.0648
0.0021968	1.29584	4.89598
0.444398	0.658004	2.29938
0.00763448	0.505722	5.07619
0.340663	0.91813	1.76297
0.881263	0.650884	0.40664
0.000626925	3.49354	5.50878
0.513743	0.589836	1.57547
1.99344	0.0005072	0.000909578
0.118829	0.149811	4.72798
1.26304	0.253995	0.592643
0.201784	0.489929	3.51669
0.639854	1.02262	0.956774
0.0236841	0.478443	3.84022
0.330565	1.7347	0.801651
0.141416	0.176859	3.90477
0.143362	0.108852	4.60204
0.901843	0.689517	0.100361
0.0410857	3.12632	0.921133
0.773771	0.304538	1.34182
1.8978	0.0064689	1.05676
1.76509	0.0195401	1.09633
0.802454	0.74517	1.14798
0.667596	0.0105282	3.31367
1.351	0.0112264	1.28216
0.108954	1.80098	1.21004
0.566296	1.21571	0.00265884
0.164778	2.34393	1.10862
0.240596	0.487606	2.67368
0.60384	0.59031	1.39269
0.0363055	0.0486157	5.1683
0.000212486	3.93991	0.171225
0.000213092	3.99451	0.000211335
0.288616	0.037168	4.46503
0.334296	1.75865	0.449808
0.0610432	0.00885147	5.0467
0.0658771	1.87068	2.15192
0.10514	0.284578	3.59583
1.22094	0.0116168	2.13072
1.12304	0.412275	0.218647
0.157375	0.592373	3.39632
0.00320107	3.72641	0.265803
0.0014292	3.8111	0.175311
0.315415	0.298889	3.50743
0.14044	1.53845	2.01248
0.0105361	0.095976	5.24175
0.100863	0.207048	4.64237
1.58956	0.0969521	0.0101693
1.14965	0.380007	0.34987
0.697822	0.909797	0.874834
0.330183	0.039182	3.6948
1.05167	0.489734	0.459103
0.0816326	2.86546	0.122658
1.08604	0.436858	0.0949915
1.4931	0.115204	1.10554
0.276877	0.355275	3.22953
0.345687	1.72338	0.39858
0.707224	0.332852	2.21248
0.00101165	1.3798	4.38977
0.0166889	0.0307326	5.77262
0.060509	2.90317	1.1911
1.83611	0.0172064	0.814243
0.735697	0.855537	0.670574
0.208006	0.0814674	4.31897
0.0195995	3.5007	0.0532407
1.37016	0.184693	0.750277
0.111036	0.213804	4.02674
0.118319	0.176338	4.09378
0.0869349	2.76903	0.591792
0.0166545	2.33872	1.59327
0.0159987	1.25342	3.29988
0.300922	0.0417119	3.81975
0.0302801	3.28921	1.13087
0.892507	0.000235552	2.86313
1.9573	0.00137389	0.000478796
0.0356539	2.20019	1.38454
0.261446	1.99955	0.529249
0.847166	0.717766	0.301935
0.0138732	2.38103	1.3066
1.27859	0.244057	1.02107
0.0483357	0.0085327	5.39989
1.98579	0.000477961	0.0474283
0.576181	1.17038	0.322145
0.850802	0.69145	0.695856
0.0524973	1.10378	2.689
0.400233	1.58744	0.156745
1.19523	0.0189227	1.91663
0.0802037	2.80371	0.689472
1.51932	0.100238	0.687165
1.09432	0.401803	0.508269
0.100348	2.72843	0.391665
0.232124	0.453802	3.08363
0.0487298	0.00718786	5.68023
1.62979	0.0632198	0.205895
1.69728	0.0506079	0.0893017
0.248229	1.97008	0.904433
0.0916244	0.263223	3.8703
0.928683	0.588966	0.755631
0.0409497	2.1598	1.50094
0.0292588	0.0321695	5.51304
0.755707	0.83696	1.15219
0.248534	1.15402	1.53807
1.67398	0.0534141	0.485734
0.227491	2.06217	1.06666
0.177065	0.632428	2.52007
1.48049	0.12548	0.648073
0.0473825	3.14936	0.504575
1.305	0.00719811	1.24095
1.80835	0.0185701	0.418528
0.374726	1.62878	0.197739
1.93256	0.00485019	0.146232
0.527617	0.115885	2.76147
1.6327	0.0647156	0.18824
0.567894	1.22932	0.106762
0.0931482	2.68863	0.77796
0.00479857	2.6581	1.3612
0.790673	0.770924	0.733216
0.908313	0.611301	0.725012
0.185955	0.0832905	4.64346
0.0129202	2.41754	1.73606
0.130136	2.51633	1.02251
0.0693727	1.0848	2.47317
1.66367	0.0462726	0.525344
0.0158749	3.44196	0.995798
0.975446	0.533384	0.625562
0.457599	1.4409	0.287635
0.0212545	0.0374242	5.60311
0.387597	0.838124	1.33491
0.213965	2.13171	0.96022
0.322992	0.305888	3.00836
0.00468252	3.64737	1.15103
1.4243	0.138205	0.944642
0.967065	0.14151	1.66975
0.517175	0.565576	1.79423
0.217154	0.087252	4.15996
0.0754259	1.94311	1.44215
0.508013	0.668301	1.22517
0.0340859	3.35264	0.0961209
0.494716	0.636687	1.82791
0.268718	0.361796	3.45922
0.041279	2.08627	1.88947
0.803916	0.741948	0.801342
0.141219	2.46476	0.394214
1.39594	0.154895	0.872848
0.65586	0.990478	0.778216
0.00779296	1.49585	2.72955
0.00851001	3.65635	0.206
0.0472883	1.90821	2.32117
0.0554696	3.06365	0.717964
0.234183	0.0589996	4.2257
0.484392	1.34522	0.669329
0.0178943	0.0375909	5.46484
0.141244	0.135792	4.74065
0.537065	1.29404	0.212919
1.0187	0.485461	0.673431
0.0031417	3.78455	0.365099
0.0474537	2.21944	1.26985
0.448425	1.40704	1.20951
0.0134381	2.58136	1.2567
1.79275	0.0266986	0.00721423
0.371742	0.807037	1.96221
0.999453	0.494731	0.667736
0.145011	2.43022	0.529623
0.119668	0.218425	3.88512
0.362785	0.241001	3.17639
0.809532	0.773139	0.58881
0.398524	0.208524	3.05194
0.202813	2.15459	0.883268
0.248478	2.04241	0.788313
1.03213	0.516004	0.105883
1.43627	0.142238	0.748775
0.193453	0.525347	3.46398
0.024714	0.0446858	5.31128
0.153865	0.224482	3.77366
0.950307	0.596429	0.114721
0.771424	0.00890711	2.82745
0.613668	0.0744718	2.57914
0.0290525	0.614244	3.75653
0.0639728	3.00888	0.403431
0.996151	0.49276	0.846039
0.875277	0.687398	0.251726
0.545275	0.53806	1.65459
0.0720636	2.99876	0.0772557
0.0087286	0.162141	4.87591
0.373379	0.229692	3.14352
0.390183	0.834033	1.51962
0.672886	1.0034	0.280327
1.17197	0.0247524	1.91739
0.227581	1.20384	1.80059
0.714274	0.308751	2.37387
0.0294582	0.0552919	4.97389
1.46217	0.131738	0.848164
0.618557	1.03464	1.04999
1.02942	0.468924	0.855672
0.108761	0.194514	4.74183
0.0624488	3.06018	0.0754277
1.27242	0.00547872	1.53288
0.935473	0.59445	0.618304
1.89414	0.00914182	0.00492282
0.6629	1.07024	0.0159803
0.428898	1.56157	0.0228776
1.40293	0.152211	0.80576
0.124363	0.171941	4.16957
0.82239	0.760217	0.691824
0.464377	1.46349	0.0264579
0.00719766	1.51687	2.59578
1.77267	0.0253623	0.388516
1.56519	0.0797735	0.361453
0.134915	2.61023	0.104255
0.184838	0.606658	2.80865
1.91402	0.00616678	0.412465
0.554538	0.526793	1.75687
0.0160437	3.55125	0.179423
0.129696	1.47569	2.27126
