0.000194228	0.000899826	5.9288
1.99105	0.000310467	0.000268087
1.86096	0.00676651	1.38921
0.000267997	3.47937	5.62144
1.55067	0.0925843	0.713675
0.000269803	3.48939	5.54841
0.222257	2.08365	0.933858
0.00420683	0.580992	4.99467
0.0234734	2.16615	1.90026
0.155392	2.46558	0.476907
1.52449	0.111483	0.21188
0.170462	0.170164	4.20626
1.70623	0.02981	0.873183
0.293975	1.92824	0.0468076
0.348496	1.73281	0.448867
1.64637	0.0519267	0.954958
0.0936216	0.232518	4.75024
0.0377704	3.41075	0.0163106
0.174564	2.33594	0.518877
0.313339	1.79183	0.609455
0.367275	0.231574	3.03252
1.22184	0.280651	0.911214
0.00432734	0.663516	4.08861
0.00946697	1.25345	3.7571
0.994025	0.135413	1.52008
0.00115984	1.23617	5.42322
0.965151	0.00267139	4.85012
0.00910635	1.32137	3.20494
0.000267955	3.96743	0.0707471
1.48052	0.127017	0.779614
0.431394	1.48118	0.251494
0.897623	0.623856	0.470764
0.0126688	0.645448	3.90204
1.10323	0.0405322	2.2317
0.456426	0.647954	2.16405
0.404848	1.53405	0.652758
0.93571	0.147285	1.31327
0.0240663	3.35718	0.40322
0.0333946	3.24591	0.39682
0.30455	0.00615521	4.61519
0.0542306	3.11272	0.0216829
0.262631	2.01571	0.0693434
0.423245	0.700037	2.35671
0.00116385	3.87117	0.0279956
0.785324	0.306052	1.2316
0.072732	3.03058	0.0450925
0.799454	0.222713	2.31531
0.716462	0.918495	0.633502
0.302248	0.356847	2.61115
1.17237	0.383233	0.108793
0.0144308	1.43344	2.53468
0.825609	0.268623	1.2079
0.318138	0.311483	3.37911
0.338102	0.944048	1.56234
1.26576	0.264923	0.793625
0.138378	2.51613	0.335668
1.06249	0.441806	0.321519
0.101296	1.6901	1.98842
0.951345	0.549299	0.880852
0.531138	0.5617	1.46609
0.453273	0.189132	2.80029
0.0788571	0.974494	2.87627
1.19722	0.294588	1.10718
0.19174	2.38721	0.185093
0.582223	0.0422098	3.31869
1.15025	0.37625	0.592093
1.90828	0.00203025	0.409173
1.45361	0.144514	0.144451
1.90485	0.00179754	0.468124
0.743837	0.87967	0.161282
0.241251	2.02477	0.936535
1.01861	0.497344	0.455581
0.0318121	1.19897	2.82781
0.641933	1.06771	0.0742274
0.264764	0.391079	3.13156
1.08608	0.433761	0.375135
0.743374	0.342779	1.25839
0.119873	2.60157	0.511774
0.490674	0.617652	1.613
0.5178	0.627955	1.34833
1.42257	0.169717	0.150911
1.24245	0.0531671	1.31044
0.28616	1.00963	2.20499
0.0609181	2.97837	0.317323
0.853232	0.759676	0.204803
1.62292	0.0665052	0.204085
0.324502	0.396346	2.41547
0.00736254	1.47793	2.68936
0.00835326	1.38673	3.64798
1.82051	0.0088144	0.486441
0.624542	1.03502	1.15733
0.290159	1.8787	0.602057
0.00138521	1.36629	4.59825
1.946	0.00819182	0.0224991
0.539646	0.0674732	3.44954
0.548976	0.078805	2.85867
0.280563	0.408429	2.96312
0.614997	1.11402	0.00280692
0.425413	1.51881	0.537281
0.249166	0.460903	2.96622
0.012986	3.58632	0.573587
0.194424	2.19677	1.03093
0.0757005	0.315754	3.72558
0.389086	1.58392	0.533803
1.03902	0.430442	1.19047
0.102476	0.235351	4.26772
0.879694	0.680821	0.451308
0.0515147	0.00706103	5.40232
0.375565	0.817954	2.12455
1.32388	0.232734	0.0172012
0.000469257	2.25235	5.84821
1.69603	0.0499115	0.0604663
0.0108585	0.116134	5.21493
0.361557	0.227986	3.25274
1.13754	0.414506	0.107999
1.28212	0.0260377	1.84696
1.11006	0.0404814	2.06199
0.327514	1.83801	0.023718
0.0837108	2.84842	0.218652
0.385382	1.61283	0.243336
0.0105401	2.41775	1.67787
0.00696192	3.78335	0.0707778
0.396773	1.58828	0.343421
0.211972	0.516407	2.73616
1.11612	0.417826	0.128499
0.810795	0.222623	2.32047
0.701651	0.958	0.0341867
0.203613	0.503317	3.5071
0.995234	0.483678	1.10483
0.213577	0.522757	2.59156
0.862765	0.729511	0.179292
0.000469257	2.25235	5.84821
0.375302	0.83503	1.815
0.237535	0.0595896	4.31031
1.80206	0.013792	0.618468
0.0477008	3.29159	0.183118
0.107735	0.205476	4.57048
0.188881	0.0944398	4.50503
1.47781	0.113654	1.14782
0.640188	0.99462	0.995899
0.132395	0.183619	4.02152
0.0349841	0.425875	4.38199
0.677338	0.00855255	3.99593
0.177411	1.4136	1.31906
0.759325	0.896974	0.013288
0.47799	1.47467	0.0215225
0.656024	0.388383	1.64142
0.0195605	0.594149	4.44984
0.566975	1.13891	1.28853
0.0720828	2.88106	0.749143
0.00730609	1.4571	3.47084
1.41475	0.171835	0.147868
1.00676	0.468303	1.07001
0.767053	0.831335	0.158318
1.95038	0.0070174	0.00549837
0.140783	0.223587	3.60582
0.0339074	3.29989	0.0556816
0.353593	0.906114	1.60785
0.695281	0.0225982	3.15809
0.276163	0.074029	3.68847
0.258531	0.0356383	3.91298
1.31084	0.207364	1.15085
1.20019	0.295957	1.03052
0.375087	0.259364	2.48946
0.119873	2.60157	0.511774
0.006465	0.683756	3.94467
0.818413	0.233462	1.58781
0.386448	1.66236	0.0508852
1.28399	0.240298	1.07451
0.0104312	3.6152	0.403709
1.04597	0.428619	1.02677
0.000273795	0.000275455	5.99668
0.000208258	2.4029	4.56868
0.000273795	0.000275455	5.99668
0.583961	1.1765	0.000421908
1.2871	0.227966	0.753319
0.104247	2.71729	0.80682
0.0279313	3.33764	0.145179
0.0852682	2.80607	0.436697
0.900765	0.146433	2.17688
0.126367	2.51566	1.10552
1.52858	0.106011	0.526103
1.48801	0.114094	1.02392
0.0163601	0.612218	3.93239
0.961327	0.116485	2.2753
0.148942	2.45868	0.73195
0.0391615	3.24367	0.79273
1.02516	0.137651	1.57631
0.00173476	0.00869017	5.84517
1.22663	0.0660701	1.25611
0.381565	1.60775	0.638676
0.917874	0.642857	0.00344122
1.32068	0.226436	0.466982
1.17318	0.33076	0.866292
0.0130987	0.0891493	5.28864
0.0719722	2.89828	0.242744
1.19978	0.0195335	1.77088
0.235405	2.084	0.680138
0.00687686	0.140661	4.99854
0.824939	0.239644	1.85552
0.219141	0.0569214	4.25407
1.21677	0.0104187	2.21944
0.178869	2.29355	0.954312
1.88262	0.00483598	0.427289
0.122991	0.717163	3.12976
0.24285	0.0426925	4.07902
1.14354	0.404683	0.213354
0.000246704	0.0724344	5.92222
0.0952413	1.76893	1.46391
0.168146	0.622865	2.63473
0.214133	2.12723	0.906701
1.45637	0.120799	0.873666
1.84945	0.0130831	0.0149613
0.00327134	3.84161	0.00288401
0.00653359	3.53417	1.15318
0.0762723	2.85752	0.627237
0.113422	0.220824	4.01883
0.0083549	3.68781	0.00358333
0.509583	0.107187	2.69323
1.3461	0.199726	0.656162
0.113947	0.808152	3.07194
1.72681	0.0355243	0.155692
0.310218	1.82136	0.509559
0.0113321	0.55349	4.5214
1.63217	0.06244	0.987106
0.218145	2.17256	0.380703
0.0454115	2.02467	1.55332
0.211315	0.475058	3.5416
0.00927711	0.655322	3.82719
0.587706	1.13984	0.598912
0.969244	0.0876363	2.32793
0.346046	1.69324	0.654421
1.60252	0.0567894	1.01617
0.0632607	3.00113	0.896044
0.743511	0.0261353	2.56542
1.66236	0.0474708	0.465185
1.68277	0.0440864	0.892206
0.560627	1.17263	0.736193
0.136804	2.56285	0.270069
0.864811	0.180712	1.81327
0.258195	1.13519	1.9749
0.857913	0.175927	2.00852
1.70296	0.0524437	0.12934
0.016	1.35846	3.19708
0.486963	0.708122	1.35074
0.0150015	0.561807	4.46898
1.81053	0.0164083	0.340054
0.0449315	2.04212	2.06157
0.604162	1.08849	1.28325
0.00046177	0.0963174	5.71445
0.0445562	0.334136	4.78761
0.281379	0.370644	3.21875
0.154032	0.598177	3.38145
0.000949143	3.92078	0.310513
0.111783	0.163675	4.78809
0.525825	1.26058	0.247005
0.13748	0.652179	3.49291
0.00210482	3.66377	1.42093
0.876356	0.694746	0.00160301
1.58661	0.0671914	0.938149
0.583041	1.21014	0.0964655
0.0522695	3.11649	0.00266333
0.504581	1.27827	1.07681
0.452676	0.687975	1.50738
0.224066	0.51863	2.77327
0.0668513	0.944815	2.98161
0.00813368	3.58339	0.626306
0.124041	2.64341	0.420049
0.0366239	0.011878	5.5096
1.96252	0.00204393	0.0445807
0.0240253	3.40478	0.333947
0.0624748	1.01219	2.88736
0.0529843	0.321768	4.65883
0.169327	2.41404	0.30796
0.706613	0.911018	0.443087
1.56109	0.10484	0.15159
0.391869	1.56997	0.55256
0.120799	0.170227	4.71751
0.469828	0.641502	1.75545
1.38638	0.160892	1.20397
0.0507108	3.04844	0.426459
0.246324	0.0377774	4.38835
0.0125841	0.112634	4.90984
0.422156	0.755194	1.67119
0.434493	1.44389	1.05153
0.0405162	0.0394873	5.11991
0.263544	1.98638	0.396171
0.00206751	1.65282	2.3971
0.0091564	2.5919	1.38828
0.280121	0.447416	2.50484
0.977335	0.523123	0.530756
0.353833	0.838144	1.91084
0.00140313	0.118893	5.39712
1.91706	0.00476288	0.855586
0.275592	0.019857	5.17782
0.000918038	3.93629	0.000752814
0.360186	0.00745275	3.72375
0.0127367	0.0950106	5.21632
0.110161	0.737912	3.42231
1.12003	0.416905	0.227806
0.718896	1.00192	0.0369676
0.0573023	3.06596	0.0933516
1.09044	0.433582	0.328366
1.04624	0.443645	0.689982
0.0103233	3.57146	1.12215
0.846552	0.774861	0.124711
0.238493	0.0361178	4.58652
1.98588	0.00268313	0.00304307
1.11025	0.0833473	1.33828
0.548964	1.22747	0.155905
0.476026	0.662057	1.71724
0.351962	0.26433	2.84354
0.084693	1.91548	1.32499
1.90747	0.0048623	0.120288
0.0652371	0.294436	4.16879
0.0194193	3.42695	0.331241
0.812482	0.255403	1.45719
0.438571	1.41201	1.21262
1.40303	0.215331	0.264664
0.0703564	2.96114	0.00165993
0.655908	0.991239	1.00366
0.207847	0.0516998	4.42325
0.774824	0.00908777	2.84748
0.319145	0.00315628	4.34634
1.13037	0.398543	0.459054
0.795012	0.798301	0.277142
0.0362524	0.0166223	5.60877
0.430238	0.172801	2.78596
0.695509	0.952035	0.488961
0.183013	2.32418	0.270618
0.0663659	1.02656	2.55474
0.0991267	0.281936	3.79546
0.516214	1.3275	0.38918
0.474459	1.38194	0.499214
1.05751	0.437991	0.654629
0.840751	0.258949	1.24731
1.7663	0.0604923	0.114063
0.411728	1.49405	1.21676
0.160344	0.618241	2.93566
1.63756	0.0665243	0.0525292
0.281402	1.05349	1.95164
0.195347	2.26035	0.19855
0.459283	1.48097	0.184749
0.331854	1.73787	0.75021
0.0814673	0.305913	3.64178
1.7526	0.0187705	1.21076
0.445959	1.45007	0.48042
0.227909	1.24551	1.62761
0.00750988	0.145608	4.9494
1.78354	0.0292801	0.523825
0.107536	2.64277	0.559541
0.727547	0.303722	1.62741
0.799268	0.291194	1.22429
0.739013	0.856694	0.867927
0.329009	0.385109	2.40998
0.728594	0.00864757	3.58249
1.79087	0.0222606	0.585721
0.000246704	0.0724344	5.92222
0.00032133	3.98257	0.000306747
1.98602	0.000553934	0.000659971
0.000332761	3.97118	0.000284907
0.00027329	0.0002745	5.99698
0.00027329	0.0002745	5.99698
0.992626	0.0930464	1.75275
0.0109471	0.0832208	5.37173
0.193188	0.524928	3.12363
1.20896	0.0192479	2.13609
0.0119998	1.43183	2.59128
0.853423	0.710969	0.0874197
0.0173293	0.033289	5.51255
1.12521	0.0481453	2.20143
1.2625	0.26136	0.79073
0.0573412	2.96829	0.981348
0.0476821	3.08292	0.354406
0.781908	0.749407	1.28874
0.456826	0.144572	2.90663
0.0188541	0.435856	4.39816
0.260354	0.00565371	5.60202
0.259097	0.00707974	5.72213
0.958286	0.547528	1.19653
0.00184363	1.52379	2.63927
0.0466089	0.419863	4.24603
0.0569064	2.08919	1.37502
0.178411	2.28295	1.00697
0.261795	2.02927	0.405282
0.158406	2.46986	0.222434
1.03689	0.46533	0.484667
0.419324	0.73398	2.3325
1.81183	0.0145652	0.146034
0.00901852	0.133902	5.14763
0.0576138	0.0156934	5.21195
0.00407723	0.143552	4.98461
0.803806	0.769463	0.431716
0.00129962	3.63898	3.44672
1.55688	0.0850429	0.50384
1.96219	0.00489463	0.00423256
0.00119419	3.90633	0.294618
0.367867	1.60124	0.921314
0.0749572	2.85478	0.926954
0.0319631	0.376936	4.74615
1.14897	0.361971	0.649478
0.054765	1.01589	3.02563
0.57721	1.14738	0.545072
0.0335581	3.23107	0.763869
1.39619	0.163504	0.644716
0.356729	1.71974	0.281006
1.79662	0.0186208	0.766917
0.00115475	1.20397	5.79052
0.409713	1.54936	0.251844
1.92425	0.00379013	0.00517283
1.59248	0.0656088	0.99485
0.200637	2.21686	0.857681
0.621889	1.10985	0.0744512
0.108543	1.64055	1.69276
0.108486	2.75749	0.0106124
0.251558	1.96095	1.13067
0.00622071	0.634184	3.89367
0.716568	0.912667	0.569772
0.112329	0.199912	4.041
0.0911231	2.81472	0.645412
0.243262	2.00027	1.16591
0.111974	1.75365	1.56578
0.00516729	3.75705	0.299458
0.0263649	3.26804	1.06041
0.0340197	3.32178	0.0353344
0.0792837	1.93204	1.22897
1.85915	0.00880528	0.625831
0.0197678	3.43994	0.304865
0.28	0.360123	3.28271
1.2335	0.0276933	1.21531
1.07791	0.0756874	1.78934
0.610457	1.06352	0.703966
0.00345669	2.56082	1.64202
0.902461	0.638232	0.204184
1.75676	0.0151211	1.1975
0.0608049	0.960894	3.19518
0.29396	0.980451	1.83525
0.335306	1.82948	0.385775
0.535463	1.24742	0.45896
0.315137	0.335438	2.64337
1.45136	0.174568	0.046871
1.06191	0.0724983	2.02384
0.111282	2.71191	0.00617017
0.0341472	3.16272	0.959755
0.0305375	3.40329	0.0303241
0.291269	1.89467	0.644843
0.277607	1.86667	1.08387
1.05571	0.070014	2.11723
0.100396	2.66957	0.884176
0.0137622	3.59943	0.139841
0.0394116	2.12223	1.70925
0.00284365	1.36294	4.12749
0.641031	0.397926	2.33439
0.378944	1.66408	0.310589
0.0678425	2.94827	1.09469
0.333132	0.894173	2.27104
0.350039	0.848842	2.4752
0.114833	2.61577	0.556134
0.231123	0.456016	3.34524
0.242844	0.023134	4.60819
0.761771	0.8302	0.375745
1.41662	0.154013	0.646381
0.0866918	1.69598	1.89871
0.0331292	0.455721	3.7919
0.0666189	0.0922242	4.83978
0.932504	0.562395	0.866939
0.872292	0.682889	0.254126
0.0633623	2.89982	1.13624
0.131324	2.49579	0.775481
0.0325406	1.18631	2.98158
0.00988638	2.51624	1.96761
0.250434	0.443734	2.6994
0.012624	2.30221	1.84367
0.396953	0.768614	2.07304
1.30599	0.252293	0.337274
0.49951	0.0951084	3.24243
1.42919	0.144312	0.664774
1.47923	0.113898	1.02742
0.174324	2.3423	0.514332
0.154364	0.0952354	4.51794
0.950731	0.621585	0.0325495
0.0541674	3.10525	0.304769
0.0260882	1.13442	3.51026
0.692813	0.019461	2.77799
0.54981	1.20831	0.51068
1.50949	0.10871	0.681306
0.471429	0.227452	2.42162
1.03783	0.506722	0.00754173
0.00403789	3.64914	1.61509
0.176326	1.3846	1.43052
1.21612	0.0188101	2.04019
0.0203746	1.21815	3.72787
0.112987	2.63222	0.905086
1.53444	0.114567	0.0190618
1.10724	0.0485489	2.06547
0.171684	2.40839	0.308291
0.495834	0.0904898	3.55769
0.23326	2.10932	0.743555
0.221812	1.17583	1.89979
0.0884349	0.272744	3.6888
0.208032	2.1542	0.695372
0.0484738	1.03582	2.85738
0.0998299	0.30751	3.67882
0.389286	0.78267	1.93076
0.0284143	3.29976	0.598658
0.0259038	2.38516	1.2609
0.375169	0.969051	1.48003
0.00622071	0.634184	3.89367
0.926654	0.126515	2.37823
1.52222	0.115889	0.110996
0.104276	0.810658	2.66609
0.00718719	0.180752	4.78862
1.61846	0.0710646	0.386402
1.49543	0.112622	0.536629
0.00394435	0.00746976	5.86555
0.515775	1.35246	0.0103914
0.0794545	0.338793	4.058
0.323592	0.913378	2.446
0.0464201	2.16991	1.56076
1.68709	0.0504998	0.586421
1.60416	0.0817454	0.431814
0.892164	0.189359	1.48852
1.90602	0.00896283	0.0978335
0.0512136	3.15222	0.00652711
0.328557	0.310445	2.91577
0.117937	0.238651	3.77706
1.09572	0.393019	0.694373
1.35777	0.188644	0.617845
0.728972	0.0158844	2.94525
0.020686	0.434696	4.51908
0.219916	0.477906	3.34486
0.111838	0.203875	4.11668
0.227201	0.485126	2.94127
0.0980349	0.353442	3.61134
0.216431	0.576548	2.84532
0.0822389	1.80844	1.49591
0.164264	2.36499	0.838563
0.371628	0.804222	1.86744
0.00496205	1.31733	3.58267
1.37012	0.180955	0.645753
0.072341	2.91446	0.969858
0.204913	2.1927	0.344963
0.419006	0.733412	2.35464
0.157522	0.75442	2.52474
0.592835	1.1441	0.489001
0.000133746	0.000133069	5.99661
0.000273895	3.99917	0.000274453
0.000133576	0.000133074	5.99699
0.225044	2.14794	0.841758
0.0018133	2.58756	1.84968
0.134138	1.59774	1.28959
0.0221909	3.36915	0.397694
0.122437	2.54799	1.07784
0.992132	0.117014	1.63332
0.00561406	3.75428	0.330325
0.00178722	2.69659	1.24562
0.285611	0.0270969	4.69051
0.0947487	0.216295	4.34468
0.0134777	2.46241	1.9288
0.487833	0.593794	2.267
0.0972905	0.837431	2.82429
1.51461	0.121362	0.554088
0.62559	0.0311386	3.45077
0.0874824	2.83829	0.152895
0.165661	0.108107	4.25234
0.241377	2.05013	0.978991
0.319048	0.0214759	4.10684
0.0540551	3.02043	0.397073
0.00733489	0.111714	5.52831
0.0605646	2.93212	1.04044
0.0054776	0.651276	3.90992
0.0206899	0.0363409	5.7501
1.54154	0.135375	0.0642568
0.0440366	3.11145	0.393094
0.727859	0.326102	1.5473
0.0399233	1.03965	3.55725
0.754774	0.0144498	2.42273
0.668295	0.0228728	2.99662
1.67814	0.0551296	0.0529602
0.44055	1.44868	0.540912
1.22202	0.0132632	2.61487
1.06281	0.434278	0.972684
0.0284519	0.0786254	4.99857
1.13978	0.368946	0.702537
0.715519	0.0215333	3.23735
1.27776	0.0101513	1.65235
1.16771	0.328876	1.16
0.535456	1.29786	0.0384797
1.37736	0.199858	0.0896852
0.00637327	0.146999	5.078
1.66518	0.0417753	0.616525
0.36444	0.877585	1.51619
1.82493	0.00722539	1.11515
0.364085	1.66504	0.447174
1.56647	0.0796806	0.806297
0.219091	0.476293	3.05808
0.197132	2.26695	0.181355
0.52899	0.535128	2.16823
1.87898	0.0109368	0.392267
1.29993	0.221423	1.14749
0.0012046	0.102815	5.63382
0.00648521	3.66963	0.825951
1.19527	0.0162379	2.39166
1.43095	0.149294	1.19531
0.249837	0.490872	2.89564
1.90973	0.0124014	0.00921411
0.913154	0.629777	0.553472
0.301493	0.387395	2.75436
1.34053	0.203976	0.688701
0.154796	2.3934	0.928069
0.100947	1.6963	1.95609
0.264439	1.97856	0.411572
0.522913	1.26901	0.487458
0.889713	0.682044	0.255773
0.0547625	0.0198574	5.15622
0.000350846	0.000452616	5.9476
0.17258	2.35672	0.735928
1.72111	0.0318916	0.734983
0.0326364	3.29199	0.000998207
0.860639	0.702034	0.171568
1.46722	0.148787	0.0860752
0.959905	0.540232	0.910427
1.47958	0.109899	1.11792
1.08724	0.0713848	1.32278
0.0633723	2.94142	0.946975
0.0131891	3.45188	1.0523
0.00127347	3.61577	3.1831
1.63021	0.0553138	0.767444
0.402403	0.251146	2.54058
0.336105	0.916253	2.08956
0.0788739	0.252596	4.46012
0.0113615	3.58834	0.873897
0.0457549	2.0084	1.80665
0.357034	0.850385	2.0261
0.0083911	0.0759529	5.32274
0.200528	0.520269	3.37889
0.076437	2.98932	0.137046
0.452095	1.54388	0.137152
0.483822	1.35069	0.992415
1.75871	0.02336	1.13191
0.620647	1.05474	0.828981
0.601899	1.10191	0.868838
0.28246	0.39427	2.73504
1.36006	0.203834	0.534875
0.0299378	0.0548855	4.91582
0.55307	1.21306	0.392248
1.40271	0.183427	0.191474
0.596099	1.14237	0.454789
0.00801771	0.539542	4.62433
0.390608	0.223102	2.95701
0.143615	2.43618	1.01475
0.0247153	0.500526	3.74838
0.0402424	3.16285	0.606022
1.77826	0.0134851	1.10218
0.431494	0.724862	2.13079
0.363638	0.896997	1.36006
0.00982738	0.0696568	5.67498
0.850421	0.720649	0.207491
0.382496	0.791111	1.96032
0.114943	0.941057	2.66503
0.0690618	0.307326	4.25651
0.775425	0.802415	0.494489
0.811764	0.766314	0.433999
1.13327	0.370871	0.70041
0.023626	0.0798045	4.80492
0.694384	0.970448	0.633839
0.496018	1.37745	0.0968652
1.02401	0.525338	0.209814
0.432187	1.50081	0.322458
1.06992	0.105642	1.47094
1.10787	0.40981	0.632949
0.0573344	1.93419	1.81074
0.0142569	1.21838	3.34199
0.0153612	2.4341	1.42214
0.821312	0.736649	0.656461
1.80398	0.0217831	0.566372
0.00678475	0.143179	4.8786
0.689594	0.9977	0.249347
0.791167	0.787751	0.370113
0.832426	0.746199	0.148449
0.0754393	1.86991	1.75011
0.186488	0.600057	3.15662
1.03177	0.530908	0.137645
0.0364142	3.13371	1.16958
0.779444	0.806573	0.342453
0.00172848	3.83261	0.318547
0.344451	1.72757	0.337602
0.100058	0.264339	3.80969
0.00181744	3.94855	0.00636612
1.25716	0.00517186	1.69535
0.202724	1.25773	1.98304
0.27328	1.016	2.33785
0.89402	0.158008	2.05206
0.557822	0.532673	1.59461
0.23177	0.0846598	3.70479
0.187657	0.669288	2.58368
1.74009	0.0350225	0.142409
0.108664	2.81103	0.170941
1.32205	0.239112	0.18744
0.0263634	2.36299	1.47201
1.8534	0.0260157	0.112537
1.59099	0.0839331	0.792895
0.00240767	0.000436926	5.85174
0.0375397	3.23511	0.0458212
0.316798	1.8239	0.416006
0.338508	1.75803	0.451796
0.115223	2.74721	0.360304
0.568704	0.502198	1.89958
1.40505	0.17542	0.751624
0.127528	0.900491	2.43191
1.1881	0.0251808	2.00063
0.475921	1.32857	1.01805
0.245395	2.04059	0.732917
0.467569	0.644298	1.67816
0.206785	2.218	0.336842
0.087076	1.77821	2.12785
0.00132398	3.60856	3.29224
0.630419	0.423857	1.40337
0.0301723	3.27687	0.588151
1.2483	0.0125637	1.81624
0.321217	1.83333	0.107096
1.23235	0.305433	0.23286
1.31966	0.205352	0.919716
0.589398	0.0685967	2.74588
0.310186	1.91228	0.117514
0.561139	1.18923	0.652378
0.0798916	0.0198435	4.8147
0.504324	1.32334	0.182381
0.642871	1.08131	0.0430067
0.331827	1.7889	0.697116
0.00159774	0.00293257	5.85237
0.455898	1.40811	0.577283
0.000185649	3.90635	0.408675
0.000244973	0.00025364	5.99182
0.000259049	3.99976	0.000260252
0.416834	0.213512	2.9849
0.245003	0.479234	2.70321
0.00590517	0.137958	5.17988
0.000208258	2.4029	4.56868
1.29231	0.247277	0.327726
0.0123825	1.46497	3.30497
0.552663	1.21116	0.421299
1.91041	0.00570339	0.468763
0.01787	0.0608178	5.7214
1.24057	0.276679	0.287633
0.661192	0.997834	1.09983
0.570033	1.17909	0.250314
0.25674	2.01007	0.200006
0.0269322	3.48947	0.0367302
0.187294	0.101168	3.85613
0.33611	1.74569	0.970742
0.462116	0.153466	3.41043
1.66497	0.0418848	1.15757
0.507152	1.31519	0.256306
0.00753794	3.63865	0.149503
0.860266	0.747716	0.079714
0.00329574	0.547867	5.31714
0.066418	2.97433	0.104578
0.0496785	0.980444	3.55672
1.37474	0.208602	0.440785
0.0213048	2.37108	1.34366
0.0202258	1.29017	2.61495
1.7828	0.0308783	0.00635691
1.48227	0.106638	0.925952
0.0482622	3.0603	0.649238
0.906703	0.605573	0.829337
0.0321279	0.432446	4.05681
1.45814	0.149868	0.0141821
0.0816936	1.78185	2.33106
0.161229	1.43231	1.62558
0.132022	0.167135	4.30046
0.00444331	1.3229	3.77979
0.316516	0.343721	3.15317
0.145359	0.650449	3.44708
0.110422	0.203285	4.25192
0.00447869	2.64293	1.38938
0.835175	0.724899	0.546476
0.083316	1.87956	1.81634
1.64104	0.0551092	0.581719
0.0400393	3.15054	0.605298
0.633184	0.0494915	2.59175
1.50625	0.0978047	1.03103
0.0463954	2.06555	1.48875
1.07567	0.454644	0.980184
0.353764	1.68374	0.890518
1.94427	0.00223812	0.252825
0.00683716	2.74091	1.23356
0.620005	1.08248	0.233214
0.216416	2.10806	1.08016
0.0771597	0.256482	4.69016
0.0475371	3.20957	0.183847
0.0328145	3.35063	0.0305176
0.000598734	1.39707	3.96085
0.0298788	2.24323	1.66975
1.81372	0.0123043	0.260262
1.96143	0.00127067	0.000507605
0.256445	0.373627	3.5323
0.366956	1.61813	0.75061
0.0354208	1.12919	3.25224
0.102811	1.64154	2.29894
1.13574	0.391051	0.360573
0.816458	0.774708	0.0465204
1.41362	0.221327	0.0283776
0.026293	3.40339	0.484957
1.00149	0.489202	0.896793
0.141574	0.228852	3.65924
0.28853	1.93549	0.0458056
0.713333	0.00296329	4.1381
1.56605	0.108305	0.220134
0.142782	0.710604	2.68516
1.88112	0.0078228	0.136706
0.269683	0.435357	2.49861
0.591692	1.09992	0.672743
0.0740984	0.0340529	4.80808
1.74223	0.03854	0.00851105
0.00528947	3.74612	0.642402
0.135068	2.52306	0.698111
0.441785	1.48144	0.33652
0.917825	0.623271	0.449646
1.19044	0.019943	2.11214
0.229149	2.07369	1.25115
0.923955	0.168294	1.84773
0.887492	0.648369	0.517523
0.138726	2.57385	0.109494
0.19557	2.33044	0.0446473
1.59769	0.106087	0.0621702
1.32875	0.224866	0.0639732
0.235302	0.47873	3.00622
1.68323	0.0406304	0.723009
0.60012	1.11403	0.244468
1.61523	0.0608284	0.800905
0.795268	0.833734	0.310389
0.0436012	1.07399	3.11269
0.0662583	2.99639	0.0173619
0.0290578	0.461749	3.69189
0.286887	1.97098	0.247695
1.15825	0.0281673	2.03072
1.53342	0.0997732	0.385841
0.0998676	2.80389	0.0499286
0.043061	0.0736095	4.89455
0.152684	2.4415	0.79195
0.418764	0.733045	1.8727
1.57153	0.0896379	0.672547
0.065448	2.90717	0.712627
0.0188679	0.0719884	5.59518
1.05747	0.084845	1.60344
0.1988	0.538081	3.18789
0.00481478	0.122765	5.37851
1.05172	0.0762178	1.98014
0.313161	0.371061	2.52865
0.493	1.36421	0.374502
1.21851	0.290686	0.641848
1.99406	0.00126523	0.00123991
0.0300902	0.0543175	4.92895
0.0548416	0.375025	4.48373
1.73728	0.0295793	0.279672
0.210398	2.15725	1.01969
0.383337	0.273275	2.45675
0.00795856	2.5394	2.16199
0.32569	0.360417	2.41905
0.00510762	0.114466	5.48587
1.43433	0.133499	0.927691
0.329371	1.02651	1.51012
0.968258	0.529089	0.790723
0.74516	0.844672	0.876586
0.594789	1.13541	0.355889
0.0117243	3.67122	0.0378885
1.19401	0.0327838	1.45491
1.62717	0.0695304	0.729665
0.0221896	0.128929	4.78171
0.0248735	2.28991	1.9403
0.0771597	0.256482	4.69016
0.404088	1.5427	0.285877
0.00461026	0.108172	5.53934
0.665422	0.407684	1.41642
1.02623	0.0742461	2.24621
0.296712	1.82034	1.00898
0.677269	0.933683	1.13399
0.453866	1.41499	0.398105
0.728944	0.895478	0.328231
0.022345	0.481258	3.76187
0.854528	0.687275	0.564245
1.80017	0.0168755	0.393382
0.299213	1.79985	1.0834
0.315284	0.00201605	4.39532
0.035539	3.29611	0.0174759
0.775425	0.796984	0.876274
0.0960877	0.195253	4.46123
0.0207091	1.26156	3.0607
0.951247	0.158619	1.25153
0.131173	1.51286	1.98625
0.159268	1.59439	1.3015
0.702756	0.943213	0.514068
0.10131	2.6893	0.694087
0.468543	0.678254	1.94044
1.7055	0.0395984	0.510668
0.739485	0.820249	1.2726
0.978899	0.535271	0.546295
0.0406492	3.24463	0.029127
1.1205	0.0314537	2.1748
1.03409	0.0999308	1.84492
1.17267	0.0317919	1.70897
0.553564	0.538958	2.13368
0.72493	0.930904	0.0124195
1.53042	0.105946	1.02378
0.762274	0.873486	0.220626
0.804536	0.783045	0.248851
0.0527627	0.40358	3.85591
0.0796173	2.88855	0.658652
1.70451	0.0425992	0.343877
0.698994	0.971129	0.525445
0.354718	1.68264	0.955936
0.000520157	3.95116	0.000370017
0.780831	0.882113	0.12135
0.241174	1.19533	1.63376
0.288902	1.84267	1.04069
0.00013823	3.9347	0.219948
0.00028491	3.99941	0.000297021
1.93062	0.000239438	0.800945
1.99942	0.000259412	0.00026681
0.0206702	0.0488577	5.55156
0.116291	2.69876	0.0464303
0.0780494	2.87198	0.222184
1.66955	0.0459997	0.380395
1.85003	0.00280941	3.0092
1.73393	0.0291986	1.05291
0.308471	1.86707	0.154233
1.64262	0.0517914	1.14611
0.0808222	0.292235	4.12506
0.229493	0.0420163	4.2573
1.59313	0.0832866	1.10098
0.0856408	0.19818	4.68882
0.0353296	0.0931038	4.90735
0.0970168	0.195921	4.34145
0.902484	0.634968	0.453157
0.236593	0.415596	3.3945
0.958241	0.104183	2.07147
0.0156378	0.05116	5.68411
0.805117	0.781583	0.362973
0.248391	2.02908	0.393777
0.546583	1.2281	0.190294
1.12913	0.421171	0.0273632
0.229519	2.11113	0.774973
0.00579084	2.57807	1.26119
0.00550506	3.74213	0.189504
0.175669	0.593458	2.77179
0.0699538	0.0124325	5.37601
0.0408815	0.0228194	5.20995
0.56938	0.077348	2.65034
0.332811	0.315609	2.92216
1.17858	0.0216306	2.17487
0.00159798	3.83498	0.10891
0.741987	0.0167469	2.79081
0.138856	2.50967	0.540845
1.0281	0.063931	2.2661
1.27348	0.280168	0.135949
0.891732	0.66291	0.915186
1.01362	0.0888202	1.81911
0.113188	0.223463	3.75931
0.281498	1.98863	0.650917
0.257416	1.95485	1.15846
0.721697	0.845284	1.08506
0.412846	1.5713	0.395072
0.532273	1.24344	0.68623
0.182272	0.572928	2.8571
0.221167	0.0402583	4.76126
0.00948213	2.43563	1.56462
1.3533	0.189984	0.786316
0.936791	0.128799	1.79823
0.556521	1.15855	1.06324
0.230226	0.453283	3.48778
0.198743	2.22894	0.559277
0.594411	1.14823	0.685264
1.32359	0.250705	0.140486
1.09277	0.384066	0.841644
0.362421	1.66668	0.982721
0.0168339	2.36387	1.86095
0.434819	0.80576	1.23222
0.97336	0.110405	1.9378
0.633758	1.05017	0.440537
0.384291	1.61066	0.291283
1.19157	0.326409	0.712641
0.769688	0.274847	1.71459
0.212656	2.18625	0.514652
0.672922	0.926247	1.01994
0.00240153	3.67726	1.05636
0.0842448	0.298429	3.97289
0.1475	2.54943	0.192875
0.214071	0.0509697	4.4932
0.0179171	3.52273	0.138734
1.48287	0.134297	0.202382
0.227122	2.13368	0.673794
0.0267055	0.0725049	5.08787
0.48614	0.654963	1.37144
1.29384	0.223643	1.15872
0.706155	0.941062	0.311167
0.044665	3.11277	0.343669
0.645394	0.991266	0.941758
0.762189	0.307713	1.28853
0.0219633	0.0727717	5.25506
1.88438	0.00530312	0.510608
0.981651	0.0820167	2.49562
1.44052	0.163157	0.303098
1.54214	0.0886376	0.671844
0.0577017	3.00922	0.251759
0.295851	1.83313	0.741819
0.0955611	0.249333	4.06451
0.156686	2.4764	0.213261
1.40352	0.177736	0.581917
0.0999526	1.7112	1.75542
0.846756	0.202677	1.90903
1.37604	0.180376	0.408675
0.190583	0.536175	3.32767
0.613498	1.08931	0.38431
1.04552	0.0720795	1.60239
0.0309276	3.30466	0.852938
0.457394	0.646052	2.03671
0.363757	0.83828	2.11282
0.036279	3.1902	1.10143
0.230532	0.0533802	4.00653
0.0300579	0.0500325	5.33235
1.43015	0.177924	0.199321
0.276268	1.02306	1.99103
0.750711	0.907345	0.018447
1.16069	0.370037	0.596244
1.51947	0.116036	0.32945
0.0725022	2.96656	0.260203
1.55778	0.0985999	0.181853
0.045446	3.16207	0.0434539
0.252595	0.442296	2.62752
0.00430511	0.55892	5.07409
0.0987537	1.72945	1.52251
0.0325977	0.483815	3.63718
0.0692527	2.92279	1.12709
0.551519	0.0848331	2.69954
0.222477	0.48607	3.04722
0.003532	2.64002	1.23975
0.012384	3.57034	1.04969
0.877668	0.681938	0.731286
0.1828	1.31704	2.23009
0.222621	0.528048	2.46102
0.528647	1.32529	0.0525285
0.184961	1.39209	1.32769
0.00962053	1.46713	3.10124
0.0274328	0.724275	3.78774
0.822441	0.745388	0.222136
0.0387298	3.22149	0.838114
0.0225677	2.34122	1.46511
1.38011	0.170971	1.19231
0.253783	0.38558	3.26755
0.314061	1.82464	0.638144
1.47231	0.145304	0.230548
0.191961	1.33319	1.6576
0.151842	0.637262	3.15258
0.324967	1.7724	0.704672
1.90762	0.00166976	1.06633
0.503293	0.605751	1.64171
0.0757336	2.88477	0.478944
0.298028	0.328669	3.27396
1.14211	0.0607733	1.21872
0.269915	1.95898	0.858496
0.22014	0.465848	3.33921
0.0705364	1.79296	2.00857
1.80873	0.0229168	0.504519
0.0137356	3.58598	0.0779876
0.33837	0.884858	2.01307
0.857656	0.733407	0.757748
1.94415	0.00071577	0.553714
0.000185649	3.95567	0.115879
1.51348	0.120753	0.528855
0.00640614	1.44674	3.11472
0.0850518	0.229607	4.55603
0.261275	0.397672	3.18991
0.0920212	0.188793	4.76062
0.350375	1.64673	1.06049
0.0690225	0.0146319	4.99135
0.00918904	0.00746412	5.85354
0.785628	0.84188	0.0311892
0.058027	3.25497	0.0380639
0.000185649	3.90635	0.408675
0.202204	2.30282	0.0189628
0.656942	0.999147	0.256122
0.0248046	2.30079	2.31754
0.0184912	1.35712	2.58576
0.1208	2.67956	0.120657
0.0180648	1.28962	2.68743
0.407018	0.759497	1.82353
0.37099	0.858673	1.33645
0.693938	0.956527	0.225626
0.0298835	0.0811743	4.959
1.06386	0.0664694	1.53073
0.0257982	0.698972	3.89745
1.78642	0.0324372	0.0256624
1.24197	0.279294	0.729104
0.118992	1.63139	1.444
1.15702	0.351532	0.661675
0.981338	0.137123	1.47799
0.394894	1.52888	1.14383
0.460645	1.41021	0.332756
0.000242453	1.44105	3.83434
0.000324854	3.99665	0.000324443
0.00215877	3.82847	0.000312609
1.42325	0.158089	0.442792
0.000436887	3.85039	0.761286
0.136579	2.5075	0.950305
0.0260959	3.34038	0.564205
1.97194	0.000505344	0.169466
0.3305	1.75436	0.698146
0.000335376	3.99031	0.000329322
1.08758	0.0606684	1.33947
0.0130679	1.37436	3.11987
0.149032	2.40107	0.881088
0.0927802	0.81718	3.18139
0.10373	1.72505	1.40262
0.287971	0.0201964	5.00625
0.106337	1.65058	2.35777
0.59284	0.466585	1.60617
0.0446698	0.0568339	4.85828
1.29833	0.00327884	1.50009
0.0179825	2.28853	2.29691
0.248598	2.01462	1.2013
1.80923	0.0119019	0.876193
0.618716	1.07823	0.381288
0.418048	1.49481	0.691742
0.119363	0.213425	4.20414
0.75651	0.25084	2.26672
0.0808647	0.842354	3.2644
0.156047	2.48599	0.479046
1.37681	0.184058	0.23126
1.45861	0.176331	0.108121
0.359096	1.64858	0.973435
1.00206	0.0920158	2.21165
1.72229	0.0325431	0.626691
0.168396	0.147224	4.08388
1.68128	0.041271	0.725104
0.00979867	2.56646	1.24878
0.0761445	2.94668	0.173031
0.835078	0.681872	0.905138
0.565158	1.15653	0.543778
0.54978	0.500024	1.82332
0.965629	0.541477	0.539745
1.25758	0.248686	0.878382
0.814274	0.210234	1.95282
0.0251196	1.19484	3.55915
1.11734	0.0466812	1.3253
0.0717001	1.97424	1.23343
1.92831	0.00399308	0.0652456
0.646356	1.03477	0.158735
1.5158	0.133341	0.0280546
0.477061	0.632182	2.20889
0.0480711	3.23979	0.0154391
0.00920409	0.0835163	5.76351
0.0453793	0.370468	4.74168
0.216893	0.455646	3.47375
0.0052926	1.39931	3.5777
0.693145	0.00693268	3.78177
0.0119065	3.59832	0.83679
0.00121141	0.0144588	5.87247
0.0202417	0.14519	5.07459
0.00854651	0.0898529	5.68011
0.127157	0.712554	2.99291
0.319061	0.0100389	4.10203
0.637463	0.00287208	5.26245
0.185339	0.0922235	3.97136
0.062899	1.81728	2.33812
0.397836	0.790509	1.37839
0.0213122	1.31127	2.80345
0.0116766	0.573651	4.54348
1.14617	0.0331647	1.71777
0.022012	2.24123	1.63376
0.368063	1.60369	0.786787
1.60554	0.0791185	0.193028
0.304212	0.00583969	4.62629
0.44539	0.175079	2.75067
1.31622	0.231356	0.267939
0.295034	0.0162028	4.67095
0.247593	2.09318	0.00460024
0.861032	0.16648	2.13136
1.36948	0.193231	0.220184
0.0153133	2.37041	1.20188
1.75363	0.0291824	0.614984
1.78095	0.0255767	0.277847
1.84103	0.00929914	0.354888
0.103648	0.885836	2.61249
0.459947	0.233492	2.47984
0.787795	0.78195	0.511164
0.29839	1.79623	1.16551
1.58753	0.071144	1.17079
0.144412	1.50238	1.55611
1.63222	0.0584266	0.718337
1.24963	0.290064	0.175253
1.34374	0.205976	0.352037
0.505087	1.29529	0.596381
0.38922	1.5671	1.12032
0.574993	1.12024	0.786793
0.627936	1.00903	1.00667
0.120183	2.6572	0.0405801
0.0668349	3.0027	0.734987
1.12633	0.04604	1.86401
0.31139	1.87084	0.0258756
0.0462098	3.23604	0.01679
0.00564215	3.64379	0.473599
0.867245	0.184169	1.74533
0.275372	1.91905	1.21635
1.84872	0.00233147	2.93994
1.57355	0.0930971	0.000773027
0.0033162	3.78421	0.419476
0.0856788	2.82689	0.250354
0.204601	1.2301	2.07692
0.324876	0.00919782	3.90138
0.125506	2.60687	0.578342
0.741776	0.905321	0.0954357
0.376636	0.0133442	3.68643
0.00030409	1.43977	3.83439
0.0200582	3.49105	0.0522788
0.678288	0.961705	0.265256
1.54844	0.0798518	1.14694
0.193527	0.102697	3.94787
0.040368	3.15544	0.273807
0.230322	0.445043	3.42128
0.0599012	1.90474	2.04636
0.00696298	1.54629	2.41928
0.0502866	3.11968	0.330555
0.257576	0.478814	2.45432
1.05455	0.0788008	1.47201
0.0508386	3.04087	0.808256
0.0338498	0.0449102	5.2968
1.23257	0.32009	0.0426918
0.0561574	3.07914	0.704818
1.73944	0.0347073	0.463887
0.0867508	2.75485	1.01948
0.242572	0.564244	2.68633
1.20538	0.0317567	1.42169
0.0258113	0.0692912	5.17873
0.768425	0.804438	0.584978
1.47795	0.12615	0.678597
1.16938	0.0155424	2.64593
0.271506	0.346515	3.33144
0.00818217	3.68175	0.00177134
0.208506	2.18804	0.747018
1.6667	0.0429395	1.14887
1.87281	0.00894379	1.0748
0.0646724	0.37618	4.31716
0.0401717	0.384336	4.26145
1.18803	0.0251116	1.67833
1.7896	0.0199595	0.312167
0.179686	0.648109	2.58089
0.516699	0.598431	1.2695
0.0310558	1.25488	3.10286
0.00224617	0.00240057	5.8438
0.723411	0.0107035	2.79156
1.18278	0.349281	0.0843821
0.247965	0.0247214	4.3912
0.931498	0.617197	0.17216
1.4872	0.152791	0.107497
0.0736448	2.88841	0.180538
0.0801889	0.945672	2.55057
0.0765902	0.933513	3.35217
0.282495	0.385604	3.0818
0.264262	0.00692535	5.38533
0.0269168	0.523322	4.47127
0.0290341	2.1099	2.3406
0.664591	0.949159	1.07168
0.539514	1.22059	0.628523
0.847271	0.748291	0.131185
0.279533	0.332003	3.37958
1.53658	0.125955	0.0118104
0.16099	0.557115	3.6415
1.03087	0.489653	0.401085
0.582026	1.17456	0.49584
1.9009	0.00159365	1.44406
0.902675	0.231447	1.23659
0.0463996	1.1111	3.28327
0.855928	0.172627	2.17717
0.305586	0.0109205	4.4238
0.802797	0.807579	0.26733
0.952885	0.60415	0.155039
0.151678	0.662585	3.42986
0.107846	2.72016	0.605108
0.0901271	2.79395	0.165684
1.33745	0.207654	0.572126
0.924886	0.13784	1.55034
0.000520338	3.71949	2.30383
0.0131379	3.53215	0.611404
1.00879	0.0880223	1.91047
0.385217	0.765412	2.00746
0.000225434	3.87477	0.674426
1.79406	0.000226016	4.52574
2.00015	0.000236511	0.000236837
0.0454737	0.00423397	5.73878
1.76889	0.000242706	5.10989
1.14483	0.0374493	1.91007
0.00833669	0.0741537	5.52267
0.00197684	3.74331	1.94219
1.59206	0.0012482	4.84951
0.294729	0.343167	3.06171
1.08268	0.0533115	2.22893
1.78564	0.00202459	4.74889
1.28111	0.261594	0.760121
1.23353	0.307109	0.369117
1.94338	0.00410314	0.00236381
0.0128906	2.35274	1.97656
0.0131217	0.532785	4.63457
0.0385908	0.397051	4.0448
0.858253	0.216586	1.36099
1.4676	0.135871	0.449777
1.85011	0.00153212	2.98641
0.661719	0.374377	1.87978
0.447093	1.48089	0.0225217
0.206807	2.13673	1.05003
0.0569327	2.99861	0.357629
0.0784656	2.90434	0.0356095
1.19075	0.0181946	2.60908
0.0016852	1.56161	2.7239
1.15894	0.025518	2.06173
1.42958	0.170726	0.331872
1.40106	0.17896	0.481699
0.0496312	3.24109	0.10428
0.813682	0.800303	0.103004
0.0329926	3.28374	0.0619434
0.570574	1.14509	1.12417
0.0129326	1.27639	3.17977
0.31711	0.00997752	3.92501
0.165665	0.677733	2.44374
0.034726	0.496952	3.7718
0.0109437	0.124624	5.01676
1.82655	0.0101235	1.02728
0.267237	1.92828	0.85767
0.616904	0.00113222	5.86699
1.51956	0.128795	0.416984
1.4949	0.143449	0.249977
0.233594	0.418615	3.23241
0.00337207	3.82545	0.0223464
0.0039989	0.10286	5.37871
0.412281	0.188815	3.32717
0.978842	0.506178	1.08298
0.037614	0.0416773	5.1635
0.670496	0.355387	2.23403
0.213527	0.0928487	4.16386
0.0151757	2.45987	1.60809
0.0830382	1.71122	2.02004
0.0249714	3.41176	0.306082
0.279026	1.95455	0.252988
1.7365	0.0335859	0.78906
0.427501	0.00681122	4.07896
0.185592	2.22537	1.01172
0.345733	1.65598	1.18084
0.0457763	0.454234	3.69914
0.00232168	2.58202	1.47501
1.77703	0.00255155	4.44752
1.44946	0.142847	1.00255
0.899954	0.653244	0.544984
0.0184792	1.37294	2.47387
0.0216046	1.16549	3.56796
1.03862	0.0829997	1.77018
0.12304	0.721555	3.43491
0.153314	2.54386	0.110252
0.0977419	2.72759	0.753673
0.122663	2.65545	0.050948
0.92693	0.147896	1.78818
0.0183132	0.620899	3.77107
0.651256	1.06093	0.12905
0.0030093	2.51891	1.47412
0.00639856	0.219202	4.96731
0.01362	3.65075	0.0211071
0.983398	0.511747	0.891201
0.311357	0.0137365	3.92697
0.0154844	1.34038	2.82491
1.29283	0.0102596	2.2051
1.30732	0.00722872	2.16569
0.0213138	3.50194	0.137458
0.00737977	0.0773693	5.80434
0.871297	0.698771	0.0788124
0.227671	2.18114	0.00713888
1.20928	0.284093	0.875592
0.198701	2.2067	0.978657
1.71456	0.0460846	0.0966967
1.56064	0.104922	0.0689669
0.684209	0.327142	2.1111
0.0888509	1.70128	2.28231
0.36758	0.815752	2.1349
0.404817	1.52212	0.49263
0.525453	0.592694	1.50731
1.37825	0.196215	0.41072
0.40655	0.782837	1.71791
0.00464405	1.30851	4.2471
1.21611	0.0100791	2.29886
0.711981	0.944863	0.516289
0.0225794	3.34967	1.01197
0.400421	1.61129	0.0745333
1.85593	0.0090452	0.407011
0.518611	1.27579	0.925711
0.0504523	0.0441536	4.85471
1.63602	0.059501	0.277962
0.0428847	3.16758	0.412561
0.195433	2.26671	0.486557
0.912364	0.585459	1.09317
0.948094	0.58723	0.121712
0.00113788	2.33341	4.58865
0.0405206	3.16837	0.410477
0.126524	0.700702	3.49754
0.459706	1.41576	0.303322
1.00503	0.478985	1.20966
0.114685	1.66611	1.24089
0.0625799	3.01986	0.0722648
0.696968	0.985187	0.135276
0.137755	0.717335	3.29956
0.0505249	3.09598	0.154079
0.303122	0.00960808	4.21148
0.0748786	1.76117	2.14245
0.298934	0.0121677	4.32476
1.64729	0.0686405	0.254442
0.324434	0.325862	2.67487
0.63818	1.01921	0.631397
0.544546	1.21166	0.649264
0.0659969	2.01935	1.27868
0.217448	0.528982	2.76543
1.0243	0.491142	0.516586
0.0749722	2.85829	0.554708
0.055313	1.98563	1.67307
0.421261	0.167269	3.23802
1.34163	0.00927042	1.40677
0.016298	3.45112	0.833307
0.195096	1.30456	2.09646
0.768545	0.872803	0.0591909
0.0442042	0.0128985	5.48168
0.062837	1.88324	1.81814
1.66566	0.058075	0.0873386
0.606168	0.0633117	2.90147
1.05648	0.104094	1.54494
0.732167	0.0170847	2.76241
0.0643373	1.85496	2.34245
0.354597	0.314403	2.52297
0.795195	0.23266	2.43181
0.310509	1.79844	0.660226
0.482236	1.34873	0.680107
0.0483598	3.06898	0.834855
0.0289125	0.702566	3.64521
0.0956363	2.77848	0.692924
0.24878	0.572296	2.43197
0.146243	0.675108	2.67118
0.786361	0.841625	0.107619
0.938036	0.188581	1.32894
1.014	0.0807567	2.38212
0.465302	0.771651	1.29373
1.31823	0.243002	0.00200049
0.760934	0.836494	0.197454
0.261954	1.09572	1.67926
1.53506	0.108426	0.961694
0.460795	1.44143	0.290668
0.0990435	1.73157	1.65175
0.584383	0.496442	1.48493
0.146576	1.53945	1.5888
0.579755	0.0723138	2.63444
0.119202	0.740838	2.89683
0.137328	0.712132	3.49133
0.889842	0.641386	0.555734
0.530858	0.103964	2.75417
0.0724451	1.86779	1.81681
1.8953	0.00678051	0.0608947
0.119161	2.63665	0.240966
0.624562	1.03626	0.704738
0.743243	0.867675	0.355497
0.383944	1.61357	0.383434
0.00103379	3.85141	0.575946
0.0895023	2.82603	0.56407
1.04771	0.0715241	1.637
0.290414	1.82531	1.00588
0.0886707	1.73883	1.82909
0.21981	0.460021	3.44338
0.208333	0.061189	4.41211
0.337726	0.256458	3.31745
0.0189586	2.30058	1.69841
0.387454	0.0109102	3.60823
0.496108	0.110868	3.59728
0.520576	1.24682	0.619077
0.000194228	0.000899826	5.9288
1.99923	0.000240267	0.000250899
0.000291848	0.000303969	5.971
1.82357	0.0158732	0.000246286
1.63142	0.0589764	0.563553
0.93364	0.613489	0.089425
0.546594	0.081518	3.05757
0.0308193	0.045553	5.2702
1.77998	0.0200216	0.409279
0.0587461	0.976865	3.24839
1.7091	0.0516976	0.321689
0.0470032	0.0119476	5.5947
0.069657	0.239585	4.5755
0.136184	2.61534	0.0366196
0.120517	0.821235	2.89033
0.0116461	0.0896861	5.07967
0.00310269	3.78682	0.00178128
0.0881291	1.83225	1.56491
0.337559	1.77024	0.501356
0.128827	0.18542	3.70143
1.96232	0.000301474	0.271468
0.900221	0.679873	0.316146
0.0229028	0.08256	5.17289
0.0527375	1.89443	2.31183
0.95967	0.10225	2.40177
0.0694304	0.239368	4.69197
0.174171	0.124106	4.01908
0.290338	0.0103348	4.47068
0.0854988	2.91568	0.117667
0.475299	0.646211	1.47006
0.0354141	0.417127	4.24879
0.0305667	0.395178	4.31664
0.0710967	0.26013	4.41236
0.0126641	2.50094	1.59674
0.0256091	0.0391861	5.42701
0.107378	2.71253	0.345643
1.72734	0.0510104	0.0380976
0.0334132	2.13195	1.5309
0.0625849	2.07978	1.48773
0.0231853	0.0395447	5.42555
0.000242453	1.44105	3.83434
0.211499	2.22398	0.187591
1.12641	0.365319	0.62363
1.36988	0.188705	0.375751
0.0104	1.41253	3.40671
0.733041	0.893283	0.253509
1.34207	0.194993	0.617144
0.0130177	3.64748	0.300048
0.00581252	0.756023	3.81533
0.611269	0.400438	2.3474
1.54848	0.0930184	0.520124
0.363394	1.66676	0.79612
0.394268	1.60594	0.220107
1.8504	0.0119896	0.0187292
0.416595	1.5118	0.290731
0.248154	1.13137	1.77564
1.09493	0.465328	0.0635143
0.000690874	3.87987	0.104518
0.061011	0.0315662	4.95602
1.90126	0.00753773	0.276417
0.490974	1.33528	0.728884
1.057	0.0577984	1.9476
0.0227595	3.42635	0.782399
1.43208	0.134506	1.06002
1.24041	0.274276	0.607495
0.0141	0.0591556	5.79713
0.0361341	3.16689	1.14036
0.749734	0.271881	2.08951
0.00436939	1.45637	2.91482
0.893277	0.150946	1.84443
0.0468833	3.22085	0.292199
1.27077	0.278056	0.202267
1.38541	0.171947	0.371386
0.319184	0.0215782	3.61974
0.168658	0.119121	4.16281
0.433177	0.194707	2.67643
1.81461	0.0215792	0.140381
0.514736	1.29662	0.334485
0.0420743	0.00536622	5.6999
0.359691	1.73382	0.0265186
0.863635	0.173793	2.19248
0.800527	0.206772	2.11812
1.16498	0.328848	1.16444
0.403276	0.784	1.83856
0.596242	0.435007	1.88871
0.683731	0.0501381	2.55057
0.2767	0.379747	3.45049
1.03514	0.519984	0.4018
0.127678	0.808928	2.99729
0.109643	2.75888	0.257529
0.000611468	3.92794	0.00178783
0.0794641	1.92237	1.79942
1.07255	0.419323	0.577407
0.559745	0.565004	1.38259
0.59537	1.09564	0.5371
0.871212	0.725971	0.0252498
0.984609	0.498536	1.1176
0.290691	0.355025	3.51536
0.810415	0.283057	1.33569
0.020269	3.47583	0.131504
0.0821731	0.299691	3.93379
1.52652	0.0922203	1.06201
0.0301584	3.29758	0.127375
0.0180232	2.5684	1.37472
0.551578	0.0638794	3.34722
0.0276752	3.3336	0.49033
0.201127	2.34771	0.0637672
1.50016	0.0988286	1.03577
0.00648612	0.102031	5.66104
0.0746641	0.0199789	4.90299
0.386702	0.350789	2.73212
0.265653	0.0209645	4.74096
0.0152085	3.52462	0.00254479
0.015121	0.529104	3.93998
0.826071	0.802155	0.0247458
0.181093	1.36123	1.68058
0.265448	1.98107	1.06515
1.04819	0.494999	0.653868
0.771575	0.245347	2.03789
0.155786	2.3793	1.00441
0.0151556	3.57648	0.00603405
0.300079	0.325483	3.55319
1.40479	0.155523	0.944383
0.652298	0.406201	1.66803
0.0832972	2.79371	0.975091
1.57143	0.0898196	0.444012
0.714787	0.0118592	2.57897
1.87191	0.00371302	2.24028
1.22704	0.306901	0.139851
0.628828	1.03574	0.895255
1.01856	0.0857295	2.00109
0.274481	1.01088	2.51296
0.234462	2.1687	0.0553291
1.87191	0.00371302	2.24028
1.15182	0.386988	0.224082
1.20642	0.292442	1.16356
0.435437	0.703137	1.64778
0.84543	0.729601	0.472279
0.0847513	1.76948	1.63416
0.780777	0.00569977	2.83869
1.88674	0.00380244	0.591486
1.46164	0.139785	0.826345
0.111143	1.70237	1.30907
0.324946	0.980988	1.90994
0.141692	1.56192	1.90873
1.14019	0.369554	0.252238
0.197009	2.26178	0.71276
1.18217	0.0262919	1.7835
0.0144709	3.57047	0.871205
0.283432	0.993771	2.14739
0.189527	2.28559	0.527616
1.32557	0.220734	0.29613
0.497785	1.31188	0.781287
0.191172	1.38761	1.43247
0.132507	2.71397	0.0649924
0.164657	0.661773	2.51438
0.29922	0.952261	2.14672
0.223275	2.19767	0.0522957
0.858343	0.742302	0.428207
0.0397087	3.1311	0.660055
0.757349	0.25044	2.03411
0.109052	0.0148046	4.80206
0.0494659	3.10667	0.252633
0.446527	0.155535	3.31854
0.0246898	1.23684	2.6545
1.93047	0.00105023	0.430727
0.0808768	1.88121	1.37982
0.297298	0.308436	3.55891
1.29285	0.0181936	1.20287
0.0808165	1.03788	2.646
1.50893	0.0995115	0.798252
0.508047	0.108266	2.75204
0.435994	0.178335	2.8412
0.0307528	0.0279212	5.78805
0.242342	1.14522	1.74099
1.93131	0.00434522	0.00223046
0.0281249	3.37006	0.201573
1.61152	0.0773459	0.0773604
0.0913249	1.73342	2.0144
0.604122	1.05799	1.29518
0.0721606	2.9698	0.454084
0.791739	0.318189	1.23497
0.732464	0.390205	1.34895
1.58299	0.0851207	0.44399
0.528534	1.27675	0.271291
1.47915	0.159429	0.156673
0.188857	2.40657	0.0495758
0.0720285	2.96619	0.500164
0.151389	2.47275	0.253423
0.00013823	3.90383	0.427865
0.000142322	4.00011	0.00014487
1.9998	0.000142815	0.000193047
1.98257	0.000139798	0.0675085
0.00341265	3.77146	0.000141618
0.00147699	1.33152	5.05059
0.0530441	0.0127511	5.17451
1.16347	0.0224257	2.34732
0.000152917	3.25949	5.56318
0.132348	2.6052	0.351992
1.42985	0.160695	0.0755723
0.10062	0.228023	3.90613
1.59712	0.0881901	0.179342
1.02708	0.504126	0.0122004
1.46384	0.14007	0.589878
0.00973172	3.60724	0.974736
1.56697	0.0754278	0.734487
0.240755	0.00334747	5.89717
1.07938	0.422462	0.344539
1.9073	0.00313186	0.385587
0.477173	0.201043	2.45109
1.53554	0.109608	0.167705
0.320761	0.297601	3.19298
1.94569	0.000740738	0.0972879
0.547139	0.592659	1.4543
0.108967	2.70496	0.078533
1.08553	0.0495117	2.20872
0.557202	1.2361	0.250414
0.0687376	2.89712	0.772934
0.133182	2.51172	0.914327
0.112288	1.63463	2.16124
0.0461701	3.04999	0.847122
0.403366	0.793267	1.42455
0.677013	0.0285456	3.32542
0.507895	1.27312	0.916477
0.232464	2.16631	0.0410415
0.752715	0.827469	0.463624
0.792805	0.0100146	2.41414
1.84628	0.00960742	0.439805
0.820239	0.700611	1.17981
1.63594	0.0574368	0.255284
1.14108	0.350431	1.09539
0.166143	0.0885451	4.70189
0.176115	2.3184	0.221837
0.048393	3.13108	0.759221
1.87948	0.00739419	0.0798686
0.000932694	3.82329	0.217834
0.0547667	2.98732	1.08589
0.184924	0.575526	3.44553
0.141647	1.49568	1.6855
0.026203	0.152531	4.90626
0.27654	1.97888	0.00189877
0.0940926	2.81691	0.298421
0.354028	1.73075	0.30006
0.179001	0.104016	4.25894
0.827998	0.195542	2.20858
0.441388	1.51008	0.177997
0.175006	2.38131	0.350668
0.943263	0.13273	1.81553
1.49218	0.136716	0.719635
0.0722915	0.942251	2.72051
0.021571	3.36466	1.05004
1.78964	0.0188354	0.659045
0.347153	1.6966	0.77325
0.65355	0.96912	1.01625
1.80673	0.0186476	0.0829508
1.26098	0.2441	0.875028
1.22228	0.0183111	2.03383
0.0147384	0.463701	4.37358
0.61501	1.1199	0.189314
0.0389766	2.10732	1.8779
0.140675	0.166095	4.47437
0.231658	2.09211	1.14174
0.414003	0.729687	1.99749
0.854385	0.650763	1.19588
0.223161	0.468343	3.1395
0.164155	0.65215	3.02674
0.0394888	3.09586	1.01382
1.12253	0.38459	0.358955
0.710559	0.903984	0.291465
0.418489	0.773312	1.31613
0.728698	0.875831	0.29206
0.926464	0.62313	0.0362939
1.75273	0.0272389	0.110185
0.0315932	3.43487	0.102638
0.445649	1.43488	0.39988
0.633631	0.00353967	5.6557
0.0188806	0.0394589	5.6769
0.704413	0.359105	1.3795
0.188566	2.22945	1.16648
0.39956	0.754281	1.96826
0.0198524	1.38418	3.0888
0.991337	0.520976	0.501495
0.00590351	1.58882	2.55388
0.192285	2.25307	0.331252
0.427035	1.565	0.241762
0.776097	0.0080314	2.66656
0.974389	0.545334	0.503703
0.00799116	3.67387	0.404433
0.0568478	0.449965	3.70621
0.0863093	0.893315	2.78574
0.911592	0.61182	0.881493
0.0153618	2.74581	1.20892
0.422487	0.722908	1.84943
1.30974	0.00450705	1.91261
1.75482	0.0311705	0.0912809
0.244608	1.19737	1.74587
0.0268933	3.31593	0.274985
1.00834	0.509277	0.379347
0.010724	3.57167	1.23915
0.0216931	3.3896	0.236761
1.36175	0.17879	0.823583
1.3381	0.234323	0.557444
0.526246	1.27954	0.22726
1.18828	0.0314715	1.66702
0.256393	0.409793	3.26458
0.0412746	0.444833	4.18937
0.161143	0.0964431	4.37678
0.0146977	3.46297	1.11968
0.366173	1.65063	0.561433
0.320712	0.0229493	4.00077
0.663175	0.0267247	3.60225
0.0761774	2.87102	0.66744
0.160536	0.0947071	4.6235
0.00169856	3.73565	0.61608
0.0363526	0.384118	4.5503
1.97071	0.000231782	0.0675085
0.037542	0.00926344	5.78871
0.181668	0.180343	4.09337
0.0415828	0.403975	4.24742
1.1029	0.470946	0.0246448
0.161433	2.47241	0.141998
0.27029	2.02846	0.0157185
1.51502	0.132902	0.325222
1.28956	0.00380289	2.38032
1.85465	0.0145968	0.0859759
0.0809741	2.83004	0.666669
0.151091	0.158947	4.10394
0.121105	0.171496	4.75235
0.0096598	1.46154	2.6826
0.37528	0.841949	1.88091
0.493654	1.31684	0.575263
0.0248377	1.12753	3.5287
1.70744	0.0346461	0.679493
0.312061	0.0311783	4.00534
0.165104	2.44146	0.0129077
0.106423	0.18122	4.61202
1.20781	0.355058	0.0163521
0.0787896	0.94513	2.61242
0.770934	0.239521	2.40557
0.0298076	0.0314673	5.56726
0.955673	0.555429	0.563068
0.199989	2.19067	0.534717
0.306786	1.85921	0.325808
0.589583	0.584324	1.4931
0.0377955	0.386131	4.54324
0.433172	1.47743	0.70248
0.0103606	1.41152	2.96377
0.643098	1.08495	0.0210315
0.595445	0.466997	1.62747
0.0638459	3.00079	0.00038937
0.895931	0.0061658	2.90963
0.461688	1.40727	0.217409
0.312642	1.80068	0.795138
0.574412	0.568044	1.59412
1.31574	0.230271	0.745136
0.0629451	1.87385	1.93463
1.68313	0.0449079	0.512115
0.0583944	1.05192	2.82219
0.0663276	2.03017	1.2925
0.000142912	3.9985	0.00177713
0.603725	1.08132	0.677941
1.37163	0.213915	0.431886
0.208074	1.37653	1.26077
0.862545	0.214978	1.22076
0.512301	1.30221	0.887046
0.215721	1.35868	1.53669
0.87764	0.686755	0.0805898
0.00013823	3.9347	0.219948
0.204393	2.2049	0.308443
1.99408	0.000753133	0.000731165
0.821427	0.769831	0.000621261
0.000133746	0.000133069	5.99661
1.08754	0.0547114	1.67655
0.980206	0.106148	2.1198
0.391406	0.220899	3.22935
0.058416	1.93089	2.01779
0.873012	0.698589	0.00129822
0.0220145	0.0232282	5.68865
1.85453	0.00677311	1.12194
1.94531	0.00135498	0.142514
0.0308908	0.422812	4.6771
0.00142477	3.90057	0.000798276
0.0680919	1.87697	2.0024
1.04082	0.115575	1.22188
0.906431	0.64536	0.166904
1.12659	0.0527049	1.42121
1.22631	0.292575	0.609613
0.175216	0.563001	3.12765
1.01029	0.0958118	1.53136
0.0342699	2.31595	1.28248
0.847036	0.734005	0.374398
0.254916	0.0264968	4.04946
0.247106	2.11768	0.0357641
0.00692418	0.814459	3.88439
0.66826	0.343166	2.29094
0.150076	2.5559	0.231617
0.0293967	0.0838234	4.95782
0.261403	1.0913	1.64345
0.10618	0.212072	4.14737
0.0184173	3.4925	0.709673
0.94533	0.575589	0.412845
0.00252643	0.0731351	5.8363
0.0262393	0.0985385	4.78205
1.3089	0.205309	1.14036
0.227094	1.16031	2.39146
1.24252	0.00433104	2.45207
0.0982709	2.80505	0.0640136
0.146416	1.5059	1.71467
1.80934	0.0314652	0.405259
0.111219	2.76273	0.179382
0.309565	1.8185	0.674959
0.00317954	1.28099	4.4354
0.0479936	3.13496	0.448655
0.0688285	0.967813	3.00651
0.0945726	2.71183	0.586426
0.967113	0.107383	2.36595
1.17045	0.0433774	1.33845
0.764998	0.799907	0.966648
0.0982975	0.246465	4.49704
0.483499	1.37358	0.230147
0.0437886	1.31078	2.49449
0.201044	2.20528	0.695399
0.0790237	2.86403	0.286069
0.165425	2.37277	0.772818
1.02406	0.458033	1.22415
0.030583	2.14133	1.86219
0.15616	2.41149	1.0526
0.318301	0.321056	3.50114
1.81458	0.022448	0.523663
0.734536	0.841711	0.952237
1.37298	0.187436	0.911643
0.619584	0.440554	1.66445
0.0278857	0.0289034	5.60648
0.0450088	3.24796	0.306475
0.414532	0.194994	2.84804
0.512118	1.24441	1.08771
0.119716	2.58496	0.896121
0.0552344	0.406782	3.94609
0.287474	0.0148561	4.29333
0.563941	0.489017	1.93465
0.791948	0.74236	0.9954
1.32345	0.208254	0.586512
0.00418745	3.78604	0.0298209
1.34671	0.197198	1.16285
0.00828943	3.64832	0.575405
0.209175	0.490014	3.34703
0.367302	1.7102	0.141706
1.55194	0.110703	0.0159821
0.0580671	3.01231	1.13101
0.679338	1.04712	0.109101
1.41542	0.188469	0.0184953
0.0210988	0.58245	4.24156
0.00961729	0.542702	4.59705
0.0317688	3.28783	0.763088
0.114151	2.63385	0.865641
0.446578	0.720278	1.68978
0.0898717	0.864138	2.94831
0.167505	2.43531	0.239128
1.66904	0.0471788	0.982121
1.20215	0.321427	0.845809
0.00394709	1.57343	2.70471
0.782988	0.77437	1.09613
1.49727	0.116191	0.634814
1.53627	0.0813391	0.957974
0.35384	0.853511	1.84186
0.600838	0.0523791	3.63704
1.2714	0.25445	0.518623
0.307561	0.345408	2.93913
0.649928	0.420828	1.36428
0.402462	0.229151	2.65237
0.00930616	2.47223	1.51863
0.00434317	1.4472	3.04168
0.0081568	1.70183	2.57962
0.712223	0.879194	0.946252
0.461729	0.675726	1.85313
1.28053	0.250212	0.520088
0.175924	1.39778	1.48056
0.00193047	0.00198128	5.98009
0.0781347	2.96727	0.0667852
0.0470572	0.0288427	5.40205
1.46879	0.151875	0.265626
0.0666894	0.04297	4.88545
0.00225191	0.110745	5.17918
0.661816	1.02451	0.822278
1.14411	0.362706	1.11797
0.471592	1.40519	0.189147
0.0389736	0.386791	4.35808
0.539195	0.518929	1.97498
0.0639803	1.99078	1.5151
0.00198323	3.85743	0.000701348
0.00392602	0.877807	4.58056
0.214166	2.27256	0.0431235
0.0550274	0.0253182	5.28169
0.00087415	0.0030579	5.87103
1.44171	0.165713	0.190806
1.19347	0.335027	0.534971
1.45005	0.14487	0.51182
0.0208736	0.072543	5.06131
0.418547	0.752517	1.45807
0.0430741	0.0568857	4.84201
0.00825465	1.5215	2.5501
0.0190761	1.66203	2.4218
0.279769	0.373281	2.78622
1.91279	0.0145121	0.093387
0.685643	0.979155	0.359791
0.113033	1.6466	1.79298
0.194714	0.609359	2.47168
0.538204	0.553222	1.60504
1.97769	0.00320011	0.00734699
0.431767	0.670315	2.17805
0.578555	1.20148	0.199701
0.0515024	3.18618	0.223308
0.371124	0.929166	1.205
0.446219	0.164354	2.72779
0.13283	0.178863	3.99957
1.51245	0.123583	0.209088
1.6041	0.0573431	0.959096
0.139095	0.262943	3.70437
0.035332	0.0376934	5.05982
0.045714	2.07517	1.20495
0.0245624	0.0363367	5.18079
0.0732486	0.991656	2.7788
0.00329238	3.81793	0.0296596
0.660783	0.972831	0.996926
0.0249541	3.44941	0.0201407
1.16906	0.0208703	2.2402
0.218521	2.18831	0.501804
0.0360655	1.18378	3.0523
0.14337	2.4656	0.423285
0.0597325	3.04474	0.00175632
0.124987	0.174216	4.36301
0.32632	1.74658	0.607288
1.60024	0.0855678	0.381127
0.968826	0.114144	2.14411
0.26462	2.01246	0.0591085
1.73897	0.039517	0.479054
0.341422	0.25861	3.41391
0.0239421	3.37661	0.540861
0.0548983	0.0254297	5.28169
0.0644444	2.94463	1.17553
0.704343	0.0132985	3.55987
0.0138497	1.33454	3.46587
0.523776	1.34262	0.0731131
0.0434868	3.09769	1.16386
0.316301	0.055973	3.61463
0.349436	0.272939	2.76824
1.57861	0.0697814	0.98134
0.0120982	2.30601	1.73556
0.8171	0.766305	0.539756
1.14986	0.0413641	1.57047
0.556101	1.22375	0.576858
0.164003	2.38353	0.348001
0.82583	0.763657	0.00194843
1.63481	0.0760283	0.0290154
0.000219544	0.000219544	6.00018
0.00025671	3.99953	0.000257107
0.000219544	0.000219544	6.00018
0.000219544	0.000219544	6.00018
0.0380654	0.0128649	5.55004
1.09356	0.42074	1.07031
0.0163139	0.0383243	5.80587
0.0147089	3.52142	0.000323126
0.00148871	3.8791	0.197422
0.0647344	0.0204105	4.80751
0.131899	0.717829	3.48518
0.081798	2.87676	0.223393
0.734445	0.00675793	3.1492
1.19668	0.0265369	1.64025
0.0392619	0.0410708	5.03136
1.24138	0.282429	0.872182
0.183544	0.538687	3.3275
0.0527626	0.0134775	5.38707
0.999041	0.519257	0.628223
0.0161734	0.0716237	5.20522
0.116235	0.162344	4.71816
0.215611	0.466443	3.08447
0.23009	0.0650082	4.03435
0.811328	0.740253	0.504592
0.0315764	2.10815	1.86569
0.0430898	3.14116	0.396145
0.0440632	0.353817	4.61381
0.0893743	2.79763	0.147679
0.541089	1.18014	1.15911
0.0234787	3.41065	0.0483201
1.60358	0.0651433	0.667543
1.13437	0.363201	0.816328
1.07575	0.440925	0.566477
0.171582	0.610072	2.89607
1.74379	0.0277586	0.367199
0.181008	2.35739	0.548896
0.00032133	3.98257	0.000306747
0.0312588	3.29098	0.200619
0.61665	1.07214	0.469462
0.371805	0.00768658	3.65487
0.0136609	2.4725	1.35298
0.35802	1.67987	0.223375
0.0534163	3.0814	0.721835
0.0570351	1.92846	2.04806
1.51835	0.0944883	0.980134
0.930673	0.593068	0.313462
0.146808	2.58998	0.352588
0.664322	0.0310966	2.83728
0.0435645	3.21698	0.153104
0.073272	2.93063	0.0618136
0.697912	0.0154715	3.26535
0.35087	1.73334	0.422964
0.0976523	2.68409	0.970949
1.02256	0.0830442	1.76912
1.86169	0.00899315	0.289561
1.39492	0.15966	0.739465
0.10449	2.71374	0.793365
0.00939861	3.6678	0.0447401
0.0239559	3.33447	0.909139
0.00559288	0.122711	5.18433
1.95684	0.00190681	0.00199315
0.00603343	0.12757	5.09394
0.22206	0.0654416	4.35743
1.32292	0.261828	0.0272834
0.711101	0.368192	1.43251
0.966482	0.0898897	2.39357
0.0238852	2.29384	1.37844
0.296487	0.968684	2.36395
0.285786	1.10443	1.20005
0.391985	1.58021	0.384921
0.431903	1.54809	0.26605
0.194466	0.0807186	4.55778
0.411117	0.762111	2.219
0.175974	0.563864	3.56025
1.64164	0.0546309	0.453445
0.512685	1.32768	0.106689
0.328831	0.917255	1.85033
0.762252	0.858554	0.301502
0.0589676	3.04284	0.217937
0.0942702	0.238559	4.42496
0.309126	1.87663	0.0030971
1.4204	0.174966	0.601228
0.959931	0.570356	0.635633
0.252993	1.15234	1.75445
1.47323	0.138907	0.596661
1.84195	0.00939379	0.206455
0.0485592	2.02951	1.68612
0.364598	0.89054	1.92753
1.29769	0.230929	0.932259
0.20061	0.50795	3.03778
0.0421499	3.19128	0.240273
0.00331148	0.622937	4.4808
0.0168503	1.41133	2.99048
1.89288	0.00115552	1.0976
0.0074941	2.53207	1.41753
0.787246	0.783135	0.794781
0.0393098	0.0102857	5.53549
0.417725	0.711	2.20581
1.70835	0.0513322	0.0264871
0.740201	0.905876	0.274914
0.843523	0.178188	2.13591
0.659533	1.04837	0.0253364
0.0287879	2.27075	1.2003
1.78262	0.0171086	0.785731
0.723583	0.880971	0.905752
1.17264	0.340736	0.676083
0.465076	0.654785	2.02161
1.35231	0.185573	1.01871
0.275317	1.23667	1.25495
0.108376	1.63741	1.83478
0.261552	0.0408325	4.1131
1.54019	0.0885191	1.00303
0.0663988	2.99269	0.213291
0.487469	1.30022	0.996504
0.0518483	0.00823964	5.42907
0.0258231	2.22187	1.38971
0.164814	0.619999	2.68522
0.124272	0.163848	4.30129
0.177313	2.42035	0.361622
0.823365	0.211639	1.63598
0.787916	0.807709	0.319391
0.32603	1.78225	0.538976
0.0108898	3.58843	0.000261353
1.78373	0.0160163	0.784941
0.268985	0.371433	3.52515
1.15992	0.378539	0.205477
1.26852	0.298835	0.0245971
1.91878	0.00647669	0.00446915
0.637582	0.998912	0.980619
0.606634	1.10125	0.413261
0.908217	0.629174	0.967374
0.645775	1.0118	0.891744
0.333475	1.79033	0.53201
0.941816	0.13825	1.55774
1.66513	0.0536026	0.686694
0.15141	1.45645	1.96435
0.0164458	1.3861	2.9924
1.72969	0.0240246	1.15827
0.0469859	0.380589	4.13607
0.498096	0.642804	1.36338
1.58175	0.0652605	1.13719
1.25169	0.319191	0.0236447
0.760816	0.00744914	2.76637
0.172047	1.35031	1.94037
0.593546	1.08214	1.14651
1.05263	0.093504	1.40736
0.352908	1.74378	0.261574
0.529113	1.26525	0.198989
0.265074	1.08534	2.27981
0.317454	1.83951	0.0828677
0.421385	0.790464	1.49333
0.275005	0.404632	2.73432
1.45341	0.148087	0.742087
1.28985	0.234449	0.627432
0.00311918	0.00445661	5.89703
0.0130662	0.564367	3.937
0.68472	0.0503556	2.54854
0.83283	0.733018	0.618109
0.371982	0.815012	1.8081
1.68773	0.0503737	0.213173
0.138046	0.170356	3.85549
0.365984	0.852467	1.72101
0.00634235	3.68894	0.582238
0.454986	0.183636	2.44772
0.422905	0.738609	2.08918
0.261794	1.98706	1.11407
0.0347609	2.05221	2.00227
0.230409	0.432629	3.2723
0.0985969	0.383788	3.80499
0.0581628	2.06969	1.22706
0.447901	1.42876	0.664459
0.860631	0.183955	1.73651
0.0329142	0.420019	4.22524
0.181323	0.0867002	4.20809
0.170488	0.692386	2.42201
0.1096	1.61717	1.83229
0.200034	2.39054	0.0908753
0.00136277	3.74375	1.2927
0.409996	1.51644	0.719103
0.94559	0.141376	1.26915
0.0414365	1.95643	2.34703
1.37426	0.189506	0.450822
1.0449	0.0917408	1.49902
1.13925	0.367421	0.574464
0.0271916	2.1473	2.14971
0.582844	0.561458	1.2964
0.0291896	2.16224	1.7281
0.253481	2.00235	0.567583
0.00347651	3.76745	0.24906
0.316537	0.0265652	3.77775
