0.00026354	3.99509	0.00585828
1.8634	0.000282492	2.55553
1.99584	0.000327525	0.000345926
0.00026354	3.99729	0.00313439
0.00105011	3.88814	0.000265125
0.649145	0.0109868	4.1809
1.31358	0.24	0.220833
0.00800617	0.506894	4.67772
0.00225201	0.513965	5.40794
0.0488855	3.05216	1.01142
0.02363	0.0330315	5.67171
0.10844	0.870301	2.72188
1.27351	0.317888	0.149561
0.128113	2.62764	0.0550808
0.0118732	0.133538	4.99385
1.50465	0.115402	0.941419
0.475739	1.35753	0.586002
1.38838	0.17145	1.07735
0.315077	0.00453813	4.52493
1.35227	0.21336	0.160108
1.18626	0.0298259	1.63301
0.168523	2.32747	0.751455
0.858334	0.748515	0.0387876
0.00335301	3.73954	1.67909
0.343579	1.72339	0.533007
0.250447	0.00494319	5.57494
1.53387	0.0973558	0.629276
0.146698	0.136408	3.93838
0.272512	1.9776	0.209465
0.00236621	3.662	1.77535
0.26863	1.92702	1.16566
0.0971259	0.202378	4.37898
0.0151982	2.23377	2.22353
0.0366245	2.08309	1.99666
0.883861	0.635823	0.813329
0.0124919	3.58684	0.008452
0.013217	2.67434	1.37935
1.23085	0.012211	1.51567
0.0194469	3.48322	0.0143812
0.0183098	3.42923	0.464224
0.0601012	2.99576	1.17208
1.14592	0.0253688	2.36602
0.00052059	3.95809	0.0693001
0.0805667	2.91243	0.0045751
0.112934	0.907991	2.43416
0.39123	0.775516	2.03468
0.412043	0.163244	3.36036
1.02321	0.485999	0.327224
1.09236	0.109965	1.25493
0.662532	0.993046	0.275792
0.381649	0.190111	3.50789
0.951337	0.560303	0.493005
0.00656421	1.41878	3.85524
0.0915491	2.71886	1.14139
0.413497	0.797322	1.94307
0.358537	1.7545	0.369494
1.16981	0.0225909	2.17241
1.63386	0.0522578	0.972803
0.480147	0.14094	2.90585
0.153788	2.43045	0.290218
0.00272682	2.4809	2.22263
0.0368433	3.29387	0.0375958
0.0138648	1.39674	3.21966
0.500334	0.576853	2.05424
1.25624	0.00315857	2.66887
0.23091	0.0423741	4.27871
0.668016	0.386599	1.54562
0.0196752	3.39508	0.39815
0.032145	0.553466	3.70254
0.463075	0.149422	3.154
0.073247	1.83935	2.33264
0.399467	1.64938	0.0160867
0.800781	0.829982	0.174993
0.0446027	3.09477	0.681908
1.12219	0.361138	1.0656
1.07328	0.422669	0.49613
0.137685	0.160222	4.06176
0.206081	1.31589	1.36174
0.442392	1.51053	0.106194
0.257792	1.19272	1.82815
0.782617	0.00559492	2.79097
0.739477	0.303671	1.45912
0.242765	2.03929	0.887874
1.1037	0.438408	0.259073
0.287704	1.90287	0.911312
0.835219	0.758012	0.0253804
0.8282	0.262866	1.21427
0.0541879	0.338172	4.41402
1.4386	0.164124	0.162933
1.33986	0.195786	0.694734
1.70691	0.0294772	0.96843
0.00577306	3.71083	0.603683
1.00259	0.495533	0.814648
1.04478	0.48217	0.510724
0.00114543	0.402421	5.94019
0.801856	0.271928	1.20633
0.684718	0.356117	1.47769
0.0892616	2.75345	0.838305
0.062	0.286154	4.46658
0.109587	1.58525	2.2633
0.152121	0.206671	3.64315
0.0134329	0.61961	3.78921
0.00873689	0.0351624	5.85753
0.747099	0.88895	0.133894
0.582763	0.444066	2.28833
0.532421	1.21682	0.611082
0.772602	0.00926256	2.79435
0.188184	2.37289	0.143048
0.0840112	2.86031	0.120858
0.509905	0.590285	1.73542
0.0909151	0.00546824	4.9029
0.0125622	0.491005	4.75351
0.375984	1.69081	0.0725462
0.0138498	3.54254	0.190205
0.0450855	1.05646	2.96808
0.548084	0.567446	1.42665
0.994	0.532562	0.0948544
0.0373971	0.0656089	4.86966
1.48595	0.147492	0.253662
0.171812	0.701866	2.44258
0.0307862	3.24825	0.724091
0.159545	2.40122	0.303906
0.135483	2.49683	1.10245
0.0912586	0.246406	4.00051
0.332274	0.0114088	4.28169
0.00278788	1.47382	3.57522
0.00604943	0.546852	4.79042
1.83888	0.0156652	0.298552
0.719115	0.00711698	3.0344
1.68945	0.0580539	0.104916
0.919251	0.614848	0.33013
0.0404811	3.21484	0.414577
0.250447	0.00494319	5.57494
0.599404	0.0527531	3.45726
0.706101	0.936584	0.786303
0.926776	0.148131	1.44651
0.902552	0.652974	0.540295
0.796361	0.273839	1.80893
0.00183858	3.66965	2.66075
0.0954998	2.80169	0.0918321
1.15595	0.0238595	2.23188
0.0498558	3.13432	0.0143519
0.972301	0.559848	0.3656
0.75707	0.00462058	2.83867
1.96465	0.000824277	0.00651999
0.59281	1.06837	1.11667
0.420322	0.26601	2.47416
0.0302456	2.13047	1.85162
0.185402	2.35026	0.307076
0.643846	1.0324	0.913431
0.213372	2.14674	1.12814
0.12371	1.60908	2.10268
0.00147571	3.77553	0.47897
0.130802	1.56693	1.79262
0.512119	1.29005	0.516833
1.97485	0.000379891	0.106844
0.0520624	2.001	1.51332
0.364461	1.76621	0.0477094
0.244402	2.01155	0.695052
0.666215	0.947062	0.90871
0.442954	0.729015	1.97626
0.452004	0.137256	3.54354
0.116967	0.250117	3.66891
0.174733	0.594477	3.01474
0.903942	0.153514	1.88142
0.0421251	2.11697	1.3725
0.105981	2.82701	0.0462768
0.00751988	0.684896	3.82799
1.8895	0.0056055	0.633449
0.00143173	3.83635	0.114817
0.588176	1.16264	0.252751
0.00207496	3.8344	0.000373216
0.197391	2.22253	0.763939
0.455623	0.670241	1.92643
0.561963	1.20431	0.288301
0.0678746	2.88992	0.94824
1.2087	0.299032	0.339483
0.524616	1.22969	0.901143
0.504369	1.30712	0.660471
1.71683	0.000182057	5.87901
0.000315243	3.7803	1.78338
0.000419749	3.96463	0.000340363
0.00942462	0.0105283	5.96404
1.65919	0.0522309	0.135564
0.00058736	3.44507	5.60606
1.93285	0.00348005	0.00224626
0.274464	0.00874235	5.24893
0.00054469	3.45772	5.56286
0.00556369	0.143427	5.03086
0.143095	0.146047	4.44334
1.62119	0.0571769	0.677836
0.0751163	1.86488	1.50317
0.758981	0.812901	0.784806
1.98548	0.000876689	0.00252544
0.0398664	0.0536766	4.96986
1.49511	0.140078	0.273957
0.956161	0.562275	0.722873
0.00382818	2.64983	1.40268
0.0489247	1.08899	3.18352
0.0352548	3.23459	0.472892
0.171947	2.28789	1.09436
1.59798	0.0822538	0.000715497
0.121869	2.59699	0.35528
0.692648	0.91793	0.867728
1.33339	0.204991	0.972411
0.00509942	0.0945863	5.33912
0.182183	2.36595	0.107647
1.9036	0.0176119	0.0351117
0.864374	0.669545	0.511901
0.41067	1.5087	0.995994
0.893967	0.680848	0.0161666
0.00256366	1.35613	4.76727
0.277683	1.91517	0.898992
0.0224477	0.0303721	5.81234
1.74501	0.0196407	1.01065
1.03128	0.485957	0.480149
0.820425	0.819641	0.0212496
1.87687	0.00201564	1.47871
0.993358	0.118165	1.41013
0.490798	0.154597	2.3987
0.042862	0.504811	3.95758
0.0934581	2.7715	0.326782
0.00049403	3.57244	4.32621
1.77474	0.0231856	0.714323
0.118012	0.271691	3.82722
0.00980206	3.64484	0.9363
0.053245	2.21296	1.21439
0.184739	0.183956	3.66942
0.0039878	1.44842	3.73777
0.00517047	1.41308	3.50769
0.177305	0.618287	3.22654
0.0600992	2.93487	0.93306
0.0612419	3.1296	0.174063
1.35795	0.224867	0.26576
0.0203778	3.32932	1.14845
0.307672	0.308663	3.09468
1.0887	0.407026	0.844937
1.45305	0.164808	0.0767256
1.06047	0.469713	0.129273
0.151771	0.151475	4.08766
0.453667	0.664638	2.35565
0.0699195	2.88957	0.479375
0.121528	1.69892	1.35588
0.0338409	3.26864	0.0138961
0.998152	0.550326	0.252177
0.436662	0.7369	2.20861
0.00352195	2.70972	1.36756
1.22327	0.010869	1.92012
1.1738	0.347693	0.239552
0.00949172	0.0643551	5.44902
0.216832	1.22765	1.83414
0.0163539	0.142854	4.83612
0.116108	1.80365	1.29298
0.0950925	2.74286	0.692003
0.00258965	3.73216	0.945852
0.226609	1.18824	1.97535
0.245108	2.00105	0.917562
0.00195552	3.88221	0.00107314
0.196275	0.073735	4.15032
0.280928	0.0160928	4.68308
0.900478	0.637046	0.706962
0.375983	0.23202	2.9274
0.0567853	3.03349	0.620182
0.235956	2.06644	0.901584
0.74119	0.302246	1.59644
0.555665	0.600376	1.38182
1.1009	0.405261	0.812275
1.56416	0.110243	0.0286464
0.0216426	1.30217	2.89095
0.242384	0.447159	3.10698
0.247758	0.530869	2.44053
0.00951437	1.64018	2.4146
1.12918	0.0649194	1.31596
0.395416	0.223734	2.67615
0.418483	0.771957	1.44796
0.656208	0.0214624	2.76371
0.622903	1.05499	1.06944
0.0192064	3.37671	0.567024
0.0230203	3.49826	0.0392447
0.667027	0.372047	1.75154
0.0787742	1.77013	2.05318
0.0823777	2.82501	0.747187
0.706159	0.987696	0.384463
1.79488	0.0214378	0.237529
0.149045	1.57618	1.73047
0.636513	0.0404162	2.58972
0.342519	0.890117	2.35677
0.607681	1.12896	0.5938
0.589039	1.13369	0.563678
1.19671	0.025061	1.80396
0.798112	0.295997	1.26156
0.163247	2.40764	0.655143
0.0625213	0.262263	4.65095
0.507565	1.35971	0.0480224
0.265348	0.0135959	5.25199
0.000861756	3.95013	0.0137807
0.00907358	1.462	3.37609
0.00828475	0.0766106	5.42593
1.06888	0.459682	0.0562786
0.0784269	2.83979	0.346917
0.403794	0.75559	2.10911
0.844892	0.721392	0.568205
1.24787	0.0236355	1.84731
1.38038	0.201042	0.273284
0.0101538	3.59082	0.303484
0.0268101	2.18445	1.64364
0.255418	1.1719	2.08472
0.0835067	1.79302	1.87807
0.291844	1.05028	1.72366
0.0266662	0.0254286	5.6996
0.20026	0.559198	2.68515
1.27629	0.236849	1.18401
0.317273	0.0105812	4.53167
0.547925	0.10237	2.96024
1.83622	0.0134955	1.03816
0.0279795	2.31371	1.20068
0.919477	0.579249	1.19048
0.142623	0.129567	4.53285
0.0609574	2.97845	0.40499
0.0321044	0.557337	3.59851
0.154399	0.189933	3.88597
1.4265	0.17974	0.228105
0.120574	2.5532	1.05656
0.208588	2.14773	1.10113
0.0181676	0.0354048	5.6978
0.0708614	0.292681	4.60995
0.354019	0.235382	3.46268
0.570738	0.103451	2.57921
0.716647	0.0178266	2.75059
1.25034	0.0120925	1.23855
0.0355341	2.09351	2.14028
0.0695005	0.417475	3.62255
0.00447771	2.48863	2.18648
0.937927	0.126557	1.73424
0.340214	0.250264	3.474
0.438446	0.806091	1.26621
0.528508	1.25352	0.582119
0.629655	1.03402	0.636017
0.380159	1.61777	0.235645
0.515441	1.30675	0.101244
0.678236	0.0176183	3.5362
1.85244	0.00857469	1.18155
0.622952	0.437856	1.53257
0.834901	0.78195	0.0268304
1.13738	0.398744	0.0478971
1.43899	0.162502	0.243019
0.326667	1.73826	0.952984
0.424783	1.47393	0.987093
0.0287859	0.427037	4.14686
0.163198	0.653702	2.53588
0.355952	0.945499	1.2279
0.0197799	3.36034	0.662112
0.57424	1.15165	0.499284
0.0446717	2.14614	1.25216
0.117441	0.172596	4.22259
0.45289	1.48043	0.27415
0.239993	2.0312	0.734975
1.73197	0.0408823	0.14952
0.000158921	3.66024	3.52971
0.000519975	3.99249	0.000516192
1.99767	0.000525418	0.000537471
0.000270258	0.000287838	5.98687
0.00121594	3.89179	0.000477751
0.000270258	0.000287838	5.98687
0.0350917	0.408302	4.33256
0.0190889	0.531153	4.18593
0.67366	0.949936	0.803423
0.0630037	0.383005	3.80169
1.65737	0.0498629	0.363649
1.41013	0.146149	0.914885
0.0306518	2.158	1.66148
0.0176929	3.54599	0.123172
0.10692	2.69203	0.648822
1.27658	0.236417	1.20137
0.0910238	2.83778	0.231796
0.307606	0.30704	3.32408
0.370956	1.61887	0.992592
0.238993	2.07307	0.277412
0.295256	0.983678	2.19495
0.229705	0.0616238	3.99226
0.137747	0.24679	3.74016
0.836671	0.722865	0.366724
0.00390135	3.83081	0.46175
0.00143525	3.76188	1.9601
0.278336	1.87254	1.03153
0.0591132	1.92413	2.00203
0.039304	3.09159	1.09485
0.0473743	3.02494	0.983678
1.58612	0.0989423	0.125625
1.06391	0.0550475	2.14335
0.631288	1.0287	0.904554
0.00907411	2.61797	1.58203
0.00735099	3.68478	0.653441
0.655164	1.04432	0.185645
0.10173	0.24167	4.08234
0.0118053	2.47717	1.20427
0.00909986	2.41866	1.733
1.30213	0.00810106	1.51623
0.246339	0.423146	3.25345
1.60767	0.0954842	0.0369521
0.0103201	3.62962	0.0364724
0.000487119	0.00226106	5.87639
1.31912	0.20881	0.870368
0.0269966	3.37597	0.118719
0.584252	1.13016	0.362997
0.199831	2.29021	0.152713
0.000198478	0.522747	5.59876
1.36951	0.224058	0.0369086
0.266092	0.0142411	5.20545
0.000818427	3.97114	0.0391112
0.167542	2.30346	0.910191
0.0600109	2.95398	0.948463
0.229293	0.0670746	3.91658
0.472298	0.625471	2.38007
0.275765	1.10673	1.83889
0.613271	1.05222	1.14167
0.178561	1.38744	1.77683
0.251834	2.01906	0.297272
1.54484	0.107582	0.00180227
0.0543734	1.08599	2.96564
0.992575	0.523213	0.447965
1.97868	0.000740422	0.092491
0.433952	0.767433	1.4141
0.00593243	1.49535	2.90184
0.0969795	1.77699	1.24626
0.0798697	0.265003	4.7736
1.24837	0.0168087	1.43519
0.0758827	2.89506	0.112096
0.103128	2.73175	0.555918
0.787922	0.747257	1.16269
1.88154	0.00443122	1.21703
0.969186	0.116618	1.70607
1.95403	0.00215267	0.265079
1.24434	0.279737	0.325827
0.255779	0.39121	3.14041
0.0663757	1.94583	1.74655
1.12188	0.416192	0.0905149
0.566133	1.18822	0.2519
1.04217	0.505121	0.899401
0.143312	2.52425	0.689518
1.89803	0.002648	1.261
0.749441	0.258327	2.52274
0.112884	1.66141	1.62665
0.520391	0.647167	1.29087
1.74311	0.0307848	0.277139
0.261674	0.434437	2.66289
0.25249	1.98115	1.04109
0.941074	0.614849	0.511741
0.425686	1.48247	0.826308
0.203403	0.490438	3.20391
0.182744	1.33158	2.09763
0.805883	0.778344	0.190129
0.014766	3.4267	0.979908
0.356918	0.848492	2.32549
1.02045	0.0846573	1.66963
0.341795	1.82462	0.052657
0.331673	0.92104	2.04686
0.0796144	2.79761	1.20225
1.73806	0.0311555	0.398991
1.67475	0.0478063	0.249523
1.77788	0.0297632	0.0769534
0.151959	0.671413	3.01689
0.300167	0.968444	2.29844
1.70844	0.0375842	0.767249
1.80692	0.0210174	0.389583
0.36637	1.71704	0.0129452
0.0331674	3.28079	0.547856
0.00395382	3.78096	0.248135
0.0373162	3.16396	0.53619
1.0805	0.0566708	1.89395
0.531605	1.30185	0.0700755
0.123953	1.56374	1.77066
0.308024	1.8408	0.966409
1.69629	0.0466515	0.684689
1.47793	0.126912	1.00928
0.413238	0.77399	1.45501
0.0368839	3.22836	0.0593625
1.43522	0.146172	0.508666
0.505974	1.35205	0.390517
0.101586	2.7235	0.734349
0.00848547	1.52624	2.55898
1.59851	0.0821034	0.590118
0.976726	0.569151	0.17953
0.125208	1.57804	1.58923
0.0921697	0.866911	2.71023
0.00216469	0.0022139	5.97893
0.226325	1.23748	1.62449
0.0156881	2.37965	1.96505
0.131093	1.67353	1.2689
0.0661568	3.05665	0.0810267
1.01605	0.103695	1.52557
0.0346199	0.489671	4.14702
0.592496	1.16964	0.0411509
0.0709487	2.92426	0.625339
0.549735	1.25903	0.105078
0.456356	0.14199	3.48033
0.390935	0.22159	2.85324
0.381215	0.21599	3.44197
1.42954	0.13859	0.819488
0.251529	0.524419	2.41252
0.0321725	2.35228	1.28754
0.304828	1.02146	1.707
1.51499	0.0992781	1.14121
0.017359	0.541127	4.82444
1.09454	0.0526418	1.58885
0.109402	1.77791	1.22818
0.00571405	2.56917	1.91145
0.287038	0.0336107	4.39678
1.85528	0.0105203	0.0846483
0.185673	2.23946	0.980445
0.0267449	2.17619	1.98293
0.00924902	1.42799	2.61414
0.904703	0.625827	0.562963
0.350975	0.871586	2.30498
0.239773	0.455914	3.05851
0.00332013	0.544318	5.32919
0.52971	1.26483	0.458078
0.0415132	3.1151	0.986825
0.0493782	0.367542	4.61358
0.333864	0.339275	2.73305
0.71146	0.0248434	2.95174
0.0986428	0.205985	4.60434
0.499304	1.32663	0.891962
0.150213	2.53642	0.0117806
1.15903	0.376692	0.608961
0.0368003	3.21128	0.140753
0.073363	0.270001	4.5276
0.228697	2.05063	1.05276
0.469111	0.631393	2.06501
0.0773312	0.268892	4.70818
0.853689	0.20517	1.62529
1.52713	0.154459	0.050068
0.0869402	1.82674	1.92854
1.36517	0.20638	0.147727
1.21826	0.0292217	1.22654
0.725231	0.345024	1.3235
0.776705	0.816414	0.196547
0.000223357	3.55505	4.91501
0.000259803	3.99983	0.000259869
2.00015	0.000208854	0.000209037
1.65387	0.0584787	0.276621
0.0010104	2.45151	3.98335
1.75864	0.0285309	0.402388
1.61284	0.0855115	0.203919
0.000315243	3.7803	1.78338
0.0687945	0.402371	3.60382
0.0588448	3.05968	0.00249547
0.135418	1.4911	2.17864
1.04122	0.0699545	1.58262
0.586107	0.0565804	3.15597
1.49659	0.109349	0.545407
0.445567	0.144702	3.07623
1.80565	0.0147734	1.1794
1.06801	0.0717699	1.29566
0.0763225	2.94863	0.00652259
1.88443	0.00690432	0.446904
0.100868	2.86396	0.0161067
0.362006	1.60458	1.0026
0.0857905	0.0150616	5.02167
0.615359	0.422051	1.85083
1.93116	0.00272575	0.167003
0.0375244	3.13881	0.721621
0.0256399	0.0899372	5.1627
0.168595	1.36533	2.11726
0.0756237	0.263627	4.54122
0.965605	0.0968128	2.34015
0.241402	0.482707	2.49184
0.00168485	2.3332	5.30741
1.96773	0.000780072	0.165982
0.269075	0.0131173	4.47223
0.0466348	0.00251147	5.73046
0.000752292	2.3313	5.31511
1.01775	0.51478	0.218114
0.0419574	0.0042858	5.86035
1.21098	0.0147077	2.21193
0.0319874	3.19734	0.683039
0.010615	3.50982	0.963517
0.0597025	0.00368177	5.44054
0.561068	1.16488	0.759292
0.704548	0.939314	0.134249
0.841457	0.215807	1.66689
1.34695	0.20294	0.765088
0.787887	0.83641	0.183617
0.0310976	2.14231	2.2029
0.0263928	1.32426	2.6009
1.90428	0.00846826	0.0484401
0.419274	1.53815	0.238952
1.19023	0.356923	0.0341719
0.0107296	3.63723	0.00237891
0.503539	0.613899	1.54876
1.46472	0.154002	0.0923595
1.37437	0.207659	0.0160158
1.30718	0.0106016	1.23762
1.16491	0.331837	0.645651
1.08405	0.0532696	1.48648
0.000266812	3.09596	3.91735
1.39615	0.187136	0.0265057
1.28028	0.242302	1.08945
0.0851761	0.0194558	5.13155
0.261472	1.16465	1.7931
0.241901	0.423236	2.97866
0.72853	0.857137	0.859128
0.425264	0.180512	3.23126
0.0291309	2.17186	2.06123
1.23454	0.2783	1.06102
0.0363268	0.00213089	5.9174
0.0565466	0.322176	4.66104
1.69945	0.0513997	0.00770034
0.071455	2.92924	0.265895
0.00210558	2.39568	3.94872
0.588522	1.12097	0.461294
0.28756	1.85961	0.821665
0.486261	0.130769	2.84647
0.0498884	2.07609	1.39097
0.200156	0.0523465	4.61341
0.046188	2.06645	1.4281
0.000801628	2.36883	4.9502
0.649976	0.502774	1.35823
0.145315	0.697143	2.6959
0.64011	0.0457675	2.56884
1.57827	0.0736852	0.619216
1.5209	0.122628	0.00567573
0.195881	0.0728635	4.10778
0.404287	0.21256	3.28876
0.0322444	2.21197	1.47107
0.281402	1.96936	0.176932
0.0218742	3.33061	0.928061
0.516265	1.2424	1.18096
0.104707	0.0108977	4.78069
0.411612	1.52816	0.430994
0.0273953	3.46817	0.2407
0.767299	0.00322451	2.46065
0.218473	0.0415896	4.26312
0.534649	1.25456	0.261303
0.82228	0.228794	1.65279
0.118319	2.55379	0.777015
1.32532	0.237767	0.0204872
0.0109953	3.58426	0.25872
0.0299669	3.26138	0.472493
1.13074	0.0381241	1.92296
0.0512716	0.362366	4.22531
1.5817	0.105594	0.20926
0.0892615	2.81154	0.18608
0.70022	0.0320344	2.74031
0.225149	0.445919	3.53027
0.0382049	0.368856	4.16186
0.38648	0.814805	1.73353
0.19488	0.531347	3.22718
0.860552	0.175229	2.00533
0.0220451	3.4303	0.286801
1.10862	0.0375836	2.29892
0.000258458	3.24085	5.47468
0.329681	1.8274	0.0827372
0.18503	0.590311	2.90238
0.00105073	2.27791	5.58589
1.24849	0.29266	0.110909
0.682589	0.970143	0.398634
0.253153	2.00355	1.13186
0.0504738	1.94197	2.39131
0.0297026	3.31215	1.00843
0.126325	0.200508	3.82374
1.41916	0.161746	0.350663
0.885101	0.724685	0.115528
0.0896044	2.75926	0.900331
1.15128	0.346362	0.646939
0.185532	2.25029	0.686815
0.0821915	0.327051	3.91174
1.53539	0.0929657	0.917652
0.135222	2.53367	0.314321
0.720948	0.418354	1.23253
0.568278	0.0675577	2.92614
1.44121	0.14039	1.15346
0.743063	0.31282	1.33355
0.0140608	1.2731	3.75111
0.803058	0.817278	0.232898
0.658443	0.388308	2.24282
0.172699	2.49681	0.12539
0.476629	1.44133	0.0143377
0.60267	1.08847	0.760615
1.41524	0.165086	1.03445
0.0921301	2.79257	0.319745
1.72947	0.0512978	0.14381
0.737251	0.90258	0.0558992
0.0958759	2.70286	0.731538
0.322973	1.76763	0.607538
0.00664794	2.63219	1.39092
0.212398	2.16086	0.831853
1.45285	0.138493	0.48435
0.340032	1.69876	0.723601
0.152838	0.66757	2.82827
0.196377	0.690613	2.53966
0.667762	0.988453	0.34159
0.266542	2.0258	0.164392
0.473837	0.113742	3.40601
0.310905	1.01742	1.57587
0.457102	1.38246	0.964149
0.205524	0.0564427	4.40792
0.923482	0.198407	1.37783
0.165079	0.606459	3.35057
0.296957	1.90601	0.141501
1.99032	0.00123569	0.00154127
0.640454	1.05749	0.256736
0.373523	1.63786	0.593272
1.54936	0.11054	0.0103219
0.22872	0.45698	3.03996
0.904526	0.641256	0.239676
1.84292	0.00934334	0.569414
0.259992	1.9923	1.06488
0.395653	0.754362	2.32588
0.140752	0.784271	2.41123
0.120772	0.209125	3.8231
0.304479	1.78934	1.02326
0.608985	1.11723	0.215617
0.0013535	2.30304	5.49168
0.0594414	1.88955	1.93888
0.20762	0.0491303	4.71764
0.347813	0.25703	3.00602
1.54741	0.0899425	0.526996
0.00211329	2.66398	1.4791
0.326674	0.335029	2.46031
0.000259562	3.66812	3.33263
0.000259803	3.99983	0.000259869
0.870885	0.000185598	2.58305
0.347994	1.74625	0.000232037
0.592447	0.0385012	3.75752
0.619177	0.0020558	5.621
0.675325	0.00301035	4.96928
0.295473	1.81109	0.952301
0.00163781	3.86692	0.00450697
0.0311144	3.28968	0.90502
0.0626741	1.91637	1.44114
1.35943	0.209922	0.073673
0.0253244	3.37555	0.682205
1.2082	0.027495	1.23531
0.0221697	2.25004	2.04753
0.0203076	1.18769	3.49823
0.394947	0.813167	1.90184
0.0635103	0.360413	3.89266
0.00913845	2.48303	2.34022
0.0212715	1.2071	3.24939
0.173782	2.40914	0.013961
0.00653272	0.611883	4.54687
0.101666	0.22384	3.94577
0.000322825	3.97336	0.000277603
0.130645	0.267165	3.61625
0.653598	0.00188722	5.28964
0.0147767	3.50572	0.375523
1.1284	0.356048	1.01408
0.0402613	0.0295436	5.15862
1.24481	0.27441	0.889357
0.0306808	0.0255203	5.38778
1.91885	0.00362221	0.132001
0.0227154	1.2434	3.06003
0.00119146	2.57552	1.54342
1.49899	0.100825	0.869444
0.00706018	1.50199	2.71767
0.0439805	0.00280932	5.79176
0.177112	2.30041	0.28992
1.02528	0.101263	1.33358
1.26922	0.0168753	1.44799
0.105012	1.627	1.96206
1.53406	0.0899828	0.869058
1.31036	0.221667	0.83029
0.491194	0.125506	2.82532
0.269688	1.98316	0.333845
0.205017	0.0722469	4.43883
1.47607	0.139936	0.199204
0.00256644	3.79484	0.186765
0.348952	0.282955	2.79209
0.0869686	2.76322	1.15935
0.000572072	3.6083	3.30153
0.736106	0.880458	1.05936
0.257086	1.94984	0.71765
0.577458	1.15868	0.375178
0.540357	1.23357	0.913786
0.292107	1.01043	1.86711
1.31289	0.268883	0.107352
0.841427	0.711989	0.587158
0.644827	1.06824	0.130277
0.0295194	0.0727931	4.88037
0.125549	0.206029	4.08388
0.288627	0.352602	2.95779
0.504929	1.30497	0.561236
0.930964	0.135487	2.22133
1.44561	0.135878	0.698536
0.133481	1.49149	2.36945
0.517174	1.33007	0.052879
0.990077	0.109464	1.30041
0.0497151	2.01272	2.2513
0.286267	0.402696	2.58691
0.0344696	0.0170823	5.4695
0.670397	0.0352433	2.63517
0.306934	0.368132	2.43225
0.162713	1.44454	1.69246
0.955131	0.575915	0.403174
0.157554	1.40831	2.29462
0.889439	0.173028	2.14382
0.817043	0.776259	0.117589
0.000731545	3.62027	3.12672
1.39002	0.18995	0.0638467
0.216694	1.28739	1.7842
0.039703	3.22243	0.350088
0.196971	0.0809311	4.01453
0.40074	0.733497	2.19813
0.749451	0.873692	1.1817
1.6392	0.0588161	0.308988
1.76754	0.0258816	0.457688
1.19695	0.310874	0.791674
1.0907	0.043082	2.20115
1.19167	0.315531	1.11128
0.428459	0.843473	1.45149
1.14921	0.328124	1.13548
0.00381398	2.62359	1.26936
0.550266	0.549389	1.37686
0.0111073	0.598558	4.22881
1.57833	0.0807589	0.357345
0.52479	1.25428	0.731081
0.757808	0.869786	0.439383
0.157721	0.150142	4.13632
0.361933	0.927349	1.26428
0.322171	0.987423	1.51848
1.39809	0.165318	0.686811
1.61643	0.0669192	0.302884
0.0400395	2.05624	1.79895
0.000453445	3.66594	3.12619
1.67501	0.0533426	0.554448
0.0929579	2.86013	0.10824
0.0835284	0.256052	4.12813
0.800684	0.79941	0.253884
0.227793	0.44012	3.41866
0.380522	1.60983	0.969791
1.08323	0.0440526	2.45245
0.0900334	2.68886	1.09177
0.0744416	2.96033	0.544634
0.580536	0.522956	1.32526
1.25445	0.00782321	1.655
0.442609	0.681747	2.26106
0.233381	2.09724	0.839658
0.339723	1.68831	0.988726
0.0196584	3.55796	0.0659468
0.251282	0.418103	3.26015
0.197303	2.19802	0.65521
0.765512	0.0429958	2.60662
0.170652	2.36019	0.367555
0.85062	0.196008	2.08201
1.0365	0.088839	1.40762
0.0275663	0.596915	3.60079
0.172567	2.33428	1.05127
0.209074	2.13769	1.09586
0.716797	0.906459	0.370337
0.184234	0.071523	4.77416
0.97017	0.562524	0.345057
0.922453	0.633065	0.0471017
0.150361	0.634256	2.89283
1.65503	0.0676732	0.252261
0.827808	0.209841	2.01888
0.628357	1.14168	0.0181426
1.74099	0.0439319	0.15126
0.228378	0.0409046	4.36858
0.0768509	2.91524	0.349187
0.332722	0.978357	1.36744
0.833752	0.21367	1.98624
1.71567	0.0468746	0.0371696
0.686864	0.00798573	4.81705
0.00230016	1.45555	3.46036
1.55614	0.0981387	0.237147
0.066597	3.09394	0.0401278
0.0845018	2.81702	1.16392
1.43142	0.173828	0.197388
0.0138104	0.0021325	5.93337
0.964899	0.109688	1.49337
0.301601	1.01377	1.5972
0.470574	1.37831	0.692108
1.17087	0.3444	0.476042
0.0794343	2.84334	1.13778
0.366438	1.70462	0.0906193
1.69519	0.0502903	0.291509
0.02958	2.17487	1.63574
1.80443	0.016193	0.265278
0.0429114	0.00642598	5.83567
0.711233	0.902321	0.877111
0.357328	1.65446	0.796195
0.0461188	3.16037	0.158801
0.00488368	3.69664	0.132595
0.00718775	2.61929	1.29975
0.0900334	2.68886	1.09177
0.305761	1.01749	1.26906
1.75383	0.0289309	0.749861
0.0605334	2.99886	0.520833
0.664039	0.00456075	5.2318
0.133853	2.52464	0.150561
0.372079	1.66946	0.201302
1.04469	0.493161	0.151522
0.986816	0.121826	1.38615
0.00327623	2.54546	1.61256
0.000623243	2.35138	4.65676
0.475476	0.137261	2.9291
0.433387	0.163031	3.4028
0.438007	1.42437	1.02239
0.189965	0.0841211	4.31695
1.85399	0.0151869	0.385821
1.99847	0.000306955	0.000305558
0.00033304	3.99533	0.000331488
0.000257022	0.000257022	6.00025
0.000257022	0.000257022	6.00025
1.81027	0.0183769	0.000282939
0.0490988	0.0465444	4.78452
0.20873	2.14774	0.936297
1.73945	0.0240178	1.02064
0.00697916	0.0873756	5.7107
0.00398932	3.79051	0.0430428
0.842234	0.68828	0.910382
0.0372767	0.0602894	5.01516
1.37546	0.206711	0.156053
0.0159366	0.496178	4.61421
1.69109	0.0356148	0.814564
0.000709236	0.000806909	5.92966
0.130955	2.61165	0.171034
1.04965	0.0649343	2.3602
0.909	0.172561	1.4781
0.240575	2.05514	0.628224
0.465282	0.633067	1.94763
0.0664019	2.95493	0.614116
0.995051	0.0801731	2.22218
0.0151354	1.29955	2.89393
0.123773	2.57192	0.86209
1.13241	0.02848	2.05942
0.125127	2.50888	1.08641
0.0029116	0.115521	5.11995
0.752265	0.836239	0.560273
0.147161	0.669347	3.04571
0.632872	1.07809	0.328455
1.9854	0.000441771	0.0517738
0.104408	2.69388	0.782498
0.22035	0.517035	2.55296
0.488477	0.617621	2.26682
0.00678272	0.0919464	5.55046
0.820078	0.756016	0.30803
0.600216	1.10866	0.836037
0.0220103	1.19133	3.45121
1.39616	0.189715	0.36035
0.577064	1.14073	1.09114
0.0301207	3.33947	0.00372678
0.322322	0.945192	1.75622
1.01871	0.0753821	2.23455
0.0338413	3.25346	0.0865825
1.94025	0.00235052	0.00053456
0.00773733	1.37356	3.27619
0.698076	0.98754	0.0267101
0.711555	0.0195948	2.69801
0.175863	0.140027	3.96315
0.0143019	3.41727	1.16233
0.00735831	1.41832	2.59336
0.931922	0.16031	1.3406
1.82053	0.0145107	0.519875
1.58082	0.0871998	0.595801
0.647688	0.0208174	3.06718
1.20953	0.0170527	1.48833
0.0863274	2.7636	0.887469
0.557911	0.0968059	3.20789
0.025539	2.22291	1.98233
0.779222	0.799423	0.757402
1.52681	0.116013	0.380384
1.03596	0.4736	1.10848
0.969575	0.139896	1.20222
0.443134	1.4477	0.447794
0.157793	0.133982	4.24947
1.17304	0.0228616	2.08263
0.0178663	2.39668	1.21588
0.676705	0.9929	0.478131
0.00304827	0.070441	5.79203
0.00983173	3.46383	1.27072
0.20317	0.0940028	3.90595
0.195857	2.28723	0.257883
0.0173151	0.572929	3.59289
0.0442823	1.04391	3.27885
0.097692	1.65558	2.18644
0.102213	2.81257	0.114711
1.49451	0.112094	1.00696
0.314592	0.296039	3.35066
0.163545	2.33854	0.668555
1.92813	0.00249884	0.796279
1.28607	0.251508	0.202827
0.408172	1.4866	1.0418
0.615896	0.431904	1.85113
0.258997	0.0879288	3.6553
0.872276	0.71591	0.384727
0.00860931	0.616066	3.85633
1.6465	0.0525676	0.435711
1.33923	0.224695	0.0955178
0.0395373	2.02141	1.92063
1.18794	0.338701	1.1142
0.339124	0.900548	1.98468
0.537651	1.22818	0.286902
1.42529	0.165797	0.214995
0.0114635	3.59857	0.128643
0.279182	0.0188219	4.07909
0.038369	0.398465	4.16426
0.193447	0.586625	2.64214
1.87439	0.00958783	0.103253
1.14272	0.0261413	1.8464
0.118365	0.811422	2.84577
1.68024	0.0306374	1.30894
0.389832	1.62891	0.545462
0.0886848	1.75066	1.62665
0.0819373	1.01196	2.44697
0.0461493	0.0457132	5.01542
0.00992354	0.0759835	5.43119
0.0764362	2.89084	0.16967
0.265278	1.90996	0.97484
0.524173	1.26507	0.632784
0.0352809	3.20768	0.419752
0.0539042	2.99881	0.934548
1.65273	0.066195	0.40226
0.736503	0.86648	0.642528
0.479044	0.0992468	3.53642
0.0764163	0.0158763	5.21867
0.805486	0.738046	1.12647
0.94506	0.170349	1.33783
0.0768804	0.306035	4.0263
0.0024638	0.106872	5.32031
0.873899	0.717278	0.340644
0.021369	0.54085	4.52003
0.238091	0.447803	3.10408
0.349776	0.297728	3.13237
0.0133775	3.5154	0.137442
0.0949749	2.78721	0.518442
0.0826821	0.327988	3.7201
1.77956	0.0157003	0.715822
0.0170157	3.5387	0.0760945
1.23262	0.277502	0.465862
0.268042	1.98432	0.624581
0.490282	1.35083	0.867423
0.228889	0.536011	2.40201
0.35171	1.70624	0.673549
0.22491	1.22999	1.86895
0.419454	0.759364	1.5719
0.301648	1.79516	1.17914
0.172631	0.552101	3.38771
0.261574	0.403454	2.77642
0.786761	0.817302	0.370201
0.0446477	3.06077	0.785974
0.00492132	3.7312	0.573809
1.90226	0.00575352	0.00494072
1.46915	0.13472	0.339064
0.135832	2.46658	1.12301
1.41705	0.184043	0.139379
0.718821	0.305359	1.78128
1.8572	0.0176832	0.00870169
0.0799662	2.86175	0.176639
0.288204	0.398466	2.49362
0.126465	0.693169	3.41575
1.61823	0.0613032	0.71638
0.0196741	2.42117	1.20305
0.179627	0.132068	4.14502
0.139336	2.47414	0.586243
1.26232	0.305301	0.0589198
0.000779641	3.98425	0.000775763
0.503288	1.33368	0.0878876
0.094968	1.78281	1.28976
0.301929	0.319951	2.99141
0.0284182	0.0326095	5.20582
1.45089	0.130063	0.661708
0.706848	0.373611	1.26456
0.432105	1.46785	0.676293
0.366365	1.67848	0.214392
0.269702	1.95314	0.618941
0.439198	1.51592	0.0388357
0.0376892	0.376458	4.54896
1.61823	0.0613032	0.71638
1.10931	0.0522637	1.36298
0.104058	2.71814	0.0592176
0.103484	1.81315	1.20738
0.50087	1.32855	0.140481
0.0262904	0.0269531	5.5348
0.256125	0.0568977	4.26946
1.05938	0.0593347	1.94884
0.636049	0.456735	1.20196
0.00286537	0.102255	5.32023
0.532528	1.26812	0.250637
0.343834	1.721	0.399486
1.31419	0.218339	0.686385
0.28215	0.0579055	3.81806
0.0547356	3.13078	0.0126414
1.07276	0.448175	0.837288
0.670696	0.418686	1.61411
0.399603	1.55347	0.934416
0.0412689	3.15775	0.579932
0.573216	0.103541	2.5069
0.409314	1.57018	0.20867
0.00782364	0.101332	5.44932
0.000208059	4.00012	0.000208174
2.00006	0.000211363	0.000327842
0.562906	1.21871	0.000202852
0.0110531	0.0672724	5.60937
0.0619033	2.98557	0.0887446
0.0163686	2.19344	2.36619
0.0681075	1.87694	2.07059
0.0120133	0.531924	4.34514
0.0607506	3.06221	0.39584
1.61419	0.0795335	0.197373
0.0155197	3.40655	0.853603
0.893136	0.628853	1.13137
0.00213238	3.87093	0.00107359
0.10833	0.191372	4.46587
0.864366	0.16146	2.15341
0.0267803	3.21655	1.17632
0.503486	1.31397	0.370944
1.70413	0.0475203	0.0423429
1.5779	0.106588	0.264669
0.00526007	1.41171	3.16493
0.185087	1.36536	1.4215
0.528869	0.098008	2.79269
1.09916	0.0340878	2.22633
1.66649	0.0548958	0.0871847
1.53073	0.1113	0.442792
0.692157	0.902696	1.17016
0.0731396	2.90552	1.04019
0.343225	1.69117	0.669765
0.180485	2.25896	0.888135
0.768352	0.0158813	2.53424
0.601642	0.417455	2.31376
0.0191183	0.0164513	5.909
0.00218685	0.14303	5.20231
0.107386	2.69196	0.412994
1.64688	0.0715646	0.0103735
0.370373	1.62071	0.593108
0.025799	0.0576194	5.0576
0.354104	1.73445	0.0717901
0.0150651	3.4531	1.01096
0.140479	0.643925	3.5195
0.247113	0.0355095	4.57236
0.929043	0.599225	0.598106
0.162786	2.36266	0.889054
0.0171808	0.0334107	5.71804
0.00567754	2.52186	2.04134
0.0056805	0.133678	5.35015
0.00285219	3.79772	0.000403433
1.81592	0.0221632	0.0120168
0.290427	0.00538365	4.86469
1.72529	0.0391461	0.240403
0.0972694	2.77802	0.00142723
1.13384	0.384526	0.444308
1.4003	0.159077	0.972585
0.817445	0.220833	1.43353
0.338516	0.926288	1.97992
0.457631	1.46097	0.361739
0.0222826	0.0616269	5.18709
0.385677	1.64775	0.201216
0.0874793	1.76029	1.84762
1.06882	0.435478	0.82496
0.00133553	3.72421	1.53733
1.16106	0.340049	0.465143
0.312711	0.011688	4.10209
0.00606778	3.67259	0.358696
0.133091	0.754786	2.69198
0.22645	0.568222	2.48258
0.00857944	3.60355	1.07964
0.100443	0.838283	3.05778
0.0130703	3.55942	0.127492
1.5557	0.103317	0.446439
0.976635	0.137109	1.20099
0.996673	0.0999103	1.83437
0.793479	0.281313	1.6199
0.0277149	3.35099	0.0814022
0.0796181	1.90046	1.91943
0.314436	0.301911	3.22167
1.84471	0.0170777	0.00444414
0.149873	2.427	0.497406
0.436694	0.707966	1.67964
0.123623	0.182049	4.40476
1.22572	0.31343	0.279406
0.955986	0.611127	0.0681537
0.161886	2.4738	0.250367
0.0416186	0.00287052	5.82853
0.330937	0.361924	2.40735
1.4318	0.145494	0.7314
1.45967	0.189169	0.0256555
0.105423	0.811112	3.00505
0.629829	1.03521	0.669618
0.261479	0.3732	3.47901
0.385747	0.849683	1.24348
1.2489	0.0243608	1.26214
0.74484	0.307274	1.37038
1.37006	0.186855	0.637428
0.229859	0.0465768	4.04478
0.0175219	2.22855	2.01421
1.31583	0.248532	0.343121
1.1753	0.0517188	1.20807
0.649493	1.02093	0.427282
0.184444	0.122393	3.81692
0.00861343	1.2851	3.76713
0.00948651	3.63245	0.505654
1.89079	0.00163264	0.751127
0.280237	1.95674	0.0925233
0.6119	1.0691	0.801157
0.872009	0.630214	1.12002
0.336178	0.0107731	3.6968
0.11813	2.64191	0.0907188
0.0762485	2.83316	0.445127
0.0786795	0.272799	3.97067
0.0534426	3.09929	0.0846175
1.5019	0.133035	0.261616
0.235809	0.431068	3.34897
1.90658	0.00766267	0.0031325
0.304002	0.00832831	4.77622
0.0317824	3.50395	0.0154897
1.34341	0.232343	0.194218
0.184458	2.30794	0.207804
0.319591	1.80858	0.498433
0.0613732	0.988437	3.44354
0.564896	1.21157	0.68181
0.0106007	3.52705	1.06245
0.139912	1.54709	1.78644
0.665389	0.00137699	4.92355
0.194097	2.28031	0.422757
0.0391136	3.17834	0.782574
1.11366	0.035618	1.91246
1.24047	0.0257605	1.3017
0.326707	0.907827	2.26676
0.704644	0.0275079	2.90295
1.29999	0.213449	1.13807
1.98097	0.00156165	0.00135401
0.243442	1.1689	1.67349
0.422771	0.734633	1.72992
0.0419105	0.00336133	5.77605
0.000399907	3.9435	0.173823
0.397851	0.226726	2.57985
0.516859	0.0994929	2.85073
0.0521747	3.14478	0.00824641
0.417281	0.792275	1.25818
0.271436	1.98526	0.3076
0.237951	0.513971	2.74766
1.06574	0.441973	0.757707
0.00595196	0.588908	4.17545
0.203598	0.594394	2.62899
0.679242	0.951506	0.528103
0.734919	0.0258449	2.48479
1.37211	0.182283	0.446651
0.10698	0.217436	4.25622
0.363113	0.0139969	3.59738
0.464878	1.49646	0.111148
0.478238	1.43182	0.00815127
0.211269	1.28515	1.59788
0.545668	1.21968	0.62497
0.153842	1.60692	1.29563
0.00149275	1.51164	2.90982
0.0257038	2.13965	1.78256
1.75481	0.0491343	0.0393602
0.0438345	0.0854989	4.96457
0.0200196	1.24612	3.05435
0.079974	2.85918	0.317219
0.199932	0.0639327	4.19916
0.413011	0.738956	2.19315
0.0852449	0.267198	3.8754
0.0283844	0.0388822	5.36779
0.0856831	2.8733	0.151123
0.0775603	0.305931	3.93908
0.779231	0.825911	0.430524
0.632195	0.0296047	3.50816
1.05265	0.467546	0.501175
0.0102197	1.40683	3.28939
1.19714	0.0396444	1.52405
1.12884	0.0385066	1.69175
0.253722	2.08956	0.0544003
0.0836469	1.77434	1.84648
0.576349	1.18536	0.185957
1.0229	0.487843	0.483577
0.00723342	0.198452	4.80054
1.41094	0.175836	0.467093
0.0208686	0.0451258	5.4471
1.75801	0.0173947	0.959524
1.27342	0.236781	1.14919
0.132377	2.56756	0.680423
0.0504257	1.92799	2.26211
0.620552	1.07992	0.628254
1.00471	0.494506	0.984798
1.7933	0.0331237	0.0207987
0.000158921	3.66024	3.52971
1.99831	0.000285547	0.000296526
0.000283157	3.99726	0.000319697
1.95212	0.000173861	0.396499
0.000439946	3.93898	0.000209123
0.000214737	3.45276	5.78208
1.52861	0.0833694	1.16455
1.40122	0.148404	0.961869
1.78656	0.02605	0.119176
0.375184	0.229865	3.04222
0.264105	1.93846	0.598531
0.584157	1.12713	1.03213
0.347105	1.63748	1.42228
1.46139	0.141326	0.0980542
0.136927	0.168282	4.32795
0.556393	0.475715	2.37447
0.337714	1.7176	1.15515
0.70798	0.913502	0.670712
0.023896	3.37493	0.546078
0.407829	1.55506	0.266913
0.399369	0.017599	4.24146
0.00175031	1.28854	5.08233
0.0667437	2.90407	0.594959
0.0331884	0.376219	4.40685
0.739309	0.27816	1.74556
0.00149745	1.24517	5.65792
0.130661	0.713384	2.78774
1.18894	0.0195622	2.31931
0.0076331	0.668516	3.85241
0.045823	1.18225	3.1711
1.90117	0.00298445	0.526156
0.313555	0.307142	2.90568
0.495936	0.611188	1.96496
1.45992	0.141231	0.114608
0.0485986	0.355218	3.9728
0.12841	1.50778	2.0892
0.237956	1.98938	1.06895
0.00222362	1.23966	5.54436
0.0111841	0.0724405	5.40805
0.023277	0.0421633	5.37013
0.600082	1.06542	0.857617
0.569037	0.490305	2.05342
1.00191	0.112826	1.21856
0.00750376	2.71209	1.2363
0.122011	0.166046	4.73397
0.151238	2.42253	0.578525
0.449895	0.782867	1.33053
0.0649945	2.9526	0.397283
0.471586	0.650698	1.65337
0.958098	0.113319	2.04457
0.254862	2.04428	0.317637
0.100842	0.223815	4.57522
0.10429	2.65377	1.00525
0.076878	0.316441	4.07661
0.0359201	3.18305	0.68865
1.83537	0.00815578	0.711131
0.00371585	3.71507	0.746088
1.62784	0.056748	0.643433
0.0594181	3.05943	0.137158
0.0033705	1.46654	3.22448
0.023219	3.33277	0.898507
0.0195909	2.24968	1.43268
0.0106218	3.50836	0.817117
0.0088296	0.0698029	5.87005
0.516945	1.34018	0.262562
0.282375	2.12339	0.0629673
1.14032	0.0328112	1.5969
1.32055	0.201065	0.928982
0.0288815	0.0778393	4.83083
1.5859	0.0836895	0.285984
1.34813	0.21328	0.444938
0.00158805	1.23065	5.73336
1.36435	0.208601	0.0383556
1.29301	0.00509513	2.43995
1.72374	0.084732	0.03577
0.238123	0.412791	3.46554
0.146858	2.50678	0.625842
0.0714195	2.83592	1.00155
0.000302597	3.86619	0.744182
0.12414	0.17804	4.64132
0.774991	0.242192	2.21055
1.65248	0.0509511	1.13966
0.811452	0.763547	0.658614
0.826991	0.784529	0.207067
0.245158	2.01208	0.480475
0.15779	1.41837	1.83981
0.0107146	2.38163	2.02141
0.0295227	3.2626	0.899765
0.284065	0.386121	2.53667
0.0150487	0.084103	5.2344
0.165271	2.29313	1.19787
0.16615	1.37346	2.24767
0.0873268	2.82708	0.368153
0.322307	0.0534774	3.61773
0.276948	0.423482	2.57046
0.883857	0.640416	0.857918
0.000762503	1.64541	2.39072
0.926347	0.130856	1.8413
0.861935	0.189406	1.38698
1.75336	0.0275377	0.237386
0.0402441	0.413128	4.14588
0.362875	1.751	0.233184
0.799658	0.262965	2.13143
0.0352689	3.21175	0.919562
0.419615	1.5302	0.155721
0.195945	0.0699696	4.49946
0.0278317	2.54824	1.23321
1.21739	0.0129084	1.81299
0.923167	0.134333	2.13682
0.0105589	0.538968	4.17242
0.292399	1.8774	0.653913
0.144997	0.197525	3.75999
0.0202179	0.03688	5.56971
0.0586862	3.00642	1.15266
0.489139	1.36177	0.178041
0.145531	2.47156	0.710711
1.05846	0.0631336	2.29021
0.182848	0.577333	3.12084
0.0846722	0.848356	3.26492
0.000183912	3.52758	5.16397
0.105859	2.75315	0.374515
0.309167	0.427951	2.45114
0.659328	0.0257809	2.71046
0.111761	2.62228	0.807207
0.427862	0.693224	2.25575
0.172066	0.0808357	4.68679
0.633373	1.00585	1.04915
0.121932	0.310115	3.69156
1.87903	0.00441249	0.561666
0.0474872	3.12886	0.188389
1.26398	0.253279	0.384535
0.68233	0.0256488	2.67055
1.84457	0.00569964	1.29246
0.746646	0.854724	0.582944
1.86482	0.00859093	0.44429
0.7523	0.808408	1.04129
0.212244	2.16219	0.42967
0.0263346	3.28641	0.737674
0.501782	1.26607	0.939787
0.51119	0.631357	1.26416
0.117831	0.205854	3.83625
0.00210468	3.81013	1.39977
1.08172	0.0669745	1.56073
0.674376	0.971142	0.25015
0.646207	0.98235	0.792814
0.53931	0.546112	1.49414
0.00830564	0.580848	4.87946
1.68919	0.035692	0.561285
0.188025	2.31185	0.674844
0.0482593	0.350074	4.05968
0.00491277	0.604247	4.02478
1.21361	0.0302087	1.36682
0.905781	0.138934	1.83416
0.624553	0.0288117	3.46664
1.11181	0.051357	1.39407
1.54979	0.0877445	0.991188
0.0158509	2.58734	1.52987
0.0117025	1.2781	3.37272
0.222992	0.512083	3.1943
0.813689	0.266033	1.66665
0.695509	0.925019	0.364245
0.318497	1.81289	0.0924743
1.10134	0.373468	1.20795
0.179105	0.598066	2.88149
1.23514	0.0227363	1.35739
0.848648	0.697879	0.778037
0.205037	2.16696	1.09459
1.6674	0.0699295	0.32891
0.385176	0.800601	1.69654
1.24194	0.28078	0.447704
0.207124	2.20163	0.294448
1.30542	0.00271966	1.37901
1.15182	0.0358796	1.44538
0.287564	1.02613	2.04242
0.43566	1.44525	0.803783
0.000183912	3.52758	5.16397
0.979718	0.104761	1.5981
0.472123	1.35378	0.780407
0.617744	1.098	0.202773
0.193834	2.34418	0.243368
1.55969	0.0878882	0.804517
1.92653	0.000397226	0.708816
0.0961047	1.76974	1.28189
0.22802	2.10504	0.669466
0.785588	0.795355	0.458961
0.0184674	2.58716	1.69166
0.0037365	3.76444	0.316848
0.0471803	3.13158	0.295846
0.000198478	0.522747	5.59876
0.000494397	3.99381	0.000496013
0.596779	1.15107	0.00044385
0.000288315	0.00028833	5.99996
0.397962	0.759547	2.22602
0.00603479	1.48763	2.72539
0.58442	1.11102	0.76232
0.647535	0.00202366	5.17405
0.00424837	2.40166	2.98165
1.71372	0.0318735	0.907728
0.336846	1.7	0.740178
1.36161	0.207877	0.221548
0.0277737	3.34249	0.00432769
0.115179	1.60761	1.51284
0.667442	1.03101	0.233221
0.719424	0.328665	2.04867
0.765522	0.00496201	2.48891
0.171964	2.4981	0.021283
1.26865	0.016293	1.75924
0.050346	3.01008	0.862774
0.307951	1.78737	0.878119
0.159995	2.33559	0.96915
0.00519054	1.74975	2.8546
0.0636331	2.93314	0.583885
0.915225	0.157191	1.28504
0.00465635	0.663142	3.74782
0.00181145	0.618977	4.12305
0.0445996	0.428888	4.0368
0.0842085	0.224167	4.52178
0.0579306	0.0254355	5.06235
1.23192	0.325845	0.0838996
1.45097	0.160092	0.0388808
0.000879076	3.92112	0.000490327
0.00961813	1.33691	3.31934
0.886849	0.17961	1.30077
0.357949	0.82483	2.34242
1.90913	0.00113618	0.541715
1.40679	0.188385	0.0184858
0.0127994	2.70012	1.21319
1.97961	0.00119866	0.00259988
0.320484	0.989394	1.53003
0.437507	0.68759	2.11552
1.61329	0.0905432	0.171875
0.358297	0.841214	1.94893
0.184446	2.31455	0.514275
0.285691	1.8797	1.05751
0.946744	0.11148	1.87735
0.0790353	2.85111	0.792237
0.00226109	0.603794	4.22024
0.350599	0.274637	3.1422
0.0650098	0.274967	4.46941
0.0990296	2.77239	0.0544211
0.0339086	0.432591	3.95928
0.0327618	3.24982	0.198992
1.33566	0.197316	0.649192
0.0620375	0.91077	3.46518
0.0874742	0.881447	3.48073
0.101831	2.66634	1.16764
0.331887	1.85489	0.0872714
1.11608	0.37262	0.607436
0.00425424	3.75752	0.267622
0.0720227	0.974931	2.9092
0.000605001	3.79406	1.47649
1.32036	0.233297	0.149298
0.960426	0.102362	1.90366
0.20022	0.55953	3.27923
0.554871	0.0558879	3.6406
1.67443	0.0606431	0.0746888
0.415045	0.723935	2.38962
0.293911	1.91043	0.524796
1.01563	0.0773695	1.66078
0.00682587	3.67108	0.921361
0.684995	0.969489	0.411911
1.47238	0.131635	0.204306
0.858349	0.682899	0.834151
0.0311417	0.0400054	5.25952
0.119742	0.184176	3.8734
1.86964	0.00723016	0.521337
0.140564	0.641057	3.36944
1.14133	0.445109	0.0764149
0.00742531	0.553137	4.95416
0.0108194	3.45644	0.971112
0.486831	0.106384	3.37683
1.64805	0.0576704	1.10417
1.86261	0.00561269	0.607756
1.74571	0.0269096	0.419521
0.0668296	2.9709	0.118516
0.275084	0.377715	3.02287
1.77673	0.0351167	0.0121616
0.012989	3.40944	1.17782
0.298292	1.9625	0.0638504
0.0102412	2.43673	2.00435
0.126981	2.56934	0.750764
0.470178	1.35443	0.816504
0.0354997	2.07683	1.6162
0.000674174	0.00115995	5.94057
0.0454427	3.06924	0.668295
0.230627	2.09293	0.266661
0.111505	0.782317	3.06987
0.0217035	2.25454	1.43888
0.238186	0.501618	2.5649
0.607689	1.07586	0.883438
0.00291534	0.504517	5.53602
0.291064	0.00347659	4.59907
1.52485	0.117031	0.252967
0.00668724	3.69388	0.00251051
0.0820998	2.79217	0.621054
0.120021	1.5485	1.78734
0.533271	1.29793	0.145719
0.562484	1.18027	0.803537
1.53024	0.096324	1.06794
1.03482	0.510085	0.378192
0.779789	0.789271	0.792908
0.628453	1.07522	0.413159
0.0213349	1.23595	2.6795
0.087144	2.82891	0.275066
0.840326	0.743724	0.260558
0.132756	1.53476	1.51362
1.50069	0.138044	0.162168
1.18324	0.299865	1.12319
0.111664	2.59387	0.994577
0.015509	0.0374404	5.74689
1.29118	0.00327952	1.48577
0.0166118	3.38595	0.825975
1.16767	0.407071	0.321845
0.793633	0.244039	1.94571
0.0602655	0.0238506	5.479
0.0266171	0.440381	4.3846
0.0381675	0.112766	4.85785
1.09948	0.0754471	1.34664
0.481828	0.105731	3.55782
0.157297	2.46455	0.167855
1.63933	0.0824262	0.0653455
0.986123	0.0797475	2.28996
1.56313	0.084119	0.512411
0.436342	1.43646	0.691843
1.098	0.101008	1.36405
0.248754	0.0144793	4.6704
0.431309	1.42135	1.02822
0.0133264	0.269471	5.01258
0.000596175	3.97783	0.0045303
1.05408	0.478509	0.647102
0.478129	0.623188	1.70192
0.513184	0.588057	1.71403
0.245846	0.431702	2.79247
0.0541072	2.1362	1.28652
0.541942	1.19157	0.67219
0.865591	0.731163	0.0880516
0.0121946	3.57854	0.00274725
0.423101	0.738241	1.87152
0.214162	2.2208	0.00435576
0.150696	0.193684	3.72912
0.204864	0.0467775	4.629
0.221177	2.1993	0.0174551
0.27303	0.036616	4.19349
1.49236	0.124626	0.206463
0.0204039	1.40046	2.83124
0.0295648	0.360868	4.97929
0.351736	0.852819	2.0038
0.458905	0.697918	1.44674
0.0333536	2.27152	1.25213
0.805603	0.780227	0.531147
0.893772	0.141059	2.25686
0.0969577	0.20602	4.40079
0.215042	0.477309	3.54537
1.58872	0.073375	0.454316
0.0201481	0.0257904	5.83667
1.7874	0.0220437	0.112926
0.0952654	0.191075	4.76556
1.07418	0.423594	0.461649
0.351398	1.70689	0.709645
1.73585	0.0453278	0.109588
0.0522977	3.08402	0.582424
0.991965	0.0797416	2.09271
0.118905	0.183174	3.88521
0.045982	2.04932	1.63595
0.132107	2.65415	0.432761
0.0010896	3.85738	0.138852
0.823705	0.728472	0.690257
0.00211977	0.480546	5.75626
1.58751	0.0745604	0.886259
0.980852	0.0807398	2.46078
0.894006	0.647712	0.616747
0.0943429	0.0327256	4.81253
0.0630002	0.0178617	5.30433
1.2984	0.249462	0.101939
0.0478204	3.13605	0.218844
0.519624	1.24103	0.87865
1.71683	0.000182057	5.87901
2.00023	0.000250493	0.000250679
0.000208059	4.00012	0.000208174
1.70143	0.000200988	5.97066
0.0462389	0.0487249	5.0525
0.209945	2.171	1.07119
1.56724	0.0939076	0.157654
1.25843	0.269974	0.603596
0.0477839	1.04991	3.10471
0.307965	0.995424	1.84591
1.39648	0.161615	1.05481
0.966917	0.51758	1.01586
0.912716	0.13693	2.05332
0.186793	1.29128	2.16857
0.0545156	0.0907001	4.8229
1.8978	0.00323909	0.542435
0.0592065	2.96051	0.477651
1.52833	0.110692	0.157182
0.147968	2.45744	0.966577
0.451711	1.43761	0.583303
0.0433739	0.0491631	5.24304
0.00504538	0.113132	5.49861
0.0473279	3.08369	0.283298
0.0262039	0.0203588	5.78707
0.00966323	0.0613332	5.64014
0.00135395	3.87584	0.212939
0.41836	1.48131	0.590874
0.0786648	2.87926	0.158872
1.95737	0.00163935	0.00852192
1.03844	0.476448	0.494956
0.0125752	0.0831165	5.31499
0.0348919	0.0325146	5.41033
0.142107	0.129047	4.48344
1.21389	0.330673	0.116628
1.18417	0.321579	0.745495
0.350772	1.67521	0.799909
0.0909918	0.221979	4.30697
0.68659	0.0100441	3.53801
0.00134207	3.80756	0.757482
0.0299766	3.31131	0.426156
0.0570827	1.94712	1.90877
1.60901	0.0696129	0.45706
0.426597	0.67463	2.27603
0.223698	1.25444	1.72667
1.66023	0.0455298	0.60129
0.359703	1.6345	1.3539
1.80196	0.0170985	0.200741
0.252346	1.99328	0.670879
0.00407016	3.72929	1.20782
0.0039828	1.53471	2.42164
0.020798	2.37887	1.76963
0.332055	1.75156	0.466145
1.07348	0.453667	0.505468
1.77916	0.0204138	0.607148
0.0993693	2.72754	0.462649
1.12296	0.432989	0.0258616
0.617736	0.0211438	4.16699
0.00678823	0.165331	4.90263
0.27247	0.0189618	4.2141
0.845931	0.759331	0.231619
0.98455	0.100811	1.5348
1.44191	0.145729	0.858153
0.628713	0.454681	1.25538
0.649815	0.0314581	2.78453
0.092232	1.79679	1.50654
0.286358	0.337112	3.27717
0.192979	0.0705292	4.36454
0.0180096	2.41598	2.2374
0.355863	0.276486	2.7453
0.342167	1.70897	1.35987
0.639675	0.0245435	3.2899
0.00892873	3.55749	0.7173
1.47093	0.116163	1.11413
0.214406	0.488134	2.85432
0.000212798	3.92688	0.237678
0.0159752	0.591917	3.7423
0.00861876	0.0620247	5.60971
0.10532	2.76489	0.394722
0.183995	1.28115	2.34851
0.386741	0.826289	1.45982
1.1424	0.0370914	2.03062
1.85829	0.0106631	0.353272
0.158125	1.39187	2.20106
0.771003	0.803835	1.04425
0.292694	0.335926	3.38157
1.62958	0.0676769	0.110041
0.17651	2.32236	0.74428
1.50075	0.12289	0.523302
0.375638	0.811499	1.96426
0.0325517	3.22034	0.377624
1.16021	0.0269543	1.61078
0.039599	3.15677	0.46251
0.21424	2.09384	0.974276
0.809162	0.737028	1.16781
0.405312	1.59316	0.295482
0.0148367	3.50574	0.155288
0.255884	0.0515397	3.99673
0.310129	0.374832	2.87698
0.394923	1.58197	0.302374
0.194778	1.31506	1.7417
0.484576	1.37069	0.0669442
0.0677173	3.01128	0.184284
0.441592	0.722632	1.56207
1.75881	0.0242844	0.864418
0.298806	0.343074	3.04352
0.0409654	3.13672	0.241703
0.0660738	0.935473	3.1708
0.0357832	0.429985	4.06995
0.245562	0.460458	3.05318
0.0193649	2.34678	1.93661
1.01858	0.0730376	1.99908
0.315924	0.394232	2.48373
0.0518272	2.1659	1.31881
0.402777	0.184036	3.4596
1.27868	0.00703514	1.64825
0.0472706	2.05193	1.61876
0.121708	0.13756	4.58311
1.70209	0.00163303	5.83407
1.87045	0.00921795	0.188376
0.0122561	3.46833	0.658247
0.129829	0.174497	4.13446
0.254661	0.0251466	4.43424
0.156189	0.141771	3.89411
0.0856879	2.81271	0.397347
0.481215	1.41488	0.463512
1.00491	0.564465	0.0306975
0.0671201	0.932894	3.17122
0.228474	2.12216	0.480923
0.362958	0.0328319	3.83413
1.02428	0.468484	0.897218
1.10525	0.0469206	1.66018
0.0710499	1.90691	1.55919
0.106756	0.169895	4.66004
0.709038	0.0176611	2.56644
0.0688852	1.84587	2.31435
0.0335521	3.27278	0.0353205
1.71255	0.025733	0.934096
0.946169	0.132359	1.58197
0.557432	0.497189	2.01742
0.0483436	3.00155	1.03579
0.523451	1.23097	0.638748
0.270711	0.0169536	4.58874
0.862065	0.680211	1.20741
0.139289	2.5147	0.792187
0.110731	2.663	0.131286
1.20512	0.298144	1.11631
0.0779471	0.00806528	4.98077
1.29083	0.241416	0.518963
0.590937	1.16146	0.151815
0.130742	2.5607	0.402438
0.714402	0.901635	0.641197
1.07485	0.0679099	1.41598
1.34492	0.186495	1.05082
0.0949961	2.66981	1.05479
0.118368	2.6127	0.149626
1.3009	0.0055619	1.64829
1.44464	0.145981	0.782812
0.164275	2.29585	1.04316
0.822747	0.0147844	2.47494
0.125524	2.58397	0.468204
0.688706	0.0242197	2.98492
1.9441	0.000299152	0.45925
0.00562426	3.62083	1.20721
0.834852	0.69174	1.09317
0.883441	0.636237	0.855046
0.741776	0.00667165	2.61422
1.92411	0.00293663	0.263299
0.574633	1.12353	0.890978
1.10584	0.393772	1.12032
0.138423	0.206999	3.66154
0.791511	0.750026	0.862612
1.83285	0.0130598	0.120214
0.260353	0.0501531	3.93322
0.328132	0.410013	2.43855
0.730771	0.873862	0.332846
0.0160202	0.735228	3.61128
0.0887887	2.84187	0.085385
0.235868	2.03434	0.75532
0.359629	0.897077	1.36034
0.0467615	1.12787	2.53473
0.368889	0.0222274	3.83473
0.395281	0.853048	1.40776
1.37845	0.190665	0.394719
0.0304787	3.24107	0.761001
0.339817	0.302309	2.52669
1.83016	0.0143027	0.485682
0.193924	0.557615	2.92038
0.0060873	0.0222562	5.96883
0.499558	1.3208	0.274837
0.547642	1.20356	1.14878
0.0305843	3.30901	0.000474786
0.000257022	0.000257022	6.00025
0.21343	2.21928	0.195393
1.70398	0.0374374	0.947843
0.000538768	1.28751	5.52206
0.850761	0.676235	0.666436
0.0885739	0.00672543	4.85384
1.29908	0.224742	0.904368
0.389599	1.54562	1.10251
1.48862	0.113725	0.896553
0.184422	0.511493	3.46686
0.067222	0.302318	4.40249
0.189523	0.0951681	3.80089
0.00266449	1.4017	4.11881
0.0345367	2.12803	1.46421
0.10284	0.18057	4.52658
0.119535	0.22501	3.68838
0.0175473	3.4174	0.241688
0.132227	0.217593	3.59242
0.685738	0.00207428	4.31482
1.45489	0.152599	0.133114
0.0383036	2.03181	2.04711
0.0580463	0.29102	4.62547
0.434854	0.725904	1.61049
1.89884	0.00747446	0.100545
0.313756	1.76678	0.933702
0.883762	0.63908	0.598441
0.987141	0.521652	0.473404
1.86855	0.00832	0.0399568
0.475426	0.630294	2.23727
0.0109056	2.30714	2.27014
1.92829	0.00327208	0.000668551
1.95958	0.00143623	0.000610479
0.0177993	3.35888	0.884662
1.57547	0.0863151	0.362788
1.74971	0.0334553	0.0642288
0.666934	0.0667732	2.60913
0.0535988	0.0237595	5.36883
0.578421	0.0522733	3.10934
0.353451	1.68523	0.397406
0.689016	0.970107	0.251924
0.0448131	2.07961	1.84066
1.25206	0.246032	0.879347
0.146077	2.44352	0.871241
1.15769	0.346949	0.425024
0.959096	0.573878	0.185774
1.21942	0.0137879	2.35988
1.35507	0.207032	0.122016
0.0676595	0.320928	3.97681
0.0332947	3.24306	0.203935
0.893122	0.653053	0.549475
0.700822	0.921664	0.304609
0.0021158	1.33884	5.05532
0.415341	1.50456	0.815687
0.000443903	3.8028	1.49024
0.45658	0.138281	3.36795
0.730741	0.907563	0.115811
0.0469333	3.13666	0.183955
0.00119055	3.88835	0.221091
1.67583	0.0326945	1.16808
0.816768	0.753893	0.525625
0.541112	1.22334	0.333407
0.076383	0.277165	4.2151
0.115185	2.60404	0.509957
0.0956525	2.74663	0.319819
0.560662	0.541635	1.34617
0.594576	0.465983	1.41878
1.54655	0.0855084	1.05255
1.66177	0.0404166	0.96426
0.192452	1.37258	1.80117
0.00770122	3.65103	0.300575
0.162128	0.167453	3.86618
0.786534	0.00961626	2.53999
0.384589	1.59466	0.438349
0.000545386	1.20726	5.95429
0.339208	1.72662	0.859395
0.131471	2.62094	0.0458149
0.158631	2.38061	0.871029
0.0471511	0.0310671	5.36139
0.905372	0.667037	0.0803699
0.442976	0.210811	2.80792
1.62066	0.0716277	0.277036
0.0581166	0.0174203	5.1341
0.044743	3.07814	0.938036
0.330142	0.337714	2.94926
0.056415	2.96186	0.619628
1.33656	0.0048547	1.26405
0.000453177	1.31872	5.23579
0.275745	0.3967	2.76274
0.172383	0.619358	3.05408
0.00332794	1.45795	3.65321
0.718537	0.00343757	3.43654
0.0250335	3.46765	0.0706075
1.12154	0.0263727	2.45477
0.305824	1.8363	0.836636
1.64025	0.0523606	0.968631
0.105156	2.68485	0.370801
1.1829	0.0301808	1.24608
0.943273	0.593775	0.186038
0.231902	2.11438	0.224248
0.037633	0.0996608	4.95305
0.00720125	3.71599	0.093203
0.0586621	2.00321	1.38661
0.0756044	2.83674	0.981287
0.037301	0.0287566	5.77886
0.243366	0.443707	2.72219
0.0562315	1.96058	1.43005
0.522184	1.25565	0.33543
0.0638	2.92016	0.621554
1.40093	0.15957	0.615137
0.00181658	3.72247	1.90084
0.292022	1.81972	1.09523
0.336428	1.73415	0.578301
0.229704	0.455997	2.92894
0.25544	1.15934	1.67344
0.0335295	1.20242	3.20099
0.0854486	2.79931	0.335628
1.75884	0.026772	1.18505
1.59418	0.063846	1.14791
0.0219213	3.51814	0.0706075
0.0188586	2.2623	2.15868
0.0731379	2.89037	0.443073
0.0360977	3.20769	0.708111
1.98906	0.000845959	0.0398951
0.0609972	3.00561	0.281928
1.10295	0.425119	0.454229
0.203113	0.560346	2.47369
0.373363	1.64035	0.257225
0.0441918	3.19023	0.067175
0.27468	1.87622	1.12038
0.921916	0.138168	1.95673
0.657162	1.04462	0.0711818
0.746581	0.00270324	2.87239
0.621106	1.10407	0.0096312
0.169787	0.585957	3.29937
0.148441	2.51299	0.0737196
0.0927547	0.882611	2.84393
1.10837	0.416411	0.469445
0.657777	0.396578	1.2835
0.686052	0.341216	1.75856
0.0486063	3.02911	1.11918
0.223044	0.475761	2.96907
0.0893859	0.860443	3.01249
1.77288	0.0188727	0.377161
1.05337	0.457818	0.797726
0.0137577	3.56726	0.0111855
1.14328	0.36039	0.853275
0.767238	0.856306	0.00239297
0.0574554	0.0238805	5.18982
0.130135	1.58013	1.76225
0.704032	1.02159	0.0249989
1.82535	0.0154914	0.152704
0.00993326	0.579485	4.35213
0.129867	2.56872	0.471671
0.773842	0.80001	0.762175
1.01832	0.0778582	2.08774
1.43554	0.144615	1.02082
0.0150373	2.35538	2.18008
0.287157	0.0224057	4.04018
0.832988	0.705034	0.723845
0.00946843	0.000326799	5.88094
1.51101	0.0943009	1.05246
0.364845	1.65384	0.32479
0.0124497	0.144525	4.94011
0.645216	0.395662	1.86737
0.0453448	3.111	0.778013
1.79568	0.0213624	0.117889
0.159062	2.47494	0.0135568
0.630273	0.038977	3.02868
0.923042	0.598399	0.777382
0.581142	1.14939	0.200002
0.386946	0.253064	2.49729
0.42671	0.770492	1.84376
0.708196	0.995608	0.0572119
0.203897	0.0670209	4.03375
0.266406	1.12884	1.64923
0.297814	1.80001	1.17832
0.268148	0.374008	3.40084
0.0467533	0.0226234	5.60129
1.14121	0.377405	0.438523
0.179722	1.44486	1.43635
0.50533	1.37739	0.0107659
0.0760463	0.277615	4.19039
0.166246	0.609471	3.21837
0.000270129	1.20342	5.95733
0.000279067	0.038389	5.98225
0.000382042	0.00030748	5.96582
0.000322825	3.97336	0.000277603
0.525897	0.00304179	5.62001
0.0941071	1.74031	1.63539
0.00591455	0.106995	5.3487
0.38067	1.62371	0.222347
0.0385602	3.19273	0.360394
0.618187	0.000954725	5.74073
0.0790162	2.78781	1.00271
1.78618	0.00148854	3.95998
0.0479792	3.07278	0.784551
0.254463	0.442281	2.83162
0.00771494	0.59635	4.62565
1.70575	0.0435893	0.574946
1.49085	0.11487	0.666135
1.59851	0.0775823	0.693268
1.87101	0.00843252	1.03435
0.726095	0.902454	0.421812
0.0116825	3.57034	0.812874
0.70237	0.00164132	3.88434
0.0129152	0.446525	4.75986
0.0242829	1.23771	2.72006
0.00982651	2.62519	1.44356
0.598572	1.15514	0.245576
0.977374	0.545713	0.206992
0.0104899	1.37688	3.15996
0.212742	2.27669	0.0214874
0.00141201	3.71378	1.15218
1.67656	0.0500361	0.875763
0.20127	2.35058	0.0544177
1.02963	0.517107	0.153893
0.238147	2.08991	0.272015
0.286808	0.378898	2.91869
0.0383279	0.382369	4.23184
0.0811562	2.98251	0.0341623
0.00386434	0.151247	5.12504
0.222428	1.26278	1.60291
0.000458313	3.61703	3.60661
1.12398	0.0496283	1.68193
0.453924	0.669119	1.89132
0.21346	0.485864	3.40949
0.00399435	3.86452	0.00282374
1.45138	0.122868	1.10355
0.168262	2.38889	0.721922
0.0777156	1.79476	2.2326
0.0568891	3.06662	0.331924
1.91381	0.00431095	0.335264
1.83455	0.00148329	2.5147
0.0169451	0.129593	5.06482
0.190366	1.44619	1.26732
1.15904	0.0174439	2.31839
0.0738641	2.92762	0.258451
0.104363	2.67269	0.593468
0.309599	0.0065031	4.41388
0.149143	2.5327	0.319796
0.908615	0.642524	0.800076
1.33266	0.00514477	1.35737
0.00615094	0.109278	5.30842
0.555491	0.0652395	3.5138
0.0503072	1.08861	3.25187
0.538006	0.579328	1.54336
1.51531	0.1049	0.797415
0.390617	0.759282	2.01209
1.74162	0.0255747	0.868247
0.370406	0.798968	2.16286
0.00698271	3.8058	0.00453822
0.417784	0.725348	1.85045
0.35941	0.262445	3.1085
0.658049	0.950675	1.05019
0.128387	1.56698	1.94834
0.466492	1.3989	0.368568
0.132122	0.125051	4.80863
0.46374	0.183436	2.60675
0.681528	0.00905839	3.34496
1.29718	0.236432	0.58852
0.014935	1.24763	3.49979
1.01548	0.0696848	2.05522
0.950685	0.600963	0.0413645
0.0608896	1.02731	2.91089
1.7667	0.0352177	0.0220806
0.163643	1.50382	1.42089
0.197693	2.23219	0.300991
0.0225214	0.127007	4.88414
0.212318	2.14422	0.94292
0.755402	0.313611	1.25891
0.0296915	3.28866	0.634578
0.0927485	0.215504	4.35707
0.13894	0.657612	3.38258
0.626391	1.06972	0.493197
0.329486	1.87035	0.0187432
0.160518	0.126268	3.80858
0.0018793	2.73217	1.22948
1.41561	0.138848	1.17454
0.235601	2.0711	0.567105
1.18131	0.0354856	1.70607
0.274808	0.0181839	4.13211
0.110729	1.59046	2.36008
0.0247175	3.41771	0.125357
0.0159824	0.0325777	5.80749
1.27282	0.243458	0.734698
0.223138	0.425552	3.6027
0.924314	0.617691	0.797999
0.841013	0.6934	0.947973
0.408645	0.236088	2.66056
0.0444158	1.12546	2.57786
0.512119	0.597646	1.4731
0.0302066	3.35363	0.0919161
0.0976524	1.8435	1.26908
0.0897719	2.7091	1.03638
0.887657	0.64279	0.416924
0.0695516	1.93765	1.38972
0.308408	0.00618166	4.46351
1.3132	0.00299212	1.38656
0.0040038	3.66322	0.542148
1.10302	0.0576076	1.58251
0.800524	0.784092	1.07298
0.0284962	3.27644	0.75895
0.0117667	1.56022	2.43115
0.16172	2.42108	0.164675
1.42579	0.146797	1.10571
0.0254991	3.44308	0.0847302
0.296331	0.390455	2.48873
0.0699907	1.88376	1.72821
1.21457	0.3003	1.19974
0.583897	1.11895	0.62571
0.273051	0.355159	3.40301
1.39599	0.166424	0.731082
1.36774	0.199473	0.197106
0.490296	1.35496	0.642235
0.339101	0.280457	3.01563
1.53813	0.0924438	0.611463
0.0835275	2.88548	0.603644
0.428681	0.722738	1.80248
0.989862	0.553701	0.0464096
0.0162696	3.36548	1.08773
1.84526	0.00995731	0.799749
0.00633281	0.117684	5.2029
1.10248	0.0483567	2.26043
0.0327171	0.4202	4.55962
0.0285254	0.0517278	4.98994
0.0121392	0.0123082	5.91352
0.563912	1.22394	0.0125206
0.400935	0.743714	1.98097
1.19526	0.309706	1.1182
1.56763	0.06661	1.07309
0.355379	0.888132	1.43363
0.634903	1.00067	1.06136
0.00812866	2.4993	1.50672
1.07498	0.0521438	2.13723
0.742926	0.866877	0.508116
0.0351941	3.22829	0.819733
0.127116	2.56146	0.609676
0.0327171	0.4202	4.55962
0.825068	0.777376	0.00657367
0.0501227	1.95618	2.21831
0.528773	1.3193	0.00959931
1.62283	0.0658568	0.464585
0.0314434	0.469842	4.00731
1.16704	0.0221131	1.77032
1.27595	0.247611	0.654479
0.28169	0.995705	2.35695
0.412357	0.71268	2.10421
0.0535938	0.362112	4.37278
0.0980457	1.81153	1.20258
1.94821	0.00173099	0.000373991
1.05991	0.0826294	1.58767
0.300104	0.331058	3.10098
0.781427	0.820907	0.421667
0.196359	0.109973	3.68155
0.074089	1.90145	1.21606
0.443898	0.175317	2.85326
0.574795	0.0676552	3.02404
1.35555	0.213737	0.436741
0.117327	0.173754	4.13169
0.00158721	3.82071	0.188218
0.0546099	1.03683	3.09599
0.413013	1.52979	0.470827
1.81123	0.0190854	0.188698
0.862285	0.689606	0.155302
1.97971	0.000592531	0.00185639
0.130124	2.50943	0.928193
0.104827	0.250704	3.66245
0.818705	0.749444	1.04706
