5.47766e-17	3.15905e-17	1.03268
1.00107	7.79942e-07	0
0.712533	0.243427	0.664113
0.41097	0.374283	0.854741
0.700266	0.47548	0.541898
0.201611	0.895442	0.400905
0.940257	0.0265983	0.360111
0.307227	0.583404	0.757703
0.0769811	0.208572	0.983747
0.89667	0.115671	0.4333
0.84582	0.163036	0.515408
0.356412	0.230857	0.912062
0.327613	0.579982	0.771781
0.516831	0.34006	0.788529
0.75589	0.538071	0.382176
0.0278485	0.711142	0.70761
0.502532	0.653144	0.569606
0.315338	0.281512	0.909713
0.597217	0.785804	0.180126
0.855748	0.514845	0.151405
0.230681	0.912616	0.352668
0.583969	0.54759	0.612386
0.460218	0.147528	0.89456
0.231565	0.935861	0.286248
0.351581	0.943049	0.0331589
0.0257848	0.283244	0.96559
0.361908	0.719423	0.596995
0.776645	0.601038	0.224975
0.833646	0.553431	0.0525927
0.177579	0.987013	0.0435859
0.930608	0.120049	0.351
0.887214	0.0458651	0.465788
0.621049	0.77283	0.14796
0.0830023	0.620626	0.783058
0.764765	0.531968	0.383719
0.576647	0.184058	0.797569
0.418951	0.630112	0.664542
0.0411216	0.714127	0.701901
0.284632	0.734591	0.624195
0.562344	0.821071	0.169452
0.294284	0.197447	0.939332
0.127062	0.987199	0.109746
0.90846	0.4136	0.099533
0.921686	0.0727374	0.3907
0.472999	0.878185	0.189934
0.454867	0.743041	0.50057
0.385348	0.665426	0.640978
0.949391	0.0769262	0.316075
0.0861245	0.569446	0.81936
0.550388	0.656917	0.525844
0.371853	0.702245	0.631319
0.836965	0.319069	0.479781
0.901825	0.0992923	0.426698
0.17496	0.27519	0.951292
0.534455	0.848239	0.00129403
0.0578236	0.699838	0.713915
0.225296	0.64331	0.734189
0.26185	0.217248	0.943153
0.220772	0.00903648	0.977694
0.759255	0.587167	0.302524
0.562942	0.223334	0.797985
0.449252	0.352849	0.839209
0.469969	0.84741	0.274297
0.722838	0.696407	0.063099
0.665337	0.74738	0.0122414
0.877604	0.0350768	0.506597
0.729211	0.639951	0.26452
0.487902	0.331285	0.809786
0.860447	0.262989	0.442947
0.521252	0.65479	0.556905
0.377892	0.599279	0.722271
0.26647	0.916915	0.317947
0.191921	0.923653	0.346859
0.588504	0.331046	0.742734
0.763179	0.6199	0.259287
0.672231	0.367986	0.648062
0.536262	0.8455	0.138069
0.726493	0.637565	0.284468
0.159246	0.979707	0.158424
0.27222	0.108524	0.957726
0.976944	0.25609	0.0934681
0.810429	0.196822	0.561893
0.248941	0.803308	0.566764
0.0663204	0.728525	0.687962
0.254627	0.858054	0.449207
0.0191822	0.75699	0.673253
0.000544208	0.999741	0.0622082
0.816187	0.0600575	0.586317
0.182163	0.490721	0.870698
0.675455	0.326985	0.678682
0.546256	0.838011	0.0738695
0.571583	0.176359	0.805678
0.547905	0.810037	0.230516
0.452191	0.890038	0.0995675
0.450037	0.874355	0.236101
0.558288	0.333287	0.77545
0.161032	0.965964	0.216163
0.384388	0.76411	0.534855
0.684956	0.0748773	0.729947
0.274858	0.222231	0.93688
0.962768	0.128058	0.248914
0.897511	0.00125459	0.458358
0.751867	0.610711	0.272358
0.143875	0.046061	0.993695
0.491486	0.751166	0.473801
0.885455	0.170676	0.448427
0.102796	0.491615	0.866225
0.301078	0.264307	0.929251
4.07031e-17	4.60248e-17	1.00341
0.663641	0.0169303	0.753284
0.733334	0.0801658	0.679358
0.560549	0.832814	0.0923031
0.207118	0.25301	0.953845
0.0527005	0.701606	0.715298
0.997426	0.0951119	0.0199166
0.290317	0.377326	0.881236
0.746196	0.421763	0.553802
0.0742935	0.565833	0.824659
0.478124	0.291527	0.845907
0.82628	0.0903264	0.573758
0.338094	0.445797	0.830864
0.796581	0.612507	0.0859455
0.501267	0.054797	0.86658
4.03524e-17	4.79739e-17	1.02378
0.21391	0.141209	0.970171
0.661215	0.362117	0.662084
0.123061	0.559648	0.838877
0.142073	0.679454	0.737655
0.626963	0.608069	0.501503
0.871488	0.477275	0.128974
0.571564	0.307992	0.77801
0.920028	0.0877315	0.390552
0.643146	0.433766	0.637064
0.686789	0.452659	0.580314
0.674534	0.674421	0.307946
0.153846	0.969251	0.197791
0.116768	0.882008	0.461192
0.423167	0.579729	0.701075
0.213461	0.957347	0.203584
0.877041	0.260922	0.487793
0.935209	0.171065	0.340583
0.959253	0.277729	0.0699583
0.476023	0.882816	0.117669
0.741227	0.675084	0.0845193
0.219669	0.867905	0.449325
0.734349	0.00609667	0.685257
0.0434711	0.470241	0.883465
0.94559	0.346429	0.0988066
0.591819	0.78992	0.168064
0.397432	0.597473	0.70074
0.98242	0.19007	0.0738922
0.785508	0.556907	0.304998
0.0424101	0.458764	0.889154
0.913798	0.0147154	0.418573
0.817564	0.44162	0.39267
0.833729	0.270399	0.519376
0.632464	0.755944	0.21093
0.258711	0.452242	0.868033
0.0463381	0.60887	0.794261
0.602254	0.46262	0.655752
0.392473	0.776642	0.515641
0.249116	0.784554	0.589728
0.77955	0.0245709	0.628012
0.644898	0.432687	0.637764
0.538316	0.30805	0.790508
0.604616	0.788353	0.123888
0.552197	0.816383	0.204463
0.656145	0.499935	0.575885
0.868578	0.466755	0.204556
0.609765	0.792403	0.110446
0.132739	0.788477	0.606456
0.479849	0.779958	0.411194
0.182419	0.780747	0.610139
0.134915	0.296865	0.95125
0.915568	0.106463	0.405489
0.496414	0.866089	0.213635
0.286979	0.432956	0.865398
0.905293	0.175148	0.393926
0.282066	0.154475	0.949756
0.989118	0.127596	0.114617
0.334823	0.68903	0.675673
0.196541	0.347494	0.927012
0.014392	0.567953	0.837205
0.631746	0.195086	0.75392
0.433362	0.574203	0.698833
0.00877924	0.769578	0.643784
0.601294	0.781506	0.194496
0.357287	0.936067	0.0074584
0.394634	0.76322	0.522651
0.219239	0.973738	0.0818183
0.0100185	1.00009	0.0235998
0.127494	0.983432	0.150341
0.814265	0.592685	0.0654582
0.913221	0.0339102	0.418542
2.58323e-13	1.00095	0.00655666
6.9459e-07	1.00052	0
4.79423e-17	3.97816e-17	1.0174
0.236981	0.55523	0.806732
0.670676	0.15031	0.729336
0.412609	0.915966	0.126695
0.507777	0.0810007	0.859122
0.825224	0.57509	0.110088
0.984834	0.118472	0.13562
0.835845	0.533173	0.15233
0.0442629	0.332281	0.946726
0.0841706	0.864694	0.512613
0.800567	0.392498	0.478027
0.86388	0.285575	0.423044
0.477854	0.878327	0.0699535
0.49285	0.0996498	0.873365
0.293381	0.192143	0.943853
0.741897	0.369925	0.565158
0.298746	0.406102	0.885344
0.51379	0.66503	0.576269
0.528706	0.0639977	0.846831
0.991347	0.12442	0.0964433
0.636279	0.721115	0.29936
0.227465	0.609183	0.775176
0.0583496	0.760997	0.653636
0.750501	0.0549941	0.661636
0.141299	0.240478	0.968029
0.593426	0.749682	0.303031
0.854786	0.144117	0.500441
0.289736	0.354844	0.903747
0.775557	0.359784	0.524196
0.959768	0.0450396	0.284617
0.429236	0.845951	0.321317
0.828699	0.470623	0.33566
0.464248	0.260292	0.849057
0.944412	0.291546	0.174746
0.00667844	0.993306	0.14092
0.768156	0.384824	0.53535
0.716886	0.662355	0.245277
0.267116	0.951778	0.192753
0.317172	0.207724	0.926851
0.0765976	0.82609	0.580332
0.952162	0.300358	0.0654562
0.149114	0.253778	0.961369
0.448552	0.389961	0.817222
0.347025	0.788852	0.508499
0.39928	0.64799	0.689626
0.682325	0.601151	0.466543
0.362996	0.934985	0.0306506
0.571268	0.776557	0.327535
0.307891	0.74586	0.606002
0.619508	0.638564	0.472416
0.873555	0.257324	0.418389
0.550875	0.312223	0.789701
0.276081	0.522425	0.811048
0.366513	0.922771	0.150886
0.0912493	0.798801	0.598357
0.931786	0.248481	0.308783
0.648981	0.0162267	0.788001
0.358982	0.228015	0.914376
1.00055	0.00943089	0.0696222
0.0699154	0.97787	0.225104
0.0160098	0.789771	0.656296
0.855276	0.479531	0.225992
0.133072	0.507403	0.862762
0.541077	0.122296	0.846067
0.913951	0.408969	0.0198379
0.4558	0.342637	0.82516
0.182898	0.875473	0.449427
0.297509	0.615133	0.734455
0.836717	0.136299	0.548502
0.339507	0.84257	0.428023
0.585611	0.27388	0.769761
0.392593	0.822059	0.415315
0.194534	0.781211	0.611173
0.109521	0.958748	0.268473
0.0349755	0.904692	0.456503
0.901246	0.284297	0.368947
0.101104	0.445832	0.893351
0.920579	0.208072	0.341404
0.424777	0.766914	0.485251
0.416161	0.827037	0.406766
0.752374	0.579432	0.349546
0.498167	0.811743	0.326091
0.204532	0.621371	0.779829
0.157428	0.687669	0.710237
0.265587	0.970357	0.0483524
0.216496	0.90436	0.396581
0.454385	0.834275	0.353429
0.185013	0.721533	0.677733
0.808433	0.589275	0.0562471
0.765125	0.171477	0.627008
0.956254	0.296598	0.0765534
0.462452	0.628638	0.648019
0.784586	0.488176	0.388165
0.69761	0.203998	0.697147
0.18227	0.98507	0.0126161
0.848383	0.527871	0.0911367
0.463393	0.850929	0.258531
0.820589	0.248443	0.520673
0.120569	0.0808729	0.994311
0.575459	0.322645	0.754773
0.987905	0.178115	0.0167702
0.357441	0.224622	0.915111
0.944737	0.232544	0.234006
0.692455	0.0247617	0.722393
0.170678	0.211688	0.963984
0.112504	0.994482	0.0443458
0.519923	0.161255	0.840375
0.00309788	0.678516	0.741296
0.89604	0.00192518	0.531715
0.258338	0.963383	0.180826
0.772512	0.132763	0.622729
0.505925	0.181977	0.850168
0.0878373	0.21799	0.975803
0.19705	0.0494345	0.981734
0.622107	0.705627	0.346259
0.387988	0.318559	0.871952
0.0246954	0.837166	0.549373
0.110109	0.983952	0.156174
0.621136	0.727075	0.297671
0.727134	0.0725437	0.685083
0.598638	0.696407	0.405351
0.530634	0.869924	0.101944
0.0972871	0.934955	0.360314
0.442679	0.903995	0.00614372
0.249238	0.131688	0.967027
0.419355	0.770803	0.484041
0.813407	0.408955	0.438503
0.241507	0.930125	0.286875
0.778562	0.465294	0.437638
0.610427	0.0999878	0.797876
0.368266	0.914225	0.190145
0.586621	0.280796	0.766768
0.788832	0.489972	0.378044
0.599937	0.757907	0.288502
0.58229	0.421455	0.704535
0.37734	0.427226	0.824847
0.220612	0.803556	0.558622
0.444401	0.88836	0.180082
0.811069	0.569456	0.214695
0.927097	0.279904	0.253959
0.9049	0.109534	0.415548
0.841331	0.522359	0.164184
0.32855	0.507874	0.834446
0.70667	0.456821	0.548762
0.9579	0.105843	0.268121
0.0895263	0.560731	0.825656
0.0253108	0.647838	0.762036
0.370292	0.897026	0.274551
0.459353	0.86923	0.196908
0.941467	0.103903	0.330603
0.663383	0.423207	0.630683
0.336239	0.0281746	0.952941
0.0394326	0.267913	0.963654
0.557133	0.714583	0.460347
0.0269164	0.732362	0.69498
0.221985	0.963781	0.179303
0.776371	0.352788	0.533059
0.558327	0.00310247	0.835665
0.640429	0.740835	0.223379
0.53869	0.519514	0.695612
0.733175	0.496305	0.489216
0.0682563	0.702903	0.716548
0.00281647	0.682935	0.746122
0.0591199	0.330973	0.950333
0.0952334	0.199411	0.976276
0.00996282	0.945655	0.329616
0.606858	0.438112	0.67369
0.321935	0.268402	0.923318
0.853519	0.48225	0.207333
0.199911	0.418598	0.88885
0.761448	0.515448	0.431627
0.396031	0.708346	0.587939
0.604014	0.432144	0.681049
0.712612	0.670435	0.223182
0.761695	0.633368	0.200923
0.728686	0.501086	0.494622
0.384017	0.62322	0.719928
0.694171	0.587088	0.467062
0.611916	0.437797	0.667338
0.436496	0.37948	0.83471
0.0939688	0.969585	0.244798
0.235921	0.0386438	0.986225
0.212602	0.946249	0.252243
0.890409	0.41643	0.212953
0.680818	0.621083	0.39057
0.879553	0.472931	0.0820511
0.249811	0.930396	0.276697
0.885639	0.458639	0.0933752
0.794042	0.135425	0.594622
0.343961	0.905399	0.323995
6.1242e-17	6.63585e-28	1.00016
4.43935e-17	4.35206e-17	1.01528
0.746526	0.693473	0
2.25578e-05	1.00745	0.00107885
0.7388	0.575128	0.388529
0.272411	0.959367	0.0972955
0.0207786	0.969958	0.254667
0.134625	0.118836	0.991823
0.0739278	0.829492	0.555808
0.958241	0.0437774	0.292023
0.946599	0.175325	0.277724
0.681202	0.156121	0.729567
0.775627	0.0271164	0.657295
0.602392	0.790928	0.134054
0.652518	0.711234	0.264542
0.887307	0.128602	0.462876
0.756392	0.38396	0.544141
0.771462	0.63851	0.0564436
0.814485	0.274273	0.541452
0.0302257	0.814926	0.594749
0.504637	0.858532	0.126568
0.444586	0.534826	0.725435
0.846148	0.239216	0.497065
0.163469	0.892745	0.424571
0.0713604	0.705474	0.710145
0.795225	0.0556325	0.634038
0.952934	0.319639	0.103805
0.0337569	0.389845	0.934501
0.204845	0.461713	0.86812
0.82848	5.64613e-06	0.571247
0.859317	0.258913	0.459397
0.414633	0.602906	0.684168
0.72449	0.542054	0.445751
0.880549	0.473749	0.0714423
0.148531	0.0791923	0.986222
0.705869	0.161774	0.704937
0.365275	0.568195	0.761316
0.589921	0.0802502	0.813909
0.32622	0.946615	0.0611974
0.575024	0.174758	0.80056
0.712476	0.627318	0.338861
0.674159	0.684491	0.289015
0.27592	0.823822	0.51203
0.894449	0.413555	0.178375
0.242928	0.144958	0.967104
0.000551996	0.994102	0.153952
0.657177	0.342103	0.681405
0.410089	0.180788	0.897549
0.864927	0.289116	0.434357
0.132242	0.196449	0.978199
0.788063	0.150036	0.622804
0.678343	0.643999	0.39845
0.762911	0.594092	0.307703
0.183324	0.940536	0.332189
0.175848	0.960354	0.22287
0.394837	0.907116	0.204542
0.407119	0.821991	0.453692
0.965058	0.171124	0.212486
0.516792	0.679719	0.525504
0.491835	0.842451	0.228041
0.448925	0.587862	0.674486
0.796679	0.397968	0.489622
0.609667	0.487826	0.656303
0.234034	0.623964	0.749275
0.474993	0.883977	0.0194156
0.962265	0.276882	0.0860063
0.190938	0.738502	0.651117
0.426293	0.0874363	0.908872
0.383937	0.925201	0.0257258
0.218477	0.508632	0.837235
0.69101	0.664568	0.293858
0.434497	0.808613	0.40973
0.582937	0.490864	0.647926
0.744308	0.177067	0.660798
0.396129	0.476533	0.788761
0.913521	0.37594	0.250654
0.173251	0.279998	0.949559
0.715939	0.495082	0.502859
0.34578	0.730434	0.589394
0.211445	0.525175	0.84767
0.920792	0.247424	0.31022
0.770803	0.653755	0.0347934
0.461815	0.551956	0.699124
0.645585	0.336069	0.689162
0.262561	0.745003	0.61505
0.733523	0.650361	0.232091
0.422374	0.34799	0.860872
0.159401	0.263561	0.952774
0.904687	0.409119	0.134016
0.9367	0.221718	0.284468
1.48559e-05	0.663479	0.754767
0.0145483	0.972394	0.321315
0.318637	0.45062	0.834304
0.668618	0.583413	0.479542
0.521241	0.876651	0.00709273
0.0186772	0.869226	0.495699
0.466039	0.557004	0.692622
0.981065	0.0609037	0.187702
0.804631	0.231525	0.562077
0.139259	0.378632	0.919734
0.839583	0.416308	0.36129
0.355999	0.786128	0.523596
0.932469	0.017759	0.37245
0.953009	0.256081	0.163013
0.982421	0.00774308	0.192428
0.90075	0.403241	0.25041
0.698	0.614573	0.374287
0.299082	0.300302	0.920898
0.0618187	0.443229	0.910076
0.209497	0.520335	0.853737
0.153733	0.309925	0.941203
0.929417	0.0920274	0.372979
0.870608	0.204579	0.490706
0.31812	0.952405	0.0324193
0.19774	0.7811	0.611071
0.00905252	0.672849	0.74287
0.700121	0.513743	0.506445
0.238835	0.0120692	0.97326
0.974001	0.222464	0.114379
0.989577	0.134618	0.0808506
0.979241	0.0573753	0.19875
0.789437	0.398978	0.476099
0.36103	0.745842	0.576816
0.909414	0.125289	0.402615
0.939371	0.192673	0.308658
0.89173	0.449807	0.0797429
0.341106	0.891542	0.350881
0.246139	0.611345	0.773933
0.920664	0.233477	0.315267
0.227371	0.925839	0.328594
0.588017	0.800814	0.118057
0.281087	0.947288	0.169193
0.249094	0.900206	0.367903
0.294165	0.414745	0.873895
0.489152	0.849722	0.229197
0.667485	0.547006	0.591642
0.579082	0.794979	0.217003
0.481357	0.866839	0.149556
0.0856156	0.354159	0.947456
1.00123	0.00423688	0.0284652
0.0521354	0.979591	0.235588
0.55919	0.435308	0.724283
0.494158	0.65247	0.607202
0.0831814	0.292946	0.954983
0.288047	0.675467	0.686599
0.309663	0.798845	0.589059
0.0432416	0.983603	0.188998
0.403865	0.40093	0.827696
0.370139	0.30081	0.882562
0.838351	0.425564	0.362465
0.634441	0.758276	0.170107
0.521713	0.854226	0.0157098
0.378831	0.209508	0.917028
0.00784526	0.918414	0.423884
0.470509	0.345255	0.823144
0.175304	0.934463	0.352987
0.906948	0.268763	0.333073
0.0493137	0.917659	0.420896
0.451216	0.543143	0.717061
0.449712	0.722288	0.528063
0.563691	0.284337	0.777548
0.955744	0.30614	0.103647
0.0999374	0.721773	0.696123
0.224313	0.914513	0.344735
0.120071	0.178393	0.981515
0.244092	0.617552	0.767954
0.365033	0.736376	0.572124
0.78909	0.212939	0.606339
0.805547	0.582667	0.143231
0.237398	0.194629	0.960509
0.418542	0.861683	0.299213
0.409475	0.186364	0.913995
0.403378	0.466457	0.80599
0.615638	0.250548	0.748055
0.781705	0.577054	0.291548
0.641745	0.124762	0.767532
0.324848	0.0710352	0.947691
0.197209	0.503467	0.856379
0.629683	0.490345	0.602796
0.0977689	0.711791	0.706685
0.800539	0.477691	0.415068
0.391502	0.899456	0.241333
0.332003	0.810846	0.521207
0.0435623	0.990897	0.187702
0.196672	0.776881	0.616622
0.526406	0.150938	0.841376
0.0800726	0.33123	0.953039
0.357367	0.073299	0.93908
0.624411	0.120081	0.775585
0.727207	0.612347	0.312345
0.372937	0.900066	0.242405
0.545246	0.22538	0.807862
0.432687	0.806524	0.441215
3.12539e-17	5.27695e-17	1.0016
0.936187	0.35195	4.30823e-17
0.782853	0.0962519	0.636676
0.728416	0.703817	0.0452459
0.38753	0.889061	0.306495
0.035839	0.466684	0.890327
0.335015	0.476655	0.818358
0.254718	0.957619	0.172941
0.976054	0.218889	0.153251
0.687333	0.393832	0.612808
0.242593	0.855862	0.46631
0.73085	0.0286215	0.685053
0.630295	0.740007	0.238942
0.720711	0.657378	0.249655
0.79786	0.31914	0.52846
0.0737283	0.610355	0.789926
0.232314	0.459389	0.858203
0.530956	0.778624	0.34531
0.858906	0.519486	0.104247
0.122119	0.980283	0.168706
0.544997	0.691579	0.476994
0.133638	0.832417	0.549639
0.112411	0.164523	0.982565
0.868334	0.497547	0.0651581
0.954734	0.270125	0.140648
0.617022	0.782977	0.0870721
0.396626	0.571793	0.731973
0.137803	0.58042	0.81134
0.0915417	0.984338	0.163256
0.468122	0.0563461	0.893381
0.755716	0.301946	0.582328
0.667538	0.345746	0.66337
0.186067	0.944205	0.281141
0.201084	0.0539793	0.984417
0.822078	0.376188	0.432236
0.217026	0.081589	0.975093
0.162457	0.253598	0.96226
0.747113	0.28987	0.602734
0.589227	0.0411951	0.84837
0.569995	0.126666	0.838651
0.771816	0.621602	0.234992
0.169732	0.861312	0.51119
0.810892	0.562899	0.166518
0.718126	0.0360236	0.700488
0.0993072	0.789048	0.607403
0.848916	0.0674854	0.541681
0.471759	0.814106	0.342111
0.695435	0.0870751	0.71565
0.663282	0.334246	0.673427
0.616119	0.765305	0.195276
0.404011	0.877093	0.274668
0.884654	0.122951	0.454253
0.340374	0.487317	0.805367
0.381557	0.93724	0.0209823
0.0191296	0.996906	0.0987358
0.815088	0.183791	0.561641
0.258784	0.410545	0.882004
0.170837	0.051189	0.99196
0.410693	0.632964	0.669605
0.397344	0.58763	0.709073
0.580103	0.257769	0.775491
0.272953	0.967316	0.122406
0.577053	0.726046	0.378384
0.1545	0.547531	0.833683
0.918407	0.399667	4.31445e-17
0.708867	0.512937	0.487202
0.552979	0.807807	0.218174
0.626463	0.77991	0.0873759
0.332174	0.821913	0.465375
0.694245	0.308488	0.652306
0.304979	0.23267	0.926081
0.506729	0.787818	0.353078
0.864812	0.0989708	0.496937
0.208229	0.711785	0.676255
0.541668	0.823049	0.232818
0.90503	0.193698	0.419943
0.651114	0.554047	0.519553
0.183346	0.644724	0.745608
0.372878	0.717664	0.591689
0.64482	0.250609	0.725524
0.0592768	0.997836	0.0751326
0.485485	0.613285	0.631379
0.445153	0.650292	0.619784
0.491905	0.00970144	0.872351
0.227572	0.570605	0.801439
0.968939	0.274144	0.0721107
0.288581	0.964417	0.032369
0.323846	0.390401	0.864492
0.47258	0.297707	0.8322
0.535512	0.679544	0.504164
0.488029	0.0209118	0.87481
0.364418	0.92537	0.123861
0.87665	0.284939	0.404875
0.47824	0.438816	0.761579
0.299846	0.455607	0.852334
0.260132	0.423034	0.874457
0.827567	0.177119	0.540127
0.0832535	0.895216	0.440957
0.417108	0.629359	0.662949
0.843536	0.531394	0.129483
0.0491421	0.406747	0.912686
1.00134	0.00293756	0.051361
0.615346	0.764377	0.201221
0.638292	0.235143	0.737978
0.548213	0.800844	0.252408
0.916442	0.381856	0.155676
0.85367	0.207266	0.488557
0.757341	0.626859	0.208281
0.600496	0.604468	0.567339
0.516371	0.756793	0.411425
0.553532	0.820854	0.20975
0.426147	0.0123054	0.918563
0.924558	0.24819	0.332041
0.818205	0.109086	0.574439
0.890417	0.448705	0.0955859
0.852751	0.526654	0.18838
0.739345	0.539832	0.449237
0.717227	0.317688	0.627054
0.656622	0.214287	0.756427
0.951242	0.255353	0.180693
0.180132	0.281189	0.950022
0.268594	0.935049	0.264802
0.585358	0.260104	0.770777
0.29872	0.227894	0.931088
0.500326	0.869083	0.0085324
0.116576	0.916088	0.391217
0.444465	0.667336	0.611661
0.523951	0.796128	0.320211
0.934309	0.199964	0.314857
0.256087	0.444404	0.88254
0.016994	0.885616	0.530067
0.897446	0.240912	0.371514
0.20734	0.715489	0.679271
0.0447152	0.370172	0.928402
0.836381	0.179005	0.537633
0.2607	0.94847	0.199577
0.281888	0.357705	0.899638
0.602874	0.379787	0.708655
0.943383	0.3061	0.154453
0.534913	0.794888	0.295236
0.180807	0.185108	0.971643
0.735125	0.157334	0.668686
0.105591	0.897608	0.434998
0.401811	0.872318	0.293475
0.170329	0.265886	0.956682
0.267431	0.33141	0.907799
0.559267	0.135099	0.826377
0.0159347	0.504325	0.874985
0.286738	0.845196	0.467847
0.221544	0.903289	0.368171
0.799392	0.117009	0.600037
0.34889	0.865909	0.362816
0.902937	0.242386	0.357445
0.356542	0.541755	0.766705
0.903279	0.431144	0.166687
0.367722	0.536382	0.772611
0.895159	0.451095	0.0229335
0.674692	0.464364	0.577714
0.361523	0.0465162	0.938158
0.429585	0.747131	0.523604
0.00401312	0.841105	0.547611
0.907185	0.225357	0.357389
0.292357	0.109208	0.953425
0.578456	0.727781	0.372744
0.450196	0.552416	0.706215
0.310584	0.527903	0.797005
0.451335	0.683323	0.578083
0.564158	0.828953	0.00467494
0.927664	0.249024	0.33087
0.975269	0.148939	0.186226
0.505781	0.0740326	0.868422
0.343089	0.136107	0.934795
0.891491	0.452544	0.058265
0.359207	0.849855	0.38987
0.350794	0.935706	0.111194
0.647984	0.761655	0.112319
0.453457	0.691113	0.57524
0.717466	0.110581	0.691955
0.0929193	0.999152	0.011878
0.128492	0.80036	0.588507
0.776426	0.360652	0.527081
0.435364	0.357754	0.826559
0.263075	0.879177	0.412107
0.128141	0.798175	0.59838
0.318807	0.502864	0.810202
0.0416753	0.905865	0.423499
0.702556	0.672684	0.284481
0.951666	0.269257	0.152468
0.528441	0.316368	0.791356
0.703069	0.620136	0.386096
0.0520418	0.92254	0.390443
0.894257	0.201003	0.406797
0.266493	0.910949	0.325827
0.377376	0.53372	0.769503
6.13195e-17	3.16217e-32	1.00142
0.707555	0.708673	0
6.10455e-17	9.40885e-18	1.00872
0.938051	0.400285	0.0330063
0.114975	0.447359	0.896212
0.851714	0.521741	0.149431
0.41023	0.872356	0.291303
0.0517591	0.979389	0.202213
0.0458587	0.215164	0.988166
0.145496	0.942676	0.307553
0.0570554	0.853377	0.52727
0.735233	0.674533	0.0835461
0.836029	0.24691	0.511236
0.625013	0.615874	0.484419
0.748908	0.621344	0.269756
0.599715	0.805866	0.00561565
0.948768	4.89267e-16	0.339834
0.915242	0.408101	0.0551152
0.260153	0.971164	0.0824596
0.247697	0.976444	0.0954735
0.301304	0.934667	0.210859
0.579503	0.0776629	0.815579
0.161829	0.445207	0.883787
0.858258	0.52944	0.02006
1.00032	0.000557812	0.0648339
0.400377	0.0566136	0.920614
0.153247	0.419408	0.900957
0.975768	0.154403	0.214418
0.98841	0.191464	0.0420523
0.784164	0.199219	0.589037
0.195948	0.0959372	0.979973
0.94619	0.23077	0.241838
0.76982	0.491414	0.42027
0.894013	0.298953	0.35393
0.690647	0.636769	0.357697
0.015577	0.0347116	0.999433
0.290577	0.765596	0.590043
0.842595	0.550237	0.0123122
0.0221134	0.792036	0.616329
0.367134	0.593116	0.740274
0.672652	0.627013	0.401741
0.371969	0.904634	0.221049
0.0316292	0.36441	0.943686
0.455559	0.711594	0.537851
0.681697	0.51152	0.536028
0.0233954	0.537617	0.848569
0.778675	0.378569	0.505121
0.100082	0.501135	0.860399
0.491964	0.869758	0.0709791
0.21026	0.312324	0.928381
0.0805919	0.565471	0.82906
0.545682	0.0384318	0.83977
0.698662	0.0110715	0.728098
0.314243	0.792719	0.547698
0.798722	0.411442	0.443446
0.884464	0.0653706	0.467821
0.764398	0.34415	0.558464
0.606821	0.590641	0.544176
0.442544	0.420619	0.802597
0.230546	0.435769	0.875261
0.338564	0.719958	0.608882
0.758122	0.169142	0.663569
0.70778	0.466074	0.559113
0.201944	0.753866	0.649351
0.830022	0.354187	0.456405
0.388243	0.885327	0.274167
0.111263	0.989002	0.130194
0.554457	0.253749	0.801568
0.553227	0.271044	0.791008
0.54175	0.287328	0.791775
0.0341871	0.39388	0.932373
0.0870662	0.970714	0.24077
0.416237	0.893442	0.177464
0.980029	0.142822	0.15361
0.694822	0.64453	0.32403
0.917049	0.223663	0.331649
0.518681	0.837944	0.185927
0.121241	0.79845	0.593262
0.0698087	1.00011	0.0478503
0.321648	0.912185	0.283173
0.357352	0.811014	0.474489
0.70923	0.69886	0.124426
0.628602	0.585952	0.55199
0.931012	0.267018	0.254541
0.111469	0.782117	0.623887
0.282176	0.649035	0.709262
0.51614	0.509479	0.701353
0.587993	0.33761	0.737618
0.281851	0.00540301	0.962666
0.16783	0.975364	0.167055
0.344647	0.908059	0.26288
0.139735	0.663232	0.737366
0.922428	0.105286	0.380195
0.010465	0.631526	0.778485
0.814164	0.0237816	0.583913
0.896492	0.138175	0.438798
0.189161	0.0867936	0.98765
0.663837	0.0467533	0.750137
0.613275	0.574313	0.56842
0.307164	0.603998	0.757729
0.0796389	0.958513	0.287397
0.236171	0.739277	0.635361
0.633844	0.779481	0.0173322
0.0549068	0.660843	0.755109
0.00654162	0.33319	0.947116
0.962785	0.22907	0.165237
0.371366	0.746727	0.584314
0.510409	0.299504	0.82099
0.493181	0.185876	0.867539
0.753156	0.193817	0.637171
0.907736	0.209363	0.372713
0.958932	0.285894	0.112656
0.18353	0.918974	0.363376
0.679772	0.606429	0.461782
0.966898	0.303423	0.00428607
0.561435	0.526556	0.643276
0.866642	0.358358	0.385577
0.217062	0.325946	0.921647
0.71721	0.66754	0.225605
0.645789	0.145504	0.764247
0.932206	0.319799	0.244721
0.384749	0.774978	0.506301
0.46504	0.150335	0.876861
0.220105	0.541401	0.823771
0.156342	0.433909	0.888691
0.468821	0.737188	0.497679
0.5333	0.83334	0.160188
0.49895	0.882109	0.0490963
0.00245027	0.632653	0.779773
0.739044	0.124074	0.67624
0.941592	0.131627	0.316819
0.102685	0.866185	0.49689
0.614934	0.60301	0.517888
0.0670409	0.966848	0.256437
0.790395	0.221504	0.575958
0.928095	0.382511	0.039706
0.616006	0.57687	0.562225
0.394266	0.906855	0.157439
0.835528	0.372742	0.404679
0.992184	0.0529956	0.138891
0.526965	0.688521	0.507358
0.48953	0.1845	0.868152
0.261448	0.72142	0.655516
0.0852039	0.212398	0.974813
0.241693	0.799179	0.573113
0.615939	0.768839	0.226835
0.661087	0.363723	0.65883
0.207541	0.568465	0.809361
0.0361625	0.774022	0.64746
0.955326	0.00986563	0.308049
0.0754661	0.0626118	0.998327
0.638633	0.559445	0.540913
0.550975	0.823835	0.137965
0.709326	0.678181	0.212883
0.0710328	0.309773	0.959228
0.774101	0.472947	0.422546
0.130541	0.992467	0.0125155
0.588706	0.515709	0.629687
0.812295	0.386308	0.445634
0.135393	0.992913	0.00252545
0.473609	0.863324	0.190042
0.443896	0.861866	0.258561
0.354527	0.46895	0.820038
0.728459	0.32378	0.608268
0.714383	0.0113207	0.715959
0.726031	0.0603278	0.687538
0.879436	0.0515798	0.481533
0.88309	0.427549	0.196007
0.337262	0.931528	0.15366
0.432931	0.0136661	0.904533
0.170723	0.795384	0.586389
0.727379	0.172881	0.673756
0.90502	0.389015	0.175892
0.192314	0.389214	0.909034
0.0277824	0.582593	0.840164
0.267617	0.614345	0.743554
0.459567	0.891002	0.0501771
0.997929	0.0533024	0.100473
0.347465	0.788577	0.517958
0.103865	0.763584	0.644944
0.501226	0.809746	0.307878
0.349543	0.72805	0.603162
0.655115	0.101206	0.762641
0.332636	0.694036	0.643696
0.900053	0.159989	0.413463
0.188643	0.937546	0.298482
0.415414	0.316794	0.85554
0.549357	0.829876	0.1106
0.357838	0.320394	0.916084
0.197499	0.756715	0.629221
0.918732	0.173932	0.3679
0.650899	0.576559	0.524326
0.179094	0.279854	0.944273
0.0746471	0.306396	0.951819
6.05436e-17	1.55966e-17	1.02103
6.12564e-17	6.36373e-32	1.00039
3.75002e-33	6.12425e-17	1.00017
0.960396	0.278738	6.38354e-17
0.847569	0.177015	0.507525
0.259358	0.86742	0.443219
0.475785	0.189548	0.861004
0.554671	0.623794	0.560598
0.0532002	0.73553	0.677163
0.602264	0.412788	0.691701
0.239059	0.902382	0.364034
0.547711	0.64618	0.537112
0.697957	0.582921	0.438944
0.499407	0.635963	0.594395
0.00694401	0.109934	0.996151
0.652662	0.71471	0.340795
0.795451	0.316899	0.520996
0.380959	0.911114	0.167688
0.275048	0.310724	0.919568
0.672992	0.589822	0.457119
0.340843	0.818725	0.463514
0.222523	0.561991	0.829708
0.708396	0.639682	0.304949
0.684922	0.700666	0.205117
0.340881	0.823255	0.455322
0.955201	0.12359	0.269912
0.29952	0.954774	0.0197242
0.214469	0.978124	0.11824
0.247287	0.946718	0.217141
0.747187	0.50775	0.429691
0.670385	0.761403	0.0549123
0.230518	0.977013	0.0429265
0.829227	0.564769	0.0329642
0.694632	0.663534	0.329335
0.942505	0.294173	0.20274
0.894511	0.236395	0.393932
0.514771	0.496457	0.722309
0.170363	0.352003	0.931227
0.996988	0.0993167	0.0182588
0.0771354	0.188119	0.991039
0.449794	0.0310627	0.894884
0.750039	0.205999	0.639199
0.613242	0.806816	0.0894797
0.633587	0.18507	0.773615
0.621867	0.426223	0.661505
0.372855	0.895622	0.248852
0.14951	0.633674	0.76279
0.0656397	0.321211	0.947926
0.487273	0.87422	0.129221
0.75579	0.159704	0.643417
0.543278	0.837606	0.0756581
0.28751	0.404397	0.872701
0.902184	0.421331	0.112705
0.13779	0.199793	0.975955
0.627311	0.692306	0.418802
0.115319	0.284314	0.95417
0.144851	0.749803	0.648896
0.522254	0.257965	0.819308
0.898696	0.246828	0.379071
0.369554	0.925732	0.174146
0.202036	0.360981	0.911231
0.974847	0.22632	0.0817565
0.176893	0.365494	0.924706
0.524524	0.532918	0.687301
0.403058	0.489013	0.795969
0.991845	0.0553308	0.143776
0.356076	0.571725	0.745536
0.0300051	0.448776	0.897718
0.0201434	0.921795	0.388083
0.209179	0.850013	0.501797
0.440514	0.521846	0.732423
0.261145	0.966991	0.103466
0.802553	0.0235419	0.609707
0.0879856	0.337676	0.939734
0.080161	0.820075	0.585842
0.0471267	0.30001	0.961836
0.733993	0.201592	0.658245
0.159046	0.749348	0.650913
0.124233	0.396013	0.912295
0.101979	0.873638	0.477641
0.616032	0.38346	0.700638
0.394129	0.379004	0.842873
0.681271	0.0550303	0.741658
0.136428	0.332722	0.947264
0.640404	0.117312	0.763063
0.00310107	0.805082	0.625168
0.0586475	0.877172	0.489794
0.590786	0.774055	0.241596
0.769599	0.504088	0.404085
0.231587	0.541868	0.808898
0.420106	0.46306	0.785318
0.854218	0.218712	0.473886
0.837539	0.550732	0.000909282
0.995778	0.128503	0.0247234
0.693734	0.471426	0.545027
0.698889	0.6676	0.310885
0.217038	0.932771	0.305976
0.902382	0.325779	0.283725
0.884095	0.397393	0.275343
0.185562	0.797495	0.58492
0.383272	0.687632	0.62954
0.634327	0.530281	0.576432
0.682059	0.489101	0.549689
0.754722	0.24044	0.61508
0.775021	0.083991	0.637144
0.825189	0.138806	0.563461
0.378773	0.392035	0.847903
0.82026	0.551913	0.222826
0.611138	0.746958	0.286887
0.927119	0.0450622	0.375052
0.456954	0.858717	0.252451
0.541102	0.368533	0.75806
0.871427	0.337695	0.372896
0.388721	0.38759	0.842927
0.90819	0.0429223	0.425652
0.100307	0.344646	0.935835
0.950284	0.251029	0.186188
0.421695	0.680567	0.609775
0.782694	0.135901	0.616872
0.283491	0.229769	0.932928
0.596743	0.0488381	0.821813
0.462321	0.049385	0.88709
0.127859	0.609056	0.785702
0.0200942	0.919546	0.393378
0.110256	0.645533	0.76833
0.719148	0.601142	0.390353
5.95902e-17	1.80276e-17	1.01674
0.350956	0.938528	0.0507162
0.689002	0.221769	0.728703
0.243019	0.968589	0.0933587
0.197262	0.164749	0.977757
0.622812	0.0169059	0.790166
0.14716	0.464035	0.881406
0.415679	0.437201	0.807153
0.764117	0.610347	0.227481
0.361873	0.916007	0.182652
0.535477	0.600777	0.605188
0.7224	0.688077	0.0812822
0.316635	0.514456	0.803888
0.568549	0.747261	0.360775
0.610111	0.799374	0.0901546
0.534794	0.844115	0.0646021
0.173744	0.23235	0.959096
0.588207	0.0932373	0.808622
0.819636	0.154694	0.56166
0.252975	0.858807	0.499852
0.33971	0.941297	0.0164643
0.916601	0.0629056	0.404507
0.519985	0.637905	0.572295
0.910228	0.181199	0.421845
0.051877	0.717236	0.702259
0.813045	0.475083	0.351926
0.24258	0.659628	0.718287
0.46361	0.0374485	0.891186
0.739944	0.479537	0.473871
0.968803	0.0771447	0.262575
0.887121	0.453297	0.108448
0.284985	0.725103	0.631973
0.195855	0.780609	0.598537
0.787012	0.347203	0.521312
0.598378	0.768646	0.237
0.970783	0.118237	0.230367
0.923735	0.26757	0.315668
0.573788	0.458937	0.690136
0.183784	0.463986	0.874251
0.114129	0.840221	0.534046
0.791191	0.173658	0.603614
0.558403	0.586869	0.595472
0.573128	0.619411	0.548354
0.425465	0.924596	0.0291346
0.306499	0.141194	0.951887
0.466595	0.485572	0.749299
0.0368136	0.953476	0.3132
0.792883	0.543202	0.278438
0.72008	0.659315	0.255638
0.859585	0.356893	0.370848
0.83149	0.527423	0.1776
0.433399	0.513535	0.744128
0.809649	0.500775	0.324997
0.266223	0.962019	0.0808217
0.966537	0.253423	0.0618572
0.858283	0.171406	0.499724
0.913954	0.431515	0.0617054
0.588079	0.442999	0.709507
0.223896	0.148498	0.967127
0.881271	0.275162	0.412193
0.980226	0.0672721	0.220193
0.191797	0.764436	0.619949
5.82608e-27	6.12405e-17	1.00013
1.001	0.0169267	1.69246e-05
6.12332e-17	2.08985e-32	1.00001
3.16497e-17	5.56028e-17	1.04486
0.0152974	0.999886	8.7197e-17
0.260735	0.202303	0.94572
0.268555	0.500327	0.830217
0.194027	0.186532	0.968751
0.837676	0.359861	0.453832
0.214819	0.802983	0.579648
0.041853	0.407286	0.918908
0.919941	0.19385	0.361138
0.869567	0.510669	0.0510287
0.502355	0.316697	0.81344
0.864267	0.0247329	0.512451
0.24145	0.833864	0.504085
0.852731	0.0244028	0.531547
0.185339	0.981465	0.0749372
0.937389	0.156666	0.365074
0.74295	0.543217	0.412715
0.432325	0.862596	0.278315
0.575916	0.265963	0.786507
0.22574	0.950295	0.244148
0.0076338	0.555629	0.855787
0.767689	0.589629	0.259578
0.144961	0.940391	0.31379
0.303889	0.946344	0.150574
0.325716	0.375739	0.875675
0.488929	0.384305	0.805945
0.281728	0.218592	0.935997
0.972262	0.230928	0.0858966
0.200952	0.9774	0.0748646
0.696112	0.731532	0.0938824
0.891196	0.0733099	0.465275
0.68649	0.286956	0.672733
0.536042	0.571025	0.631471
0.800834	0.367824	0.483837
0.963143	0.135306	0.25637
0.58034	0.820365	0.0218056
0.77343	0.254369	0.587991
0.387921	0.485925	0.795851
0.457578	0.158007	0.881148
0.393911	0.915399	0.130553
0.782765	0.617827	0.178171
0.879536	0.00659625	0.481774
0.00162663	1.00092	0.000928995
0.62454	0.701396	0.349843
0.510157	0.295539	0.819589
0.678374	0.735871	0.115256
0.167167	0.812315	0.574527
0.7259	0.309895	0.626258
0.164667	0.757486	0.65026
0.517462	0.353349	0.781991
0.383166	0.875771	0.323098
0.632646	0.492885	0.611758
0.0387985	0.434637	0.905514
0.972753	0.127925	0.208348
0.339939	0.819666	0.490908
0.115092	0.480876	0.871392
0.799034	0.62233	0.0318434
0.826995	0.382249	0.427601
0.0372456	0.926175	0.384924
0.584515	0.818077	0.057418
0.308717	0.467259	0.840501
0.480109	0.212238	0.862078
0.749933	0.610415	0.30913
0.597712	0.790044	0.16362
0.607672	0.682484	0.420694
0.995764	0.145976	0.00629287
0.883257	0.357375	0.314225
0.0646221	0.681688	0.738014
0.704033	0.108314	0.716619
0.642362	0.791079	0.0415871
0.139742	0.0385435	0.991697
0.6539	0.246435	0.72078
0.498484	0.0560897	0.883364
0.0577218	0.841358	0.543253
0.292825	0.11859	0.956766
0.287345	0.954988	0.140299
0.977059	0.116486	0.212015
0.527969	0.562426	0.648407
0.669154	0.718145	0.221391
0.761859	0.657719	0.0567633
0.738825	0.598356	0.345125
0.27529	0.50618	0.823106
0.933779	0.0395718	0.373121
0.910655	0.0774871	0.417901
0.175408	0.185313	0.979155
0.790648	0.27425	0.566573
0.423343	0.86219	0.290016
0.206846	0.773377	0.610672
0.924901	0.096747	0.404418
5.70926e-17	2.64111e-17	1.02733
0.344396	0.744917	0.582362
0.651869	0.583784	0.499385
0.448567	0.672366	0.597238
0.124812	0.506396	0.860289
0.017293	0.279622	0.961061
0.0951655	0.461366	0.885364
0.623185	0.780626	0.181659
0.354011	0.526636	0.774644
0.0782464	0.77098	0.637827
0.135216	0.643651	0.767232
0.540652	0.23737	0.809208
0.844557	0.338567	0.433289
0.70995	0.0305022	0.707649
0.443123	0.893852	0.164774
0.160456	0.970313	0.189752
0.0622508	0.517021	0.85769
0.437724	0.531419	0.742043
0.980499	0.116998	0.19237
0.203609	0.751464	0.639578
0.547015	0.472243	0.703292
0.950018	0.333531	0.123557
0.601973	0.766083	0.27088
0.106595	0.42261	0.908254
0.325695	0.576663	0.757427
0.0550443	0.561004	0.846001
0.178204	0.883984	0.444885
0.214333	0.248459	0.946923
0.494864	0.536521	0.696305
0.296709	0.475027	0.840567
0.691649	0.304633	0.664487
0.563239	0.814511	0.167037
0.521622	0.663827	0.543841
0.955615	0.0857688	0.302144
0.422333	0.258423	0.872566
0.56785	0.330895	0.759672
0.806273	0.104887	0.585724
0.555399	0.831982	0.0910058
0.235795	0.974524	0.0143304
0.927188	0.0426925	0.39016
0.301407	0.397575	0.869385
0.658799	0.724141	0.229552
0.0369539	0.91892	0.407173
0.0875885	0.929642	0.371614
0.614086	0.782846	0.145628
0.318553	0.635593	0.746711
0.6689	0.667561	0.343052
0.713928	0.630391	0.345734
0.477704	0.83015	0.289191
0.915455	0.347775	0.248497
0.840183	0.324578	0.438148
0.899694	0.138415	0.441153
0.824084	0.57956	0.0334516
0.791758	0.378068	0.492785
0.619966	0.794816	0.0378785
0.172977	0.646578	0.753631
0.275442	0.910726	0.332232
0.361681	0.400167	0.846328
0.308939	0.210959	0.928193
0.229284	0.652139	0.729996
0.950825	0.0840008	0.304569
0.682723	0.740249	0.104269
0.894325	0.308253	0.328482
0.472435	0.0990843	0.880579
0.724004	0.351302	0.596896
0.152314	0.693536	0.708242
0.103302	0.883644	0.469751
0.035556	0.414459	0.912463
0.930057	0.348575	0.139108
0.877675	0.425867	0.225273
0.000296365	0.958636	0.334735
0.914899	0.173691	0.39742
0.712319	0.688229	0.174088
0.820291	0.591907	0.0819591
0.676438	0.728243	0.150573
0.290971	0.966155	0.0385858
0.417502	0.183302	0.891898
0.539626	0.847867	0.0290322
0.40879	0.45483	0.792535
0.167139	0.637432	0.7617
0.582981	0.672695	0.465338
0.667724	0.293883	0.687865
0.987072	0.176222	0.0455226
0.756269	0.312358	0.589558
0.0855441	0.915727	0.401757
0.841987	0.162114	0.523225
0.743583	0.0843	0.67529
0.0191572	0.845396	0.550243
0.0326285	0.239334	0.989635
0.714446	0.305006	0.642702
0.706258	0.0603453	0.713112
0.562016	0.827184	0.0454031
0.348656	0.438144	0.853467
0.309013	0.881857	0.371881
0.468286	0.53855	0.70504
0.370032	0.87744	0.321864
0.0217876	0.239508	0.985328
0.132038	0.905263	0.427315
0.280541	0.0178744	0.960264
0.158313	0.169669	0.983678
0.131012	0.69208	0.713064
0.370848	0.764157	0.550511
0.382463	0.0448611	0.925611
0.906426	0.438516	0.123564
1.00758	2.27141e-06	9.9284e-05
2.68609e-17	5.59592e-17	1.01371
0.937999	0.365347	0
0.000227317	1.00111	1.17387e-07
1.00068	0	0.000985293
0.451708	0.562445	0.701023
0.14056	0.543213	0.830274
0.251913	0.644708	0.751268
0.901519	0.351138	0.284721
0.278589	0.370217	0.89588
0.849727	0.219715	0.489359
0.757652	0.59118	0.278841
0.311033	0.663223	0.685098
0.728546	0.693174	0.064784
0.615356	0.746111	0.264799
0.431098	0.277293	0.873587
0.316816	0.944321	0.135334
0.259602	0.483853	0.839191
0.558051	0.667686	0.507528
0.060115	0.935832	0.349827
0.648998	0.633379	0.454243
0.92812	0.203956	0.318246
0.0375127	0.979453	0.223022
0.833174	0.07224	0.559281
0.46438	0.124644	0.884044
0.907413	0.033056	0.425768
0.3835	0.798031	0.466337
0.536695	0.792041	0.304911
0.980996	0.213741	0.0597994
0.171188	0.666023	0.737445
0.678697	0.445665	0.590001
0.997337	0.0836374	0.0440424
0.358104	0.504221	0.793773
0.0692565	0.622608	0.780084
0.741745	0.0542972	0.671787
0.250132	0.887398	0.410342
0.632819	0.577068	0.523132
0.411498	0.41508	0.820042
0.284419	0.776373	0.56855
0.0252873	0.879961	0.47646
0.564813	0.470943	0.681071
0.607435	0.399573	0.692039
0.795117	0.611113	0.0229372
0.621165	0.251338	0.767598
0.0790906	0.164436	0.987027
0.898538	0.246576	0.384224
0.879156	0.240433	0.419033
0.585511	0.4882	0.654327
0.0343546	0.986657	0.170629
0.377296	0.478539	0.80688
0.110266	0.127547	0.992412
0.718518	0.233233	0.662704
0.24583	0.962839	0.153036
0.368386	0.833335	0.417371
0.960811	0.155797	0.255344
0.679571	0.732777	0.0678247
0.502275	0.1117	0.867951
0.148459	0.134868	0.983868
0.441372	0.529394	0.732992
0.142167	0.360869	0.923547
0.712169	0.708683	0.0440766
0.908832	0.338035	0.292634
0.870997	0.259454	0.440862
0.397494	0.899971	0.19938
0.674616	0.382674	0.638129
0.789187	0.437985	0.432353
0.551301	0.269194	0.807776
0.483043	0.85292	0.2077
0.976855	0.218754	0.0281623
0.809928	0.492631	0.334466
0.777188	0.170558	0.611992
0.436344	0.837327	0.399034
0.502992	0.623206	0.603006
0.0495357	1.00014	0.00380017
0.409644	0.21128	0.891223
0.83054	0.539566	0.186244
0.4578	0.294468	0.841955
0.161983	0.833172	0.548807
0.948105	0.254481	0.224072
0.468121	0.872498	0.181319
0.888525	0.434354	0.173449
0.133258	0.301712	0.944673
0.287471	0.0664157	0.967254
0.395142	0.921136	0.00979703
0.448076	0.570228	0.706553
0.816343	0.598733	0.0231555
0.320102	0.449739	0.836026
0.656728	0.143089	0.74637
0.0149679	0.415496	0.915865
0.767699	0.22824	0.603039
0.643317	0.767785	0.156068
0.399811	0.187034	0.902098
0.207876	0.860906	0.471926
0.701631	0.103582	0.713296
0.100263	0.515714	0.859629
0.975383	0.174819	0.199794
0.923922	0.0890609	0.388894
0.303646	0.955525	0.145962
0.687976	0.358059	0.637011
0.117284	0.28318	0.95821
0.804756	0.46429	0.37861
0.912031	0.246329	0.342731
0.093138	0.997063	0.0181841
0.699672	0.00820897	0.728773
0.916917	0.40616	0.147291
0.280457	0.907903	0.324142
0.956057	0.200202	0.231713
0.23368	0.7954	0.583241
0.749971	0.573153	0.361043
0.190781	0.983661	0.0784475
0.936337	0.210841	0.282453
0.156874	0.785866	0.630427
0.495105	0.709627	0.512182
0.844303	0.0389091	0.538886
0.353104	0.510722	0.78519
0.314924	0.617284	0.724792
0.734918	0.699237	0.0266097
0.352724	0.924317	0.158414
0.0500387	0.992726	0.116732
0.425272	0.515636	0.745256
0.666506	0.19675	0.726316
0.238817	0.75052	0.621418
0.530366	0.321643	0.789204
0.708889	0.674472	0.247309
0.626857	0.760798	0.185854
0.771129	0.376534	0.533083
0.348973	0.145059	0.951466
0.825019	0.533809	0.215969
0.151761	0.608039	0.780388
0.400219	0.578869	0.715436
0.969666	0.0477119	0.29299
0.839338	0.411544	0.364746
0.967908	0.0933008	0.23774
0.390439	0.847048	0.36964
0.221003	0.329297	0.920128
0.478035	0.890974	0.0888054
0.41212	0.914918	0.0874426
0.306188	0.727163	0.622521
0.975105	0.212457	0.125249
0.999171	0.0260214	0.0837882
0.130072	0.314057	0.95198
0.521579	0.849521	0.148077
0.560967	0.460136	0.690053
0.19654	0.863629	0.471959
0.286565	0.930489	0.246725
0.473824	0.883126	0.0915946
0.490338	0.712608	0.512026
0.186773	0.779528	0.6306
0.993231	0.0213657	0.132171
0.872196	0.490811	0.0143876
0.38008	0.86975	0.341305
0.296407	0.736765	0.626589
0.633104	0.757485	0.252706
0.59476	0.373113	0.718017
0.88517	0.371618	0.29178
0.223667	0.0595075	0.976093
0.516161	0.191487	0.853778
0.581695	0.583771	0.577751
0.0508973	0.97175	0.24851
0.697899	0.0176371	0.717469
0.926806	0.194076	0.324215
0.854296	0.46842	0.242592
0.289033	0.954522	0.16657
0.175601	0.380783	0.908497
0.785781	0.0362121	0.62624
0.181432	0.923585	0.373163
0.967406	0.127348	0.22767
0.761955	0.585625	0.278841
0.748098	0.288124	0.611913
0.809719	0.386193	0.448188
0.0022964	0.101186	0.997566
0.420967	0.80782	0.456288
0.580983	0.806446	0.120291
0.216451	0.272794	0.940472
0.361396	0.877114	0.352164
0.576183	0.274809	0.775512
0.236971	0.797705	0.564575
0.576553	0.681338	0.46805
0.546275	0.814119	0.25025
0.56807	0.204952	0.799631
0.113184	0.873295	0.483102
0.887133	0.264228	0.393647
0.0916141	0.540889	0.847077
0.223057	0.281119	0.936426
0.416491	0.0122026	0.910775
0.596986	0.809992	0.0944845
0.440052	0.721788	0.544081
0.503744	0.113337	0.863634
0.331657	0.171803	0.938484
0.252811	0.305229	0.91954
0.815269	0.38884	0.435958
0.828446	0.417518	0.37805
0.420351	0.742224	0.529879
0.859717	0.280957	0.438367
0.226668	0.898335	0.401378
0.508619	0.842817	0.208588
4.15572e-17	4.6396e-17	1.01721
1.00155	0.000420158	4.47662e-12
1.00011	0.0083582	4.30818e-17
0.283926	0.706018	0.649521
0.761644	0.457766	0.459387
0.729503	0.18672	0.675515
0.96179	0.343926	0.0148229
0.154879	0.442382	0.892778
0.784346	0.235885	0.5831
0.422076	0.832525	0.39751
0.217838	0.799284	0.575073
0.413627	0.81586	0.412329
0.168183	0.218201	0.967168
0.275091	0.197636	0.960112
0.555304	0.674957	0.487427
0.387502	0.764329	0.517498
0.953512	0.0871485	0.306708
0.4927	0.288092	0.829146
0.150844	0.718698	0.699883
0.755694	0.66697	0.0462958
0.357921	0.933228	0.149145
0.645368	0.360414	0.675588
0.888318	0.476448	0.0230324
0.825187	0.52124	0.226735
0.884114	0.467557	0.10274
0.542209	0.659041	0.534603
0.8168	0.413478	0.43214
0.402461	0.862975	0.32556
0.454639	0.892074	0.0882541
0.220631	0.250656	0.948389
0.526819	0.85711	0.151944
0.772428	0.314969	0.560374
0.315154	0.226418	0.942631
0.567821	0.0697714	0.832114
0.304306	0.648734	0.704948
0.143319	0.719078	0.683206
0.664571	0.110688	0.745862
0.791695	0.312871	0.534278
0.853696	0.515522	0.112558
0.940783	0.0896439	0.341024
0.347375	0.744658	0.598297
0.462915	0.593196	0.659243
0.632308	0.357154	0.69445
0.661023	0.0817864	0.751673
0.89189	0.28222	0.376105
0.972802	0.156998	0.240259
0.0108137	0.793423	0.611906
0.00112505	0.990545	0.163092
0.378555	0.8456	0.405797
0.9899	0.149871	0.0225311
0.609443	0.25905	0.757277
0.0358273	0.124612	0.995769
0.210713	0.332626	0.922942
0.140442	0.52632	0.844318
0.715161	0.0261999	0.716292
0.738135	0.291704	0.620648
0.657759	0.753176	0.0378293
0.405854	0.850525	0.345074
0.921258	0.375657	0.132167
0.897844	0.0520251	0.443155
0.84883	0.040086	0.589885
0.706951	0.0444	0.725204
0.574416	0.54421	0.644942
0.437142	0.8839	0.196473
0.748558	0.686285	0.0363967
0.630482	0.584567	0.548751
0.975271	0.268013	0.0523078
0.621882	0.558919	0.565758
0.0636149	0.414222	0.91687
0.299168	0.687283	0.663896
0.34165	0.055909	0.938694
0.289535	0.911268	0.312963
0.654749	0.654569	0.384684
0.936218	0.0973887	0.353144
0.126635	0.783099	0.619549
0.101105	0.770096	0.634394
0.447255	0.902244	0.0902647
0.0937735	0.888267	0.450942
0.777455	0.0503082	0.629872
0.93488	0.373272	0.104324
0.115005	0.994841	0.0317115
0.653123	0.121745	0.754268
0.175871	0.598554	0.784424
0.0671195	0.409158	0.912138
0.224573	0.62503	0.752777
0.37415	0.0651302	0.925656
0.689182	0.179641	0.728188
0.199377	0.956539	0.225422
0.0535132	0.462913	0.89748
0.602358	0.638706	0.481239
0.532019	0.820647	0.297241
0.321557	0.734796	0.613696
0.380854	0.894612	0.254737
0.0195531	0.96841	0.253705
0.0826195	0.569448	0.825102
0.965382	0.102976	0.243705
0.136104	0.947635	0.299714
0.251744	0.581781	0.776118
0.839369	0.516602	0.185911
0.91416	0.385535	0.139337
0.00447725	0.964055	0.286342
0.322295	0.731095	0.603407
0.0461046	0.845271	0.573492
0.425973	0.263313	0.8696
0.331859	0.281241	0.904402
0.111933	0.432643	0.906562
0.685549	0.24635	0.689922
0.264489	0.907794	0.346225
0.067727	0.886278	0.464567
0.204179	0.979575	0.0565677
0.860878	0.0192227	0.512804
0.627513	0.201736	0.76467
0.865902	0.0291362	0.510641
0.588235	0.728009	0.361539
0.418859	0.509112	0.764817
0.808076	0.304243	0.508907
0.391926	0.773254	0.502152
0.0493863	0.202881	0.9789
0.821691	0.423738	0.396905
0.242177	0.937118	0.264004
0.819618	0.549531	0.175675
0.501944	0.0127454	0.871315
0.124689	0.949733	0.29167
0.614117	0.325828	0.734067
0.983899	0.165209	0.0756698
0.592217	0.213076	0.7992
0.0385604	0.505703	0.864143
0.510398	0.57618	0.640516
0.440144	0.23076	0.879067
0.0787948	0.641114	0.769323
0.950329	0.279203	0.189874
0.32835	0.628827	0.706713
0.188076	0.943636	0.275577
0.706122	0.699039	0.139545
0.256365	0.860922	0.471325
0.931111	0.115204	0.35581
0.720707	0.615877	0.320428
0.563641	0.534002	0.662797
0.59198	0.65291	0.474176
0.193943	0.774424	0.602922
0.674256	0.173271	0.735084
0.577742	0.655055	0.494405
0.794084	0.133337	0.593899
0.522869	0.161388	0.858279
0.878546	0.484377	0.0188526
0.701948	0.19473	0.689913
0.801502	0.420505	0.427241
0.521654	0.301653	0.818887
0.474356	0.274862	0.861638
0.520214	0.820783	0.297231
0.583917	0.700577	0.417165
0.364723	0.787462	0.498272
0.544881	0.314196	0.79426
0.942627	0.323344	0.132385
0.179384	0.596961	0.783762
0.618485	0.329984	0.721691
0.0302565	0.631812	0.802297
0.483195	0.572445	0.66349
0.106081	0.208326	0.974898
0.842932	0.0540067	0.539597
0.879291	0.128588	0.495955
0.11864	0.494962	0.86323
0.27284	0.941812	0.21634
0.964263	0.173063	0.206037
0.415493	0.232856	0.886801
0.351036	0.403239	0.852341
0.412042	0.173997	0.896842
0.50608	0.304166	0.809464
0.0766477	0.154148	0.988808
0.966335	0.173435	0.205411
0.025984	0.579895	0.817338
0.0515837	0.178674	0.98553
0.104086	0.209329	0.974896
0.395031	0.921585	0.00887557
0.516317	0.570133	0.641039
0.945361	0.219334	0.248635
0.795987	0.438859	0.422327
0.926757	0.379296	0.1196
0.797749	0.315263	0.522294
0.199067	0.677498	0.71114
0.469674	0.563592	0.684974
0.368481	0.0104439	0.939888
0.639294	0.741833	0.2192
0.619088	0.645615	0.456552
0.184147	0.392574	0.907892
0.872377	0.50176	0.0229949
0.736823	0.607059	0.32294
0.585212	0.255876	0.774937
0.191843	0.940902	0.283214
0.469463	0.145141	0.879496
0.719301	0.518106	0.468784
0.983	0.0542209	0.183329
0.0478504	0.999205	0.0675617
0.876349	0.489638	0.0188645
1.01336	0	0.0738443
6.12013e-17	8.59525e-18	1.0093
0.99117	0.132691	6.38344e-17
3.75002e-33	6.12425e-17	1.00017
0.488768	0.82563	0.299186
0.454507	0.846869	0.284293
0.354056	0.466756	0.826421
0.499568	0.862378	0.13592
0.963781	0.0801303	0.27349
0.981691	0.175004	0.099744
0.406516	0.776625	0.484082
0.439354	0.727384	0.530337
0.403862	0.87954	0.268795
0.251436	0.431732	0.871923
0.191925	0.954251	0.238068
0.993091	0.0321566	0.124584
0.244221	0.419344	0.878836
0.654844	0.757389	0.0803102
0.865392	0.163037	0.478122
0.872171	0.496083	0.0302131
0.0321323	0.714469	0.709777
0.122993	0.731138	0.681935
0.705433	0.0584206	0.736249
0.933992	0.0195892	0.392701
0.286551	0.483519	0.831194
0.520664	0.515987	0.695099
0.773327	0.0399579	0.645187
0.163742	0.276593	0.950543
0.93816	0.10857	0.334746
0.00934889	0.934379	0.410011
0.450325	0.414969	0.791525
0.694668	0.318486	0.652776
0.800429	0.428566	0.421418
0.574358	0.501889	0.671245
0.639413	0.743877	0.270929
0.645774	0.282403	0.728765
0.623825	0.79314	0.0884999
0.273798	0.856165	0.447956
0.35848	0.801296	0.494235
0.857856	0.00330155	0.518696
0.0529597	0.982662	0.192975
0.437873	0.903227	0.129987
0.471416	0.886878	0.0547861
0.178186	0.349387	0.920083
0.344191	0.0537223	0.940905
0.42492	0.703089	0.608132
0.325773	0.942992	0.11209
0.172853	0.614915	0.775824
0.230328	0.475112	0.854323
0.557023	0.817517	0.184872
0.41761	0.86143	0.312699
0.771956	0.611669	0.210453
0.572956	0.801668	0.217275
0.283684	0.259833	0.929784
0.261655	0.644432	0.720198
0.543619	0.0976551	0.845278
1.00036	0.00384998	0.0432112
0.670117	0.416141	0.624573
0.515348	0.76998	0.382631
0.646204	0.2961	0.713277
0.845132	0.540444	0.0269502
0.140242	0.645352	0.773026
0.202276	0.765705	0.616307
0.928826	0.126176	0.360596
0.681584	0.593154	0.438758
0.410352	0.91048	0.111023
0.132883	0.0111417	0.99672
0.339658	0.331757	0.886395
0.615494	0.796396	0.0633021
0.612356	0.811056	0.0358005
0.893798	0.160561	0.428861
0.713161	0.62595	0.326845
0.601055	0.0754866	0.797061
0.507115	0.437608	0.749804
0.038311	0.710857	0.706499
0.560077	0.334141	0.762152
0.6616	0.470673	0.587369
0.989539	0.0440428	0.157788
0.609306	0.529148	0.599303
0.835849	0.557607	0.0269936
0.598939	0.583064	0.553008
0.510709	0.568393	0.65611
0.510019	0.225293	0.844656
0.532305	0.84479	0.0654723
0.783916	0.605607	0.16839
0.564154	0.819871	0.135728
0.0965585	0.365517	0.927153
0.747671	0.577117	0.348074
0.651611	0.477285	0.609064
0.279637	0.0896939	0.969608
0.306465	0.576554	0.767877
0.572403	0.249428	0.80704
0.148158	0.242015	0.966763
0.112713	0.736212	0.685043
0.115943	0.354081	0.932272
0.0251071	0.997769	0.111611
0.80622	0.350558	0.481066
0.721312	0.655722	0.230462
0.378804	0.550506	0.754992
0.912594	0.085584	0.432647
0.000298062	0.204232	0.98011
0.699452	0.55422	0.463138
0.98508	0.0659278	0.279196
0.278559	0.309677	0.910929
0.0445731	0.969706	0.245779
0.296313	0.197675	0.937865
0.367691	0.50661	0.801625
0.187912	0.238914	0.964508
0.0352872	0.784621	0.626582
0.533582	0.712593	0.468427
0.337249	0.831704	0.453168
0.432049	0.827957	0.388086
0.690374	0.103262	0.722816
0.621631	0.45834	0.637639
0.589119	0.786761	0.216727
0.208561	0.979533	0.0336234
0.15569	0.248551	0.960137
0.131926	0.272133	0.961485
0.916699	0.172703	0.367871
0.52753	0.836174	0.199782
0.844375	0.387132	0.414338
0.314718	0.683933	0.66344
0.882297	0.405378	0.269667
0.828682	0.156121	0.543338
0.61986	0.070388	0.78585
0.740735	0.666353	0.0996623
0.217548	0.288138	0.94625
0.648465	0.75001	0.153305
0.792312	0.42422	0.448123
0.224139	0.372441	0.913696
0.362835	0.881299	0.323342
0.0843258	0.139736	0.989797
0.90893	0.401506	0.15098
0.0615123	0.628579	0.789252
0.725686	0.635757	0.300445
0.331098	0.323396	0.889434
0.189253	0.185997	0.966667
0.419547	0.921179	0.109357
0.768743	0.614803	0.243452
0.55321	0.397588	0.743932
0.074038	0.236503	0.979735
0.462849	0.691542	0.568951
0.62986	0.543306	0.558483
0.814926	0.605713	0.0227462
0.378673	0.579608	0.724141
0.0148824	0.981121	0.231835
0.830424	0.156449	0.540154
0.581829	0.508417	0.65859
0.166237	0.26539	0.957406
0.324875	0.940393	0.141127
0.956744	0.301339	0.0818641
0.0660716	0.625972	0.779883
0.838867	0.544023	0.0545377
0.458226	0.853797	0.250683
0.0915125	0.188768	0.986165
0.620276	0.53504	0.575673
0.210019	0.914665	0.371102
0.00235895	0.588507	0.815488
0.950749	0.289216	0.173943
0.583961	0.640774	0.520839
0.090514	0.997904	0.0456642
0.166752	0.11542	0.985504
0.937663	0.0160684	0.394216
0.46131	0.687818	0.570275
0.345037	0.337011	0.880549
0.385077	0.836088	0.401333
0.943759	0.302712	0.211778
0.729754	0.572905	0.386798
0.869672	0.490046	0.0654544
0.169585	0.111215	0.985503
0.0504746	0.936549	0.358975
0.98861	0.104956	0.180745
0.362925	0.927331	0.212627
0.226634	0.387898	0.897124
0.994999	0.128649	0.000227082
0.100952	0.998699	0.00836814
0.634266	0.097765	0.773794
0.199295	0.194996	0.961664
0.60539	0.571191	0.561848
0.754589	0.651162	0.131356
0.892453	0.338666	0.301922
0.868557	0.0462316	0.502279
0.056253	0.819433	0.596756
0.111135	0.947755	0.324538
0.392723	0.383587	0.851905
0.256798	0.452237	0.858961
0.222305	0.695149	0.692309
0.592162	0.586	0.56802
0.0607424	0.925411	0.37488
0.529455	0.524699	0.678216
0.505747	0.233165	0.843663
0.547949	0.829076	0.14605
0.00375546	0.938669	0.365966
0.473735	0.707806	0.525786
0.099965	0.947082	0.329274
0.391813	0.0342046	0.92267
0.397712	0.445578	0.803359
4.76579e-17	3.95069e-17	1.01096
1.00231	0.0288321	0
0.732784	0.683553	0.164561
0.252216	0.550469	0.802308
0.111495	0.817764	0.572655
0.646814	0.477427	0.631243
0.352778	0.915053	0.236053
0.744888	0.46607	0.481983
0.44118	0.650679	0.635279
0.455221	0.32126	0.834774
0.327755	0.737612	0.595363
0.0488805	0.296116	0.96166
0.385577	0.925357	0.0472452
0.466043	0.599526	0.661339
0.104205	0.347843	0.939139
0.221694	0.696193	0.70188
0.219267	0.130422	0.979806
0.349341	0.906136	0.271924
0.265881	0.634336	0.749015
0.148246	0.938508	0.314406
0.261836	0.389626	0.887672
0.437707	0.667784	0.606292
0.152812	0.967411	0.223791
0.827813	0.213597	0.5259
0.676294	0.611914	0.418475
0.299116	0.788211	0.543095
0.342992	0.926723	0.17926
0.979102	0.0405351	0.21353
0.766226	0.572897	0.299861
0.85223	0.377852	0.373605
0.91818	0.411686	0.0982824
0.790796	0.0433176	0.614378
0.844395	0.528332	0.130986
0.940341	0.24294	0.247344
0.91092	0.164578	0.406999
0.880186	0.39465	0.303309
0.232153	0.137496	0.975622
0.370774	0.808479	0.496183
0.808627	0.268105	0.5296
0.259882	0.797698	0.553613
0.703451	0.560018	0.448601
0.928672	0.144122	0.351775
0.770833	0.576342	0.286463
0.640641	0.169962	0.762181
0.0524224	0.892843	0.455049
0.915746	0.402611	0.12774
0.210151	0.876785	0.463152
0.683664	0.00733014	0.740015
0.00737609	0.834116	0.55667
0.6672	0.231317	0.713529
0.948524	0.190112	0.276258
0.407519	0.888831	0.218153
0.474724	0.681547	0.564314
0.548835	0.254633	0.812645
0.801245	0.435604	0.434323
0.531591	0.71899	0.455845
0.622907	0.16093	0.769855
0.941343	0.309389	0.207403
0.0903912	0.324704	0.94687
0.172668	0.767547	0.620498
0.307984	0.116883	0.952188
0.876958	0.00053207	0.539119
0.360032	0.811513	0.495263
0.0743989	0.420427	0.911203
0.597372	0.805275	0.0410697
0.0141605	0.592241	0.820907
0.322379	0.34275	0.889763
0.815586	0.580561	0.0594623
0.724355	0.113478	0.687325
0.583147	0.740164	0.345651
0.757195	0.458964	0.473288
0.476621	0.24434	0.84862
0.462989	0.326485	0.828508
0.244692	0.944813	0.266689
0.822596	0.0581917	0.572185
0.402041	0.54377	0.742737
0.545875	0.74861	0.381229
0.693624	0.523843	0.513291
0.860058	0.521314	0.000295528
0.764838	0.647208	0.182972
0.580343	0.820391	0.0981513
0.308066	0.451006	0.844987
0.0241367	0.172783	0.987265
0.197287	0.672448	0.718647
0.521583	0.344868	0.792766
0.329375	0.0893541	0.946162
0.132019	0.702152	0.710789
0.562005	0.318701	0.778812
0.650369	0.70897	0.277195
0.575128	0.457593	0.6959
0.886185	0.430367	0.229138
0.213827	0.36089	0.929996
0.902069	0.115509	0.427163
0.50761	0.101921	0.861498
0.770831	0.65833	0.00288131
0.926849	0.0963028	0.420719
0.824076	0.540643	0.191088
0.724667	0.352695	0.603554
0.439839	0.0735332	0.906743
0.0834304	0.275979	0.96641
0.0711843	0.444109	0.900601
0.281697	0.857867	0.441715
0.908552	0.371777	0.195821
0.991543	0.15388	0.0124833
0.429132	0.146987	0.901299
0.170669	0.980978	0.135393
0.789059	0.507554	0.353833
0.190676	0.996205	0.00819282
0.962442	0.26971	0.118555
0.542676	0.843699	0.0361684
0.332652	0.950259	0.086194
0.490576	0.0620365	0.87626
0.895025	0.483661	0.0199803
0.361059	0.783658	0.517903
0.708312	0.292642	0.643785
0.540097	0.0185881	0.86347
0.67708	0.704435	0.263394
0.754014	0.448502	0.49932
0.631303	0.19669	0.760812
0.681292	0.0304129	0.73814
0.99702	0.0708417	0.142943
0.38262	0.877127	0.319989
0.590294	0.795733	0.157466
0.610564	0.7954	0.10522
0.837837	0.491836	0.266002
0.904688	0.181649	0.39877
0.867464	0.360633	0.359569
0.643748	0.422337	0.647735
0.619964	0.287634	0.748369
0.654385	0.713348	0.256003
0.476197	0.765473	0.486217
0.527192	0.728527	0.461066
0.958028	0.111647	0.277143
0.987142	0.149434	0.0800334
0.630238	0.0156486	0.785178
0.16141	0.946611	0.284432
0.921125	0.166811	0.357956
0.418272	0.777716	0.478619
0.738945	0.677652	0.183099
0.0628403	0.99076	0.152285
0.293399	0.959133	0.085869
0.611675	0.517601	0.602343
0.599284	0.807852	0.0264446
0.288063	0.91088	0.300829
0.0388729	0.625625	0.78455
0.505698	0.842263	0.205307
0.516369	0.285876	0.811207
0.492925	0.437674	0.758463
0.183719	0.288614	0.948509
0.556271	0.76273	0.338686
0.595802	0.63306	0.513366
0.0630012	0.993297	0.146555
0.384279	0.838701	0.396821
0.411935	0.583247	0.721314
0.194301	0.981838	0.120209
0.305339	0.0828335	0.95613
0.710596	0.178062	0.683013
0.0158236	0.826629	0.570768
0.840871	0.437912	0.369546
0.603391	0.431354	0.676164
0.393504	0.48428	0.790339
0.270819	0.649946	0.723668
0.743151	0.197158	0.659486
0.683016	0.220298	0.707951
0.397688	0.0391741	0.924876
0.236129	0.98517	0.0175585
0.171897	0.494991	0.852789
0.700217	0.330379	0.650787
0.483442	0.738489	0.508641
0.134164	0.676012	0.733589
0.578177	0.751128	0.340111
0.713304	0.567529	0.424377
0.943926	0.280205	0.24157
0.893011	0.311303	0.331658
0.256973	0.0809999	0.970546
0.736496	0.18261	0.666856
0.225735	0.497444	0.847465
0.496061	0.0627301	0.873165
0.910921	0.40049	0.133927
0.237207	0.775439	0.597634
0.796362	0.49281	0.361564
0.708221	0.316143	0.651909
0.567799	0.825757	0.00324074
0.569383	0.453289	0.72745
0.201738	0.841685	0.519518
0.662548	0.322462	0.678052
0.970452	0.257461	0.103661
1.01142	0.00127754	6.45624e-17
0.0707764	1.01853	6.51733e-17
3.74997e-33	6.12417e-17	1.00015
0.998949	0.0462451	6.38349e-17
1.73634e-17	5.92765e-17	1.00874
0.751983	0.260095	0.609684
0.92438	0.197041	0.357935
0.661264	0.774161	0.0149983
0.010021	0.911661	0.464757
0.803523	0.411838	0.470981
0.407038	0.624623	0.67357
0.279803	0.905651	0.322214
0.514557	0.807407	0.302596
0.703284	0.711749	0.070871
0.203849	0.935671	0.28878
0.681983	0.656779	0.366209
0.179764	0.0704715	0.983057
0.643189	0.747509	0.184961
0.792937	0.568445	0.233541
0.093957	0.118455	0.993999
0.982973	0.206678	0.054672
0.463846	0.733467	0.52055
0.990344	0.17694	0.0315388
0.378671	0.267918	0.889041
0.161422	0.647847	0.748646
0.570524	0.748142	0.350678
0.857015	0.465829	0.236618
0.522783	0.369881	0.773306
0.434276	0.240353	0.879042
0.141919	0.870388	0.478024
0.654587	0.668732	0.392329
0.885636	0.403996	0.262001
0.829949	0.558524	0.140437
0.362476	0.399106	0.843574
0.683	0.378577	0.629531
0.870153	0.288851	0.400518
0.755509	0.338903	0.599082
0.0321898	0.496379	0.868776
0.329398	0.0570195	0.948345
0.770022	0.55238	0.330812
0.311753	0.535186	0.795389
0.687365	0.086038	0.726906
0.414997	0.902643	0.256125
0.732826	0.224977	0.654004
0.383988	0.601625	0.710766
0.110393	0.984573	0.209691
0.470868	0.335345	0.829913
0.966113	0.169381	0.198498
0.850061	0.522994	0.111786
0.551217	0.457364	0.699354
0.810722	0.573605	0.126746
0.831706	0.0279516	0.569237
0.120127	0.889322	0.451013
0.617681	0.0750647	0.799061
0.077616	0.280212	0.961809
0.39754	0.446015	0.812421
0.342618	0.640123	0.694551
0.243241	0.610824	0.759936
0.236868	0.613768	0.760416
0.72506	0.683893	0.0936877
0.23193	0.389814	0.897995
0.321242	0.395297	0.86567
0.617013	0.810665	0.079124
0.859581	0.163841	0.491976
0.304881	0.799836	0.52532
0.50645	0.865684	0.0380079
0.349696	0.663313	0.667121
0.0438649	0.277466	0.964184
0.861995	0.464926	0.205774
0.501112	0.486085	0.721996
0.370822	0.893544	0.27648
0.603096	0.128556	0.806206
0.894659	0.32312	0.331856
0.168656	0.525609	0.834219
0.958467	0.0494071	0.287382
0.143532	0.475936	0.868228
0.187977	0.809904	0.55897
0.56559	0.587482	0.579527
0.479203	0.34128	0.816369
0.157285	0.151372	0.976342
0.897624	0.437101	0.116616
0.357401	0.580213	0.738154
0.472851	0.363361	0.823409
0.94255	0.326798	0.143883
0.700793	0.673415	0.249441
0.171748	0.975439	0.150044
0.196371	0.702025	0.68494
0.285069	0.459974	0.84671
0.214859	0.881936	0.422598
0.149641	0.815434	0.574702
0.28878	0.819854	0.497185
0.0877479	0.992262	0.161438
0.509527	0.762164	0.429666
0.426143	0.0156447	0.920492
0.514077	0.851049	0.130671
0.784199	0.423369	0.465619
0.767808	0.105284	0.634121
0.268131	0.304032	0.929023
0.0663228	0.843837	0.536557
0.963803	0.291157	0.0266995
0.782261	0.530271	0.344715
0.994104	0.0900701	0.101707
0.155659	0.826905	0.548899
0.786655	0.630987	0.110431
0.581183	0.546042	0.61279
0.390306	0.355978	0.854529
0.29525	0.571597	0.784652
0.0267604	0.120337	0.998201
0.140533	0.504453	0.852292
0.759109	0.510851	0.420214
0.777617	0.0261338	0.636268
0.000968855	0.861437	0.512164
0.486608	0.857791	0.174197
0.990055	0.00285958	0.245882
0.74304	0.514901	0.434433
0.243173	0.428664	0.873666
0.011138	0.490751	0.876272
0.841107	0.308827	0.455606
0.221228	0.839725	0.504211
0.491249	0.839356	0.270394
0.933057	0.123029	0.366816
0.683351	0.73265	0.0521519
0.126082	0.948822	0.298296
0.228705	0.868108	0.443745
0.529562	0.0714436	0.850007
0.61251	0.172308	0.786855
0.522616	0.686661	0.529128
0.606579	0.15496	0.787767
0.0495717	0.764414	0.644462
0.539952	0.845985	0.0522426
0.455965	0.699972	0.573344
0.817279	0.578244	0.00205058
0.254349	0.233379	0.938705
0.440127	0.103105	0.905282
0.588297	0.660034	0.496821
0.0897453	0.754758	0.651712
0.906457	0.346197	0.247408
0.562891	0.584678	0.585048
0.528436	0.832776	0.184989
0.921507	0.227597	0.36713
0.514053	0.111269	0.852998
0.689897	0.161925	0.715787
0.0416436	0.263415	0.968526
0.0804525	0.444097	0.903848
0.963047	0.0496432	0.279997
0.106522	0.95005	0.295252
0.247518	0.969955	0.0110982
0.298355	0.211093	0.932664
0.804678	0.59554	0.112125
0.600108	0.54011	0.619551
6.13442e-17	1.00183	0.000341518
0.708793	0.216266	0.678144
0.498492	0.855761	0.147438
0.462379	0.790352	0.410073
0.450642	0.00839971	0.894112
0.622947	0.785372	0.0774007
0.542281	0.386203	0.764967
0.0655135	0.721859	0.693943
0.483013	0.839239	0.292287
0.632281	0.696176	0.366549
0.91215	0.348371	0.225652
0.858017	0.315036	0.415111
0.0585404	0.650651	0.763004
0.323118	0.867893	0.385028
0.327037	0.639085	0.700961
0.307495	0.0108626	0.972787
0.392439	0.281935	0.880901
0.44539	0.728957	0.544092
0.545005	0.293954	0.794842
0.102015	0.994833	0.0977327
0.133422	0.516114	0.857132
0.985928	0.198917	0.0290518
0.00706191	0.642456	0.789858
0.896878	0.141991	0.429819
0.00321513	0.996449	0.165039
0.820887	0.562253	0.178409
0.272454	0.442308	0.863509
0.760321	0.0620082	0.650696
0.451011	0.655418	0.623048
0.422091	0.0248839	0.912708
0.425411	0.796401	0.497926
0.58151	0.799298	0.20139
0.251049	0.218497	0.947655
0.212251	0.0523483	0.977766
0.649307	0.693368	0.336206
0.203073	0.770813	0.616503
0.52894	0.828732	0.221181
0.995624	0.0171399	0.122977
0.52538	0.564017	0.640452
0.486165	0.77533	0.404894
0.208067	0.955028	0.215512
0.484512	0.854096	0.19073
0.82532	0.130573	0.552748
0.645124	0.434143	0.649567
0.721784	0.214278	0.669854
0.216216	0.680475	0.711042
