6.14093e-17	4.63515e-32	1.00289
1.7351e-32	6.12511e-17	1.00031
2.2524e-17	5.92103e-17	1.03458
1.01243	0.00145151	0.00251853
0.0349672	1.01209	0
0.123069	0.0722291	0.990222
0.0546221	0.306081	0.952884
0.274057	0.719863	0.64724
0.947328	0.143545	0.303956
0.282246	0.317932	0.910305
0.326842	0.217626	0.925508
0.31511	0.521006	0.802639
0.164513	0.972395	0.190109
0.993413	0.122276	0.0990598
0.70162	0.681487	0.231136
0.193743	0.981501	0.143855
0.975793	0.173763	0.174053
0.505662	0.00419459	0.865664
0.175089	0.920168	0.353646
0.920096	0.194271	0.342273
0.570049	0.830537	0.0726279
0.209336	0.90755	0.371755
0.878825	0.444837	0.202907
0.839505	0.114905	0.533738
0.934016	0.163022	0.321972
0.691442	0.67535	0.27385
0.684446	0.0135325	0.731221
0.339301	0.299465	0.898537
5.38191e-17	3.11057e-17	1.01518
0.652375	0.755338	0.128508
1.00192	0.186064	0.0113269
0.0935232	0.815395	0.577691
0.519192	0.797922	0.332554
0.542776	0.857745	0.0656327
0.727103	0.394409	0.565569
0.0239633	0.208927	0.981213
0.642226	0.368214	0.674087
0.254834	0.885181	0.396294
0.894872	0.362381	0.277178
0.0118239	0.843295	0.539771
0.598287	0.400437	0.702947
0.877129	0.1087	0.494506
0.0508614	0.285008	0.961376
0.130821	0.930689	0.349064
0.442539	0.388722	0.815993
0.221054	0.554542	0.824406
0.610894	0.792752	0.0360251
0.349257	0.943832	0.085272
0.358302	0.466135	0.810667
0.572588	0.415327	0.708587
0.386777	0.503179	0.781002
0.449561	0.129354	0.884753
0.595918	0.69839	0.406011
0.761355	0.567539	0.314202
0.0832115	0.580454	0.812885
0.0738529	0.47685	0.881384
0.18205	0.63148	0.755213
0.441167	0.688954	0.58641
0.301871	0.859797	0.417634
0.272038	0.957777	0.116831
0.501108	0.602777	0.657745
0.103961	0.844992	0.527379
0.629437	0.347985	0.696945
0.242157	0.267005	0.936978
0.42648	0.374616	0.824245
0.856284	0.533804	0.00308416
0.554986	0.774614	0.32757
0.756252	0.487665	0.4535
0.275919	0.869368	0.423657
0.113838	0.615224	0.788175
0.66251	0.334479	0.675782
0.774738	0.650598	0.00916901
0.490782	0.0967031	0.875529
0.400352	0.0388591	0.920853
0.345974	0.202954	0.918277
0.0312933	0.822505	0.573587
0.58374	0.349365	0.733893
0.980053	0.0327617	0.235345
0.634338	0.740675	0.28154
0.289793	0.899685	0.368206
0.135299	0.59008	0.798035
0.766567	0.560359	0.314179
0.979692	0.0745728	0.208399
0.874123	0.232013	0.436064
0.566116	0.825472	0.113548
0.145626	0.694704	0.720258
0.898698	0.102066	0.430622
0.820232	0.496091	0.308772
0.708141	0.545903	0.463749
0.342164	0.0111372	0.947716
0.57892	0.136487	0.815054
0.599173	0.676601	0.439255
0.64869	0.75107	0.156127
0.45331	0.903773	0.0936012
0.497527	0.645697	0.59095
0.117076	0.785081	0.610916
0.618997	0.331371	0.715964
0.758621	0.446755	0.484514
0.232911	0.15377	0.965908
0.931253	0.0510576	0.387265
0.230931	0.0606145	0.972696
0.795765	0.604689	0.0409068
0.708855	0.546454	0.45933
0.116735	0.627402	0.771879
0.399092	0.611554	0.684366
0.090752	0.644462	0.76129
0.954025	0.0517855	0.323403
0.775134	0.192598	0.602661
0.0257558	0.541661	0.849599
0.354255	0.706285	0.616213
0.436191	0.894662	0.217515
0.259631	0.879509	0.405547
0.957439	0.225728	0.223684
0.418357	0.599472	0.685082
0.961988	0.277818	0.0200985
0.249738	0.29305	0.929605
0.846042	0.147118	0.515141
0.45534	0.640949	0.623265
0.205386	0.944695	0.269837
0.923163	0.160529	0.356504
0.605352	0.783762	0.159432
0.464628	0.893552	0.03
0.274941	0.723947	0.63534
0.834462	0.103065	0.553352
0.813119	0.441644	0.393934
0.303771	0.943083	0.219256
0.540871	0.841808	0.0758069
0.973402	0.169693	0.186303
0.477396	0.0940657	0.87893
0.406238	0.476602	0.788898
0.408821	0.852711	0.379681
0.670321	0.0623253	0.741019
0.189467	0.201238	0.965072
0.0682251	0.594831	0.806159
0.850303	0.132089	0.515784
0.818052	0.25639	0.525281
0.549524	0.804621	0.249145
0.342402	0.938404	0.102177
0.217139	0.640983	0.737514
0.423325	0.411177	0.823238
0.670097	0.656211	0.367145
0.153894	0.421769	0.896822
0.395583	0.262294	0.880997
0.251921	0.937123	0.26134
2.317e-17	5.89394e-17	1.03426
0.847967	0.511272	0.150728
0.614748	0.70724	0.353795
0.529551	0.736457	0.434733
0.139417	0.990046	0.124415
0.0635651	1.01149	0
0.494415	0.641658	0.598816
0.239214	0.268098	0.933974
0.59906	0.665743	0.447891
0.890054	0.450521	0.135038
0.0412698	0.525924	0.859441
0.0180853	0.50794	0.876224
0.15488	0.98638	0.124247
0.342542	0.275299	0.90315
0.906106	0.000779052	0.432582
0.897606	0.246022	0.374987
0.98427	0.00529813	0.208772
0.887755	0.488466	0.0491951
0.808446	0.2122	0.552074
0.28754	0.863689	0.419532
0.585514	0.340314	0.745441
0.997388	0.0856565	0.0222226
0.674733	0.013497	0.746331
0.818934	0.538776	0.212343
0.561875	0.818628	0.157023
0.0432273	0.615961	0.794234
0.0520114	0.296556	0.957666
0.0669528	0.584639	0.820888
0.46927	0.874991	0.138642
0.361826	0.526933	0.773125
0.483987	0.320911	0.817211
0.863951	0.0464125	0.511219
0.778012	0.564859	0.28402
0.472188	0.271164	0.842184
0.133003	0.92619	0.360465
0.228911	0.744849	0.653854
0.866432	0.213449	0.475686
0.552132	0.80844	0.240731
0.622277	0.463161	0.632875
0.828289	0.494084	0.310664
0.376152	0.24941	0.893534
0.814317	0.221427	0.544201
0.733118	0.601799	0.339679
0.717662	0.183047	0.6744
0.487272	0.624564	0.614984
0.413771	0.371945	0.834472
0.283028	0.850135	0.451503
0.50181	0.767136	0.405395
0.156316	0.955056	0.253033
0.0358123	0.953464	0.317174
1.00233	0.0301824	1.90438e-06
4.82676e-12	1.00025	7.2294e-05
4.0705e-17	4.71233e-17	1.01694
0.138846	0.990393	7.63031e-17
2.95548e-28	6.12466e-17	1.00023
0.796269	0.582807	0.213336
0.63031	0.378104	0.685085
0.827744	0.56968	0.0803751
0.112131	0.0212517	0.997942
0.24868	0.314039	0.925078
0.574858	0.00785387	0.849723
0.185138	0.710936	0.680868
0.0435973	0.995246	0.0934297
0.789303	0.518963	0.336615
0.680328	0.562276	0.480728
0.83334	0.489492	0.290511
0.159863	0.644131	0.752445
0.00356144	0.955768	0.384044
0.0647556	0.424808	0.907852
0.952756	0.210154	0.225677
0.130654	0.964903	0.245807
0.567116	0.7949	0.220517
0.344767	0.480598	0.80885
0.557301	0.763204	0.346269
0.035153	0.924429	0.397826
0.350458	0.934678	0.120277
0.540961	0.160893	0.838068
0.208837	0.897588	0.418557
0.441908	0.485837	0.77346
0.751147	0.362353	0.556687
0.857927	0.0983137	0.511182
0.989593	0.122924	0.121425
0.840278	0.249917	0.50023
0.753966	0.301843	0.596702
0.51642	0.464659	0.739823
0.659809	0.436739	0.622855
0.871372	0.414066	0.279668
0.963375	0.286919	0.0443361
0.605153	0.146446	0.791154
0.414036	0.735109	0.541525
0.44715	0.862349	0.300049
0.70774	0.5265	0.477349
0.697779	0.665022	0.305088
0.155695	0.988264	0.00580997
0.316658	0.948279	0.0974946
0.487734	0.88583	0.0400606
0.377238	0.103975	0.930443
0.776202	0.595999	0.236317
0.787289	0.574424	0.255165
0.276008	0.901165	0.351267
0.719729	0.324903	0.615809
0.94224	0.335608	0.0232667
0.490093	0.276601	0.833935
0.380441	0.0917317	0.930537
0.944751	0.138403	0.325092
0.460285	0.887024	0.11812
0.466425	0.838806	0.328224
0.224101	0.672064	0.719027
0.132608	0.397321	0.914527
0.844953	0.496313	0.207479
0.432233	0.832564	0.36952
0.542905	0.728153	0.432061
0.370032	0.539167	0.769074
0.337513	0.000320114	0.949002
0.314007	0.604556	0.756411
0.774064	0.612262	0.260277
0.671349	0.203204	0.727418
0.500964	0.182594	0.854152
0.820426	0.098964	0.605994
0.0611215	0.400968	0.917773
0.0170613	0.721489	0.699411
0.958358	0.0655028	0.294419
0.290984	0.849278	0.444933
0.853821	0.305826	0.424076
0.406481	0.912228	0.109519
0.927273	0.307808	0.220644
0.738423	0.356215	0.578872
0.888264	0.34305	0.311638
0.36319	0.653151	0.667821
0.919903	0.180121	0.358144
0.937208	0.266866	0.227199
0.708805	0.536695	0.467772
0.726343	0.692246	0.0671935
0.748243	0.360952	0.561478
0.14374	0.44432	0.891008
0.975559	0.191019	0.13535
0.758178	0.221804	0.628858
0.231684	0.694805	0.697958
0.63875	0.12507	0.763005
0.0398708	0.980199	0.199685
0.694957	0.462235	0.583973
0.330164	0.450052	0.830381
0.867024	0.509277	0.0514394
0.124679	0.920778	0.380352
0.100606	0.748908	0.665491
0.200171	0.0703075	0.988462
0.02677	0.752747	0.663367
0.267685	0.826477	0.502991
0.523101	0.111512	0.854838
0.221106	0.205741	0.958511
0.464477	0.816584	0.362174
0.23902	0.930419	0.32081
0.780101	0.617326	0.196182
0.148947	0.440808	0.887765
0.472704	0.173974	0.870223
0.0845523	0.554678	0.832088
0.359607	0.256982	0.900093
0.550394	0.163699	0.827431
0.353031	0.67969	0.673083
0.434925	0.791797	0.436217
0.126388	0.967516	0.24199
0.716806	0.708842	0.01592
0.193464	0.540349	0.8307
0.904208	0.407679	0.18691
0.481853	0.547806	0.693963
0.665433	0.238348	0.709007
0.395911	0.779924	0.486623
0.768036	0.639514	0.129198
0.426211	0.77409	0.491636
0.396273	0.87665	0.295153
0.801876	0.500669	0.33687
0.196453	0.86775	0.47198
0.511674	0.0823085	0.862544
0.298935	0.786515	0.546967
0.770459	0.132454	0.646412
0.536241	0.724109	0.450098
0.564804	0.700816	0.529379
0.36639	0.261749	0.895908
0.148507	0.0281459	0.99176
0.00197786	0.872064	0.526672
0.760426	0.279867	0.595343
0.992848	0.0383773	0.144753
0.259874	0.243854	0.943081
0.870349	0.51123	0.034079
0.910865	0.129892	0.406671
0.966472	0.189339	0.179429
0.529156	0.00722948	0.880774
0.51915	0.766133	0.456465
0.170767	0.685896	0.721482
0.0306984	0.966758	0.266821
0.212085	0.973104	0.104292
0.0699696	0.216286	0.979961
0.399228	0.706814	0.586875
0.934232	0.334511	0.158273
0.645702	0.392657	0.656899
0.872707	0.264774	0.416719
0.0055959	0.891018	0.459308
0.445802	0.86441	0.269392
0.266405	0.0561722	0.966637
0.0529782	0.98474	0.172625
0.586246	0.631594	0.518989
0.102051	0.143663	0.986753
0.464589	0.808314	0.3771
0.879322	0.266781	0.401786
0.614029	0.576177	0.555778
0.353182	0.474447	0.808849
0.703216	0.251957	0.675477
0.933301	0.347899	0.158867
0.905257	0.129092	0.411699
0.968457	0.256293	0.0322663
0.106667	0.205345	0.976021
0.897852	0.466878	0.14278
0.179959	0.0416401	0.991348
0.513335	0.658394	0.572758
0.0743531	0.783242	0.61825
0.757318	0.189164	0.635963
0.587453	0.388846	0.726668
0.593546	0.82319	0.0102869
0.650439	0.700752	0.312912
0.116435	0.808046	0.581416
0.0221366	0.573788	0.821087
0.324673	0.625029	0.712784
0.0821112	0.597586	0.799605
0.288883	0.393782	0.87736
0.728349	0.0593376	0.69267
0.21367	0.0533709	0.982254
0.597461	0.806373	0.0645353
0.999929	0.0439303	0.0571849
0.93028	0.317471	0.192482
0.705619	0.534178	0.480482
0.483711	0.345562	0.814477
0.0144113	0.775303	0.635494
0.46121	0.8052	0.382152
0.480408	0.101295	0.874859
0.388002	0.925787	0.0123974
0.170639	0.503464	0.848481
0.883511	0.459421	0.143458
0.755627	0.291647	0.595097
0.282471	0.760954	0.586818
0.695715	0.687984	0.277843
0.732813	0.507855	0.482485
0.824981	0.0865943	0.608297
0.678036	0.169361	0.724763
0.525445	0.742151	0.427156
0.407257	0.906801	0.166006
0.27391	0.886358	0.44051
0.252803	0.3446	0.906353
0.29463	0.0687721	0.960186
6.09955e-17	9.46293e-18	1.00805
0.948413	0.317085	7.01246e-17
1.00316	0.000287513	0.00544708
0.756307	0.0660196	0.659461
0.0135149	0.182819	0.98474
0.417575	0.591886	0.693286
0.573361	0.758696	0.325664
0.326675	0.46304	0.825966
0.855682	0.209727	0.481964
0.128704	0.647434	0.754826
0.904222	0.199618	0.389684
0.438299	0.810715	0.439663
0.970585	0.19135	0.206705
0.37208	0.68336	0.631317
0.652313	0.543408	0.530133
0.636139	0.113962	0.771199
0.246737	0.347669	0.907711
0.883945	0.164175	0.455982
0.203868	0.687389	0.706849
0.545216	0.818078	0.24562
0.566095	0.77616	0.296637
0.870362	0.21789	0.447233
0.633856	0.696775	0.366346
0.0780001	0.902288	0.450882
0.338591	0.7407	0.59161
0.286419	0.958519	0.0459832
0.364096	0.923026	0.163338
0.291085	0.26739	0.922101
0.906336	0.362085	0.274299
0.0534749	0.43571	0.900853
0.733393	0.609906	0.308293
8.5958e-13	0.735093	0.683417
0.680407	0.367339	0.658573
0.843958	0.0221855	0.540072
0.310098	0.576006	0.7777
0.0327525	0.0802091	0.997709
0.837057	0.506373	0.302082
0.166236	0.975032	0.152798
0.52373	0.848031	0.121283
0.196798	0.0721509	0.979175
0.282161	0.258485	0.92676
0.346837	0.389256	0.857065
0.0435644	0.74775	0.67086
0.925194	0.104702	0.374514
0.0733438	0.992132	0.131818
0.741976	0.612913	0.291863
0.494791	0.675551	0.553818
0.150703	0.211305	0.96909
0.865532	0.139488	0.495725
0.715162	0.658502	0.255031
0.231274	0.886599	0.405149
0.93753	0.326854	0.138115
0.664834	0.123479	0.741692
0.601117	0.480314	0.642629
0.432474	0.866118	0.264099
0.582791	0.816349	0.0543558
0.960151	0.289037	0.0197722
0.647755	0.532904	0.548703
0.986298	0.0435451	0.165795
0.295799	0.783568	0.553932
0.717809	0.70204	0.0371482
0.203339	0.69321	0.698437
0.360701	0.924354	0.147301
0.00897837	0.747116	0.672589
0.629081	0.00977923	0.795685
0.0350097	0.891153	0.456672
0.743772	0.33617	0.586087
0.52903	0.134756	0.840813
0.764392	0.635686	0.126877
0.387451	0.296869	0.88055
0.470855	0.524955	0.725312
0.0992159	0.277819	0.958004
0.134695	0.942929	0.333485
0.925286	0.0604097	0.380805
0.401	0.82669	0.438328
0.656882	0.52261	0.54911
0.539227	0.157989	0.831481
0.18875	0.485678	0.859521
0.0265346	0.950637	0.316783
0.376162	0.478825	0.804529
0.846936	0.416882	0.352527
0.872527	0.158273	0.465975
0.854514	0.171365	0.491534
0.140896	0.878556	0.46756
0.264452	0.869136	0.425732
0.222913	0.092495	0.97484
0.5044	0.803046	0.333855
0.786384	0.0881672	0.616294
0.884766	0.0385872	0.469066
0.725988	0.409389	0.564661
0.897739	0.184713	0.409241
0.961688	0.2398	0.201693
0.109706	0.948896	0.311128
0.463508	0.884094	0.11226
0.698361	0.704705	0.147285
0.929903	0.374222	0.0849728
0.287998	0.40581	0.870203
0.414898	0.856374	0.316976
0.774455	0.626369	0.127116
0.555393	0.623318	0.561439
0.102931	0.726823	0.685339
0.409786	0.88126	0.280206
0.690163	0.412011	0.598482
0.452134	0.891202	0.128939
0.591056	0.773357	0.255347
0.677541	0.622389	0.407298
0.801287	0.0568967	0.608912
0.065777	0.88452	0.46467
0.603822	0.497975	0.628062
0.424333	0.00408396	0.920559
0.308559	0.834956	0.486307
0.94275	0.178588	0.286851
0.790234	0.0885988	0.611295
0.723288	0.692046	0.0708633
0.769248	0.636606	0.123238
0.513716	0.145045	0.848945
0.849747	0.526919	0.0893906
0.818044	0.292085	0.499691
0.925945	0.146453	0.361436
0.615934	0.0160382	0.812196
0.437429	0.620028	0.654418
0.326248	0.328056	0.889575
0.569332	0.125687	0.818354
0.13249	0.602218	0.813339
0.720945	0.430702	0.568956
0.809755	0.100242	0.583666
0.181144	0.791757	0.600874
0.798756	0.0685854	0.624382
0.850595	0.212098	0.504302
0.606658	0.499094	0.625827
0.0834675	0.6518	0.76602
0.194035	0.961047	0.262498
0.0909401	0.284728	0.954318
0.0680744	0.910021	0.413609
0.512939	0.487961	0.713547
0.382694	0.282235	0.885711
0.255382	0.551191	0.801407
0.278159	0.138965	0.958355
0.94071	0.314509	0.190763
0.260453	0.0070281	0.97285
0.598463	0.149228	0.797696
0.517777	0.712562	0.503257
0.766121	0.0668763	0.647873
0.393991	0.312782	0.866217
0.454751	0.875083	0.177571
0.614481	0.789437	0.0954198
0.891194	0.470542	0.00506894
0.795203	0.560659	0.236041
0.113056	0.424431	0.901368
0.344708	0.442772	0.833864
0.0773615	0.227242	0.974749
0.886367	0.454343	0.103785
0.412545	0.914597	0.0639576
0.246469	0.944851	0.224
0.535536	0.425014	0.73103
0.707315	0.710096	0.0760737
0.974604	0.260241	0.00319609
0.0494323	0.334429	0.950797
0.0857445	0.856147	0.511928
0.642422	0.513318	0.575003
0.458924	0.397563	0.796667
0.273645	0.969239	0.0266444
0.910216	0.379466	0.229457
0.80473	0.355184	0.493385
0.57004	0.251599	0.788018
0.301412	0.750376	0.598237
0.888194	0.455279	0.101373
0.575475	0.813914	0.108705
0.776469	0.62087	0.146826
0.979498	0.0855024	0.243379
0.831044	0.51219	0.238008
0.510069	0.444982	0.737821
0.624786	0.509293	0.596323
0.526763	0.852943	0.0535577
0.987471	0.0430664	0.165406
0.335709	0.570459	0.77904
0.996808	0.0168547	0.122085
0.467168	0.82746	0.354862
0.378985	0.537187	0.758683
0.95505	0.303205	0.0810031
0.53907	0.842484	0.132527
0.351131	0.934483	0.075771
0.118198	0.672637	0.733479
0.213159	0.954596	0.236938
0.501343	0.798179	0.34961
0.0450171	0.854768	0.519349
0.0130617	0.674035	0.745231
0.0954973	0.541162	0.845992
0.428237	0.230129	0.887038
0.316131	0.250889	0.917134
0.550579	0.488953	0.689097
0.347057	0.72337	0.60214
1.7777e-24	2.9032e-08	1.00022
1.00633	0.0393163	3.29307e-17
0.00215358	1.01491	0.000607656
0.691046	0.722822	3.2699e-17
0.190907	0.836278	0.515244
0.874853	0.489542	0.0695493
0.0585291	0.62373	0.790427
0.659782	0.465268	0.594222
0.356479	0.415761	0.850834
0.0851321	0.511076	0.858558
0.605761	0.797986	0.0924847
0.256891	0.261023	0.933314
0.968836	0.0261365	0.262488
0.552482	0.474311	0.693142
0.0266876	0.711437	0.703033
0.591241	0.807267	0.0470246
0.443522	0.397885	0.806629
0.993058	0.0421686	0.125972
0.320699	0.07475	0.94504
0.0897506	0.920119	0.411617
0.523375	0.78827	0.381747
0.430933	0.775226	0.488385
0.178279	0.78099	0.599391
0.556608	0.760407	0.358938
0.765332	0.152569	0.637844
0.931212	0.293252	0.237758
0.335081	0.908898	0.270591
0.640612	0.524272	0.577773
0.0722264	0.769699	0.63907
0.595583	0.0795163	0.81336
0.448979	0.576101	0.683529
0.484947	0.878199	0.00711736
0.889124	0.059767	0.470831
0.915915	0.12427	0.403884
0.0746254	0.43956	0.898332
0.719121	0.27511	0.651921
0.918783	0.219319	0.335604
0.805362	0.446382	0.394729
0.463743	0.283819	0.840575
0.423043	0.405987	0.811324
0.740184	0.381273	0.562847
0.716526	0.637301	0.288898
0.576903	0.743756	0.371481
0.806897	0.558389	0.199472
0.94766	0.0152261	0.323527
0.78487	0.528039	0.358239
0.838018	0.556791	0.0830392
0.370708	0.132979	0.927143
0.410978	0.460628	0.79631
0.704604	0.541451	0.461169
0.725399	0.278261	0.642228
0.0127399	0.26606	0.966582
0.98426	0.0702068	0.192606
0.734432	0.417183	0.537329
0.421731	0.905693	0.16135
0.676709	0.608075	0.429535
0.297146	0.828204	0.479472
0.864846	0.169405	0.49569
0.447274	0.826302	0.34913
0.249174	0.740242	0.629001
0.816499	0.579261	0.0134464
0.647338	0.00547282	0.774428
0.303795	0.927788	0.236722
0.530829	0.567967	0.635603
0.568525	0.649906	0.508629
0.903219	0.320126	0.306338
0.544168	0.0387981	0.843433
0.104542	0.143568	0.987902
0.501685	0.864146	0.095778
0.701264	0.248548	0.699764
0.404459	0.518975	0.756121
0.46166	0.85288	0.247605
0.953009	0.186674	0.279526
0.935845	0.106936	0.365241
0.585215	0.301447	0.760251
0.215678	0.39117	0.904684
0.963837	0.224656	0.14927
0.286504	0.0667796	0.956936
0.353742	0.853275	0.38447
0.229414	0.344114	0.912441
0.397251	0.00638265	0.920003
0.165341	0.968219	0.206379
0.882823	0.330528	0.356991
0.116932	0.157824	0.981222
0.694326	0.494791	0.567173
0.331311	0.89867	0.306946
0.433476	0.914944	0.0539603
0.528305	0.670348	0.526817
0.72801	0.681504	0.0977066
0.932385	0.323255	0.176038
0.652593	0.231297	0.733042
0.508834	0.404212	0.775265
0.468621	0.752306	0.473672
0.674826	0.475877	0.567299
0.179732	0.94712	0.308849
9.30059e-05	1.003	0.00197312
0.532567	0.699471	0.481828
0.843963	0.517528	0.169887
0.283781	0.903117	0.327115
0.600841	0.337767	0.726209
0.628057	0.71834	0.300589
0.480493	0.444522	0.765273
0.159024	0.981028	0.135554
0.170046	0.64435	0.749674
0.467267	0.859654	0.229854
0.118782	0.304549	0.948457
0.910578	0.326262	0.264084
0.832654	0.553227	0.116216
0.942042	3.95394e-10	0.337449
0.557306	0.0756144	0.836147
0.128442	0.299956	0.952889
0.538535	0.205481	0.819608
0.888222	0.314811	0.409852
0.274836	0.35254	0.905337
0.542148	0.434026	0.722286
0.012328	0.257458	0.969667
0.826949	0.506107	0.255488
0.998643	0.135494	0.0317911
0.136787	0.99249	0.0371093
0.183321	0.819933	0.544444
0.00476942	0.593718	0.842725
0.977002	0.215373	0.0263276
0.68315	0.598581	0.432216
0.238093	0.725714	0.65311
0.134271	0.896639	0.437001
0.312214	0.0727722	0.948423
0.495296	0.671371	0.553057
0.0402983	0.118369	0.997619
0.363102	0.255914	0.899286
0.108838	0.996012	0.0371118
0.368551	0.870895	0.333834
0.819254	0.501398	0.287433
0.421724	0.675243	0.619797
0.861582	0.502854	0.0782697
0.540654	0.661893	0.527517
0.6206	0.730747	0.2953
0.513468	0.69415	0.508593
0.341665	0.935986	0.108143
0.240732	0.912196	0.333317
0.566235	0.809757	0.209291
0.393434	0.429677	0.821497
0.205677	0.373032	0.906428
0.903796	0.180907	0.401207
0.0883526	0.941552	0.350592
0.354568	0.891474	0.317663
0.386881	0.711634	0.58809
0.807315	0.515143	0.29477
0.961504	0.0226309	0.284617
0.730664	0.240094	0.657665
0.111825	0.551865	0.8303
0.96471	0.192316	0.219384
0.292841	0.145258	0.948439
0.475562	0.665627	0.598159
0.0468125	0.68872	0.727673
0.979952	0.230454	0.0224414
0.772387	0.0494178	0.639802
0.846183	0.0895489	0.537664
0.148157	0.889435	0.436368
0.97553	0.201976	0.171536
0.0354921	0.627713	0.79326
0.270411	0.652838	0.712113
0.957269	0.301458	0.0616884
0.161413	0.819345	0.553583
0.374682	0.903784	0.212779
0.21975	0.982864	0.0413555
0.0322881	0.197975	0.986204
0.616159	0.794124	0.00349254
0.548082	0.179857	0.818474
0.469309	0.811612	0.37825
0.203279	0.368682	0.908657
0.152466	0.965958	0.242532
0.513609	0.857878	0.095841
0.3479	0.939139	0.034527
0.707174	0.684227	0.186765
0.265299	0.914262	0.328954
0.787236	0.616188	0.050515
0.886623	0.122227	0.447586
0.0524297	0.771361	0.63912
0.931668	0.346453	0.125325
0.201089	0.36471	0.918833
0.453557	0.620002	0.660053
0.317496	0.253259	0.916497
0.110057	0.116084	0.994431
0.418954	0.884294	0.229873
0.458395	0.0964762	0.886792
0.439988	0.297391	0.873026
0.881422	0.226228	0.417622
0.759411	0.603267	0.301208
0.663771	0.59645	0.454669
0.609986	0.216196	0.785194
0.689304	0.244309	0.711019
0.223101	0.584921	0.782774
0.903631	0.0607422	0.443314
0.705143	0.267802	0.666036
0.847554	0.384074	0.371229
0.190172	0.96631	0.183858
0.304755	0.826639	0.486459
1.00633	0.0393163	3.29307e-17
6.06681e-17	9.69436e-18	1.00335
0.956953	0.290291	3.26992e-17
1.73685e-32	6.13128e-17	1.00131
0.040677	0.324471	0.954147
0.4034	0.122627	0.91201
0.520265	0.0904927	0.85087
0.929519	0.336574	0.233446
0.822438	0.309473	0.484034
0.800193	0.109806	0.59127
0.894634	0.428187	0.147476
0.985567	0.0101078	0.218051
0.745556	0.333097	0.583088
0.773641	0.370608	0.524007
0.834576	0.563019	0.007571
0.409376	0.75028	0.526175
0.298017	0.7846	0.57439
0.992778	0.070468	0.137394
0.457173	0.870247	0.189851
0.0318244	0.990548	0.186129
0.537531	0.59273	0.642743
0.387659	0.833203	0.424629
0.562029	0.801384	0.249719
0.913047	0.207236	0.361158
0.793061	0.372982	0.490812
0.199146	0.975054	0.123262
0.497793	0.613892	0.631791
0.336045	0.40078	0.858338
0.473941	0.417375	0.788392
0.748244	0.482161	0.493022
0.953887	0.251739	0.168681
0.242472	0.881831	0.431986
0.669343	0.706206	0.272375
0.981712	0.193646	0.0351078
0.272355	0.677516	0.716146
0.591881	0.503259	0.672453
0.0548077	0.678342	0.742846
0.810507	0.589402	0.0517608
0.0761161	0.818114	0.589504
0.8851	0.346914	0.320279
0.116967	0.352939	0.945843
0.916392	0.387545	0.130997
0.875976	0.273619	0.433477
0.44709	0.8456	0.328738
0.755242	0.598773	0.293598
0.129252	0.568276	0.819212
0.370357	0.927721	0.068447
0.664947	0.693469	0.339006
0.260877	0.908846	0.350408
0.205489	0.810797	0.549614
0.746916	0.491722	0.476675
0.8958	0.362032	0.277303
0.728132	0.212059	0.655426
0.852675	0.0205026	0.539848
0.262792	0.91552	0.333912
0.526755	0.65109	0.55219
0.326719	0.010304	0.952697
0.943183	0.265793	0.20208
0.630478	0.763908	0.171725
0.880645	0.119157	0.459755
0.3993	0.0636839	0.925255
0.161268	0.740606	0.65763
0.904232	0.241658	0.361042
0.18057	0.791983	0.594648
0.362861	0.162118	0.922411
0.865006	0.392214	0.319981
0.0569218	0.487175	0.872072
0.321376	0.821045	0.501899
0.642509	0.0233681	0.774329
0.0945674	0.945489	0.335454
0.0280057	1.00012	0.00326015
0.493814	0.608984	0.638585
0.217487	0.969879	0.157915
0.443413	0.178555	0.887812
0.425155	0.151719	0.905994
0.0576235	0.145364	0.990189
0.996875	0.13872	0.0273761
0.57985	0.687016	0.443171
0.106146	0.231966	0.97157
0.122083	0.32046	0.940341
0.691235	0.296395	0.66203
0.392413	0.407738	0.833393
0.285721	0.853446	0.438003
0.711776	0.515567	0.485544
0.242957	0.898603	0.373153
0.806547	0.0555253	0.603538
0.0127763	0.727158	0.696992
0.547845	0.166535	0.820515
0.601069	0.616374	0.511735
0.620331	0.688202	0.384392
0.433164	0.450081	0.799347
0.972955	0.220117	0.109061
0.301447	0.619168	0.751685
0.17491	0.429845	0.898861
0.101519	0.636386	0.776134
0.0618767	0.982079	0.181119
0.401502	0.860815	0.351746
0.613475	0.646703	0.461162
0.308493	0.779524	0.548859
0.22281	0.419177	0.894695
0.439542	0.90266	0.118115
0.937402	0.344086	0.0849853
0.493743	0.577902	0.652498
0.410779	0.789552	0.467857
0.0213037	0.723948	0.702872
1.35291e-16	0.477593	0.880235
0.196524	0.769172	0.618204
0.598294	0.69823	0.399732
0.603935	0.671556	0.445225
0.163345	0.728434	0.674872
0.0841046	0.550331	0.838985
0.940799	0.291749	0.226791
0.45098	0.397155	0.811327
0.484663	0.0843003	0.873572
0.215722	0.586823	0.785815
0.0788256	0.888949	0.455003
0.134266	0.956726	0.265363
0.420249	0.436661	0.804492
0.568605	0.378881	0.745815
0.395226	0.553029	0.754551
0.313692	0.657518	0.702147
0.963299	0.0357866	0.367161
0.961944	0.268324	0.0849945
0.565726	0.825922	0.0408971
0.466125	0.491177	0.759882
0.626874	0.52259	0.589884
0.230872	0.853908	0.472967
0.428928	0.543687	0.723115
0.611012	0.509366	0.619724
0.976253	0.218307	0.0576433
0.377348	0.278776	0.885539
0.147901	0.885894	0.449086
0.416232	0.909617	0.110975
0.357224	0.933821	0.0290777
0.700242	0.612234	0.376792
0.189217	0.173571	0.977929
0.208318	0.804363	0.569399
0.684215	0.713279	0.176959
0.911185	0.073152	0.406488
0.270028	0.212881	0.948508
0.66081	0.172437	0.731051
0.706729	0.303039	0.645352
0.212879	0.864389	0.458054
0.15128	0.974645	0.173791
0.786523	0.622629	0.0476962
0.0247182	0.379251	0.929835
0.968089	0.190843	0.229141
0.758196	0.662025	0.0144843
0.906166	0.156955	0.399801
0.900965	0.288447	0.343387
0.352163	0.458491	0.823596
0.642382	0.0943024	0.761837
0.786404	0.290875	0.564205
0.521975	0.861593	0.0999812
0.985907	0.165114	0.11617
0.944261	0.316221	0.110652
0.0882927	0.161597	0.986455
0.703809	0.0984799	0.711742
0.55311	0.783554	0.301718
0.673984	0.625685	0.394523
0.285128	0.783937	0.598495
0.737412	0.568369	0.440587
0.721461	0.66976	0.179242
0.943256	0.0313241	0.385164
0.0673251	0.530658	0.847392
0.707184	0.0554711	0.740703
0.597232	0.59733	0.555036
0.558942	0.830204	0.0377597
0.920379	0.240171	0.313161
0.842288	0.0828745	0.53394
0.644384	0.0870031	0.762968
0.902352	0.364681	0.255422
0.431975	0.547549	0.718115
0.675529	0.62712	0.389523
0.157017	0.733721	0.678317
0.841418	0.0826279	0.535128
0.0357748	0.510593	0.859786
0.805658	0.525809	0.282292
0.757113	0.438611	0.505452
0.248292	0.80144	0.545692
0.963754	0.258952	0.0971743
0.348537	0.891541	0.30813
0.465303	0.526872	0.733985
0.379873	0.000199597	0.928574
0.353505	0.647883	0.688503
0.72019	0.325898	0.613414
0.024236	0.754356	0.658908
0.962792	0.254687	0.16097
0.310197	0.146032	0.940135
0.649094	0.759734	0.0759176
0.694089	0.0944126	0.724289
0.763633	0.21505	0.609599
0.741118	0.647972	0.193151
1.00724	7.84244e-05	9.73169e-05
2.40552e-05	1.01881	0.000306662
0.000600344	1.0041	0
2.44642e-17	5.64204e-17	1.00431
0.675833	0.141853	0.724054
0.0858194	0.912427	0.419147
0.61832	0.783634	0.105845
0.196314	0.59436	0.781717
0.133416	0.302654	0.949089
0.824559	0.132731	0.572434
0.96081	0.205929	0.193251
0.803996	0.387245	0.453184
0.115824	0.732282	0.680488
0.252925	0.847253	0.480988
0.697189	0.618434	0.374407
0.923288	0.0876813	0.390356
0.0398032	0.969447	0.249796
0.24662	0.467244	0.85195
0.298897	0.600486	0.750152
0.444662	0.646216	0.623411
0.688208	0.631818	0.362004
0.310083	0.900707	0.312293
0.277146	0.0702892	0.960863
0.945368	0.330684	0.0321646
0.99171	0.115697	0.160339
0.0465489	0.452207	0.901059
0.291475	0.577953	0.775559
0.0657173	0.978188	0.231251
0.271346	0.553165	0.794024
0.967751	0.224981	0.178712
0.835537	0.175374	0.521533
0.754839	0.109863	0.669452
0.350449	0.505006	0.79009
0.581163	0.816463	0.0191795
0.224334	0.496955	0.854007
0.725075	0.693747	0.0702914
0.0593429	0.823018	0.589874
0.121597	0.984715	0.144425
0.891732	0.281446	0.36958
0.482647	0.880861	0.0845988
0.030222	0.955425	0.299194
0.778137	0.525221	0.347156
0.527911	0.637022	0.568828
0.842253	0.541894	0.0382215
0.669348	0.230212	0.711289
0.784315	0.491892	0.441665
0.392529	0.709695	0.596107
0.571355	0.344933	0.75996
0.0757539	0.444131	0.896563
0.358362	0.799841	0.491422
0.878771	0.0889464	0.47224
0.439552	0.53498	0.725977
0.0183578	0.738781	0.685625
0.796617	0.352925	0.505855
0.68137	0.687	0.263679
0.1839	0.400047	0.91347
0.168393	0.376518	0.923447
0.869022	0.476009	0.209856
0.291834	0.06215	0.958006
0.512266	0.839193	0.200564
0.646376	0.0342912	0.769212
0.776508	0.054461	0.638024
0.806117	0.274212	0.535544
0.705381	0.582375	0.409224
0.378092	0.834886	0.437232
0.219126	0.394328	0.912518
0.645664	0.21079	0.758056
0.908868	0.286855	0.316606
0.616152	0.773218	0.171218
0.746039	0.235463	0.62976
0.427307	0.877523	0.220574
0.916237	0.0656495	0.405121
0.276037	0.529162	0.814144
0.341967	0.419523	0.847738
0.539779	0.0460401	0.845835
0.237868	0.00609388	0.976966
0.605387	0.756589	0.286659
0.0153951	0.986614	0.170747
0.384674	0.873583	0.32611
0.898808	0.193533	0.424678
0.503168	0.0587018	0.873707
0.0717904	0.967499	0.259859
0.979767	0.125397	0.173637
0.137571	0.0200228	0.992274
0.322477	0.408694	0.857349
0.872525	0.398533	0.301507
0.431867	0.939461	0.0268614
0.0279141	0.853544	0.558306
0.977728	0.114066	0.223763
0.337057	0.278281	0.916283
0.447666	0.866066	0.336825
0.421219	0.753043	0.508062
0.0448871	0.604932	0.797153
0.771358	0.613088	0.186431
0.761012	0.163863	0.641594
0.387711	0.700984	0.606684
0.710445	0.710777	0.0605518
0.799841	0.270823	0.545017
0.949038	0.26076	0.200772
0.451373	0.888156	0.119014
0.592497	0.150817	0.793007
0.627156	0.361435	0.703194
0.345815	0.919136	0.195714
0.66377	0.697536	0.284517
0.494021	0.106304	0.865592
0.413383	0.859923	0.354137
0.995725	7.43704e-10	0.127108
0.609363	0.794647	0.0869701
0.0576388	0.981594	0.239515
0.254013	0.562702	0.803906
0.574059	0.586461	0.58666
0.313754	0.955921	0.0531991
0.535365	0.660293	0.532396
0.434403	0.566488	0.711694
0.595317	0.801794	0.0780984
0.887323	0.209843	0.429083
0.268547	0.483175	0.840925
0.276772	0.0803856	0.960276
0.259491	0.485136	0.836948
0.462383	0.478051	0.749291
0.272799	0.313235	0.922686
0.211927	0.428365	0.904484
0.36906	0.930693	0.0461011
0.87648	0.414445	0.263285
0.955979	0.293748	0.0761505
0.605925	0.186185	0.784288
0.0893259	0.681453	0.731973
0.561458	0.614537	0.570533
0.176229	0.440326	0.885655
0.475807	0.868181	0.155489
0.56816	0.00361047	0.829507
0.161225	0.664838	0.735598
1.00672	0.00421506	0.0105209
0.151226	0.88661	0.440311
0.0948584	0.922672	0.396052
0.215446	0.656403	0.736934
0.176562	0.891813	0.433708
0.341974	0.743913	0.578435
0.395361	0.487619	0.807407
0.613039	0.680513	0.513324
0.609861	0.294024	0.739283
0.816264	0.361253	0.45251
0.316888	0.36386	0.887629
0.371751	0.672129	0.649573
0.581981	0.16903	0.798736
0.20279	0.510092	0.851141
0.36177	0.717338	0.601268
0.362357	0.581389	0.744103
0.460188	0.856753	0.245583
0.16349	0.357538	0.929499
0.939568	0.328655	0.120794
0.738973	0.400855	0.549606
0.782773	0.156063	0.609881
0.65823	0.0937522	0.757081
0.217903	0.522496	0.826502
0.596737	0.812142	0.000303349
0.590713	0.724682	0.375475
0.735001	0.404529	0.549233
0.556548	0.356076	0.752339
0.20627	0.429085	0.901015
0.749335	0.17721	0.643911
0.0297782	0.761475	0.659807
0.00681429	0.236141	0.975336
0.112012	0.994896	0.0764814
0.0654425	0.329879	0.945769
0.704312	0.102509	0.734643
0.627153	0.69618	0.47279
0.130049	0.919907	0.396701
0.0507484	0.897277	0.447768
0.0181216	0.729275	0.693485
0.853043	0.386254	0.376164
0.638928	0.353148	0.693195
0.937388	0.0103318	0.380032
0.969438	0.246765	0.040085
0.550605	0.630679	0.566834
0.87981	0.00966906	0.493334
0.967795	0.12768	0.2778
0.546521	0.346049	0.777377
0.849053	0.241701	0.500374
0.144352	0.250071	0.962056
0.327927	0.402299	0.861769
0.772754	0.171627	0.617491
0.651871	0.748497	0.187673
0.255325	0.358701	0.905902
0.521343	0.857142	0.0475329
0.249646	0.818071	0.537956
0.905552	0.285808	0.328313
0.839792	0.172576	0.532233
0.767135	0.165632	0.62372
0.10493	0.319694	0.946236
0.553466	0.00812621	0.833934
0.21396	0.0505994	0.980631
0.9	0.433905	0.062239
0.605046	0.797121	0.0280253
0.999148	0.0281658	0.0483598
0.817615	0.472752	0.333156
1.00428	0.014562	0.000729309
4.84388e-17	3.92942e-17	1.01862
0.95318	0.331872	0
6.12658e-17	1.82168e-30	1.00055
0.86881	0.502832	0.0607092
0.968657	0.0377413	0.279564
0.681146	0.705818	0.26008
0.712711	0.0273791	0.712733
0.838755	0.339903	0.434984
0.915276	0.414199	0.0946656
0.64874	0.520547	0.618471
0.268118	0.639147	0.733012
0.568123	0.676356	0.476258
0.293013	0.247881	0.926562
0.582249	0.745083	0.33523
0.807371	0.553151	0.22036
0.0775071	0.44202	0.904153
0.88539	0.25581	0.409601
0.943957	0.271976	0.200588
0.741308	0.666121	0.158588
0.528959	0.183636	0.833459
0.281839	0.498996	0.830194
0.93775	0.313666	0.177942
0.0414019	0.848278	0.562579
0.0383512	0.999428	0.069273
0.109364	0.624393	0.785052
0.460163	0.133221	0.897089
0.47562	0.880625	0.139945
0.793809	0.22935	0.585316
0.0850376	0.931028	0.371631
0.657952	0.0100149	0.764892
0.410225	0.0266521	0.913148
0.214555	0.93012	0.35397
0.337132	0.057995	0.94421
0.18906	0.887504	0.446426
0.575867	0.690113	0.473853
0.20113	0.984068	0.0182833
0.257444	0.158062	0.9592
0.769052	0.198906	0.620389
0.518261	0.529806	0.693014
0.751101	0.605018	0.314783
0.252765	0.307226	0.920154
0.484066	0.38475	0.817662
0.922271	0.378304	0.124316
0.420953	0.447353	0.804696
0.342529	0.455909	0.836578
0.357366	0.10123	0.936755
0.370264	0.392799	0.865529
0.225428	0.977255	0.109491
0.394454	0.6143	0.688036
0.161159	0.792246	0.599355
0.0595253	0.945023	0.333924
0.296944	0.0929224	0.951863
0.523981	0.0847878	0.855705
0.815455	0.600879	0.0184383
0.787483	0.634324	0.0271861
0.0681288	0.553151	0.845631
0.934254	0.334471	0.193323
0.505807	0.838135	0.239069
0.675879	0.70036	0.264254
0.109687	0.220578	0.971164
0.610483	0.360163	0.718284
0.155075	0.674098	0.727321
0.2473	0.43247	0.875717
0.790078	0.283643	0.555373
0.197321	0.855408	0.490538
0.699837	0.719448	0.0830709
0.988276	0.157603	0.0970699
0.111742	0.484988	0.874856
0.692294	0.478619	0.546054
0.167926	0.0703534	0.986688
0.705073	0.487453	0.518527
0.212242	0.920093	0.355186
0.957628	0.117278	0.298212
0.14552	0.297253	0.949965
0.587752	0.234672	0.775719
0.172669	0.750577	0.641054
0.101896	0.970734	0.255182
1.00136	0.0795023	0.0135964
0.826608	0.571477	0.044908
0.14546	0.0444261	0.998068
0.664186	0.222208	0.720089
0.0995655	0.797734	0.599005
0.636904	0.137194	0.760358
0.489413	0.81097	0.330149
0.898855	0.426473	0.117505
0.857448	0.51665	0.0182225
0.182198	0.111342	0.983661
0.605704	0.227907	0.793239
0.690387	0.735112	0.0769351
0.050739	0.675709	0.742317
0.498484	0.840566	0.246991
0.319922	0.214369	0.929711
0.437689	0.734213	0.527541
0.503268	0.545449	0.693962
0.629938	0.604767	0.510465
0.316524	0.467793	0.827769
0.511435	0.177509	0.851165
0.5006	0.0522987	0.870534
0.0290365	0.142066	0.993075
0.955211	0.2358	0.226551
0.120118	0.646378	0.772642
0.375774	0.653378	0.665918
0.394293	0.261941	0.887645
0.34534	0.45965	0.821967
0.282986	0.28929	0.92583
0.307051	0.627209	0.724183
0.84861	0.52455	0.109365
0.47792	0.182481	0.882206
0.170706	0.863242	0.485894
0.21989	0.0633556	0.977874
0.541876	0.554191	0.645008
0.233829	0.609661	0.774935
0.608243	0.589299	0.550716
0.0366326	0.80255	0.651066
0.928797	0.290648	0.23759
0.354176	0.888096	0.332896
0.40478	0.898398	0.21467
0.719884	0.16447	0.684591
0.424135	0.211079	0.888367
0.57547	0.363717	0.743524
0.137967	0.956109	0.2633
0.931972	0.32347	0.206886
0.928596	0.151129	0.366621
0.858471	0.00337018	0.528252
0.464052	0.774103	0.443388
0.725699	0.344125	0.597769
0.672037	0.464614	0.582608
0.00962249	0.762204	0.658192
0.592087	0.428624	0.701717
0.0183294	0.967903	0.272519
0.825374	0.276078	0.501098
0.757648	0.321078	0.59391
0.471168	0.872382	0.188123
0.449334	0.829004	0.359846
0.386237	0.64703	0.665752
0.723642	0.644442	0.253604
0.642935	0.138493	0.75466
0.877937	0.145642	0.461059
0.717373	0.491491	0.506044
0.579622	0.722892	0.385493
0.0729273	0.7883	0.629433
0.195452	0.910666	0.367475
0.0700887	0.933394	0.358825
0.731044	0.490921	0.512597
0.174625	0.622139	0.768894
0.578594	0.191886	0.79801
0.88198	0.254825	0.417275
0.469456	0.808534	0.403053
0.383	0.647699	0.673385
0.300055	0.612918	0.739605
0.242775	0.907608	0.399817
0.164404	0.862034	0.492166
0.61667	0.742085	0.287842
0.152479	0.894456	0.445755
0.44397	0.693949	0.574023
0.91084	0.431919	0.045862
0.454477	0.762374	0.468601
0.85614	0.301087	0.43737
0.100689	0.926996	0.376126
0.736659	0.661944	0.238759
0.523058	0.582646	0.634533
0.742199	0.351949	0.588006
0.160056	0.727539	0.679193
0.983779	0.156886	0.13703
0.977629	0.236479	0.0623497
0.227779	0.728724	0.648704
0.0437064	0.870556	0.507244
0.701813	0.462684	0.545387
0.51346	0.861316	0.0540352
0.549828	0.566626	0.626673
0.96005	0.290077	0.10112
0.820846	0.594227	0
0.465618	0.879836	0.188874
0.327595	0.698787	0.645031
0.554507	0.819764	0.182496
0.31109	0.205805	0.931332
0.589564	0.347773	0.747584
0.592383	0.65785	0.47623
0.319641	0.409312	0.863326
0.846055	0.330654	0.438257
0.845656	0.282862	0.464495
0.763235	0.460459	0.464783
0.0206083	0.471759	0.901706
0.44929	0.903508	0.0359046
0.493849	0.785718	0.388542
0.144369	0.060484	0.991095
0.544431	0.401489	0.738383
0.327761	0.666702	0.701074
0.57965	0.35422	0.748323
0.0697774	0.929249	0.391823
5.95394e-17	1.72934e-17	1.01254
0.550513	0.834852	2.31462e-17
6.12365e-17	5.33962e-33	1.00007
0.756018	0.651091	0.0854196
0.96048	0.289814	0.109514
0.367602	0.757933	0.54174
0.726439	0.565593	0.391403
0.0198007	0.748949	0.669114
0.419303	0.635871	0.6518
0.617286	0.443278	0.678713
0.986174	0.103702	0.144564
0.943711	0.295541	0.159282
0.040528	0.519964	0.861837
0.356022	0.934716	0.0407516
0.0660082	0.268371	0.963282
0.646724	0.0944048	0.768454
0.388132	0.793799	0.468385
0.557143	0.627033	0.547395
1.00713	0.0649383	2.3359e-17
0.253128	0.871708	0.422132
0.501462	0.357328	0.791467
0.528333	0.672091	0.522632
0.660804	0.200653	0.736044
0.818287	0.518569	0.296012
0.53881	0.374818	0.764028
0.207328	0.170969	0.965478
0.96785	0.0115623	0.300696
0.896455	0.165645	0.414372
0.565002	0.324416	0.778458
0.521962	0.183723	0.849125
0.892066	0.335572	0.320344
0.124564	0.572367	0.819871
0.748818	0.691188	0.0174526
0.676852	0.72676	0.126273
0.697948	0.695356	0.213709
0.407665	0.806853	0.438048
0.488613	0.260236	0.837511
0.785358	0.594483	0.202966
0.308893	0.478351	0.824827
0.507319	0.62404	0.59715
0.270576	0.931795	0.24737
0.450418	0.0473641	0.898003
0.492767	0.409785	0.782261
0.184996	0.787797	0.591065
0.775502	0.265782	0.576018
0.810194	0.525674	0.262389
0.880121	0.499938	0.0687941
0.441534	0.217484	0.873898
0.480753	0.399794	0.787161
0.0586923	0.995072	0.166415
0.711459	0.129891	0.692189
0.56727	0.402007	0.719744
0.167849	0.0575226	0.985848
0.790536	0.576021	0.224269
0.15413	0.647332	0.749271
0.290866	0.723417	0.63915
0.0101	0.539531	0.846255
0.385374	0.910277	0.181309
0.552801	0.778122	0.310403
0.804363	0.531836	0.271011
0.435123	0.659862	0.613021
0.229554	0.977963	0.054469
0.395055	0.328527	0.869408
0.82558	0.369117	0.438546
0.364967	0.486581	0.797007
0.265925	0.613192	0.757037
0.534168	0.842166	0.208901
0.951316	0.325321	0.0289301
0.938833	0.252356	0.237062
0.11417	0.457905	0.883506
0.375921	0.12732	0.926327
0.782257	0.263378	0.56886
0.0781932	0.819621	0.570189
0.148898	0.996806	0.00950829
0.115497	0.451097	0.893692
0.12988	0.900015	0.423448
0.34959	0.120726	0.937572
0.375327	0.909365	0.252898
0.735365	0.0770629	0.677044
0.625689	0.600038	0.514983
0.352203	0.92469	0.154107
0.826567	0.276777	0.495287
0.613912	0.63985	0.482977
0.352021	0.775835	0.528258
0.517437	0.80149	0.308874
0.828568	0.0871287	0.555749
0.928207	0.2495	0.300857
0.441787	0.894663	0.1554
0.79209	0.421814	0.452291
0.218716	0.559788	0.809493
0.57484	0.43513	0.708366
0.073722	0.880969	0.48462
0.585727	0.144268	0.802063
0.674217	0.0354241	0.752501
0.260803	0.966287	0.0560628
0.0485163	0.848609	0.531644
0.709416	0.617671	0.348377
0.200744	0.816605	0.550349
0.591536	0.118393	0.812548
0.64098	0.744756	0.189956
0.844495	0.3311	0.453409
0.192168	0.520709	0.833481
0.146342	0.0248995	0.99994
0.474723	0.107852	0.87713
0.765831	0.470498	0.443631
0.089294	0.154463	0.987906
0.583206	0.428406	0.698181
0.322851	0.943215	0.101204
0.704609	0.677762	0.212072
0.432359	0.191014	0.88491
0.605443	0.501645	0.626664
0.999006	0.0521707	0.0638507
0.63202	0.417884	0.6705
0.74409	0.504854	0.443818
0.282075	0.666278	0.704596
0.0520548	0.226509	0.974255
0.586788	0.387978	0.711631
0.259662	0.224143	0.946705
0.176817	0.116909	0.979176
0.908635	0.244239	0.345358
0.514003	0.766042	0.407374
0.662515	0.292695	0.694326
0.103946	0.691857	0.724151
0.284256	0.713776	0.649157
0.179056	0.983813	0.106728
0.26593	0.720192	0.648672
0.129178	0.585245	0.808066
0.856182	0.282562	0.441367
0.736824	0.425111	0.532063
0.457445	0.885653	0.10121
0.157952	0.767124	0.623778
0.991098	0.10422	0.135156
0.705905	0.70171	0.175693
0.957787	0.241129	0.194369
0.914346	0.207675	0.35479
0.599344	0.20153	0.784927
0.921875	0.0969405	0.380467
0.312396	0.846487	0.431686
0.413328	0.865193	0.329297
0.770172	0.665109	0.0192461
0.602499	0.508739	0.617071
0.297918	0.828967	0.501084
0.669738	0.722586	0.190463
1.00323	0.00709408	0.0491114
0.685695	0.660715	0.375828
0.280663	0.704755	0.663988
0.409394	0.856959	0.343209
0.654738	0.204216	0.728791
0.848367	0.53871	0.0155524
0.835354	0.529385	0.224926
0.88721	0.195183	0.42724
0.702386	0.675623	0.229173
0.913124	0.189749	0.381364
0.681464	0.432727	0.601864
0.37948	0.278755	0.88837
0.279797	0.961371	0.0171478
0.973679	0.231726	0.109255
0.246912	0.648255	0.724556
0.349318	0.492417	0.798108
0.237138	0.359619	0.902773
0.127548	0.319095	0.958145
0.162314	0.706284	0.692684
0.307199	0.954494	0.0823158
0.293137	0.736076	0.620927
0.865521	0.308756	0.399061
0.413108	0.714812	0.587316
0.693978	0.23783	0.683498
0.00288518	0.0896765	0.998383
0.222417	0.874735	0.435816
0.319902	0.737656	0.608806
0.76862	0.5494	0.334617
0.572703	0.186066	0.800127
0.0271683	0.464626	0.893254
0.19572	0.0668081	0.980635
0.133338	0.385033	0.914287
0.88316	0.182165	0.450744
0.468867	0.726724	0.513759
0.540646	0.38314	0.749769
0.833141	0.0473621	0.556649
0.917791	0.195251	0.370346
0.110571	0.255686	0.970951
0.294104	0.729658	0.624259
0.875765	0.0044269	0.487562
0.215381	0.945057	0.283308
0.881462	0.144	0.458565
0.224263	0.828456	0.516687
0.475169	0.390996	0.795021
0.545627	0.819418	0.255069
0.0348097	0.178681	0.991378
0.0833143	0.0914676	0.995285
0.536223	0.846784	0.0272009
0.338383	0.281399	0.907634
0.8713	0.073881	0.519019
0.854375	0.220463	0.475424
0.0071358	1.0209	0
1.00453	0.00710325	0.00600633
5.68314e-17	2.60015e-17	1.02066
0.267136	0.906504	0.33728
0.835956	0.539465	0.134876
0.946566	0.100289	0.316863
0.252556	0.613135	0.751273
0.415518	0.888253	0.21031
0.593007	0.568544	0.576576
0.211547	0.701004	0.693835
0.60459	0.214725	0.768704
0.649822	0.722341	0.260738
0.73311	0.159022	0.670393
0.272269	0.445445	0.85686
0.746882	0.310845	0.597873
0.399693	0.683153	0.622515
0.371768	0.0883788	0.93356
0.218043	0.261919	0.95032
0.679187	0.503878	0.539825
0.778873	0.123812	0.618737
0.902906	0.321868	0.295189
0.0885208	0.863638	0.507952
0.795202	0.143111	0.608595
0.891836	0.242671	0.387776
0.959022	0.184281	0.22184
0.311386	0.865013	0.418497
0.58217	0.0973409	0.808527
0.967349	0.254955	0.0838546
0.0441435	0.690356	0.724611
0.871463	0.236109	0.45136
0.39272	0.921534	0.0529693
0.84315	0.486224	0.330325
0.981922	0.207468	0.0421763
0.0741425	0.337961	0.945417
0.447067	0.827137	0.35038
0.882194	0.326605	0.357773
0.0978868	0.492333	0.870038
0.917242	0.397667	0.10118
0.894367	0.062978	0.444893
0.706425	0.695584	0.204911
0.930168	0.358918	0.105592
0.686373	0.639627	0.410789
0.24019	0.956629	0.186991
0.474262	0.577592	0.680329
0.380951	0.162914	0.913521
0.90859	0.416826	0.0616005
0.170444	0.287438	0.961061
0.904612	0.271197	0.341738
0.767013	0.655572	0.144158
0.269182	0.925292	0.300885
0.175606	0.219997	0.966221
0.927549	0.357907	0.121872
0.329634	0.472882	0.817895
0.933296	0.344823	0.121964
0.695093	0.466601	0.551585
0.888579	0.114078	0.47154
0.716989	0.0754971	0.699169
0.156078	0.191783	0.969996
0.852451	0.528494	0.000886134
0.497894	0.820126	0.320923
0.044945	0.929885	0.379806
0.673295	0.645161	0.365621
0.551221	0.778111	0.31166
0.763749	0.512689	0.39906
0.354363	0.300808	0.891044
0.0526839	0.768979	0.644372
0.877147	0.0224142	0.48211
0.805361	0.438089	0.458319
0.461003	0.71372	0.531348
0.678374	0.597859	0.439393
0.0642078	0.884462	0.491211
0.508686	0.87738	0.0719519
0.559957	0.590467	0.584021
0.126265	0.985364	0.12515
0.634232	0.775053	0.0140232
0.601766	0.0496049	0.800296
0.909472	0.108414	0.430487
0.709122	0.0923609	0.705007
0.219984	0.605676	0.771561
0.814397	0.585406	0.0620509
0.225822	0.80646	0.567667
0.263485	0.0521754	0.971179
0.250226	0.106886	0.968118
0.321874	0.372984	0.881197
0.131583	0.55964	0.820488
0.343249	0.673624	0.683025
0.662464	0.625023	0.423246
0.0386568	0.608494	0.797166
0.330743	0.331387	0.908872
0.707708	0.0745198	0.713532
0.426269	0.523098	0.746209
0.323765	0.175934	0.935754
0.52312	0.853329	0.0909853
0.85966	0.232911	0.467068
0.54023	0.725683	0.437254
0.720246	0.0665853	0.695343
0.45307	0.121902	0.899405
0.993098	0.0144	0.132991
0.301711	0.933363	0.271631
0.810082	0.389853	0.473274
0.405059	0.511737	0.782929
0.713599	0.189717	0.677478
0.0345799	0.54432	0.841349
0.486929	0.0896064	0.882259
0.259795	0.459243	0.880331
0.57398	0.70539	0.425214
0.519715	0.805647	0.329187
0.00652163	0.841486	0.544452
0.178985	0.965032	0.196549
0.624978	0.747744	0.24748
0.140087	0.20667	0.983156
0.351911	0.0836584	0.945388
0.112627	0.403577	0.919119
0.854368	0.492126	0.271456
0.118096	0.879933	0.474489
0.758339	0.010878	0.665131
0.741376	0.316871	0.595854
0.202717	0.98138	0.049187
0.102506	0.485687	0.874938
0.1012	0.479497	0.876535
0.927036	0.425289	0.0270607
0.5078	0.87585	0.0920305
0.476209	0.574318	0.679159
0.880692	0.168443	0.44493
0.641823	0.737589	0.219943
0.353225	0.405929	0.84605
0.498192	0.839085	0.233757
0.653329	0.205359	0.731546
0.0124156	0.870921	0.495642
0.429062	0.756016	0.500031
0.0265421	0.127169	0.993863
0.608285	0.764288	0.238304
0.194301	0.0284876	0.988465
0.361527	0.44365	0.835566
0.525596	0.286396	0.833299
0.772245	0.0472932	0.646806
0.567712	0.8113	0.150085
0.490895	0.602404	0.63328
0.963819	0.0081932	0.27804
0.26174	0.969718	0.0338758
0.07622	0.347431	0.941207
0.822291	0.551986	0.162297
0.932075	0.0359252	0.368849
0.58611	0.803113	0.15263
0.0262049	0.946364	0.335329
0.529542	0.272341	0.805237
0.31662	0.818893	0.481099
0.874543	0.353214	0.366813
0.257349	0.45492	0.883617
0.429437	0.526986	0.73513
0.690266	0.385651	0.620337
0.974268	0.069448	0.221879
0.0158256	0.817859	0.630533
0.966647	0.204825	0.169016
0.231289	0.736089	0.651893
0.019451	0.705525	0.717621
0.505703	0.135816	0.853728
0.282648	0.778952	0.564581
0.571143	0.588953	0.588793
0.294266	0.36294	0.895692
0.727635	0.345046	0.620736
0.391075	0.418754	0.836544
0.0843267	0.983926	0.167922
0.192196	0.622198	0.779724
0.627398	0.785994	0.010823
0.398137	0.830712	0.40334
0.864191	0.128526	0.499529
0.410087	0.712261	0.588752
0.878342	0.451727	0.171375
0.700551	0.153926	0.704504
0.384135	0.099918	0.928313
0.133777	0.989824	0.0734337
0.801289	0.575706	0.200393
0.973513	0.144785	0.187736
0.64326	0.739241	0.212263
0.558849	0.798635	0.226191
0.438397	0.753308	0.495971
0.458182	0.710468	0.557144
0.0786238	0.630236	0.787691
0.0408824	0.999243	0.0909095
0.532284	0.26537	0.847273
0.826151	0.219803	0.520297
0.133753	0.989644	0.0754255
0.427736	0.525123	0.741832
0.392055	0.666373	0.64131
0.595128	0.809013	0.017386
0.0248749	0.932857	0.379005
0.923245	0.0395104	0.407621
0.153146	0.187871	0.973545
0.98622	0.0422054	0.168847
0.821126	0.551205	0.162948
0.23435	0.0343594	0.977119
0.140917	0.828021	0.54658
0.560727	0.798156	0.254737
0.349393	0.401526	0.849597
1.00724	7.84244e-05	9.73169e-05
3.1069e-05	1.00601	0.0267959
6.1249e-17	7.27372e-30	1.00027
0.849858	0.529903	0
5.98467e-17	1.37749e-17	1.00293
1.28368e-28	6.12979e-17	1.00107
0.792006	0.504311	0.378665
0.161607	0.991557	0.0387283
0.176535	0.103936	0.97944
0.852195	0.204656	0.502762
0.756206	0.385078	0.557831
0.501661	0.222233	0.854377
0.401795	0.925905	0.0315977
0.884423	0.153794	0.443481
0.471662	0.785796	0.40943
0.412629	0.0010627	0.913171
0.942869	0.306761	0.132351
0.567725	0.679239	0.4765
0.835005	0.543734	0.110415
0.494961	0.303522	0.816857
0.0685586	0.941225	0.344868
0.510207	0.613823	0.623317
0.0130564	0.655811	0.785019
0.650325	0.435307	0.628188
0.0588879	0.262266	0.972587
0.659713	0.351064	0.673995
0.103476	1.00001	0.0568263
0.12079	0.982054	0.152254
0.939847	0.280601	0.217819
0.371904	0.913123	0.171397
0.693526	0.398473	0.604324
0.721237	0.415013	0.562738
0.518232	0.863381	0.149979
0.261861	0.818161	0.549638
0.506397	0.683118	0.528726
0.873264	0.446638	0.227787
0.836419	0.235724	0.496541
0.0902981	0.899615	0.43567
0.304258	0.948812	0.158429
0.394189	0.194891	0.902506
0.535789	0.733206	0.423507
0.0524887	0.811293	0.592791
0.93251	0.288221	0.237473
0.421889	0.119147	0.899746
0.607377	0.00453742	0.79552
0.429971	0.292538	0.862217
0.28477	0.694978	0.661017
0.599255	0.80535	0.0255302
0.218269	0.602077	0.775601
0.689289	0.184897	0.721552
0.291468	0.649843	0.707978
0.141734	0.954926	0.267573
0.670307	0.75499	0.0765443
0.912954	0.189496	0.370344
0.63701	0.776558	0.0130309
0.906559	0.0761818	0.417267
0.641717	0.42953	0.640865
0.326699	0.715865	0.648348
0.064349	0.667442	0.744995
0.126316	0.984469	0.143423
0.806569	0.525216	0.285239
0.348721	0.619477	0.709408
0.782703	0.551723	0.296993
0.733576	0.139336	0.665666
0.882751	0.443347	0.205222
0.71286	0.132251	0.689629
0.146551	0.918211	0.419037
0.797784	0.238707	0.58112
0.233817	0.974239	0.0215
0.208811	0.902135	0.396741
0.818934	0.548169	0.178616
0.270938	0.173701	0.954749
0.076855	0.342286	0.946965
0.66774	0.750263	0.125276
0.444749	0.274109	0.86607
0.57239	0.768507	0.323877
0.742738	0.180227	0.653863
0.00444205	0.70654	0.715328
0.484263	0.880696	0.0346788
0.457889	0.735972	0.518841
0.662144	0.743254	0.196417
0.619562	0.561766	0.569099
0.108553	0.0324097	0.998087
0.437256	0.26949	0.871795
0.580629	0.722014	0.41484
0.160922	0.987353	0.0891266
0.472286	0.580735	0.681189
0.90459	0.00878278	0.450033
0.134959	0.94439	0.316959
0.929533	0.159798	0.336242
0.865399	0.496548	0.0836637
0.775057	0.608436	0.261669
0.051374	0.865774	0.508102
0.38029	0.475013	0.803737
0.0837844	0.791666	0.61091
0.678854	0.727451	0.149745
0.198772	0.962052	0.245326
0.781107	0.427261	0.479229
0.921237	0.356791	0.201446
0.0526274	0.872198	0.488886
0.994906	0.114051	0.0492077
0.243995	0.681634	0.692479
0.0357577	0.375421	0.927023
0.628675	0.243483	0.747058
0.300109	0.0845783	0.952037
0.867405	0.443642	0.255532
0.253606	0.79237	0.566132
0.858898	0.128598	0.508349
0.476276	0.588956	0.667233
0.389063	0.888268	0.311418
0.579487	0.757903	0.329443
0.980844	0.0108448	0.226598
0.96168	0.275429	0.0491548
0.351271	0.624007	0.704597
0.746539	0.645081	0.256299
0.964679	0.254018	0.0976397
0.957469	0.10976	0.278393
0.545639	0.733617	0.407109
0.35761	0.635268	0.696558
0.0215688	0.8521	0.536152
0.494787	0.0184275	0.877878
0.399332	0.450533	0.806346
0.999717	0.0696398	0.0105859
0.491521	0.0183059	0.886728
0.526602	0.0905294	0.846326
0.766012	0.45688	0.459513
0.0989547	0.366804	0.932741
0.193975	0.0694997	0.985134
0.58726	0.767974	0.259502
0.570808	0.821179	0.0895044
0.47778	0.254249	0.844808
0.664503	0.120138	0.748973
0.69949	0.166746	0.699475
0.557605	0.33079	0.763388
0.613466	0.326454	0.725322
0.394028	0.0930701	0.920902
0.686368	0.0478121	0.731167
0.59285	0.00569543	0.834111
0.314677	0.355024	0.887493
0.976858	0.0319675	0.2246
0.451807	0.528091	0.725394
0.329967	0.0494041	0.950694
0.766604	0.51246	0.395083
0.341627	0.844546	0.418232
0.828572	0.567607	0.125272
0.225066	0.317329	0.937117
0.953095	0.0245931	0.305005
0.150845	0.925521	0.362657
0.186237	0.237075	0.95759
0.0440341	0.270175	0.974913
0.678297	0.105604	0.736075
0.197787	0.0576754	0.985013
0.89635	0.261378	0.388632
0.927693	0.159482	0.347058
0.764851	0.558135	0.352022
0.84036	0.449763	0.31141
0.613817	0.320872	0.7359
0.0142363	0.644632	0.782188
0.723186	0.428766	0.543149
0.88555	0.364391	0.296101
0.0730316	0.972626	0.227752
0.804571	0.557063	0.220998
0.888045	0.467085	0.0713339
0.133179	0.596698	0.7997
0.531141	0.6663	0.527513
0.27945	0.0507118	0.961503
0.986383	0.0865159	0.152411
0.538702	0.830174	0.185778
0.358767	0.469227	0.811431
0.218532	0.963937	0.240194
0.605973	0.798198	0.019896
0.601203	0.489562	0.638065
0.388031	0.109586	0.916657
0.0535965	0.828417	0.57206
0.854067	0.0387563	0.521248
0.567346	0.404667	0.727364
0.350658	0.832801	0.432299
0.863066	0.1413	0.489318
0.693884	0.391911	0.615714
0.813904	0.553754	0.21782
0.885834	0.0493744	0.463029
0.605529	0.797615	0.11332
0.0397115	0.856664	0.516789
0.709536	0.406051	0.591329
0.96774	0.110937	0.240698
0.880583	0.4686	0.119655
0.0399108	0.835748	0.552352
0.358854	0.455566	0.825415
0.826157	0.537221	0.189816
0.30214	0.907697	0.327824
0.287079	0.700611	0.657069
0.200654	0.0520388	0.991072
0.377177	0.737489	0.591455
0.341836	0.843277	0.417728
0.898792	0.339333	0.329478
0.0313085	0.533459	0.846405
0.840289	0.477303	0.272299
0.799154	0.573425	0.20482
0.0370424	0.227277	0.976247
0.0182513	0.705396	0.714394
1.01504	0.0119151	0.00228441
6.00177e-17	1.59221e-17	1.01407
0.406867	0.91452	0
1.02394e-25	6.12486e-17	1.00027
0.183009	0.125655	0.980215
0.252124	0.718179	0.672803
0.75152	0.664414	0.0280435
0.0888851	0.333177	0.940484
0.456866	0.689943	0.58862
0.533525	0.814589	0.262427
0.695809	0.500453	0.525689
0.336282	0.508831	0.801144
0.594358	0.704003	0.403588
0.172977	0.974522	0.149556
0.777118	0.292319	0.580747
0.474678	0.596836	0.655685
0.706163	0.713226	0.135592
0.854157	0.563264	0.017403
0.35794	0.858638	0.434837
0.318045	0.0250245	0.973342
0.313994	0.763198	0.575842
0.243726	0.213732	0.953549
0.196364	0.477286	0.862957
0.446318	0.619318	0.649141
0.302157	0.261093	0.921239
0.170098	0.0365459	0.98724
0.359728	0.482013	0.807776
0.607381	0.230539	0.77249
0.238965	0.46486	0.888557
0.257534	0.171999	0.967058
0.817102	0.148619	0.567032
0.381553	0.144064	0.913685
0.690627	0.605636	0.426231
0.584818	0.0569718	0.829303
0.547043	0.826124	0.157867
0.331208	0.950363	0.0920949
0.649295	0.00856426	0.780879
0.0229129	0.769447	0.648203
0.0123759	0.740084	0.684219
0.672369	0.0753938	0.739725
0.447986	0.892857	0.112019
0.308258	0.836505	0.457355
0.98481	0.0295641	0.182927
0.937587	0.0898907	0.340036
0.880131	0.00609621	0.484686
0.41386	0.825135	0.393365
0.213965	0.493483	0.855684
0.970785	0.257814	0.129374
0.614688	0.394776	0.694521
0.729523	0.685401	0.217489
0.502514	0.187677	0.853368
0.78723	0.622147	0.11656
0.541248	0.20436	0.81654
0.389303	0.73411	0.557885
0.725151	0.435746	0.553823
0.470671	0.20748	0.860065
0.486452	0.320786	0.836881
0.557008	0.673994	0.521766
0.52212	0.197138	0.83918
0.890188	0.47323	0.0416363
0.872545	0.372044	0.329552
0.991928	0.108926	0.168507
0.410395	0.637519	0.660571
0.745537	0.317155	0.594372
0.740957	0.536651	0.41075
0.0768213	1.00052	0.00768986
0.929662	0.217189	0.31143
0.144488	0.697031	0.722394
0.601321	0.0440624	0.800164
0.456002	0.887064	0.168425
0.962142	0.275541	0.0377857
0.423694	0.863037	0.284854
0.876155	0.131188	0.46749
0.0620605	0.384366	0.925245
0.82117	0.219945	0.534213
0.683808	0.583329	0.479761
0.64096	0.24653	0.728663
0.359389	0.344351	0.87796
0.734478	0.682821	0.13548
0.391689	0.365948	0.874974
0.913234	0.376663	0.179462
0.477767	0.896455	0.0505435
0.813708	0.573236	0.121216
0.267252	0.852941	0.512564
0.0278562	0.983354	0.241484
0.693188	0.553022	0.473327
0.524713	0.801135	0.304491
0.573325	0.800582	0.186665
0.656501	0.419438	0.636042
0.229704	0.405958	0.889548
0.669266	0.518766	0.540958
0.631636	0.281355	0.72703
0.146731	0.351308	0.926819
0.714213	0.511498	0.501494
0.794766	0.5648	0.251327
0.636225	0.272909	0.725674
0.601799	0.806372	0.0491529
0.000707496	0.771452	0.676064
0.0437341	0.965169	0.292538
0.493238	0.85503	0.245987
0.431602	0.517468	0.746985
0.102499	0.577461	0.811835
0.0721389	0.981083	0.210708
0.289248	0.940418	0.193703
0.922577	0.178573	0.386866
0.125114	0.300128	0.965371
0.830786	0.528365	0.226578
0.114812	0.899844	0.443595
0.793995	0.429607	0.437407
0.045881	0.494401	0.892987
0.120407	0.916153	0.385243
0.227236	0.910339	0.367051
0.579234	0.387096	0.720645
0.373918	0.90928	0.190465
0.937258	0.350043	0.139116
0.296259	0.963214	0.00414527
0.326887	0.78067	0.537384
0.762497	0.6017	0.269967
0.552021	0.675408	0.520529
0.033967	0.937403	0.35757
0.510441	0.755903	0.462575
0.564844	0.10161	0.824258
0.768186	0.570366	0.319727
0.921137	0.354366	0.209677
0.653965	0.280519	0.70542
0.0792886	0.35287	0.934972
0.128171	0.931575	0.349083
0.777287	0.116864	0.630919
0.0572576	0.453309	0.903095
0.105327	0.812918	0.577956
0.328563	0.942775	0.175374
0.405642	0.630136	0.665013
0.720648	0.653732	0.278703
0.597967	0.79418	0.145888
0.202263	0.236275	0.962689
0.899219	0.0433404	0.482252
0.894378	0.450522	0.0848396
0.796763	0.431105	0.430872
0.382262	0.530489	0.760242
0.39855	0.0560124	0.916015
0.738493	0.646365	0.203488
0.995111	0.137151	0.128791
0.73925	0.647029	0.199372
0.0110202	0.99322	0.204757
0.841884	0.0448074	0.553827
0.977015	0.0582181	0.207559
0.957855	0.154351	0.269661
0.666093	0.425566	0.621645
0.744722	0.472646	0.475615
0.285635	0.463083	0.848112
0.0572199	0.254654	0.968981
0.0540609	0.116015	0.993667
0.128108	0.988739	0.101483
0.0200022	0.97633	0.29568
0.439115	0.125755	0.896526
0.298987	0.957958	0.0770868
0.867068	0.0290734	0.514978
0.13529	0.0928903	0.998188
0.0337282	0.930813	0.374898
0.140042	0.446947	0.894077
0.550207	0.441899	0.712029
0.908492	0.164933	0.397068
0.367108	0.89272	0.266428
0.37284	0.538819	0.758862
0.783418	0.0878459	0.619425
0.947124	0.345187	0.085401
0.422023	0.796769	0.434472
0.436158	0.522786	0.734955
0.905822	0.139588	0.416255
1.00042	0.0596126	0.00913493
0.824271	0.367162	0.448088
0.280156	0.876975	0.403277
0.208079	0.790648	0.597495
0.685007	0.655096	0.330639
0.497979	0.737449	0.505576
0.220397	0.788858	0.598566
0.683082	0.0657895	0.734964
0.200535	0.243208	0.961728
0.757563	0.0502406	0.658925
0.837329	0.0811057	0.563222
0.914558	0.166034	0.388993
0.810557	0.0473982	0.608423
0.0970539	0.833436	0.560983
0.619436	0.397825	0.69431
0.691315	0.415414	0.6006
0.679937	0.0762424	0.732774
0.644377	0.13884	0.753807
0.835513	0.239276	0.511574
0.199693	0.515397	0.841879
0.507944	0.105597	0.867474
0.0688124	0.160075	0.988712
0.562481	0.102423	0.821127
0.851016	0.454505	0.312098
1.00272	0.000808218	0.000917865
2.13228e-28	6.12694e-17	1.00061
0.00298175	1.00306	0
6.14093e-17	4.63515e-32	1.00289
0.937722	0.216962	0.31936
0.135736	0.382629	0.916701
0.517669	0.848147	0.178445
0.348884	0.601354	0.72462
0.996586	0.0203192	0.118747
0.532763	0.349282	0.778271
0.391881	0.913507	0.12716
0.0899005	0.126724	0.990884
0.8428	0.0287055	0.548591
0.979103	0.0510269	0.217463
0.293512	0.749213	0.599961
0.832283	0.559563	0.04986
0.0800732	0.818393	0.576598
0.395281	0.8587	0.398526
0.733518	0.156162	0.667287
0.557441	0.626136	0.564913
0.776798	0.0546917	0.627904
0.663619	0.188312	0.732111
0.945083	0.13473	0.30569
0.364127	0.936759	0.0573586
0.931639	0.371854	0.0136996
0.490882	0.870649	0.0980267
0.448596	0.451564	0.779221
0.0977139	0.99869	0.0423776
0.269537	0.959782	0.168117
0.86918	0.491656	0.139147
0.54057	0.803726	0.266987
0.471586	0.199223	0.864925
0.509543	0.0940818	0.865784
0.0253763	0.981976	0.189995
0.671394	0.339991	0.659345
0.979138	0.0364863	0.211945
0.250498	0.0866366	0.973145
0.19077	0.909971	0.382387
0.790388	0.595664	0.151975
0.731733	0.683056	0.0286098
0.619418	0.299932	0.730029
0.549439	0.832756	0.0919345
0.0843148	0.945735	0.344478
0.00828723	0.486767	0.87701
0.894955	0.433144	0.11659
0.767742	0.595769	0.250362
0.550515	0.834387	0.0832563
0.0359033	0.429743	0.906018
0.804494	0.534787	0.273274
0.585243	0.0407465	0.825568
0.814862	0.263724	0.530741
0.856737	0.141662	0.50808
0.558336	0.796709	0.260193
0.376807	0.10646	0.925356
0.65488	0.546084	0.536146
0.479315	0.795702	0.376287
0.748823	0.255139	0.616192
0.421874	0.851542	0.331192
0.287589	0.0778639	0.964127
0.630378	0.104233	0.772175
0.788345	0.442929	0.444478
0.591981	0.393696	0.707284
0.882723	0.427223	0.199221
0.857034	0.290811	0.432995
0.64166	0.645906	0.425521
0.414282	0.841824	0.357844
0.572715	0.786908	0.235234
0.833855	0.00932306	0.558319
0.223989	0.436635	0.884032
0.615729	0.619304	0.489825
0.752249	0.180305	0.636642
0.17263	0.994062	0.0187569
0.183019	0.872997	0.478052
0.454909	0.547403	0.713388
0.15871	0.732769	0.667112
0.431757	0.744197	0.544393
0.126152	0.354901	0.936268
0.177603	0.358487	0.919172
0.179833	0.755576	0.639215
0.411132	0.413853	0.820918
0.295753	0.760861	0.589346
0.914387	0.400361	0.0756493
0.555481	0.569489	0.612243
0.399544	0.83755	0.387794
0.234379	0.260379	0.941332
0.988246	0.173875	0.00863818
0.104908	0.115037	0.992898
0.861124	0.306962	0.414344
0.144057	0.948343	0.299253
0.920186	0.367282	0.160681
0.0275051	0.700349	0.713825
0.8285	0.364655	0.434881
0.540893	0.504911	0.699106
0.228069	0.239819	0.94963
0.115184	0.877518	0.467811
0.339377	0.476392	0.81219
0.812647	0.242057	0.540874
0.702829	0.672741	0.260202
0.107911	0.951431	0.298806
0.418467	0.885324	0.227571
0.727295	0.111269	0.681324
0.881464	0.273574	0.417201
0.617028	0.043287	0.786158
0.11934	0.208148	0.975063
0.673887	0.667967	0.325163
0.864671	0.0608785	0.499094
0.721267	0.575606	0.401521
0.858569	0.318081	0.414977
0.870676	0.489187	0.13916
0.369751	0.898733	0.242726
0.821966	0.285513	0.509781
0.120897	0.728679	0.675897
0.70767	0.636538	0.326186
0.353873	0.895904	0.294782
0.154548	0.988903	0.0506041
0.327825	0.817125	0.480073
0.681497	0.715357	0.157886
0.499287	0.865474	0.0657566
0.991419	0.040732	0.161471
0.96559	0.0679839	0.263848
0.594908	0.162214	0.793826
0.308365	0.780691	0.555875
0.206736	0.877645	0.435576
0.405048	0.378039	0.845132
0.899203	0.417452	0.205973
0.0496026	0.109212	0.995524
0.420313	0.771367	0.480538
0.110442	0.22243	0.971148
0.708458	0.169809	0.687603
0.641769	0.591161	0.502609
0.577015	0.0954098	0.812099
0.276123	0.716475	0.651858
0.969473	0.262615	0.0116309
0.175536	0.525875	0.839256
0.620315	0.649452	0.442525
0.719183	0.573943	0.402404
0.713608	0.708534	0.0654443
0.5059	0.247698	0.834825
0.753473	0.144879	0.648976
0.877252	0.336364	0.356304
0.305872	0.0844604	0.956643
0.918825	0.141073	0.410236
0.114349	0.508463	0.858599
0.195661	0.721174	0.679087
0.766116	0.585818	0.278286
0.0594241	0.827342	0.560531
0.906902	0.284741	0.366416
0.431469	0.519031	0.744616
0.367431	0.930978	0.0370729
0.208818	0.928526	0.311136
0.482351	0.203771	0.854821
0.783676	0.564429	0.273284
0.840831	0.00512413	0.562965
0.325464	0.811241	0.490268
0.125297	0.935488	0.337615
0.414389	0.409714	0.820049
0.648004	0.328147	0.688106
0.040094	0.230875	0.979774
0.384094	0.935915	0.024246
0.197949	0.582804	0.792379
0.743839	0.672082	0.211196
0.461931	0.904287	0.0362913
0.755375	0.417517	0.516679
0.389689	0.777516	0.522331
0.818601	0.271519	0.517977
0.0725167	0.974709	0.223209
0.669702	0.663819	0.342107
0.246423	0.609525	0.759277
0.325106	0.821659	0.472347
0.129916	0.862757	0.492964
0.37367	0.892415	0.261099
0.484738	0.875627	0.00809078
0.341083	0.862038	0.380101
0.963343	0.147382	0.227398
0.428955	0.516006	0.748163
0.910989	0.222098	0.350036
0.4392	0.76134	0.479889
0.152876	0.373451	0.932047
0.165169	0.504732	0.84927
0.711685	0.694118	0.15318
0.296834	0.754446	0.586573
0.68966	0.642924	0.342074
0.164531	0.334328	0.928886
0.401574	0.397043	0.828793
0.430066	0.426288	0.801063
0.21969	0.40459	0.891161
0.961646	0.310807	0.0361192
0.44182	0.444744	0.786465
0.524578	0.535568	0.667038
0.4906	0.870837	0.107424
0.714026	0.697683	0.110265
0.356947	0.615252	0.707063
0.444892	0.513351	0.738988
0.87409	0.332527	0.367525
0.728175	0.691908	0.188815
0.1512	0.420438	0.89775
