4.22928e-17	4.46078e-17	1.00388
6.38263e-30	6.12535e-17	1.00035
0.146403	0.98932	2.17161e-17
0.37791	0.399197	0.836668
0.175887	0.868243	0.466119
0.40125	0.450825	0.79837
0.200681	0.944541	0.277392
0.898062	0.261558	0.368853
0.621828	0.763203	0.184713
0.117727	0.569312	0.81841
0.988853	0.112195	0.128664
0.651115	0.409382	0.664753
0.724519	0.229029	0.658102
0.0291489	0.863457	0.510686
0.56504	0.824896	0.0995171
0.104947	0.529421	0.848207
0.25687	0.381632	0.890277
0.54134	0.846991	0.0539581
0.385766	0.166227	0.923206
0.662003	0.339055	0.697973
0.164129	0.499972	0.858932
0.0816326	0.961145	0.289824
0.0918379	0.963198	0.266877
0.224769	0.255351	0.949791
0.446558	0.564698	0.756756
0.640602	0.78133	0.0650634
0.439758	0.436189	0.787459
0.285255	0.772752	0.580404
0.243651	0.406961	0.882305
0.406412	0.206885	0.897229
0.0208428	0.143112	0.995343
0.806905	0.581836	0.190357
0.127571	0.973495	0.230894
0.718411	0.188041	0.675038
0.0595546	0.293463	0.956495
0.357177	0.127535	0.939757
0.414635	0.914904	0.0819869
0.702165	0.241952	0.686747
0.211824	0.92999	0.326686
0.0148354	0.980073	0.290671
0.136937	0.9934	0.0597953
0.972404	0.218869	0.108021
0.708864	0.245878	0.676458
0.213987	0.836814	0.510563
0.874988	0.332016	0.357687
0.850565	0.105455	0.532638
0.451727	0.688982	0.571976
0.892402	0.0659865	0.470833
0.398918	0.921554	0.0728818
0.138497	0.698667	0.710581
0.32065	0.320847	0.893597
0.715412	0.613447	0.33824
0.0439479	0.910802	0.42967
0.680884	0.0974468	0.735028
0.357806	0.541091	0.773298
0.576081	0.659443	0.49027
0.601178	0.803748	0.0747219
0.533424	0.596609	0.620292
0.588082	0.786124	0.197714
0.549105	0.609172	0.589813
0.70423	0.64907	0.300167
0.688965	0.726678	0.057055
0.335404	0.0239178	0.946631
0.422389	0.00384259	0.928374
0.988033	0.076523	0.172929
0.791781	0.497763	0.377699
0.720798	0.604647	0.346262
0.960509	0.0264378	0.305855
0.189533	0.765266	0.625957
0.232066	0.284827	0.931833
0.149282	0.149374	0.979336
0.24827	0.97088	0.0180866
0.302616	0.819782	0.507246
0.629164	0.706899	0.353009
0.53872	0.828959	0.228491
0.527364	0.63679	0.57402
0.351319	0.604745	0.719769
0.766933	0.172621	0.631256
0.547173	0.614314	0.59164
0.28051	0.955376	0.145752
0.856053	0.155615	0.497511
0.0708092	0.873064	0.495402
0.814328	0.42097	0.412133
0.978979	0.099342	0.213337
0.996405	0.0893941	0.0357608
0.569805	0.385717	0.729524
0.520637	0.575997	0.654259
0.530412	0.476655	0.704622
0.474952	0.699808	0.544508
0.754849	0.65093	0.113433
0.657252	0.282049	0.71426
0.977962	0.0697388	0.219077
0.225463	0.550962	0.80549
0.736856	0.678231	0.000458596
0.83216	0.430087	0.3611
0.93371	0.302678	0.208
0.611213	0.31583	0.735115
0.15374	0.984237	0.136648
0.465405	0.89014	0.0917913
0.179002	0.494556	0.861853
0.899184	0.359013	0.257133
0.649379	0.556825	0.523772
0.970845	0.141228	0.211991
0.157632	0.85301	0.527087
0.841568	0.0833421	0.554247
0.313362	0.184401	0.933901
0.554404	0.585632	0.59753
0.90933	0.363064	0.234673
0.00277152	0.997596	0.163471
0.844907	0.464734	0.272094
0.414324	0.899409	0.157543
0.268877	0.558956	0.788564
0.675279	0.370421	0.649017
0.86489	0.491761	0.154162
0.124042	0.899853	0.418759
0.0475543	0.904656	0.42981
0.453573	0.232304	0.875509
0.944161	0.357131	0.151031
0.366653	0.645365	0.692269
0.785397	0.512723	0.358481
0.159197	0.209866	0.967725
0.29178	0.269487	0.91882
0.690532	0.684928	0.240402
0.515384	0.788238	0.349087
0.187898	0.349959	0.918874
0.90217	0.378449	0.234482
0.236968	0.132073	0.970105
0.468312	0.468922	0.761998
0.887352	0.355169	0.338632
0.367526	0.927785	0.108151
0.113155	0.157588	0.987466
0.635048	0.106306	0.779162
0.593522	0.306688	0.749964
0.804601	0.580174	0.204622
0.632811	0.32699	0.708067
0.204257	0.0388534	0.990443
0.819446	0.462379	0.349245
0.0753943	0.0795212	0.998023
0.517298	0.720086	0.482376
0.920546	0.39533	0.0180816
0.790882	0.0590122	0.615894
0.613725	0.229231	0.776413
0.305478	0.874669	0.396998
0.434806	0.663174	0.61447
0.79602	0.0515803	0.611301
0.88832	0.199943	0.433986
0.869955	0.416716	0.277101
0.511272	0.471225	0.724652
0.772008	0.629099	0.135789
0.504921	0.159544	0.865288
0.997961	0.077292	0.0100321
0.0896953	0.574225	0.818173
0.760867	0.447004	0.495468
0.834726	0.546727	0.122347
0.488296	0.639408	0.60601
0.900715	0.366946	0.253864
0.50197	0.448548	0.740186
0.834861	0.129843	0.539988
0.780597	0.46294	0.441574
0.741908	0.675164	0.00387433
0.330235	0.762888	0.564616
0.268705	0.26887	0.927256
0.38901	0.54212	0.761106
0.34096	0.179447	0.928332
0.0951837	0.532993	0.843986
0.203471	0.217755	0.963598
0.194154	0.734779	0.693848
0.872498	0.275806	0.42656
0.277903	0.752834	0.610378
0.412704	0.20438	0.90608
0.301518	0.883562	0.400046
0.438774	0.757684	0.48482
0.776394	0.442197	0.501061
0.637623	0.680261	0.38977
0.692842	0.575104	0.444728
0.580562	0.344307	0.747766
0.0543826	0.594915	0.81134
0.0796963	0.486967	0.872677
0.0590968	0.291207	0.960754
0.101963	0.532752	0.845538
0.827615	0.0640986	0.567911
0.590064	0.748464	0.403655
0.630928	0.714326	0.317642
0.669001	0.776926	0.0150483
0.939855	0.00917173	0.348875
0.12113	0.537405	0.838055
5.37728e-17	3.05544e-17	1.01004
1.00169	0	0.000654014
0.935369	0.152979	0.323264
0.914506	0.409792	0.00300049
0.428403	0.882269	0.23524
0.644427	0.743609	0.203582
0.8178	0.342342	0.471218
0.676902	0.684754	0.280429
0.339342	0.43572	0.849372
0.532042	0.804368	0.269837
0.803306	0.032483	0.605848
0.358277	0.614569	0.70691
0.386476	0.0550224	0.922828
0.0384219	0.46849	0.887481
0.617567	0.724085	0.354055
0.222296	0.525493	0.835454
0.131168	0.47989	0.871711
0.965969	0.0685395	0.252608
0.152376	0.944074	0.301857
0.257701	0.0108375	0.96903
0.771961	0.10463	0.629808
0.417354	0.674318	0.61831
0.84064	0.510326	0.198011
0.0754165	0.146396	0.991692
0.167036	0.328085	0.931938
0.836146	0.581132	0.0116316
0.552081	0.661003	0.513235
0.371451	0.451913	0.827821
0.146324	0.235391	0.965101
0.658539	0.754401	0.0356903
0.247041	0.151472	0.962112
0.623545	0.363908	0.694131
0.673106	0.715982	0.191672
0.763828	0.53087	0.417294
0.350048	0.571207	0.744893
0.506343	0.0858317	0.866008
0.401035	0.102069	0.918508
0.684972	0.283316	0.676449
0.882849	0.369716	0.293197
0.108772	0.673919	0.732591
0.52371	0.843217	0.153877
0.162094	0.3841	0.915605
0.965157	0.034957	0.26309
0.174329	0.636439	0.757153
0.226806	0.537442	0.82122
0.00793658	0.978	0.225376
0.18056	0.290465	0.942598
0.715308	0.287247	0.642139
0.0979732	0.945758	0.337195
0.18939	0.594485	0.78341
0.0209788	0.350644	0.939286
0.801065	0.406797	0.45174
0.865061	0.362126	0.366338
0.749163	0.500572	0.440531
0.584501	0.669648	0.462236
0.23429	0.547454	0.804532
0.315766	0.950603	0.182771
0.308526	0.955924	0.108583
0.526924	0.0938435	0.846556
0.381171	0.522234	0.767025
0.158281	0.254626	0.958028
0.513462	0.250047	0.822763
0.757467	0.174839	0.631856
0.486512	0.75974	0.436482
0.481448	0.182113	0.868558
0.71132	0.641387	0.297848
0.519548	0.0427295	0.856797
0.544023	0.259597	0.799611
0.171091	0.873397	0.468362
0.579977	0.802338	0.207973
0.0719529	0.877344	0.485947
0.389503	0.920761	0.161082
0.454513	0.0157753	0.910445
0.926444	0.419083	0
0.0821049	0.989698	0.137546
0.830607	0.549971	0.102352
0.430929	0.904112	0.0584139
0.0133579	0.834487	0.57891
0.152186	0.929701	0.339305
0.87853	0.359202	0.351438
0.837374	0.533025	0.13464
0.362725	0.242327	0.903507
0.222473	0.00685982	0.980359
0.953379	0.0647027	0.315194
0.125693	0.458364	0.897342
0.527567	0.850216	0.0836429
0.455492	0.71216	0.54266
0.903946	0.227058	0.389959
0.346932	0.562494	0.758876
0.321142	0.844485	0.431388
0.573455	0.797635	0.221478
0.738752	0.13595	0.662128
0.949959	0.314041	0.0766503
0.0132071	0.825065	0.588015
0.44318	0.813964	0.379206
0.446024	0.186712	0.878905
0.568764	0.730301	0.387372
0.207859	0.425633	0.890416
0.144093	0.866179	0.496599
0.188437	0.680666	0.712143
0.609224	0.691172	0.400618
0.756354	0.125482	0.650065
0.548722	0.269017	0.794816
0.288478	0.576325	0.766464
0.852568	0.321458	0.42871
0.696193	0.058202	0.725288
0.19898	0.430095	0.890825
0.624258	0.706451	0.340556
0.824568	0.311899	0.474426
0.501586	0.771214	0.394061
0.458342	0.715969	0.539915
0.37782	0.92803	0.0327689
0.432547	0.691582	0.595976
0.871573	0.0568719	0.518183
0.286534	0.862604	0.481173
0.111433	0.994483	0.0467253
0.88347	0.0274694	0.549317
0.238507	0.902059	0.405712
0.0988163	0.612234	0.785879
0.996069	0.0279079	0.123259
0.873381	0.464901	0.166376
0.703741	0.536513	0.46872
0.858594	0.180807	0.487369
0.747632	0.432724	0.506748
0.00781549	0.963078	0.278015
0.636593	0.659224	0.402211
0.85368	0.217273	0.489297
0.0819785	0.999589	0.0155563
0.281511	0.954568	0.117507
0.28005	0.910451	0.308292
0.448579	0.701352	0.562639
0.754626	0.401688	0.531815
0.682792	0.699894	0.22974
0.911483	0.228552	0.347424
0.901261	0.440449	0.0279931
0.99913	0.0247819	0.142813
0.663263	0.748644	0.0726696
0.212829	0.626066	0.775439
0.776575	0.203057	0.604884
0.602066	0.774232	0.212769
0.554453	0.0462216	0.854443
0.929378	0.351545	0.122352
0.933968	0.346346	0.170177
0.826346	0.584805	0.0932111
0.497815	0.332577	0.803841
0.0791142	0.998888	0.0271871
0.329301	0.522739	0.798736
0.848203	0.495021	0.197744
0.0294782	0.671328	0.743574
0.0643594	0.971489	0.239003
0.36704	0.918773	0.172008
0.8639	0.210401	0.45971
0.451233	0.600524	0.670394
0.464915	0.210823	0.861204
0.224225	0.623715	0.769888
0.295558	0.752661	0.591644
0.43932	0.190306	0.894844
0.473343	0.649911	0.602955
0.844079	0.116602	0.525551
0.585472	0.782935	0.240688
0.735357	0.199859	0.65863
0.304958	0.655085	0.717205
0.982684	0.0717539	0.195062
0.274242	0.408428	0.880308
0.975552	0.0119002	0.266447
0.141044	0.861635	0.503965
0.970384	0.172822	0.178832
0.0843674	0.852447	0.528337
0.96167	0.244758	0.16317
0.844433	0.115065	0.525639
0.945012	0.192964	0.268853
0.734836	0.391154	0.557868
0.891432	0.275713	0.372436
0.00501032	0.895919	0.453214
0.741977	0.394955	0.553836
0.17307	0.298766	0.951589
0.641558	0.764585	0.206499
0.722369	0.1949	0.670573
0.299494	0.481794	0.824355
0.563347	0.723347	0.408557
0.978976	0.0316848	0.215364
0.0562923	0.216735	0.989883
0.275609	0.130924	0.956557
0.627211	0.789595	0.0688853
0.0464616	0.891813	0.474651
0.696149	0.588593	0.425798
0.243085	0.88935	0.400892
0.235217	0.857766	0.491827
0.517422	0.832375	0.219346
0.0904267	0.735175	0.694888
0.327732	0.757628	0.566929
0.268471	0.3309	0.909299
0.032981	0.751101	0.663246
0.161381	0.974501	0.176039
0.587996	0.728696	0.372444
0.55847	0.557795	0.625089
2.34594e-17	5.88216e-17	1.03421
1.00521	0.00122717	0
0.450785	0.876504	0.173824
0.733634	0.599102	0.332043
0.928505	0.356308	0.13327
0.0863061	0.711658	0.701463
0.466258	0.21629	0.86504
0.714296	0.664879	0.225787
0.406741	0.679759	0.635749
0.396959	0.231662	0.898568
0.229007	0.192963	0.95917
0.662964	0.581902	0.475614
0.940072	0.103791	0.329119
0.0512747	0.20189	0.990537
0.985785	0.119058	0.160384
0.141488	0.448927	0.886083
0.311855	0.74017	0.617217
0.0839091	0.180028	0.981277
0.602021	0.689778	0.408765
0.486972	0.886961	0.0924126
0.170312	0.872047	0.472399
0.576697	0.547449	0.607853
0.643178	0.521813	0.566144
0.428451	0.829868	0.397064
0.417381	0.895495	0.164256
0.212693	0.967837	0.185123
0.841482	0.440805	0.380126
0.503333	0.734406	0.457919
0.673343	0.600109	0.441349
0.368252	0.586848	0.723989
0.532537	0.247035	0.817753
0.536359	0.850321	0.0315282
0.798076	0.620533	0.0628029
0.697411	0.407003	0.59485
0.357732	0.843697	0.424886
0.684863	0.176146	0.733943
0.795198	0.0714376	0.606673
0.0275249	0.33883	0.949764
0.804028	0.541418	0.250806
0.609696	0.25985	0.777895
0.887877	0.189214	0.420347
0.66977	0.672724	0.355773
0.698223	0.298232	0.682442
0.496111	0.748933	0.449944
0.0248762	0.393741	0.926996
0.205476	0.487431	0.857873
0.385152	0.177902	0.911761
0.234002	0.0913525	0.971151
0.37538	0.769625	0.533398
0.650171	0.199933	0.738534
0.897614	0.286529	0.341231
0.0400539	0.331157	0.952571
5.31454e-17	3.12947e-17	1.00723
0.161717	0.385508	0.929568
0.07619	0.778127	0.627183
0.31436	0.428497	0.847534
0.770252	0.139922	0.627993
0.436331	0.606386	0.66916
0.0641535	0.718813	0.696809
0.877594	0.374846	0.351732
0.642855	0.531083	0.552823
0.191753	0.9783	0.148762
0.589846	0.478545	0.667042
0.681772	0.694345	0.26351
0.0656072	0.463886	0.899192
0.820432	0.0140089	0.590696
0.984632	0.205386	0.00510967
0.708006	0.321798	0.642533
0.710954	0.151511	0.690683
0.614174	0.276679	0.749864
0.569831	0.777219	0.273412
0.864458	0.512376	0.072388
0.77886	0.0875129	0.628718
0.254071	0.223655	0.945688
0.206915	0.493518	0.848637
0.278838	0.949478	0.191754
0.833259	0.267569	0.494546
0.476544	0.806022	0.365937
0.035314	0.400285	0.920846
0.0292874	0.972454	0.25647
0.445692	0.133985	0.894829
0.139787	0.44353	0.888127
0.591236	0.611809	0.545578
0.348138	0.0950794	0.933579
0.482873	0.879494	0.115091
0.569053	0.814291	0.152974
0.81036	0.349578	0.479439
0.0380014	0.649103	0.76589
0.298918	0.284824	0.912724
0.129702	0.908592	0.407487
0.0187878	0.984719	0.181405
0.893942	0.381829	0.292197
0.953037	0.391354	0.00131412
0.221239	0.0839132	0.974481
0.100104	0.685129	0.728766
0.333932	0.574983	0.752454
0.823293	0.558985	0.123013
0.339444	0.789472	0.515503
0.159102	0.0621121	0.990772
0.382144	0.928682	0.0248792
0.920828	0.212996	0.350244
2.34798e-17	5.83915e-17	1.02781
0.994147	0.114769	0.0900319
0.998159	0.0353743	0.0796755
0.0067144	0.904628	0.430839
0.284749	0.67157	0.693782
0.261744	0.890513	0.388769
0.140438	0.699446	0.706461
0.546603	0.512326	0.671054
0.371638	0.920286	0.142267
0.155581	0.943429	0.315074
0.755658	0.631947	0.193553
0.321892	0.554252	0.774464
0.806601	0.54315	0.238518
0.830254	0.483454	0.29057
0.813482	0.00602928	0.591998
0.115218	0.956777	0.296375
0.0569601	0.901567	0.440598
0.524286	0.859675	0.0352451
0.00369106	0.787583	0.622773
0.553178	0.518489	0.668164
0.931878	0.290812	0.244695
0.623685	0.0184751	0.805292
0.525223	0.834635	0.220245
0.119805	0.563304	0.826537
0.207544	0.759995	0.631524
0.404815	0.796631	0.48126
0.291512	0.500078	0.823376
0.744395	0.608651	0.30308
0.0932231	0.931847	0.372393
0.633505	0.018766	0.79555
0.130128	0.756234	0.647121
0.854159	0.233278	0.48382
0.32962	0.766622	0.573867
0.468816	0.468872	0.757782
0.5616	0.82204	0.145261
0.811046	0.253349	0.549576
0.288503	0.80257	0.53039
0.96048	0.291767	0.103297
0.132759	0.661199	0.743816
0.863468	0.511789	0.0898472
0.442278	0.132958	0.895953
0.621537	0.148413	0.782334
0.0364535	0.622664	0.78324
0.203836	0.401	0.902292
0.111776	0.572297	0.819055
0.290065	0.936711	0.215802
0.631754	0.236315	0.743937
0.971779	0.299131	0
0.202642	0.441729	0.878879
0.035871	0.612714	0.791064
0.338055	0.940416	0.0958665
0.0711985	0.50342	0.863272
0.748211	0.656613	0.153289
0.612832	0.0748315	0.802186
0.482158	0.257623	0.840904
0.141101	0.686833	0.717284
1.00407	0.0478745	0
0.651933	0.697737	0.32272
0.225515	0.715534	0.679482
0.511625	0.641126	0.589764
0.748032	0.302319	0.603087
0.474397	0.666379	0.580772
0.35083	0.908183	0.278051
0.564965	0.528332	0.658822
0.96261	0.315831	0.00129223
0.59609	0.564407	0.582836
0.248807	0.927095	0.286804
0.921753	0.363806	0.141064
0.314327	0.666769	0.707905
0.363589	0.795984	0.489107
0.913652	0.0050114	0.435995
0.204508	0.805234	0.561104
0.980586	0.1269	0.207228
0.625816	0.621339	0.505455
0.834107	0.517413	0.229192
0.561023	0.00383883	0.879315
0.323215	0.169616	0.937437
0.976676	0.126394	0.208406
0.535014	0.848189	0.0420652
0.80433	0.0383509	0.599794
0.0357309	0.988481	0.175753
0.909484	0.022283	0.43413
0.17438	0.736491	0.663567
0.869544	0.185307	0.467121
0.631362	0.14674	0.770631
0.979681	0.217958	0.0104976
0.324256	0.808624	0.512883
0.369513	0.915026	0.185866
0.926496	0.289133	0.247367
0.874708	0.025911	0.518827
1.00149	0	0.000295411
3.85063e-17	4.87572e-17	1.01464
4.47517e-05	1.00274	0
0.728527	0.683875	0.0727807
0.461329	0.785075	0.468757
0.519834	0.856626	0.0246387
0.670199	0.638416	0.391636
0.711652	0.119537	0.694668
0.250478	0.602947	0.758979
0.801661	0.133428	0.585312
0.13177	0.909138	0.416616
0.792753	0.501774	0.35698
0.0720465	0.561234	0.826628
0.604145	0.581674	0.557768
0.808471	0.232964	0.561915
0.117231	0.743406	0.659082
0.49427	0.180006	0.859929
0.645819	0.517469	0.587271
0.220661	0.596058	0.775568
0.0432382	0.866384	0.511563
0.564627	0.545178	0.622966
0.951297	0.154448	0.275784
0.619985	0.730015	0.307111
0.766667	0.410555	0.502032
0.446757	0.219736	0.87255
0.986497	0.00118514	0.21045
0.275237	0.960571	0.07979
0.551659	0.674144	0.502849
0.160381	0.0934021	0.984622
0.345497	0.831596	0.447459
0.381107	0.914783	0.189968
0.21434	0.578984	0.789982
0.66086	0.621593	0.426701
0.39008	0.362274	0.851149
0.524726	0.841388	0.155568
0.51541	0.187704	0.841766
0.782308	0.10921	0.627931
0.258893	0.941739	0.223152
0.472201	0.893405	0.0779875
0.934287	0.319285	0.204739
0.287404	0.065496	0.96137
0.946041	0.315248	0.136677
0.191373	0.950036	0.265901
0.397835	0.879139	0.276131
0.909062	0.271782	0.33033
0.477972	0.869593	0.141397
0.0590885	0.79812	0.6008
0.305424	0.548881	0.803031
0.136264	0.0786529	0.990055
0.517977	0.237707	0.832583
0.78964	0.497461	0.367531
0.436696	0.17548	0.885421
0.0707399	0.0693487	0.995793
0.9932	0.166301	0.00568741
0.787898	0.202292	0.605943
0.311789	0.394151	0.867184
0.500266	0.490427	0.718508
0.840804	0.405928	0.457767
0.0829403	0.371368	0.926898
0.745439	0.0379025	0.676652
0.597795	0.123123	0.798273
0.699243	0.699554	0.200527
0.00797919	0.419718	0.910643
0.870093	0.481553	0.131356
0.0485301	0.977149	0.227505
0.144111	0.965822	0.231678
0.466886	0.716392	0.527089
0.927263	0.207016	0.342123
0.7906	0.049431	0.632567
0.451535	0.451736	0.781592
0.325898	0.755646	0.579476
0.975726	0.222357	0.031691
0.349536	0.0580981	0.949362
0.665512	0.191141	0.730078
0.0984797	0.737498	0.671099
0.348052	0.940172	0.01061
0.181533	0.891267	0.433761
0.232661	0.285777	0.933433
0.700494	0.19424	0.689683
0.263483	0.811482	0.538439
0.474577	0.71639	0.517846
0.858327	0.507938	0.131739
0.95789	0.268814	0.114716
0.171614	0.100725	0.982606
0.894866	0.380484	0.242607
0.32149	0.732119	0.611448
0.0234942	0.609834	0.798199
0.12412	0.940282	0.350859
0.914943	0.399562	0.141647
0.0954741	0.334251	0.940221
0.10204	0.648969	0.770089
0.284383	0.927959	0.25385
0.291029	0.523849	0.804647
0.652179	0.0168687	0.75839
0.850985	0.244418	0.483755
0.964746	0.20652	0.182964
0.211068	0.570145	0.795156
0.380071	0.534232	0.773841
0.13914	0.936411	0.349543
0.54222	0.706253	0.478253
0.734002	0.680422	0.0384936
0.829931	0.466737	0.317455
0.412813	0.872286	0.270582
0.582538	0.812442	0.0539085
0.623401	0.767171	0.198087
0.886059	0.463358	0.0645753
0.327187	0.77601	0.552054
0.821152	0.361657	0.461363
0.540185	0.373924	0.7568
0.164657	0.444529	0.891835
0.395611	0.93124	0.0420618
0.0106468	0.740652	0.685526
0.919777	0.0471662	0.417681
0.972801	0.208023	0.114705
0.476241	0.724143	0.50641
0.879133	0.48019	0.00029548
0.406647	0.645915	0.649603
0.359314	0.853024	0.383087
0.424861	0.657104	0.628764
0.63677	0.304533	0.71054
0.237338	0.81487	0.53321
0.573507	0.806129	0.235461
0.051989	0.870594	0.497461
0.165635	0.397579	0.91639
0.374387	0.844856	0.398329
0.762622	0.000920871	0.667264
0.401637	0.360069	0.862424
1.00073	0.0222718	0.00462872
0.409725	0.912711	0.177191
0.813472	0.584242	0.0924794
0.444351	0.541692	0.715583
0.346977	0.835158	0.44034
0.502841	0.536036	0.68302
0.851308	0.455312	0.284653
0.835139	0.512967	0.204953
0.525654	0.231511	0.828495
0.674307	0.64099	0.381314
0.671685	0.029318	0.743361
0.0393265	0.996693	0.103328
0.229697	0.835538	0.505179
0.356281	0.845824	0.401422
0.0311175	0.345861	0.942475
0.561352	0.828043	0.0539452
0.53202	0.816333	0.247977
0.153575	0.950933	0.280267
0.662318	0.619506	0.42653
0.546179	0.849317	0.107328
0.746182	0.355757	0.572906
0.813255	0.415717	0.410267
0.239018	0.104247	0.967302
0.790713	0.386461	0.494399
0.43573	0.179675	0.891437
0.29536	0.956911	0.0589791
0.341316	0.921975	0.197897
0.188589	0.288129	0.947295
0.291624	0.699994	0.660263
0.513619	0.476126	0.7183
0.0625574	0.962695	0.321424
0.00433801	0.995364	0.119827
0.694422	0.659194	0.373016
0.594991	0.776298	0.247455
0.501953	0.261391	0.830797
0.176216	0.32808	0.943309
0.682835	0.369947	0.644777
0.739394	0.357321	0.574219
0.621514	0.297237	0.726406
0.471477	0.253416	0.847487
0.988294	0.0394842	0.161098
0.179664	0.986205	0.000864892
0.263102	0.946798	0.193629
0.148348	0.432501	0.897506
0.258493	0.264728	0.940568
0.900801	0.441153	0.0380998
0.15085	0.0870721	0.988068
0.737643	0.179177	0.655333
0.541658	0.222984	0.819035
0.629453	0.105396	0.77877
0.0320601	0.345557	0.941887
0.280904	0.955812	0.128276
0.651763	0.13884	0.748356
0.698232	0.329376	0.641445
0.892547	0.453911	0.030114
0.752583	0.0194657	0.659294
0.657933	0.308288	0.700829
0.848869	0.422634	0.321355
0.867993	0.501013	0.0307515
0.0188223	0.762821	0.649426
0.967112	0.248305	0.0954253
0.571502	0.585244	0.586188
0.420539	0.401383	0.827241
0.590304	0.75584	0.373624
0.704351	0.663854	0.252965
0.629994	0.253287	0.738121
0.702847	0.402737	0.592703
0.242077	0.300233	0.925645
1.01632	0.0519104	0.000620045
5.0607e-16	1.00148	0.00759551
3.09425e-32	6.12333e-17	1.00002
6.12586e-17	3.34321e-30	1.00043
0.000122061	1.00002	6.02119e-17
5.52033e-17	2.94194e-17	1.02157
0.931628	0.357205	0.129398
0.186626	0.739046	0.658082
0.819646	0.575272	0.0985717
0.581814	0.724309	0.389888
0.351148	0.657243	0.670417
0.690246	0.665411	0.293541
0.457248	0.046225	0.892495
0.171625	0.379608	0.909755
0.45224	0.782574	0.439284
0.194089	0.530003	0.83856
0.583914	0.755336	0.311493
0.678288	0.684511	0.316881
0.707123	0.174507	0.71117
0.304748	0.945295	0.187652
0.728196	0.622711	0.291923
0.589191	0.715106	0.39765
0.141965	0.673897	0.731898
0.268684	0.809586	0.530916
0.0166307	0.98065	0.259421
0.81692	0.548928	0.200022
0.495463	0.500009	0.745462
0.759752	0.707891	0.00319662
0.487516	0.880019	0.040496
0.227351	0.959401	0.204222
0.551519	0.424212	0.719873
0.110862	0.833929	0.544922
0.284459	0.763388	0.59214
0.808732	0.429287	0.409013
0.478153	0.823787	0.355962
0.352741	0.918046	0.248804
0.246544	0.967637	0.0846391
0.0505006	0.977394	0.224444
0.472751	0.666685	0.610799
0.294875	0.888504	0.373509
0.585471	0.524712	0.619536
0.413531	0.848062	0.346479
0.212117	0.519765	0.833171
0.577155	0.435878	0.69275
0.593455	0.638722	0.521662
0.527936	0.687936	0.505901
0.135931	0.987821	0.0901028
0.64953	0.772573	0.142808
0.202172	0.559289	0.827257
0.404399	0.699789	0.597412
0.769115	0.587366	0.275308
0.326806	0.0690408	0.951591
0.745397	0.590594	0.35003
0.203348	0.938449	0.301712
0.571373	0.382074	0.727376
0.393757	0.902949	0.193304
0.536928	0.0572193	0.842769
0.667632	0.481034	0.572486
0.202207	0.0780317	0.979645
0.260987	0.16893	0.968367
0.0903557	0.963796	0.269176
0.18137	0.856888	0.484556
0.548528	0.421912	0.723619
0.159346	0.743452	0.656435
0.0757685	0.10045	0.993811
0.603648	0.646343	0.509342
0.0593415	0.268614	0.964407
0.0204739	0.840668	0.581339
0.11795	0.501887	0.863948
0.465761	0.871764	0.157175
0.372148	0.500693	0.797297
0.498548	0.478624	0.73447
0.984649	0.0654693	0.174122
0.700925	0.507901	0.502484
0.515531	0.0921195	0.853309
0.835493	0.142166	0.551594
0.307219	0.913529	0.269582
0.509467	0.489107	0.720113
0.333823	0.0625834	0.952434
0.01986	0.616563	0.792325
0.637102	0.567463	0.533662
0.610539	0.414142	0.676349
0.235312	0.904855	0.367758
0.109614	0.515063	0.858037
0.793127	0.61005	0.0128175
0.184959	0.808586	0.564652
0.124243	0.994154	0.0946081
0.831019	0.444623	0.342853
0.599424	0.0817798	0.803479
0.428064	0.801208	0.419941
0.894568	0.232041	0.385283
0.979966	0.195215	0.0482378
0.799798	0.604022	0.00267355
0.69851	0.469363	0.560543
0.855352	0.194608	0.487395
0.0470919	0.21063	0.985078
0.947043	0.169986	0.321594
0.176371	0.900166	0.412982
0.625464	0.01457	0.78303
0.0390073	0.938176	0.353875
0.71741	0.703408	0.0233144
0.93447	0.0892542	0.365154
0.388654	0.116955	0.915756
0.444472	0.597999	0.683292
0.904997	0.401177	0.166162
0.499723	0.872294	0.0537447
0.222672	0.545631	0.823145
0.90645	0.272771	0.329451
0.362105	0.930199	0.0846088
0.565877	0.626726	0.543149
0.0879471	0.907674	0.422567
0.0322902	0.99946	0.0753273
0.055738	0.483842	0.888574
0.900714	0.283633	0.338376
0.233307	0.637096	0.7501
0.676223	0.0401542	0.759337
0.0284014	0.160171	0.988839
0.871442	0.260319	0.42844
0.525626	0.685986	0.511467
0.970003	0.183568	0.182007
0.281245	0.00709116	0.962164
0.867263	0.23766	0.454157
0.0689816	0.313595	0.956852
0.339386	0.352048	0.881071
0.728281	0.0251945	0.710514
0.565348	0.0644565	0.825499
1.00034	5.45941e-14	0.0789784
1.2339e-17	6.02009e-17	1.00359
0.991523	0.113046	0.149612
0.358791	0.155396	0.925341
0.461801	0.450557	0.812213
0.46081	0.797406	0.399145
0.15463	0.760717	0.63459
0.785208	0.310811	0.543208
0.251432	0.249729	0.938594
0.448946	0.776875	0.449687
0.425217	0.791358	0.44384
0.712816	0.633244	0.356325
0.920055	0.106405	0.378025
0.586641	0.0560319	0.816896
0.791705	0.608956	0.0555318
0.914159	0.0466924	0.447123
0.743268	0.200843	0.642627
0.286791	0.571722	0.770049
0.34795	0.939601	0.0671285
0.135732	0.33081	0.94706
0.316594	0.407319	0.864496
0.907715	0.365285	0.215334
0.0984512	0.471632	0.885163
0.943922	0.208599	0.261112
0.38529	0.389026	0.84539
0.834441	0.25448	0.496177
0.163743	0.295574	0.949505
0.321126	0.954882	0.0305973
0.216052	0.977976	0.0517983
0.104517	0.482886	0.873865
0.865164	0.462892	0.227467
0.734498	0.239277	0.644768
0.940231	0.243886	0.242139
0.605573	0.404944	0.686272
0.212418	0.277224	0.938933
0.843708	0.286349	0.471541
0.782621	0.578142	0.242553
0.533955	0.144283	0.852838
0.102309	0.472687	0.876548
0.71221	0.707387	0.0339305
0.481876	0.429204	0.773012
0.896534	0.186955	0.418573
0.878618	0.0359187	0.476732
0.630783	0.201332	0.754901
0.879419	0.0136141	0.476825
0.81025	0.594083	0.154105
0.771096	0.0917973	0.631938
5.51776e-17	2.94364e-17	1.02133
0.417352	0.416092	0.823168
0.550502	0.537098	0.695
0.659051	0.773773	0.0942661
0.399705	0.374016	0.845197
0.130146	0.638044	0.763491
0.88848	0.209755	0.425542
0.678096	0.230141	0.705448
0.718247	0.700495	0.0430444
0.84926	0.409128	0.34292
0.959011	0.288588	0.0189843
0.584093	0.224147	0.783019
0.00975295	0.370943	0.931707
0.290503	0.892228	0.360291
0.629039	0.0083082	0.787361
0.254694	0.0976556	0.970619
0.407072	0.37218	0.851622
0.606791	0.602682	0.527168
0.870206	0.215478	0.452371
0.829456	0.360447	0.46257
0.618393	0.0321104	0.786711
0.0246988	0.594038	0.80606
0.858734	0.221145	0.467053
6.09906e-17	8.1141e-18	1.00483
0.885774	0.464205	2.05653e-17
0.332359	0.333568	0.886742
0.173436	0.892482	0.472447
0.0986985	0.682056	0.729592
0.0445411	0.99775	0.0847312
0.0120515	0.853998	0.52436
0.725519	0.689963	0.0393744
0.669546	0.352201	0.665773
0.022895	0.641693	0.789264
0.124443	0.941858	0.3174
0.615949	0.145737	0.778023
0.822392	0.211788	0.540559
0.0701643	0.936047	0.354303
0.342076	0.760017	0.568803
0.0615178	0.0323602	0.998432
0.469154	0.0450225	0.883317
0.834547	0.293817	0.495249
0.510237	0.867174	0.0255455
0.872239	0.235917	0.436068
0.484734	0.877073	0.0418192
0.0126301	0.819537	0.588865
0.128335	0.434236	0.903174
0.558221	0.183214	0.811323
0.626398	0.735673	0.308196
0.532171	0.796481	0.294289
0.441882	0.799861	0.445336
0.765124	0.44778	0.478852
0.655434	0.723462	0.229302
0.404643	0.313581	0.869549
0.812377	0.338128	0.516583
0.0478815	0.918433	0.399091
0.290355	0.121516	0.969492
0.2158	0.113517	0.983865
0.36809	0.595422	0.716455
0.999293	0.0215073	0.060143
0.56681	0.570868	0.612511
0.564298	0.608201	0.572533
0.0907368	0.583524	0.847899
0.0570629	0.782532	0.638081
0.518432	0.159968	0.84895
0.434891	0.565434	0.717877
0.771076	0.276794	0.580752
0.603186	0.599076	0.531816
0.776719	0.512535	0.382536
0.11657	0.976687	0.237815
0.152966	0.636759	0.760764
0.640739	0.385618	0.66762
0.316019	0.317168	0.90774
0.194533	0.134617	0.972469
0.535404	0.716865	0.45949
0.941449	0.0192376	0.344899
0.805183	0.488167	0.422438
0.595137	0.587908	0.548739
0.18196	0.596123	0.789725
0.931204	0.31361	0.204366
0.457137	0.55771	0.70492
0.418474	0.00777846	0.910132
0.55472	0.555947	0.653236
0.231521	0.691793	0.690549
0.575012	0.825784	0.0191612
0.742078	0.223788	0.641963
0.609905	0.563872	0.597498
0.466241	0.792401	0.401291
0.689303	0.0277177	0.744
0.737872	0.70171	0.0281933
0.543812	0.827581	0.142351
0.955647	0.289096	0.0734017
0.69402	0.710833	0.194698
0.146608	0.991496	0.0329369
0.56191	0.201167	0.802698
0.140211	0.492709	0.863298
0.224001	0.0946003	0.978345
0.0522108	0.165619	0.990949
0.353888	0.665446	0.658166
0.524166	0.851148	0.0989708
0.490863	0.128236	0.86806
0.260413	0.841651	0.491912
0.229336	0.253139	0.944665
0.386674	0.0658458	0.924053
0.346552	0.142373	0.933059
0.721025	0.267428	0.64579
0.103697	0.974319	0.245866
0.5764	0.18918	0.797256
0.549471	0.836193	0.0929863
0.165418	0.533939	0.830755
0.585664	0.63123	0.516364
0.235949	0.359071	0.913633
0.844834	0.545385	0.00725616
0.206392	0.964761	0.183213
0.629435	0.73418	0.281825
0.394005	0.84438	0.388913
0.962936	0.25806	0.100977
0.951907	0.302553	0.111019
0.275469	0.744556	0.63371
0.438957	0.515316	0.73855
0.909436	0.292216	0.304439
0.142555	0.500946	0.856824
0.793709	0.371823	0.503958
0.497096	0.42743	0.761603
0.652612	0.640616	0.426543
0.666955	0.198149	0.721887
0.898621	0.367546	0.323765
0.761502	0.284099	0.591341
0.845677	0.507796	0.1763
0.158836	0.0835524	0.99167
0.950054	0.307177	0.148828
0.699329	0.70421	0.194504
0.633684	0.122859	0.76924
0.789848	0.00836448	0.623772
0.255899	0.699903	0.673543
0.344015	0.479182	0.820781
0.373278	0.109026	0.930325
0.479239	0.47043	0.74986
0.704746	0.460363	0.55217
0.547153	0.0572292	0.839031
0.0762719	0.626521	0.777458
0.47057	0.882431	2.05657e-17
0.966627	0.103425	0.247839
0.668713	0.749811	0.0573612
0.249458	0.987495	0.00459891
0.298143	0.9468	0.159911
0.448522	0.353	0.824135
0.889333	0.416619	0.214799
0.474457	0.869884	0.185165
0.222484	0.705748	0.68134
0.246396	0.978865	0.162834
0.956817	0.243993	0.223443
0.755002	0.263212	0.612275
0.25658	0.931156	0.265093
0.795858	0.417964	0.466782
0.750453	0.332124	0.581753
0.598955	0.69763	0.407461
0.267209	0.305555	0.918324
0.361701	0.89845	0.253905
0.211047	0.246869	0.951691
0.867872	0.40669	0.305711
0.895065	0.372544	0.323305
0.0475308	0.911705	0.410284
0.248559	0.378261	0.895109
0.465407	0.108897	0.879787
0.482469	0.872188	0.1186
0.306155	0.673612	0.684255
0.64601	0.205327	0.742214
0.750925	0.265248	0.619184
0.923011	0.287236	0.274653
0.451337	0.311763	0.84017
0.78332	0.366956	0.509684
0.549434	0.0527266	0.835594
0.901031	0.228449	0.376765
0.000147176	0.321575	0.95786
0.636048	0.766846	0.118547
0.92692	0.319838	0.212873
0.27643	0.191489	0.952115
0.846267	0.396788	0.36431
0.0669711	0.780042	0.635495
0.606739	0.536072	0.605157
0.380391	0.220769	0.905735
0.315798	0.156846	0.942869
0.535297	0.77674	0.334287
0.772701	0.469675	0.450318
0.307394	0.658139	0.695441
0.414557	0.0743305	0.909514
0.253094	0.375586	0.895674
0.981759	0.215402	0.0881447
0.680081	0.45361	0.593758
0.864423	0.413485	0.305644
0.415073	0.273207	0.875331
0.988939	0.0723744	0.168674
0.927784	0.29595	0.243902
0.918337	0.392466	0.125471
0.876739	0.430505	0.221021
0.887266	0.44356	0.17729
0.792887	0.273083	0.555836
0.711179	0.395672	0.605844
0.099662	0.649528	0.763384
0.28974	0.519179	0.827283
0.975995	0.0111209	0.286654
0.110471	0.925584	0.367669
0.659026	0.768695	0.0269437
0.582178	0.635278	0.516732
0.883811	0.17013	0.468322
1.01231	0.216523	0.000150093
0.944726	0.0141512	0.336755
0.315289	0.0852771	0.948514
0.989502	0.167426	0.0555941
0.503551	0.221923	0.847717
0.0765459	0.614377	0.790515
0.579082	0.677371	0.466752
0.391193	0.708681	0.605044
0.615856	0.529944	0.596423
1.0139	1.78459e-12	8.48783e-06
1.43258e-10	1.0088	0.0955489
0.634536	0.777243	0
0.256237	0.931966	0.263304
0.654005	0.50477	0.567954
0.148724	0.410781	0.905553
0.553715	0.534118	0.642952
0.338336	0.934496	0.121509
0.164049	0.833426	0.530222
0.295736	0.285269	0.916087
0.299057	0.871267	0.39427
0.462201	0.819314	0.355807
0.587521	0.641106	0.50295
0.919021	0.384249	0.13127
0.626213	0.776965	0.101586
0.187474	0.98757	0.0597911
0.0472155	0.994699	0.111031
0.211487	0.472513	0.85861
0.458744	0.813187	0.367895
0.365383	0.876582	0.341719
0.240724	0.0874909	0.967433
0.430571	0.90583	0.0356529
0.66559	0.753854	0.0907659
0.74945	0.0594595	0.661511
0.0377894	0.785765	0.645566
0.774898	0.149242	0.625519
0.952553	0.0479134	0.303715
0.604354	0.0682936	0.813853
0.409669	0.686976	0.606135
0.132461	0.991165	0.06977
0.477382	0.823811	0.309642
0.957096	0.027794	0.304907
0.48486	0.836716	0.274452
0.359995	0.840826	0.408546
0.155442	0.551884	0.821963
0.466244	0.674817	0.574317
0.642912	0.762473	0.101529
0.335915	0.8904	0.3361
0.61224	0.078303	0.801344
0.79226	0.119361	0.61905
0.910617	0.423178	0.16133
0.271944	0.86021	0.445104
0.326936	0.948029	0.0460361
0.726072	0.376802	0.6036
0.445565	0.80004	0.41868
0.215318	0.485423	0.850007
0.672615	0.45522	0.589554
0.942502	0.337618	0.0190444
0.0143366	0.725078	0.691017
0.439149	0.896946	0.0825998
0.0782218	0.173069	0.986087
0.391649	0.901274	0.208136
0.353512	0.241322	0.908439
0.997847	0.0824017	0.0534785
0.853545	0.529867	0.03072
0.0965904	0.62597	0.773994
0.743511	0.596711	0.327059
0.71058	0.110698	0.703927
0.675691	0.0385419	0.738968
0.546741	0.72999	0.425737
0.142824	0.512556	0.88245
0.121037	0.445765	0.889319
0.862787	0.450723	0.249747
0.316935	0.948206	0.140256
0.764436	0.620909	0.181584
0.321985	0.765497	0.558883
0.892813	0.0982448	0.450372
0.75223	0.60021	0.290364
0.529747	0.335038	0.783174
0.607614	0.231622	0.762538
0.0248538	1.00049	0.0170634
0.885537	0.0186416	0.466423
0.567901	0.0766292	0.825164
0.387132	0.883581	0.284332
0.201558	0.464928	0.863561
0.968055	0.114221	0.23159
0.181862	0.659405	0.733472
0.145606	0.51696	0.853581
0.773622	0.613407	0.223498
0.266608	0.541599	0.807614
0.912135	0.217477	0.371334
0.406293	0.522632	0.767658
0.683039	0.427267	0.594483
0.108566	0.702662	0.71703
0.836822	0.273609	0.47716
0.228363	0.630747	0.748654
0.899891	0.0550988	0.439723
0.55811	0.845768	0.0466638
0.0810761	0.179982	0.981221
0.808389	0.572082	0.199686
0.956905	0.293617	0.043959
0.496903	0.270588	0.827583
0.646077	0.246284	0.729092
0.292013	0.917358	0.285279
0.269422	0.852232	0.457902
0.86926	0.10514	0.500557
0.795153	0.259984	0.550947
0.0316674	0.667144	0.74931
0.139354	0.901927	0.433175
0.548727	0.73321	0.412331
0.0573431	0.212323	0.976333
0.477511	0.691124	0.545034
0.964609	0.157006	0.23875
0.760346	0.639614	0.168014
0.214916	0.49457	0.843096
0.0440961	0.9536	0.315853
0.203425	0.308511	0.93174
0.911819	0.381238	0.178456
0.539151	0.741368	0.416751
0.491202	0.797068	0.359253
0.571813	0.441333	0.69552
0.955333	0.289389	0.138138
0.0672368	0.14926	0.990885
0.422078	0.713033	0.56291
0.250112	0.39109	0.893791
0.452404	0.697185	0.599612
0.193405	0.955204	0.234946
0.0851849	0.279143	0.961824
0.828497	0.198194	0.531755
0.535555	0.436388	0.728468
0.707588	0.70947	0.0756914
0.00497691	0.163871	0.992345
0.374569	0.253499	0.895633
0.178775	0.983047	0.128928
0.545225	0.217324	0.814306
0.464422	0.67218	0.57952
0.110453	0.349383	0.9374
0.511017	0.548091	0.667161
0.897857	0.00830703	0.468408
0.692848	0.0110488	0.723543
0.582844	0.183215	0.793211
0.313721	0.919958	0.243905
0.905748	0.343944	0.251493
0.811358	0.544454	0.217381
0.51748	0.0228383	0.859108
0.11828	0.986059	0.150449
0.131148	0.968692	0.224855
0.663656	0.747196	0.166362
0.204708	0.0169845	0.982659
0.324485	0.0117695	0.947578
0.781461	0.300514	0.547692
0.3475	0.403648	0.848386
0.0188414	0.952908	0.33461
0.100867	0.546622	0.833724
0.0947137	0.608999	0.787982
0.162263	0.649442	0.754262
0.60121	0.579931	0.554329
0.450519	0.808934	0.379756
0.44911	0.3561	0.841244
0.977962	0.185771	0.127334
0.396648	0.91278	0.156514
0.716066	0.707606	0.0908624
0.244095	0.206197	0.95787
0.532887	0.499058	0.685089
0.990328	0.131303	0.0937134
0.387309	0.481999	0.802775
0.238568	0.366525	0.906492
0.384429	0.31472	0.882143
0.876126	0.107716	0.492986
0.229182	0.700608	0.678292
0.734677	0.461771	0.501929
0.791634	0.137307	0.620791
0.758317	0.618544	0.213752
0.101979	0.552648	0.831069
0.345515	0.406217	0.849439
0.973751	0.250057	0.0105381
0.60042	0.796757	0.2861
0.58957	0.127093	0.798889
0.599664	0.189556	0.786489
0.416285	0.92412	0.00361626
0.414164	0.737612	0.538577
0.374054	0.266831	0.891032
0.266603	0.923141	0.339352
0.849435	0.496842	0.184247
0.399116	0.224527	0.893559
0.984563	0.144494	0.12729
0.378179	0.928929	0.000992525
0.681025	0.436662	0.594471
0.742195	0.683358	0.0955561
0.816575	0.556012	0.162439
0.0905826	0.307424	0.952617
0.403703	0.320097	0.863294
0.168788	0.908503	0.395513
0.987064	0.165703	0.0240198
0.886668	0.282453	0.386646
0.0339071	0.0513833	0.999516
0.1268	0.360855	0.933284
0.635154	0.394294	0.682567
0.521096	0.329567	0.795652
0.419981	0.678967	0.605004
0.755574	0.6356	0.195839
0.80107	0.566902	0.239744
0.599003	0.797823	0.275107
0.0745347	0.976604	0.213938
6.12428e-17	5.11528e-30	1.00017
2.95851e-17	5.64407e-17	1.0407
1.12702e-27	6.12377e-17	1.00009
0.00125811	1.00148	0.000129177
0.287736	0.957745	2.05652e-17
3.1314e-17	5.39899e-17	1.01929
0.977287	0.0616605	0.223027
0.910615	0.130789	0.470586
0.833114	0.346212	0.43857
0.629376	0.58293	0.519007
0.671344	0.705569	0.232972
0.620832	0.35851	0.720724
0.597029	0.588788	0.551169
0.79354	0.522256	0.321232
0.608444	0.0825532	0.790574
0.208661	0.692256	0.693675
0.968687	0.155535	0.203535
0.884261	0.452006	0.160862
0.222102	0.657076	0.727204
0.892283	0.191645	0.42614
0.461042	0.703122	0.544982
0.101531	0.435785	0.912101
0.580487	0.565245	0.608272
0.339209	0.629593	0.707017
0.720991	0.167977	0.680695
0.359407	0.0408794	0.935792
0.93859	0.296003	0.182854
0.867669	0.209493	0.460557
0.683402	0.39298	0.622376
0.287913	0.266368	0.921395
0.131262	0.642746	0.758196
0.24479	0.877784	0.424946
0.268625	0.964206	0.0381978
0.504081	0.89191	0.009605
0.534368	0.855002	0.0560685
0.168069	0.762076	0.652852
0.136447	0.98353	0.14599
0.801186	0.290975	0.525793
0.524932	0.795147	0.322691
0.782742	0.458477	0.433215
0.457173	0.736435	0.508647
0.257238	0.936832	0.256204
0.0879465	0.438791	0.904429
0.469995	0.256243	0.862706
0.519154	0.777767	0.356226
0.291149	0.49132	0.828197
0.415766	0.619759	0.68323
0.314032	0.198246	0.930793
0.275008	0.867924	0.420638
0.670346	0.359908	0.657845
0.059404	0.0970908	0.996957
0.307268	0.90607	0.308512
0.170965	0.816152	0.561967
0.138837	0.97195	0.196211
0.263814	0.0882311	0.965677
0.0824048	0.520046	0.851185
0.679222	0.40597	0.613754
0.0704775	0.299623	0.952144
0.0517301	0.754308	0.671195
0.876192	0.423612	0.272222
0.329373	0.860944	0.412938
0.711402	0.682168	0.275689
0.834092	0.499832	0.301842
0.728681	0.169768	0.679272
0.180806	0.573035	0.805589
0.918264	0.389738	0.141759
0.194065	0.273851	0.944223
0.0191804	0.232823	0.977208
0.183288	0.981561	0.125541
0.79558	0.457487	0.407283
0.217489	0.913801	0.347375
0.967194	0.0710705	0.264766
0.675659	0.464708	0.575152
0.16436	0.710683	0.687713
0.0545029	0.771445	0.649046
0.703954	0.372574	0.632873
0.235946	0.971126	0.134575
0.813374	0.32848	0.500489
0.620564	0.0174286	0.785788
0.770993	0.514445	0.437321
0.587455	0.337808	0.746716
0.431722	0.22036	0.878732
0.0894643	0.53118	0.844701
0.871666	0.496574	0.115524
0.303154	0.294479	0.918831
0.092715	0.448574	0.889993
0.63835	0.718724	0.339746
0.547387	0.834804	0.0842547
0.806246	0.540839	0.244762
0.154804	0.987725	0.112588
0.234284	0.953085	0.258828
0.533643	0.853113	0.067811
0.278306	0.922977	0.282323
0.412642	0.615103	0.689551
0.378066	0.584236	0.72961
0.130778	0.918326	0.396924
0.0399922	0.636743	0.771577
0.32521	0.543935	0.776013
0.259862	0.861808	0.446126
0.998865	0.0586163	0.0771018
0.409533	0.274719	0.872226
0.121015	0.585494	0.802977
0.551308	0.717064	0.493841
0.212592	0.178871	0.963051
0.512286	0.818971	0.290676
0.564369	0.136263	0.819488
0.478139	0.716598	0.513889
0.00746568	0.980145	0.213448
0.34923	0.0459359	0.939841
0.862363	0.366012	0.371852
0.343328	0.939621	0.0483282
0.179608	0.173968	0.969246
0.861202	0.323343	0.393203
0.758648	0.0146564	0.673601
0.0342548	0.894657	0.447591
0.956664	0.0561398	0.298441
0.284241	0.597395	0.764618
0.537813	0.842961	0.0785135
0.766472	0.253399	0.590782
0.846139	0.0277919	0.533393
0.740552	0.411332	0.533723
0.469142	0.810064	0.387344
0.826511	0.106557	0.572036
0.530123	0.187147	0.837986
0.705288	0.151569	0.711276
0.661099	0.395138	0.639017
0.646818	0.626508	0.437895
0.188813	0.604064	0.778656
0.230753	0.72692	0.649473
0.745039	0.309612	0.599805
0.971642	0.216867	0.103265
0.151192	0.969224	0.207901
0.115823	0.981201	0.172535
0.990927	0.0512573	0.189149
0.0946815	0.458089	0.885227
0.836533	0.28268	0.472393
0.548221	0.302032	0.79225
0.505439	0.801489	0.367075
0.489999	0.818874	0.336185
0.660327	0.684829	0.324417
0.391152	0.872192	0.308082
0.85462	0.425849	0.313035
0.989439	0.141355	0.0358779
0.315921	0.931585	0.193187
0.0628467	0.94411	0.327218
0.4753	0.242603	0.846823
0.374161	0.418672	0.839371
0.736625	0.306115	0.606653
0.187663	0.945785	0.282381
0.3723	0.561383	0.750322
1.44942e-11	0.787558	0.617056
0.422277	0.672937	0.631275
0.888445	0.204293	0.428682
0.825528	0.56046	0.114904
0.489964	0.733811	0.481747
0.146432	0.934305	0.343962
0.124709	0.432272	0.900142
0.201447	0.118705	0.978078
0.00601449	0.885639	0.476095
0.588404	0.569655	0.581665
0.216472	0.978374	0.0033671
0.445258	0.695197	0.566581
0.590623	0.604136	0.565271
0.9953	0.0386894	0.0979116
0.318051	0.549642	0.777591
0.949485	0.3204	0.0238137
0.954412	0.245836	0.183531
0.887086	0.0458859	0.486747
0.51703	0.437135	0.740009
0.923958	0.12856	0.363026
0.560198	0.0108226	0.842582
0.63472	0.214484	0.755112
0.480731	0.720482	0.508472
0.334493	0.0513466	0.957427
0.399004	0.229442	0.893783
0.570394	0.741888	0.355629
0.985434	0.0755889	0.164482
0.38492	0.66616	0.642568
0.0555483	0.879011	0.484466
0.0828896	0.145719	0.993817
0.432502	0.802751	0.432517
0.930873	0.386837	0.0379203
0.436192	0.278104	0.863416
0.855798	0.51576	0.10786
0.173339	0.78344	0.604013
0.149144	0.750402	0.664927
0.283525	0.478578	0.835698
0.441225	0.628003	0.644128
0.651763	0.198544	0.749278
0.611148	0.676024	0.425178
0.0232102	0.211318	0.980977
0.541281	0.82761	0.161702
0.0767374	0.333683	0.940369
0.689933	0.67507	0.298443
0.364056	0.593982	0.722958
0.15046	0.0214952	0.99032
0.48461	0.661763	0.594762
4.78496e-17	3.83302e-17	1.00125
1.735e-32	6.12476e-17	1.00025
6.12346e-17	1.89938e-32	1.00004
1.00033	0.00649542	1.51721e-05
0.999942	0.0114875	4.23898e-17
0.930201	0.136849	0.34501
0.0191197	0.0665583	0.998025
0.632517	0.120203	0.787946
0.225565	0.0230114	0.984789
0.770926	0.62914	0.125859
0.780948	0.0556959	0.623038
0.431904	0.906159	0.0648631
0.17325	0.180681	0.969265
0.708527	0.689919	0.149885
0.310182	0.149301	0.941629
0.973798	0.174208	0.157747
0.0140271	0.772824	0.651219
0.604276	0.763294	0.229575
0.00567229	0.864865	0.531636
0.477331	0.322139	0.823115
0.305298	0.417719	0.873239
0.186249	0.817341	0.574573
0.144687	0.0979428	0.992354
0.091926	0.840254	0.543241
0.486773	0.53674	0.693496
0.0869517	0.896097	0.441819
0.688854	0.716572	0.193639
0.298868	0.445093	0.844949
0.512468	0.857347	0.150982
0.92188	0.0414684	0.391992
0.994559	0.0063214	0.105738
0.522246	0.607857	0.607203
0.295466	0.779508	0.562383
0.134392	0.818026	0.56838
0.774493	0.0317722	0.648147
0.0407049	0.996915	0.0926596
0.947257	0.101296	0.325942
0.217775	0.973752	0.0846699
0.40959	0.915743	0.0122353
0.0481299	0.734471	0.684266
0.206616	0.985799	0.0414082
0.413066	0.0826637	0.91241
0.221057	0.980277	0.0350034
0.816743	0.00937829	0.589919
0.890992	0.458433	0.00957284
0.786469	0.0354555	0.634777
0.873327	0.511742	0.0985432
0.590513	0.365764	0.72866
0.349728	0.503111	0.79903
0.804199	0.498121	0.337592
0.739168	0.584448	0.340043
0.862631	0.412153	0.308502
0.269382	0.312725	0.916164
0.840946	0.524765	0.165108
0.0408445	1.00033	0.0460805
0.232143	0.833318	0.509376
0.0774048	0.287793	0.955623
0.743505	0.599735	0.298228
0.789222	0.606554	0.175379
0.796262	0.493204	0.360595
0.313812	0.490894	0.828263
0.497677	0.427008	0.762958
0.600119	0.758044	0.256424
0.557887	0.377092	0.742536
0.162063	0.444916	0.886081
0.201018	0.551861	0.816133
0.67058	0.56566	0.482984
0.0548982	0.872159	0.501941
0.922468	0.226255	0.32042
0.785141	0.610779	0.161657
0.794431	0.191144	0.579794
0.936036	0.165285	0.325209
0.699966	0.156006	0.701606
0.566723	0.186515	0.80687
0.663665	0.726527	0.206125
0.341595	0.93963	0.0798273
0.848518	0.268563	0.465016
0.790373	0.205846	0.579536
0.383219	0.40579	0.835902
0.639641	0.705299	0.324882
0.635435	0.546066	0.556551
0.396246	0.886515	0.274548
0.393652	0.88071	0.278212
0.721766	0.619277	0.332833
0.620195	0.532129	0.590204
0.906511	0.24391	0.357431
0.952894	0.233718	0.216446
0.542721	0.451231	0.712834
0.68692	0.598545	0.416222
0.808903	0.341858	0.502199
0.613376	0.638542	0.469386
0.467017	0.790305	0.427556
0.260921	0.943432	0.241986
0.528896	0.467492	0.712924
0.681304	0.708718	0.210478
0.885262	0.0398212	0.507845
0.990259	0.141542	4.24032e-17
0.729594	0.651197	0.226793
0.749371	0.644524	0.244352
0.406065	0.526356	0.753139
0.559664	0.299354	0.776758
0.244601	0.718978	0.663573
0.964566	0.251827	0.119213
0.597007	0.462688	0.658219
0.479557	0.806442	0.386751
0.156115	0.22494	0.965921
0.610015	0.6252	0.489135
0.388639	0.0155898	0.921615
0.152625	0.392184	0.911498
0.0658207	0.867902	0.493911
0.755675	2.34396e-16	0.656261
0.47024	0.807275	0.382241
0.870746	0.265897	0.426459
0.258406	0.967953	0.0163246
0.438424	0.11181	0.901577
0.147413	0.98976	0.00218059
0.285241	0.725029	0.627744
0.981554	0.0849499	0.196114
0.885367	0.158388	0.455936
0.975212	0.237419	0.0498576
0.289578	0.884594	0.371167
0.676909	0.182132	0.719528
0.50054	0.866901	0.115097
0.10051	0.307035	0.953464
0.821971	0.554727	0.182333
0.382251	0.855904	0.35691
0.125542	0.355305	0.926572
0.214087	0.658838	0.727754
0.575097	0.356215	0.738315
0.564747	0.822376	0.180826
0.548651	0.37085	0.757996
0.875604	0.277136	0.406354
0.832617	0.262512	0.497349
0.657056	0.344136	0.676977
0.24814	0.83542	0.498378
0.130737	0.254318	0.961611
0.709816	0.0231862	0.720982
0.533658	0.473405	0.708734
0.550608	0.74391	0.399241
0.505792	0.43397	0.753053
0.457826	0.281376	0.860837
0.353199	0.897766	0.266527
0.443855	0.670583	0.597013
0.400076	0.252934	0.88922
0.958649	0.161606	0.236919
0.869171	0.592728	0.00427501
0.0616717	0.892963	0.460409
0.662797	0.750735	0.0170991
0.759091	0.652309	0.0221335
0.320342	0.716696	0.643407
0.1176	0.105575	0.994048
0.432041	0.292015	0.855624
0.573218	0.596703	0.564327
0.281193	0.962489	0.0320115
0.509215	0.436908	0.745103
0.332802	0.159997	0.930964
0.113942	0.27539	0.955657
0.433634	0.478147	0.768323
0.535875	0.475371	0.708177
0.836733	0.55986	0.0739252
0.645288	0.552199	0.546792
0.673013	0.630904	0.394197
0.421088	0.11449	0.901262
0.276833	0.287815	0.919041
0.21032	0.577398	0.793267
0.959955	0.213381	0.186829
0.726144	0.479995	0.493941
0.0539033	0.824754	0.563704
0.949539	0.251318	0.199146
0.193817	0.437975	0.896244
0.833217	0.562317	0.0271103
0.876653	0.487871	0.0122365
0.252781	0.754288	0.621529
0.389846	0.285893	0.879199
0.37114	0.34013	0.864405
0.422911	0.443338	0.793562
0.390015	0.516265	0.766918
0.699246	0.699419	0.149896
0.477608	0.740554	0.474455
0.630623	0.548048	0.552328
0.416143	0.539419	0.739898
0.54029	0.734084	0.430668
0.110556	0.522121	0.852929
0.585488	0.140381	0.808665
0.583431	0.678196	0.459035
0.85681	0.43251	0.283464
0.683276	0.66623	0.307007
0.717953	0.222053	0.668339
0.19292	0.438927	0.897195
0.757241	0.500551	0.446744
0.668975	0.619395	0.462894
0.602096	0.682019	0.44646
0.82941	0.559748	0.0749959
0.978184	0.218392	0.0800246
0.243103	0.359359	0.904511
0.658265	0.338691	0.675667
0.835199	0.421601	0.371853
0.446909	0.663769	0.606297
5.37728e-17	3.05544e-17	1.01004
0.0481951	0.99885	4.239e-17
1.02502	0.000379289	8.01002e-05
3.09732e-32	6.1294e-17	1.00101
6.12798e-17	8.32102e-33	1.00077
0.0210887	1.00138	0.0545932
0.298013	0.62824	0.727083
0.4988	0.39563	0.786223
0.0786885	0.409186	0.912844
0.936055	0.353569	0.107072
0.543162	0.590595	0.599659
0.176915	0.0211068	0.9888
0.344596	0.776368	0.538314
0.773383	0.603361	0.209438
0.906567	0.161918	0.396263
0.888824	0.441439	0.205655
0.826678	0.0710315	0.576493
0.377589	0.856646	0.403784
0.962022	0.0947846	0.289547
0.86567	0.472231	0.244934
0.689895	0.271388	0.673945
0.584408	0.561462	0.59025
0.711512	0.502781	0.493445
0.94425	0.000444632	0.331634
0.777949	0.61533	0.161806
0.241127	0.819947	0.520293
0.444654	0.18936	0.877269
0.322186	0.620557	0.718584
0.877939	0.478924	0.107015
0.8176	0.146028	0.562132
0.173721	0.886372	0.47467
0.84061	0.317268	0.446764
0.94077	0.064105	0.354715
0.449695	0.175719	0.876384
0.247564	0.972698	0.0529552
0.754665	0.305058	0.582537
0.111052	0.257985	0.96573
0.970174	0.119726	0.229447
0.342772	0.898355	0.351218
0.847742	0.383062	0.379852
0.798937	0.604931	0.0688773
0.137032	0.671579	0.739626
0.999989	0.0378642	0.0070731
0.978535	0.0848025	0.215998
0.831082	0.453363	0.35447
0.41641	0.16574	0.89783
0.166525	0.888664	0.458397
0.786164	0.286059	0.55136
0.00482097	0.576944	0.830178
0.0696395	0.0122158	1.00009
0.950809	0.28297	0.195733
0.513238	0.865163	0.0249341
0.613106	0.839054	0.00708208
0.853151	0.385506	0.365163
0.808896	0.326783	0.503768
0.0424559	0.0564796	0.999441
0.0553694	0.797005	0.606612
0.834976	0.547451	0.0671351
0.466442	0.782399	0.438177
0.506898	0.516912	0.690816
0.302257	0.439421	0.852396
0.638113	0.70998	0.304691
0.490836	0.584674	0.649288
0.25744	0.191946	0.951765
0.196901	0.496269	0.86183
0.912169	0.342709	0.23515
0.464812	0.879425	0.121331
0.232399	0.569095	0.80825
0.123874	0.984135	0.147558
0.780984	0.613135	0.152844
0.554363	0.808229	0.216895
0.7614	0.484525	0.4491
0.586536	0.753224	0.330506
0.922698	0.387772	0.0589988
0.606872	0.785299	0.131883
0.19301	0.968786	0.171879
0.361132	0.939371	0.178728
0.203009	0.873226	0.464418
0.337464	0.641187	0.691383
0.155788	0.486588	0.8651
0.591464	0.126715	0.810681
0.536232	0.532905	0.65603
0.627502	0.723174	0.305606
0.376556	0.153633	0.930365
0.655996	0.695978	0.323247
0.480843	0.0304372	0.882289
0.632344	0.248749	0.734889
0.621171	0.797701	0.0156432
0.457963	0.768177	0.453427
0.511757	0.858944	0.0417163
0.313736	0.73641	0.616524
0.368735	0.312108	0.875791
0.486873	0.369874	0.818729
0.21765	0.50307	0.842267
0.284123	0.807924	0.542762
0.648882	0.666161	0.371195
0.422956	0.901472	0.14319
0.104023	0.335891	0.937871
0.703182	0.651356	0.293886
0.0338632	0.994523	0.134102
0.194058	0.202024	0.975478
0.087659	0.458294	0.886859
0.576837	0.567338	0.592119
0.355633	0.942479	0.0903403
0.583503	0.292282	0.762114
0.722075	0.337238	0.61382
0.1275	0.965107	0.261062
0.68944	0.27584	0.680406
0.696878	0.645517	0.320789
0.638333	0.247536	0.740445
0.674854	0.688186	0.28383
0.704565	0.506426	0.51137
0.190351	0.660077	0.741308
0.668726	0.0263648	0.754144
0.984477	0.00351462	0.230186
0.535101	0.835249	0.154349
0.516709	0.228466	0.826088
0.213589	0.494847	0.848304
0.368381	0.488847	0.801506
0.470535	0.103382	0.882203
0.116285	0.299283	0.951645
0.44887	0.906157	0.0330983
0.92754	0.378857	0.0546109
0.161717	0.869084	0.485612
0.892757	0.204189	0.415686
0.521426	0.329013	0.805136
0.659768	0.41985	0.633727
0.531892	0.212597	0.837553
0.263441	0.95554	0.137923
0.185086	0.989031	0.0377181
0.588835	0.236588	0.78008
0.992544	0.120502	0.0784895
0.327127	0.64737	0.698698
0.663604	0.259481	0.714089
0.858699	0.474957	0.251244
0.149616	0.335846	0.945946
0.0451366	0.935461	0.351616
0.716926	0.0506386	0.703468
0.441213	0.536906	0.722687
0.335671	0.765181	0.552246
0.871664	0.435921	0.23976
0.73445	0.274454	0.623195
0.80799	0.440494	0.410269
0.181081	0.863866	0.484413
0.750916	0.0562975	0.659985
0.952081	0.169186	0.269344
0.896	0.34685	0.314165
0.168509	0.949356	0.280145
0.430699	0.825043	0.371491
0.742365	0.678823	0.098304
0.264815	0.960524	0.102962
0.818277	0.124307	0.566518
0.309618	0.596351	0.744458
0.598751	0.212496	0.773827
0.794159	0.363245	0.502736
0.0974517	0.791995	0.605884
0.388776	0.194593	0.903977
0.954345	0.309312	0.0481405
0.0250209	1.00058	0.00496629
0.672531	0.262972	0.70455
0.465892	0.881469	0.119236
0.0809692	0.263372	0.961843
0.207092	0.217911	0.957417
0.685543	0.721359	0.120021
0.409463	0.830093	0.391616
0.593496	0.743491	0.329352
0.977546	0.223462	0.00074988
0.589652	0.702383	0.431962
0.273516	0.302375	0.927914
0.715054	0.291969	0.640612
0.373798	0.20391	0.910755
0.392827	0.528635	0.75294
0.615972	0.218607	0.759317
0.682941	0.676376	0.278199
0.712079	0.133135	0.695383
0.525228	0.332688	0.793514
0.469422	0.787397	0.425941
0.76059	0.662447	0.0745353
0.0130487	0.966496	0.296625
0.594456	0.81353	0.010811
0.159076	0.83835	0.545551
0.0652127	0.511108	0.864538
0.723624	0.37291	0.597705
0.689737	0.522417	0.512394
0.752736	0.239395	0.625101
0.862059	0.0329685	0.525178
0.0103262	0.897198	0.448639
0.744889	0.106852	0.666927
0.350429	0.205396	0.920295
0.558762	0.709331	0.452585
0.779278	0.493607	0.38756
0.276585	0.920261	0.279196
0.893416	0.430742	0.203168
0.948582	0.377556	0.092482
0.572381	0.532941	0.626735
0.146934	0.85742	0.529578
6.12609e-17	3.20505e-32	1.00047
1.12378e-06	1.00297	0
1.0139	1.78459e-12	8.48783e-06
0.898711	0.439416	0.159394
0.199214	0.950419	0.302662
0.782272	0.382986	0.493229
0.992657	0.0138138	0.217376
0.432759	0.495179	0.769202
0.00854576	0.429867	0.9274
0.675596	0.737375	0.0704653
0.770678	0.654711	0.0210168
0.654794	0.375288	0.673712
0.568633	0.804999	0.274839
0.815526	0.406709	0.431841
0.90667	0.432173	0.00869661
0.528413	0.143488	0.839786
0.863182	0.518153	0.121347
0.660824	0.747055	0.130982
0.105477	0.12317	0.99345
0.554136	0.398149	0.752449
0.375304	0.813504	0.448373
0.368806	0.295707	0.890669
0.619445	0.782513	0.189633
0.641525	0.711951	0.292654
0.39412	0.48076	0.793997
0.256755	0.908949	0.348067
0.494375	0.214994	0.852432
0.715937	0.608207	0.397602
0.457732	0.719117	0.542236
0.960922	0.0423006	0.279976
0.477048	0.770894	0.457398
0.974091	0.113754	0.201193
0.180123	0.0243308	0.986109
0.94482	0.21065	0.253429
0.152032	0.794628	0.591708
0.481821	0.598106	0.643406
0.689063	0.340728	0.658762
0.981653	0.193998	0.0903971
0.827343	0.533931	0.210234
0.248913	0.920802	0.319985
0.876308	0.386582	0.333396
0.449853	0.159075	0.880198
0.50809	0.863139	0.0403341
0.967746	0.197537	0.224698
0.910521	0.0535358	0.42153
0.860276	0.403594	0.329778
0.576174	0.60404	0.556899
0.522315	0.508542	0.690782
0.0654448	0.592933	0.805377
0.515537	0.501942	0.700782
0.0644519	0.543552	0.860575
0.599235	0.805347	0.0404245
0.430964	0.0960699	0.898132
0.291088	0.261535	0.921416
0.33572	0.135706	0.937545
0.469434	0.332919	0.824692
0.116977	0.774274	0.628038
0.791297	0.410943	0.484195
0.595913	0.73916	0.36437
0.182258	0.893116	0.414852
0.764857	0.660883	0.0473753
0.694181	0.575111	0.469095
0.666008	0.451155	0.601324
0.536216	0.828428	0.183641
0.0683732	0.990661	0.134455
0.938826	0.361057	0.0258426
0.255624	0.904943	0.356391
0.226422	0.928142	0.3115
0.984652	0.145627	0.149565
0.241036	0.891663	0.396859
0.322806	0.130486	0.944401
0.882568	0.28332	0.379202
0.160262	0.248396	0.958983
0.585577	0.570135	0.591512
0.798298	0.606801	0.175863
0.354495	0.193696	0.917696
0.267555	0.522471	0.817294
0.271258	0.885278	0.391936
0.0130539	0.5572	0.834262
0.929748	0.0332127	0.374997
0.488016	0.538811	0.695343
0.642766	0.30155	0.71881
0.205167	0.842315	0.504429
0.273669	0.245885	0.953052
0.0559567	0.850886	0.530904
0.0895177	0.998329	0.0053029
0.377098	0.583594	0.735614
0.260171	0.974339	0.0912457
0.376336	0.417841	0.829411
0.646456	0.458412	0.615662
0.212714	0.873301	0.442152
0.99208	0.106141	0.107807
0.853421	0.0395536	0.539369
0.705956	0.311431	0.67267
0.393948	0.150974	0.910001
0.635284	0.0593113	0.777531
0.146034	0.708654	0.708396
0.0422037	0.698952	0.730269
0.300675	0.958044	0.00456948
0.154053	0.939155	0.33562
0.592348	0.838571	0.0539521
0.740491	0.640467	0.228653
0.451729	0.599087	0.682088
0.0275358	0.256243	0.972555
0.797996	0.553246	0.245417
0.857786	0.0274333	0.516165
0.920206	0.0328718	0.397357
0.0522545	0.728807	0.687837
0.311761	0.915925	0.265989
0.931296	0.109388	0.350725
0.0792357	0.633215	0.77766
0.0715223	0.617716	0.788038
0.316245	0.860431	0.458785
0.0309149	0.755677	0.661625
0.495645	0.535686	0.706782
0.117849	0.689862	0.745659
0.442817	0.865275	0.265138
0.60648	0.708977	0.365197
0.610837	0.674062	0.467881
0.364808	0.172261	0.916499
0.955805	0.308342	0.0224863
0.880539	0.341723	0.388077
0.00370462	0.858208	0.51616
0.422348	0.682577	0.60749
0.802638	0.00711551	0.607484
0.0312678	0.764303	0.651926
0.784072	0.629332	0.12021
0.0365422	0.668086	0.755681
0.810602	0.39505	0.443583
0.331513	0.927633	0.245431
0.670026	0.0686843	0.756457
0.20612	0.846228	0.501994
0.128651	0.542114	0.832355
0.73548	0.605879	0.318956
0.27802	0.337559	0.903265
0.914863	0.0894561	0.412353
0.402021	0.175353	0.905926
0.539205	0.465816	0.726248
0.978115	0.104208	0.196006
0.702029	0.448681	0.564062
0.631281	0.776826	0.111845
0.1586	0.972618	0.24027
0.0457654	0.238257	0.978736
0.440622	0.155811	0.888517
0.536318	0.169926	0.829793
0.798044	0.216705	0.568082
0.858289	0.327848	0.407826
0.788794	0.0763263	0.620216
0.726481	0.325164	0.628602
0.893862	0.475474	0.055419
0.513182	0.5663	0.664038
0.399687	0.0597082	0.918063
0.283745	0.121666	0.956379
0.217071	0.638704	0.739211
0.90012	0.147105	0.421515
0.698139	0.0926304	0.71609
0.218565	0.180375	0.964296
0.846584	0.144892	0.525042
0.669256	0.0759452	0.747093
0.409596	0.511508	0.766465
0.0982775	0.0851314	0.993943
0.625594	0.268569	0.743436
0.581699	0.503124	0.647405
0.586378	0.237028	0.783634
0.570351	0.225506	0.792421
0.424755	0.0855437	0.9022
0.135606	0.96635	0.288122
0.0231434	0.999729	0.0700318
0.0228915	0.222679	0.979653
0.531778	0.475776	0.725537
0.228793	0.977991	0
0.140767	0.735753	0.669374
0.701294	0.345928	0.635872
0.0193805	0.128281	0.993665
0.88439	0.409807	0.232511
0.144393	0.955031	0.269712
0.000936391	0.815352	0.595712
0.849556	0.321404	0.426061
0.323876	0.354323	0.885532
0.387441	0.64895	0.661188
0.952845	0.041945	0.306293
0.981692	0.203841	0.0284182
0.630088	0.766791	0.191673
0.46019	0.899221	0.0473428
0.553931	0.604827	0.578995
0.303343	0.848808	0.468153
0.171425	0.255016	0.954257
0.236248	0.824054	0.527133
0.148365	0.982327	0.223251
0.341159	0.0674213	0.944114
0.452839	0.894635	0.0573905
0.834475	0.315699	0.458587
0.623496	0.273508	0.734775
0.345624	0.535328	0.798065
0.958953	0.0911507	0.284527
1.64826e-17	6.04518e-17	1.02329
2.14966e-06	1.0093	0.000595421
3.61514e-06	1.00319	0
0.954066	0.254502	0.165148
0.544677	0.827757	0.179672
0.608004	0.761068	0.232763
0.45543	0.814594	0.371628
0.514326	0.643832	0.593908
0.0549571	0.791904	0.609432
0.265461	0.567509	0.795619
0.993795	0.0242835	0.137407
0.998152	0.103551	0.0384511
0.761583	0.165541	0.645368
0.629531	0.777274	0.0453902
0.3772	0.838561	0.43461
0.295599	0.111925	0.961915
0.201203	0.979927	0.0501664
0.429857	0.200334	0.893345
0.48709	0.722933	0.497541
0.15669	0.71188	0.706986
0.519369	0.629739	0.583582
0.499788	0.492117	0.719579
0.137986	0.607923	0.785858
0.00380198	0.847385	0.549123
0.573953	0.817464	0.102517
0.340719	0.266615	0.932207
0.392023	0.903776	0.21442
0.668272	0.752012	0.0799852
0.902614	0.24772	0.400479
0.843973	0.2605	0.484894
0.109689	0.595918	0.80485
0.681092	0.673437	0.293642
0.0938607	0.485178	0.872304
0.324392	0.735523	0.605248
0.204899	0.174984	0.969753
0.245217	0.0691865	0.982216
0.94095	0.333984	0.0994935
0.656637	0.737617	0.225101
0.478665	0.714517	0.513816
0.437076	0.384133	0.814523
0.253649	0.159182	0.9575
0.935367	0.308163	0.186874
0.663012	0.287286	0.698573
0.527928	0.449097	0.733081
0.374787	0.864118	0.351543
0.876075	0.408293	0.27532
0.488773	0.874233	0.0863263
0.881421	0.340733	0.360886
0.599123	0.705285	0.419447
0.0734526	0.0981616	0.995004
0.190527	0.225763	0.966467
0.0656056	0.953607	0.341434
0.128194	0.679999	0.72889
0.448825	0.894724	0.064699
0.754392	0.0362743	0.662494
0.619349	0.459387	0.676404
0.333681	0.858384	0.402189
0.694496	0.0148944	0.726789
0.552819	0.151719	0.82732
0.980423	0.0655525	0.206498
0.0432577	0.885451	0.470217
0.483614	0.870344	0.127359
0.17921	0.810413	0.560733
0.719345	0.328998	0.618885
0.113497	0.99622	0.021231
0.0397613	0.917585	0.405272
0.909356	0.365284	0.205945
0.70948	0.695408	0.140688
0.415799	0.117941	0.90668
0.082547	0.647177	0.767406
0.966399	0.0659655	0.262966
0.738355	0.466464	0.5321
0.399732	0.609826	0.691638
0.671836	0.603013	0.445955
0.591556	0.769985	0.248984
0.163243	0.946895	0.287728
0.105149	0.956659	0.306895
0.802508	0.464497	0.386328
0.926714	0.322626	0.201454
0.790941	0.0580547	0.62337
0.0219608	0.908897	0.44636
0.582656	0.685901	0.438315
0.534622	0.803551	0.270187
0.216955	0.746502	0.63649
0.890041	0.061517	0.463869
0.750129	0.47379	0.464917
0.0292649	0.748848	0.670977
0.919256	0.345763	0.192824
0.34753	0.421667	0.839465
0.755993	0.580198	0.344104
0.644046	0.766307	0.0746183
0.239262	0.938867	0.260214
0.736258	0.631874	0.32725
0.811979	0.298913	0.522222
0.359309	0.931666	0.0995021
0.311951	0.161237	0.948417
0.581272	0.283248	0.776287
0.967178	0.241443	0.172122
0.636418	0.293935	0.719184
0.300571	0.18542	0.938707
0.723187	0.446681	0.541336
3.98918e-17	4.72694e-17	1.01013
0.837818	0.237647	0.507371
0.827857	0.52892	0.283493
0.226128	0.354399	0.921922
0.715381	0.440412	0.544013
0.224208	0.880732	0.427657
0.423457	0.372164	0.828733
0.449991	0.218152	0.882734
0.72667	0.213164	0.668295
0.314305	0.392504	0.874475
0.946993	0.311994	0.111433
0.121242	0.435532	0.898049
0.853025	0.562163	0.0230037
0.467643	0.292347	0.859533
0.23426	0.349688	0.908586
0.9731	0.140177	0.197878
0.687145	0.627052	0.39444
0.40134	0.536349	0.750558
0.859869	0.316506	0.413602
0.477496	0.206901	0.862512
0.824885	0.362573	0.442378
0.322015	0.703892	0.653233
0.044485	0.435166	0.903104
0.601	0.327237	0.739218
0.0343287	0.181838	0.988526
0.059512	0.213783	0.97821
0.470313	0.587326	0.668453
0.848199	0.195264	0.499824
0.836153	0.399646	0.392957
0.214478	0.973955	0.107757
0.69639	0.562744	0.461053
0.809938	0.500381	0.319656
0.820175	0.0175898	0.574369
0.369584	0.150835	0.920774
0.419748	0.379687	0.832023
0.286947	0.580588	0.769471
0.594986	0.524798	0.620724
0.210743	0.902723	0.383161
0.752709	0.0438247	0.661371
0.46853	0.849005	0.288106
0.558898	0.832817	0.00522321
0.904784	0.425257	0.11992
0.946111	0.0648876	0.333006
0.588813	0.276748	0.773887
0.915654	0.415297	0.00862569
0.715249	0.449212	0.537898
0.833657	0.0485377	0.558074
0.274396	0.195354	0.952176
0.445229	0.897285	0.0618248
0.507642	0.733913	0.479048
0.568231	0.809315	0.178418
0.974203	0.0223771	0.255995
0.78268	0.34683	0.520688
0.408309	0.512962	0.757461
0.279603	0.96768	0.0736482
0.0867872	0.301104	0.953647
0.86705	0.353861	0.403576
0.621445	0.256618	0.75909
0.487178	0.130147	0.876951
0.636844	0.5464	0.573222
0.498703	0.311765	0.850362
0.162411	0.966362	0.250812
0.0718184	0.665471	0.749304
0.46465	0.583744	0.669471
0.160389	0.401956	0.911282
0.928025	0.00817732	0.379687
0.494866	0.734473	0.475038
0.274549	0.430286	0.878311
0.863053	0.243905	0.455195
0.261101	0.904396	0.355139
0.628601	0.729483	0.316758
0.746302	0.638808	0.217782
0.283158	0.61796	0.74261
0.377174	0.295142	0.887851
0.822361	0.228219	0.528286
0.836715	0.46426	0.295713
0.0928638	0.538659	0.84213
0.509383	0.0847023	0.86443
0.746741	0.656289	0.117197
0.0998565	0.516581	0.863281
0.144641	0.769229	0.628258
0.88585	0.416358	0.235798
0.339362	0.140135	0.932818
0.649065	0.401587	0.678765
0.317639	0.612287	0.740746
0.322766	0.957874	0.0156302
0.772816	0.659984	0.0424265
0.766846	0.600063	0.270381
0.301475	0.185978	0.93605
0.0811289	0.636059	0.771414
0.811015	0.409822	0.42759
