0.0054126	1.00425	3.69552e-06
1.00637	0.000114125	3.7033e-06
6.12467e-17	7.15628e-31	1.00023
3.75176e-33	6.12709e-17	1.00063
0.694531	0.719517	8.72001e-17
2.83468e-17	5.50393e-17	1.01107
0.452939	0.841672	0.320503
0.0434457	0.791433	0.624501
0.532023	0.818531	0.309321
0.266846	0.846239	0.4629
0.772703	0.0982534	0.632297
0.656354	0.0079068	0.764294
0.293892	0.319273	0.903703
0.897217	0.437807	0.111819
0.31542	0.413419	0.855998
0.670048	0.740365	0.0792161
0.182237	0.579306	0.801117
0.681769	0.706296	0.195106
0.0620843	0.748208	0.684493
0.998873	0.0891954	0.0405102
0.874926	0.489604	0.0681374
0.068808	0.514477	0.859115
0.491968	0.553684	0.67528
0.484865	0.472063	0.744877
0.438378	0.886383	0.176649
0.434294	0.588839	0.702935
0.0846451	0.554145	0.83345
0.968608	0.177293	0.226382
0.986152	0.108609	0.137064
0.861666	0.189937	0.484768
0.0543828	0.689208	0.72919
0.778802	0.0485573	0.633425
0.61308	0.676213	0.422094
0.919538	0.307552	0.273046
0.987998	0.142178	0.0991093
0.797502	0.205796	0.613215
0.327041	0.102862	0.940591
0.579307	0.563729	0.591875
0.59628	0.802319	0.0936525
0.541843	0.80985	0.24009
0.94856	0.272255	0.180879
0.143439	0.949331	0.286498
0.644429	0.662346	0.391674
0.560098	0.367192	0.74831
0.301637	0.368459	0.889649
0.114406	0.803083	0.586732
0.760672	0.0539735	0.655031
0.856829	0.157414	0.499189
0.600234	0.183848	0.786118
0.38654	0.906093	0.246253
0.397269	0.140532	0.911455
0.0226244	0.497411	0.871454
0.402147	0.865208	0.339582
0.247172	0.771544	0.600748
0.524258	0.702057	0.486196
0.454315	0.696055	0.558088
0.262089	0.831153	0.498337
0.456564	0.836992	0.309746
0.200461	0.231087	0.953933
0.516179	0.537341	0.678359
0.223197	0.980719	0.0735229
0.887988	0.229619	0.403195
0.141811	0.544222	0.837584
0.365309	0.445462	0.819592
0.424567	0.765717	0.491096
0.975317	0.23414	0.128255
0.0343493	0.241119	0.970857
0.846866	0.479248	0.235662
0.955961	0.0169021	0.333336
0.55899	0.606479	0.581523
0.151319	0.5744	0.809526
0.881126	0.414162	0.274767
0.706651	0.603282	0.378801
0.461541	0.21176	0.867026
0.991277	0.00159374	0.147758
0.626931	0.63635	0.451767
0.785714	0.383398	0.49481
0.0782184	0.942648	0.383291
0.460019	0.614646	0.643577
0.714631	0.226774	0.664307
0.274461	0.297027	0.915298
0.359495	0.77858	0.531546
0.0452591	0.959245	0.285241
0.230914	0.626708	0.76063
0.904846	0.44935	0.00590468
0.869939	0.424496	0.298434
0.585382	0.383768	0.719232
0.245375	0.257931	0.935416
0.933166	0.0662964	0.360701
0.174383	0.916014	0.379468
0.279535	0.0934942	0.961602
0.5001	0.519675	0.695981
0.850308	0.123002	0.517865
0.337635	0.625228	0.715121
0.346515	0.460104	0.819446
0.119622	0.925438	0.366465
0.977778	0.213954	0.136242
0.122994	0.452895	0.884455
0.411124	0.549333	0.731427
0.498809	0.861061	0.152044
0.700767	0.314613	0.659813
0.912473	0.38862	0.21433
1.0063	0.0242954	0.0278399
0.1699	0.343496	0.926154
0.735874	0.403534	0.555289
0.392233	0.746914	0.540641
0.676196	0.616983	0.433399
0.285306	0.308764	0.907871
0.103295	0.676668	0.737502
0.724519	0.33362	0.609588
0.0885293	0.146882	0.993485
0.254343	0.71143	0.657607
0.365923	0.444086	0.818634
0.278607	0.41677	0.878051
0.0230201	0.506111	0.86439
0.811592	0.35804	0.468262
0.812714	0.339637	0.477809
0.096836	0.492907	0.879823
0.173311	0.910383	0.38508
0.649058	0.672408	0.355972
0.607876	0.0352781	0.809484
0.237454	0.249605	0.945911
0.935876	0.0809161	0.347865
0.333859	0.937078	0.121682
0.242245	0.727306	0.660368
0.356094	0.920969	0.253901
0.046168	0.550739	0.843045
0.302333	0.932143	0.293668
0.349652	0.628395	0.704685
0.595758	0.206266	0.789495
0.320008	0.122225	0.94729
0.303347	0.939439	0.213339
0.145912	0.99696	0.0200933
0.0898483	0.150988	0.986777
0.22736	0.959334	0.173686
0.260321	0.972504	3.70465e-06
0.00774293	0.763024	0.657333
0.0190728	0.658329	0.76686
0.133188	0.850949	0.52616
0.50427	0.524008	0.694396
0.952027	0.273251	0.163254
0.841822	0.168974	0.532641
0.109447	0.196615	0.98219
0.721528	0.454666	0.550112
0.693951	0.60025	0.413735
0.408058	0.180939	0.904515
0.689165	0.66503	0.304569
0.807315	0.370404	0.468881
0.229181	0.594143	0.797456
0.619431	0.682273	0.403762
0.647906	0.744681	0.198802
0.163474	0.977757	0.141708
0.906261	0.264877	0.338679
0.375183	0.13272	0.920494
0.557219	0.739878	0.433145
0.568218	0.785272	0.305543
0.900078	0.398568	0.204889
0.655342	0.63733	0.40679
0.374256	0.325677	0.868698
0.830054	0.0581016	0.567991
0.420894	0.904396	0.215574
0.472847	0.721426	0.513054
0.014286	0.99959	0.122284
0.193981	0.356562	0.922576
0.438233	0.87572	0.231039
0.960539	0.163228	0.257847
0.320668	0.350258	0.887217
0.184393	0.989881	0.0200799
0.636123	0.299917	0.724951
0.537506	0.0714568	0.841928
0.157248	0.977169	0.153925
0.791748	0.225983	0.573891
0.0261556	0.171233	0.98677
0.897749	0.397537	0.208459
0.750756	0.434264	0.506796
0.189436	0.970167	0.161783
0.832457	0.185941	0.539027
0.637877	0.655612	0.41495
0.799996	0.219677	0.565157
0.82743	0.512	0.235653
0.571088	0.278669	0.775077
0.130314	0.684524	0.717982
0.650454	0.703934	0.332785
0.575869	0.14891	0.805714
0.215137	0.220746	0.953194
0.651518	0.669633	0.366915
0.434719	0.868699	0.263543
0.567797	0.679646	0.469985
0.329781	0.0882162	0.948735
0.734865	0.411227	0.54739
0.160504	0.98716	0.13817
0.697208	0.0623493	0.720125
0.419046	0.568164	0.711731
0.710249	0.0443945	0.70922
0.28195	0.12983	0.952574
0.81802	0.341854	0.476904
0.849589	0.376211	0.378808
0.36993	0.898352	0.26358
0.756169	0.0675229	0.652105
1.012	0.0770497	5.15932e-06
5.86276e-17	2.02943e-17	1.0132
6.14214e-17	1.00309	5.55152e-07
0.404006	0.914789	3.26997e-17
0.967739	0.123811	0.222854
0.528507	0.82734	0.283457
0.15622	0.0309404	0.994713
0.829553	0.547488	0.114465
0.954105	0.281901	0.122647
0.0408085	0.961384	0.276992
0.542723	0.799677	0.416001
0.0742613	0.96853	0.24997
0.306988	0.840495	0.497187
0.414563	0.91336	0.13406
0.92051	0.114825	0.379594
0.386443	0.430984	0.818641
0.99917	0.0380757	0.0342088
0.0834596	0.274585	0.964486
0.200073	0.689942	0.707357
0.165336	0.893313	0.444754
0.810643	0.507752	0.293722
0.635951	0.755732	0.192647
0.141245	0.447045	0.899563
0.894007	0.153039	0.422525
0.274952	0.943907	0.187756
0.115002	0.842449	0.527083
0.172186	0.876034	0.45305
0.484194	0.693196	0.542141
0.925628	0.28797	0.268943
0.337383	0.717265	0.614161
1.00769	0.0168244	0.000951461
0.577049	0.716112	0.395866
0.665362	0.641953	0.402996
0.491017	0.849314	0.20604
0.148719	0.0965683	0.986183
0.255242	0.968978	0.0480276
0.0670546	0.261663	0.968575
0.496161	0.830808	0.262254
0.322079	0.705163	0.634408
0.934974	0.339324	0.150184
0.652377	0.724854	0.244387
0.270166	0.529628	0.806647
0.25173	0.348998	0.913442
0.940455	0.341313	0.0741377
0.761217	0.573708	0.345687
0.877534	0.143844	0.486053
0.436655	0.271454	0.861597
0.590968	0.664176	0.463251
0.975307	0.222634	0.0947235
0.179337	0.780295	0.617905
0.62344	0.781696	0.0428956
0.0175018	0.76076	0.673077
0.882425	0.489522	0.0599265
0.213979	0.494648	0.846263
0.267322	0.342896	0.92294
0.122665	0.320183	0.941263
0.0140215	0.820076	0.597565
0.144889	0.985991	0.087832
0.226875	0.192214	0.959695
0.992307	2.35536e-16	0.13063
0.637978	0.234687	0.740921
0.565668	0.611639	0.567132
0.687463	0.453712	0.567868
0.292169	0.73131	0.641378
0.0182391	0.792809	0.626851
0.907255	0.238616	0.368661
0.806708	0.541506	0.260755
0.676152	0.56315	0.49834
0.701521	0.133828	0.711629
0.943196	0.235286	0.308311
0.508538	0.858958	0.080107
0.298175	0.93795	0.253687
0.189471	0.376965	0.90943
0.51357	0.392273	0.764492
0.019898	0.86492	0.522046
0.39879	0.449785	0.800397
0.455864	0.249048	0.870485
0.461937	0.267205	0.862778
0.207605	0.701527	0.682799
0.93361	0.106172	0.353019
0.426314	0.0889974	0.924466
0.606919	0.199877	0.783379
0.64609	0.650523	0.406216
0.873106	0.491475	0.0223527
0.331646	0.94735	0.17082
0.629924	0.748569	0.262565
0.985277	0.174971	0.0331158
0.629907	0.712845	0.319255
0.468086	0.637984	0.648928
0.0513247	0.989236	0.172633
0.6952	0.16394	0.701469
0.0446084	0.892498	0.461433
0.309168	0.957965	0.00590114
0.802415	0.392966	0.479842
0.103339	0.975576	0.206039
0.00927571	0.542508	0.852063
0.348972	0.787913	0.516072
0.7334	0.613891	0.347877
0.0550754	0.803437	0.593734
0.461617	0.509979	0.748934
0.478738	0.39521	0.789132
0.94893	0.313756	0.0522807
0.554716	0.0545901	0.8309
0.958137	0.283092	0.0819295
0.232136	0.905847	0.383962
0.250643	0.594149	0.773903
0.44586	0.0826881	0.896844
0.242433	0.601856	0.778699
0.819603	0.0267431	0.620563
0.856682	0.37291	0.395427
0.410461	0.462949	0.786485
0.00381772	0.923275	0.404873
0.343883	0.190001	0.931869
0.56089	0.203297	0.810401
0.252215	0.358552	0.903951
0.351632	0.847392	0.426534
0.773031	0.386992	0.509967
0.746065	0.326297	0.58729
0.863404	0.327574	0.389336
0.552939	0.662457	0.516768
0.986599	0.150907	0.102586
0.602242	0.654813	0.463573
0.855163	0.0651088	0.544345
0.876983	0.43615	0.205894
0.310877	0.507154	0.823383
0.271783	0.532798	0.803625
0.749305	0.455631	0.549363
0.285713	0.396111	0.88374
0.628042	0.770832	0.153159
0.03586	0.988336	0.174516
0.0618465	0.0601137	0.997353
0.359126	0.502504	0.794209
0.909461	0.179399	0.377155
0.468503	0.499168	0.74536
0.668815	0.332124	0.670515
0.288995	0.165661	0.947256
0.263665	0.516884	0.817089
0.782251	0.297578	0.555744
0.54605	0.477146	0.717091
0.328334	0.826863	0.50384
0.0248638	0.939412	0.353097
0.149012	0.929823	0.35853
0.680794	0.736121	0.1095
0.833776	0.608417	0.0154811
0.884198	0.168979	0.436912
0.126145	0.682802	0.730914
0.186468	0.378785	0.910058
0.792839	0.399544	0.482044
0.35879	0.88612	0.312606
0.97877	0.22082	0.00720652
0.72639	0.00227802	0.689952
0.643408	0.236685	0.732743
0.908863	0.181993	0.377122
0.523906	0.40717	0.754294
0.01863	0.809804	0.604833
0.131612	0.287819	0.954884
0.314201	0.687913	0.656303
0.767805	0.271765	0.587423
0.717351	0.00199161	0.699715
0.374217	0.929427	3.2762e-17
0.712498	0.00462269	0.703335
0.901005	0.210808	0.395769
0.624338	0.765578	0.160848
0.0938012	0.367893	0.929028
0.427001	0.145973	0.895788
0.0574535	0.217639	0.977048
0.246071	0.884828	0.397615
0.31219	0.740049	0.599647
0.171139	0.925858	0.358475
0.557306	0.0163717	0.831124
0.707571	0.472296	0.529887
0.0949488	0.726151	0.683481
0.105017	0.902016	0.44457
0.230738	0.85334	0.473148
0.370719	0.733686	0.572491
0.681794	0.715685	0.162909
0.418888	0.674518	0.632223
0.454466	0.157258	0.878213
0.777311	0.626476	0.0837361
0.654839	0.129787	0.756973
0.371581	0.414409	0.835818
0.793942	0.482774	0.39941
0.721514	0.665737	0.204574
0.363485	0.495399	0.791208
0.244706	0.905	0.367979
0.851426	0.383165	0.381104
0.22503	0.871657	0.440716
0.175337	0.948042	0.328119
0.417541	0.63916	0.689986
0.867632	0.158941	0.472587
0.403044	0.90023	0.19238
0.736615	0.63625	0.23912
0.754129	0.257892	0.608108
0.64735	0.238135	0.726077
0.143819	0.635735	0.769159
0.710909	0.123267	0.716809
2.46197e-17	5.78043e-17	1.02607
7.57513e-08	1.00245	0
3.09614e-32	6.12707e-17	1.00063
1.00235	1.60469e-13	0.0146359
0.110654	0.881706	0.459404
0.93107	0.13181	0.374137
0.19823	0.744755	0.640483
0.455134	0.477104	0.755399
0.0144631	0.249064	0.969763
0.078626	0.218542	0.974035
0.235972	0.0133658	0.979235
0.707461	0.588556	0.427966
0.805459	0.602461	0.116807
0.661087	0.748206	0.152594
0.597349	0.55932	0.585146
0.296953	0.232842	0.937603
0.523476	0.321544	0.80247
0.344154	0.941045	0.0060298
0.160479	0.887184	0.439753
0.613602	0.721692	0.329158
0.516259	0.336376	0.804863
0.800214	0.0453254	0.613358
0.460751	0.726862	0.545398
0.856463	0.523415	0.0484916
0.571681	0.823639	0.0609719
0.7881	0.00715352	0.62567
0.0392335	0.9954	0.0956703
0.895199	0.429813	0.196487
6.38409e-08	0.844832	0.572238
0.689597	0.0835832	0.742286
0.785348	0.356118	0.529802
0.562338	0.836275	0.0320995
0.211488	0.0968724	0.975558
0.734888	0.544847	0.43937
0.0930925	0.46375	0.88728
0.836758	0.454713	0.361352
0.75615	0.651503	0.0943567
0.155074	0.857307	0.496483
0.307752	0.377697	0.880123
0.547079	0.797401	0.293444
0.811636	0.109978	0.59144
0.997157	0.112779	0.0293242
0.950866	0.297347	0.158068
0.352373	0.497153	0.7943
0.897989	0.305784	0.346739
0.734039	0.628648	0.264382
0.283758	0.810567	0.518838
0.289801	0.36797	0.892973
0.582842	0.816377	0.129819
0.828679	0.491033	0.274111
0.139067	0.681715	0.731747
0.4425	0.659966	0.608536
0.150112	0.919287	0.389555
0.116219	0.51036	0.858109
0.893273	0.340387	0.33915
0.0893637	0.971994	0.249335
0.702603	0.715091	0.0684176
0.487526	0.078281	0.873006
0.671603	0.584357	0.460239
0.426576	0.910563	0.0420245
0.55365	0.410477	0.738668
0.435943	0.344208	0.836855
0.509395	0.732824	0.499772
0.502485	0.829209	0.25392
0.937155	0.00182234	0.357076
0.694215	0.531425	0.52064
0.249519	0.20133	0.959397
0.119809	0.919828	0.383062
0.945941	0.16202	0.283929
0.385971	0.905803	0.225963
0.681147	0.380968	0.638112
0.149099	0.182059	0.985047
0.736748	0.14702	0.663779
0.791456	0.275273	0.549886
0.0655847	0.352356	0.940201
0.923396	0.139262	0.36568
0.685375	0.290131	0.672942
0.973958	0.10084	0.223361
0.422749	0.250235	0.871683
0.775586	0.612379	0.171956
0.268472	0.7669	0.599106
0.326813	0.182494	0.931907
0.314428	0.00588418	0.954015
0.359803	0.930666	0.105458
0.260737	0.959585	0.125723
0.228949	0.945992	0.254481
0.386247	0.79122	0.506135
0.0972332	0.980216	0.1853
0.00366608	0.617904	0.791623
0.246622	0.198993	0.965684
0.391145	0.481856	0.787157
0.242847	0.361271	0.907892
4.60959e-17	4.13228e-17	1.01101
0.522145	0.172614	0.84492
0.103424	0.987318	0.142566
0.399037	0.779176	0.483785
0.413985	0.613138	0.681085
0.747134	0.270629	0.649714
0.76985	0.634805	0.0870031
0.868972	0.41722	0.31013
0.643013	0.735102	0.25746
0.0559821	0.571019	0.822127
0.453612	0.671828	0.594328
0.871321	0.418348	0.303645
0.788325	0.607892	0.111165
0.330946	0.893132	0.319119
0.488779	0.385925	0.785229
0.474938	0.49579	0.728818
0.247376	0.687633	0.692703
0.163653	0.711002	0.687349
0.65313	0.0436938	0.770729
0.145599	0.699437	0.70094
0.903635	0.403068	0.214931
0.96397	0.166964	0.228214
0.18312	0.900039	0.406547
0.933805	0.0111978	0.380621
0.167258	0.484846	0.86471
0.0257481	0.0382789	0.999885
0.365694	0.536912	0.767529
0.133985	0.907326	0.408389
0.302753	0.954865	0.0751984
0.796261	0.263234	0.547012
0.822254	0.257219	0.511297
0.782834	0.623261	0.130736
0.000246309	0.0678427	0.998879
0.698822	0.285462	0.683023
0.459237	0.757475	0.467046
0.586665	0.804845	0.136184
0.0358545	0.596958	0.808915
0.254995	0.408357	0.888524
0.786221	0.609738	0.166131
0.540656	0.78804	0.324983
0.0281825	0.998348	0.064967
0.984864	0.0876711	0.183014
0.222579	0.681462	0.706068
0.880703	0.0827748	0.489021
0.847546	0.149732	0.545448
0.404583	0.0418892	0.918312
0.915317	0.0527867	0.421027
0.626812	0.0648981	0.77999
0.760708	0.64222	0.173236
0.295774	0.441131	0.849396
0.0528149	0.491778	0.872333
0.858897	0.119563	0.517452
0.586138	0.501982	0.639415
0.272205	0.209129	0.948915
0.119112	0.705996	0.713377
0.497488	0.39361	0.775892
0.880538	0.494852	0.0147485
0.879813	0.401508	0.286113
0.328681	0.460377	0.82797
0.259833	0.777621	0.578155
0.543276	0.430816	0.722759
0.906897	0.355772	0.242346
0.948037	0.141571	0.290758
0.324301	0.862627	0.400027
0.178782	0.891541	0.418333
0.5588	0.449558	0.699982
0.0833386	0.594737	0.80377
0.306889	0.241143	0.922737
0.530879	0.876066	0.00187898
0.27015	0.771695	0.59602
0.64996	0.0578585	0.774533
0.00581895	0.980762	0.225084
0.398032	0.777214	0.490441
0.264029	0.78855	0.557706
0.18247	0.896844	0.410731
0.634572	0.513927	0.583895
0.81346	0.579556	0.066726
0.666347	0.241934	0.718402
0.32403	0.861907	0.400781
0.0807611	0.576343	0.816457
0.438167	0.099982	0.899195
0.671526	0.395669	0.637275
0.715508	0.567395	0.423096
0.340612	0.135926	0.947074
0.61856	0.063461	0.784304
0.398226	0.158918	0.921226
0.605094	0.0334807	0.812439
0.726533	0.701489	0.0734624
0.0945374	0.95304	0.299937
0.577024	0.808227	0.132718
0.532172	0.237377	0.82853
0.341211	0.929253	0.177523
0.607374	0.764784	0.233271
0.850171	0.260094	0.48176
0.667225	0.372668	0.650316
0.911812	0.3577	0.23676
0.188655	0.985033	0.0788598
0.629537	0.18638	0.755988
0.265985	0.680336	0.692425
0.839497	0.0738135	0.564031
0.95728	0.0929418	0.27792
0.24479	0.660614	0.713944
0.637466	0.737927	0.245008
0.274286	0.959421	0.0943684
0.135652	0.737156	0.665434
1.02613	3.32038e-17	0.0773964
2.39106e-17	5.77603e-17	1.02093
0.0015375	1.00659	0.000125585
0.481843	0.883606	0
6.12513e-17	1.98198e-33	1.00031
0.682948	0.489971	0.573283
0.565928	0.40369	0.721764
0.009114	0.973665	0.246329
0.08144	0.641669	0.77538
0.348826	0.251398	0.905943
0.448155	0.188379	0.874883
0.431621	0.152808	0.894629
0.691166	0.698833	0.192854
0.85183	0.460366	0.263769
0.369113	0.369264	0.854603
0.108529	0.661072	0.74551
0.891129	0.416858	0.187149
0.538852	0.0801514	0.848113
0.953217	0.233536	0.199779
0.878903	0.481391	0.0431054
0.315203	0.706949	0.640824
0.62005	0.375937	0.690046
0.579718	0.58653	0.567385
0.982005	0.161285	0.149679
0.985741	0.0942776	0.153533
0.644709	0.237391	0.731626
0.628506	0.747045	0.235267
0.463689	0.59903	0.655307
0.293412	0.293531	0.910458
0.87404	0.42276	0.285939
0.786609	0.522284	0.339508
0.841888	0.407266	0.419734
0.520433	0.777662	0.359881
0.704682	0.468258	0.535095
0.649682	0.386059	0.663803
0.230452	0.136941	0.970661
0.187849	0.745061	0.660713
0.0681356	0.756836	0.659003
0.493794	0.314506	0.840226
0.469735	0.241291	0.872209
1.01056	3.26999e-17	0.108946
0.00306275	0.912248	0.426475
0.714881	0.530113	0.463198
0.0890854	0.99896	0.0194422
0.437505	0.782955	0.452735
0.13475	0.930203	0.372139
0.158661	0.608689	0.783588
0.173089	0.960291	0.222589
0.149329	0.964903	0.222731
0.258924	0.0684982	0.964139
0.170078	0.786709	0.608998
1.00036	0.0400324	0.0699971
0.39374	0.156597	0.92248
0.750678	0.244358	0.615532
0.806713	0.304062	0.513154
0.000687802	0.988235	0.165622
0.753325	0.220292	0.621611
0.138719	0.868615	0.479569
0.588062	0.766795	0.281854
0.0179618	1.0024	0.0594226
0.00909905	0.972067	0.249404
0.125501	0.36067	0.94048
0.545174	0.849382	0.089626
0.800584	0.578087	0.191903
0.0372567	0.832772	0.562849
0.0438526	0.633927	0.78643
0.059204	0.663885	0.75099
0.537945	0.815723	0.235476
0.213021	0.476846	0.861972
0.193905	0.934192	0.305854
0.212814	0.151805	0.977776
0.723821	0.512617	0.473158
0.0268941	0.908823	0.438262
0.635851	0.77111	0.101909
0.0297925	0.677453	0.762608
0.60655	0.735576	0.317515
0.919151	0.0152367	0.405105
0.835646	2.704e-17	0.5525
0.969987	0.204854	0.153711
0.831008	0.0239313	0.565769
0.270663	0.908433	0.334274
0.376954	0.109523	0.927078
0.514543	0.0486212	0.861258
0.041161	0.920042	0.394657
0.280167	0.938338	0.207669
0.123855	0.123628	0.984759
0.675314	0.374163	0.647843
0.217894	0.680667	0.705006
0.928233	0.00756935	0.388615
0.611492	0.286047	0.73792
0.8045	0.263676	0.549235
0.559665	0.153962	0.827769
0.865215	0.436946	0.289201
0.86197	0.435307	0.29371
0.849243	0.0738255	0.527747
0.507378	0.857691	0.103813
0.317332	0.16942	0.93556
0.177111	0.00144426	0.99594
0.353769	0.692977	0.630169
0.762702	0.258489	0.598995
0.147826	0.389029	0.912952
0.499735	0.31829	0.818026
0.946795	0.322305	0.0909073
0.596426	0.775714	0.275357
0.772716	0.0434179	0.636712
0.93399	0.340463	0.12102
0.557595	0.455779	0.697268
0.387202	0.102161	0.945759
0.0726347	0.81635	0.58015
0.429076	0.738823	0.521885
0.226098	0.228755	0.94794
0.743455	0.500569	0.449275
0.202584	0.453484	0.88165
0.871796	0.0757862	0.489835
0.235945	0.661779	0.733381
0.512402	0.276916	0.818565
0.286993	0.209726	0.935826
0.824404	0.563753	0.0838782
9.38022e-12	0.550835	0.835176
0.206909	0.218519	0.957836
0.301673	0.68716	0.669783
0.33608	0.890858	0.327522
0.633813	0.694875	0.349342
0.769169	0.517214	0.416498
0.379572	0.105134	0.930197
0.328443	0.798012	0.517302
0.530837	0.0479215	0.851041
0.81925	0.413789	0.410856
0.988316	0.198847	0.0105182
0.362839	0.928896	0.13854
0.525736	0.867728	0.0158413
0.10369	0.0285247	0.997682
0.923239	0.330433	0.215425
0.661832	0.483647	0.576038
0.917812	0.399446	0.0291034
0.997573	0.0774584	0.155136
0.245252	0.899375	0.375786
0.663378	0.731557	0.171663
0.198983	0.502763	0.851374
0.715268	0.5304	0.461845
0.0499681	0.00434378	0.999846
0.173934	0.822825	0.544887
0.441663	0.213571	0.881579
0.193277	0.852254	0.493859
0.731793	0.621888	0.296975
0.829774	0.443541	0.364743
0.597861	0.0340044	0.803497
0.383312	0.652752	0.677102
0.408177	0.547614	0.750858
0.697483	0.5097	0.507431
0.703517	0.472256	0.539223
0.319535	0.948924	0.0321479
0.273579	0.158855	0.952481
0.758722	0.260489	0.60127
0.345249	0.791097	0.517418
2.04338e-17	5.806e-17	1.0052
0.900934	0.181259	0.44297
0.902759	0.338483	0.284334
0.121467	0.592287	0.809034
0.118039	0.718999	0.695067
0.828901	0.55545	0.08473
0.872276	0.0355189	0.498011
0.32137	0.578266	0.754498
0.120959	0.925227	0.379778
0.602513	0.81018	0.0450629
0.301877	0.677063	0.67913
0.856732	0.445792	0.27893
0.920961	0.335044	0.213771
0.856353	0.519208	0.0651361
0.718163	0.514464	0.471208
0.620887	0.713008	0.351176
0.749186	0.537493	0.400253
0.476857	0.345057	0.815486
0.548719	0.85781	0.0497253
0.961722	0.215641	0.182803
0.26749	0.942616	0.207788
0.896338	0.313206	0.321229
0.473671	0.762581	0.444321
0.00752914	0.804352	0.598305
0.656138	0.557595	0.519433
0.914903	0.39818	0.181604
0.0775782	0.992528	0.144649
0.220059	0.0101008	0.985484
0.551267	0.837381	0.00736549
0.0357607	0.604041	0.809683
0.0348456	0.194415	0.99237
0.00430533	0.996344	0.115887
0.330123	0.875068	0.373619
0.421164	0.852017	0.377
0.511616	0.871244	0.014538
0.385266	0.656079	0.673325
0.266394	0.894107	0.36265
0.281717	0.884302	0.37896
0.669795	0.5652	0.490188
0.309289	0.912078	0.297964
0.101135	0.599267	0.796053
0.0984582	0.648565	0.760245
4.76682e-17	4.21599e-17	1.03928
0.295928	0.955272	8.64141e-17
6.12463e-17	3.85658e-33	1.00023
3.87887e-30	6.12351e-17	1.00004
0.104012	0.415264	0.920801
0.593058	0.1843	0.805075
0.447561	0.165372	0.892787
0.386362	0.903524	0.212855
0.269385	0.33756	0.90977
0.503934	0.0279595	0.869578
0.570889	0.051321	0.822552
0.69241	0.217266	0.690336
0.393144	0.780468	0.495336
0.225571	0.864235	0.474199
0.744838	0.448117	0.502273
0.247803	0.489552	0.83854
0.565346	0.79161	0.244191
5.86276e-17	2.02943e-17	1.0132
0.325797	0.0736189	0.949655
0.0948848	0.938398	0.349052
0.957962	0.275986	0.124611
0.125449	0.649377	0.754672
0.0309772	0.158952	0.987304
0.428779	0.706463	0.564827
0.162959	0.914964	0.380034
0.236782	0.858242	0.457731
0.145425	0.537255	0.851139
0.185679	0.965243	0.190106
0.455454	0.238739	0.85909
0.849774	0.435908	0.29912
0.586188	0.739808	0.337381
0.832409	0.314241	0.517352
0.0688919	0.281056	0.958161
0.0544854	0.464155	0.884819
0.947785	0.319	0.0414963
0.372712	0.696484	0.620137
0.0801388	0.686845	0.725469
0.209808	0.73007	0.654552
0.716735	0.693036	0.103244
0.775758	0.307059	0.557618
0.936368	0.296517	0.207696
0.626762	0.539172	0.571444
0.0207209	0.364806	0.937345
0.32038	0.145952	0.939418
0.0461484	0.748731	0.671663
0.915457	0.092292	0.393571
0.95959	0.296031	0.0268553
0.4399	0.898282	0.0422502
0.489861	0.554454	0.675768
0.153507	0.989906	0.012426
0.884221	0.328728	0.421812
0.826619	0.497792	0.268742
0.879137	0.198507	0.441419
0.547792	0.777931	0.320546
0.700554	0.225465	0.686007
0.405752	0.845988	0.355657
0.29454	0.138933	0.953634
0.907586	0.357528	0.232827
0.666682	0.251904	0.720737
0.548748	0.772012	0.323951
0.206681	0.720535	0.664415
0.165989	0.226898	0.96243
0.32793	0.933115	0.198406
0.0380717	0.205754	0.98219
0.160084	0.884096	0.450311
0.742633	0.656818	0.16516
0.0661319	0.266098	0.965744
0.498474	0.793803	0.373774
0.535701	0.843832	0.170339
0.316131	0.548562	0.78159
0.872959	0.000803962	0.515868
0.0176285	0.808827	0.59107
0.879182	0.393467	0.277814
0.294821	0.961632	0.0399266
0.308198	0.935927	0.19689
0.618156	0.116488	0.778732
0.974519	0.293144	0.0928515
0.735278	0.0062861	0.681825
0.837463	0.514285	0.22591
0.644465	0.729444	0.234939
0.68182	0.386458	0.634414
0.633293	0.0349388	0.793025
0.966889	0.0131983	0.264896
0.765982	0.257208	0.597994
0.513909	0.196405	0.84131
0.725251	0.685601	0.156645
0.858704	0.518694	0.0644678
0.03708	0.981764	0.223903
0.216468	0.575918	0.795689
0.654904	0.213828	0.741633
0.174237	0.506624	0.845317
0.233411	0.664165	0.73169
0.676023	0.527134	0.52535
0.0200555	0.991184	0.177381
0.846662	0.00379497	0.553872
0.783939	0.47209	0.410706
0.991715	0.105994	0.101198
0.506767	0.636645	0.58341
0.965332	0.0651019	0.264503
0.207676	0.724005	0.661979
0.0245656	0.998389	0.0786738
0.796028	0.605008	0.0532056
0.552301	0.819575	0.176829
1.0099	0.127381	4.42446e-05
0.113869	0.667275	0.74546
0.529042	0.799196	0.292236
0.98247	0.0383443	0.207912
0.681366	0.0559042	0.770127
0.862611	0.233832	0.456174
0.162682	0.0163319	0.996798
0.817358	0.477792	0.362382
0.513733	0.82224	0.253504
0.577169	0.609865	0.581032
0.401515	0.752024	0.529926
0.701671	0.567593	0.438585
0.901281	0.387671	0.231787
0.728114	0.254862	0.651646
0.755882	0.653813	0.101764
0.380339	0.70974	0.605899
0.982228	0.25611	0.110154
0.525851	0.803307	0.292748
0.135975	0.716633	0.695418
0.506226	0.4112	0.785961
0.991819	0.0445496	0.134851
0.494199	0.620856	0.609841
0.234469	0.140108	0.971458
0.253418	0.92426	0.33023
0.611593	0.371654	0.698909
0.079465	0.613028	0.796594
0.479431	0.346295	0.810126
0.568037	0.527585	0.640323
0.773323	0.471903	0.435756
0.365283	0.640941	0.67731
0.80778	0.260507	0.534186
0.46368	0.883093	0.135477
0.995562	0.153631	0.00588919
0.709336	0.559476	0.439034
0.182497	0.986287	0.049041
0.133367	0.493858	0.8599
0.44929	0.235508	0.873996
0.671599	0.245974	0.704043
0.59577	0.743177	0.309081
0.732039	0.57395	0.398644
0.355073	0.680815	0.642417
0.255921	0.483918	0.839567
0.805821	0.45587	0.389699
0.872347	0.495213	0.0738267
0.0127851	0.876585	0.488506
0.159331	0.894591	0.421247
0.669335	0.252907	0.704334
0.944706	0.339337	0.0937568
0.558928	0.829872	0.04669
0.821833	0.57376	0.0842184
0.0743446	0.214092	0.976301
0.785715	0.546568	0.299768
0.602607	0.113558	0.791239
0.998215	0.0786171	0.0402539
0.420365	0.839682	0.355948
0.638885	0.243895	0.743531
0.00839181	0.421231	0.915512
0.93054	0.151855	0.342208
0.680138	0.631704	0.40664
0.749368	0.456535	0.48456
0.840619	0.465944	0.284385
0.350965	0.695642	0.630718
0.666869	0.377455	0.644272
0.866085	0.489963	0.127623
0.84123	0.113774	0.546436
0.423563	0.8357	0.41395
0.132814	0.876975	0.482639
0.636871	0.264261	0.749689
0.338197	0.582745	0.746465
0.263423	0.644668	0.723817
0.919697	0.404696	0.133014
0.464282	0.424919	0.784554
0.606848	0.346713	0.73056
0.886682	0.395575	0.258235
0.580536	0.350301	0.737287
0.784785	0.130653	0.614068
0.491054	0.616906	0.617854
0.344464	0.624828	0.704228
0.365009	0.868759	0.390417
0.378605	0.178476	0.913026
0.00504614	0.214636	0.982474
0.942092	0.0976373	0.330678
1.00217	0.095591	0.000476754
0.615269	0.594925	0.528956
0.597506	0.559248	0.5757
0.363108	0.678034	0.643501
0.867649	0.118955	0.487997
2.07771e-31	6.12552e-17	1.00037
5.32168e-17	3.13925e-17	1.00904
0.695095	0.741311	0
0.209296	0.771947	0.616401
0.613828	0.569971	0.607663
0.391077	0.487475	0.788183
0.213601	0.749259	0.629394
0.960138	0.115182	0.289037
0.439885	0.255581	0.86779
0.800836	0.459867	0.390224
0.135826	0.358	0.925874
0.0182297	0.850037	0.53719
0.648323	0.237866	0.734575
0.642102	0.398864	0.657471
0.950054	0.0483595	0.32989
0.0972435	0.985024	0.167287
0.669553	0.447867	0.59828
0.633756	0.76396	0.197625
0.173887	0.638197	0.7521
0.325904	0.525819	0.795574
0.229472	0.200286	0.95984
0.0489035	0.822399	0.570455
0.0870509	0.881779	0.483604
0.412592	0.83507	0.377243
0.423047	0.345103	0.840336
0.00987399	0.146622	0.992754
0.486998	0.651825	0.58219
0.284238	0.760694	0.593223
0.130749	0.150763	0.98648
0.831886	0.523621	0.205131
0.903491	0.119615	0.417953
0.30765	0.175907	0.936298
0.453356	0.893107	0.059022
0.529421	0.695236	0.490244
0.767019	0.550929	0.358386
0.787473	0.552687	0.320219
0.726169	0.0802735	0.694179
0.364816	0.674609	0.64713
0.258777	0.938852	0.303811
0.145645	0.815912	0.574597
0.407911	0.473274	0.787989
0.79211	0.424218	0.441849
0.569654	0.193445	0.80285
0.65236	0.784139	0.0328937
0.373282	0.515368	0.772731
0.949031	0.214392	0.247702
0.91392	0.378202	0.206976
0.240596	0.0335069	0.983514
0.960582	0.124539	0.274044
0.340391	0.50808	0.796936
0.601265	0.793848	0.109802
0.354851	0.93529	0.0536037
0.663042	0.756598	0.036881
0.518681	0.684812	0.515193
0.774463	0.554033	0.316944
0.056061	0.811993	0.604512
0.432235	0.24565	0.877395
0.522274	0.689556	0.511064
0.220094	0.0749254	0.979347
0.161738	0.206592	0.972059
0.430722	0.873307	0.234355
0.87641	0.109642	0.474675
0.025104	0.828106	0.573664
0.983174	0.00867781	0.188012
0.262503	0.908521	0.352776
0.118332	0.554921	0.830409
0.275318	0.967749	0.0401287
0.184417	0.222536	0.964598
0.377342	0.928297	0.0536956
0.836941	0.172094	0.54683
0.679899	0.533951	0.553263
0.942957	0.331712	0.129701
0.147222	0.388037	0.911913
0.721826	0.405275	0.566096
0.0793001	0.420038	0.917863
0.554812	0.732141	0.408933
0.584336	0.719213	0.404556
0.35954	0.917519	0.211571
0.0821882	0.996736	0.0640519
0.295901	0.959948	0.0747862
0.516145	0.804577	0.298184
0.123569	0.164329	0.9812
0.0514675	0.698023	0.725998
0.814918	0.475208	0.335328
0.821326	0.259241	0.541628
0.346927	0.465641	0.827218
0.154676	0.726744	0.671092
0.705862	0.246139	0.677534
0.197977	0.409816	0.90219
0.542889	0.835065	0.148957
0.920582	0.325299	0.240866
0.621611	0.0286508	0.78431
0.321264	0.490018	0.811674
0.587971	0.322077	0.743676
0.464585	0.613076	0.642226
0.563229	0.668713	0.49049
0.0143613	0.540992	0.86466
0.964753	0.277577	0.0256438
0.548847	0.837146	0.0383425
0.2569	0.283827	0.925695
0.906138	0.367903	0.243909
0.957923	0.274775	0.139094
0.306811	0.951428	0.0894108
0.772898	0.433602	0.467737
0.798552	0.610027	0.0147137
0.553278	0.748233	0.432256
0.627995	0.0905917	0.778222
0.0408721	0.71905	0.703534
0.10013	0.926789	0.367881
0.0297497	0.389951	0.94882
0.580913	0.298923	0.760501
0.65647	0.7446	0.143808
0.427044	0.778025	0.469571
0.0144129	0.537094	0.886028
0.811292	0.26832	0.523353
0.732996	0.417534	0.550323
0.300724	0.054385	0.969732
0.112848	0.227173	0.96981
0.760571	0.664756	0.138592
0.859421	0.504466	0.100064
0.0912011	0.923818	0.375003
0.85248	0.381677	0.363224
0.169994	0.900426	0.43287
0.315859	0.867657	0.392868
0.266339	0.85479	0.451391
0.504769	0.579696	0.648587
0.908218	0.367082	0.256887
0.536675	0.704763	0.469432
0.563573	0.444957	0.712621
0.315006	0.0182219	0.951886
0.188569	0.412242	0.896299
0.188755	0.968704	0.176393
0.909916	0.363034	0.216931
0.264561	0.977893	0.0480456
0.075248	0.888694	0.457124
0.273549	0.961532	0.0685048
0.342337	0.609336	0.721321
0.925523	0.389357	0.156083
0.304909	0.945529	0.126061
0.974004	0.220033	0.189263
0.539927	0.183804	0.824148
0.675053	0.453139	0.588431
0.246085	0.0408295	0.982909
3.3733e-15	0.994515	0.117484
0.978998	0.0146127	0.223928
0.754485	0.659437	0.184839
0.580024	0.0677706	0.816066
0.937104	0.319013	0.191045
0.744446	0.427887	0.531859
0.0638654	0.285535	0.96291
0.270179	0.627019	0.754156
0.765902	0.587502	0.303311
0.714707	0.262222	0.653411
0.560418	0.798908	0.267917
0.127735	0.982895	0.182831
0.523304	0.177647	0.842788
0.820235	0.0846732	0.579684
0.0894986	0.906573	0.435376
0.557772	0.736423	0.39362
0.251176	0.510956	0.833275
0.842008	0.105338	0.542046
0.108055	0.442101	0.902158
0.931939	0.353817	0.153565
0.617826	0.0292892	0.806898
0.475686	0.900687	0.000131577
0.738108	0.469768	0.499761
0.160228	0.209427	0.968284
0.687724	0.336541	0.647707
0.918336	0.0490092	0.421724
0.036916	0.621537	0.784766
0.976601	0.0890471	0.225953
0.932398	0.191722	0.371825
0.472785	0.309428	0.857624
0.986868	0.0960112	0.172963
0.466813	0.712604	0.535967
0.495869	0.147426	0.857504
0.893414	0.0987614	0.446746
0.886458	0.31381	0.346054
0.0692911	0.730403	0.683057
0.967939	0.242875	0.142003
0.999312	0.0508098	0.0764134
0.43543	0.914126	0.113388
0.510827	0.187419	0.846307
0.190175	0.415752	0.891902
0.755656	0.660461	0.17228
0.716495	0.264373	0.649773
0.864727	0.107049	0.504725
0.780026	0.582825	0.303766
0.68531	0.251436	0.687451
0.107878	0.520822	0.859321
0.216238	0.351706	0.914892
0.585673	0.436201	0.692494
0.0306896	0.702734	0.712206
0.701711	0.243452	0.689659
0.855384	0.502096	0.136029
1.06183	0.0081527	0.000138856
0.909055	0.416869	7.63033e-17
5.58556e-17	2.55518e-17	1.00311
0.0417179	0.133837	0.991455
1.02268	0.00642367	0.000362595
0.929355	0.386315	0.0773308
0.745265	0.631554	0.228218
0.519396	0.824301	0.240919
0.196486	0.755363	0.628743
0.276768	0.723933	0.634404
0.234843	0.72292	0.654182
0.394287	0.806205	0.443525
0.969457	0.176056	0.213605
0.630036	0.616708	0.475018
0.146996	0.230422	0.962744
0.269403	0.617465	0.740141
0.372685	0.912479	0.188242
0.363991	0.701628	0.615251
0.764286	0.438383	0.48118
0.560102	0.789524	0.262337
0.804305	0.526515	0.321855
0.125903	0.870541	0.485244
0.443208	0.555818	0.718689
0.459281	0.877692	0.152489
0.472574	0.43184	0.773149
0.40369	0.673411	0.621204
0.918095	0.0427956	0.400548
0.346999	0.587484	0.734201
0.656126	0.732553	0.271483
0.604396	0.796355	0.0347349
0.370851	0.648547	0.667349
0.584916	0.643649	0.505021
0.504897	0.208937	0.847381
0.450479	0.762681	0.465697
0.076664	0.160882	0.987308
0.864393	0.321503	0.410708
0.384988	0.485166	0.791894
0.417718	0.281972	0.864867
0.688994	0.262675	0.680434
0.291185	0.462121	0.841937
0.25861	0.930862	0.29477
0.266846	0.444049	0.857368
0.0939731	0.995146	0.0480962
0.0318345	0.713989	0.70175
0.486188	0.0545442	0.874091
0.226164	0.200142	0.95537
0.772992	0.506433	0.391639
0.649379	0.509165	0.574617
0.537391	0.811877	0.234771
0.472412	0.593912	0.658602
0.138697	0.403841	0.905988
0.314442	0.859823	0.415964
0.182273	0.834893	0.551596
0.67524	0.452818	0.587017
0.191662	0.561437	0.811686
0.514816	0.817033	0.352095
0.0577104	0.969331	0.288421
0.0512983	0.0825161	0.998542
0.203903	0.845737	0.499902
0.612635	0.772304	0.211381
0.554485	0.305056	0.784001
0.551023	0.0285724	0.834918
0.242634	0.952609	0.196908
0.900423	0.412911	0.137803
0.990515	0.155964	0.0287192
0.793258	0.608677	0.0714036
1.00041	0.0626981	0.000355386
0.82835	0.535117	0.179799
0.959281	0.237337	0.176349
0.0556842	0.960012	0.297573
0.978343	0.0126088	0.296663
0.116161	1.0024	0.0212501
0.288688	0.792849	0.536951
0.631787	0.525279	0.57181
0.594948	0.685026	0.423711
0.682659	0.460612	0.573128
0.110791	0.444566	0.891222
0.88769	0.289093	0.3695
0.692878	0.470244	0.56649
0.672898	0.495515	0.581575
0.121609	0.220561	0.969215
0.700138	0.651697	0.31285
0.21862	0.148872	0.973409
1.01307	0.00777866	0.000150936
0.46189	0.531822	0.715015
0.783131	0.310137	0.571252
0.353765	0.924754	0.164233
0.436416	0.863414	0.305976
0.798439	0.324325	0.516796
0.838887	0.065903	0.544711
0.77361	0.608931	0.254658
0.497567	0.841569	0.226849
0.878823	0.316232	0.358109
0.295592	0.188496	0.946982
0.214106	0.9807	0.0177945
0.350532	0.934487	0.159943
0.154855	0.577935	0.815209
0.365469	0.168232	0.924605
0.936889	0.211912	0.28313
0.0372802	0.498497	0.869057
0.224352	0.783436	0.594898
0.577703	0.746208	0.342382
0.398658	0.26746	0.878331
0.353791	0.143094	0.932573
0.25557	0.922107	0.311163
0.870407	0.343649	0.378353
0.567863	0.0280481	0.824459
0.821734	0.571211	0.145754
0.0651173	0.215792	0.978611
0.099754	0.400279	0.912807
0.948987	0.214648	0.243259
0.411435	0.68633	0.601502
0.121004	0.945658	0.333861
0.7591	0.642658	0.118388
0.758248	0.157705	0.645122
0.731613	0.0368849	0.684931
0.0794931	0.692266	0.726898
0.60383	0.737177	0.333382
0.0992819	0.39336	0.914542
0.571998	0.450236	0.695238
0.299807	0.908262	0.311031
0.0253975	0.22347	0.976469
0.720171	0.152676	0.684477
0.176959	0.491702	0.859774
0.565938	0.192784	0.806592
0.722322	0.27538	0.644104
0.845548	0.351237	0.453552
0.805243	0.0351942	0.607713
0.410384	0.539903	0.742274
0.209119	0.988702	0.0127391
0.802176	0.325843	0.515435
0.42817	0.0215728	0.909635
0.850113	0.296488	0.437837
0.378813	0.477385	0.796781
0.159809	0.250506	0.955865
0.88467	0.288109	0.374059
0.882211	0.279718	0.385973
0.912257	0.368971	0.205155
0.549094	0.240788	0.820332
0.99715	0.000709068	0.1042
0.564241	0.709358	0.435296
0.926504	0.194864	0.345571
0.753072	0.646109	0.142472
0.0295192	0.856267	0.540822
0.526893	0.440152	0.729354
0.666092	0.0791781	0.761829
0.739634	0.169423	0.65852
0.589744	0.737119	0.341552
0.475022	0.545048	0.705153
0.164531	0.985489	0.0611121
0.243784	0.965886	0.09103
0.709894	0.0884115	0.711303
0.0070457	0.997551	0.085501
0.0463944	0.421329	0.918516
0.526593	0.357389	0.781857
0.814336	0.181012	0.552918
0.133514	0.265984	0.959029
0.480103	0.552793	0.691724
0.850153	0.0440833	0.526053
0.670248	0.74223	0.124389
0.868856	0.517194	0.0389182
0.306574	0.660061	0.687932
0.893203	0.00367183	0.456723
0.848833	0.0268942	0.528802
0.945685	0.299606	0.196001
0.623416	0.749444	0.257392
0.438636	0.897765	0.0697143
0.456296	0.88985	0.110372
0.955376	0.300891	0.065593
0.0538473	0.671121	0.744558
0.663574	0.397716	0.639702
0.324604	0.945143	0.0698629
0.0202236	0.49092	0.897906
0.737713	0.675624	0.0444315
0.787117	0.375751	0.489729
0.836006	0.379346	0.406473
0.457002	0.891226	0.0971056
0.833704	0.559375	0.0440377
0.0822215	0.903238	0.425587
0.998787	0.0495565	0.0565335
0.829601	0.0473385	0.560976
0.186051	0.852197	0.496639
0.489411	0.76717	0.43597
0.808644	0.547462	0.221787
0.328694	0.943083	0.0855991
0.171172	0.335905	0.928147
0.39828	0.0723287	0.92828
0.687678	0.694669	0.26984
0.376967	0.208558	0.909128
0.875185	0.336025	0.367315
0.289194	0.719359	0.634632
0.151122	0.479128	0.868297
0.540597	0.250352	0.815109
0.61748	0.279276	0.74142
5.77579e-17	2.19409e-17	1.00902
3.75073e-33	6.12541e-17	1.00036
0.904488	0.42654	4.35991e-17
6.18088e-17	1.00942	0.0285857
1.00825	0.000785883	0.00567123
0.675172	0.129438	0.729497
0.639575	0.505178	0.590924
0.105747	0.97368	0.245071
0.928956	0.0325127	0.3693
0.220689	0.0423087	0.976456
0.79866	0.246151	0.557647
0.0903627	0.0787196	0.993117
0.978559	0.119168	0.194368
0.476889	0.350809	0.823769
0.364969	0.935723	0.105309
0.123287	0.293424	0.960187
0.209937	0.715492	0.686834
0.867928	0.340022	0.379857
0.275092	0.949008	0.160665
0.966883	0.106359	0.25988
0.118618	0.152542	0.982369
0.816562	0.584144	0.0555633
0.688645	0.0847128	0.736254
0.0860458	0.370303	0.931165
0.0624159	0.792795	0.607929
0.710219	0.70512	0.0985921
0.941644	0.0967614	0.336456
0.859021	0.332525	0.392086
0.836421	0.181248	0.558402
0.259511	0.923928	0.348467
0.345178	0.843713	0.431979
0.143703	0.961761	0.243143
0.0154583	0.0533277	0.999472
0.704674	0.273647	0.661191
0.793236	0.240487	0.568455
0.991698	0.0139428	0.172084
0.782076	0.62061	0.0921884
0.528315	0.774694	0.375451
0.474817	0.615616	0.632586
0.052216	0.663238	0.754095
0.917247	0.401342	0.0781559
0.0803757	0.161228	0.985075
0.185635	0.712135	0.700074
0.999149	0.0365959	0.0444268
0.582674	0.81509	0.0605418
0.682341	0.735698	0.0145602
0.40643	0.913002	0.0558795
0.399595	0.770795	0.521958
0.0056332	0.82131	0.578965
0.567281	0.793954	0.252276
0.414966	0.305142	0.860999
0.925387	0.211134	0.318268
0.655058	0.536824	0.536175
0.0733567	0.402397	0.9259
0.87588	0.00662858	0.526951
0.571047	0.755214	0.336529
0.549042	0.500087	0.671695
0.768527	0.512567	0.405048
0.73719	0.045895	0.683378
0.534715	0.47355	0.702359
0.731041	0.6666	0.149501
0.565544	0.138712	0.815338
0.286267	0.654142	0.718273
0.84045	0.22717	0.494593
0.586385	0.216382	0.78926
0.152467	0.96707	0.20677
0.0655062	0.359333	0.935752
0.177573	0.958213	0.233853
0.0572435	0.864203	0.505383
0.58913	0.144497	0.796476
0.440441	0.142442	0.886702
0.624549	0.723857	0.295002
0.450233	0.265639	0.863918
0.561116	0.805979	0.212093
0.230542	0.219698	0.949125
0.756956	0.612618	0.266915
0.645122	0.650116	0.41516
0.697955	0.514175	0.51134
0.283855	0.868527	0.462115
0.924818	0.381428	0.00214608
0.765869	0.0889607	0.643576
0.391264	0.287713	0.877465
0.363507	0.460053	0.813031
0.0315689	0.934683	0.383011
0.823752	0.594553	0.0228344
0.703777	0.542158	0.480396
0.759004	0.605738	0.276997
0.0228285	0.422739	0.915017
0.436479	0.848602	0.300854
0.61383	0.66183	0.439336
0.455659	0.524067	0.757954
0.977059	0.0645404	0.224463
0.738677	0.559522	0.398384
0.745214	0.0243288	0.672907
0.449249	0.440888	0.779197
0.604577	0.799557	0.137632
0.491236	0.697728	0.523388
0.136083	0.608966	0.787398
0.260626	0.738867	0.627388
0.539645	0.147485	0.829832
0.289253	0.469315	0.842092
0.773182	0.313151	0.55991
0.517238	0.552689	0.662089
0.458816	0.82653	0.348075
0.325178	0.492863	0.807752
0.134989	0.856212	0.499104
0.0983082	0.76035	0.64906
0.303633	0.322246	0.897798
0.753727	0.4338	0.540321
0.617477	0.203598	0.768315
0.444378	0.882572	0.216484
0.504078	0.232272	0.843803
0.856232	0.365505	0.379378
0.0271823	0.410137	0.92188
0.91159	0.398867	0.133881
0.684782	0.577731	0.450652
0.5101	0.519721	0.698263
0.649806	0.600339	0.468355
0.334667	0.918036	0.230497
0.57714	0.412869	0.716441
0.895828	0.435206	0.117424
0.422547	0.821515	0.385384
0.331267	0.849051	0.425693
0.960979	0.0688384	0.293704
0.728926	0.614124	0.324073
0.570344	0.519489	0.643011
1.00247	0.0584537	0.00620413
0.823271	0.279719	0.49519
0.48451	0.712961	0.531505
0.430571	0.316617	0.854642
0.538231	0.40803	0.743179
0.608993	0.465911	0.647429
0.983084	1.14867e-14	0.187776
0.886584	0.174195	0.458033
0.327483	0.902886	0.314594
0.418847	0.760165	0.553398
0.619342	0.4955	0.631085
0.0418846	0.354821	0.938947
0.0492467	0.911949	0.429816
0.760774	0.595829	0.280963
0.536382	0.393506	0.765221
0.381308	0.732459	0.565021
0.495361	0.750494	0.455854
0.636661	0.490455	0.611454
0.29729	0.866133	0.41097
0.50334	0.17083	0.847691
0.383355	0.166229	0.908979
0.278247	0.416238	0.870518
0.372504	0.161523	0.914093
0.306615	0.283867	0.908978
0.968593	0.237569	0.0905142
0.827213	0.289172	0.488067
0.720006	0.681346	0.14476
0.428004	0.885478	0.185948
0.163205	0.987577	0.0666155
0.275645	0.953771	0.155151
0.357672	0.263011	0.89945
0.93814	0.0349479	0.345664
0.314029	0.873756	0.39424
0.817016	0.194226	0.546478
0.77391	0.572073	0.292993
0.249299	0.585796	0.773866
0.952798	0.0379394	0.305836
0.175087	0.483355	0.859342
0.880064	0.197812	0.457266
0.336845	0.924012	0.195277
0.0607073	0.78832	0.615326
0.498269	0.85945	0.119983
0.194008	0.744257	0.648739
0.633901	0.481711	0.622249
0.747258	0.645862	0.160482
0.500993	0.00281419	0.871049
0.419577	0.833314	0.445009
0.592273	0.804745	0.067324
0.432329	0.853871	0.291673
0.257824	0.189479	0.953601
0.594435	0.807682	0.0273777
0.828386	0.0121676	0.566853
0.347896	0.689779	0.652527
0.31373	0.060417	0.952208
0.0470914	0.998227	0.0726551
0.466469	0.6839	0.566437
0.158229	0.751475	0.647267
0.395532	0.762959	0.529889
0.527221	0.646562	0.58625
0.694804	0.550317	0.484168
0.533585	0.725004	0.438296
0.720986	0.223796	0.681001
0.627444	0.727213	0.284662
0.255534	0.980281	0.0370188
0.544168	0.405076	0.740411
0.0781585	0.992754	0.109863
0.940201	0.327863	0.112903
0.944245	0.0665758	0.323168
0.208488	0.979766	0.0401322
0.939366	0.250217	0.237972
2.46197e-17	5.78043e-17	1.02607
1.00193	0.00035233	0.00520972
0.0470674	1.00353	0.00638055
0.912098	0.420738	0
0.550888	0.732123	0.461567
0.348074	0.159582	0.931255
0.572991	0.760904	0.314066
0.284366	0.87129	0.40666
0.255456	0.0465523	0.967295
0.420626	0.543694	0.731818
0.650398	0.63752	0.429751
0.0505792	0.944636	0.338558
0.273811	0.956351	0.164286
0.789072	0.585691	0.211429
0.232195	0.717914	0.658132
0.365447	0.391805	0.854465
0.244905	0.770048	0.595187
0.140265	0.851494	0.554656
0.0985854	0.660988	0.761277
0.215834	0.871929	0.442239
0.507383	0.257554	0.824203
0.489475	0.337822	0.806937
0.181489	0.0553773	0.985232
0.635516	0.291366	0.720476
0.0530411	0.911745	0.44584
0.41358	0.534587	0.740993
0.946942	0.181867	0.278971
0.5556	0.233227	0.828355
0.20072	0.520149	0.838071
0.611737	0.605322	0.516741
0.127739	0.996337	0.0692052
0.822504	0.527862	0.217077
0.681191	0.616434	0.398455
0.735472	0.106413	0.673665
0.293605	0.0887809	0.952749
0.8734	0.466712	0.151665
0.593537	0.00467698	0.818421
0.835539	0.568436	0.0881242
0.803668	0.0626921	0.603151
0.777677	0.625459	0.0999692
0.358256	0.928388	0.14179
0.39517	0.897815	0.253225
0.861532	0.303346	0.419038
0.277828	0.441266	0.858258
0.99047	0.141678	0.0783567
0.566371	0.250446	0.788196
0.876374	0.4762	0.119904
0.586902	0.405056	0.723721
0.526819	0.837572	0.18803
0.623932	0.608298	0.497584
0.855933	0.503323	0.17537
0.264828	0.0976872	0.961735
0.51308	0.678785	0.530297
0.745229	0.306847	0.603015
0.65665	0.165941	0.745383
0.0748468	0.454365	0.917153
0.328379	0.100316	0.941856
0.458086	0.862055	0.233784
0.923689	0.281152	0.295592
0.321867	0.427757	0.877273
0.438517	0.673173	0.597246
0.89906	0.305759	0.326911
0.760144	0.620504	0.203734
0.324585	0.424046	0.875122
0.95785	0.0743093	0.303756
0.402495	0.19066	0.908887
0.300034	0.919295	0.270046
0.494641	0.251087	0.833428
0.481422	0.672232	0.574242
0.662306	0.114732	0.745045
0.607978	0.601603	0.538959
0.368437	0.805467	0.471326
0.595721	0.203224	0.794487
0.0387857	0.828401	0.562233
0.975576	0.243782	0.0791821
0.370142	0.906791	0.241355
0.812458	0.436089	0.464638
0.42336	0.219226	0.884407
0.911688	0.213157	0.37091
0.126664	0.840143	0.557708
0.815345	0.272368	0.514043
0.886695	0.0407069	0.468156
0.0695983	0.781991	0.633377
0.585112	0.412935	0.706421
0.102281	0.654551	0.756437
0.471992	0.373321	0.816503
0.0627256	0.386254	0.921607
0.377873	0.738179	0.593258
0.804408	0.577341	0.16965
0.946516	0.181786	0.288319
0.545198	0.330573	0.773936
0.870329	0.358684	0.345571
0.50044	0.353728	0.802619
0.707127	0.70575	0.172284
0.018997	0.710266	0.71516
0.833435	0.491435	0.256762
0.808298	0.370582	0.466865
0.283756	0.109157	0.960604
0.428111	0.679318	0.596919
0.882594	0.310762	0.362559
0.978559	0.247031	0.0140111
0.702193	0.352843	0.620079
0.538764	0.795087	0.299435
0.671737	0.548602	0.506116
0.999212	3.78361e-12	0.104513
0.96521	0.189199	0.185712
0.75437	0.645471	0.129365
0.759681	0.283435	0.609822
0.231757	0.974568	0.0602857
0.717946	0.50668	0.488679
0.489131	0.6654	0.616312
0.757565	0.65625	0.0345682
0.786998	0.360817	0.508781
0.409681	0.886203	0.241298
0.170476	0.518311	0.839115
0.0872681	0.999608	0.0826607
0.161584	0.152307	0.983039
0.522307	0.197706	0.833569
0.630221	0.61443	0.482329
0.642808	0.347049	0.68525
0.277755	0.926786	0.264243
0.0237776	0.889002	0.477852
0.712854	0.694992	0.127476
0.44673	0.753043	0.547663
0.034381	1.0005	0.0250482
0.315136	0.129875	0.94468
0.74085	0.145076	0.66473
0.380431	0.0759838	0.925568
0.844657	0.0320384	0.542708
0.150991	0.774204	0.622392
0.716698	0.69874	0.094203
0.33499	0.322026	0.900463
0.891934	0.173925	0.444606
0.483382	0.136086	0.893259
0.561801	0.81542	0.20477
0.329513	0.941679	0.116506
0.304747	0.853862	0.439471
0.225545	0.962688	0.174431
0.107275	0.74659	0.66543
0.42014	0.22583	0.884841
0.400288	0.577509	0.776055
0.465861	0.891597	0.0285251
0.182869	0.986822	0.0660358
0.394012	0.90249	0.233399
0.192615	0.505509	0.842823
0.671694	0.273561	0.693972
0.939506	0.261734	0.224641
0.0178599	0.674756	0.74037
0.649709	0.125427	0.755536
0.613936	0.620606	0.498485
0.764682	0.162205	0.639438
0.386104	0.230553	0.895115
0.295363	0.645713	0.708949
0.618227	0.784047	0.145348
0.524525	0.845871	0.182188
0.98014	0.217685	0.00239398
0.169258	0.913374	0.379828
0.865282	0.464923	0.212396
0.093155	0.500203	0.865887
0.533993	0.805638	0.30134
0.0383787	0.992434	0.141897
0.768859	0.627619	0.133613
0.830789	0.488537	0.293234
0.76632	0.488313	0.488253
0.0796661	0.267791	0.961476
0.446238	0.685026	0.583877
0.763421	0.588906	0.315997
0.862992	0.512008	0.0425854
0.260172	0.92992	0.268036
0.721262	0.695607	0.115273
0.25123	0.897959	0.369499
0.644011	0.39868	0.656733
0.300717	0.023369	0.955531
0.00849309	0.678202	0.75179
0.931616	0.383942	0.0179889
0.163094	0.0288468	0.987734
0.576844	0.805473	0.157053
0.5808	0.45709	0.676013
0.630088	0.242107	0.742861
0.342996	0.167866	0.928722
0.961593	0.268158	0.123611
0.627844	0.629572	0.468946
0.259724	0.119129	0.964144
0.443483	0.561601	0.709972
0.222759	0.983241	0.0446417
0.0277163	0.754736	0.658755
0.689566	0.336038	0.647895
0.19595	0.977363	0.221407
0.298887	0.915782	0.282587
0.685732	0.620544	0.386492
0.891666	0.331804	0.321087
1.0068	0	0.0115599
0.939969	0.354048	0
0.272261	0.856875	0.443282
0.84538	0.27868	0.463907
0.142776	0.186915	0.983971
0.570623	0.822055	0.0585215
0.0166324	0.568157	0.83928
0.914323	0.337844	0.316456
0.164566	0.908662	0.393055
0.963163	0.122332	0.249341
0.180362	0.780969	0.606075
0.562464	0.775913	0.305944
0.308511	0.0529918	0.955295
0.315647	0.896575	0.326871
0.00281794	1.0059	0.145939
0.151053	0.536764	0.835273
0.347318	0.479121	0.820333
0.0890258	0.787772	0.618394
0.796833	0.457254	0.417765
0.0959424	0.703547	0.707552
0.727923	0.092454	0.681813
0.249999	0.270267	0.933627
0.36823	0.396521	0.849107
0.125619	0.987457	0.111822
0.860538	0.447399	0.289812
0.813529	0.517909	0.296061
0.0129662	0.925257	0.414696
0.111136	0.450817	0.89204
0.622244	0.579012	0.531757
0.868295	0.097359	0.492764
0.379468	0.555865	0.753168
0.257181	0.948034	0.195729
0.134759	0.79273	0.598157
0.390989	0.164757	0.906853
0.983471	0.247294	0.0354257
0.463251	0.843407	0.373153
0.717707	0.680511	0.16741
0.763531	0.594698	0.260623
0.58782	0.403362	0.722838
0.199161	0.807883	0.560956
0.338549	0.0596681	0.9445
0.957315	0.302106	0.0154413
0.328692	0.363978	0.887157
0.897091	0.134774	0.422795
0.972147	0.192447	0.181635
0.671783	0.281906	0.691683
0.513447	0.431794	0.744303
0.670557	0.625651	0.413606
0.865518	0.130809	0.503528
0.746038	0.402127	0.540323
0.777403	0.143409	0.624586
0.544181	0.597872	0.593849
0.903378	0.375085	0.21354
0.0289448	0.969771	0.263509
0.65897	0.253853	0.719968
0.0221982	0.214157	0.985947
0.325725	0.303095	0.899545
0.436578	0.63936	0.638257
0.35673	0.522557	0.787358
0.892542	0.0155716	0.455577
0.281566	0.262004	0.925119
0.408657	0.436015	0.80438
0.503729	0.171685	0.858415
0.603879	0.802217	0.0817227
0.827744	0.449092	0.350177
0.609958	0.64789	0.480122
0.245752	0.966088	0.104649
0.651504	0.556559	0.564093
0.739941	0.467703	0.487784
0.515033	0.584455	0.635854
0.0442368	0.853221	0.545769
0.425387	0.846023	0.325342
0.116679	0.0242914	0.996747
0.300005	0.0714061	0.952166
0.244734	0.123857	0.969696
0.456185	0.883458	0.160611
0.453572	0.411602	0.814699
0.22272	0.956293	0.20324
0.819208	0.330639	0.474175
0.359998	0.759374	0.553699
0.169946	0.981045	0.188498
0.281283	0.850157	0.455316
0.265477	0.864096	0.429533
0.707714	0.290617	0.653588
0.432554	0.246698	0.871322
0.0827146	0.997086	0.0267105
0.907656	0.221611	0.360575
0.217494	0.938243	0.275968
0.493905	0.541179	0.695637
0.638573	0.690546	0.351411
0.998504	0.0795451	0.108183
0.560082	0.836607	0.126883
0.607318	0.655058	0.465796
0.294509	0.931335	0.243198
0.327354	0.248859	0.915225
0.857785	0.216157	0.506559
0.613047	0.23091	0.776957
0.0637826	0.711674	0.702786
0.920511	0.187481	0.353002
0.598395	0.494965	0.633871
0.760588	0.0289502	0.690474
0.700198	0.110368	0.708517
0.240704	0.976401	0.0203915
0.713927	0.612571	0.343685
0.404327	0.557764	0.735383
0.834739	0.00709761	0.591954
0.655782	0.527779	0.551739
0.563651	0.494519	0.667376
0.97279	0.151729	0.196178
0.134095	0.485363	0.866765
0.534233	0.529777	0.661857
0.17049	0.984187	0.095141
0.364395	0.927168	0.124109
0.385813	0.472528	0.800156
0.99451	0.111511	0.0489596
0.174418	0.157733	0.975001
0.732548	0.681654	0.0779387
0.131439	0.796031	0.59493
0.051601	0.857659	0.514196
0.304572	0.868806	0.399135
0.789037	0.61014	0.135967
0.525099	0.484817	0.715534
0.587052	0.743451	0.337275
0.751903	0.0953422	0.656014
0.0745091	0.997861	0.0267139
0.350924	0.514052	0.7964
0.0470674	1.00353	0.00638055
0.227699	0.314108	0.930048
0.505881	0.416799	0.770224
0.423104	0.879667	0.245433
0.712201	0.270304	0.650779
0.68454	0.645934	0.391214
0.335	0.468328	0.832353
0.63782	0.565683	0.52753
0.483846	0.695466	0.537561
0.290364	0.441992	0.855047
0.0722303	0.746958	0.68077
0.916581	0.116416	0.38683
0.586284	0.64576	0.573308
0.803774	0.511938	0.32974
0.978825	0.193769	0.129448
0.00607354	0.999274	0.137594
0.946868	0.249305	0.213756
0.407148	0.886859	0.223533
0.93051	0.0703751	0.368746
0.49941	0.60272	0.638903
0.595386	0.309724	0.7916
0.478084	0.089166	0.878104
0.882036	0.205143	0.433121
0.0573684	0.155392	0.993769
0.5969	0.733928	0.335834
0.586497	0.631558	0.566527
0.358485	0.138224	0.924154
0.503152	0.423136	0.756888
0.399682	0.336909	0.861009
0.445183	0.614125	0.654138
0.472665	0.772104	0.428632
0.170885	0.986467	0.0896403
0.928941	0.306226	0.234662
0.223517	0.959713	0.17784
0.884389	0.254704	0.400961
0.374873	0.505849	0.783505
0.219457	0.714306	0.665304
0.853875	0.00318145	0.535289
6.55833e-14	0.590396	0.809926
0.906991	0.223748	0.360522
0.245887	0.374289	0.901234
0.787167	0.326744	0.539085
0.086609	0.082074	0.997911
0.343143	0.72382	0.611784
0.457416	0.85905	0.240355
0.779763	0.119517	0.623282
0.448375	0.417224	0.808189
0.254261	0.954399	0.172866
0.549285	0.840343	0.0657358
0.366744	0.319066	0.879352
0.469857	0.889129	0.0410036
0.936883	0.34618	0.0711602
0.209853	0.722099	0.661504
0.187203	0.980646	0.131687
0.197251	0.728502	0.659733
0.693525	0.0880852	0.717775
0.234981	0.885731	0.405149
0.592388	0.811378	0.0203709
0.602757	0.662151	0.468117
0.172629	0.233458	0.962099
0.209631	0.850356	0.51831
0.88002	0.0380651	0.48385
0.875835	0.344728	0.391235
0.924266	0.383653	0.0465978
0.485945	0.667101	0.576757
0.403001	0.0108859	0.945679
5.61273e-17	2.60546e-17	1.01057
1.5522e-07	1.00243	8.49217e-06
1.02717	0.00114895	0.000270617
6.12538e-17	1.98206e-33	1.00035
0.956026	0.293494	4.36011e-17
0.0389233	0.973453	0.265681
0.570127	0.81336	0.144378
0.808187	0.581426	0.130564
0.583878	0.788954	0.211976
0.815397	0.450373	0.372953
0.550441	0.272288	0.814528
0.726515	0.533389	0.448547
0.855047	0.0264633	0.530056
0.0914557	0.640305	0.772381
0.55758	0.459755	0.69234
1.00741	0.00121714	0.00710254
0.736119	0.592186	0.330028
0.19771	0.915643	0.365478
0.798356	0.592938	0.16821
0.777283	0.233429	0.585138
0.309424	0.0660494	0.948907
0.35494	0.74873	0.57939
0.130189	0.853721	0.53618
0.122394	0.363122	0.932962
0.0659845	0.994873	0.0851771
0.437443	0.350189	0.831753
0.888844	0.294744	0.354696
0.193486	0.12538	0.978286
0.857942	0.03455	0.521953
0.131624	0.390507	0.920585
0.503923	0.565966	0.658888
0.62196	0.5885	0.555787
0.235285	0.54559	0.80689
0.911727	0.335267	0.238741
0.372721	0.524363	0.768539
0.224305	0.960865	0.22297
0.763776	0.201159	0.620533
0.492775	0.158821	0.86876
0.218229	0.621881	0.755592
0.903528	0.422294	0.0955371
0.461543	0.698705	0.554145
0.0593887	0.405021	0.938385
0.418739	0.575403	0.70834
0.789267	0.37851	0.486593
0.945142	0.0982045	0.316993
0.588417	0.660863	0.472987
0.68173	0.540234	0.505475
0.295953	0.115663	0.948916
0.293824	0.943969	0.186294
0.967821	0.251322	0.115453
0.256077	0.666107	0.721897
0.323887	0.867125	0.385652
0.321502	0.76117	0.571528
0.21142	0.599859	0.777173
0.604743	0.791977	0.152866
0.312633	0.740172	0.600653
0.397585	0.626895	0.680278
0.0988886	0.30108	0.953733
0.565783	0.821553	0.110701
0.179517	0.496456	0.857846
0.107984	0.0769887	0.992513
0.00387004	0.38217	0.939965
0.540259	0.387547	0.760947
0.595187	0.796434	0.12569
0.187577	0.132761	0.975094
0.143693	0.627061	0.786079
0.456723	0.443244	0.775692
0.709465	0.583495	0.399806
0.492664	0.447265	0.74897
0.714638	0.0817268	0.70353
0.470788	0.6538	0.608555
0.0598777	0.409103	0.914318
0.648756	0.727558	0.254349
0.994374	0.112791	0.021597
0.646078	0.220541	0.73591
0.314587	0.67823	0.671698
0.482757	0.645569	0.608892
0.472131	0.154081	0.879933
0.161732	0.840561	0.530379
0.026061	0.651775	0.790489
0.104133	0.142133	0.986778
0.527774	0.427786	0.747992
0.878926	0.302869	0.387322
0.787872	0.501882	0.361965
0.686879	0.527806	0.511201
0.725019	0.511785	0.463082
0.0842689	0.992445	0.118758
0.377046	0.848987	0.40966
0.628677	0.781783	0.00935377
0.378755	0.885004	0.304038
0.946199	0.218636	0.245093
0.266223	0.94763	0.204561
0.610552	0.757724	0.246488
0.138604	0.834234	0.537267
0.50879	0.718148	0.494825
0.873788	0.489529	0.0435745
0.11697	0.227614	0.970862
0.277163	0.766496	0.590312
0.824059	0.0596046	0.563703
0.672658	0.634609	0.402832
0.779641	0.55493	0.293968
1.00191	0.00478466	0.0435898
0.00798842	0.477788	0.888107
0.335429	0.909577	0.254135
0.183244	0.960101	0.26176
0.174691	0.015308	0.987629
0.600377	0.799309	0.057176
0.952109	0.219794	0.227726
0.361191	0.869874	0.350547
0.3261	0.50803	0.800706
0.508605	0.876783	0.0720874
0.943324	0.326081	0.094997
0.924045	0.183125	0.338185
0.513503	0.494217	0.709392
0.667553	0.342916	0.674251
0.500164	0.165856	0.85135
0.0772468	0.579542	0.822003
0.460721	0.65752	0.613279
0.813093	0.586664	0.0473068
0.827108	0.19642	0.530839
0.0132891	0.551036	0.845138
0.521476	0.61534	0.600814
0.245304	0.0837354	0.969122
0.936653	0.365896	0.0330899
0.749845	0.603228	0.275486
0.44708	0.357903	0.831235
0.391666	0.870345	0.315369
0.288097	0.70775	0.647338
0.148757	0.105006	0.98527
0.985467	0.179288	0.0331665
0.629762	0.484447	0.627705
0.637377	0.597234	0.489646
0.918324	0.329245	0.266044
0.65928	0.617757	0.431879
0.271113	0.105771	0.959944
0.971834	0.11114	0.21668
0.643688	0.746004	0.191633
0.47965	0.337813	0.824818
0.9351	0.36962	0.0158311
0.329334	0.947208	0.0646652
0.410455	0.487093	0.778329
0.168068	0.472472	0.873798
0.745575	0.260633	0.62053
0.682961	0.307736	0.682564
0.723733	0.57958	0.378651
0.445168	0.723411	0.547276
0.355842	0.322831	0.892952
0.256403	0.709084	0.66001
0.718144	0.672868	0.189792
0.703387	0.723554	0.00400867
0.195283	0.988191	0.0391827
0.845152	0.397253	0.3643
0.753809	0.606417	0.258011
0.923694	0.390038	0.100316
0.731032	0.252945	0.637305
0.121853	0.0868771	0.989905
0.169196	0.466316	0.872924
1.54846e-07	1.00001	0.0233242
0.237909	0.0942807	0.970857
0.0791207	0.0318603	0.996508
0.345388	0.937084	0.0951427
0.697104	0.517592	0.513597
0.49769	0.692197	0.540361
0.27376	0.190638	0.954108
0.369768	0.802346	0.480971
0.159595	0.825748	0.542028
0.303742	0.603303	0.745571
0.385114	0.875041	0.30485
0.693929	0.211366	0.689849
0.936625	0.0951319	0.342915
0.5653	0.819048	0.114642
0.192859	0.394124	0.900688
0.767588	0.358882	0.560735
0.244525	0.980169	0.123233
0.711083	0.685017	0.169462
0.651987	0.612455	0.457052
0.964213	0.185585	0.215165
0.404842	0.367535	0.838382
0.766929	0.630756	0.148413
0.839367	0.414449	0.362727
0.931156	0.363749	0.0335913
0.695773	0.701771	0.178356
0.277991	0.784282	0.568186
0.0144305	0.772723	0.635182
0.147504	0.264531	0.957488
0.0161254	0.928737	0.391021
0.411436	0.586966	0.71348
0.652088	0.771184	0.0142767
0.922926	0.308459	0.284141
0.427106	0.173509	0.891009
0.415384	0.174283	0.906834
0.151473	0.98909	0.0738174
0.185053	0.891239	0.48164
0.305684	0.90691	0.309176
0.55865	0.808922	0.198014
0.967223	0.195128	0.174871
0.943326	0.323456	0.0823378
0.0015375	1.00659	0.000125585
0.0365695	1.00433	0
0.775828	0.248684	0.590651
0.684496	0.617348	0.401906
0.99747	0.0856369	0.100501
0.243954	0.84352	0.501372
0.112215	0.473393	0.889824
0.494492	0.509759	0.732821
0.185214	0.210974	0.973108
0.798497	0.584675	0.160787
0.847628	0.360284	0.412567
0.825617	0.23244	0.520967
0.338735	0.727279	0.60763
0.457366	0.573287	0.695634
0.193041	0.90932	0.385029
0.978583	0.221351	0.0430109
0.101927	0.484496	0.875419
0.182415	0.0580574	0.984262
0.68892	0.142611	0.719936
0.91162	0.0347654	0.42437
0.695535	0.722932	0.0351699
0.869343	0.500551	0.0840027
0.640513	0.533055	0.559621
0.595146	0.743249	0.338653
0.759662	0.445999	0.490018
0.255775	0.29996	0.922198
0.665882	0.737291	0.136123
0.437655	0.606286	0.665883
0.279324	0.381191	0.887084
0.577052	0.134547	0.806585
0.79529	0.620008	0.0298505
0.376965	0.395523	0.856645
0.934863	0.283876	0.245012
0.474998	0.26116	0.84705
0.946806	0.35329	0.00164197
0.0835885	0.426017	0.90318
0.233053	0.961728	0.171651
0.487446	0.138338	0.864921
0.362363	0.154022	0.938965
0.643766	0.663983	0.403242
0.941952	0.184346	0.350271
0.969908	0.0426912	0.247693
0.480231	0.830156	0.316623
0.817752	0.547691	0.192831
0.119421	0.479509	0.873747
0.0440555	0.321761	0.952456
0.447367	0.628063	0.641302
0.505502	0.427254	0.75641
0.955001	0.296062	0.122998
0.569389	0.779762	0.293352
0.975612	0.128094	0.219128
0.844913	0.109664	0.532386
0.277507	0.844509	0.459673
0.893144	0.339184	0.315411
0.872978	0.00654281	0.508258
0.532094	0.29063	0.799682
0.665566	0.683375	0.307389
0.618943	0.801229	0.043403
0.391079	0.927925	0.0744391
0.325433	0.845391	0.450342
0.361196	0.156896	0.929851
0.0929004	0.997409	0.0329636
0.03059	0.411115	0.917007
0.132317	0.245061	0.965349
0.164307	0.38799	0.910042
0.37829	0.837241	0.429551
0.555262	0.623957	0.56888
0.920812	0.369437	0.188572
0.0647987	0.589899	0.807834
0.290305	0.883455	0.37838
0.428253	0.451688	0.795221
0.207628	0.986927	0.0280601
0.166646	0.0353016	0.991952
0.177437	0.841779	0.536069
0.834836	0.16722	0.538386
0.752194	0.242468	0.615789
0.0141283	0.900313	0.448197
0.615896	0.786539	0.114437
0.124362	0.529182	0.849594
0.0991318	0.945288	0.32693
0.283713	0.825104	0.515173
0.216885	0.552053	0.814787
0.809218	0.115704	0.586857
0.412221	0.890097	0.209016
0.316874	0.706639	0.644072
0.960338	0.294577	0.0947577
0.183269	0.930527	0.323997
0.0716239	0.771488	0.64789
0.626679	0.0953246	0.788883
0.0726423	0.343509	0.945221
0.00419097	1.00069	0.113362
0.315541	0.633783	0.713858
0.428706	0.882722	0.20852
0.0214834	0.984132	0.228577
0.360723	0.442022	0.831722
0.953748	0.0171208	0.344742
0.880809	0.482929	0.0110718
0.266286	0.691743	0.673922
0.0494882	0.757834	0.661284
0.329034	0.927816	0.187984
0.0769703	0.774775	0.636975
0.300066	0.967498	0.0246772
0.838852	0.174285	0.520392
0.709385	0.700657	0.195982
0.96188	0.124845	0.267526
0.927074	0.308044	0.236385
0.671286	0.757848	0.0401494
0.14572	0.64371	0.754266
0.65181	0.764201	0.0172044
0.460214	0.235392	0.862559
0.156108	0.791939	0.603861
0.802235	0.372308	0.473967
0.151179	0.667825	0.730615
0.862057	0.257855	0.484514
0.508913	0.596826	0.629443
0.399695	0.914138	0.107738
0.5905	0.754116	0.295004
0.921523	0.342731	0.216162
0.658798	0.305908	0.704945
0.0168977	0.919077	0.411766
0.854313	0.192383	0.487649
0.295176	0.944911	0.178008
0.445255	0.460881	0.781121
0.168605	0.81904	0.549364
0.0936257	0.0799806	0.995768
0.467471	0.640188	0.619537
0.592134	0.324655	0.744607
0.478687	0.655548	0.599653
0.903427	0.313194	0.298567
0.0427687	0.909669	0.418546
0.808914	0.541772	0.254511
0.725366	0.1461	0.695467
0.248635	0.944744	0.282559
0.370984	0.848473	0.428163
0.0560188	0.409135	0.918565
0.381434	0.818954	0.467938
0.214486	0.95217	0.291286
0.600564	0.0909558	0.826844
0.417873	0.434368	0.818417
0.806972	0.0653008	0.598096
0.906051	0.4342	0.014931
0.735482	0.538294	0.442099
0.332114	0.558619	0.762192
0.326541	0.84827	0.437538
0.730562	0.675277	0.194615
0.586736	0.800715	0.155161
0.561065	0.649653	0.521382
0.366847	0.864789	0.368297
0.419192	0.0719455	0.912825
0.161232	0.7594	0.658637
0.0800613	0.69991	0.727341
0.64739	0.73743	0.241606
0.221496	0.495473	0.845588
0.170957	0.404812	0.908149
0.659462	0.580728	0.543326
0.0850376	0.52158	0.859377
0.636432	0.548367	0.564174
0.959806	0.203082	0.230597
0.398357	0.491363	0.789499
0.716429	0.707614	0.140937
0.942143	0.0486186	0.382926
0.513398	0.522894	0.688762
0.440064	0.462655	0.778303
0.538428	0.562496	0.637031
0.210083	0.214877	0.965618
0.939078	0.194395	0.336289
0.129797	0.57821	0.823817
0.370585	0.898813	0.275609
0.724075	0.150438	0.677701
0.713352	0.622275	0.331726
0.425245	0.875597	0.24292
0.543082	0.173921	0.8403
0.497923	0.719176	0.546585
0.199673	0.864981	0.510186
0.484381	0.499336	0.748433
0.541813	0.813807	0.233807
0.584623	0.112148	0.810332
0.306015	0.937522	0.188322
0.347996	0.904003	0.282183
0.370628	0.097023	0.928163
0.890688	0.449895	0.149426
0.85613	0.399832	0.366939
0.389067	0.886488	0.28642
0.112372	1.56527e-11	0.998605
0.310017	0.66562	0.690149
0.022317	0.651025	0.766993
0.861897	0.498975	0.121482
