6.12629e-17	7.8521e-29	1.0005
4.00396e-17	4.71137e-17	1.00975
9.8962e-32	6.12561e-17	1.00039
0.476485	0.879203	1.22623e-17
0.054896	0.171461	0.984384
0.842179	0.0448121	0.538035
0.038261	0.469683	0.90167
0.616349	0.706157	0.37093
0.717644	0.552056	0.439628
0.446451	0.428787	0.794057
0.809343	0.586437	0.058907
0.457761	0.122594	0.885124
0.657894	0.506092	0.567123
0.829429	0.580185	0.0111803
0.356732	0.759786	0.544734
0.96598	0.259073	0.0380439
0.951714	0.228198	0.239906
0.817197	0.411093	0.406559
0.689647	0.189138	0.720022
0.161525	0.451924	0.88395
0.408501	0.861021	0.319735
0.452123	0.434234	0.786029
0.856307	0.0520396	0.517657
0.207812	0.36847	0.909799
0.13215	0.995793	0.0240293
0.246676	0.0773056	0.969519
0.193836	0.489436	0.856906
0.00782869	0.852792	0.560741
0.263012	0.0916849	0.960633
0.627395	0.270227	0.731319
0.214711	0.249152	0.945851
0.157754	0.32872	0.935098
0.865006	0.481951	0.149318
0.777733	0.53576	0.330702
0.537414	0.148916	0.833137
0.332178	0.907833	0.267599
0.364014	0.0590629	0.93115
0.554221	0.347277	0.760417
0.330852	0.902871	0.277303
0.506036	0.58455	0.649269
0.427519	0.871067	0.256935
0.607656	0.436337	0.667252
0.185308	0.914359	0.39716
0.0657205	0.477881	0.876588
0.958113	0.260691	0.131344
0.684726	0.460204	0.569649
0.131343	0.736707	0.667462
0.196919	0.971653	0.212498
0.647134	0.750938	0.157043
0.315974	0.662556	0.68832
0.79191	0.0343071	0.631296
0.757876	0.422262	0.499652
0.282691	0.701958	0.656896
0.847977	0.0238889	0.542202
0.286427	0.515277	0.809298
0.482662	0.186151	0.857717
0.30899	0.301582	0.906806
0.723568	0.621412	0.307382
0.275919	0.651127	0.709319
0.909215	0.37538	0.192928
0.077181	0.971001	0.28524
0.148662	0.498971	0.871398
0.560909	0.841788	0.143708
0.919835	0.255041	0.304371
0.250162	0.81805	0.527796
0.878427	0.321741	0.358988
0.567228	0.6942	0.444207
0.520012	0.141167	0.84374
0.0817581	0.565781	0.824615
0.0907677	0.918016	0.416176
0.991254	0.11947	0.0734163
0.219553	0.52678	0.841012
0.947342	0.0321446	0.338361
0.886866	0.216677	0.427028
0.871094	0.499338	0.0672606
0.512662	0.595306	0.625702
0.411052	0.0172211	0.914763
0.845467	0.405644	0.352124
0.474771	0.636555	0.609109
0.663456	0.721027	0.222816
0.0330404	0.379508	0.927189
0.242478	0.308115	0.930139
0.622937	0.264457	0.771955
0.86273	0.235405	0.456368
0.704506	0.626301	0.378733
0.402651	0.475827	0.802317
0.12976	0.727829	0.680401
0.942507	0.177628	0.311596
0.770468	0.0834239	0.652696
0.755184	0.652367	0.0879366
0.788476	0.288795	0.553641
0.736774	0.283161	0.618455
0.699564	0.605711	0.431077
0.230956	0.55995	0.807049
0.686898	0.198602	0.719941
0.401985	0.834661	0.388967
0.811862	0.0966819	0.579364
0.816652	0.391961	0.451822
0.373375	0.927138	0.097537
0.0265109	0.530147	0.850515
0.710289	0.0121863	0.708454
0.00106475	0.308779	0.954628
0.00128524	0.339818	0.946577
0.964018	0.272458	0.125918
0.68112	0.225901	0.697733
0.311972	0.934627	0.188472
0.591131	0.713098	0.39527
0.544455	0.68663	0.490199
0.899032	0.398266	0.192858
0.496233	0.135169	0.859244
0.368023	0.775663	0.518833
0.605094	0.278294	0.749139
0.542844	0.684598	0.498194
0.955111	0.143773	0.313796
0.149844	0.511118	0.863365
0.531175	0.705984	0.478272
0.293154	0.958638	0.0175245
0.385959	0.887096	0.294035
0.431464	0.71794	0.55007
0.563426	0.807815	0.233457
0.499107	0.00803172	0.870592
0.419585	0.893652	0.168585
0.0176081	0.980764	0.251298
0.454804	0.129306	0.904714
0.0421621	0.520636	0.859614
0.217436	0.119263	0.97264
0.897246	0.354412	0.282276
0.234278	0.787285	0.590721
0.172731	0.494675	0.852906
0.667403	0.729922	0.156684
0.0722769	0.985083	0.165276
0.428206	0.753401	0.505399
0.0964543	0.795528	0.602121
0.0503067	0.581764	0.814336
0.775444	0.543774	0.322795
0.891787	0.05171	0.459153
0.637319	0.771238	0.167242
0.454347	0.44023	0.77778
0.460825	0.623716	0.651227
0.929064	0.0192321	0.404308
0.677125	0.11616	0.737194
0.74266	0.203836	0.642428
0.377682	0.831239	0.409692
0.0190603	0.963019	0.346151
0.884791	0.439619	0.186165
0.936855	0.00382893	0.350704
0.0213415	0.825577	0.584104
0.909849	0.0478228	0.423614
0.875887	1.12263e-12	0.489838
0.302807	0.647493	0.716967
0.548895	0.692229	0.476609
0.00496842	0.95446	0.361802
0.572281	0.675957	0.469105
0.0575523	0.794387	0.628238
0.693805	0.443525	0.568578
0.28076	0.876919	0.399052
0.587358	0.637152	0.555732
0.531426	0.745346	0.406838
0.92442	0.240146	0.304551
0.335799	0.111659	0.939586
0.105761	0.813209	0.593911
0.105524	0.811388	0.598296
0.705674	0.574713	0.422312
0.0720573	0.925512	0.377218
0.638752	0.75527	0.180805
0.582636	0.568834	0.588139
0.996462	0.0338113	0.119854
0.783056	0.232225	0.582546
0.0379787	0.378501	0.925868
0.0130226	0.669953	0.754882
0.813741	0.395978	0.450103
0.472003	0.602559	0.652395
0.682149	0.741342	0.0297128
0.437029	0.822085	0.390904
0.165806	0.220437	0.962172
0.527492	0.848381	0.0820322
0.260809	0.615471	0.746225
0.745252	0.52218	0.421913
0.636305	0.784391	0.143492
0.984676	0.154533	0.140057
0.0886184	0.725046	0.68581
0.298721	0.933018	0.21664
0.374158	0.929082	0.0806433
0.873075	0.317519	0.381549
0.256427	0.60063	0.766402
0.625881	0.27956	0.742324
0.640584	0.0506839	0.770814
0.175098	0.31908	0.935038
0.127717	0.962272	0.255005
0.15573	0.974379	0.173593
0.260223	0.954656	0.257658
0.986867	0.0115523	0.200519
0.970481	0.241421	1.22628e-17
6.65744e-12	1.00801	0.000256585
9.48183e-28	6.12411e-17	1.00014
4.00396e-17	4.71137e-17	1.00975
0.882125	0.286978	0.379255
0.61566	0.761604	0.217495
0.0898784	0.0957494	0.994126
0.838625	0.540645	0.0908185
0.148338	0.18674	0.973875
0.284602	0.0674699	0.958007
0.0796585	0.387187	0.925715
0.235706	0.955176	0.207079
0.230235	0.778601	0.58474
0.897195	0.100238	0.450776
0.102027	0.999348	0.0318823
0.448575	0.634659	0.63372
0.208094	0.658988	0.726732
0.0501725	0.491437	0.872311
0.734821	0.525688	0.434002
0.211147	0.971317	0.151766
0.575907	0.463127	0.685126
0.151403	0.190598	0.972
0.664614	0.546232	0.54435
0.221581	0.308092	0.930128
0.354296	0.425721	0.835496
0.69115	0.340509	0.679894
0.491986	0.653371	0.586904
0.966501	0.0852961	0.251621
0.918834	0.355551	0.178324
0.496692	0.702737	0.512863
0.598708	0.719776	0.35756
0.134795	0.114535	0.98544
0.65066	0.320305	0.711292
0.193745	0.726129	0.663176
0.953813	0.299795	0.130603
0.238468	0.692078	0.697095
0.786031	0.0789922	0.61762
0.697502	0.568783	0.439203
0.627985	0.673452	0.400541
0.989434	0.144766	0.113781
0.987849	0.162729	0.123635
0.553576	0.826632	0.172874
0.00402507	0.176718	0.984768
0.269354	0.520646	0.812837
0.2023	0.99075	0.00557616
0.549939	0.835533	0.0863592
0.608077	0.746901	0.278776
0.569302	0.0445087	0.829725
0.385334	0.887991	0.289731
0.510597	0.42145	0.761145
0.254093	0.452865	0.860236
0.366303	0.702428	0.626956
0.357672	0.935904	0.106506
0.603484	0.737777	0.344505
0.767115	0.622499	0.196689
0.906361	0.311164	0.319475
0.867674	0.295303	0.408669
0.623707	0.749444	0.269785
0.815168	0.169933	0.558683
0.00843254	0.84279	0.549476
0.263996	0.765275	0.600581
0.34754	0.403865	0.849826
0.111574	0.414987	0.911383
0.471262	0.617451	0.646587
0.758243	0.0514922	0.653717
0.293013	0.302496	0.915642
0.925475	0.364694	0.151879
0.791018	0.552866	0.281056
0.0447521	0.946141	0.331027
0.30697	0.443726	0.845748
0.0307583	0.551033	0.851971
0.672407	0.491776	0.555554
0.186892	0.911084	0.396757
0.161147	0.557896	0.823578
0.416317	0.679633	0.607077
0.901984	0.349541	0.256012
0.718849	0.695772	0.028919
0.60306	0.262153	0.755787
0.999869	0.0847545	0.0042185
0.7459	0.437946	0.507423
0.426766	0.122528	0.902204
0.503863	0.0292404	0.865053
0.0178736	0.332723	0.945985
0.317134	0.122897	0.94783
0.0241049	0.398232	0.923611
0.637416	0.683565	0.360083
0.29186	0.03663	0.963055
0.818936	0.466791	0.336945
0.49859	0.411845	0.76426
0.342348	0.819621	0.487436
0.750025	0.567058	0.341855
0.489828	0.0101186	0.882621
0.355377	0.202787	0.915316
0.878932	0.488129	0.0414314
0.702134	0.724857	0.134538
0.976152	0.0277474	0.226131
0.278683	0.107996	0.955027
0.58548	0.810852	0.143712
0.980704	0.206399	0.00856659
0.804214	0.610703	0.0151267
0.581471	0.226451	0.796901
0.569305	0.788451	0.269241
0.00466153	0.661711	0.750573
0.528049	0.418485	0.741377
0.335416	0.823973	0.488409
0.825455	0.473646	0.32352
0.994208	0.103028	0.0594783
0.228083	0.924286	0.347597
0.541607	0.681816	0.496764
0.79592	0.0334931	0.623158
0.215242	0.257352	0.952501
0.0169536	0.769532	0.681745
0.461434	0.724775	0.535548
0.824457	0.155788	0.560955
0.178179	0.52364	0.841926
0.36958	0.210892	0.907091
0.847721	0.501806	0.187221
0.656662	0.439502	0.615657
0.625176	0.767904	0.160317
0.28813	0.846767	0.466262
0.742097	0.0167863	0.706881
0.50761	0.867163	0.0168572
0.274645	0.2192	0.938492
0.759749	0.446077	0.478664
0.174195	0.866186	0.473078
0.434479	0.803787	0.417633
0.782707	0.576896	0.23642
0.036055	0.92758	0.393246
0.817217	0.0516625	0.576164
0.392696	0.507735	0.771924
0.849011	0.160427	0.522107
0.434842	0.599822	0.676255
0.852693	0.00273516	0.529671
0.730062	0.69668	0.000256872
0.781489	0.27261	0.563726
0.683832	0.668534	0.305689
0.662349	0.607273	0.443639
0.872496	0.183357	0.455253
0.464756	0.541905	0.702283
0.372814	0.853523	0.4073
0.535653	0.111731	0.840521
0.325532	0.94929	0.0242424
0.0940614	0.921326	0.38353
0.865474	0.181881	0.467935
0.84059	0.480551	0.260434
0.201418	0.280057	0.941946
0.585563	0.470892	0.671533
0.944821	0.273434	0.195208
0.164863	0.259697	0.956107
0.710074	0.69872	0.230974
0.429117	0.833173	0.353671
0.479555	0.826346	0.302209
0.97415	0.0196787	0.254183
0.461686	0.131801	0.88408
0.325791	0.933116	0.159842
0.70522	0.507468	0.515774
0.381793	0.151291	0.912545
0.950302	0.230348	0.22681
0.217127	0.629798	0.756567
0.152864	0.76607	0.655083
0.853058	0.24104	0.463567
0.591346	0.233875	0.782996
0.341322	0.942611	0.0475878
0.244583	0.953854	0.205992
0.913713	0.315214	0.259977
0.761635	0.40825	0.505998
0.93157	0.345987	0.179866
0.412615	0.0867119	0.916975
0.198973	0.981097	0.0490233
0.328534	0.940974	0.102263
0.191667	0.975972	0.200481
0.82953	0.252008	0.513307
0.39887	0.840157	0.386186
0.0500167	0.394243	0.920006
0.408726	0.793719	0.458614
0.737055	0.644698	0.242849
0.117751	0.371533	0.923899
0.253693	0.38544	0.894752
0.843029	0.328313	0.43031
0.941535	0.319693	0.11897
0.263208	0.762992	0.603809
0.313326	0.865296	0.399139
0.405006	0.786493	0.474538
0.453569	0.0410932	0.891672
0.132189	0.596452	0.8018
0.795713	0.586448	0.231119
0.55799	0.833224	0.0564382
0.645288	0.511065	0.574667
0.857454	0.0582296	0.518414
0.193944	0.721352	0.669448
0.352538	0.92856	0.148065
0.48442	0.877758	0.0548454
1.00133	0.00162138	0.00194804
0.0130431	1.00197	0.0745319
5.55502e-28	6.12542e-17	1.00036
0.415508	0.909619	1.22624e-17
2.32761e-17	5.75237e-17	1.01343
0.466119	0.882205	0.121951
0.871686	0.497734	0.0372808
0.0956284	0.974611	0.231192
0.491216	0.323682	0.815988
0.476075	0.607717	0.639849
0.621091	0.78728	0.0456696
0.331649	0.877421	0.372366
0.0663509	0.86861	0.498663
0.927629	0.115743	0.362316
0.722771	0.0494989	0.690384
0.86317	0.119384	0.492827
0.816255	0.560528	0.178735
0.292672	0.960742	0.0996231
0.669686	0.504009	0.547891
0.676581	0.674459	0.321642
0.733989	0.66601	0.162803
0.963783	0.111062	0.267455
0.166349	0.966305	0.21388
0.487536	0.143558	0.867362
0.903975	0.39121	0.21705
0.999184	0.0947036	0.0209085
0.895391	0.233285	0.386208
0.191211	0.127762	0.975827
0.373946	0.707754	0.600723
0.805796	0.613296	0.0146636
0.172911	0.743617	0.663034
0.0114529	0.336092	0.964805
0.899938	0.0457173	0.436848
0.321798	0.895958	0.337837
0.94	0.27674	0.212332
0.269047	0.307877	0.924944
0.407386	0.373813	0.834328
0.386515	0.92309	0.151929
0.531725	0.807252	0.263434
0.993288	0.137381	0.058156
0.358223	0.241578	0.903955
0.57802	0.43	0.708807
0.345954	0.84198	0.418711
0.211821	0.101633	0.978539
0.144809	0.627527	0.766581
0.103151	0.598045	0.799636
0.324178	0.594445	0.737983
0.600881	0.795453	0.0988857
0.390619	0.568816	0.733689
0.35941	0.851674	0.397048
0.482184	0.484973	0.731187
0.0785882	0.516997	0.85589
0.41243	0.720516	0.597938
0.0128631	0.988139	0.171185
0.679314	0.580157	0.46245
0.547422	0.61939	0.563415
0.871039	0.263005	0.424911
0.263543	0.157228	0.95825
0.0365711	0.551534	0.836249
0.974616	0.226229	0.0721369
0.129653	0.0381388	0.99355
0.434388	0.181425	0.898674
0.705618	0.412561	0.579375
0.571905	0.376401	0.732009
0.438807	0.88502	0.204306
0.240885	0.519432	0.826829
0.986259	0.0705955	0.167749
0.765126	0.0252167	0.650807
0.499527	0.658817	0.564462
0.581684	0.701489	0.425568
0.234532	0.600888	0.774136
0.745655	0.0892197	0.672105
0.00829246	0.87453	0.521941
0.194063	0.363937	0.91439
0.0170166	0.948356	0.329788
0.29631	0.825568	0.500569
0.820331	0.542116	0.202543
0.539734	0.190786	0.826675
0.920181	0.345381	0.212976
0.780645	0.156177	0.610484
0.281569	0.247168	0.929928
0.274464	0.314076	0.909919
0.753181	0.526428	0.402989
0.60759	0.776219	0.190175
0.552892	0.835693	0.0667913
0.493259	0.0337808	0.871741
0.598108	0.21142	0.779506
0.736071	0.206018	0.658319
0.674798	0.249972	0.697315
0.658961	0.750101	0.0891579
0.500286	0.319873	0.810132
0.952707	0.291009	0.0950506
0.927026	0.303233	0.258967
0.646335	0.438085	0.627924
0.366065	0.780615	0.518938
0.187852	0.574627	0.797392
1.00011	0.0778314	0.00946396
0.692761	0.18415	0.698364
0.757427	0.484284	0.451277
0.526664	0.818058	0.256099
0.662588	0.668595	0.352351
0.661398	0.0598789	0.751153
0.724489	0.547802	0.446969
0.0237258	0.364419	0.933427
0.717875	0.0204417	0.697015
0.107001	0.350326	0.937477
0.796901	0.0570414	0.604853
0.0567076	0.766429	0.673878
0.686219	0.588378	0.429773
0.448365	0.536423	0.718098
0.42597	0.203302	0.887847
0.866862	0.508053	0.144625
0.277715	0.891911	0.381254
0.313668	0.0818842	0.951749
0.300913	0.953595	0.0619762
0.451724	0.726991	0.533663
0.797823	0.493324	0.34943
0.136198	0.643641	0.756199
0.0582183	0.352362	0.946372
0.227522	0.272207	0.93823
0.586704	0.771574	0.275014
0.88013	0.273755	0.391019
0.0239635	0.782043	0.633263
0.222401	0.943386	0.31709
0.349182	0.93491	0.123254
0.533918	0.836115	0.239492
0.586203	0.218982	0.784165
0.814831	0.501499	0.30645
0.456954	0.169274	0.876162
0.906976	0.422298	0.0573475
0.712221	0.539283	0.466825
0.885488	0.424864	0.194186
0.545436	0.691382	0.484192
0.201348	0.0711725	0.982597
0.564124	0.268549	0.782931
0.834511	0.214992	0.510361
0.513254	0.634862	0.587921
0.423729	0.730806	0.545937
0.948804	0.335745	0.0688063
0.845431	0.248693	0.4769
0.460031	0.107176	0.888509
0.786602	0.549788	0.291508
0.302396	0.463039	0.841547
0.379197	0.506472	0.782022
0.338174	0.861585	0.386331
0.577613	0.759619	0.359848
0.792388	0.130094	0.599593
0.407546	0.906769	0.221379
0.288941	0.442436	0.855821
0.95942	0.103175	0.283347
0.456718	0.58289	0.680126
0.149063	0.748612	0.662906
0.0442392	0.995846	0.132688
0.980269	0.0147644	0.210484
0.6293	0.425527	0.666484
0.393669	0.47475	0.793283
0.554383	0.353142	0.76352
0.98296	0.0950554	0.178259
0.913026	0.355127	0.247403
0.0499824	0.963317	0.297673
0.431959	0.736091	0.532148
0.637728	0.461079	0.62098
0.39943	0.919563	0.0734808
0.218185	0.687193	0.713259
0.524233	0.152661	0.842605
0.443034	0.530045	0.726013
0.324993	0.800461	0.51315
0.956781	0.224992	0.194332
0.156603	0.639379	0.764915
0.339125	0.433842	0.837929
0.504893	0.185806	0.848359
0.216385	0.900787	0.394581
0.128629	0.68416	0.722164
0.181154	0.457883	0.873062
0.825291	0.221109	0.529468
0.0755311	0.988789	0.142739
0.548716	0.696508	0.472832
0.254686	0.802155	0.543718
0.870122	0.0218687	0.502292
0.651575	0.0589897	0.759959
0.954141	0.285059	0.131716
0.0294992	0.865666	0.529729
0.507396	0.647568	0.57579
0.613873	0.178203	0.771597
0.75877	0.090789	0.657041
0.919209	0.294164	0.265357
0.799567	0.469271	0.408006
0.21464	0.0174522	0.984023
0.639571	0.188187	0.748896
0.00923222	0.95886	0.298662
0.839682	0.522364	0.189582
0.119104	0.633496	0.767268
0.590288	0.210748	0.792263
0.95037	0.300167	0.136818
0.854327	0.282137	0.450138
0.977479	0.195556	0.132381
0.856947	0.221507	0.480645
0.0417401	0.917976	0.414742
0.994571	0	0.185247
1.00121	0.00196611	0.00198595
0.0671627	0	1.00245
0.870624	0.0912871	0.503907
0.809727	0.111554	0.597821
0.328305	0.918635	0.260084
0.710537	0.687533	0.160576
0.282028	0.960504	0.0159269
0.801678	0.202277	0.570474
0.247675	0.343324	0.919942
0.22242	0.186355	0.972354
0.0586336	0.303648	0.962619
0.338457	0.945464	0.143204
0.344092	0.236696	0.935817
0.200998	0.679309	0.722142
0.608468	0.490238	0.643664
0.881281	0.139476	0.459071
0.949421	0.316319	0.0932878
0.599111	0.228984	0.769457
0.675403	0.133627	0.738982
0.764205	0.192822	0.624039
0.183577	0.932178	0.33287
0.530608	0.0735665	0.85206
0.200855	0.856367	0.481521
0.396588	0.770964	0.516371
0.731903	0.436499	0.564635
0.74444	0.664556	0.116811
0.17874	0.775338	0.632079
0.352023	0.576747	0.758386
0.471971	0.526843	0.71025
0.644219	0.700682	0.309202
9.36009e-16	0.799014	0.606568
0.0510063	0.852889	0.531164
0.357966	0.425253	0.833423
0.559166	0.829119	0.0741282
0.237102	0.0508083	0.975048
0.657982	0.744044	0.1305
0.976531	0.0143824	0.233019
0.131079	0.874038	0.469447
0.00249006	0.281699	0.983374
0.190088	0.709146	0.681868
0.505673	0.782138	0.411296
0.380232	0.0442577	0.925463
0.780356	0.218652	0.591042
0.4723	0.107463	0.879256
0.855112	0.12552	0.511263
0.907054	0.177532	0.41923
0.915023	0.320235	0.252288
0.648402	0.658606	0.390968
0.603153	0.804786	0.0236468
0.208039	0.608696	0.770481
0.622494	0.453128	0.640627
0.424944	0.419093	0.817309
0.921664	0.37377	0.127657
0.234337	0.524602	0.839589
0.625377	0.0836459	0.78137
0.3064	0.896487	0.327935
0.862799	0.234087	0.475646
0.300097	0.271489	0.914989
0.116497	0.0841808	0.991897
0.0637877	0.999584	0.0480661
0.670427	0.748371	0.0814085
0.57228	0.789705	0.272981
0.417191	0.461867	0.784776
0.844959	0.218117	0.493895
0.987038	0.150451	0.086862
0.77122	0.371083	0.52472
0.661777	0.738715	0.202268
0.028217	0.957199	0.293866
0.939176	0.251767	0.241601
0.332841	0.455354	0.826601
0.0777072	0.971893	0.237749
0.657304	0.594644	0.464442
0.720527	0.699204	0.0435398
0.429195	0.0526581	0.907487
0.161988	0.822555	0.550763
0.214715	0.632055	0.749228
0.704727	0.6397	0.316213
0.161414	0.819638	0.557087
0.381699	0.833181	0.406821
0.0786065	0.98314	0.192215
0.174627	0.546723	0.824669
0.494503	0.765654	0.417725
0.388907	0.443622	0.811541
0.25659	0.954228	0.169295
0.91221	0.279082	0.305533
0.791825	0.572814	0.235073
0.965166	0.209076	0.21068
0.50987	0.673351	0.53631
0.898904	0.215758	0.395544
0.468151	0.0485867	0.88377
0.0194608	0.97402	0.245161
0.63471	0.532012	0.563422
0.353273	0.0397943	0.944877
0.463394	0.560527	0.696795
0.891054	0.170597	0.439319
0.481413	0.350462	0.810978
0.68451	0.585674	0.436236
0.521993	0.733652	0.44351
0.935356	0.0369189	0.385457
0.743584	0.0661333	0.674474
0.252042	0.890098	0.399734
0.16865	0.713607	0.681017
0.868524	0.116385	0.490462
0.458057	0.303322	0.840433
0.953589	0.245096	0.197261
0.406244	0.652512	0.652766
0.107802	0.845658	0.52876
0.529383	0.0308214	0.861688
0.277008	0.377924	0.893305
0.979949	0.155092	0.15672
0.701067	0.697165	0.211215
0.832405	0.027236	0.560712
0.258114	0.394677	0.890208
0.564151	0.829903	0.0325392
0.124281	0.862677	0.49254
0.926529	0.321887	0.21914
0.948612	0.319894	0.10939
0.957877	0.327566	0.00115152
0.787909	0.161329	0.611212
0.083216	0.240036	0.97073
0.313215	0.916459	0.272042
0.633581	0.238801	0.76218
0.264115	0.713407	0.654685
0.589034	0.784445	0.216053
0.973617	0.147189	0.177877
0.785153	0.62724	0.150006
0.28579	0.60588	0.744868
0.818857	0.547833	0.197864
0.872848	0.469294	0.153953
0.583791	0.812307	0.0770332
0.037269	0.949384	0.334708
0.317118	0.554893	0.771394
0.99252	0.203224	0.0654539
0.942568	0.257131	0.225033
0.394146	0.539224	0.749663
0.144758	0.990726	0.0366383
0.487423	0.0567343	0.872323
0.10903	0.638091	0.783504
0.737381	0.61688	0.281634
0.824484	0.501984	0.273891
0.677008	0.240706	0.702777
0.367733	0.726501	0.616599
0.375937	0.289126	0.881422
0.259799	0.362378	0.900582
0.577215	0.803022	0.177532
0.884286	0.367961	0.297708
0.839953	0.556211	0.0510041
0.490778	0.404794	0.793445
0.0953782	0.662051	0.744075
0.390299	0.882119	0.282577
0.438256	0.57992	0.69084
0.929992	0.149239	0.344221
0.895875	0.318761	0.321578
0.756089	0.539733	0.377675
0.753971	0.655138	0.150234
0.776496	0.00102168	0.637817
0.741059	0.643648	0.217473
0.578229	0.592461	0.571721
0.0595972	0.906053	0.427184
0.447766	0.88382	0.16091
0.679462	0.585975	0.451527
0.150757	0.275846	0.952436
0.974955	0.160706	0.162214
0.591984	0.425478	0.689109
0.0122348	0.496604	0.877501
0.420276	0.335213	0.845605
0.37929	0.935719	0.0287165
0.695087	0.630111	0.352491
0.373687	0.902328	0.231926
0.697361	0.618031	0.366836
0.699915	0.598471	0.397919
0.410725	0.912491	0.0990998
0.830739	0.0348403	0.562049
0.963601	0.00752741	0.281405
0.090387	0.840944	0.543139
0.693278	0.484706	0.537992
0.137481	0.990376	0.102375
0.837127	0.119513	0.538848
0.405318	0.569736	0.739367
0.323515	0.265096	0.91206
0.457832	0.673501	0.583063
0.140101	0.730989	0.676941
0.405781	0.570532	0.728971
0.541409	0.729324	0.430965
0.293296	0.878074	0.386313
0.902923	0.387785	0.187153
0.646941	0.509026	0.575187
0.94098	0.179763	0.321293
0.629172	0.514452	0.585227
0.690189	0.630761	0.36809
0.731996	0	0.693986
0.909488	0.29479	0.297178
0.923468	0.361102	0.161196
0.324526	0.9179	0.230345
0.903968	0.429085	0.0809339
0.763724	0.535021	0.384468
0.479284	0.879067	0.0264343
0.019574	0.479157	0.878718
0.258603	0.703063	0.67562
0.504907	0.770262	0.401381
0.054092	1.0004	0.0418301
0.874941	0.250689	0.417882
0.476102	0.8746	0.186515
0.331157	0.639696	0.709488
0.817991	0.423195	0.401378
0.35682	0.723755	0.594001
0.225215	0.733043	0.655979
0.778565	0.197524	0.603714
0.419797	0.83689	0.355804
0.64738	0.348236	0.679748
0.339631	0.0380192	0.948122
0.00792742	0.578254	0.824733
0.804748	0.400166	0.452349
0.442734	0.346466	0.835286
0.650486	0.762635	0.00984906
0.213107	0.965056	0.206154
0.706998	0.437817	0.56175
0.290838	0.889578	0.363563
0.712288	0.614599	0.344233
0.928994	0.102405	0.370637
0.989319	0.0136329	0.150987
0.726154	0.515989	0.4747
0.56302	0.800479	0.233774
0.881677	0.454675	0.142207
0.93679	0.324924	0.147593
0.122714	0.584246	0.817961
0.921242	0.295614	0.263867
0.88951	0.213062	0.419774
0.384005	0.262388	0.903852
0.484728	0.0769375	0.873999
0.690197	0.637513	0.385943
0.905818	0.0311131	0.43392
0.736861	0.0537428	0.685162
0.793305	0.587857	0.181622
0.634048	0.591561	0.504376
0.404279	0.92558	0.0144169
0.426009	0.501569	0.762585
0.265712	0.562085	0.786302
0.861669	0.443335	0.255509
0.282309	0.524938	0.816647
0.0653123	0.969515	0.243516
0.0457442	0.11599	0.995182
0.15947	0.989532	0.0579923
0.528114	0.264737	0.80941
0.955821	0.209611	0.223504
0.102794	0.216414	0.974324
0.618777	0.739683	0.271818
0.92283	0.414303	0.118226
0.969551	0.154181	0.226849
0.722053	0.105905	0.698011
0.248558	0.975015	0.0601958
0.995679	0.0930834	0.129984
0.721624	0.508208	0.487406
0.0777809	0.495329	0.867279
0.00877974	0.997004	0.108955
0.072888	0.459032	0.897769
0.598324	0.670903	0.449941
0.112903	0.0623093	0.997329
0.209893	0.60456	0.775233
0.51296	0.544002	0.693853
0.203102	0.411961	0.892362
0.438125	0.272636	0.85945
0.0906854	0.715722	0.708543
0.696813	0.554762	0.464719
0.447917	0.31437	0.853331
0.127625	0.244135	0.962361
0.116925	0.771265	0.646015
0.154251	0.70873	0.712352
0.279119	0.931458	0.280259
0.172616	0.802445	0.573221
0.965338	0.22465	0.141661
0.828979	0.305688	0.479555
0.573932	0.633616	0.526111
0.59215	0.621897	0.522741
0.727855	0.654563	0.233322
0.809116	0.572488	0.177211
0.377431	0.928196	0.022848
0.755941	0.269182	0.602966
0.292769	0.895484	0.35052
0.136645	0.152323	0.980301
0.147917	0.814638	0.582833
0.844839	0.0460629	0.541954
0.825543	0.279173	0.493276
0.747874	0.549362	0.377332
0.309321	0.747204	0.610533
0.644206	0.697933	0.328034
0.388027	0.863102	0.331429
0.371278	0.277499	0.900809
0.847309	0.286206	0.457664
0.942596	0.446333	0.00361886
0.740908	0.386667	0.552622
0.792417	0.178945	0.590327
0.520696	0.682802	0.523181
0.816204	0.571785	0.195377
0.857179	0.245599	0.462457
0.16881	0.833772	0.533839
0.494946	0.783034	0.382737
0.566594	0.528628	0.658842
0.0512263	0.240856	0.97098
0.0593078	0.696072	0.724045
0.580999	0.206887	0.790568
0.451677	0.829733	0.380212
0.149114	0.984378	0.113827
0.916459	0.00950233	0.42982
0.197887	0.50759	0.841059
0.864256	0.330922	0.393349
0.999167	0.0031143	0.133873
0.371804	0.0853109	0.932929
0.497391	0.0228319	0.869904
0.0968441	0.794514	0.609497
0.266726	0.819602	0.52048
0.962205	0.204086	0.221106
0.656171	0.692707	0.321422
0.967112	0.166459	0.224143
0.233141	0.754987	0.63121
0.353364	0.747878	0.564619
0.68204	0.742765	0.0128522
0.132395	0.067115	0.991913
0.454255	0.843406	0.332823
0.395654	0.807552	0.450103
0.781452	0.188407	0.610946
0.612532	0.59282	0.537693
0.285902	0.92969	0.269778
0.264325	0.951613	0.182759
0.586075	0.463115	0.668773
0.0846607	0.173404	0.987076
0.623453	0.60339	0.508097
0.636807	0.77718	0.0599991
0.335556	0.912276	0.280159
0.177746	0.52659	0.849003
0.472315	0.470616	0.772649
0.0195958	0.674348	0.739458
0.468167	0.877824	0.172776
0.786198	0.0206473	0.634828
0.338454	0.712551	0.624555
0.699257	0.326783	0.658272
0.663379	0.143881	0.7424
0.0297466	0.996413	0.0964234
0.614151	0.316713	0.735242
0.971076	0.225631	0.101106
0.973231	0.186775	0.159718
0.719375	0.0524675	0.708449
0.203686	0.381006	0.927034
0.532533	0.41277	0.747977
0.270861	0.736389	0.627905
0.675983	0.540382	0.51505
0.660849	0.241192	0.728608
0.306332	0.596106	0.743714
0.0353477	0.166854	0.987516
0.595853	0.629031	0.508917
0.113837	0.885631	0.458047
0.552556	0.78011	0.318826
0.599377	0.269468	0.761537
0.505361	0.679205	0.54227
0.851978	0.316047	0.43841
0.0259593	0.97421	0.246468
0.237429	0.57354	0.79942
0.150581	0.691868	0.717855
0.158727	0.307855	0.939455
0.590871	0.127946	0.805279
0.875594	0.376064	0.312608
0.389448	0.90158	0.208679
0.193507	0.13474	0.977636
0.839368	0.0385298	0.550336
0.188858	0.730104	0.662028
0.867943	0.384877	0.388997
0.237755	0.859142	0.457286
0.432413	0.877083	0.216581
0.343763	0.427857	0.855857
0.300587	0.958411	0.0879495
0.670099	0.746109	0.0504446
0.199298	0.404244	0.894981
0.105151	0.66222	0.746737
0.294117	0.664865	0.689264
0.0769607	0.484681	0.873923
0.9928	0.118934	0.109267
0.360264	0.937569	0.09204
0.554607	0.591951	0.604813
0.709952	0.687105	0.208396
0.260592	0.848189	0.519674
0.186087	0.551301	0.829797
5.77568e-17	2.28658e-17	1.01447
0.00319143	1.0032	0
1.01697	0	0.00661931
3.74962e-33	6.1236e-17	1.00006
0.337724	0.937685	0.126163
0.677282	0.58263	0.476665
0.997276	0.0812149	0.0191679
0.783084	0.23058	0.592368
0.861173	0.461539	0.225358
0.241665	0.907456	0.354936
0.908488	0.204592	0.397983
0.485383	0.397079	0.782279
0.100946	0.793346	0.604144
0.146683	0.983386	0.146368
0.939056	0.342464	0.103573
0.955238	0.219122	0.290205
0.490093	0.494312	0.749894
0.588951	0.646963	0.514217
0.259483	0.609306	0.759615
0.508787	0.743128	0.446044
0.77723	0.16304	0.626445
0.875717	0.319539	0.400838
0.605885	0.77464	0.249896
0.523742	0.59593	0.615054
0.984032	0.02698	0.208256
0.0639142	0.62354	0.7933
0.723646	0.0424346	0.701274
0.345325	0.0211445	0.940557
0.736474	0.566792	0.385167
0.846845	0.216679	0.491445
0.57333	0.348506	0.769576
0.658196	0.439965	0.613362
0.137972	0.991886	0.0656027
0.423891	0.877062	0.255016
0.394265	0.42143	0.829241
0.302301	0.859133	0.438666
0.200385	0.416699	0.8923
0.208656	0.966894	0.156128
0.817528	0.556042	0.168216
0.783331	0.377401	0.498361
0.653913	0.760238	0.0372301
0.625933	0.0892564	0.796286
0.119715	0.414302	0.905131
0.713802	0.684792	0.179684
0.0914101	0.400717	0.919516
0.277158	0.959169	0.100741
0.313094	0.724671	0.629649
0.836738	0.298465	0.471454
0.249303	0.12108	0.966019
0.617027	0.777333	0.198789
0.947931	0.127825	0.299219
0.108316	0.950481	0.316389
0.181727	0.814058	0.554927
0.375328	0.731678	0.576282
0.699732	0.53407	0.488613
0.926298	0.337996	0.241411
0.420338	0.869709	0.279076
0.816989	0.25589	0.52059
0.463232	0.0501354	0.901988
0.929645	0.358259	0.112707
0.443556	0.514558	0.740255
0.505125	0.210185	0.842468
0.228147	0.974384	0.0555942
0.00955862	0.98707	0.171999
0.80352	0.505791	0.347907
0.1673	0.0648175	0.988006
0.0952378	0.92913	0.405164
0.0746781	0.941722	0.337732
0.231875	0.312659	0.929768
0.922406	0.383818	0.0883903
0.728423	0.109876	0.67877
0.399324	0.665984	0.641957
0.665642	0.750378	0.0391898
0.24936	0.430263	0.881774
0.265507	0.745518	0.631221
0.31701	0.388348	0.87452
0.631314	0.594391	0.52971
0.667587	0.170813	0.728772
0.952215	0.00156801	0.368194
0.434907	0.899853	0.120383
0.209225	0.242716	0.950727
0.705838	0.448139	0.552571
0.160385	0.756474	0.638071
0.272844	0.895896	0.362265
0.970165	0.056039	0.266729
0.882753	0.473104	0.0508263
0.415177	0.0165468	0.930471
0.892525	0.369329	0.273636
0.365862	0.688504	0.644559
0.350389	0.824953	0.461428
0.626027	0.767189	0.20582
0.622354	0.705769	0.344397
0.195376	0.971947	0.193706
0.688608	0.709478	0.1796
0.63584	0.754891	0.188948
0.599062	0.781812	0.178186
0.131883	0.742609	0.66041
0.0206729	0.82179	0.581673
0.297155	0.807257	0.560603
0.402886	0.530629	0.76419
0.76648	0.322381	0.568765
0.743832	0.126836	0.661451
0.989369	0.010872	0.176581
0.635392	0.286711	0.722948
0.550862	0.790249	0.283916
0.714401	0.0149072	0.714618
0.195037	0.920417	0.342218
0.0653297	0.500902	0.867347
0.219786	0.0689202	0.974735
0.279932	0.91917	0.299128
0.163281	0.916603	0.370329
0.29127	0.0407753	0.959456
0.188682	0.0716116	0.9805
0.425262	0.847538	0.320092
0.0832041	0.100652	0.994074
0.454284	0.636293	0.626912
0.0300369	0.676318	0.741586
0.0867909	0.10507	0.991188
0.833791	0.552715	0.0289508
0.404886	0.0750707	0.916367
0.270369	0.852055	0.453596
0.789493	0.380369	0.489771
0.632609	0.720091	0.309235
0.756462	0.475236	0.457308
0.285478	0.452824	0.847134
0.722613	0.248577	0.691259
0.151493	0.799041	0.586019
0.961453	0.199038	0.218114
0.690963	0.273517	0.68312
0.359734	0.141759	0.923556
0.377986	0.887569	0.330228
0.531687	0.614804	0.58935
0.432357	0.908694	0.0315562
0.207855	0.980374	0.0281976
0.555987	0.828569	0.0859992
0.972472	0.0409551	0.267155
0.440645	0.602706	0.67065
0.302169	0.139805	0.944462
0.853746	0.316056	0.423298
0.22292	0.818996	0.542093
0.470683	0.789571	0.411797
0.295679	0.674832	0.680034
0.0607172	0.862154	0.510506
0.0514233	0.296389	0.955907
0.670461	0.629841	0.412102
0.176682	0.678593	0.718787
0.107972	0.947456	0.320075
0.357777	0.147986	0.924791
0.548915	0.420983	0.734309
0.477581	0.303218	0.828399
0.214134	0.978871	0.0708048
0.759084	0.653	0.149359
0.890715	0.208234	0.409361
0.471089	0.369366	0.808439
0.82119	0.181838	0.564764
0.0241617	0.538915	0.85371
0.806552	0.500687	0.347857
0.212123	0.498098	0.851253
0.544348	0.635346	0.566657
0.0713486	0.795377	0.619252
0.927144	0.385736	0.046113
0.459143	0.176634	0.877805
0.537255	0.678693	0.504072
0.927823	0.0484642	0.384552
0.680495	0.661572	0.317464
0.969802	0.150076	0.218004
0.501898	0.573676	0.652833
0.32125	0.892711	0.326745
0.378139	0.460031	0.813695
0.42727	0.697096	0.578538
0.795798	0.317302	0.525173
0.640704	0.576215	0.530856
0.00812494	0.839021	0.549822
0.412684	0.17172	0.898474
0.202635	0.545074	0.820827
0.483198	0.179091	0.859872
0.257316	0.0811964	0.973041
0.567045	0.657815	0.505449
0.168831	0.962608	0.234114
0.114402	0.278264	0.956057
0.252743	0.874677	0.433503
6.14572e-17	1.00367	0.092128
0.374346	0.096934	0.923639
0.899068	0.199082	0.416383
0.141662	0.987607	0.116991
0.957613	0.259898	0.23064
0.126005	0.836701	0.540396
0.701853	0.292004	0.657858
0.125106	0.839313	0.541961
0.561137	0.650996	0.535081
0.496656	0.857321	0.213157
0.9067	0.201368	0.400453
0.387277	0.914099	0.150982
0.595601	0.265751	0.776688
0.149398	0.716454	0.695221
1.46717e-17	6.08059e-17	1.02153
6.1324e-17	1.83812e-32	1.0015
0.000195448	1.00352	0
0.650427	0.134517	0.757753
0.0797547	0.543326	0.840788
0.503581	0.136944	0.872465
0.651221	0.755694	0.131724
0.930025	0.335599	0.176487
0.679595	0.347468	0.652512
0.608755	0.774443	0.184724
0.248478	0.759377	0.602191
0.63868	0.0486323	0.774363
0.789591	0.602421	0.123625
0.444533	0.384068	0.811896
0.140014	0.78679	0.607079
0.315506	0.852292	0.444883
0.966426	0.0911539	0.270328
0.15651	0.497066	0.85574
0.507932	0.564723	0.680315
0.552533	0.420378	0.741498
0.347013	0.00862771	0.939862
0.325341	0.863491	0.418121
0.0417399	0.892166	0.457641
0.970732	0.00682355	0.262244
0.244003	0.933048	0.277738
0.756713	0.144582	0.658284
0.931151	0.11787	0.350321
0.285291	0.903746	0.330422
0.517585	0.551563	0.692833
0.357743	0.669219	0.69508
0.707641	0.211166	0.675857
0.702601	0.640184	0.334827
0.93845	0.311643	0.193062
0.104475	0.418722	0.904795
0.12418	0.250367	0.962544
0.441564	0.396408	0.816347
0.0266771	0.626172	0.782688
0.711674	0.317595	0.628222
0.683741	0.653232	0.332943
0.906245	0.413606	0.0909217
0.541153	0.127803	0.833509
0.221345	0.943446	0.274166
0.723805	0.0205542	0.708241
0.366393	0.836313	0.420526
0.885142	0.468973	0.0991428
0.256089	0.228868	0.954666
0.238778	0.293874	0.932204
0.375663	0.800243	0.470887
0.56594	0.620222	0.566496
0.761665	0.312518	0.571737
0.634545	0.578174	0.516761
0.600616	0.813554	0.0628105
0.0556969	0.978182	0.235906
0.997226	0.079014	0.0780532
0.401824	0.470895	0.793938
0.41052	0.369141	0.844964
0.118	0.995919	0.0587341
0.575914	0.78341	0.253129
0.16795	0.0689112	0.986563
0.180226	0.711397	0.683808
0.698928	0.72942	0.0364897
0.272777	0.970407	0.13877
0.15467	0.984862	0.107442
0.605987	0.716025	0.362229
0.172087	0.610806	0.779505
0.815227	0.257313	0.523377
0.0596579	0.91599	0.403967
0.416893	0.888072	0.205669
0.185125	0.965862	0.232366
0.945703	0.328145	0.0476111
0.629804	0.693659	0.363939
0.925507	0.27618	0.290851
0.982581	0.190793	0.0476072
0.618224	0.169922	0.779216
0.776562	0.245109	0.582542
0.959283	0.286259	0.0454766
0.927964	0.361854	0.199219
0.983741	0.0775724	0.197374
0.89568	0.0105986	0.44989
0.583063	0.518472	0.630989
0.00367119	0.431621	0.904957
0.218799	0.101825	0.970748
0.798381	0.392538	0.476033
0.1348	0.983154	0.160183
0.571537	0.841752	0.0061425
0.525524	0.737612	0.427952
0.433264	0.628886	0.652867
0.00841124	1.00049	0.000859855
0.472847	0.0973305	0.879181
0.544523	0.154813	0.829667
0.0635475	0.407386	0.914863
0.669076	0.735658	0.150784
0.0915738	0.112704	0.994611
0.947212	0.231851	0.247179
0.33673	0.410906	0.860279
0.644902	0.587611	0.490447
0.228257	0.204914	0.959132
0.530297	0.435707	0.732247
0.449069	0.117281	0.887037
0.870628	0.165878	0.480453
0.20995	0.673455	0.716609
0.991039	0.138365	0.042922
0.298614	0.847476	0.455697
0.0163168	0.98687	0.170602
0.745392	0.686404	0.0191917
0.786886	0.216094	0.593737
0.950463	0.0637906	0.307223
0.701966	0.568587	0.435995
0.646753	0.589297	0.485924
0.112029	0.738942	0.669367
0.408306	0.919449	0.0835565
0.390368	0.911059	0.167121
0.914544	0.272908	0.318391
0.385843	0.899455	0.221213
0.203948	0.538281	0.82427
0.84805	0.531671	0.051221
0.2717	0.876601	0.41223
0.730866	0.665049	0.166613
0.83198	0.19716	0.53013
0.886098	0.451883	0.228446
0.736517	0.596573	0.341409
0.414752	0.488656	0.77486
0.418687	0.355357	0.844727
0.52142	0.237974	0.821878
0.45589	0.661819	0.617049
0.733439	0.161787	0.688258
0.662286	0.599638	0.458269
0.304484	0.804657	0.56951
0.163016	0.777561	0.63926
0.418836	0.460051	0.785637
0.641426	0.705256	0.310759
0.780244	0.412261	0.542264
0.381787	0.508285	0.776615
0.693808	0.724077	0.0372344
0.13525	0.744743	0.666135
0.0188051	0.998842	0.135937
0.362803	0.904683	0.271443
5.78884e-17	2.04702e-17	1.00276
0.865876	0.440273	0.286805
0.915047	0.115415	0.395871
0.434374	0.446587	0.801098
0.0705105	0.223363	0.975417
0.280759	0.656378	0.726673
0.490993	0.87244	0.0415095
0.0246244	0.867605	0.501539
0.82172	0.299616	0.487827
0.700167	0.556102	0.458456
0.478027	0.694775	0.558258
0.807091	0.252979	0.548695
0.590275	0.802944	0.144793
0.586173	0.817377	0.115847
0.428075	0.412993	0.805245
0.580316	0.820427	0.112743
0.263742	0.949529	0.202619
0.401186	0.0344184	0.920192
0.318102	0.844277	0.434517
0.337163	0.71823	0.618291
0.890561	0.445427	0.101728
0.963678	0.0580616	0.300778
0.164161	0.374706	0.916598
0.189688	0.814401	0.553531
0.248209	0.0166406	0.993146
0.576555	0.675661	0.498798
0.609764	0.103941	0.791017
0.129961	0.993697	0.0200107
0.841038	0.26546	0.480791
0.840273	0.1729	0.535235
0.766109	0.239978	0.597779
0.795384	0.0522076	0.609542
0.293601	0.959169	0.0778222
0.0510578	0.168594	0.9904
0.995476	0.0683296	0.0853441
0.094517	0.481299	0.893286
0.593992	0.724837	0.368215
0.0597231	0.835029	0.554168
0.0670036	0.526188	0.858146
0.802424	0.612212	0.0765076
0.394888	0.923199	0.149024
0.212364	0.685162	0.697937
0.260519	0.231808	0.946278
0.386242	0.900743	0.215339
0.548983	0.746775	0.386834
0.205381	0.261281	0.949825
0.837546	0.304293	0.46382
0.886841	0.46822	0.0281659
0.75568	0.199339	0.640897
0.784547	0.0538515	0.618963
0.538497	0.662751	0.531757
0.722111	0.573531	0.398612
0.752587	0.678643	0.0754197
0.856291	0.454622	0.293827
0.0949801	0.439403	0.896553
0.998826	0.052524	1.22646e-17
1.00023	0.000129881	1.22649e-17
2.87866e-13	1.01899	0.000314596
0.259061	0.27285	0.937812
0.735823	0.341114	0.590692
0.326376	0.164485	0.933064
0.277813	0.839608	0.468141
0.0545938	0.907033	0.420286
0.310049	0.4238	0.853544
0.598148	0.817597	0.0545298
0.793245	0.583613	0.179002
0.595917	0.821942	0.100456
0.3596	0.806428	0.470388
0.482876	0.735295	0.479337
0.972229	0.110606	0.213476
0.423938	0.470764	0.775427
0.35521	0.288812	0.912217
0.65608	0.745465	0.190707
0.479407	0.775897	0.428293
0.200536	0.886269	0.430076
0.864976	0.238099	0.451661
0.528237	0.860194	0.129369
0.662237	0.752461	0.0875451
0.518041	0.229118	0.830569
0.193852	0.0591438	0.98572
0.210791	0.121525	0.970747
0.752315	0.56481	0.350522
0.977748	0.128092	0.1686
0.192829	0.974404	0.147371
0.381479	0.622437	0.694506
0.590759	0.573561	0.56969
0.135597	0.68512	0.724886
0.393004	0.913012	0.155127
0.87764	0.213935	0.461724
0.0368613	0.918685	0.425258
0.536013	0.250013	0.811309
0.943723	0.266465	0.201147
0.610673	0.799161	0.00581396
0.632903	0.694068	0.376774
0.693003	0.0410933	0.733216
0.1402	0.708374	0.699136
0.841162	0.504151	0.261399
0.919442	0.0791605	0.40866
0.14955	0.594298	0.793291
0.37028	0.850965	0.395798
0.0930586	0.736893	0.673215
0.837344	0.396358	0.38655
0.827603	0.0941527	0.556823
0.585716	0.299505	0.768099
0.620037	0.258958	0.742077
0.250337	0.948919	0.20885
0.909351	0.403579	0.119084
0.856217	0.00680031	0.532763
0.983698	0.146839	0.112956
0.618001	0.60001	0.522527
0.648545	0.536545	0.565362
0.816817	0.493629	0.305085
0.00278728	0.760292	0.661255
0.900338	0.0454385	0.435298
0.54456	0.796088	0.268031
0.900914	0.435502	0.0299728
0.0872493	0.96756	0.25041
0.103417	0.990714	0.188565
0.0572469	0.546698	0.83703
0.718119	0.310806	0.625778
0.116917	0.899558	0.427117
0.68877	0.675159	0.326986
0.293829	0.247719	0.929341
0.290671	0.367748	0.890561
0.959851	0.00869146	0.292648
0.113981	0.935905	0.352902
0.95491	0.102267	0.286688
0.454619	0.498554	0.754482
0.462044	0.276926	0.855015
0.398489	0.494171	0.777024
0.303228	0.956187	0.00970962
0.0716931	0.63745	0.768199
0.965175	0.126445	0.254191
0.0440402	0.806646	0.598121
0.643319	0.76721	0.103587
0.433137	0.646051	0.646045
0.445935	0.280127	0.852021
0.779422	0.632895	0.0415517
0.3314	0.0982522	0.946698
0.286825	0.93137	0.243559
0.824996	0.0120883	0.578761
0.479629	0.872469	0.219182
0.848106	0.0191263	0.547818
0.548797	0.233019	0.817847
0.600931	0.295709	0.758359
0.194251	0.981587	0.128534
0.621715	0.603616	0.516131
0.43806	0.220323	0.875115
0.157625	0.939893	0.32189
0.990113	0.14458	0.0449658
0.67989	0.554886	0.483095
0.48757	0.894306	0.0246588
0.0760437	0.834519	0.552146
0.0686817	0.320987	0.951802
0.657325	0.523343	0.559663
0.702835	0.667282	0.328179
0.4528	0.787213	0.435039
0.351818	0.545626	0.784309
0.874578	0.387953	0.298839
0.127126	0.755331	0.651922
0.845426	0.416021	0.369369
0.797142	0.461588	0.403515
0.186223	0.412024	0.900953
0.440544	0.715758	0.568442
0.49774	0.88086	0.0153484
0.242698	0.192438	0.954249
0.989025	0.176328	0.0119422
0.284073	0.322873	0.90647
0.978031	0.117366	0.181656
0.807289	0.0421362	0.639074
0.911017	0.373332	0.241554
0.697084	0.70781	0.134793
0.107899	0.854408	0.512164
0.861264	0.154608	0.491819
0.504323	0.830165	0.256918
0.220214	0.522942	0.824502
0.798431	0.482517	0.363496
0.556331	0.228019	0.802836
0.0196364	0.165971	0.988373
0.345985	0.427389	0.842266
0.629428	0.764033	0.144101
0.862673	0.264524	0.443345
0.928988	0.331649	0.219176
0.859576	0.137194	0.495126
0.890839	0.264112	0.382611
0.880185	0.398245	0.268229
0.182685	0.209576	0.963825
0.555518	0.0665309	0.847488
0.337656	0.186212	0.924617
0.682653	0.549229	0.492457
0.384275	0.316459	0.86848
0.043452	0.44882	0.898492
0.512057	0.616394	0.606549
0.158061	0.179148	0.973583
0.406915	0.663987	0.646829
0.0251221	0.754983	0.656996
0.215083	0.510759	0.833454
0.107378	0.969711	0.226195
0.244501	0.352826	0.904807
0.226325	0.902545	0.391116
0.996237	0.0523878	0.0720329
0.562705	0.530071	0.640142
0.74536	0.450557	0.499293
0.886201	0.467622	0.117717
0.560023	0.496469	0.678343
0.77304	0.332034	0.572118
0.78725	0.60697	0.138484
0.331465	0.557342	0.783392
0.528409	0.450893	0.728296
0.956654	0.103212	0.280209
0.234235	0.359014	0.903556
0.0276574	0.30671	0.97148
0.863739	0.515261	0.0796328
0.862593	0.375293	0.350507
0.869067	0.399008	0.310961
0.0829439	0.609749	0.796578
0.723221	0.708929	0.0373448
0.998732	0.00714821	0.0663895
0.758211	0.650686	0.0683956
0.742216	0.417431	0.529403
0.67707	0.724974	0.130732
0.795267	0.47707	0.375181
0.708317	0.53349	0.468198
0.4432	0.309439	0.859406
0.575424	0.64665	0.504384
0.0317657	0.26849	0.964739
0.238744	0.96398	0.161624
0.723777	0.362182	0.597136
0.218169	0.506842	0.841218
0.436858	0.660678	0.612814
0.407524	0.872608	0.280463
0.228178	0.431342	0.879403
0.869728	0.0867909	0.491266
0.163348	0.689722	0.716009
0.0802918	0.771061	0.635633
0.165331	0.698093	0.707555
0.234962	0.952567	0.234384
0.449528	0.0830893	0.910895
0.569602	0.461174	0.683472
0.280816	0.456613	0.845398
0.700349	0.0365545	0.720109
0.669006	0.655786	0.389648
0.229871	0.970611	0.139638
0.195395	0.432317	0.887604
0.563117	0.243698	0.794276
0.107124	0.848269	0.522439
0.454451	0.698729	0.554377
0.766804	0.362968	0.540823
0.579073	0.452776	0.688654
1.94489e-17	5.8563e-17	1.00777
1.00778	0.0706886	0
1.04124	9.24888e-07	4.88751e-08
1.00694	0	2.46701e-06
0.72278	0.452052	0.528788
0.333786	0.658584	0.68041
0.627791	0.609904	0.495586
0.865653	0.250997	0.442103
0.369899	0.0983477	0.926299
0.0701489	0.160907	0.988636
0.994351	0.061233	0.101675
0.708111	0.675891	0.241786
0.938301	0.333207	0.118976
0.903168	0.462695	0.13903
0.756861	0.595703	0.271951
1.01052	5.61149e-05	4.7433e-08
0.342592	0.0282812	0.945893
0.0609887	0.964185	0.277477
0.143988	0.404494	0.905815
0.944367	0.316169	0.105276
0.0765582	0.854309	0.534899
0.285816	0.895705	0.347422
0.627937	0.700077	0.370619
0.57192	0.30282	0.764444
0.135357	0.432358	0.898879
0.835524	0.127758	0.552922
0.961539	0.194747	0.259164
0.977403	0.0274882	0.221959
0.121162	0.243672	0.967517
0.874993	0.444554	0.266217
0.988152	0.216804	0.0317217
0.401722	0.674361	0.624999
0.0364105	0.482706	0.880235
0.322941	0.703904	0.635128
0.0936905	0.98739	0.190181
0.13639	0.414523	0.912266
0.952334	0.296235	0.152488
0.292628	0.133885	0.951833
0.393594	0.664877	0.654964
0.521016	0.171935	0.84007
0.9688	0.074346	0.263559
0.0116475	0.983063	0.200034
0.214592	0.968379	0.144904
0.0236138	0.227947	0.974797
0.688836	0.643703	0.361411
0.255949	0.471556	0.855357
0.831694	0.554651	0.124219
0.622476	0.322207	0.722997
0.585677	0.831464	0.0132098
0.51319	0.055457	0.874146
0.895522	0.0415036	0.449474
0.177326	0.331259	0.94019
0.608134	0.16963	0.790923
0.642964	0.708873	0.315375
0.116465	0.0174723	0.993691
0.841168	0.223732	0.541639
0.615142	0.045559	0.796402
0.796506	0.205243	0.577798
0.77073	0.533595	0.36016
0.382901	0.919297	0.107563
0.579177	0.793096	0.235532
0.0955595	0.950158	0.320318
0.698113	0.571233	0.434859
0.41102	0.887297	0.247106
1.00121	0.00821406	0.00795705
0.837502	0.419801	0.354887
0.442349	0.351599	0.831111
0.983981	0.17626	0.0833145
0.169081	0.687218	0.710591
0.359885	0.494142	0.807121
0.427362	0.280627	0.868997
0.370263	0.825575	0.432064
0.0216285	0.718474	0.695924
0.469202	0.751227	0.501499
0.0374066	0.729996	0.6839
0.728359	0.399865	0.56184
0.677978	0.139382	0.726864
0.41402	0.692847	0.601472
0.646356	0.0897189	0.761803
0.855706	0.524581	0.0536
0.655456	0.634998	0.41323
0.661004	0.496563	0.570775
0.531032	0.399739	0.749938
0.813471	0.386263	0.459812
0.306778	0.961399	0.0236098
0.637631	0.234388	0.752505
0.745469	0.616711	0.290734
0.924606	0.0829768	0.396448
0.0706957	0.745946	0.663773
0.350095	0.775192	0.536848
1.00502	0	0.0423123
0.928955	0.285922	0.263224
0.677184	0.174496	0.733294
0.270275	0.903161	0.338494
0.228864	0.577097	0.785022
0.140516	0.980504	0.155527
0.421671	0.91029	0.0314569
0.262587	0.781016	0.593542
0.0888106	0.884064	0.46388
0.700128	0.42752	0.58247
0.982838	0.0588609	0.212742
0.736449	0.460601	0.507296
0.603103	0.178867	0.788066
0.105937	0.983657	0.165385
0.49387	0.860578	0.196551
0.763285	0.638964	0.111773
0.792647	0.210909	0.576184
0.403972	0.812437	0.425979
0.0528295	0.925316	0.379442
0.560837	0.27143	0.802665
0.781711	0.641841	0.0189323
0.0422638	0.801288	0.602433
0.25882	0.288554	0.923468
0.915232	0.108804	0.392059
0.285357	0.0846308	0.963295
0.790412	0.402535	0.51538
0.241297	0.538021	0.811881
0.0336946	0.718357	0.696261
0.279184	0.176165	0.957385
0.157387	0.977915	0.155524
0.391746	0.766646	0.513203
0.644496	0.149548	0.753994
0.472912	0.795689	0.400091
0.191323	0.873013	0.484552
0.960284	0.0270067	0.286321
0.10553	0.923678	0.392933
0.788221	0.591064	0.187384
0.165753	0.106808	0.983166
0.67344	0.621821	0.406549
0.487922	0.0211747	0.887405
0.516166	0.863784	0.0176706
0.699927	0.654555	0.302879
0.235775	0.773345	0.614086
0.461614	0.377717	0.80461
0.535196	0.713661	0.470107
0.907015	0.114284	0.418496
0.114596	0.45051	0.88988
0.178078	0.737457	0.671811
0.225019	0.546912	0.820489
0.205862	0.928985	0.321501
0.0847436	0.840344	0.540283
0.0836014	0.902501	0.457639
0.761016	0.475966	0.447113
0.436515	0.345669	0.847688
0.566265	0.822451	0.166922
0.850346	0.0394099	0.531092
0.427783	0.369358	0.829248
0.35666	0.295057	0.887176
0.496359	0.236498	0.841861
0.55403	0.82988	0.18269
0.24869	0.965916	0.178618
0.171289	0.781594	0.631118
0.0896279	0.944575	0.32863
0.918926	0.275236	0.288258
0.669599	0.724256	0.171752
0.6667	0.718496	0.250312
0.313333	0.925408	0.23228
0.29723	0.877864	0.37944
0.990825	0.126193	0.0792736
0.34685	0.50262	0.806297
0.275705	0.939071	0.258546
0.435286	0.359764	0.828528
0.445648	0.623377	0.650565
0.424752	0.678806	0.604504
0.248041	0.389012	0.892402
0.890297	0.231585	0.396723
0.782946	0.583442	0.227659
0.900752	0.249353	0.386824
0.191164	0.627022	0.773945
0.44238	0.841145	0.331015
0.365551	0.520898	0.773835
0.749572	0.0130839	0.664015
0.459651	0.771099	0.468173
0.821926	0.18642	0.542727
0.201443	0.643451	0.757853
0.645064	0.711188	0.305283
0.361723	0.515442	0.780647
0.220031	0.54545	0.825645
0.0830493	0.875533	0.480475
0.856958	0.519396	0.0666368
0.532506	0.123901	0.842614
0.58966	0.393241	0.713779
0.733721	0.388914	0.560553
0.453415	0.371008	0.812984
0.196106	0.0637186	0.985351
0.493793	0.261453	0.849204
0.362394	0.568356	0.742126
0.557666	0.373529	0.743499
0.669078	0.513218	0.543011
0.029818	0.582419	0.816953
0.817699	0.553851	0.204466
0.761868	0.183034	0.636658
0.124688	0.506783	0.860428
1.00189	0.00025733	0.000228909
6.12561e-17	3.97261e-32	1.00039
5.45657e-17	3.13682e-17	1.02788
1.8714e-05	1.00087	0
0.50841	0.557762	0.677115
0.725523	0.488024	0.495114
0.378445	0.892507	0.268613
0.538681	0.582904	0.613923
0.333771	0.817013	0.47324
0.413109	0.915868	0.0139486
0.397808	0.472672	0.804169
0.18566	0.149878	0.984892
0.547616	0.616254	0.592597
0.688644	0.697665	0.204189
0.526976	0.271275	0.808185
0.393338	0.141557	0.910068
0.849626	0.470816	0.287609
0.161153	0.313539	0.952514
0.6547	0.65644	0.385639
0.234672	0.96671	0.135879
0.928888	0.36707	0.0696903
0.428736	0.82984	0.371772
0.367749	0.867282	0.344944
0.877064	0.482611	0.0622262
0.566273	0.0760734	0.8254
0.595847	0.540266	0.607734
0.77661	0.605675	0.184215
0.709093	0.163176	0.698978
0.625585	0.286986	0.73659
0.488945	0.874212	0.0184578
0.890358	0.101985	0.450166
0.323146	0.150582	0.935889
0.55891	0.836306	0.0081529
0.824023	0.344017	0.456178
0.888874	0.0994527	0.465823
0.484918	0.0370751	0.880011
0.961099	0.289697	0.0403872
0.259051	0.387622	0.892244
0.294394	0.938469	0.20002
0.88486	0.130252	0.483534
0.540973	0.239276	0.819955
0.00464884	0.999378	0.0505327
0.0518026	0.422079	0.922981
0.166734	0.827866	0.563783
0.290884	0.191803	0.94416
0.767184	0.0644691	0.640583
3.57342e-17	5.03773e-17	1.00868
0.498557	0.561234	0.687655
0.630383	0.76942	0.115084
0.0807657	0.81928	0.573025
0.554411	0.802773	0.303126
0.439291	0.217511	0.87427
0.228027	0.0876696	0.971191
0.151405	0.513902	0.846624
0.833626	0.233594	0.52577
0.213991	0.519006	0.830857
0.190464	0.758191	0.632648
0.128037	0.934084	0.358556
0.58432	0.276297	0.773336
0.422156	0.277082	0.865345
0.643854	0.0892199	0.767606
0.90008	0.413574	0.146115
0.297633	0.94249	0.191291
0.663993	0.747217	0.179264
0.350457	0.643562	0.689325
0.260869	0.951614	0.228154
0.764477	0.303951	0.578396
0.792724	0.212141	0.575238
0.761432	0.614245	0.211459
0.0420511	0.692064	0.727475
0.688529	0.0954106	0.72524
0.206225	0.949247	0.249422
0.153704	0.922442	0.356315
0.0602259	0.464703	0.884608
0.30781	0.812394	0.503182
0.83731	0.250205	0.501728
0.97001	0.281344	0.0227674
0.748722	0.230642	0.623555
0.779562	0.340261	0.532291
0.343773	0.12372	0.931555
0.709124	0.281943	0.655156
0.0840221	0.985236	0.164859
0.453591	0.89735	0.0330943
0.614506	0.666578	0.424678
0.88157	0.183304	0.439699
0.628589	0.547976	0.556719
0.241795	0.770792	0.596339
0.0668528	0.499305	0.867069
0.176275	0.726149	0.670591
0.0150459	0.454003	0.897542
0.930657	0.357809	0.110729
0.863154	0.396607	0.318441
0.479127	0.879846	0.103268
0.0975351	0.709969	0.708039
0.0554787	0.452032	0.899855
0.250061	0.1149	0.962967
0.22303	0.953291	0.237182
0.67576	0.496618	0.546443
0.859597	0.204179	0.489603
0.817747	0.440864	0.382766
0.156318	0.530578	0.836534
0.460166	0.791765	0.40407
0.99381	0.0172328	0.185915
0.638214	0.420826	0.647672
0.755254	0.327828	0.573059
0.576062	0.265696	0.777874
0.454452	0.899054	0.0256642
0.784751	0.547322	0.324665
0.17547	0.942297	0.297318
0.197442	0.976564	0.12073
0.308624	0.0668555	0.956603
0.354197	0.63733	0.699488
0.383465	0.167301	0.910802
0.473601	0.822271	0.336213
0.114679	0.673476	0.73902
0.146594	0.981351	0.170464
0.606928	0.0301327	0.795605
0.876931	0.394859	0.288456
0.35001	0.0702076	0.93713
0.388673	0.861691	0.334932
0.752918	0.373363	0.555769
0.0541628	0.541421	0.839735
0.478852	0.624766	0.628448
0.319301	0.570485	0.762663
0.173454	0.901872	0.397671
0.539093	0.259581	0.80684
0.797394	0.525786	0.360248
0.316978	0.566334	0.765497
0.984126	0.0855976	0.184771
0.903485	0.406514	0.156425
0.233663	0.909251	0.352727
0.686161	0.328964	0.652659
0.337879	0.247469	0.911758
0.275533	0.126603	0.954748
0.993356	0.114698	0.048071
0.604586	0.788606	0.127067
0.448313	0.0101439	0.899144
0.123412	0.572327	0.811575
0.903354	0.413419	0.255089
0.589087	0.689669	0.429051
0.939082	0.362766	0.0037841
0.871278	0.469724	0.173437
0.0367458	0.973529	0.23276
0.0301905	0.221735	0.987732
0.843093	0.236245	0.485199
0.270481	0.546793	0.800154
0.118841	0.577647	0.817484
0.609487	0.611312	0.53579
0.756522	0.213145	0.661439
0.176684	0.844957	0.519806
0.660673	0.466716	0.599294
0.0244303	0.992263	0.154231
0.474368	0.627067	0.633757
0.809581	0.56464	0.245646
0.211863	0.905561	0.379349
0.043931	0.66087	0.753911
0.729441	0.020584	0.68523
0.54935	0.774461	0.332685
0.0720347	0.96113	0.315863
0.0718325	0.515637	0.8597
0.102684	0.715053	0.694125
0.861009	0.508764	0.097106
0.968425	0.280887	0.0580463
0.985407	0.198949	0.0730385
0.967368	0.300562	0.0381734
0.439329	0.885541	0.223367
0.363725	0.857792	0.389643
0.212188	0.826257	0.543167
0.949998	0.0443596	0.313138
0.465854	0.855472	0.266027
0.01625	0.997705	0.0858592
0.0356209	0.0554375	0.998339
0.271083	0.531258	0.826741
0.104603	0.843178	0.531724
0.592541	0.625477	0.51071
0.997993	0.0598885	0.0475076
0.609704	0.18641	0.787207
0.307405	0.752473	0.602697
0.107526	0.866742	0.517764
0.371734	0.87595	0.315823
0.63455	0.41841	0.653807
0.280175	0.889042	0.391974
0.828948	0.445842	0.353645
0.101547	0.682021	0.726391
0.225059	0.944931	0.241693
0.932598	0.295076	0.216324
0.34368	0.226616	0.916166
0.548683	0.438305	0.714656
0.820493	0.399359	0.415327
0.827667	0.398533	0.406063
0.69947	0.310571	0.649206
0.94113	0.292316	0.25304
0.950771	0.292793	0.133887
0.118861	0.853224	0.513236
0.137612	0.0495248	0.991251
0.669977	0.723457	0.176829
0.670715	0.505807	0.55145
0.756437	0.654149	7.00421e-17
1.00303	0	0.00147543
0.456008	0.154079	0.897866
0.79437	0.390907	0.470401
0.584097	0.650606	0.499986
0.361812	0.183858	0.91753
0.664652	0.665685	0.370462
0.0124028	0.845093	0.563517
0.683529	0.275242	0.701007
0.196866	0.810999	0.553554
0.557067	0.198655	0.831115
0.21685	0.595576	0.778875
0.934327	0.0106202	0.388309
0.315626	0.951938	0.0475066
0.239815	0.827426	0.512308
0.928934	0.314573	0.2045
0.804849	0.286616	0.52451
0.351325	0.137127	0.92893
0.0816452	0.226351	0.981732
0.0564762	0.576709	0.819009
0.500702	0.867191	0.0237189
0.390873	0.344273	0.85843
0.879877	0.330693	0.345162
0.605359	0.619614	0.520187
0.590623	0.709228	0.414122
0.738505	0.647953	0.23407
0.184346	0.716187	0.675884
0.16259	0.887783	0.461866
0.669692	0.0179088	0.746212
0.913355	0.399085	0.129871
0.550813	0.485145	0.698284
0.210807	0.67832	0.725896
0.188176	0.960334	0.210682
0.623516	0.409765	0.691429
0.12272	0.874268	0.479554
0.659061	0.63251	0.420865
0.835949	0.119923	0.537424
0.897067	0.454202	0.033402
0.767042	0.521207	0.394219
0.0388094	0.902174	0.435342
0.202887	0.799352	0.581213
0.493428	0.876641	0.0182054
0.382767	0.328374	0.867531
0.614199	0.789943	0.0181087
0.802405	0.0917941	0.592898
0.865545	0.401636	0.299889
0.101788	0.835766	0.566955
0.32139	0.944838	0.0890928
0.848698	0.414198	0.337306
0.225108	0.888459	0.410968
0.512725	0.860036	0.0653808
0.478719	0.46361	0.7489
0.378712	0.392694	0.85161
0.166026	0.781059	0.605471
0.817506	0.579129	0.00142074
0.191378	0.941954	0.314234
0.650496	0.557045	0.525771
0.284419	0.904516	0.347412
0.138453	0.725252	0.680417
0.775772	0.634487	0.096917
0.871805	0.404541	0.28796
0.429756	0.816713	0.401442
0.406214	0.367399	0.840194
0.979666	0.196278	0.112843
0.536702	0.662727	0.544712
0.785826	0.573832	0.256517
0.740299	0.579084	0.359815
0.150792	0.431199	0.900538
0.923148	0.363677	0.196491
0.643736	0.0506204	0.766052
0.827253	0.512277	0.244404
0.953942	0.0656048	0.328926
0.0321138	0.241328	0.978435
0.399277	0.107045	0.913618
0.397214	0.111131	0.911606
0.442989	0.260207	0.859634
0.133818	0.788371	0.607529
0.602862	0.0451815	0.80183
0.637431	0.436328	0.649191
0.69752	0.599898	0.397264
0.776778	0.0319074	0.637006
0.840672	0.519748	0.189037
0.0280095	0.838754	0.559541
0.888962	0.453149	0.0982936
0.523143	0.745607	0.441652
0.719951	0.610991	0.330225
0.462874	0.50714	0.732045
0.679606	0.174402	0.716484
0.175533	0.958456	0.278373
0.74284	0.673555	0.00362584
0.713926	0.704106	0.135967
0.0991031	0.304333	0.950984
0.00928168	0.76346	0.655145
0.327564	0.14539	0.941049
0.932129	0.306095	0.204573
0.514962	0.265453	0.842291
0.824313	0.0245225	0.599651
0.984765	0.097602	0.158803
0.150553	0.934477	0.372761
0.559487	0.386109	0.741628
0.593723	0.541217	0.596647
0.0686552	0.562531	0.846853
0.255002	0.742261	0.626502
0.961052	0.0821598	0.272825
0.727617	0.115174	0.679409
0.459303	0.269283	0.848537
0.339656	0.602195	0.743436
0.323166	0.39905	0.8724
0.526478	0.87137	0.00975563
0.544632	0.739426	0.42829
0.575735	0.3803	0.735651
0.873865	0.472355	0.203113
0.971809	0.20494	0.15502
0.566931	0.820777	0.152263
0.24792	0.787472	0.583284
0.700582	0.337366	0.642366
0.275533	0.421626	0.870527
0.00463967	0.699474	0.718003
0.250578	0.971791	0.078927
0.532521	0.795807	0.300942
0.115373	0.626404	0.780253
0.596097	0.297794	0.754975
0.41408	0.373502	0.836526
0.0885271	0.739796	0.673494
0.724517	0.695329	0.0567509
0.940602	0.148174	0.323323
0.717018	0.616667	0.352262
0.299908	0.406482	0.903568
0.996214	0.0564101	0.139987
0.00821395	0.773113	0.66205
0.602985	0.122447	0.795387
0.352024	0.176409	0.924616
0.875442	0.177396	0.458552
0.268292	0.892631	0.379952
0.34409	0.893848	0.317977
0.206039	0.606654	0.77758
0.0937541	0.991701	0.121219
0.513492	0.553648	0.663167
0.70923	0.638776	0.299981
0.110651	0.986988	0.171392
0.624826	0.0491333	0.781808
0.312347	0.923265	0.265145
0.748509	0.659271	0.106495
0.832283	0.449879	0.33893
0.752428	0.166427	0.64225
0.0506729	0.692579	0.721557
0.137343	0.919663	0.375886
0.42899	0.550731	0.750658
0.853822	0.234446	0.491884
0.294106	0.148303	0.947677
0.271113	0.0949361	0.95935
0.120467	0.976158	0.189209
0.95625	0.245394	0.180322
0.659944	0.0729845	0.753296
0.218612	0.251618	0.965026
0.272793	0.927798	0.263078
0.385333	0.220722	0.89824
0.469844	0.838664	0.282124
0.346141	0.493336	0.811086
0.897457	0.441588	0.138431
0.813791	0.496165	0.305652
0.432703	0.82049	0.37968
0.371139	0.942581	0.0514089
0.906942	0.412814	0.163932
0.36556	0.61375	0.708331
0.967977	0.0812656	0.252456
0.015307	0.355831	0.936594
0.422772	0.907096	0.0653486
0.640147	0.768697	0.0803402
0.907683	0.0680263	0.429387
0.247399	0.23295	0.94446
0.380607	0.192735	0.915315
0.807105	0.242324	0.548597
0.473215	0.767389	0.43716
0.306731	0.948506	0.105945
0.142693	0.953287	0.314781
0.632555	0.45171	0.653241
0.227536	0.0888105	0.974735
0.300828	0.931167	0.219978
0.828536	0.236326	0.512369
0.12109	0.479726	0.878974
0.50662	0.523386	0.699003
0.485231	0.753082	0.448252
0.0225542	1.00071	0.019345
0.444734	0.490827	0.759674
0.418272	0.420607	0.813648
0.446777	0.257124	0.862521
0.178619	0.911561	0.374003
0.814297	0.127237	0.573286
0.488503	0.757353	0.436999
0.634031	0.533986	0.574275
6.16549e-17	7.22414e-32	1.0069
0.749053	0.670621	0
3.65598e-15	1.01163	0.0125889
0.689441	0.72285	0.0882622
0.219762	0.973949	0.145235
0.673346	0.324326	0.673529
0.64361	0.459697	0.625666
0.276528	0.844911	0.459213
0.432951	0.812142	0.395161
0.575614	0.813631	0.163341
0.981983	0.187583	0.0491248
0.94266	0.27128	0.237696
0.593052	0.57562	0.569633
0.856421	0.382278	0.380164
0.46581	0.738422	0.513021
0.820835	0.521988	0.245094
0.87077	0.208067	0.470985
0.607981	0.315123	0.732976
0.582923	0.509786	0.640231
0.549408	0.833254	0.11481
0.106999	0.893385	0.43961
0.517401	0.707398	0.531032
0.296706	0.556569	0.782147
0.777251	0.626999	0.109964
0.124582	0.988618	0.100805
0.975393	0.14204	0.215567
0.536243	0.233207	0.822115
0.600638	0.155092	0.789656
0.805924	0.111647	0.592704
0.0649578	0.370175	0.934393
0.287724	0.884109	0.413898
0.379248	0.869092	0.337871
0.588727	0.117521	0.811776
0.578516	0.561911	0.601617
0.260863	0.0260794	0.966938
0.0532756	0.352586	0.935873
0.764719	0.655924	0.0393952
0.405565	0.312217	0.86321
0.187785	0.826926	0.542268
0.811812	0.0305092	0.591804
0.930585	0.29583	0.220886
0.54053	0.796185	0.284197
0.621396	0.389251	0.685279
0.666294	0.610726	0.445462
0.0426678	0.426689	0.905127
0.151152	0.534421	0.841641
0.512673	0.81898	0.324241
0.364108	0.158347	0.926121
0.344528	0.90601	0.294836
0.294398	0.731938	0.617778
0.0189492	0.979058	0.227173
0.829267	0.436611	0.406276
0.954465	0.237855	0.187289
0.256141	0.0592574	0.969675
0.112413	0.495021	0.870072
0.206647	0.984909	0.0853185
0.0421799	0.421809	0.916555
0.500356	0.265852	0.826247
0.233749	0.0535419	0.972759
0.218511	0.620495	0.767014
0.318537	0.00656011	0.95745
0.167862	0.946613	0.307798
0.712484	0.653063	0.27092
0.0941727	0.400286	0.912983
0.791974	0.638906	0.0973119
0.79741	0.502286	0.353073
0.0219774	0.580774	0.834009
0.878888	0.462858	0.132934
0.130563	0.319513	0.94267
0.994236	0.104686	0.0545018
0.558829	0.628783	0.557124
0.969718	0.243014	0.0697954
0.334636	0.643694	0.708325
0.328329	0.0675268	0.947407
0.485986	0.728171	0.514422
0.919138	0.292191	0.267938
0.584798	0.792244	0.20826
0.771227	0.108146	0.632191
0.411752	0.870677	0.284433
0.0299798	0.481779	0.885044
0.74583	0.469795	0.48009
0.736111	0.678947	0.030421
0.300519	0.918898	0.262931
0.37422	0.915785	0.172027
0.507289	0.146397	0.85553
0.423591	0.794584	0.441297
0.355359	0.0730859	0.936138
0.597498	0.417355	0.690277
0.0498376	0.981253	0.223202
2.78943e-05	1.01147	0.0250703
0.156833	0.690626	0.715379
0.571083	0.817343	0.194675
0.0241855	0.334576	0.948107
0.428154	0.903548	0.0964358
0.715169	0.344471	0.621278
0.413393	0.0911351	0.915271
0.822525	0.0309118	0.579025
0.184043	0.693724	0.703106
0.559998	0.764015	0.376056
0.453855	0.851354	0.276535
0.816036	0.376778	0.466813
0.221729	0.585334	0.784541
0.474112	0.137826	0.875708
0.563113	0.619877	0.554633
0.788241	0.201563	0.606924
0.662522	0.492098	0.578277
0.181108	0.69898	0.707357
0.73158	0.512541	0.47385
0.657903	0.392005	0.648425
0.635964	0.603411	0.49177
0.385858	0.601087	0.710194
0.986466	0.0229943	0.192044
0.195789	0.93316	0.322421
0.513283	0.496892	0.720332
0.784029	0.526404	0.343372
0.887911	0.3936	0.250418
0.35864	0.887013	0.350351
0.694846	0.284254	0.67235
0.947171	0.321367	0.0606623
0.249161	0.606718	0.75786
0.0864932	0.487754	0.873592
0.199353	0.950144	0.255873
0.363569	0.922823	0.137406
0.0660777	0.679114	0.737288
0.121632	0.852266	0.52006
0.894866	0.223824	0.390504
0.252957	0.91426	0.339626
0.34665	0.630285	0.697412
1.37618e-17	6.01614e-17	1.00789
0.624077	0.660665	0.453089
0.575184	0.605393	0.553047
0.188281	0.775806	0.60988
0.248353	0.0852673	0.968484
0.754145	0.549925	0.372683
0.95752	0.00218134	0.303822
0.311337	0.93773	0.188129
0.652721	0.343659	0.68863
0.499854	0.0400399	0.879006
0.0666255	0.907999	0.428933
0.241938	0.847583	0.480078
0.54892	0.832513	0.119172
0.372648	0.00732345	0.940855
0.96474	0.254703	0.122892
0.479257	0.466236	0.765522
0.441116	0.784485	0.439723
0.316084	0.0197255	0.951721
0.702881	0.442742	0.564749
0.268216	0.823699	0.503378
0.901103	0.259383	0.357386
0.212392	0.0476406	0.978803
0.0587469	0.66679	0.750389
0.81428	0.581598	0.129293
0.627263	0.594817	0.509561
0.441593	0.135783	0.891774
0.171838	0.64772	0.754696
0.837758	0.0245772	0.573018
0.458002	0.726045	0.536691
0.75502	0.475584	0.473353
0.0821408	0.00112103	0.999416
0.702853	0.337024	0.659976
0.705056	0.170611	0.696454
0.853468	0.539641	0.00810631
0.0772502	0.441266	0.894789
0.504259	0.145522	0.857447
0.445552	0.137	0.888483
0.759617	0.19959	0.631209
0.783857	0.623542	0.111889
0.927184	0.294749	0.235754
0.39488	0.89095	0.254807
0.495416	0.725519	0.493618
0.279855	0.958508	0.0882275
0.677677	0.251735	0.7082
0.848989	0.280195	0.456958
0.720316	0.55235	0.436751
0.657226	0.746521	0.283708
0.786887	0.511582	0.366066
0.0294573	0.939796	0.386109
0.0320294	0.177716	0.985797
0.530813	0.166185	0.842387
0.529232	0.0809068	0.845441
0.639394	0.382496	0.671443
0.615711	0.0941275	0.794715
0.729434	0.0963907	0.696122
0.0887157	0.59558	0.801743
0.853597	0.124303	0.521086
0.721683	0.664016	0.253307
0.913334	0.279421	0.311514
0.010191	0.757807	0.66304
0.769228	0.1924	0.614563
0.818189	0.269049	0.52872
0.799784	0.37845	0.507065
0.47931	0.125939	0.877361
