1.00142	0.000896044	0
0.997832	0	0.11808
0.946173	0.328158	0
0.663895	0.694716	0.286028
0.893263	0.179102	0.429977
0.512236	0.594741	0.646543
0.520101	0.709491	0.48148
0.249752	0.292993	0.925075
0.967859	0.26171	0.0605941
0.902321	0.430552	0.0967662
0.572556	0.821546	0.171089
0.720331	0.325942	0.615804
0.628406	0.768502	0.133223
0.228651	0.95705	0.208108
0.233388	0.976881	0.092262
0.438254	0.135438	0.899948
0.936374	0.173181	0.320694
0.7859	0.346057	0.52544
0.757163	0.342608	0.560187
0.932592	0.0845765	0.354995
0.0707583	0.996149	0.113863
0.776961	0.00388036	0.635409
0.264742	0.688872	0.685491
0.285674	0.672689	0.693966
0.878293	0.174593	0.472019
0.423162	0.505847	0.785604
0.148808	0.207446	0.968696
0.707121	0.14178	0.710975
0.475599	0.165132	0.871596
0.885939	0.177634	0.441753
0.304967	0.0301161	0.962354
0.119396	0.507646	0.858312
0.157318	0.658477	0.750812
0.746962	0.664066	0.0544944
0.95571	0.267857	0.134638
0.20407	0.93726	0.312369
0.401144	0.915366	0.136555
0.00271779	0.947098	0.41808
0.0130068	0.764408	0.654866
0.364023	0.838128	0.454372
0.650516	0.756892	0.123008
0.532721	0.758292	0.380275
0.0268223	0.612288	0.791154
0.0603088	0.209854	0.977038
0.83787	0.393487	0.403148
0.756898	0.0748919	0.658358
0.267057	0.593245	0.760848
0.221253	0.861471	0.46124
0.850903	0.224799	0.492766
0.543557	0.451094	0.71731
0.730545	0.620595	0.30152
0.595074	0.713906	0.410686
0.828683	0.129647	0.547899
0.497507	0.678654	0.54428
0.0430789	0.983385	0.196111
0.0216357	0.49389	0.873326
0.926231	0.379787	0.0722326
0.221183	0.251599	0.943347
0.611092	0.51333	0.629104
0.768838	0.28539	0.589258
0.29121	0.925377	0.252071
0.0341069	0.778577	0.628344
0.257236	0.498904	0.840502
0.844493	0.23158	0.490287
0.798444	0.218248	0.568638
0.635099	0.564617	0.529025
0.00802366	0.964858	0.273971
0.973923	0.0943964	0.252985
0.281287	0.624857	0.730476
0.782086	0.634236	0.0137581
0.306771	0.700018	0.6664
0.134377	0.360775	0.928211
0.333179	0.0495781	0.948554
0.618288	0.0245407	0.790301
0.920011	0.303228	0.264249
0.55833	0.460277	0.712901
0.271738	0.834923	0.490491
0.604234	0.786596	0.145001
0.691621	0.560713	0.46932
0.888236	0.0696769	0.463416
0.860965	0.486399	0.151326
0.107976	0.387056	0.918429
0.984555	0.0167637	0.186439
0.343339	0.478968	0.812669
0.926009	0.16128	0.346803
0.0500824	0.371225	0.928858
0.406246	0.902445	0.156103
0.111837	0.999063	0.0386515
0.23544	0.534025	0.818275
0.0777649	0.115312	0.992309
0.141582	0.938454	0.322988
0.999817	0.0138794	0.076854
0.686126	0.100894	0.73509
0.318675	0.414269	0.860766
0.732722	0.570387	0.377569
0.408784	0.85245	0.333914
0.914996	0.247477	0.366897
0.70196	0.045074	0.714867
0.599114	0.809339	0.00654201
0.373272	0.465563	0.806768
0.609479	0.793423	0.0621148
0.771968	0.637529	0.12415
0.359915	0.40007	0.844847
0.824248	0.276348	0.502832
0.161521	0.783502	0.601663
0.921105	0.33391	0.257966
0.645577	0.749559	0.180576
0.85437	0.517216	0.118554
0.0832097	0.798418	0.599102
0.504405	0.7773	0.380235
0.453815	0.879008	0.255757
0.384031	0.523872	0.764331
0.217619	0.0822173	0.982689
0.336066	0.468823	0.81893
0.115956	0.319892	0.948785
0.550058	0.657523	0.561861
0.272195	0.640949	0.728843
0.0492337	0.364935	0.937284
0.28538	0.311318	0.912137
0.589194	0.815731	0.0204524
0.422527	0.851017	0.326911
0.462196	0.895241	0.0387364
0.156973	0.722712	0.696106
0.00850994	0.649471	0.774951
0.527681	0.874366	0.0245923
0.300537	0.358513	0.885242
0.487607	0.853532	0.238659
0.959865	0.000954904	0.292254
0.125184	0.970088	0.242468
0.502745	0.410732	0.765887
0.466741	0.191908	0.877985
0.0880274	0.604787	0.793309
0.325784	0.928036	0.194637
0.383561	0.869993	0.340569
0.469626	0.704067	0.537945
0.897696	0.424858	0.145055
0.199669	0.731708	0.67419
0.825346	0.286567	0.500352
0.364166	0.838456	0.437545
0.395062	0.00776707	0.919885
0.69783	0.307276	0.673821
0.17907	0.803455	0.581614
0.172061	0.949462	0.276861
0.188795	0.932228	0.321395
0.123438	0.854151	0.518129
0.414308	0.596871	0.701768
0.352525	0.753497	0.578495
0.335421	0.477279	0.82819
0.313351	0.407795	0.865851
0.117576	0.908497	0.413686
0.0556641	0.552973	0.832998
0.305698	0.934994	0.226216
0.0615943	0.442099	0.897785
0.172412	0.971453	0.187001
0.464171	0.636897	0.618724
0.377766	0.435528	0.820991
0.676971	0.358739	0.669857
0.753112	0.646764	0.218215
0.629238	0.0570654	0.777713
0.0742662	0.110124	0.994138
0.689326	0.249888	0.708191
0.447563	0.113153	0.891142
0.212063	0.532342	0.82498
0.722985	0.405372	0.571541
0.686277	0.0904996	0.724776
0.667675	0.239309	0.727994
0.141529	0.1973	0.971749
0.457273	0.885705	0.152243
0.617589	0.680379	0.397096
0.0433027	0.988494	0.15918
0.795215	0.587032	0.209356
0.810174	0.566779	0.209425
0.00605536	0.480884	0.882171
0.978387	0.00097333	0.223942
0.735983	0.574558	0.370563
0.17015	0.540685	0.826695
0.905948	0.432283	0.0487363
0.210261	0.0702586	0.984998
0.0387194	0.188565	0.983335
0.0369735	0.990624	0.169369
0.665947	0.314625	0.67911
0.00290951	0.397195	0.931489
0.400819	0.544666	0.739888
0.0537974	0.298667	0.955101
0.586626	0.80024	0.141666
0.680554	0.522351	0.535412
0.752764	0.107928	0.656348
0.308731	0.933879	0.1935
0.803664	0.543303	0.26035
0.0936735	0.726485	0.697466
0.871903	0.419583	0.276571
0.780181	0.637257	0.0264277
0.0962799	0.923829	0.386566
9.9143e-06	1.00093	8.06135e-06
0.991126	0.13326	8.52747e-17
6.03112e-17	1.64351e-17	1.02087
0.311506	0.540109	0.786831
0.202031	0.964129	0.188697
0.976122	0.046451	0.226446
0.700231	0.676069	0.282464
0.327453	0.910616	0.266346
0.341587	0.925766	0.165937
0.61812	0.215964	0.759239
0.171089	0.864723	0.496125
0.589083	0.763553	0.330185
0.405867	0.88272	0.243257
0.190258	0.499352	0.862804
0.0931528	0.382491	0.925425
0.0583266	0.934163	0.361088
0.0781517	0.429345	0.906892
0.979771	0.000136439	0.213169
0.793152	0.407891	0.471879
0.62154	0.784218	0.0930412
0.55623	0.181132	0.823032
0.179423	0.902818	0.407493
0.507112	0.669626	0.549023
0.164683	0.832345	0.541503
0.332894	0.411059	0.85116
0.891192	0.457211	0.0684866
0.131144	0.233776	0.964298
0.391086	0.355418	0.8512
0.722197	0.684402	0.117468
0.605453	0.799482	0.0640077
0.667277	0.548755	0.524071
0.799899	0.427198	0.440841
0.642618	0.0767178	0.765708
0.85726	0.176089	0.486729
0.377212	0.710407	0.617267
0.837346	0.452203	0.322228
0.0822481	0.758115	0.65935
0.466603	0.817136	0.340171
0.49401	0.856547	0.202116
0.158143	0.0536584	0.987102
0.23902	0.893206	0.409334
0.11496	0.990858	0.0742974
0.645569	0.395318	0.654322
0.775413	0.270848	0.572508
0.452549	0.15513	0.87884
0.941686	0.319517	0.108593
0.848163	0.468164	0.299518
0.808213	0.345426	0.508455
0.208718	0.594682	0.798067
0.34853	0.120491	0.93563
0.572331	0.456551	0.700949
0.0256849	0.50749	0.87425
0.52899	0.743369	0.429247
0.514772	0.853582	0.0877148
0.151775	0.218274	0.972317
0.323506	0.899638	0.295788
0.680161	0.707154	0.221051
0.957688	0.262052	0.163153
0.710841	0.602933	0.370348
0.874889	0.487294	0.0282741
0.102774	0.883615	0.46107
0.578915	0.773848	0.259402
0.383593	0.474016	0.794868
0.18867	0.512535	0.843359
0.255184	0.552524	0.81178
0.889892	0.13116	0.449216
0.0114153	0.990979	0.154113
0.277134	0.789615	0.566862
0.992311	0.107924	0.178392
0.460265	0.39048	0.800345
0.674407	0.162848	0.722625
0.228396	0.812886	0.55533
0.287309	0.622081	0.741495
0.444387	0.150619	0.888901
0.959889	0.295849	0.0529724
0.471556	0.851642	0.278607
0.478489	0.631829	0.623789
0.184599	0.283815	0.943065
0.782072	0.61301	0.133413
0.296114	0.641146	0.724094
0.495892	0.344113	0.800349
0.0327873	0.33376	0.943353
0.271444	0.916964	0.310275
0.566103	0.719811	0.420025
0.486715	0.642692	0.61222
0.653503	0.475513	0.607635
0.830388	0.463852	0.31824
0.0079648	0.702454	0.715056
0.661907	0.359369	0.663777
0.259664	0.958541	0.132491
0.451436	0.824881	0.346571
0.693743	0.721275	0.00210119
0.268337	0.677245	0.692927
0.426426	0.557359	0.719394
0.15368	0.0656819	0.987864
0.757747	0.402058	0.520893
0.20986	0.782868	0.590071
0.935025	0.274287	0.250918
0.631111	0.369129	0.683874
0.463275	0.836687	0.335918
0.418688	0.878893	0.24375
0.21385	0.56398	0.808614
0.731145	0.0157273	0.685599
0.447716	0.125145	0.895249
0.862834	0.44534	0.314165
0.198658	0.491255	0.855591
0.0669813	0.577324	0.816229
0.684656	0.71643	0.173133
0.358536	0.664433	0.669603
0.548917	0.727756	0.432676
0.219838	0.23004	0.954339
0.0302989	0.440683	0.904365
0.141128	0.799542	0.601734
0.940816	0.178805	0.293988
0.289495	0.752821	0.599175
0.508972	0.854502	0.142848
0.108444	0.986855	0.159995
0.161688	0.155973	0.980604
0.737576	0.606027	0.307616
0.628102	0.324186	0.731835
0.265704	0.193054	0.948782
0.901351	0.136184	0.415867
0.0206951	0.775197	0.640376
0.228948	0.739575	0.634843
0.121701	0.433149	0.900556
0.22524	0.801655	0.558682
0.852921	0.205953	0.494891
0.872715	0.494953	0.141811
0.928586	0.0299259	0.37644
0.596922	0.561251	0.582054
0.38827	0.333348	0.868405
0.198124	0.972495	0.154335
0.241185	0.731908	0.643312
0.637293	0.241428	0.732998
0.741983	0.119274	0.673864
0.819324	0.00477671	0.577339
0.483556	0.277462	0.839475
0.124227	0.667891	0.739133
0.74823	0.100602	0.676962
0.146614	0.689759	0.722874
0.128277	0.959479	0.259828
0.30138	0.641698	0.708414
0.442392	0.350359	0.83736
0.660454	0.0512243	0.756437
0.661157	0.02744	0.751255
0.262287	0.190571	0.950517
0.872277	0.29164	0.394567
0.624047	0.787381	0.0631134
0.535502	0.654013	0.53946
0.074512	0.0701099	0.995744
0.678231	0.342414	0.663136
0.878814	0.482272	0.0442767
0.878121	0.481892	0.0553624
0.244695	0.0855274	0.967251
0.0419086	0.942525	0.362815
0.994685	0.118749	0.0516975
0.106865	0.92109	0.379796
0.226468	0.586521	0.781271
0.804319	0.420932	0.439315
0.374825	0.518387	0.777615
0.489617	0.280939	0.834636
0.903441	0.0179256	0.433405
0.439154	0.16521	0.888871
0.599389	0.788126	0.17299
0.820223	0.228671	0.526359
0.411381	0.567872	0.717212
0.696025	0.565954	0.457882
0.141683	0.802688	0.598259
0.117136	0.627833	0.771522
0.63611	0.372053	0.679826
0.039731	0.952279	0.366527
0.299694	0.648895	0.712373
0.0464488	0.939306	0.352006
0.916502	0.097037	0.390628
0.931602	0.0223673	0.399771
0.585931	0.473109	0.669063
0.308969	0.0232897	0.960458
0.646131	0.063011	0.767014
0.279804	0.526959	0.820644
0.786787	0.239173	0.573193
0.911151	0.309156	0.27383
0.841984	0.0821106	0.533848
0.918575	0.305742	0.276848
0.0280982	0.562519	0.828413
0.507885	0.822067	0.259368
0.978343	0.0956608	0.195464
0.758939	0.525438	0.387807
0.519914	0.692201	0.509581
0.113037	0.246152	0.974124
0.885158	0.328187	0.351688
1.00071	0.037236	0.00388206
0.015686	0.318071	0.955131
0.256819	0.948037	0.198068
0.811512	0.43434	0.410487
0.986448	0.0167092	0.196176
0.85822	0.464912	0.230262
1.00108	0	3.02977e-05
5.31363e-17	3.23321e-17	1.0158
0.490196	0.716008	0.50056
0.926051	0.14925	0.354428
0.578083	0.78556	0.224808
0.497481	0.316028	0.814659
0.650721	0.561708	0.536311
0.600015	0.79597	0.194012
0.611487	0.731307	0.305882
0.795038	0.474308	0.379435
0.8137	0.520181	0.280953
0.69519	0.709694	0.129908
0.378624	0.882142	0.298982
0.783758	0.599757	0.176807
0.258259	0.968663	0.0304609
0.74125	0.672886	0.102325
0.586727	0.765401	0.291988
0.372867	0.685722	0.642007
0.733479	0.628621	0.263362
0.954237	0.206796	0.266865
0.915676	0.38979	0.139969
0.287638	0.408038	0.867614
0.427172	0.809225	0.409823
0.196876	0.450057	0.873212
0.468976	0.298377	0.848738
0.12483	0.395808	0.911475
0.87449	0.0535139	0.492478
0.535494	0.787208	0.32365
0.68823	0.429905	0.586144
0.634582	0.639439	0.440563
0.859153	0.174538	0.483379
0.843607	0.540812	0.0703009
0.881188	0.0388439	0.474175
0.713522	0.591741	0.398888
0.935416	0.257095	0.286805
0.244429	0.916787	0.346356
0.366949	0.899508	0.248742
0.706272	0.53821	0.465966
0.223231	0.74305	0.635115
0.472816	0.695939	0.548681
0.137911	0.00780114	0.99411
0.115716	0.312604	0.956569
0.320012	0.453964	0.841155
0.0927101	0.838624	0.544422
0.642087	0.551197	0.562293
0.417451	0.675312	0.653526
0.360367	0.51121	0.781663
0.851371	0.0520991	0.52856
0.988525	0.169068	0.0438071
0.160761	0.892008	0.434546
0.516271	0.0329378	0.904952
0.403448	0.254586	0.886534
0.736134	0.668242	0.124346
0.400577	0.680676	0.627866
0.914737	0.362948	0.217463
0.900677	0.194873	0.405299
0.280838	0.465266	0.856793
0.950812	0.26985	0.242953
0.970914	0.287431	0.0471885
0.897202	0.302126	0.333093
0.478423	0.110725	0.876205
0.236727	0.856973	0.477153
0.868801	0.425897	0.274102
0.975247	0.0257329	0.238897
0.483997	0.310379	0.822583
0.45608	0.461024	0.765109
0.978979	0.198881	0.0665632
0.564842	0.354126	0.75584
0.656475	0.624853	0.444041
0.275437	0.82066	0.504976
0.572489	0.577632	0.588834
0.510627	0.537044	0.689267
0.330113	0.923884	0.207568
0.804432	0.570954	0.168185
0.722526	0.619234	0.311428
0.291782	0.736523	0.62185
0.493896	0.0372653	0.880137
0.944058	0.012858	0.356492
0.997017	0.0843431	0.00917449
0.585753	0.594877	0.567269
0.209281	0.990414	0.015439
0.219513	0.976169	0.0683128
0.906482	0.0771885	0.429755
0.709776	0.7007	0.13904
0.0708245	0.446092	0.912022
0.410673	0.57279	0.716108
0.828296	0.526181	0.201698
0.812457	0.554609	0.217181
0.189745	0.979372	0.0888554
0.82469	0.416151	0.396651
0.694052	0.165083	0.704796
0.033802	0.904326	0.456862
0.749222	0.0708036	0.66022
0.544963	0.0928389	0.837209
0.938457	0.0201014	0.373419
0.107106	0.400458	0.925953
0.763944	0.585638	0.291438
0.456926	0.827665	0.337305
0.251039	0.188562	0.950022
0.987117	0.0573805	0.17886
0.307874	0.927895	0.228466
0.839648	0.527672	0.146229
0.558489	0.486479	0.681644
0.889116	0.156358	0.432452
0.160742	0.995943	0.0525232
0.450487	0.10426	0.892965
0.280662	0.869515	0.422648
0.726992	0.645955	0.252078
0.420405	0.68009	0.64611
0.890337	0.437488	0.139535
0.759409	0.490734	0.466061
0.66756	0.177661	0.731596
0.982536	0.0463962	0.1864
0.358621	0.0613352	0.93404
0.132738	0.10771	0.987238
0.832802	0.404437	0.386621
0.344327	0.750446	0.601388
0.893044	0.157049	0.424024
0.31058	0.936051	0.208656
0.0427885	0.245382	0.970518
0.995201	0.123747	0.0176744
0.670899	0.506109	0.567085
0.548628	0.268944	0.793748
0.509231	0.266644	0.828071
0.0345554	0.946958	0.345004
0.54327	0.26106	0.800775
0.33623	0.948494	0.0774306
0.392384	0.642433	0.659923
0.0132527	0.907144	0.453532
0.62102	0.536069	0.578609
0.0661859	0.334878	0.940887
0.841392	0.412461	0.363893
0.429968	0.814523	0.396181
0.611281	0.354851	0.71066
0.166982	0.984357	0.0788338
0.661987	0.368102	0.664506
0.0588385	0.216644	0.974723
0.647792	0.267101	0.728305
0.314796	0.956189	0.0482099
0.962908	0.22956	0.162225
0.753694	0.478789	0.517696
0.294437	0.417683	0.861017
0.140199	0.622668	0.776733
0.178708	0.292391	0.942258
0.301451	0.756903	0.593416
0.910991	0.380871	0.168536
0.206566	0.977567	0.0907971
0.0578542	0.211212	0.980632
0.588425	0.325126	0.754735
0.771338	0.166497	0.616485
0.154147	0.628174	0.770634
0.799901	0.607642	0.0276217
0.445201	0.660306	0.61309
0.385879	0.2435	0.90117
0.172684	0.228434	0.96439
0.578664	0.101763	0.823573
0.629548	0.137268	0.766217
0.299913	0.950961	0.0853515
0.0237535	0.988859	0.153997
0.868559	0.499102	0.00918521
0.0120922	0.119194	0.998023
0.588657	0.37747	0.722065
0.544926	0.806638	0.251047
0.768333	0.651097	0.0113203
0.53967	0.338344	0.784465
0.350721	0.0599842	0.944742
0.260321	0.496493	0.829379
0.267432	0.189411	0.947492
0.905626	0.195943	0.392067
0.275714	0.0635402	0.96804
0.961045	0.231904	0.165649
0.639196	0.608407	0.488846
0.163148	0.373859	0.915814
0.170599	0.859654	0.485021
0.628915	0.402202	0.669345
0.607501	0.528271	0.603183
0.756258	0.612758	0.315223
0.563196	0.841888	0.00301324
0.0507135	0.281392	0.962926
0.267284	0.509774	0.820941
0.231379	0.0960978	0.971022
0.349929	0.963535	0.00109196
0.869376	0.128208	0.509994
0.62559	0.378929	0.696659
0.317873	0.450929	0.84222
0.523846	0.857084	0.116915
0.0552858	0.34495	0.938636
0.460277	0.831558	0.328721
0.988544	0.280559	0.00271626
0.0315616	0.237687	0.974257
0.130972	0.582427	0.805406
0.801527	0.478179	0.361103
0.553616	0.330279	0.765269
0.793138	0.609833	0
5.86695e-17	2.00749e-17	1.01268
3.75096e-33	6.12578e-17	1.00042
0.601032	0.469614	0.648629
0.403152	0.626092	0.685932
0.134089	0.774015	0.63425
0.0794694	0.646463	0.767366
0.359444	0.924042	0.193754
0.325341	0.100474	0.951152
0.902985	0.367528	0.277597
0.222271	0.978386	0.026684
0.457966	0.521786	0.730723
0.0724606	0.809988	0.58614
0.0440438	0.886913	0.466675
0.355785	0.914637	0.224125
0.319381	0.306918	0.905932
0.439824	0.857958	0.272224
0.544273	0.151108	0.828397
0.625946	0.0761451	0.777525
0.45101	0.0901982	0.891333
0.376096	0.54581	0.752595
0.272194	0.19069	0.94918
0.561374	0.390195	0.734486
0.770068	0.490872	0.42971
0.590657	0.701701	0.422058
0.493205	0.0196406	0.877841
0.0594541	0.986287	0.163923
0.872142	0.301745	0.392114
0.265076	0.752645	0.641646
0.576507	0.199999	0.801915
0.903724	0.355358	0.289125
0.0883317	0.718555	0.717281
0.260517	0.965925	0.12618
0.168699	0.784193	0.599072
0.836773	0.40677	0.38043
0.146101	0.900491	0.440309
0.939662	0.155378	0.347921
0.881752	0.210874	0.431146
0.389228	0.568127	0.744193
0.994578	0.0463812	0.13451
0.0992958	0.835793	0.546176
0.153323	0.850033	0.522373
0.204909	0.296417	0.935292
0.0861584	0.504297	0.882506
0.666779	0.430322	0.62904
0.96863	0.218178	0.239663
0.711298	0.259982	0.660882
0.824837	0.447318	0.386948
0.639705	0.422854	0.655178
0.04754	0.788644	0.615412
0.802976	0.483696	0.354357
0.863397	0.251418	0.450497
0.891564	0.358686	0.280309
0.00836447	0.567062	0.84237
0.615357	0.167396	0.77339
0.951396	0.121816	0.300722
0.44408	0.0561353	0.896346
0.632075	0.740869	0.235485
0.438358	0.0516701	0.899699
0.446729	0.159485	0.88721
0.691803	0.734212	0.0252204
0.746657	0.604026	0.34162
0.98274	0.19654	0.0491127
0.680932	0.722675	0.18759
0.00224389	0.953799	0.31321
0.331196	0.417511	0.855271
0.348989	0.348633	0.871266
0.646684	0.757992	0.121264
0.65031	0.402516	0.653222
0.246547	0.943629	0.2284
0.428882	0.684852	0.605548
0.554453	0.827401	0.179899
0.803441	0.494991	0.337
0.785161	0.222791	0.5794
0.504657	0.866037	0.0456755
0.962971	0.106337	0.252457
0.15761	0.906417	0.41921
0.894355	0.316374	0.335876
0.185309	0.986742	0.00692936
0.887088	0.456808	0.0895721
0.422793	0.675129	0.620626
0.293171	0.0302135	0.958355
0.541904	0.379639	0.762501
0.364632	0.74514	0.569589
0.118424	0.871263	0.482916
0.0311477	0.936466	0.406186
0.315865	0.244065	0.91766
0.509136	0.278533	0.816435
0.0532012	0.995302	0.112957
0.611263	0.763406	0.260179
0.00466165	0.287494	0.980036
0.269651	0.963386	0.0765098
0.478816	0.561231	0.678464
0.107226	0.872369	0.482729
0.484124	0.713868	0.515864
0.818315	0.45221	0.362886
0.0215693	0.844911	0.539035
0.656523	0.725997	0.209578
0.722736	0.689687	0.0972816
0.592146	0.0519697	0.805958
0.379764	0.747736	0.549009
0.0202634	0.509277	0.879188
0.19319	0.00177714	0.992745
0.370259	0.466754	0.812514
0.0564762	0.947373	0.351438
0.165149	0.902006	0.436084
0.957781	0.142074	0.262811
0.0490659	0.917937	0.400942
0.781107	0.481231	0.40559
0.928768	0.0832854	0.362856
0.397354	0.137477	0.917152
0.878162	0.17748	0.458063
0.338231	0.76677	0.556219
0.453844	0.584469	0.686795
0.739908	0.449547	0.530347
0.812354	0.592403	0.0401964
0.908805	0.436783	0.106743
0.302755	0.439375	0.8544
0.406806	0.883806	0.245181
0.852588	0.525329	0.0654543
0.952275	0.238064	0.206836
0.92649	0.180673	0.335155
0.726673	0.0644031	0.688644
0.674613	0.666452	0.320449
0.244836	0.798189	0.575554
0.338368	0.767081	0.554031
0.512583	0.80274	0.331085
0.831876	0.536871	0.171015
0.408231	0.382796	0.831238
0.819955	0.571523	0.110565
0.250768	0.828862	0.509484
0.101258	0.265883	0.96974
0.703618	0.24715	0.670094
0.58426	0.679627	0.452472
0.0837083	0.860222	0.505302
0.52089	0.815749	0.296337
0.527182	0.205937	0.830037
0.256878	0.0374528	0.966978
0.538286	0.377105	0.765658
0.777318	0.563888	0.325258
0.463735	0.840232	0.318503
0.674763	0.714924	0.210487
0.238617	0.0353957	0.973385
0.1267	0.731362	0.67925
0.114824	0.821955	0.577365
0.749933	0.660051	0.0849545
0.929851	0.328426	0.191201
0.918987	0.389865	0.152365
0.585349	0.68533	0.446813
0.12927	0.138403	0.987123
0.697613	0.174724	0.700661
0.295962	0.958739	0.126551
0.15621	0.898366	0.436763
0.564316	0.813062	0.178763
0.212683	0.291788	0.941257
0.183109	0.164907	0.978629
0.279941	0.02885	0.962429
0.923487	0.0188874	0.414928
0.974041	0.243505	0.0957175
0.305843	0.246826	0.926565
0.619399	0.777259	0.121371
0.767952	0.55116	0.337566
0.565484	0.621981	0.548122
0.108215	0.114969	0.991734
0.194561	0.899323	0.402777
0.840983	0.54053	0.100936
0.41749	0.294733	0.861259
0.462311	0.317767	0.832023
0.647445	0.617839	0.472023
0.506772	0.79364	0.372572
0.759909	0.389038	0.526335
0.857927	0.537322	0.0333408
0.227925	0.952724	0.218056
0.279933	0.928025	0.262726
0.346457	0.118635	0.939102
0.890433	0.455861	0.0701078
0.0318892	0.579313	0.820891
0.757151	0.00887578	0.65938
0.519346	0.345228	0.793138
0.308475	0.112316	0.947269
0.0531584	0.886883	0.492754
0.528857	0.419578	0.738925
0.303289	0.239198	0.927815
0.630946	0.018506	0.790073
0.207766	0.86885	0.474446
0.642007	0.602566	0.501101
0.964451	0.0864852	0.253271
0.415713	0.402641	0.817722
0.150815	0.933921	0.325076
0.53246	0.144846	0.835506
0.702079	0.341293	0.694232
0.798446	0.607379	0.0956403
0.252871	0.835813	0.497577
0.979412	0.213698	0
0.299971	0.950721	0.135549
0.352664	0.140241	0.939264
0.323706	0.72237	0.639863
0.0265484	0.918839	0.413541
0.64058	0.765887	0.221576
0.808847	0.449409	0.442356
0.383308	0.327507	0.877149
0.196802	0.938905	0.307206
0.547446	0.299263	0.784392
0.855276	0.346199	0.403459
0.118397	0.267747	0.962154
0.0365395	0.829383	0.580746
0.434996	0.129678	0.903597
0.747154	0.509744	0.481604
0.115061	0.0961783	0.990752
0.758584	0.199237	0.632731
0.885514	0.457614	0.17272
0.241151	0.173882	0.965464
0.713226	0.680681	0.215223
0.258644	0.979238	0.0288668
0.794898	0.0673807	0.607682
0.648476	0.750308	0.154451
0.342496	0.304889	0.891148
0.0115677	0.931458	0.369774
0.699705	0.466402	0.547025
0.780802	0.613661	0.126882
0.96368	0.240646	0.147367
0.966225	0.210821	0.186624
0.834872	0.484892	0.2731
0.65441	0.670288	0.351707
0.601727	0.693322	0.407689
0.523279	0.733317	0.438138
0.0567462	0.160092	0.987457
0.282232	0.970951	0.0288189
0.525581	0.180932	0.846576
0.880741	0.0872661	0.471263
0.515811	0.473664	0.733306
0.483254	0.0409638	0.875824
0.905112	0.0788523	0.427777
0.179635	0.192597	0.971322
0.0738342	0.64848	0.763925
0.735361	0.697459	0.070109
0.398438	0.206554	0.894673
0.635092	0.606112	0.50633
0.421898	0.576331	0.713652
0.17093	0.663376	0.73841
0.26904	0.864785	0.455607
0.534815	0.470558	0.70605
1.00026	0.0191664	0.0734109
0.803599	0.548381	0.246216
0.829795	0.566126	0.0415411
0.145465	0.111565	0.986004
0.337907	0.00299394	0.957278
0.2354	0.441538	0.870539
0.390099	0.923615	0.0146153
0.194233	0.953658	0.246306
0.317354	0.592173	0.751978
0.624734	0.479552	0.620654
1.01434	0.0470958	0
0.366183	0.419243	0.858318
0.251372	0.285106	0.925818
0.856413	0.10692	0.509842
0.47003	0.858441	0.237099
0.239199	0.793885	0.574367
0.694977	0.704256	0.19994
0.0951648	0.317873	0.949291
0.00166802	0.82272	0.593148
0.502732	0.538547	0.678683
0.160437	0.671769	0.744465
0.218086	0.478519	0.861815
0.666088	0.24741	0.709956
0.273169	0.787254	0.560109
0.972504	0.255422	0.102986
0.684232	0.710416	0.208165
0.439062	0.869343	0.284568
0.412372	0.781297	0.477673
0.593482	0.807611	0.0462202
0.428533	0.848818	0.330275
0.83315	0.424127	0.361962
0.679842	0.283395	0.69053
0.104646	0.892316	0.441921
0.497918	0.705473	0.519767
0.928709	0.115946	0.385125
0.790771	0.273645	0.567906
0.894159	0.364764	0.322676
0.846673	0.0765522	0.536842
0.315816	0.838786	0.450879
0.863682	0.00530149	0.532876
0.147713	0.879912	0.463308
0.41755	0.570393	0.721954
0.994125	0.0162059	0.110574
0.938953	0.0580846	0.356936
0.815756	0.0710678	0.583707
0.278684	0.882693	0.380467
0.614413	0.653606	0.449181
0.888126	0.38498	0.263002
0.378048	0.928308	0.0131514
0.755969	0.559147	0.393411
0.409278	0.913294	0.0380654
0.467592	0.374759	0.809957
0.0054271	0.886624	0.469627
0.819631	0.488756	0.312683
0.650336	0.742933	0.168916
0.918745	0.382204	0.228531
0.632316	0.774393	0.0521621
0.671179	0.587231	0.457359
0.402192	0.430844	0.841734
0.769895	0.641004	0.0104233
0.625274	0.416868	0.662497
0.361878	0.151345	0.926206
0.432528	0.802401	0.418563
0.0839865	0.737646	0.674842
0.0965356	0.37575	0.930613
0.750153	0.554845	0.40014
0.58948	0.367724	0.720881
0.559162	0.324767	0.764714
0.687941	0.658083	0.357432
0.108489	0.716484	0.693864
0.484891	0.423797	0.768189
0.231382	0.513518	0.835624
0.22828	0.900146	0.391613
0.361163	0.302659	0.88564
0.0740239	0.460106	0.905686
5.99558e-05	0.440361	0.908887
0.156962	0.500993	0.860394
0.0898075	0.728977	0.688091
0.451226	0.351239	0.823441
0.417934	0.409923	0.815525
0.530101	0.540087	0.658699
0.463889	0.184079	0.871028
0.609509	0.633083	0.498417
0.539237	0.313194	0.799357
0.427496	0.630826	0.650569
0.182141	0.700946	0.696485
0.952655	0.0489014	0.312705
0.494958	0.70128	0.529581
0.451766	0.894837	0.0897622
0.969298	0.0497558	0.265395
0.909373	0.40319	0.15097
0.68377	0.725601	0.0984313
0.278452	0.0129285	0.979686
0.54345	0.29269	0.790024
0.21532	0.146902	0.968491
0.0425591	0.957064	0.300504
0.122223	0.9921	0.1169
0.539056	0.572034	0.62561
0.0403857	0.95744	0.297929
0.312325	0.592453	0.749613
0.783826	0.624649	0.0912085
0.826232	0.224268	0.521135
0.792086	0.254557	0.564652
0.958553	0.239366	0.162708
0.731069	0.524483	0.46143
0.724015	0.63453	0.291441
0.844455	0.234279	0.487416
0.244821	0.828928	0.510588
0.185716	0.911158	0.396092
0.367312	0.0239278	0.932237
0.899054	0.363919	0.282257
0.877077	0.355023	0.341651
0.166041	0.98609	0.116944
0.0506802	0.469484	0.898246
0.934184	0.0433742	0.371477
0.988203	0.00875575	0.226197
0.271407	0.309144	0.916333
0.333645	0.00441339	0.945249
0.461539	0.874449	0.162826
0.67274	0.740689	0.0647778
0.458909	0.353293	0.820333
0.90274	0.0988701	0.427588
0.5079	0.711765	0.492692
0.278215	0.795936	0.552191
0.289539	0.689571	0.665817
0.19407	0.938487	0.334425
0.977195	0.219771	0.0579257
0.305149	0.967131	0.00119694
0.952734	0.290522	0.129089
0.630421	0.372562	0.690104
0.578141	0.820445	0.0604187
0.662547	0.728141	0.234098
0.0647958	0.999555	0.00869485
0.935788	0.390639	0.0720292
0.136338	0.43198	0.903733
0.178719	0.852632	0.503829
0.853775	0.517997	0.0633244
0.93383	0.0627871	0.387919
0.291144	0.966797	0.0186319
0.94609	0.293509	0.149326
1.73488e-32	6.12432e-17	1.00018
1.00073	0.00088927	0.000858349
3.91971e-06	1.00031	0.000613122
4.05664e-17	4.68005e-17	1.01147
0.988015	0.162715	0
6.12369e-17	5.33966e-33	1.00007
0.223959	0.636158	0.739271
0.00331806	0.499075	0.867769
0.4589	0.594578	0.674502
0.161917	0.0443435	0.991847
0.071924	0.997692	0.0058486
0.195979	0.977932	0.143001
0.267934	0.542736	0.811438
0.135032	0.954086	0.288343
0.60404	0.605352	0.528026
0.959918	0.111852	0.281121
0.312221	0.945413	0.097359
0.124067	0.190465	0.97538
0.822051	0.57237	0.0260576
0.636617	0.622401	0.472827
0.669779	0.763212	0.044509
0.0310443	0.837281	0.557322
0.0975901	0.689535	0.722105
0.339674	0.668684	0.664113
0.241203	0.840143	0.489767
0.614641	0.311228	0.727827
0.450902	0.811104	0.379478
0.355227	0.908996	0.239006
0.500086	0.524162	0.692993
0.387262	0.145617	0.93292
0.35957	0.0223324	0.939545
0.521395	0.363032	0.774998
0.864529	0.272558	0.429872
0.535985	0.613725	0.582105
0.423488	0.165699	0.893008
0.877932	0.429869	0.214092
0.929661	0.342317	0.166861
0.278508	0.824994	0.497887
0.770323	0.213135	0.605186
0.79132	0.218944	0.594539
0.89429	0.423242	0.151122
0.585217	0.159025	0.79669
0.422146	0.133089	0.902642
0.639169	0.767815	0.0713412
0.437488	0.566836	0.714579
0.447398	0.889882	0.218887
0.873159	0.301771	0.388576
0.020222	0.854628	0.536038
0.86985	0.463842	0.174107
0.588112	0.390428	0.710826
0.186014	0.898342	0.423448
0.731725	0.433328	0.565672
0.0861455	0.549753	0.833187
0.119286	0.924543	0.365358
0.152699	0.0099499	0.993587
0.0376524	0.977785	0.229334
0.850911	0.495591	0.195191
0.528885	0.676937	0.514914
0.592521	0.758387	0.273747
0.205862	0.871918	0.466592
0.353156	0.922324	0.24556
0.0135605	0.967137	0.298805
0.612259	0.639962	0.478787
0.486984	0.805594	0.344635
0.992481	0.123612	0.0339751
0.284937	0.488971	0.827116
0.100677	0.613604	0.789927
0.433615	0.176888	0.884176
0.87712	0.276348	0.397056
0.233841	0.460351	0.857493
0.69488	0.72226	0.0578643
0.0618132	0.998276	0.0177256
0.644927	0.146604	0.758108
0.48933	0.556909	0.678363
0.844571	0.418376	0.34795
0.673392	0.669006	0.315595
0.0807093	0.639112	0.785803
0.0514529	0.713727	0.699546
0.401355	0.101702	0.916269
0.228728	0.968082	0.115069
0.969291	0.223572	0.119813
0.980059	0.0838207	0.226875
0.910138	0.404228	0.12231
0.138142	0.0667527	0.996201
0.26134	0.293166	0.93129
0.213967	0.240024	0.953253
0.785857	0.482723	0.408771
0.683495	0.0851285	0.726006
0.481586	0.826434	0.323146
0.473976	0.276055	0.84091
0.384196	0.408396	0.829474
0.565629	0.829071	0.0360429
0.533606	0.77968	0.334771
0.107388	0.819875	0.573714
0.809826	0.498159	0.339962
0.70069	0.683757	0.288336
0.300346	0.336922	0.904595
0.742258	0.414934	0.565642
0.410577	0.906374	0.122207
0.742458	0.3057	0.600457
0.120265	0.989986	0.102848
0.206139	0.231242	0.958667
0.541255	0.619265	0.578978
0.177383	0.265997	0.948447
0.149189	0.883051	0.466422
0.461797	0.585533	0.669698
0.443679	0.516845	0.745293
0.663286	0.751089	0.0578517
0.564102	0.826832	0.0879019
0.786259	0.475911	0.416276
0.820894	0.295425	0.510062
0.526513	0.366596	0.767667
0.660213	0.461117	0.646073
0.466636	0.773426	0.441023
0.965686	0.0587762	0.291491
0.801319	0.28786	0.546554
0.751998	0.33626	0.576973
0.597784	0.287623	0.751889
0.323607	0.938204	0.142294
0.434111	0.17709	0.883595
0.332573	0.0884119	0.950262
0.0266726	0.962016	0.297308
0.262582	0.0216906	0.967596
0.248302	0.864873	0.440671
0.986467	0.0181787	0.185261
0.0880535	0.727756	0.686238
0.50863	0.659012	0.563195
0.242732	0.454786	0.859327
0.253051	0.730665	0.635116
0.244747	0.561207	0.804894
0.0585682	0.713251	0.699616
0.11415	0.931605	0.357074
0.921588	0.20453	0.348501
0.311424	0.899213	0.330615
0.70468	0.701735	0.191025
0.935854	0.183737	0.354244
0.793598	0.447618	0.433567
0.922496	0.290833	0.266757
0.307114	0.0826649	0.952807
0.576489	0.388444	0.720798
0.379382	0.839082	0.40165
0.346586	0.574449	0.750766
0.784784	0.172206	0.623202
0.95121	0.0735562	0.300954
0.174337	0.0584577	0.983556
0.719547	0.354308	0.622111
0.997614	0.0682553	0.0717071
0.331644	0.53841	0.777408
0.550695	0.706219	0.464987
0.512738	0.244593	0.848805
0.772406	0.346243	0.541247
0.367818	0.472648	0.803394
0.366652	0.481754	0.803315
0.37374	0.933349	0.0839487
0.657347	0.747652	0.107746
0.622999	0.583371	0.526991
0.887671	0.451258	0.103138
0.323139	0.939533	0.13024
0.889422	0.403337	0.232162
0.914244	0.255321	0.315596
0.898935	0.438064	0.100462
0.990334	0.000880029	0.15766
0.968818	0.028312	0.262284
0.557369	0.637701	0.53415
0.914832	0.114634	0.388985
0.423152	0.653814	0.637202
0.0442424	0.113162	0.99875
0.829512	0.0477315	0.571862
0.703071	0.681085	0.303629
0.116048	0.787754	0.612014
0.686342	0.711414	0.206056
0.896678	0.248095	0.370416
0.601592	0.763375	0.251312
0.219822	0.0119531	0.976003
0.655175	0.38159	0.655853
0.166321	0.859197	0.500409
0.71005	0.149412	0.69409
0.554968	0.813934	0.245741
0.848814	0.326494	0.421796
0.948112	0.0733167	0.310639
0.755158	0.447205	0.516435
0.00247274	0.855348	0.549056
0.405992	0.199893	0.897155
0.566439	0.324928	0.763712
0.817451	0.395766	0.453258
0.940646	0.0706214	0.348236
0.216974	0.539539	0.818678
0.779957	0.199505	0.626527
0.994122	0.0768746	0.081862
0.290958	0.506442	0.813049
0.631404	0.728435	0.308877
0.29544	0.888238	0.372805
0.420304	0.164453	0.894771
0.774286	0.32989	0.559923
0.241065	0.128546	0.965069
0.367267	0.793915	0.523869
0.396448	0.578737	0.721881
0.0108133	1.00428	0
5.86581e-17	1.83798e-17	1.00389
0.198871	0.811666	0.550869
0.0662231	0.915611	0.41111
0.716914	0.351483	0.612547
0.966552	0.0104557	0.263291
0.488988	0.603986	0.642963
0.758655	0.37746	0.535025
0.723313	0.67588	0.147548
0.409769	0.618849	0.674694
0.879924	0.288193	0.399438
0.395816	0.102435	0.917388
0.545328	0.204999	0.822195
0.372317	0.0345408	0.928966
0.361775	0.67736	0.649032
0.435148	0.804576	0.443196
0.972021	0.137425	0.219018
0.766483	0.491624	0.426334
0.0322436	0.671464	0.754638
0.841665	0.545642	0.0133563
0.297694	0.278172	0.914193
0.126761	0.154671	0.980705
0.816117	0.0167928	0.600362
0.474935	0.579504	0.664878
0.378976	0.709567	0.597588
0.694586	0.54631	0.481635
0.256138	0.653227	0.760269
0.687146	0.0517629	0.728684
0.0861037	0.979234	0.200768
0.948766	0.239727	0.230289
0.102276	0.0731624	0.993304
0.249805	0.891713	0.394064
0.97983	0.12291	0.164564
0.0419851	0.838572	0.559424
0.872231	0.193926	0.461427
0.162569	0.506941	0.857238
0.13757	0.972646	0.192478
0.807052	0.48365	0.380694
0.033622	0.556778	0.834113
0.319449	0.00788755	0.951403
0.956213	0.241609	0.187786
0.411802	0.258019	0.876914
0.47274	0.763265	0.44604
0.349889	0.771497	0.541866
0.141966	0.960228	0.253171
0.772515	0.639941	0.0457479
0.287763	0.925423	0.306065
0.681869	0.112081	0.731944
0.148422	0.947933	0.28449
0.892585	0.436767	0.172473
0.9261	0.426257	0.027211
0.6749	0.737864	0.0748715
0.443453	0.853014	0.311764
0.864274	0.080181	0.501067
0.614062	0.14054	0.784607
0.494421	0.866563	0.0811164
0.0948477	0.897095	0.437084
0.916465	0.0245343	0.402589
0.424596	0.498801	0.760167
0.0133321	0.722237	0.696519
0.484991	0.794183	0.370966
0.212755	0.1275	0.984832
0.279097	0.901647	0.350834
0.861377	0.513046	0.0582632
0.599312	0.359156	0.738852
0.738687	0.412629	0.562901
0.559225	0.305294	0.773811
0.239138	0.853637	0.487062
0.464388	0.300917	0.838386
0.191748	0.782596	0.593306
0.75018	0.485932	0.452152
0.341127	0.588321	0.735625
0.307644	0.54232	0.79218
0.607718	0.798019	0.0357357
0.506034	0.629715	0.623849
0.708726	0.460873	0.56369
0.483633	0.752796	0.451888
0.172963	0.304902	0.940414
0.112819	0.906305	0.413314
0.389353	0.728996	0.568828
0.933588	0.235892	0.286555
0.921828	0.131547	0.396245
0.733214	0.163018	0.67775
0.497834	0.818742	0.297118
0.629919	0.570906	0.528843
0.581774	0.346721	0.755173
0.326665	0.611623	0.722899
0.883496	0.0621692	0.467163
0.774022	0.263834	0.58757
0.786546	0.560728	0.299781
0.794165	0.148173	0.595862
0.663334	0.324588	0.685153
0.655683	0.534316	0.581137
0.822684	0.598092	0.0106751
0.535873	0.228671	0.822247
0.0721901	0.627196	0.780563
0.71516	0.498728	0.520569
0.436927	0.268517	0.873841
0.503715	0.69446	0.5242
0.777727	0.249955	0.586962
0.854398	0.466436	0.238581
0.911074	0.430998	0.0332125
0.569452	0.780435	0.275603
0.558048	0.172465	0.823867
0.53239	0.386356	0.757888
0.837056	0.542206	0.0954644
0.642075	0.213472	0.749015
0.345103	0.870615	0.355508
0.887633	0.439709	0.171928
0.804436	0.176602	0.575701
0.752171	0.529227	0.407651
0.974303	0.0903755	0.209232
0.679906	0.339277	0.652808
0.421276	0.302555	0.857478
0.985583	0.114633	0.144384
0.475761	0.851277	0.259504
0.978978	0.0470473	0.204443
0.399195	0.747423	0.555291
0.445338	0.856641	0.293218
0.294716	0.952106	0.0998763
0.184801	0.118046	0.985371
0.564506	0.193454	0.805226
0.522689	0.786545	0.333276
0.367624	0.927429	0.106956
0.072245	0.999266	0.0493935
0.593274	0.198674	0.786035
0.566126	0.189717	0.811419
0.517172	0.861045	0.00515141
0.556223	0.651294	0.523332
0.771127	0.631747	0.0980345
0.847891	0.531256	0.0895645
0.376182	0.252903	0.909711
0.70341	0.0285146	0.737061
0.576328	0.40065	0.72431
0.92522	0.0858352	0.37484
0.261372	0.773742	0.579769
0.817919	0.573006	0.0671428
0.643572	0.210783	0.749656
0.878018	0.0814561	0.476411
0.259409	0.041968	0.968261
0.0569392	0.996917	0.110258
0.832734	0.430123	0.357385
0.744491	0.165526	0.662681
0.883477	0.35317	0.320499
0.811684	0.119011	0.575415
0.158947	0.511611	0.84884
0.096573	0.0625779	0.996564
0.928672	0.371819	0.0802981
0.236706	0.966087	0.132058
0.269437	0.880933	0.392011
0.213591	0.40218	0.891665
0.900798	0.438216	0.0536216
0.700383	0.516255	0.502993
0.496841	0.777582	0.389994
0.387379	0.686088	0.629745
0.24185	0.564934	0.793879
0.455459	0.831985	0.326378
0.283351	0.519029	0.816634
0.314753	0.416273	0.862785
0.153917	0.470636	0.870057
0.182733	0.31481	0.934879
0.221339	0.886393	0.409142
0.179913	0.565841	0.829974
0.399472	0.826675	0.429862
0.387198	0.330872	0.867522
0.0271416	0.614014	0.794699
0.505034	0.36716	0.800536
0.902471	0.437742	0.0330529
0.00121744	0.950572	0.363064
0.51138	0.39097	0.766817
0.118008	0.477953	0.872494
0.0501615	0.935145	0.359949
0.569228	0.701453	0.443239
0.134636	0.61634	0.779991
0.232205	0.976116	0.0449964
0.466425	0.120708	0.881973
0.270255	0.958355	0.134466
0.988137	0.0420711	0.182605
0.401565	0.251605	0.883074
0.864321	0.21839	0.465271
0.368682	0.183434	0.913303
0.21913	0.733148	0.660886
0.329027	0.00114511	0.946895
0.347405	0.925522	0.157239
0.584172	0.684654	0.446757
0.604214	0.708293	0.431507
0.602337	0.790953	0.119638
0.997538	0.00694312	0.110044
0.23443	0.962708	0.157599
0.0437748	0.874318	0.48609
0.30926	0.159821	0.93888
0.794147	0.463537	0.432871
0.68793	0.233656	0.70088
0.652832	0.535282	0.556505
0.959094	0.286938	0
5.03506e-17	3.8405e-17	1.03419
0.858605	0.51243	0.124361
0.376088	0.909836	0.187501
0.463886	0.269312	0.845673
0.819906	0.255501	0.519582
0.105577	0.993802	0.159709
0.358569	0.93508	0.0795469
0.887371	0.398799	0.243679
0.925626	0.000503046	0.381854
0.154911	0.920195	0.36454
0.22738	0.955177	0.201289
0.438783	0.623388	0.651151
0.408647	0.393042	0.841189
0.191901	0.112292	0.978108
0.164952	0.0980627	0.984883
0.389715	0.886727	0.26436
0.54859	0.765791	0.350738
0.402656	0.015154	0.929172
0.24091	0.9682	0.0884178
0.660874	0.470318	0.592093
0.874623	0.485127	0.0642946
0.0464248	0.983523	0.182581
0.074098	0.674859	0.748888
0.349805	0.874084	0.34464
0.653665	0.752467	0.113938
0.57016	0.146684	0.810046
0.581515	0.797499	0.166023
0.969941	0.163049	0.212949
0.00869842	0.176928	0.993905
0.0967707	0.586993	0.809515
0.222621	0.170451	0.967834
0.0863961	0.838668	0.542251
0.891351	0.400588	0.21971
0.424443	0.404615	0.829491
0.879372	0.492692	0.0635757
0.987013	0.120248	0.133912
0.424635	0.709853	0.568816
0.0707098	0.893485	0.455883
0.828892	0.124387	0.550139
0.282083	0.406924	0.875676
0.145479	0.412625	0.911261
0.827301	0.558193	0.103959
0.0801694	0.770564	0.671097
0.54158	0.461621	0.720264
0.525878	0.331526	0.787332
0.531305	0.336232	0.782424
0.563921	0.234681	0.798471
0.847558	0.530809	0.0701634
0.212028	0.770526	0.605445
0.125332	0.284994	0.958363
0.997517	0.0606228	0.0451993
0.814443	0.59521	0.0183557
0.0969838	0.841095	0.535593
0.272628	0.928243	0.258176
0.586346	0.790112	0.213826
0.293021	0.873824	0.40896
0.0276322	0.573964	0.820151
0.842114	0.353687	0.444318
0.630608	0.715054	0.309751
0.620932	0.653156	0.446574
0.0536753	0.730722	0.696644
0.453599	0.522966	0.724558
0.882981	0.275517	0.38821
0.253833	0.69208	0.677752
0.654826	0.700612	0.305033
0.303986	0.424342	0.85998
0.174956	0.738059	0.659581
0.0249821	0.518916	0.855905
0.942873	0.0791968	0.342507
0.848432	0.537138	0.00538787
0.201705	0.139018	0.971927
0.949212	0.159564	0.294715
0.598595	0.783037	0.231257
0.558982	0.601267	0.577119
0.955235	0.0432612	0.295891
0.611375	0.657877	0.475767
0.277444	0.385128	0.882661
0.736674	0.459322	0.501446
0.710221	0.693963	0.152012
0.67328	0.088503	0.737485
0.29797	0.888581	0.397633
0.502486	0.642528	0.581993
0.766517	0.474282	0.461904
0.517023	0.349149	0.792011
0.143492	0.303114	0.944539
0.32843	0.867327	0.388499
0.475234	0.662858	0.581946
0.302912	0.831427	0.487026
0.0599543	0.816203	0.590275
0.604131	0.21576	0.769325
0.696797	0.503405	0.512887
0.496498	0.547497	0.679531
0.419629	0.298634	0.864505
0.499146	0.825157	0.267843
0.916665	0.274245	0.295448
0.514725	0.801237	0.315855
0.366264	0.934251	0.0210095
0.431818	0.0472263	0.904607
0.129147	0.952424	0.287835
0.309605	0.961663	0.10909
5.98999e-17	1.79877e-17	1.02139
0.323308	0.807873	0.498005
0.397595	0.0321507	0.919835
0.0329566	0.141714	0.99575
0.808893	0.19381	0.560665
0.0201315	0.187483	0.992655
0.690445	0.727959	0.0294071
0.794785	0.0872043	0.617411
0.599387	0.47731	0.644624
0.585245	0.632371	0.509287
0.82781	0.131505	0.546768
0.544015	0.78478	0.316709
0.725916	0.343187	0.602284
0.935291	0.249047	0.348752
0.64376	0.66878	0.377714
0.226885	0.173755	0.964358
0.512241	0.318981	0.800302
0.20599	0.703673	0.687461
0.726899	0.685836	0.126788
0.275333	0.597499	0.761906
0.342092	0.925418	0.173703
0.333339	0.204749	0.922015
0.634846	0.451795	0.630573
0.756202	0.414085	0.513867
0.246378	0.200694	0.954536
0.556199	0.605896	0.598277
0.417501	0.197379	0.89422
0.775741	0.632443	0.0116141
0.672714	0.339193	0.70197
0.207763	0.859589	0.471099
0.380793	0.931305	0.0471545
0.214039	0.866207	0.470604
0.992239	0.120885	0.0603893
0.518363	0.0234759	0.856382
0.704355	0.612773	0.415195
0.426556	0.619115	0.662813
0.602377	0.445443	0.672044
0.339233	0.95145	0.0142283
0.119872	0.362368	0.927589
0.546621	0.564017	0.626795
0.79767	0.236672	0.560836
0.744455	0.670449	0.00551491
0.458475	0.810714	0.370913
0.766951	0.0916203	0.637201
0.64166	0.064746	0.772264
0.764451	0.664865	0.0121104
0.0462655	0.980147	0.237914
0.261532	0.894087	0.373285
0.0370626	0.900626	0.438998
0.59733	0.645429	0.494799
0.384175	0.366229	0.866188
0.667199	0.578663	0.491544
0.906019	0.220026	0.371915
0.376077	0.619642	0.740586
0.929448	0.375018	0.0580597
0.00327577	0.312965	0.952968
0.948749	0.0277968	0.331258
0.719563	0.483075	0.500603
0.641612	0.758459	0.134076
6.01375e-17	1.29332e-17	1.00458
0.78772	0.556901	0.270645
0.928658	0.367699	0.0808819
0.266346	0.21696	0.94678
0.111795	0.849795	0.52091
0.15078	0.895659	0.426528
0.288211	0.274748	0.933367
0.811617	0.571693	0.156968
0.753248	0.508227	0.423001
0.476401	0.0516205	0.884725
0.110825	0.855928	0.52453
0.632339	0.061327	0.780043
0.584989	0.208924	0.796621
0.687426	0.726417	0.0546757
0.679478	0.735833	0.00248877
0.196429	0.104205	0.97818
0.477435	0.837462	0.280616
0.397468	0.0353588	0.92017
0.487459	0.329096	0.81652
0.808366	0.60891	0.0925763
0.617772	0.43778	0.658407
0.0597591	0.238194	0.974327
0.145117	0.982761	0.139823
0.844546	0.455657	0.325919
0.41556	0.3203	0.865303
0.750732	0.487471	0.469975
0.77113	0.388816	0.516282
0.591183	0.420722	0.697821
0.367632	0.932617	0.108929
0.755927	0.0748288	0.660546
0.641225	0.705386	0.333517
0.194381	0.903681	0.399792
0.905872	0.380466	0.204194
6.01375e-17	1.29332e-17	1.00458
0.950484	0.311397	8.52875e-17
0.283725	0.91817	0.280315
0.239682	0.829678	0.515837
0.955381	0.303558	0.136609
0.373607	0.219254	0.905053
0.462757	0.817546	0.376782
0.943432	0.0759673	0.331828
0.0593255	0.23372	0.97861
0.979625	0.155356	0.194065
0.882243	0.470139	0.0779227
0.27233	0.0507139	0.961874
0.315507	0.639907	0.704364
0.867654	0.407189	0.318781
0.364658	0.759625	0.553189
0.898139	0.0955546	0.436435
0.438726	0.212759	0.874799
0.899833	0.0926007	0.446353
0.381291	0.80569	0.466804
0.874088	0.0976256	0.485094
0.16818	0.375225	0.919663
0.694448	0.693754	0.247729
0.581756	0.58906	0.563126
0.856523	0.422823	0.309457
0.155802	0.911069	0.391986
0.414413	0.840506	0.379278
0.635195	0.787951	0.0246593
0.0155755	0.965781	0.260285
0.35741	0.630694	0.697723
0.0473125	0.615033	0.788031
0.349204	0.172385	0.929508
0.116547	0.934071	0.347574
0.627476	0.73861	0.27182
0.219942	0.866488	0.465844
0.100118	0.981091	0.192756
0.84192	0.53997	8.52878e-17
0.830766	0.533033	0.161443
0.22368	0.885322	0.427439
0.461224	0.896188	0.053379
0.250308	0.956961	0.153147
0.769263	0.40642	0.495065
0.472712	0.488748	0.733568
0.322734	0.954996	0.0441619
0.523681	0.278075	0.808736
0.260071	0.842983	0.476613
0.338155	0.0355903	0.94993
0.0416764	0.845064	0.540689
0.118621	0.931698	0.347096
0.198512	0.702952	0.689905
0.654974	0.238903	0.725744
0.206256	0.0230364	0.989739
0.0646598	0.854871	0.524403
0.471587	0.150598	0.882298
0.706051	0.71389	0.172782
0.646293	0.708187	0.303119
0.0984399	0.94319	0.344271
0.404314	0.79388	0.477187
0.436018	0.287185	0.864832
0.974472	0.205842	0.122246
0.408261	0.801631	0.456409
0.732113	0.571498	0.405456
0.937768	0.348068	0.0690154
0.820306	0.57199	0.112358
0.434996	0.456171	0.77845
0.548691	0.535346	0.643067
0.0818911	0.678927	0.74284
0.742644	0.653499	0.209645
0.890076	0.43164	0.153156
0.588475	0.46327	0.664351
0.368499	0.580776	0.755721
0.452212	0.371191	0.8409
0.19178	0.946972	0.301322
0.835767	0.555988	0.0584289
0.446627	0.522469	0.750827
0.0483077	0.784536	0.627908
0.0954456	0.959194	0.290629
0.328665	0.40831	0.859822
0.289486	0.143447	0.951186
0.48635	0.502848	0.716027
0.789765	0.398695	0.495903
0.738561	0.647105	0.226826
0.517288	0.27569	0.817202
0.583786	0.507019	0.63888
0.723806	0.720881	0.0704829
0.253176	0.296169	0.944454
0.475506	0.389582	0.792369
0.309355	0.677814	0.677674
0.346976	0.682289	0.644444
0.492729	0.8779	0.0737262
0.421745	0.906287	0.104279
0.226066	0.0358511	0.983191
0.071132	0.997869	0.00838463
0.859845	0.138134	0.501219
0.388656	0.0434083	0.930435
0.484002	0.517641	0.713512
0.330833	0.194758	0.9296
0.777669	0.519257	0.3606
0.56879	0.709152	0.421191
0.0279447	0.657084	0.766084
0.228672	0.113551	0.967361
0.604841	0.319553	0.732262
0.665686	0.355785	0.65797
0.244053	0.96148	0.181073
0.454431	0.385948	0.834261
0.785267	0.25264	0.609613
0.0871684	0.51871	0.856057
0.615769	0.763854	0.234908
0.301713	0.340979	0.894091
0.136929	0.521317	0.850563
0.0376939	0.88171	0.480954
0.432757	0.451397	0.797202
0.825395	0.165076	0.574661
0.15117	0.0444405	0.996404
0.529844	0.113949	0.847224
0.900936	0.340335	0.304483
0.855333	0.36364	0.410207
0.503458	0.00268692	0.870068
0.752313	0.631294	0.211168
0.736752	0.619307	0.295402
0.910216	0.157626	0.39658
0.727198	0.397122	0.569138
0.675838	0.749091	0.0300792
0.937962	0.307486	0.161445
0.421345	0.227482	0.884027
0.396833	0.906678	0.188099
0.887406	0.011393	0.47323
0.712436	0.711724	0.102297
0.436553	0.874829	0.26575
0.543871	0.291038	0.801654
0.591442	0.733676	0.349642
0.97387	0.205715	0.12422
0.54227	0.0620798	0.858546
0.577429	0.0030817	0.825857
0.123441	0.969561	0.232681
0.760266	0.637968	0.131237
0.146563	0.848164	0.535004
0.130742	0.956856	0.285634
0.816789	0.429707	0.39806
0.410606	0.328956	0.85629
0.574573	0.672142	0.511756
0.619667	0.62201	0.503935
0.142371	0.848943	0.534193
0.659942	0.663672	0.353599
0.133341	0.658411	0.760412
0.862756	0.119962	0.501326
0.361948	0.331557	0.880399
0.962581	0.0859613	0.301389
0.0222207	0.36262	0.93854
0.988904	0.133444	0.0933349
0.437781	0.623763	0.674828
0.750295	0.434707	0.508032
0.510627	0.561505	0.653717
0.607082	0.482041	0.640459
0.931993	0.0812066	0.384584
0.758033	0.545398	0.363475
0.910942	0.459195	0.0545194
0.628265	0.666794	0.402457
0.193928	0.240922	0.956874
0.609562	0.0535551	0.796939
0.681055	0.728892	0.110226
0.678114	0.634357	0.372529
0.671911	0.128118	0.743023
0.201799	0.981064	0.00569888
0.286087	0.361934	0.889644
0.674062	0.104118	0.747435
0.77312	0.649878	0.0267418
0.853971	0.313438	0.426251
0.236192	0.198541	0.955822
0.56603	0.737206	0.388435
0.684573	0.250069	0.721686
0.344391	0.169864	0.930722
0.38488	0.709506	0.59464
0.53818	0.272944	0.807651
0.970705	0.254238	0.070638
0.884731	0.474211	0.0416081
0.209062	0.857937	0.477074
0.734861	0.379332	0.584737
0.916597	0.0296414	0.409333
0.697458	0.696761	0.189915
0.939633	0.0703303	0.356906
0.529081	0.437266	0.731743
0.29791	0.0061104	0.958832
0.434174	0.0518568	0.913554
0.940307	0.264636	0.276537
0.186326	0.6598	0.729706
0.609956	0.484323	0.631126
0.185836	0.988554	0.0391301
0.179398	0.776485	0.606126
0.971236	0.127911	0.241724
3.75006e-33	6.12431e-17	1.00018
5.78885e-17	2.1856e-17	1.01053
6.12397e-17	5.3399e-33	1.00012
4.68924e-07	1.00053	0
0.975349	0.112206	0.222767
0.857606	0.0501492	0.516023
0.147068	0.209158	0.969271
0.914915	0.345429	0.257987
0.433412	0.852423	0.297563
0.84238	0.379195	0.392415
0.840734	0.317421	0.447733
0.488177	0.30785	0.819429
0.781583	0.00876207	0.626684
0.939939	0.299353	0.243528
0.401861	0.872753	0.325791
0.882188	0.373496	0.291333
0.106021	0.988525	0.131107
0.129164	0.373564	0.924863
0.886654	0.44957	0.150509
0.893394	0.463974	0.0518182
0.907528	0.254482	0.352925
0.617695	0.71686	0.338823
0.642705	0.738611	0.20571
0.254618	0.359131	0.904243
0.587417	0.792883	0.21536
0.674601	0.763165	0.0166943
0.577731	0.658521	0.510327
0.931908	0.355662	0.0990701
0.151236	0.495798	0.864132
0.466935	0.170552	0.869647
0.910829	0.188864	0.371481
0.422661	0.61999	0.663396
0.327643	0.927842	0.201061
0.517852	0.393149	0.787005
0.450625	0.126236	0.890351
0.178395	0.485202	0.857598
0.33709	0.0261067	0.943861
0.248416	0.906418	0.385056
0.510254	0.745811	0.438405
0.1085	0.230723	0.981592
0.726955	0.538369	0.434242
0.211261	0.98012	0.0630805
0.512677	0.196657	0.840823
0.381792	0.325086	0.875007
0.949756	0.226751	0.249465
0.0882634	0.913798	0.406277
0.30492	0.0307296	0.954334
0.0265647	0.522812	0.856556
0.58871	0.26015	0.780278
0.831144	0.556577	0.0800111
0.0740756	0.695668	0.719362
0.761125	0.108057	0.641067
0.753833	0.542078	0.378455
0.788744	0.507231	0.38234
0.627956	0.11971	0.771889
0.817541	0.583908	0.0669532
0.894477	0.498975	0.0401992
0.497201	0.879405	0.0551232
0.101865	0.155828	0.988724
0.715335	0.68417	0.147019
0.21809	0.80452	0.565004
0.397646	0.885315	0.26503
0.560796	0.644	0.531233
0.686981	0.654906	0.359836
0.720472	0.340607	0.62101
0.338697	0.129264	0.934975
0.318294	0.162776	0.944405
0.388548	0.831233	0.408174
0.0950516	0.434979	0.902913
0.565025	0.512315	0.651217
0.875833	0.051215	0.483324
0.974768	0.219403	0.18425
0.303227	0.273332	0.918225
0.15326	0.525081	0.839983
0.0345158	0.901473	0.463661
0.96317	0.0973352	0.274453
0.798144	0.442299	0.422937
0.121289	0.706225	0.701872
0.566381	0.641213	0.532298
0.436857	0.175981	0.896198
0.974492	0.244041	0.00184798
0.182293	0.993346	0.109107
0.539591	0.61043	0.598987
0.738211	0.283169	0.618054
0.0272607	0.998256	0.0744362
0.612878	0.249398	0.766855
0.46122	0.889317	0.00847554
0.365265	0.786411	0.503767
0.806561	0.594698	0.0052497
0.678949	0.247991	0.692029
0.0500063	0.815645	0.582478
0.986791	0.0846064	0.165391
0.534353	0.406633	0.755507
0.618258	0.750863	0.274434
0.0788073	0.815898	0.580196
0.553184	0.387466	0.7599
0.725835	0.716598	0.031173
0.117162	0.983067	0.181634
0.172764	0.569041	0.808706
0.541021	0.621483	0.572422
0.186908	0.867139	0.472715
0.187508	0.565111	0.809682
0.994664	8.67314e-17	0.104316
0.732001	0.288312	0.647345
0.491866	0.552639	0.673673
0.561102	0.508757	0.655922
0.00845457	0.958541	0.287071
0.473327	0.477673	0.74618
0.334997	0.635926	0.697015
0.244247	0.13569	0.96163
0.353655	0.329391	0.878583
0.238483	0.815765	0.539938
0.804414	0.596307	0.0271784
0.201386	0.295407	0.935167
0.290371	0.951684	0.159596
0.227249	0.858513	0.469938
0.00710387	0.776222	0.636014
0.49873	0.6731	0.55072
0.481297	0.0341811	0.877162
0.28892	0.778015	0.573108
0.891228	0.0870335	0.45587
0.251286	0.935292	0.331666
0.344263	0.920615	0.194108
0.168161	0.192372	0.983704
0.416915	0.0365579	0.912673
0.348815	0.940463	0.00902994
0.15951	0.729957	0.674791
0.301889	0.945079	0.160289
0.997735	0.029971	0.0845919
0.962555	0.225456	0.189138
0.86849	0.353414	0.379971
0.935775	0.346318	0.100636
0.0144095	0.753829	0.685377
0.603808	0.69131	0.401232
0.0338781	0.821415	0.594579
0.706181	0.387603	0.624444
0.243007	0.469307	0.858385
0.743125	0.412033	0.539811
0.698415	0.63431	0.337818
0.551889	0.559229	0.619885
0.440383	0.842151	0.312476
0.623242	0.0716988	0.796696
0.748553	0.415854	0.521812
0.671353	0.302208	0.682162
0.275064	0.893812	0.35746
0.441003	0.851088	0.287065
0.747456	0.0647861	0.688535
0.00558283	0.924081	0.395979
0.409815	0.697771	0.638832
0.279974	0.896815	0.354079
0.12373	0.699366	0.705971
0.0315038	0.740497	0.673469
0.60144	0.694125	0.411827
0.260705	0.835094	0.492753
0.0194964	0.580922	0.836122
0.595894	0.687724	0.418751
0.221508	0.0588588	0.978145
0.194684	0.519655	0.833467
0.580693	0.676168	0.468317
0.493715	0.702154	0.521234
0.661669	0.561976	0.50625
0.39251	0.845069	0.374451
0.539609	0.399624	0.755501
0.735169	0.666837	0.139537
0.35073	0.328917	0.881139
0.818369	0.0827021	0.576171
0.440133	0.841675	0.313592
0.37337	0.631037	0.694087
0.624196	0.763534	0.178652
0.775635	0.574974	0.264948
0.356128	0.4242	0.838539
0.0304898	0.600061	0.803067
0.592452	0.160764	0.798248
0.527688	0.606167	0.610926
0.808976	0.183273	0.560956
0.635628	0.599342	0.488954
0.123043	0.695478	0.712336
0.809818	0.578392	0.16247
0.314569	0.898508	0.329773
0.30439	0.0424255	0.957035
0.257041	0.971065	0.0393852
0.293097	0.84131	0.459341
0.0220482	0.670917	0.744864
0.723979	0.140588	0.676852
0.956383	0.268992	0.156183
0.958315	0.268457	0.172911
0.411546	0.0788827	0.913813
0.82813	0.374064	0.445562
0.207692	0.96356	0.196554
0.711284	0.604115	0.376794
0.867129	0.151956	0.479017
0.0330282	0.729548	0.704482
0.5883	0.264822	0.773413
0.605503	0.204408	0.77166
1.01021	0.00024884	1.36048e-05
0.963581	0.294318	0
4.80805e-17	3.96606e-17	1.01788
0.878127	0.133373	0.465276
0.0719645	0.745783	0.673492
0.401631	0.878933	0.352945
0.30782	0.0189761	0.968761
0.483653	0.526946	0.700959
0.811932	0.473741	0.359089
0.216998	0.718745	0.661508
0.0757891	0.433888	0.900919
0.606588	0.75648	0.259265
0.0219148	0.312886	0.985247
0.850391	0.089249	0.521787
0.107902	0.942995	0.320913
0.38583	0.576733	0.736418
0.380829	0.157644	0.912995
0.617971	0.620221	0.560629
0.367052	0.932132	0.0176995
0.706915	0.714438	0.0659701
0.188546	0.341685	0.924906
0.128967	0.871106	0.482779
0.549532	0.0553958	0.837186
0.756324	0.568762	0.33851
0.496087	0.404759	0.779647
0.558038	0.734998	0.396515
0.71286	0.422953	0.568428
0.700294	0.440805	0.563393
0.902224	0.112972	0.419481
0.368491	0.00222191	0.940529
0.00867197	0.994185	0.156623
0.661083	0.696181	0.296298
0.80111	0.392712	0.457052
0.349586	0.237279	0.924254
0.335605	0.499292	0.800165
0.210443	0.620881	0.759793
0.890584	0.0832396	0.457511
0.741278	0.672321	0.0446585
0.337003	0.191958	0.926248
0.725923	0.0787118	0.6933
0.203485	0.548301	0.814951
0.315611	0.31993	0.897873
0.918277	0.383429	0.112021
0.450589	0.80573	0.410126
0.626951	0.775388	0.101076
0.75526	0.177814	0.639654
0.895213	0.449665	0.0207299
0.323116	0.848031	0.473177
0.178801	0.49297	0.853967
0.463999	0.373332	0.806917
0.161329	0.906859	0.397178
0.137967	0.978072	0.20291
0.172846	0.264365	0.955033
0.86511	0.50801	0.0776073
0.0628257	0.954169	0.323309
0.242022	0.962658	0.163942
0.0451481	0.475686	0.881544
0.329338	0.926564	0.23526
0.148382	0.538514	0.846617
0.154135	0.983193	0.122416
0.132594	0.889285	0.446147
0.346165	0.347682	0.875401
0.688406	0.257414	0.683517
0.856512	0.368308	0.371264
0.290441	0.917556	0.324196
0.631814	0.613733	0.490106
0.125199	0.0137618	0.995178
0.565961	0.829483	0.0838983
0.389328	0.223437	0.904039
0.530056	0.770335	0.384722
0.519488	0.0278641	0.85862
0.304848	0.543191	0.794924
0.394005	0.418643	0.826709
0.571428	0.659245	0.495679
0.637998	0.291522	0.7192
0.252607	0.971827	0.112067
0.328043	0.860961	0.390003
0.274838	0.519501	0.82199
0.300401	0.165716	0.944905
0.789053	0.454254	0.426858
0.35884	0.365602	0.869233
0.363622	0.36302	0.871835
0.536331	0.578539	0.621147
0.984252	0.146754	0.141718
0.0113996	0.849819	0.528155
0.500063	0.709727	0.514344
0.322549	0.559258	0.766043
0.6911	0.654867	0.365918
0.482274	0.688413	0.543892
0.171897	0.326781	0.932276
0.683231	0.725955	0.0941125
0.0157077	0.803719	0.59574
0.224511	0.919133	0.329107
0.649872	0.267222	0.724228
0.765816	0.375411	0.531524
0.691702	0.444096	0.571729
0.773532	0.0258325	0.634841
0.925357	0.348723	0.162626
0.254967	0.980905	0.0382339
0.796304	0.315531	0.538402
0.521936	0.596164	0.612498
0.277933	0.772755	0.579654
0.295988	0.17381	0.945371
0.477867	0.866024	0.169134
0.946839	0.277217	0.178155
0.543596	0.795047	0.311781
0.143173	0.973751	0.191017
0.434365	0.703277	0.574378
0.790301	0.536002	0.305403
0.963905	0.14372	0.252122
0.912472	0.230988	0.359556
0.616992	0.0425263	0.791854
0.716675	0.400842	0.579611
0.610154	0.728193	0.346984
0.405806	0.723943	0.593109
0.158899	0.131701	0.981072
0.232458	0.253938	0.948186
0.114547	0.778182	0.64518
0.394523	0.582855	0.714533
0.634889	0.200558	0.750345
0.121159	0.889697	0.449577
0.967244	0.0237078	0.269443
0.246218	0.626607	0.747869
0.340831	0.530616	0.783784
0.113997	0.0125305	0.999548
0.374361	0.286891	0.891604
0.974097	0.2492	0.0592437
0.0885035	0.968842	0.245968
0.672234	0.0728903	0.753644
0.0616031	0.713783	0.745613
0.720265	0.719073	0.0231501
0.258086	0.854838	0.45202
0.263978	0.949317	0.22228
0.7934	0.082751	0.631312
0.642801	0.745219	0.211035
0.985934	0.147005	0.123427
0.200749	0.924746	0.331384
0.659015	0.678697	0.328876
0.675145	0.73974	0.0416109
0.905325	0.305872	0.3095
0.122569	0.900056	0.433225
0.00627515	0.761278	0.655809
0.783646	0.531489	0.329048
0.831619	0.488429	0.280431
0.0509831	0.33544	0.943307
0.649931	0.684437	0.343976
0.956908	0.111551	0.275927
0.00011365	0.800268	0.60117
0.732702	0.63103	0.262933
0.10593	0.330689	0.941389
0.840377	0.225867	0.509299
0.26876	0.729671	0.635446
0.874165	0.221291	0.460564
0.968221	0.126311	0.253019
0.505197	0.723183	0.512385
0.817234	0.327559	0.503211
0.0311748	0.766003	0.654558
0.941878	0.216836	0.287387
0.59358	0.680683	0.439305
0.0833946	0.839794	0.539736
0.134217	0.900173	0.426731
0.978875	0.0695445	0.227289
0.0982866	0.310861	0.952681
0.276476	0.481164	0.841095
0.82315	0.415149	0.391281
0.107644	0.66824	0.743534
0.994215	0.12449	0.0529491
0.440823	0.787614	0.439034
0.51363	0.280501	0.815495
0.238263	0.947706	0.233787
0.0330473	0.764994	0.653764
0.411714	0.417348	0.816419
0.426856	0.514208	0.75314
0.667478	0.246073	0.709473
0.455726	0.695207	0.585188
0.318163	0.338059	0.887442
0.934891	0.309332	0.200482
0.0348959	0.783488	0.638171
0.933903	0.063786	0.377503
0.974366	0.0762841	0.214931
0.986639	0.183394	0.096089
0.293525	0.914881	0.323653
0.261136	0.372753	0.892062
0.413586	0.609712	0.676819
0.97984	0.178965	0.172485
0.914566	0.302607	0.334277
0.482972	0.606625	0.637475
0.436243	0.219125	0.882976
0.178323	0.323159	0.931922
0.926576	0.079786	0.401019
0.583071	0.635263	0.509199
0.996543	0.100457	0.0521883
4.80805e-17	3.96606e-17	1.01788
0.0392956	0.999246	7.56519e-17
1.0165	0.00168366	1.72855e-05
1.00073	0	2.60382e-05
0.17798	0.972712	0.156637
0.158153	0.852221	0.508104
0.0741583	0.426511	0.904906
0.964697	0.19699	0.190607
0.72346	0.581008	0.382217
0.217823	0.940738	0.312192
0.606067	0.724109	0.400857
0.323245	0.386161	0.900112
0.0836822	0.450929	0.889519
0.80798	0.503933	0.334881
0.238933	0.964409	0.204286
0.0666105	0.358936	0.940236
0.827732	0.432124	0.373282
0.483788	0.364189	0.799367
0.28191	0.955646	0.0927468
0.299906	0.868879	0.414254
0.763278	0.641001	0.119108
0.360527	0.887473	0.289795
0.557921	0.833456	0.0619057
0.437163	0.36713	0.827275
0.499644	0.0403878	0.867159
0.226828	0.0585995	0.973633
0.112045	0.737035	0.686433
0.197682	0.950752	0.252284
0.568276	0.816218	0.112083
0.851644	0.105609	0.529607
0.190251	0.0843472	0.987299
0.915351	0.413165	0.0536501
0.247016	0.854683	0.472356
0.24229	0.842521	0.483891
0.7103	0.652274	0.270286
0.646829	0.493788	0.585049
0.739151	0.633557	0.231126
0.375518	0.144211	0.91835
0.426286	0.564163	0.728171
0.871769	0.182504	0.468338
0.0471568	0.788596	0.626918
0.287612	0.00685924	0.962656
0.672808	0.398057	0.645862
0.147592	0.626867	0.78484
0.345637	0.945161	0.0668687
0.584852	0.792597	0.217806
0.267349	0.596648	0.763895
0.327024	0.421486	0.850827
0.771258	0.64499	0.0893827
0.460715	0.7849	0.424914
0.801771	0.114519	0.592297
1.00462	0.0126274	2.46926e-06
0.506584	0.0409488	0.862785
0.208409	0.977705	0.0404862
0.448746	0.755063	0.485701
0.631681	0.780653	0.0634616
0.275351	0.236014	0.932609
0.396574	0.513355	0.771611
0.90538	0.0307484	0.446406
0.262945	0.895975	0.36216
0.0526577	0.283469	0.964749
0.139396	0.548039	0.841015
0.991107	0.0305886	0.130109
0.888987	0.0212014	0.467362
0.781166	0.620957	0.0994725
0.371756	0.554593	0.757787
0.999721	0.0726247	0.0348464
0.777486	0.220082	0.603862
0.546682	0.616641	0.568531
0.938323	0.25522	0.29664
0.732241	0.125571	0.682463
0.51623	0.437772	0.750711
0.701725	0.57607	0.450269
0.475357	0.718621	0.517518
0.659047	0.147872	0.75175
0.0945295	0.0304892	0.995941
0.892674	0.481894	0.0142894
0.596643	0.529375	0.609476
0.981715	0.189459	0.0443772
0.834234	0.47637	0.284262
0.537404	0.714922	0.477008
0.208883	0.56787	0.805146
0.961847	0.177286	0.246092
0.465416	0.272137	0.859861
0.428515	0.751823	0.567409
0.0609394	0.948695	0.320433
0.331878	0.680745	0.661314
0.404477	0.923922	0.0517328
0.237086	0.969771	0.113773
0.911379	0.349999	0.228637
0.357889	0.798708	0.498436
0.748362	0.669688	0.0606242
0.312193	0.707982	0.640712
0.683534	0.0565002	0.737424
0.845178	0.49519	0.213953
0.513907	0.864705	0.0427202
0.552062	0.404304	0.734984
0.047996	0.296819	0.956921
0.863203	0.321347	0.46083
0.0985044	0.981455	0.17271
0.187518	0.70382	0.695511
0.776391	0.0948625	0.624385
0.196931	0.776569	0.608761
0.702059	0.401498	0.591759
0.924498	0.0804214	0.380316
0.615397	0.273188	0.745119
0.498404	0.518945	0.703302
0.610055	0.58935	0.530949
0.751612	0.677069	0.0262231
0.68857	0.17152	0.712076
0.528156	0.372144	0.788617
0.66392	0.128129	0.738243
0.756382	0.492759	0.441439
0.944482	0.208532	0.275507
0.353898	0.935271	0.0443842
0.58199	0.768555	0.306791
0.363743	0.525566	0.776546
0.99764	0.0667236	0.0404942
0.548181	0.765073	0.346797
0.493739	0.44618	0.7553
0.734853	0.721783	0.0267009
0.789928	0.507804	0.357623
0.301517	0.873546	0.40294
0.231176	0.307634	0.92477
0.470271	0.347644	0.833534
0.404544	0.327413	0.883497
0.82045	0.269131	0.513375
0.637454	0.593375	0.500167
0.470651	0.66259	0.599235
0.452322	0.570737	0.692153
0.813055	0.473864	0.347608
0.129063	0.341236	0.932565
0.887183	0.392597	0.263429
0.0896743	0.627807	0.779779
0.341379	0.903101	0.26357
0.472074	0.291004	0.839653
0.0569475	0.988541	0.139915
0.974123	0.238797	0.0445397
0.193249	0.0046088	0.982384
0.591314	0.349842	0.746277
0.566407	0.815965	0.137378
0.787536	0.0927051	0.612309
0.607983	0.587349	0.555186
0.544291	0.455182	0.718331
0.323815	0.689022	0.657303
0.566886	0.747243	0.363781
0.68993	0.160025	0.711558
0.877858	0.0510805	0.47888
0.368567	0.141541	0.921572
0.384272	0.497429	0.784813
0.116288	0.691083	0.721675
0.833764	0.245753	0.504521
0.413697	0.910838	0.121513
0.776226	0.262621	0.577887
0.883098	0.249986	0.409174
0.937907	0.317323	0.2248
0.795436	0.49611	0.354938
0.0431532	0.603217	0.809179
0.757511	0.649294	0.0757058
0.250208	0.870054	0.456191
0.989132	0.20397	0.00492367
0.260796	0.764898	0.603938
0.838859	0.45123	0.317737
0.623214	0.279811	0.735881
0.0225323	0.823516	0.568355
0.333087	0.424869	0.84779
0.0281082	0.131864	0.994949
0.243118	0.664817	0.715612
0.891508	0.481264	0.0715974
0.931068	0.0769611	0.37188
0.0358978	0.912844	0.406913
0.112312	0.627829	0.77145
0.787688	0.227274	0.580195
0.337678	0.850306	0.429203
0.0112397	0.245315	0.972445
0.950136	0.313436	0.00651771
0.541376	0.165988	0.832747
0.622361	0.729292	0.328179
0.132443	0.864955	0.498328
0.944235	0.309736	0.147628
0.812089	0.242974	0.561505
0.184992	0.11408	0.978397
0.00484771	0.991453	0.178337
5.86375e-17	1.93436e-17	1.00838
0.51604	0.368961	0.790315
0.101958	0.693129	0.720227
0.717576	0.566582	0.428917
0.459518	0.607308	0.670781
0.00352834	0.989934	0.184081
0.0193469	0.749523	0.6644
0.725037	0.53783	0.443478
0.695926	0.365108	0.649285
0.728024	0.125667	0.67866
0.0159495	0.850705	0.5409
