6.10576e-17	5.23593e-18	1.00081
5.81786e-32	6.12787e-17	1.00076
3.4642e-05	1.00034	0
1.00054	0	0.00238904
0.183303	0.424287	0.895026
0.276361	0.53486	0.806918
0.0864215	0.968867	0.236891
0.16625	0.265096	0.956785
0.108157	0.888266	0.486519
0.525811	0.572678	0.655162
0.203787	0.440159	0.877941
0.68867	0.520393	0.512957
0.858076	0.283151	0.437209
0.708913	0.104462	0.710594
0.728048	0.292808	0.622694
0.135783	0.490292	0.863543
0.597406	0.469808	0.661621
0.33606	0.945995	0.0219788
0.0677463	0.839105	0.546046
0.394271	0.362914	0.8467
0.861701	0.130223	0.499226
0.0498726	0.982909	0.196105
0.38291	0.352457	0.857026
0.966229	0.195489	0.190181
0.998397	0.0201667	0.0611297
0.240056	0.638659	0.739538
0.78319	0.607238	0.165462
0.911963	0.107642	0.400247
0.0987433	0.340258	0.950823
0.838428	0.498562	0.227755
0.817118	0.366906	0.477172
0.989592	0.117131	0.116748
0.113491	0.383395	0.920408
0.898981	0.415595	0.145306
0.442585	0.157577	0.88421
0.125475	0.848928	0.538817
0.645208	0.722122	0.267446
0.101465	0.00870103	0.996017
0.407626	0.701773	0.58767
0.662325	0.734657	0.174422
0.21735	0.514892	0.838031
0.0854646	0.958139	0.277545
0.117422	0.396676	0.913729
0.760985	0.237018	0.607948
0.433194	0.825331	0.369789
0.987025	0.177447	0.0958718
0.375688	0.324821	0.874101
0.288283	0.901572	0.343113
0.149934	0.821753	0.552293
0.8812	0.0652211	0.470724
0.446614	0.648787	0.637668
0.537353	0.566639	0.650444
0.703638	0.664055	0.27121
0.795	0.618832	0.0296156
0.485091	0.617266	0.625112
0.019081	0.207829	0.981014
0.825386	0.394619	0.425994
0.296733	0.939383	0.202228
0.55127	0.23437	0.821419
0.781965	0.523697	0.361139
0.315588	0.711568	0.631145
0.623179	0.777244	0.124741
0.739527	0.587815	0.341408
0.680724	0.250124	0.693374
0.0999765	0.993636	0.0813002
0.77328	0.63061	0.0919459
0.414524	0.190676	0.906927
0.830961	0.214535	0.529169
0.604838	0.454789	0.665113
0.75571	0.548415	0.45232
0.866788	0.112481	0.500699
0.0544731	0.00467128	0.999714
0.954877	0.0131308	0.35301
0.365357	0.58371	0.748317
0.821577	0.0306043	0.59479
0.186993	0.973987	0.177204
0.638098	0.461876	0.616929
0.699951	0.192657	0.689878
0.402607	0.907773	0.131744
0.496752	0.868827	0.0102551
0.655997	0.735039	0.185115
0.619296	0.0721211	0.788394
0.000662559	0.862407	0.507741
0.944893	0.0844861	0.331875
0.354383	0.739982	0.580198
0.0740626	0.917339	0.417417
0.712202	0.706459	0.107396
0.350071	0.85569	0.417567
0.585616	0.814089	0.0700929
0.888442	0.410723	0.209696
0.536281	0.576838	0.637643
0.890931	0.409869	0.204309
0.748676	0.0301727	0.681771
0.325415	0.924747	0.222174
0.436556	0.831737	0.350936
0.0160605	0.174931	0.988329
0.227167	0.426524	0.878525
0.674175	0.724891	0.179108
0.806414	0.583709	0.157195
0.0247542	0.902522	0.432991
0.506156	0.771157	0.404627
0.372421	0.877312	0.320456
0.152273	0.989867	0.0358419
0.131716	0.635134	0.766035
0.307745	0.955531	0.00851245
0.194856	0.982655	0.0358519
0.348551	0.301358	0.902759
0.8657	0.273099	0.435338
0.0303452	0.258392	0.967
0.0936543	0.148359	0.987095
0.718719	0.0616329	0.698486
0.00347107	0.477938	0.909695
0.255183	0.652267	0.717598
0.321257	0.762319	0.574665
0.892992	0.0819129	0.466546
0.850477	0.508841	0.149008
0.212822	0.448985	0.870026
0.945217	0.294389	0.145282
0.581312	0.598572	0.555905
0.209333	0.441624	0.874516
0.223131	0.510049	0.831922
0.406576	0.916722	0.010698
0.298118	0.0958393	0.957489
0.0109678	0.820029	0.579943
0.872144	0.477245	0.139989
0.249897	0.857932	0.460669
0.941569	0.311525	0.152595
0.284609	0.315691	0.912125
0.515443	0.80569	0.314301
0.549802	0.754694	0.372969
0.370394	0.578964	0.732826
0.797918	0.0599353	0.60545
0.926002	0.326839	0.214699
0.512125	0.815478	0.308453
0.0391324	0.306681	0.958382
0.695117	0	0.744875
0.679149	0.0790913	0.735751
0.54081	0.793215	0.297981
0.286769	0.932016	0.229846
0.610169	0.16436	0.783514
0.825876	0.0575785	0.562751
0.340874	0.0509835	0.944628
0.456906	0.800489	0.409011
0.283097	0.547896	0.799338
0.630136	0.682047	0.378921
0.344772	0.842745	0.44422
0.979555	0.202175	0.15731
0.213798	0.379684	0.901078
0.922209	0.0632073	0.387271
0.880968	0.475455	0.0803276
0.555566	0.259932	0.794007
0.0407281	0.0449822	0.999308
0.610154	0.785555	0.11896
0.651504	0.743629	0.182498
0.643374	0.169084	0.757791
0.51873	0.166911	0.854128
0.108498	0.891063	0.481624
0.486671	0.670753	0.567106
0.935855	0.376384	0.105002
0.731545	0.632496	0.302057
0.233824	0.139041	0.964947
0.792039	0.169972	0.596503
0.261145	0.667508	0.702883
0.995649	0.12095	0.07478
0.474	0.690051	0.557044
0.0906147	0.857528	0.519743
0.851255	0.0729984	0.52196
0.480963	0.678055	0.568889
0.557234	0.720945	0.444537
0.629423	0.0216369	0.780882
0.977536	0.22058	0.0477516
0.491825	0.226469	0.849981
0.316053	0.881128	0.354888
0.557644	0.256776	0.794727
0.502514	0.487809	0.715635
0.907221	0.458693	0.0418434
0.770659	0.138549	0.641557
0.159948	0.54351	0.834358
0.942559	0.332683	0.103118
0.972553	0.241744	0.0449298
1.00422	0.000447428	6.75314e-05
0.359243	0.926436	0.160841
0.389605	0.878457	0.291896
0.61522	0.782852	0.123174
0.243965	0.390351	0.8914
0.914625	0.0909681	0.400607
0.0682382	0.845199	0.540591
0.421523	0.581747	0.722801
0.852562	0.493331	0.192568
0.85412	0.483487	0.206432
0.357264	0.151918	0.92739
0.236501	0.933037	0.281273
0.298084	0.922529	0.284764
0.790573	0.626664	0.0929598
0.799878	0.588125	0.128298
5.44388e-17	3.38946e-17	1.04729
6.12578e-17	5.34148e-33	1.00042
1.00083	0.000699603	0
0.279596	0.339635	0.902683
0.856224	0.289122	0.481387
0.945039	0.272818	0.198097
0.904131	0.445103	0.0513539
0.754328	0.576578	0.319729
0.380062	0.414234	0.837112
0.892209	0.0341766	0.467411
0.495602	0.502198	0.711897
0.974465	0.217234	0.182379
0.0569469	0.214613	0.979341
0.0270296	0.870767	0.494952
0.541913	0.177854	0.831474
0.184104	0.937098	0.300558
0.736573	0.126508	0.671554
0.806412	0.192303	0.56668
0.312311	0.879914	0.362346
0.720077	0.681006	0.143343
1.48143e-17	5.96676e-17	1.00403
0.228846	0.972481	0.0576082
0.908208	0.224067	0.369696
0.262089	0.0256943	0.967299
0.56461	0.42872	0.723969
0.0138476	0.727291	0.687522
0.934367	0.134925	0.340048
3.56254e-17	5.22802e-17	1.03319
0.576455	0.430567	0.700288
0.792177	0.611103	0.0144416
0.687117	0.712877	0.206512
0.292853	0.256815	0.928856
0.449299	0.367816	0.818622
0.382341	0.386683	0.846201
0.877905	0.187612	0.456635
0.770679	0.206953	0.611967
0.471908	0.384803	0.803524
0.117225	0.484768	0.878567
0.617707	0.789073	0.087975
0.537798	0.847144	0.0847141
0.436961	0.542631	0.721899
0.503323	0.777078	0.378561
0.61368	0.804657	0.0969619
0.414916	0.349806	0.851953
0.845803	0.242156	0.506872
0.887696	0.171638	0.43914
0.51012	0.852471	0.127482
0.979563	0.199598	0.0662388
0.0911606	0.998438	0.0450458
0.0766683	0.465662	0.882801
0.983736	0.10333	0.165757
0.255978	0.964689	0.113515
0.612616	0.63103	0.483702
0.0346913	0.83991	0.546078
0.299541	0.247076	0.939618
0.16349	0.907139	0.389918
0.00558687	0.780494	0.632059
0.362064	0.923906	0.133405
0.248366	0.94776	0.242899
0.760504	0.569871	0.315483
0.0803884	0.45763	0.892488
0.920741	0.197531	0.346427
0.122971	0.455382	0.883904
0.818322	0.595328	0.0293042
0.235865	0.981015	0.0352698
0.953528	0.0921063	0.304339
0.136164	0.299149	0.953122
0.108603	0.865696	0.495688
0.970875	0.233914	0.182428
0.64046	0.563038	0.540831
0.63851	0.764137	0.107952
0.882938	0.176408	0.450395
0.209896	0.832047	0.525616
0.0160345	0.639033	0.773854
0.353681	0.765047	0.554413
0.800344	0.025248	0.626279
0.873935	0.37329	0.324282
0.547201	0.757391	0.380885
0.198193	0.941965	0.280469
0.623527	0.796508	0.0776508
0.343228	0.260559	0.92197
0.627007	0.671901	0.443498
0.446607	0.884613	0.185852
0.204742	0.973092	0.133684
0.301755	0.858653	0.419788
0.861792	0.305177	0.456631
0.939286	0.130956	0.326922
0.735529	0.656939	0.227366
0.0104828	0.263817	0.969796
0.707667	0.666287	0.247453
0.175512	0.706911	0.691768
0.781992	0.58998	0.229422
0.774491	0.494719	0.397242
0.0451864	0.628332	0.77969
0.422597	0.823134	0.406423
0.661425	0.141719	0.739155
0.522993	0.328171	0.788863
0.571428	0.704846	0.424833
0.0207099	0.81581	0.584098
0.143525	0.104342	0.986747
0.800786	0.530955	0.290838
0.551716	0.588921	0.607343
0.988876	0.154009	0.0709726
0.0649245	0.397761	0.91638
0.809914	0.508568	0.334247
0.652214	0.696196	0.313513
0.631353	0.313446	0.743666
0.432259	0.537599	0.737671
0.0943826	0.475228	0.881834
0.108816	0.731828	0.673993
0.157727	0.95799	0.262385
0.466989	0.380791	0.804347
0.241973	0.961146	0.154625
0.365539	0.3699	0.861541
0.413716	0.8736	0.267541
0.485061	0.337568	0.814936
0.158905	0.751191	0.644562
0.201271	0.925024	0.354504
0.717182	0.526936	0.460977
0.817622	0.475925	0.33114
0.497344	0.737672	0.460832
0.924494	0.0172853	0.384788
0.733262	0.045979	0.681254
0.00859429	0.451382	0.894393
0.568885	0.438571	0.698535
0.786343	0.059363	0.617659
0.811072	0.537775	0.25293
0.995344	0.111339	0.117107
0.787035	0.0289328	0.616864
0.321237	0.660713	0.681221
0.307531	0.231444	0.931387
0.955193	0.225985	0.20514
0.533662	0.84063	0.108469
0.81482	0.582297	0.164046
0.840616	0.0496261	0.545091
0.236289	0.954438	0.232748
0.812944	0.35981	0.478428
0.103726	0.522274	0.84715
0.582985	0.146576	0.812167
0.405696	0.891302	0.213541
0.827196	0.0488339	0.561497
0.175093	0.694085	0.707562
0.673524	0.698775	0.284714
0.192254	0.645463	0.756555
0.986571	0.164804	0.0169132
0.682284	0.607081	0.412701
0.368294	0.858761	0.366735
0.330652	0.0705908	0.94881
0.0997201	0.51731	0.858728
0.4569	0.568245	0.693982
0.615421	0.137509	0.783226
0.587143	0.395957	0.734006
0.730739	0.683261	0.116974
0.0742086	0.830891	0.553843
0.0131089	0.688496	0.731257
0.0651016	0.990319	0.182492
0.35132	0.75994	0.562275
0.6	0.376816	0.723677
0.655396	0.536535	0.539413
0.155598	0.735557	0.660145
0.764638	0.650384	0.00716309
0.695037	0.336717	0.647288
0.477198	0.00672968	0.898913
0.194301	0.983437	0.0634919
0.443896	0.805167	0.404081
0.398643	0.8909	0.240252
0.38677	0.0643218	0.921414
0.606344	0.614721	0.509259
0.0975362	0.491106	0.869307
0.62224	0.542142	0.575686
0.506247	0.566079	0.664779
0.665402	0.67088	0.430294
0.171117	0.940496	0.296406
0.554323	0.542201	0.649888
0.722755	0.548503	0.453179
0.582937	0.0136069	0.823131
0.00255973	0.996147	0.235801
0.14772	0.0718618	0.991065
0.218048	0.890343	0.442702
0.591363	0.154838	0.804111
0.175251	0.962628	0.219136
0.291844	0.329048	0.902495
0.128694	0.788448	0.605638
0.469563	0.649931	0.599446
0.0856602	0.320378	0.956884
0.538566	0.837319	0.108822
0.0491837	0.353973	0.934956
0.46503	0.689743	0.558162
0.208724	0.326115	0.923176
0.510217	0.40862	0.758306
0.335095	0.944107	0.0062813
0.725909	0.576949	0.42471
0.993364	0.159482	0.00640645
0.514345	0.772329	0.379413
0.457756	0.602038	0.661173
0.444527	0.894106	0.149897
0.21354	0.26634	0.942846
1.00046	0	9.19685e-08
1.00066	0.00125738	0
2.60285e-30	6.12844e-17	1.00085
4.20821e-17	4.496e-17	1.00571
0.300771	0.387791	0.875889
0.764034	0.0469583	0.652639
0.993755	0.0724543	0.0905346
0.83952	0.173785	0.522022
0.391997	0.667183	0.644521
0.808379	0.00919931	0.605222
0.950505	0.069301	0.30405
0.61388	0.753283	0.308293
0.0927739	0.99682	0.0287976
0.278453	0.179771	0.945758
0.382142	0.653736	0.658225
0.648914	0.680942	0.373286
0.433485	0.767573	0.481238
0.65991	0.722209	0.226235
0.819451	0.585167	0.0572564
0.976011	0.0790489	0.211552
0.458346	0.435131	0.791964
0.417867	0.590844	0.705032
0.0208695	0.641521	0.768472
0.42602	0.845695	0.35306
0.127551	0.887578	0.447158
0.596072	0.803452	0.148173
0.976151	0.099837	0.197616
0.206938	0.937857	0.28959
0.026867	0.825884	0.56663
0.937952	0.183023	0.344858
0.915828	0.214763	0.362951
0.635523	0.342939	0.693941
0.219528	0.881624	0.433558
0.313417	0.0815468	0.95021
0.722809	0.392584	0.594291
0.212203	0.979058	0.0818059
0.890829	0.402125	0.240997
0.0638675	0.95999	0.277035
0.120037	0.727296	0.67829
0.691598	0.695611	0.253831
0.479088	0.494382	0.744199
0.889584	0.283806	0.363964
0.162029	0.382671	0.914592
0.902664	0.126836	0.413606
0.25729	0.377668	0.903215
0.311469	0.444111	0.856351
0.746519	0.674614	0.0440192
0.705109	0.455255	0.554848
0.570093	0.80799	0.163659
0.869346	0.486147	0.118122
0.709398	0.661708	0.307774
0.0685779	0.561836	0.83334
0.465468	0.819378	0.348392
0.771773	0.463287	0.491276
0.67469	0.336445	0.66084
0.820599	0.579132	0.0104711
0.148903	0.920169	0.379536
0.321863	0.781279	0.54097
0.656858	0.70687	0.290957
0.0824117	0.904091	0.429896
0.143412	0.877814	0.465378
0.549798	0.322501	0.786266
0.411319	0.852246	0.332095
0.0156856	0.272589	0.964126
0.68836	0.327603	0.668217
0.267357	0.369264	0.901059
0.196697	0.313478	0.930348
0.757019	0.650707	0.127507
0.789627	0.422117	0.505557
0.857913	0.275243	0.44875
0.241938	0.191614	0.955507
0.111661	0.330837	0.946505
0.880478	0.208032	0.453999
0.412483	0.854656	0.324103
0.416543	0.911112	0.0013693
0.0365653	0.9222	0.392076
0.849422	0.156619	0.51388
0.542089	0.848188	0.111823
0.155373	0.948262	0.282971
0.559494	0.0453144	0.844805
0.612812	0.0292429	0.814776
0.774639	0.630953	0.100652
0.695647	0.744729	0.0154292
0.367239	0.573859	0.737859
0.18903	0.967818	0.179706
0.502574	0.615111	0.611788
0.363129	0.926247	0.166964
0.110075	0.995756	0.00252083
0.10154	0.1767	0.990789
0.0782091	0.921016	0.398284
0.360316	0.107471	0.942667
0.718996	0.624936	0.326568
0.355043	0.308596	0.896893
0.626607	0.775384	0.122901
0.563637	0.800204	0.26114
0.0472705	0.809564	0.588227
0.238618	0.425658	0.888154
0.802584	0.356579	0.499751
0.42402	0.395808	0.819766
0.230657	0.0463935	0.975113
0.737992	0.337457	0.596765
0.236734	0.889693	0.433081
0.0351094	0.685738	0.742257
0.142885	0.874586	0.473196
0.377703	0.529881	0.762061
0.0718269	0.48572	0.877478
0.968012	0.0884412	0.248908
0.504965	0.676155	0.545137
0.859047	0.502109	0.116157
0.255096	0.292242	0.923382
0.170116	0.938937	0.318101
0.191605	0.117564	0.978239
0.527851	0.131098	0.857237
0.0533536	0.0170458	0.999821
0.492958	0.260406	0.832096
0.0859555	0.786749	0.628513
0.186216	0.0374549	0.982574
0.581089	0.540652	0.611316
0.874018	0.266854	0.414657
0.833332	0.167614	0.535197
0.925158	0.302357	0.272597
0.39799	0.549689	0.741653
0.262441	0.539154	0.808825
0.688311	0.612093	0.391301
0.356953	0.745786	0.570275
0.941274	0.350113	0.0659505
0.338114	0.604267	0.724106
0.930756	0.30207	0.267207
0.745263	0.339977	0.591838
0.567504	0.717666	0.419792
0.605607	0.647025	0.486637
0.405231	0.137977	0.907109
0.951505	0.236318	0.233565
0.101125	0.925599	0.378658
0.0108306	0.497348	0.869019
0.526364	0.438378	0.754648
0.553873	0.792295	0.294267
0.371035	0.578571	0.734999
0.57278	0.299043	0.778546
0.956159	0.104482	0.28007
0.641833	0.601115	0.483872
0.544252	0.319947	0.788913
0.488118	0.242831	0.842862
0.671537	0.414202	0.62085
0.470995	0.871458	0.186939
0.439356	0.409174	0.804631
0.933049	0.202041	0.311619
0.752449	0.645663	0.141944
0.121573	0.482463	0.869156
0.895468	0.474384	0.00190878
0.588182	0.118305	0.801002
0.556477	0.478695	0.686355
0.844396	0.160756	0.514211
0.971861	0.228775	0.130932
0.597309	0.563495	0.577431
0.404402	0.691816	0.634307
0.916043	0.0187808	0.404743
0.24726	0.55469	0.806535
0.179667	0.693296	0.715526
0.222956	0.255422	0.944477
0.640013	0.599411	0.492212
0.797557	0.247167	0.55888
0.274166	0.0212077	0.963378
0.53691	0.513068	0.67658
0.446469	0.528127	0.725522
0.53178	0.00663324	0.867864
0.273144	0.426823	0.868194
0.220044	0.898183	0.407839
0.0362224	0.990767	0.135986
0.0490104	0.690314	0.723711
0.64852	0.224831	0.750117
0.568154	0.833975	0.0765174
0.801498	0.356096	0.501811
0.535071	0.507969	0.693845
0.699461	0.633817	0.348619
0.920182	0.0941126	0.382078
0.33272	0.142458	0.935153
0.749351	0.15149	0.664169
0.0268156	0.836112	0.57629
0.595379	0.60961	0.563316
0.522113	0.140845	0.852334
0.666907	0.733699	0.166897
0.780813	0.105706	0.617414
0.47346	0.542403	0.718513
0.003425	0.714368	0.706547
0.738412	0.336809	0.596847
0.159402	0.52111	0.855386
0.577421	0.626859	0.554836
0.137985	0.972925	0.193182
0.135977	0.952935	0.28657
0.0151616	0.566694	0.825348
0.371722	0.533946	0.761919
0.814427	0.361841	0.476766
1.00046	0	9.19685e-08
0.111367	0.997978	0
7.02031e-30	6.12399e-17	1.00012
1.1144e-17	6.03232e-17	1.00182
0.510956	0.0725646	0.872241
0.645814	0.245134	0.731447
0.90484	0.433471	0.103811
0.608881	0.731502	0.314677
0.595265	0.297441	0.750862
0.538272	0.307309	0.790576
0.472825	0.564029	0.69157
0.491834	0.825192	0.35718
0.671742	0.666768	0.328478
0.109862	0.980388	0.19209
0.083402	0.652116	0.756955
0.176757	0.350537	0.924313
0.725878	0.160147	0.678599
0.39007	0.597927	0.71118
0.488316	0.890245	0.0470486
0.522783	0.0592539	0.852397
0.406348	0.910776	0.109417
0.429147	0.883578	0.201479
0.806594	0.439709	0.423752
0.915581	0.401078	0.161981
0.318797	0.765445	0.581169
0.417786	0.0990569	0.908595
0.709346	0.640759	0.30431
0.880003	0.380278	0.297658
0.676919	0.656244	0.341776
0.481536	0.875749	0.0713101
0.382717	0.918919	0.145948
0.465182	0.659138	0.652834
0.259057	0.95843	0.141041
0.69453	0.684158	0.262679
0.351462	0.843874	0.434798
0.0652496	0.863458	0.526571
0.127497	0.586807	0.804644
0.0197555	0.512542	0.875556
0.605733	0.229921	0.777039
0.231278	0.095565	0.972307
0.0488309	0.271506	0.967625
0.983453	0.19145	0.132962
0.666344	0.337977	0.668637
0.525722	0.829598	0.207466
0.648237	0.57155	0.51293
0.834844	0.251846	0.506465
0.183543	0.363993	0.919839
0.136773	0.714404	0.701746
0.187419	0.450001	0.883449
0.0128612	0.939077	0.37033
0.716997	0.216296	0.675372
0.499727	0.257366	0.829081
0.852327	0.0800118	0.521407
0.951858	0.234493	0.201075
0.366964	0.409873	0.839272
0.210809	0.0259263	0.985314
0.125633	0.578229	0.810055
0.455034	0.901859	0.0608976
0.57148	0.62849	0.543842
0.224085	0.0794539	0.982319
0.49073	0.85393	0.218734
0.817701	0.518636	0.260468
0.865391	0.456605	0.226956
0.829509	0.18301	0.531334
0.155517	0.898393	0.423059
0.374855	0.80648	0.4657
0.497326	0.87073	0.0117532
0.598983	0.677699	0.455372
0.062041	0.263803	0.966847
0.910684	0.129493	0.397603
0.623903	0.386037	0.691494
0.380167	0.600897	0.707284
0.812773	0.198146	0.555788
0.264952	0.817273	0.515691
0.782784	0.530954	0.387592
0.875245	0.225529	0.456065
0.0752891	0.504884	0.86275
0.455672	0.720241	0.531195
0.153303	0.418772	0.916137
0.742923	0.607393	0.306242
0.639729	0.740783	0.242312
0.282382	0.723507	0.630399
0.0742385	0.507838	0.867429
0.195325	0.622837	0.759409
0.793973	0.242904	0.566591
0.397456	0.813016	0.448059
0.775067	0.422522	0.497861
0.995793	0.131891	0.0682956
0.814547	0.323454	0.490988
0.856081	0.38936	0.349422
0.560227	0.793812	0.254742
0.606639	0.647411	0.472437
0.973394	0.239798	0.0515073
0.393966	0.915217	0.0896974
0.444484	0.909214	0.176012
0.698003	0.632284	0.354226
0.961103	0.298966	0.00657392
0.681725	0.556767	0.476179
0.040313	0.455749	0.902115
0.448921	0.170324	0.882771
0.162229	0.0357917	0.99035
0.924538	0.279485	0.273845
0.597736	0.523569	0.619688
0.339822	0.334747	0.882897
0.303505	0.941784	0.217301
0.437766	0.44961	0.798104
0.534311	0.844539	0.0958805
0.752586	0.17468	0.637452
0.731881	0.35686	0.584592
0.203872	0.955742	0.234569
0.19671	0.967363	0.169033
0.917489	0.284185	0.289618
0.56858	0.520042	0.64111
0.393936	0.777762	0.522575
0.199327	0.980232	0.0339044
0.348284	0.950679	0.00661271
0.217153	0.803399	0.560938
0.270284	0.833721	0.495613
0.199132	0.39491	0.899283
0.0180202	0.927127	0.383237
0.893141	0.164315	0.441523
0.620508	0.444303	0.651211
0.227082	0.0481895	0.976248
0.106564	0.0446626	0.996583
0.963346	0.115482	0.252668
0.119569	0.977731	0.191361
0.239561	0.490324	0.84519
0.494829	0.707151	0.520907
0.207779	0.798395	0.57335
0.3107	0.746003	0.59344
0.230606	0.67213	0.715868
0.49978	0.705343	0.521735
0.944137	0.2083	0.269953
0.855383	0.340278	0.402061
0.544759	0.47423	0.698741
0.588097	0.177411	0.803079
0.0689325	0.75235	0.660518
0.399887	0.789511	0.499737
0.659218	0.581232	0.503475
0.354783	0.289511	0.90288
0.760335	0.157888	0.632292
0.029163	0.976317	0.25504
0.18265	0.840652	0.513369
0.788281	0.313817	0.536245
0.513053	0.464748	0.724589
0.920187	0.408994	0.0275592
0.940227	0.0188198	0.373406
0.800126	0.303575	0.535374
0.270928	0.00435761	0.966716
0.359183	0.550772	0.770768
0.314592	0.11721	0.943207
0.745941	0.658137	0.12731
0.249599	0.10786	0.966985
0.684274	0.176321	0.726244
0.517447	0.0966549	0.852829
0.595575	0.0119212	0.820647
0.891568	0.374894	0.300306
0.384233	0.930207	0.116683
0.869112	0.496191	0.0603748
0.657124	0.232694	0.72841
0.414217	0.197748	0.891029
0.899236	0.356424	0.280947
0.576961	0.108136	0.815831
0.946811	0.331955	0.0001789
0.927234	0.351801	0.155303
0.0166931	0.929479	0.37715
0.25384	0.202737	0.954222
0.244074	0.941209	0.24274
0.623589	0.783569	0.0799255
0.164876	0.539877	0.827383
0.755858	0.66644	0.048073
0.416164	0.413083	0.812338
0.935077	0.371316	0.0189512
0.882409	0.492402	0.0332309
0.639729	0.751014	0.212041
0.54302	0.478368	0.700113
0.553891	0.810812	0.204305
0.7819	0.327034	0.542675
0.291673	0.0567802	0.960396
0.886095	0.48354	0.0723104
0.291159	0.699085	0.661731
0.322634	0.317816	0.893393
0.466637	0.472929	0.764969
0.965397	0.0226003	0.284112
0.348316	0.166864	0.930418
0.97833	0.139111	0.181791
0.889126	0.195946	0.442657
0.832274	0.00694312	0.569453
0.771784	0.613264	0.189717
0.790481	0.545698	0.321885
0.862285	0.53884	0.00664101
0.320495	0.934125	0.180623
0.675244	0.148976	0.729487
0.764611	0.173249	0.626956
1.68306e-17	5.96217e-17	1.01175
1.00067	0.00057823	0
0.163141	0.975693	0.151252
0.320044	0.196197	0.936429
0.191499	0.669563	0.735872
0.468417	0.0328032	0.884903
0.990016	0.14835	0.0225014
0.231182	0.9818	0.0605079
0.992059	0.141204	0.13443
0.122773	0.653323	0.749776
0.0567983	0.405457	0.916733
0.540234	0.0412803	0.840836
0.559386	0.630198	0.545168
0.637913	0.165888	0.756642
0.485988	0.817664	0.312603
0.836251	0.290876	0.469662
0.573194	0.645754	0.530933
0.739411	0.0540099	0.680405
0.583338	0.805242	0.110784
0.731414	0.0534258	0.695582
0.302051	0.913232	0.340025
0.2121	0.246646	0.952104
0.391878	0.192001	0.91221
0.953217	0.306437	0.0337388
0.716319	0.066815	0.697543
0.704634	0.117596	0.713341
0.0632737	0.597202	0.820279
0.553858	0.719438	0.44305
0.756428	0.48538	0.47972
0.672242	0.180857	0.725027
0.445878	0.282707	0.853767
0.361912	0.0500809	0.932713
0.345511	0.51012	0.790477
0.538399	0.61652	0.588818
0.749442	0.418226	0.529057
0.167915	0.872483	0.490024
0.393646	0.214441	0.906053
0.304823	0.47004	0.834319
0.524111	0.789032	0.324166
0.679972	0.614029	0.405241
0.900487	0.440461	0.0669581
0.131265	0.937038	0.360517
0.709943	0.267732	0.667239
0.877278	0.477902	0.126047
0.124271	0.85559	0.519524
0.690491	0.274271	0.673925
0.188712	0.220875	0.97309
0.97327	0.264833	0.0605083
0.72039	0.684946	0.129472
0.50104	0.325185	0.807471
0.155016	0.835224	0.538453
0.931299	0.0596843	0.390243
0.137778	0.721876	0.687771
0.435676	0.105074	0.898338
0.46601	0.12893	0.879068
0.247463	0.461135	0.868176
0.331464	0.113617	0.947824
0.947842	0.23433	0.274556
0.568302	0.276543	0.78732
0.0522994	0.755052	0.655231
0.439779	0.278841	0.857858
0.63033	0.495274	0.608725
0.778128	0.550155	0.305552
0.0943149	0.100271	0.994903
0.816185	0.577062	0.0735949
0.0374264	0.533666	0.849563
0.235205	0.313645	0.927051
0.942661	0.286824	0.228677
0.932338	0.083621	0.370385
0.64306	0.736367	0.244135
0.546063	0.80604	0.233379
0.603353	0.636134	0.496478
0.347005	0.940819	0.0233078
0.620651	0.699219	0.363837
0.264184	0.894407	0.393027
0.455904	0.700821	0.55956
0.271282	0.830416	0.51081
0.580963	0.799737	0.162271
0.697476	0.711413	0.115863
0.281695	0.864116	0.450854
0.474712	0.0254728	0.897024
0.949438	0.260358	0.205471
0.903887	0.335632	0.297233
0.756199	0.000950257	0.65702
0.594386	0.354491	0.731246
0.796551	0.302336	0.535893
0.867604	0.499804	0.0668801
0.91583	0.385822	0.166635
0.181985	0.221417	0.960009
0.119589	0.58937	0.801601
0.0427006	0.608872	0.794788
0.0740551	0.887609	0.460342
0.335218	0.921784	0.200272
0.908427	0.382703	0.186537
0.881593	0.240917	0.423858
0.370594	0.206664	0.919449
0.951311	0.176015	0.277023
0.14263	0.127346	0.987777
0.923502	0.377847	0.0809615
0.197024	0.209466	0.964579
0.265403	0.965657	0.048173
0.2175	0.392284	0.897786
0.892029	0.368528	0.263643
0.68667	0.620077	0.382248
0.169756	0.977862	0.14372
0.865984	0.428529	0.285011
0.380024	0.868566	0.347774
0.328187	0.201329	0.931139
0.897564	0.0239512	0.44977
0.407482	0.689112	0.599943
0.790437	0.456751	0.416217
0.088007	0.515114	0.855963
0.37696	0.557847	0.746511
0.372813	0.903782	0.219411
0.844387	0.00477551	0.578935
0.0830614	0.795823	0.607598
0.964183	0.193613	0.195641
0.104148	0.16012	0.986763
0.811554	0.224413	0.544752
0.463471	0.184038	0.88038
0.352878	0.522558	0.779835
0.408916	0.914395	0.0157594
0.342677	0.724101	0.620956
0.535416	0.829061	0.172396
0.656343	0.739429	0.183379
0.6184	0.393442	0.692161
0.746725	0.451261	0.49406
0.508393	0.857694	0.118888
0.919857	0.0966967	0.382131
0.292872	0.939748	0.234013
0.0748473	0.516695	0.865077
0.916468	0.253558	0.318037
0.955875	0.162521	0.252743
0.859344	0.362863	0.36463
0.90416	0.335733	0.27121
0.768216	0.318408	0.561779
0.31395	0.571924	0.774278
0.838504	0.546032	0.0174375
0.831543	0.559978	0.0587728
0.84496	0.491371	0.219364
0.509463	0.59286	0.631562
0.784379	0.447944	0.476002
0.707448	0.111416	0.703293
0.4926	0.678859	0.549916
0.171823	0.892787	0.427587
0.556995	0.838539	0.00451787
0.761791	0.19372	0.62351
0.613762	0.746751	0.3583
0.300412	0.957451	0.0980934
0.146622	0.836234	0.538138
0.110701	0.151225	0.983672
0.204139	0.553833	0.827509
0.00957295	0.950659	0.329083
0.793522	0.118217	0.601982
0.797549	0.563886	0.217652
0.214842	0.330259	0.92267
0.457282	0.70294	0.552437
0.654324	0.749854	0.193289
0.289903	0.960289	0.103413
0.666758	0.763503	0.0786548
0.246317	0.883461	0.439942
0.758958	0.410669	0.524349
0.256845	0.964714	0.0928754
0.0219893	0.602394	0.802757
0.908604	0.0086811	0.458289
0.649084	0.579304	0.506384
0.89136	0.349797	0.307843
0.617209	0.784306	0.0899165
0.820211	0.526309	0.227455
0.664764	0.389121	0.64958
0.606699	0.782771	0.163625
0.852005	0.447919	0.283659
0.309471	0.951614	0.0481348
0.654103	0.424525	0.64219
0.0995079	0.847847	0.541102
0.0253382	0.526099	0.873767
0.500687	0.779131	0.401816
0.650951	0.412847	0.650048
0.400834	0.93119	0.00547553
0.0086524	0.859242	0.523999
0.841396	0.0272983	0.544641
0.40512	0.826535	0.397932
0.85518	0.370481	0.371486
0.547818	0.355544	0.762299
0.823425	0.0908381	0.56585
0.274564	0.852673	0.457791
0.650409	0.580486	0.503885
0.869926	0.24857	0.437697
0.260351	0.963809	0.0928786
0.19229	0.672329	0.729404
0.43029	0.907747	0.124176
0.0961968	0.768958	0.636392
5.41393e-17	3.10059e-17	1.01889
0.344982	0.932908	0.197186
0.68013	0.0216761	0.74019
0.967618	0.259595	0.129949
0.320322	0.829198	0.465269
0.952321	0.336177	0.105546
0.387681	0.917293	0.139886
0.873319	0.480742	0.0973579
0.141985	0.956924	0.268508
0.273642	0.943402	0.240839
0.0365336	0.954726	0.338643
0.963552	0.249812	0.179709
0.00525963	0.793915	0.627299
0.44295	0.858229	0.279045
0.224162	0.00671857	0.98211
0.304664	0.971884	0.0567441
0.427666	0.370361	0.825396
0.276506	0.210484	0.943479
0.358781	0.618122	0.714055
0.816651	0.571465	0.125828
0.752533	0.67166	0.023345
0.239434	0.784397	0.580669
0.0932489	0.653971	0.756042
0.743015	0.0783215	0.667952
0.613394	0.787196	0.0765592
0.421709	0.468673	0.77896
0.497064	0.560123	0.681418
0.673261	0.153472	0.739267
0.264128	0.349899	0.917738
0.301072	0.5187	0.809693
0.500176	0.311175	0.817823
0.148068	0.162699	0.977182
0.566519	0.666577	0.499182
0.704653	0.301104	0.646578
0.517939	0.849235	0.114175
0.768196	0.485539	0.516252
0.569622	0.762393	0.322074
0.374309	0.04505	0.934149
0.399496	0.228794	0.906802
0.996302	0.122748	0.0597211
0.655434	0.459917	0.6095
0.441377	0.59144	0.689834
0.249857	0.905393	0.350503
0.356349	0.897514	0.261275
0.798992	0.586867	0.183515
0.53091	0.626233	0.572378
0.984695	0.145862	0.121306
0.574744	0.734062	0.373599
0.862445	0.379863	0.361861
0.0330294	0.865206	0.523571
0.691336	0.713335	0.174301
0.844911	0.471238	0.309125
0.943699	0.340797	0.087767
0.835526	0.527992	0.167098
0.0255179	0.290934	0.961477
0.735633	0.544351	0.414801
0.12998	0.0960991	0.989535
0.609208	0.72904	0.316237
0.434978	0.823805	0.380395
0.908914	0.40033	0.174265
0.817728	0.332531	0.475596
0.851081	0.551181	0.0879244
0.592388	0.764201	0.298039
0.780175	0.131891	0.615771
0.693959	0.405148	0.606584
0.757178	0.226195	0.619554
0.711232	0.680956	0.233995
0.715226	0.388971	0.588156
0.537703	0.0745694	0.846882
0.0555244	0.641873	0.76779
0.0126748	0.521856	0.863132
0.78747	0.385564	0.483561
0.341445	0.767494	0.561018
0.660501	0.685326	0.366711
0.192307	0.972709	0.157867
0.455063	0.881697	0.140664
0.257408	0.952606	0.169242
0.490783	0.804709	0.339434
0.137047	0.870641	0.47903
0.852888	0.281234	0.447789
0.891051	0.247121	0.41541
0.520366	0.633118	0.574797
0.977581	1.91368e-13	0.215206
0.216796	0.285782	0.952793
0.548513	0.815612	0.246282
0.233064	0.424785	0.888951
0.731078	0.675692	0.208631
0.283598	0.146361	0.959148
0.473955	0.120002	0.877669
0.180775	0.678536	0.728618
0.388037	0.690514	0.640092
0.927671	0.0577112	0.379526
0.108329	0.194164	0.980099
0.0211144	0.395305	0.968805
0.243286	0.986626	0.0297229
0.0858345	0.180223	0.987503
0.60061	0.146366	0.790638
0.582591	0.753645	0.31707
0.51358	0.130035	0.856206
0.248234	0.3265	0.92345
0.0466971	0.345027	0.945296
0.252439	0.960072	0.220073
0.917747	0.2741	0.347504
0.470572	0.891215	0.0739744
0.481883	0.619814	0.625926
0.159273	0.447092	0.894121
0.258971	0.13865	0.97217
0.747365	0.416111	0.529812
0.67653	0.0381574	0.737068
0.943652	0.238926	0.257649
0.409406	0.318	0.870165
0.933309	0.239709	0.280449
0.413819	0.887675	0.225052
0.840916	0.555744	0.039813
0.000530539	0.997778	0.149174
0.786876	0.206494	0.592681
0.625778	0.72224	0.318088
0.633122	0.657397	0.459058
0.211643	0.0665418	0.977971
0.395564	0.466587	0.799289
0.752888	0.0803785	0.6597
0.150624	0.359548	0.931489
0.090608	0.916251	0.433676
0.293992	0.506502	0.81306
0.000339141	1.00102	0.049423
0.525794	0.384671	0.75956
0.0995553	0.554549	0.828502
0.54804	0.751006	0.405489
0.271529	0.805935	0.535563
0.503823	0.200365	0.853092
0.264331	0.865962	0.490594
0.175053	0.234569	0.963027
0.401049	0.697131	0.597055
0.910822	0.0554853	0.411361
0.648155	0.493711	0.638351
0.56888	0.168287	0.823623
0.982708	0.14124	0.148431
0.553444	0.742372	0.404476
0.709641	0.504215	0.494526
0.599653	0.79927	0.159678
0.596524	0.762195	0.298335
0.435995	0.584262	0.699264
0.71509	0.217393	0.665771
0.929828	0.199737	0.344372
0.330955	0.963158	0
0.720085	0.665532	0.252874
0.0495314	0.44251	0.900469
0.110657	0.607783	0.791476
0.64217	0.408809	0.649804
0.456859	0.39869	0.802197
0.766764	0.536556	0.355559
0.579067	0.364597	0.734771
0.701544	0.687637	0.288596
0.640406	0.744578	0.243075
0.156848	0.0456746	0.990622
0.723257	0.700409	0.204437
0.554477	0.716933	0.425792
0.806257	0.584142	0.200274
0.297619	0.708354	0.661475
0.361964	0.842024	0.400696
0.475274	0.840419	0.283617
0.343372	0.869251	0.389343
0.508409	0.183377	0.850364
0.404764	0.314394	0.872336
0.354005	0.777573	0.543045
0.569229	0.455389	0.698659
0.0238859	0.83462	0.555986
0.60279	0.776548	0.216026
0.539551	0.634036	0.566318
0.855865	0.540845	0.00659969
0.0174023	0.604102	0.811271
0.831973	0.582187	0.114599
0.804799	0.596285	0.0395628
0.921413	0.0139452	0.434282
0.327209	0.598943	0.733636
0.0620345	0.43421	0.904138
0.0753939	0.188862	0.980569
0.272034	0.807432	0.532608
0.121755	0.682307	0.73374
0.621145	0.640911	0.469682
0.201466	0.412087	0.895869
0.167187	0.772347	0.638605
0.203505	0.436247	0.891384
0.646063	0.576631	0.520172
0.866207	0.38152	0.357359
0.41493	0.464207	0.793368
0.367085	0.269905	0.898014
0.439424	0.563932	0.714211
2.7413e-29	6.12607e-17	1.00046
0.743264	0.701834	0
3.67119e-17	5.06493e-17	1.0216
6.12733e-17	5.34283e-33	1.00067
0.778284	0.589995	0.22473
0.608123	0.346461	0.71547
0.109094	0.957701	0.275103
0.649467	0.0464614	0.760949
0.976878	0.138988	0.179209
0.833188	0.180175	0.526804
0.709945	0.608499	0.36332
0.346426	0.935762	0.104806
0.582135	0.770519	0.295765
0.724823	0.412194	0.558999
0.396667	0.704595	0.606766
0.955617	0.240941	0.196468
0.613778	0.244578	0.753708
0.692593	0.497529	0.533347
0.902192	0.361825	0.250674
0.407961	0.912913	0.109447
0.423233	0.420366	0.809794
0.886197	0.332602	0.350667
0.0932235	0.0233238	0.996606
0.118507	0.442335	0.892579
0.995051	0.111358	0.0476023
0.354087	0.792355	0.507719
0.0626217	0.640441	0.771214
0.632022	0.251847	0.735683
0.0667566	0.71684	0.700633
0.285532	0.964718	0.0825808
0.515799	0.726541	0.463091
0.298665	0.163965	0.941945
0.500114	0.745492	0.451795
0.866459	0.311351	0.416068
0.131313	0.995321	0.0244891
0.623652	0.546237	0.57717
0.331655	0.869788	0.374856
0.318253	0.68586	0.665596
0.999829	0.0795214	0.075565
0.532375	0.30821	0.793589
0.818003	0.576727	0.139715
0.524556	9.64409e-05	0.869537
0.149293	0.958168	0.260732
0.130729	0.987551	0.127588
0.482438	0.404784	0.78076
0.749419	0.217313	0.636043
0.801577	0.539073	0.269021
0.683994	0.100914	0.72711
0.236825	0.843361	0.486698
0.136833	0.748722	0.655365
0.646068	0.464994	0.639465
0.661089	0.481246	0.584616
0.908797	0.130842	0.401072
0.230819	0.761403	0.614577
0.972252	0.0695526	0.233234
0.93572	0.339948	0.119604
0.574949	0.816609	0.0937975
0.848074	0.290858	0.466637
0.435078	0.320132	0.8587
0.538879	0.529497	0.679492
0.544826	0.693388	0.489332
0.310608	0.260612	0.91499
0.289796	0.39998	0.873887
0.957045	0.328231	0.0517654
0.185054	0.954451	0.270759
0.28175	0.154679	0.948745
0.14702	0.355051	0.930607
0.755306	0.572762	0.357459
0.803497	0.599363	0.101181
0.672025	0.509443	0.540063
0.0113132	0.39129	0.922558
0.363134	0.876964	0.319394
0.949066	0.325495	0.066276
0.412245	0.12781	0.905833
0.597681	0.601356	0.537383
0.538635	0.0947433	0.838759
0.466521	0.654297	0.618347
0.160019	0.87559	0.459425
0.305526	0.374313	0.893388
0.00282969	0.980948	0.209251
0.679046	0.118631	0.730547
0.606099	0.609825	0.518283
0.437802	0.777663	0.468846
0.914657	0.428973	0.186918
0.822129	0.475959	0.340642
0.619095	0.0109738	0.798796
0.626946	0.620364	0.476824
0.891154	0.517306	0.00317373
0.260189	0.298535	0.933291
0.76344	0.632949	0.17997
0.320273	0.0244745	0.948125
0.173096	0.859851	0.48468
0.373188	0.662431	0.653338
0.869709	0.432483	0.254602
0.140933	0.92566	0.376806
0.896873	0.317624	0.336596
0.0259458	0.467967	0.901448
0.428421	0.321969	0.848006
0.789047	0.619256	0.0911518
0.140056	0.119601	0.98485
0.854524	0.350596	0.417365
0.391626	0.881592	0.272128
0.86143	0.0852753	0.547657
0.78335	0.629958	0.0147131
0.894982	0.231474	0.402363
0.250145	0.865054	0.446759
0.842201	0.48889	0.2493
1.51571e-17	5.96182e-17	1.00461
0.205985	0.810211	0.553516
0.663439	0.7382	0.13623
0.177469	0.764571	0.631344
0.984147	0.023687	0.19625
0.651371	0.486994	0.58402
0.315383	0.435296	0.849937
0.793366	0.451173	0.440031
0.4617	0.562807	0.694022
0.381796	0.911419	0.190229
0.216205	0.035053	0.979016
0.308982	0.68343	0.672108
0.45463	0.376923	0.815861
0.176449	0.972762	0.164642
0.728137	0.404562	0.558428
0.463567	0.146086	0.88026
0.119407	0.784279	0.626411
0.594335	0.23167	0.775407
0.570708	0.0320361	0.825954
0.636993	0.51226	0.584413
0.705317	0.678259	0.214682
0.0785633	0.991003	0.13411
0.0441521	0.825264	0.568224
0.697195	0.514831	0.510388
0.155689	0.802995	0.5942
0.0533765	0.743083	0.679172
0.770601	0.633064	0.155579
0.739842	0.0615857	0.689155
0.366241	0.300874	0.887478
0.673401	0.698865	0.244429
0.559457	0.718187	0.424067
0.388046	0.926339	0.0361036
0.31973	0.853244	0.431778
0.735838	0.548894	0.441233
0.419549	0.126135	0.911745
0.0857889	0.470911	0.881976
0.0745618	0.90554	0.439705
0.272881	0.105696	0.962718
0.757633	0.565152	0.368855
0.827774	0.538324	0.230694
0.929628	0.288217	0.242033
0.491375	0.886591	0.000564786
0.965019	0.278955	0.0615829
0.225368	0.226753	0.951656
0.578735	0.822528	0.0147204
0.0846469	0.979048	0.218223
0.498855	0.707385	0.50245
0.517809	0.735451	0.444147
0.404075	0.308249	0.864731
0.875455	0.0292977	0.484041
0.190685	0.907318	0.399935
0.651166	0.16359	0.748102
0.54446	0.727995	0.421346
0.922419	0.0667159	0.393461
0.685056	0.485468	0.548773
0.107023	0.733467	0.679744
0.252493	0.752072	0.612804
0.0292661	0.458986	0.895104
0.448472	0.376192	0.832726
0.336694	0.304479	0.89845
0.0968159	0.753917	0.654491
0.400706	0.281248	0.88655
0.745114	0.659183	0.162508
6.1083e-13	0.670587	0.743241
0.552925	0.20382	0.822638
0.928481	0.0919128	0.384131
0.24088	0.833016	0.505521
0.975227	0.150331	0.213001
0.916759	0.267865	0.310467
0.773838	0.554641	0.316272
0.295894	0.671555	0.683803
0.26621	0.892379	0.374759
0.20627	0.158149	0.971561
0.602448	0.694006	0.428091
0.746499	0.660408	0.112979
0.810173	0.0344379	0.592633
0.224361	0.800086	0.572623
0.380072	0.449191	0.812894
0.0653377	0.989373	0.145439
0.246476	0.0533	0.969803
0.479897	0.383646	0.793738
0.446603	0.0635417	0.898338
0.318321	0.948146	0.0753517
0.263152	0.893723	0.377057
0.824355	0.18634	0.543922
0.295081	0.712617	0.63879
0.545047	0.535558	0.670433
0.256168	0.196407	0.952819
4.43768e-11	1.01131	0.0104784
1.00067	0.00057823	0
1.53204e-17	5.94544e-17	1.00268
0.00751331	1.00306	0
0.251892	0.828225	0.528734
0.145212	0.95919	0.26239
0.169869	0.875187	0.458405
0.112925	0.973387	0.209094
0.117819	0.412538	0.904566
0.883318	0.0558298	0.484176
0.4387	0.861281	0.31627
0.596677	0.208886	0.78954
0.744683	0.623635	0.303933
0.543614	0.703884	0.472651
0.926929	0.212224	0.331581
0.186097	0.920717	0.346602
0.970017	0.192835	0.158587
0.915693	0.384894	0.151815
0.761618	0.35827	0.54351
0.979319	0.197774	0.117885
0.606751	0.665103	0.446686
0.240777	0.371184	0.91056
0.168847	0.432628	0.888127
0.714421	0.181511	0.683161
0.257665	0.847205	0.493957
0.297493	0.353656	0.890989
0.666485	0.745184	0.139629
0.0351675	0.123454	0.997067
0.850299	0.49757	0.199551
0.755501	0.503768	0.427912
0.478102	0.791152	0.433221
0.134154	0.635469	0.768361
0.809156	0.578674	0.13365
0.309573	0.176827	0.936179
0.0284932	0.598776	0.803298
0.992798	0.0928939	0.172784
0.414869	0.919069	0.0878659
0.00214535	0.376907	0.929079
0.617084	0.692714	0.390006
0.721133	0.0657002	0.691969
0.332326	0.943723	0.164973
0.151639	0.483421	0.875338
0.375252	0.934516	0.03555
0.637842	0.117265	0.767244
0.774891	0.605049	0.192917
0.405717	0.885908	0.245063
0.623707	0.26714	0.765483
0.399961	0.743682	0.556646
0.177484	0.600423	0.784533
0.108838	0.950857	0.296377
0.157012	0.284065	0.950477
0.0688022	0.268595	0.96337
0.23726	0.910479	0.354446
0.76391	0.637577	0.120184
0.00488043	0.711897	0.729489
0.326632	0.137411	0.946418
0.291811	0.726718	0.624004
0.655684	0.756072	0.024435
0.654643	0.3952	0.651857
0.735001	0.313251	0.61736
0.0198756	0.687637	0.750379
0.430932	0.649064	0.634687
0.779096	0.157339	0.612146
0.0572469	0.291164	0.958793
0.725942	0.480775	0.500894
0.492011	0.241172	0.842027
0.518933	0.106093	0.852044
0.473176	0.0846448	0.883668
0.0169377	0.653638	0.762
0.330941	0.583864	0.747052
0.0436039	0.221774	0.978834
0.00679791	0.991594	0.139909
0.478776	0.805594	0.371806
0.536839	0.620566	0.575245
0.0529587	0.978795	0.218765
0.569123	0.682869	0.472424
0.707892	0.327406	0.637998
0.0796887	0.523486	0.851804
0.961299	0.0218194	0.287078
0.902656	0.147621	0.408109
0.0471045	0.128301	0.993317
0.5058	0.226531	0.843175
0.589246	0.679735	0.440368
0.463342	0.723404	0.524358
0.479191	0.867064	0.144454
0.449288	0.894838	0.072471
0.0604189	0.164566	0.986851
0.261858	0.929743	0.276988
0.0825959	0.542584	0.83881
0.269396	0.0544046	0.966881
0.28633	0.945858	0.187132
0.338188	0.849733	0.405643
0.341076	0.73691	0.604809
0.937918	0.276737	0.243263
0.804267	0.517854	0.340149
0.0921091	0.510142	0.86035
0.869595	0.221886	0.451952
0.874299	0.251672	0.426758
0.47317	0.757125	0.508509
0.285546	0.982996	0.0224162
0.840671	0.46852	0.284068
0.826835	0.000522861	0.563831
0.832764	0.362191	0.425969
0.398002	0.762699	0.534211
0.756294	0.0689036	0.653242
0.457045	0.630796	0.634586
0.436407	0.245221	0.868768
0.788363	0.55959	0.273173
0.387121	0.189758	0.912255
0.955862	0.199486	0.235692
0.575233	0.442472	0.695074
0.12757	0.573583	0.817032
0.563504	0.0117866	0.846309
0.692322	0.334311	0.667657
0.31917	0.901907	0.341582
0.700215	0.303757	0.664303
0.473794	0.857188	0.2264
0.194738	0.68362	0.711183
0.271424	0.675947	0.691082
0.853937	0.215846	0.517226
0.215655	0.776397	0.622057
0.481241	0.905319	0.0330345
0.098931	0.976388	0.219024
0.303983	0.549123	0.782566
0.676917	0.453821	0.589737
0.352459	0.154145	0.925355
0.878504	0.45662	0.155241
0.231544	0.336356	0.922807
0.900069	0.442255	0
0.275556	0.967327	0.0601596
0.863245	0.493084	0.169222
0.932996	0.399611	0.0930539
0.225486	0.787164	0.576075
0.312588	0.166994	0.946523
0.668721	0.737765	0.112777
0.0675049	0.922018	0.384944
0.638632	0.424387	0.652407
0.359634	0.716276	0.600186
0.569499	0.415419	0.723013
0.422775	0.26802	0.868749
0.36897	0.223087	0.912345
0.829724	0.533635	0.188031
0.782237	0.140736	0.619138
0.481045	0.491089	0.775868
0.360444	0.875762	0.324637
0.64837	0.0200322	0.763826
0.163426	0.0980772	0.986034
0.858245	0.55261	0.0588053
0.817179	0.343485	0.510268
0.466273	0.864248	0.230209
0.742056	0.136424	0.673642
0.579015	0.815441	0.139678
0.146895	0.566474	0.816194
0.557337	0.465166	0.714865
0.230721	0.891592	0.396514
0.942703	0.173062	0.295027
0.551578	0.657179	0.531757
0.950752	0.0083138	0.321189
0.599328	0.0125359	0.824606
0.617371	0.418065	0.673773
0.94767	0.152158	0.30089
0.0128057	0.562491	0.83506
0.1291	0.0766154	0.991708
0.995299	0.0956793	0.0658142
0.279722	0.980569	0.0501443
0.0857694	0.47503	0.878313
0.614428	0.475093	0.640952
0.893975	0.274665	0.364038
0.337493	0.39552	0.862869
0.694116	0.595095	0.418117
0.147145	0.705699	0.700434
0.538439	0.614269	0.581959
0.214998	0.780463	0.590589
0.402869	0.879691	0.269559
0.729275	0.306821	0.629798
0.516557	0.838142	0.188812
0.905153	0.414194	0.116962
0.529296	0.800157	0.290541
0.392892	0.676627	0.63876
0.310957	0.518533	0.801882
0.916003	0.300546	0.276734
0.356025	0.932977	0.104241
0.453156	0.34793	0.829743
0.610726	0.413565	0.684566
0.552821	0.835721	0.178584
0.874625	0.0404168	0.489029
0.40941	0.883607	0.244926
0.301377	0.524298	0.802042
0.16157	0.769315	0.62638
0.792758	0.233907	0.583196
0.83556	0.565815	0.0296481
0.932124	0.321545	0.178544
0.529583	0.772706	0.357443
0.601238	0.462474	0.659081
0.000194328	1.00119	2.68037e-06
0.344047	0.953497	0
5.11978e-17	3.72278e-17	1.0338
0.60246	0.231528	0.765621
0.0205493	0.136524	0.99656
0.143058	0.854073	0.507468
0.0388895	0.371516	0.932746
0.939624	0.30232	0.17794
0.388776	0.914391	0.125367
0.999524	0.0255541	0.0601613
0.894729	0.277189	0.355611
0.953393	0.146735	0.280226
0.844697	0.333132	0.421585
0.733028	0.676599	0.0971419
0.752476	0.621504	0.227088
0.302197	0.24715	0.929685
0.885836	0.381137	0.285002
5.82739e-17	1.95485e-17	1.0038
0.0841399	0.727742	0.6861
0.842058	0.0329486	0.539705
0.861218	0.24277	0.466372
0.399808	0.78836	0.490785
0.648297	0.0879947	0.774538
0.720665	0.706236	0.0390031
0.373077	0.344357	0.863813
0.102279	0.825592	0.556326
0.446068	0.498348	0.746408
0.359104	0.844604	0.401454
0.151955	0.833284	0.535827
0.949852	0.130126	0.29009
0.463175	0.752323	0.481086
0.214881	0.0920837	0.974019
0.707276	0.689615	0.211142
0.909536	0.392282	0.146881
0.857851	0.341187	0.389929
0.0288881	0.195904	0.990423
0.125429	0.896249	0.428346
0.0764292	0.308037	0.955507
0.033868	0.896371	0.457502
0.309286	0.105437	0.946264
0.0555272	0.798813	0.608101
0.793796	0.460534	0.401428
0.0616854	0.582163	0.812108
0.16519	0.986728	0.0338104
0.455554	0.0663493	0.898735
0.730872	0.68599	0.050632
0.0306178	0.19182	0.988413
0.0145242	0.744059	0.673462
0.965626	0.014348	0.29221
0.852857	0.25801	0.467852
0.757232	0.656498	0.138478
0.241897	0.940895	0.322864
0.188289	0.720417	0.698193
0.825537	0.213049	0.539343
0.932141	0.0134438	0.368529
0.0750248	0.26381	0.966174
0.484783	0.515821	0.717467
0.10167	0.873312	0.482865
0.0300323	0.982158	0.193304
0.777743	0.364281	0.524542
0.818019	0.524564	0.242901
0.489384	0.365711	0.792343
0.0943567	0.324126	0.950987
0.675446	0.209005	0.71183
0.0070109	0.995618	0.185083
0.97137	0.00184598	0.302692
0.154507	0.860873	0.493384
0.923383	0.350508	0.159809
0.254292	0.423496	0.883401
0.865708	0.195562	0.474112
0.498595	0.160421	0.857651
0.315132	0.758699	0.57792
0.576251	0.0625732	0.821229
0.72853	0.485344	0.487527
0.389215	0.915424	0.113949
0.869448	0.297501	0.414213
0.876502	0.309985	0.372699
0.227315	0.0517443	0.979265
0.615671	0.35171	0.739092
0.824729	0.122496	0.563478
0.647707	0.252873	0.721605
0.0491252	0.572966	0.832815
0.327987	0.948723	0.0173415
0.680848	0.204894	0.705894
0.256888	0.882211	0.401925
0.478297	0.556259	0.682374
0.563262	0.64021	0.529969
0.975674	0.109552	0.219313
0.461928	0.181459	0.873246
0.121314	0.781985	0.616347
0.0959687	0.927543	0.365962
0.639132	0.154795	0.757881
0.744732	0.615108	0.278359
0.983709	0.106818	0.171156
0.598877	0.776379	0.205293
0.292796	0.298281	0.911682
0.641695	0.568101	0.518202
0.905579	0.428956	0.081025
0.699081	0.512157	0.533434
0.945396	0.310547	0.133712
0.270645	0.29752	0.918437
0.766578	0.649202	0.0844243
0.91849	0.0436678	0.409791
0.54434	0.536655	0.64711
0.460172	0.527279	0.733442
0.744831	0.60222	0.40719
0.112339	0.964952	0.252667
0.804683	0.449663	0.439024
0.277789	0.357937	0.892672
0.069263	0.610828	0.794611
0.444306	0.469771	0.767025
0.183563	0.0789452	0.981261
0.472273	0.488015	0.752177
0.567452	0.587158	0.594119
0.391893	0.921762	0.0505935
0.382995	0.791363	0.502007
0.589719	0.171699	0.790689
0.690448	0.64773	0.328871
0.986982	0.164334	0.0291244
0.19834	0.954172	0.233471
0.348609	0.720313	0.629582
0.508805	0.861144	0.0357583
0.816235	0.386635	0.436354
0.556436	0.607347	0.569378
0.264103	0.268151	0.939799
0.593327	0.764516	0.348859
0.57924	0.628665	0.521793
0.323828	0.80591	0.514132
0.830112	0.0484787	0.557327
0.346215	0.857026	0.393181
0.514378	0.563813	0.656855
0.473661	0.769356	0.443766
0.219498	0.549861	0.808145
0.737522	0.540214	0.433788
0.45343	0.497009	0.762112
0.264842	0.643831	0.726196
0.413	0.427255	0.829212
0.891173	0.390235	0.235998
0.24834	0.975877	0.0997874
0.859356	0.0992674	0.50601
0.238225	0.976792	0.0485997
0.787894	0.244092	0.587631
0.318553	0.882665	0.381909
0.538286	0.0584507	0.847082
0.846344	0.542728	0.0269423
0.435848	0.0449419	0.904289
0.00172534	0.759775	0.664181
0.598291	0.820129	0.108772
0.524907	0.181233	0.833606
0.747861	0.0354084	0.678783
0.134258	0.762414	0.658
0.301921	0.890683	0.382754
0.730479	0.377319	0.571847
0.114439	1.00074	0.000988068
0.688526	0.451984	0.571675
0.626125	0.508363	0.599544
0.867387	0.414183	0.284071
0.138345	0.971914	0.207264
0.298512	0.325939	0.905102
0.521749	0.571893	0.651659
0.465315	0.888057	0.0741203
0.355326	0.123486	0.939303
0.27441	0.361384	0.894006
0.329788	0.946221	0.162135
0.628472	0.141921	0.782717
0.453946	0.419797	0.797943
0.334451	0.812906	0.483045
0.511434	0.83071	0.249986
0.192954	0.0209522	0.989319
0.227134	0.6608	0.732292
0.631095	0.6322	0.496797
0.20238	0.983929	0.0646404
0.619359	0.523678	0.602935
0.669896	0.476091	0.586864
0.132069	0.945052	0.312025
0.300054	0.290177	0.910464
0.0649302	0.612787	0.789001
0.827383	0.442308	0.351035
0.287256	0.897818	0.376862
0.773075	0.114824	0.633037
0.605382	0.728889	0.359715
0.0175749	0.79248	0.615152
0.24575	0.577998	0.780147
0.284138	0.692361	0.67416
0.0931664	0.925265	0.372796
0.738473	0.597079	0.41157
0.380539	0.924926	0.0457397
0.170133	0.671394	0.756443
0.71275	0.659132	0.260587
0.49799	0.82977	0.270828
0.206727	0.821996	0.535495
0.661406	0.738925	0.144645
0.587859	0.806072	0.131022
0.182475	0.0761028	0.982373
0.844333	0.441271	0.318378
0.430875	0.409772	0.806178
0.106819	0.741638	0.666902
4.92238e-17	3.72803e-17	1.00842
0.343492	0.942557	0.0762021
0.0160531	0.49747	0.868611
0.851389	0.456199	0.276218
0.612852	0.449502	0.695424
0.313174	0.844864	0.437123
0.650228	0.264955	0.723681
0.0387221	0.346647	0.940757
0.524864	0.78961	0.32307
0.78331	0.622495	0.0281489
0.23996	0.729347	0.648588
0.662581	0.0240242	0.759269
0.908626	0.288005	0.31713
0.827673	0.173705	0.548462
0.123887	0.372137	0.92814
0.0269496	0.928512	0.374041
0.100832	0.62786	0.782342
0.380851	0.89106	0.310078
0.993377	0.0124456	0.132774
0.302593	0.639622	0.716458
0.587232	0.480674	0.654597
0.0748286	0.396392	0.919106
0.972136	0.0702203	0.227343
0.948804	0.218712	0.25453
0.232096	0.775153	0.596177
0.842817	0.352493	0.415293
0.494821	0.317288	0.82365
0.934779	0.141802	0.335683
0.549975	0.224104	0.814468
0.189261	0.962236	0.21659
0.87746	0.330476	0.350957
0.688795	0.696933	0.238936
0.501191	0.800306	0.335263
0.93675	0.303964	0.181848
0.0559226	0.991601	0.122545
0.426511	0.210232	0.884807
0.751435	0.357844	0.558119
0.600111	0.0493008	0.803237
0.706442	0.552527	0.450539
0.33382	0.60675	0.734361
0.765488	0.300499	0.574571
0.390392	0.907783	0.192668
0.54141	0.494625	0.689803
0.698658	0.701163	0.149897
0.776834	0.612847	0.182704
0.622465	0.00452905	0.788178
0.207969	0.0397737	0.979138
0.266635	0.764283	0.588825
0.481543	0.314595	0.833754
0.0487756	0.436648	0.909362
0.957568	0.284987	0.0892942
0.679165	0.511894	0.528746
0.45224	0.253596	0.859023
0.449525	0.747788	0.510897
0.527501	0.167314	0.851847
0.866721	0.509191	0.0251958
0.749274	0.673231	0.052121
0.374068	0.691323	0.642258
0.355118	0.636343	0.701612
0.804601	0.533692	0.288922
0.872949	0.407136	0.298874
0.485866	0.881927	0.107301
0.636035	0.567611	0.53001
0.416328	0.910908	0.0612771
0.808558	0.221097	0.56211
0.704647	0.718544	0.047658
0.758621	0.425401	0.496577
0.223701	0.808294	0.570813
0.44423	0.857466	0.309012
0.253691	0.737907	0.638668
0.430282	0.709221	0.586163
0.737405	0.650664	0.189273
0.137144	0.386674	0.921364
0.285165	0.601119	0.759824
0.51817	0.276735	0.823129
0.4906	0.78275	0.388758
0.339894	0.78587	0.53279
0.701885	0.541719	0.464174
0.368328	0.837424	0.429512
0.9269	0.233689	0.332141
0.506392	0.523937	0.701547
0.325676	0.841206	0.437613
0.535462	0.772685	0.349525
0.17468	0.756014	0.635093
0.157005	0.867697	0.476873
0.0441492	0.336378	0.946492
0.817452	0.469294	0.362396
0.888217	0.437895	0.171015
0.477758	0.472321	0.744673
0.742411	0.666318	0.0961087
0.253009	0.968813	0.0339267
0.361905	0.937564	0.0600869
0.943184	0.237795	0.294841
0.101329	0.536774	0.842629
0.147639	0.885696	0.443359
0.916322	0.0636864	0.399368
0.912188	0.388543	0.14209
0.150311	0.00972948	0.995123
0.0030005	0.282044	0.96144
0.00157183	0.90008	0.444427
0.941172	0.311935	0.143987
0.418591	0.915858	0.053652
0.825944	0.50418	0.286187
0.974389	0.0953819	0.217252
0.511816	0.168958	0.845844
0.296357	0.120699	0.948665
0.860579	0.439637	0.295105
0.540135	0.813754	0.234134
0.807087	0.108158	0.583952
0.69198	0.525436	0.505991
0.338116	0.549261	0.769409
0.310642	0.738323	0.606413
0.672923	0.414204	0.627303
0.513995	0.370764	0.774684
0.172597	0.981018	0.101268
0.416295	0.488171	0.772678
0.965908	0.0525057	0.265791
0.367974	0.723664	0.601511
0.686786	0.361165	0.664748
0.437757	0.810835	0.404369
0.92295	0.401566	0.00794524
0.802014	0.598545	0.137359
0.984106	0.146056	0.164497
0.555728	0.462659	0.700024
0.0789733	0.0793044	0.997848
0.191501	0.971026	0.169159
0.535331	0.386155	0.754784
0.768319	0.644817	0.0966359
0.463732	0.593613	0.68119
0.27357	0.748611	0.622407
0.85707	0.504376	0.126015
0.924135	0.34202	0.201801
0.441234	0.0768348	0.90034
0.57865	0.481743	0.661404
0.789931	0.59499	0.209591
0.963304	0.257057	0.111711
0.260646	0.419184	0.87425
0.429044	0.778786	0.484771
0.7998	0.26508	0.543167
0.462599	0.894171	0.041397
0.573488	0.660119	0.494393
0.169413	0.126994	0.979085
0.577967	0.665275	0.480475
0.290017	0.825609	0.503875
0.818304	0.187625	0.545683
0.300586	0.110934	0.949879
0.595636	0.206798	0.783368
0.677996	0.514817	0.529277
0.900277	0.15406	0.409163
0.6442	0.245792	0.75108
0.0875613	0.683816	0.738145
0.18596	0.985092	0.0154122
0.410607	0.868912	0.283551
0.322869	0.366078	0.876824
0.470406	0.893108	0.0415068
0.263065	0.0910289	0.965952
0.198362	0.978186	0.11475
0.0654464	0.585888	0.813865
0.30872	0.561128	0.787519
0.175015	0.985636	0.0171525
0.0611191	0.323768	0.951735
0.625542	0.05139	0.784224
0.447755	0.0938936	0.893735
0.96787	0.0489293	0.264119
0.299466	0.0326103	0.955486
0.220602	0.767014	0.617475
0.971407	0.0574625	0.259403
0.454292	0.581792	0.685996
0.886674	0.466281	0.00776312
0.773846	0.572977	0.308108
0.667451	0.423023	0.627328
0.091243	0.192338	0.983513
0.438279	0.101029	0.899651
0.895785	0.017208	0.468992
0.141282	0.579289	0.813165
0.730852	0.588773	0.367225
0.705079	0.544184	0.458043
0.980336	0.178933	0.0942173
0.235643	0.463419	0.864242
0.0286104	0.182785	0.987316
0.457018	0.877359	0.19288
0.412195	0.830537	0.378071
0.721382	0.151397	0.68767
0.0442981	0.939816	0.356189
0.284813	0.746745	0.605053
0.0903493	0.99714	0.00129872
0.235774	0.0815856	0.970785
0.70523	0.221218	0.678296
0.105372	0.183681	0.979232
0.966069	0.228886	0.160457
0.641048	0.506517	0.578163
0.839442	0.470237	0.281575
0.115829	0.377588	0.933807
0.607638	0.699428	0.386476
2.7413e-29	6.12607e-17	1.00046
1.00123	0	3.06433e-08
3.0821e-05	1.00056	0
0.726748	0.611128	0.324216
0.818916	0.572211	0.0810716
0.776809	0.541192	0.336215
0.947151	0.320863	0.155244
0.212155	0.671572	0.713964
0.104749	0.992239	0.0921613
0.596234	0.749066	0.301758
0.828565	0.553411	0.108423
0.800531	0.602587	0.112034
0.794397	0.524155	0.324964
0.143008	0.685516	0.71764
0.347251	0.36806	0.865273
0.0490579	0.691895	0.733151
0.503795	0.631153	0.592619
0.82502	0.273852	0.514825
0.476761	0.755234	0.452487
0.335088	0.00708518	0.943521
0.714535	0.491723	0.503919
0.871457	0.402626	0.317522
0.367172	0.83581	0.420505
0.275952	0.932401	0.242333
0.781887	0.5962	0.207666
0.66207	0.48242	0.611641
0.57095	0.810319	0.166718
0.743137	0.358149	0.574795
0.0621832	0.109117	0.99423
0.677188	0.419945	0.622327
0.0347432	0.351422	0.937206
0.842196	0.170111	0.519882
0.9997	0.0797037	0.0185268
0.962265	0.181707	0.213882
0.904655	0.435991	0.0656216
0.457579	0.0912701	0.89114
0.440442	0.23886	0.871995
0.648597	0.653352	0.432264
0.0213842	0.89851	0.457321
0.0743202	0.732833	0.68574
0.929272	0.176309	0.329651
0.771881	0.290221	0.568749
0.011698	0.956643	0.297016
0.841508	0.538158	0.0717522
0.321111	0.0295427	0.949485
0.453144	0.323369	0.842955
0.624908	0.784486	0.0546245
0.468367	0.704309	0.547382
0.171534	0.929971	0.356055
0.683398	0.0533689	0.736013
0.518327	0.188969	0.835393
0.395002	0.295655	0.881553
0.913828	0.00592359	0.44054
0.250689	0.159417	0.957996
0.264488	0.459671	0.853191
0.80258	0.557961	0.23286
0.0567561	0.713833	0.710692
0.113945	0.475591	0.877033
0.378308	0.567151	0.742828
0.445785	0.338766	0.832421
0.582142	0.794279	0.180165
0.167102	0.514853	0.846387
0.490948	0.455191	0.752961
0.389393	0.697961	0.610124
0.384958	0.778125	0.526564
0.651761	0.395935	0.649308
0.416635	0.624611	0.67076
0.762951	0.233399	0.628652
0.393232	0.145874	0.90974
0.366628	0.469665	0.812683
0.189058	0.912214	0.366572
0.360628	0.65619	0.665202
0.974545	0.138159	0.187849
0.0926853	0.877967	0.474334
0.898837	0.348439	0.275303
0.894821	0.332589	0.304626
0.0194563	0.280792	0.974983
0.410824	0.837809	0.37488
0.701013	0.706152	0.225707
0.256077	0.938562	0.250826
0.484909	0.69084	0.557566
0.765	0.27707	0.583055
0.678175	0.503153	0.538809
0.940858	0.0858725	0.346664
0.576783	0.391899	0.721855
0.707434	0.262432	0.658186
0.546928	0.445866	0.711078
0.424891	0.917844	0.0303455
0.295038	0.104001	0.953939
0.555989	0.80797	0.208125
0.317149	0.40782	0.861168
0.356281	0.652588	0.676666
0.758388	0.532134	0.389492
0.128474	0.619894	0.779538
0.0828421	0.130929	0.991198
0.732047	0.413505	0.55105
0.605007	0.246633	0.765752
0.991869	0.140615	0.0257251
0.847818	0.256211	0.475975
0.909402	0.0836664	0.418058
0.609329	0.765518	0.223242
0.362749	0.739769	0.574528
0.316537	0.86551	0.399247
0.703657	0.160221	0.695925
0.879833	0.215672	0.469158
0.869503	0.124874	0.483171
0.987892	0.0715369	0.147221
0.105834	0.43161	0.900189
0.0161965	0.986127	0.176801
0.761316	0.429742	0.494033
0.620473	0.779518	0.12118
0.252864	0.926786	0.288898
0.772951	0.0639807	0.638533
0.83465	0.48805	0.287484
0.960614	0.269003	0.0993188
0.22449	0.142757	0.965759
0.101603	0.650061	0.766719
0.428569	0.0342536	0.904603
0.304148	0.920949	0.252996
0.982941	0.132113	0.193265
0.56289	0.802004	0.207921
0.615072	0.222769	0.760804
0.460756	0.890219	0.0114442
0.62859	0.493234	0.611587
0.158646	0.697111	0.702598
0.263356	0.833646	0.491701
0.274906	0.953733	0.15174
0.585312	0.204173	0.793098
0.294667	0.907888	0.31146
0.135056	0.643016	0.762815
0.986727	0.186326	0.0449537
0.134323	0.569642	0.824511
0.523338	0.769754	0.435914
0.854425	0.33029	0.409146
0.938484	0.0040568	0.364935
0.0387183	0.797619	0.623676
0.243668	0.980518	0.00793353
0.510835	0.750644	0.535595
0.568212	0.205797	0.797951
0.492815	0.200898	0.856183
0.753645	0.425412	0.504948
0.656469	0.508339	0.566384
0.123367	0.555404	0.824998
0.285909	0.623745	0.749471
0.259514	0.464017	0.855326
0.443201	0.636611	0.638615
0.0897864	0.381918	0.924096
0.0956084	0.461316	0.885184
0.216101	0.0570324	0.982373
0.501764	0.628609	0.599741
0.530327	0.840088	0.139743
0.342275	0.934895	0.133845
0.75287	0.663671	0.0442433
0.998003	0.0182928	0.0717016
0.194961	0.898451	0.405603
0.854798	0.441628	0.320206
0.527909	0.167237	0.842315
0.608816	0.477658	0.642305
0.0370261	0.374513	0.927805
0.693233	0.0501824	0.746622
0.153219	0.163215	0.983976
0.632815	0.734459	0.265479
0.88136	0.216047	0.455699
0.737532	0.355448	0.584546
0.815531	0.211878	0.601602
0.59092	0.492647	0.655049
0.433251	0.690992	0.586345
0.329334	0.85716	0.402203
0.513954	0.857086	0.0596946
0.532434	0.849179	0.0684278
0.513277	0.517731	0.703034
0.925281	0.0851273	0.381236
0.377014	0.572036	0.746485
0.200762	0.380191	0.904618
0.962299	0.0140574	0.277465
0.959089	0.259865	0.121973
0.398515	0.145272	0.920045
0.342766	0.126036	0.931775
0.00762229	0.945213	0.343801
0.308366	0.862673	0.408604
0.804878	0.472154	0.382659
0.235023	0.303854	0.934146
0.22483	0.816602	0.548134
0.431535	0.887427	0.169965
0.240791	0.0927933	0.970601
0.28599	0.950854	0.136307
0.669786	0.385405	0.640952
0.555339	0.0743013	0.848739
0.554056	0.2188	0.812511
0.132567	0.586436	0.805856
0.577036	0.846289	0.0557864
0.972255	0.247387	0.123147
0.691425	0.344397	0.640699
0.713094	0.451467	0.553082
0.832873	0.31731	0.467064
0.119337	0.425176	0.911549
0.897738	0.0423639	0.465458
0.147443	0.657512	0.747921
4.0201e-17	4.65843e-17	1.0049
3.09988e-32	6.13447e-17	1.00183
0.530103	0.848052	6.27443e-17
0.731283	0.60921	0.326964
0.835198	0.181726	0.523323
0.470069	0.0483773	0.886073
0.780558	0.397774	0.486872
0.823894	0.179266	0.543428
0.00278938	0.866112	0.505848
0.233269	0.279732	0.93235
0.326764	0.246197	0.916004
0.0372128	0.946736	0.341171
0.120548	0.817233	0.567624
0.84925	0.486883	0.215489
0.500999	0.642465	0.581549
0.160897	0.0877837	0.98738
0.935141	0.159563	0.323268
0.446907	0.70957	0.556775
0.495156	0.225536	0.841112
0.649843	0.70203	0.298653
0.434282	0.0054546	0.904795
0.332705	0.826887	0.459998
0.565438	0.234431	0.81366
0.11031	0.9069	0.42985
0.0516331	0.683328	0.730404
0.867353	0.42975	0.255662
0.315827	0.520732	0.825009
0.50917	0.624468	0.602795
0.752384	0.627597	0.22265
0.269422	0.289935	0.925184
0.580299	0.185955	0.796965
0.710728	0.295675	0.645027
0.423413	0.699145	0.582771
0.795543	0.404557	0.454611
0.482811	0.740791	0.471341
0.104813	0.444683	0.895556
0.924151	0.0208899	0.410583
0.123483	0.866876	0.494258
0.817998	0.574292	0.0676977
0.478284	0.503223	0.723093
0.723686	0.66487	0.198045
0.182282	0.456362	0.878273
0.0989932	0.555587	0.830973
0.778886	0.333443	0.53845
0.246004	0.716427	0.657901
0.0203783	0.939167	0.356996
0.405722	0.372748	0.837709
0.741873	0.307581	0.620201
0.768732	0.342974	0.551653
0.239355	0.900905	0.364148
0.559914	0.512455	0.673891
0.808589	0.0775169	0.589511
0.0680941	0.082375	0.995033
0.230796	0.119646	0.973509
0.791989	0.579839	0.198845
0.569226	0.837689	0.0389175
0.211688	0.956405	0.206888
0.538245	0.285632	0.796929
0.614586	0.258388	0.747142
0.882543	0.475613	0.0329966
0.916838	0.261057	0.310006
0.598163	0.251483	0.765086
0.0289726	0.918525	0.398934
0.714811	0.0403275	0.713405
0.678901	0.545224	0.499611
0.534496	0.761139	0.390563
0.646265	0.140338	0.755362
0.378019	0.795305	0.476633
0.554227	0.601347	0.609717
0.377948	0.324933	0.907908
0.750516	0.111434	0.653596
0.977852	0.217277	0.0685356
0.340806	0.668089	0.665876
0.706521	0.0124281	0.720052
0.903657	0.17074	0.401548
0.700909	0.692582	0.176626
0.492169	0.206921	0.846495
0.876436	0.461678	0.200581
0.32315	0.654691	0.685379
0.345385	0.492826	0.804522
0.415251	0.609143	0.678595
0.682266	0.734213	0.0444734
0.0836305	0.909415	0.41786
0.149354	0.367152	0.942311
0.961946	0.167376	0.220809
0.692717	0.636418	0.345355
0.281093	0.136826	0.956738
0.89382	0.41597	0.234059
0.76805	0.638094	0.187055
0.531681	0.84043	0.130805
0.371997	0.922282	0.137176
0.840755	0.560896	0.00807062
0.739081	0.679015	0.0198742
0.458449	0.890888	0.0791264
0.926163	0.389383	0.0246781
0.170912	0.986344	0.0573933
0.115309	0.806267	0.582814
0.334426	0.831165	0.449282
0.31104	0.651902	0.705409
0.586446	0.64109	0.501253
0.5921	0.766911	0.287483
0.225565	0.956987	0.205759
0.974456	0.0562186	0.248425
0.187024	0.0969545	0.98351
0.952038	0.27108	0.154981
0.440598	0.892132	0.128227
0.192605	0.922537	0.378793
0.833257	0.534772	0.155761
0.693305	0.384691	0.624835
0.55299	0.328054	0.785901
0.703018	0.650106	0.320475
0.0627811	0.682694	0.730723
0.202158	0.811884	0.554571
0.805225	0.406411	0.440566
0.541876	0.756149	0.374132
0.906202	0.426956	0.08699
0.685872	0.48153	0.549436
0.317873	0.565249	0.768461
0.812958	0.533093	0.274402
0.526822	0.60607	0.600771
0.755289	0.396714	0.531418
0.628225	0.00159131	0.786469
0.206503	0.874577	0.446462
0.659531	0.712495	0.297503
0.279306	0.363366	0.89171
0.336165	0.933104	0.149915
0.620836	0.149504	0.776237
0.541516	0.747384	0.392441
0.117286	0.241043	0.970499
0.950655	0.0913399	0.353711
0.729093	0.58318	0.369112
0.620246	0.255467	0.751741
0.387526	0.792117	0.473987
0.339011	0.941003	0.0734458
0.879277	0.466608	0.115958
0.804566	0.52795	0.276153
0.942318	0.335045	0.120022
0.301061	0.125754	0.951516
0.98933	0.186927	0.0299239
0.667364	0.728361	0.169786
0.395217	0.855969	0.366463
0.128808	0.264721	0.962806
0.551431	0.819485	0.18413
0.967694	0.0274828	0.254764
0.0925381	0.77622	0.628755
0.721947	0.31909	0.636278
0.505371	0.518358	0.693119
0.984167	0.0145045	0.191135
0.748267	0.232587	0.631139
0.402244	0.874532	0.281809
0.29544	0.349128	0.903355
0.0171681	0.992173	0.127985
0.257275	0.968351	0.0212573
0.401278	0.878493	0.2668
0.263141	0.673847	0.69494
0.987213	0.0636186	0.157119
0.894553	0.451915	0.0820493
0.373009	0.912221	0.214664
0.669709	0.680883	0.313827
0.194447	0.10479	0.978865
0.0331754	0.970797	0.251432
0.30928	0.652884	0.696987
0.390165	0.880805	0.291085
0.292433	0.855803	0.441745
0.191417	0.479232	0.864811
0.290796	0.357113	0.898633
0.603211	0.798587	0.0711705
0.396919	0.0538023	0.92342
0.312387	0.0679922	0.949084
0.983408	0.0947003	0.162691
0.144313	0.369268	0.942545
0.258181	0.381849	0.899426
0.622944	0.266684	0.738627
0.892008	0.415126	0.242253
0.0157669	0.603071	0.806491
0.631691	0.781037	0.114299
0.167775	0.488167	0.872731
0.0755696	0.0749273	0.996807
0.492276	0.594143	0.641501
0.607975	0.720482	0.366432
0.199984	0.104339	0.979507
0.489961	0.777928	0.421726
0.669604	0.420136	0.616071
0.714136	0.69176	0.145208
0.321845	0.952751	0.0405633
0.413633	0.91403	0.0287055
0.940012	0.130153	0.322459
0.00644007	0.759547	0.659048
0.907414	0.413313	0.119195
0.220639	0.977692	0.0654528
0.133611	0.495689	0.860277
0.636403	0.786862	0.070731
0.594894	0.315694	0.743464
0.921954	0.152288	0.369433
0.15476	0.706011	0.694335
