0.840102	0.54435	0
2.28099e-29	5.05356e-16	1.00007
1.91826e-05	1.00454	6.81263e-09
2.2488e-17	5.74575e-17	1.00766
0.191221	0.464606	0.871213
0.751556	0.579551	0.359226
0.302448	0.301978	0.91888
0.564549	0.834978	0.0814839
0.147122	0.154003	0.980998
0.233675	0.183789	0.95859
0.210517	0.416027	0.88726
0.360591	0.879956	0.319209
0.140085	0.228805	0.971961
0.22052	0.243879	0.951166
0.549312	0.21895	0.811071
0.848842	0.330565	0.417846
0.944717	0.1994	0.340941
0.70956	0.559028	0.517477
0.171597	0.318221	0.939402
0.906612	0.356186	0.247573
0.665493	0.398085	0.641969
0.649743	0.1145	0.777926
0.200517	0.48934	0.852988
0.130057	0.140138	0.989392
0.783981	0.622074	0.0181369
0.238024	0.661653	0.737595
1.00449	0.00308477	0.00316197
0.636521	0.767462	0.124486
0.243635	0.511426	0.832028
0.476377	0.707102	0.55306
0.721396	0.691646	0.0749332
0.000965502	0.715002	0.70288
0.984995	0.0373745	0.216947
0.823817	0.14349	0.559036
0.715761	0.672356	0.272526
0.522666	0.629894	0.584553
0.903083	0.299765	0.325824
0.64884	0.369808	0.673935
0.379088	0.49598	0.789352
0.890142	0.0288459	0.472814
0.482649	0.701892	0.544528
0.231597	0.180634	0.966388
0.728987	0.0759027	0.696223
0.7297	0.43683	0.532511
0.879234	0.47544	0.0994755
0.970988	0.168652	0.195675
0.0187255	0.988765	0.165872
0.401629	0.212103	0.894327
0.0478125	0.646383	0.769004
0.175234	0.216045	0.967048
0.15795	0.325088	0.93962
0.416048	0.797879	0.46502
0.58625	0.546981	0.611124
1.00009	0.010398	0.100199
0.0379877	0.842365	0.642006
0.394211	0.63749	0.666759
0.843536	0.12986	0.528032
0.633256	0.499006	0.595378
0.450438	0.761013	0.485488
0.454879	0.236873	0.865237
0.336037	0.503204	0.801847
0.388778	0.937149	0.0155271
0.0951527	0.0730193	0.995762
0.706319	0.677996	0.231754
0.818234	0.0227758	0.577516
0.0553059	0.895954	0.46024
0.502277	0.848597	0.188459
0.0337125	0.594933	0.822757
0.444413	0.736013	0.524279
0.83429	0.16496	0.538512
0.912039	0.205332	0.371477
0.940152	0.352235	0.0321982
0.30784	0.591319	0.757707
0.861945	0.149713	0.490064
0.27086	0.931069	0.277077
0.333152	0.842471	0.431434
0.293358	0.451582	0.848778
0.534964	0.790515	0.350323
0.686276	0.0499616	0.742692
0.430514	0.903759	0.0449302
0.496565	0.864744	0.158535
0.411303	0.916946	0.113527
0.220523	0.740685	0.683426
0.574701	0.210571	0.798078
0.0684222	0.855572	0.529922
0.293526	0.775894	0.566489
0.806017	0.307565	0.527784
0.798946	0.079301	0.604638
0.672632	0.423353	0.620992
0.885001	0.272875	0.445918
0.605794	0.794644	0.0994432
0.397912	0.692944	0.630292
0.614013	0.491827	0.647618
0.981765	0.0924125	0.179188
0.262513	0.969677	0.0482544
0.321716	0.27723	0.90665
0.524291	0.850763	0.147738
0.960548	0.26513	0.129999
0.952126	0.0896227	0.300645
0.0625686	0.872102	0.498914
0.144189	0.388102	0.914656
0.583084	0.745772	0.385036
0.365355	0.891582	0.28329
0.122306	0.984836	0.166038
0.287656	0.454963	0.848416
0.623437	0.350349	0.713547
0.733582	0.579794	0.380312
0.328028	0.28234	0.90252
0.0800088	0.949417	0.310995
0.342527	0.867199	0.370494
0.593958	0.308708	0.749304
0.102138	0.965187	0.250907
0.252253	0.930781	0.310671
0.433381	0.754712	0.513107
0.159592	0.292758	0.944706
0.196327	0.960665	0.220961
0.0897649	0.0688648	0.996626
0.827991	0.522675	0.288452
0.222516	0.234697	0.949515
0.881163	0.407689	0.26944
0.257326	0.554472	0.798378
0.939236	0.3584	0.00429886
0.160885	0.980135	0.179109
0.516085	0.28565	0.814432
0.419017	0.237233	0.88573
0.825926	0.315162	0.47902
0.844121	0.536669	0.0412526
0.39711	0.911944	0.139921
0.00826982	1.00296	0.106368
0.506315	0.748849	0.439656
0.764514	0.0556574	0.654666
0.653631	0.0579083	0.76513
0.100386	0.808444	0.589024
0.283346	0.557953	0.793516
0.692042	0.134396	0.713086
0.828269	0.507319	0.294959
0.108853	0.257631	0.972287
0.950478	0.0896286	0.306429
0.932324	0.366819	0.0889239
0.491583	0.806279	0.354254
0.832154	0.347145	0.456003
0.531249	0.846602	0.0536964
0.966799	0.262626	0.135704
0.973568	0.101863	0.208834
0.791371	0.215236	0.592976
0.538211	0.113611	0.844756
0.247429	0.654043	0.731249
0.55803	0.826084	0.128007
0.115253	0.998136	0.0024471
0.87268	0.326956	0.414913
0.0247272	0.650988	0.759883
0.261409	0.719366	0.676859
0.51095	0.681361	0.615781
0.464695	0.0217949	0.890893
0.895131	0.299869	0.366988
0.483935	0.252004	0.845726
0.854941	0.33862	0.40941
0.0165444	0.942654	0.393493
0.976386	0.0838987	0.208164
0.0712698	0.644359	0.769169
0.474678	0.885865	0.086467
0.891219	0.200302	0.435005
0.27943	0.972071	0.00873877
0.990634	0.10336	0.105627
0.963165	0.284335	0.0662491
0.278239	0.170174	0.949117
0.840887	0.503002	0.227618
0.126758	0.69631	0.723111
0.993371	0.137334	0.0607173
0.786168	0.616695	0.152278
0.811875	0.486023	0.334127
0.72818	0.610859	0.396695
0.43937	0.72766	0.540469
0.396328	0.777486	0.49456
0.75677	0.520031	0.404939
0.292207	0.924009	0.284929
0.622433	0.3524	0.705013
0.366535	0.723359	0.586327
0.710419	0.0323857	0.719343
0.596041	0.533023	0.616734
0.165327	0.386048	0.909779
0.693273	0.464518	0.570522
0.593968	0.531168	0.616953
0.657022	0.393018	0.652005
0.383578	0.783511	0.497786
0.865243	0.0620393	0.50137
0.884021	0.387216	0.266812
0.61142	0.813811	0.0638855
0.6814	0.0496067	0.747812
0.373931	0.784937	0.50252
0.453719	0.843393	0.314655
0.512461	0.828716	0.254916
0.697521	0.426611	0.592156
0.420007	0.913751	0.113605
0.74325	0.401807	0.541382
4.39231e-17	4.42877e-17	1.01866
1.02519	3.49805e-13	0.09394
8.53472e-32	6.12467e-17	1.00023
0.32571	0.945481	2.32721e-17
0.201363	0.740131	0.664094
0.646182	0.69576	0.355203
0.0529934	0.885352	0.524455
0.463151	0.864895	0.211515
0.241784	0.667598	0.719302
0.973621	0.0374338	0.228129
0.73832	0.404482	0.54482
0.962592	0.272295	0.0260353
0.678989	0.373538	0.645134
0.694639	0.733136	0.0606546
0.322947	0.531591	0.797583
0.586367	0.807036	0.188638
0.9305	0.223867	0.341462
0.711031	0.612999	0.364073
0.156069	0.291754	0.94781
0.294544	0.848392	0.445842
0.703451	0.620202	0.379239
0.438227	0.684095	0.596905
0.9417	0.345456	0.0314218
0.725464	0.65626	0.220463
0.621284	0.797137	0.0727725
0.627486	0.782071	0.073023
1.00356	8.11982e-06	4.44838e-05
0.853026	0.498946	0.167022
0.491715	0.0505028	0.872227
0.526383	0.455085	0.763242
0.299503	0.896325	0.371624
0.192676	0.363536	0.914378
0.410007	0.48937	0.772037
0.401934	0.504128	0.783437
0.631574	0.525238	0.607475
0.651225	0.559669	0.530939
0.86358	0.129698	0.497226
0.0355481	1.00051	0.00375576
0.80683	0.518708	0.286478
0.249179	0.133192	0.970052
0.83297	0.463369	0.329061
0.210491	0.624332	0.758472
0.262318	0.968207	0.0865647
0.28795	0.690353	0.694518
0.989589	0.12417	0.103878
0.285902	0.294021	0.924855
0.0875402	0.925754	0.405537
0.924145	0.339617	0.184754
0.733534	0.144337	0.672336
0.13232	0.845978	0.535403
0.659253	0.592525	0.488954
0.264958	0.934478	0.249149
0.967679	0.0132912	0.261372
0.768182	0.0794994	0.637472
0.576467	0.542051	0.62499
0.50619	0.815323	0.302416
0.332186	0.930035	0.17434
0.552409	0.829234	0.141155
0.0683435	0.589432	0.814061
0.27333	0.96257	0.0944029
0.391933	0.675699	0.63126
0.212841	0.399914	0.89469
0.928254	0.262534	0.268527
0.827091	0.00841054	0.56548
0.872679	0.484938	0.109168
0.670108	0.574208	0.478657
0.949281	0.0685291	0.311881
0.00562485	0.984553	0.255446
0.641759	0.77142	0.15348
0.593215	0.396538	0.706929
0.451514	0.838423	0.312051
0.0167473	1.00275	0.0103439
0.978252	0.19246	0.135178
0.182684	0.984591	0.0721059
0.875553	0.175863	0.466025
0.0302648	0.962312	0.31679
0.178004	0.43933	0.885827
0.547681	0.476092	0.729782
0.61695	0.778814	0.151966
0.728983	0.115504	0.677671
0.945157	0.326805	0.0341555
0.510717	0.632686	0.5929
0.0329233	0.307936	0.952882
0.493958	0.060609	0.868532
0.567637	0.167534	0.807829
0.111943	0.141209	0.988298
0.0134165	0.911191	0.414724
0.693218	0.64903	0.321433
0.606745	0.752817	0.27727
0.227204	0.195261	0.964264
0.890994	0.251985	0.384814
0.36765	0.932834	0.0388623
0.0819183	0.766193	0.641475
0.491517	0.758918	0.456784
0.168878	0.364552	0.918601
0.447446	0.149956	0.886246
0.840821	0.222388	0.515966
0.981456	0.147125	0.146926
0.567013	0.71525	0.427473
0.499093	0.821061	0.302786
0.564085	0.724411	0.400411
0.677506	0.566039	0.474558
0.381433	0.350939	0.861149
0.345009	0.912562	0.24263
0.71396	0.643748	0.325393
0.668984	0.351558	0.678784
0.469735	0.877189	0.121896
0.574647	0.414254	0.712839
0.754617	0.631578	0.196662
0.351947	0.380314	0.860919
0.69938	0.202464	0.699067
0.780449	0.597655	0.196454
0.309214	0.953409	0.0864944
0.610005	0.172518	0.778221
0.34497	0.937669	0.125855
0.536968	0.468704	0.743935
0.343005	0.921478	0.214225
0.123732	0.819916	0.559719
0.136154	0.870489	0.488635
0.817494	0.0101542	0.580727
0.232751	0.383123	0.899686
0.581088	0.577146	0.581803
0.877845	0.506923	0.0388307
0.047982	0.215912	0.984056
0.470146	0.257671	0.850917
0.517016	0.283359	0.809655
0.474679	0.583245	0.666428
0.184024	0.294527	0.943533
0.0962007	0.992412	0.105207
0.303797	0.331377	0.909621
0.75756	0.156278	0.638485
0.72246	0.700352	0.116659
0.255311	0.420258	0.879963
0.397004	0.21997	0.897781
0.998346	0.0650602	0.0506752
0.145335	0.281615	0.962076
0.93447	0.27052	0.257502
0.810671	0.450481	0.389228
0.357747	0.189376	0.916534
0.105823	0.133489	0.989101
0.101132	0.811381	0.595467
0.55888	0.164949	0.819927
0.328642	0.920113	0.236689
0.419346	0.23235	0.884397
0.0774735	0.0219154	0.998974
0.956768	0.276975	0.139496
0.373073	0.920777	0.164601
0.416397	0.483607	0.771729
0.353475	1.20608e-13	0.937375
0.490464	0.0601803	0.871944
0.316044	0.780027	0.55326
0.3936	0.370117	0.84776
0.955448	0.14188	0.271249
0.884949	0.468494	0.0764573
0.221063	0.706767	0.715962
0.264467	0.962866	0.0829484
0.597594	0.237499	0.787845
0.79864	0.223956	0.561997
0.0616093	0.908066	0.417115
0.807378	0.032704	0.620315
0.541692	0.639655	0.574162
0.443947	0.245981	0.876765
0.882817	0.249673	0.434446
0.073426	0.092479	0.99647
0.299546	0.304538	0.912447
0.217867	0.646211	0.73798
0.0439844	0.662898	0.752421
0.99687	0.102574	0.0071534
0.934169	0.297781	0.217335
0.426875	0.208116	0.906443
0.75028	0.416922	0.537337
0.457908	0.581993	0.68759
0.50104	0.779	0.399752
0.879904	0.125165	0.50605
0.0914275	0.990646	0.10855
0.569638	0.714038	0.423045
0.896873	0.452294	0.116458
0.236998	0.381953	0.902146
0.00914148	0.975133	0.230079
0.898664	0.103589	0.44117
0.903129	0.459966	0.0443616
0.788461	0.572579	0.292461
0.762748	0.553906	0.368646
0.165023	0.0729596	0.994599
0.782277	0.455297	0.430852
0.919013	0.318257	0.276501
0.844326	0.46294	0.285083
0.744164	0.391115	0.561852
0.147756	0.800654	0.586099
0.910874	0.028716	0.4186
0.492508	0.547381	0.683688
0.775696	0.605016	0.196602
0.298444	0.500648	0.825452
0.375983	0.200972	0.91065
6.08066e-17	8.03351e-18	1.00168
1.0077	0.00102725	0.000901592
0.00510301	1.00667	0.00139692
0.35395	0.935289	2.61621e-18
0.537014	0.851893	0.0222837
0.191766	0.606412	0.774964
0.7483	0.259057	0.625083
0.399205	0.264892	0.885489
0.664232	0.449329	0.605607
0.0987218	0.70889	0.700043
0.171153	0.917473	0.371826
0.415037	0.867662	0.288315
0.0963553	0.619277	0.786657
0.607995	0.763082	0.242153
0.891791	0.177758	0.420169
0.1147	0.767558	0.636285
0.646022	0.246876	0.737732
0.154182	0.0875439	0.988173
0.633256	0.710414	0.323036
0.163306	0.978152	0.187501
0.108749	0.780891	0.617022
0.084746	0.802932	0.592592
0.628493	0.789753	0.0223342
0.908434	0.148364	0.392889
0.898245	0.418627	0.182426
0.519919	0.1579	0.843469
0.783872	0.108997	0.627919
0.235489	0.738236	0.648871
0.308138	0.13697	0.947681
0.686063	0.730741	0.00817756
0.147912	0.846918	0.550363
0.992669	0.119967	0.086955
0.213467	0.44082	0.872037
0.0686077	0.562399	0.828414
0.621259	0.585746	0.532009
0.801735	0.0266946	0.598776
0.886566	0.0617291	0.465438
0.866574	0.329759	0.384103
0.223664	0.0761537	0.982393
0.593919	0.167643	0.798684
0.136435	0.991574	0.119548
0.212199	0.964092	0.164041
0.863203	0.3837	0.347309
0.515162	0.549618	0.675791
0.953787	0.193607	0.260536
0.385599	0.775942	0.505472
0.835966	0.491535	0.291899
0.668258	0.572867	0.481308
0.202768	0.659602	0.733142
0.55765	0.800596	0.223077
0.142951	0.208278	0.969916
0.970023	0.226031	0.108659
0.928456	0.0107739	0.40205
0.284378	0.884226	0.408079
0.462276	0.891111	0.0975301
0.255002	0.873575	0.432072
0.817857	0.585239	0.0206082
0.259845	0.947816	0.301338
0.754057	0.464764	0.470627
0.277171	0.960875	0.14214
0.454787	0.0466712	0.89939
0.697349	0.721212	0.110066
0.336574	0.24506	0.911247
0.838687	0.232479	0.517523
0.583081	0.0393178	0.821459
0.269978	0.922647	0.310603
0.0566352	0.902726	0.43787
0.515598	0.0529118	0.858255
0.243846	0.748144	0.642587
0.740068	0.455954	0.499359
0.553257	0.494671	0.685187
0.293043	0.951738	0.14154
0.157939	0.412224	0.902058
0.54241	0.391304	0.755823
0.730734	0.671647	0.13163
0.941526	0.303772	0.156229
0.688765	0.725958	0.112297
0.708405	0.401477	0.583471
0.946903	0.346773	0.0569319
0.507547	0.871532	0.0131335
0.071521	0.65007	0.758056
0.593368	0.360471	0.728711
0.930022	0.0982436	0.362447
0.218628	0.752126	0.656273
0.371769	0.741165	0.565836
0.722205	0.345005	0.603904
0.185954	0.481832	0.86252
0.478445	0.297037	0.83214
0.762538	0.432156	0.492823
0.930584	0.241185	0.284084
0.468147	0.83569	0.333381
0.989542	0.0223406	0.260179
0.0817651	0.984339	0.172892
0.0423539	0.584798	0.81757
0.623331	0.0322892	0.791513
0.832232	0.554531	0.0523045
0.726631	0.656375	0.219659
0.484057	0.474793	0.737029
0.343881	0.942778	0.0384737
0.3181	0.230431	0.924776
0.837486	0.285459	0.51801
0.65234	0.674245	0.370942
0.942086	0.272483	0.248601
0.923773	0.0832853	0.378602
0.225965	0.693285	0.708177
0.00872855	0.397649	0.936436
0.425873	0.00388068	0.919589
0.999696	0.120817	0.00317381
0.562128	0.503378	0.660599
0.660516	0.625549	0.418999
0.80828	0.523193	0.280619
0.599002	0.567964	0.583616
0.380742	0.92381	0.0806686
0.331035	0.826621	0.456537
0.477628	0.820288	0.337104
0.468894	0.437571	0.780513
0.711019	0.102568	0.70984
0.933004	0.37144	0.0490062
0.626054	0.785747	0.0366871
0.905341	0.355984	0.273966
0.771375	0.499673	0.424668
0.945198	0.336444	0.0922909
0.0890686	0.987536	0.14922
0.385686	0.276226	0.8911
0.755852	0.428367	0.499099
0.575456	0.553393	0.632008
0.125568	0.986816	0.136557
0.287638	0.909583	0.333235
0.907211	0.184153	0.395127
0.60283	0.570733	0.564043
0.746068	0.669175	0.0631786
0.239486	0.809461	0.538546
0.39593	0.277618	0.879907
0.826952	0.314682	0.485012
0.588951	0.582205	0.568231
0.881666	0.466211	0.080519
0.651263	0.623587	0.445701
0.271718	0.93861	0.23755
0.42014	0.126252	0.900708
0.559932	0.815114	0.157804
0.717445	0.702967	0.0158044
0.509317	0.0475917	0.862522
0.303229	0.710562	0.646923
0.474508	0.479441	0.742856
0.365868	0.930655	0.0807328
0.650682	0.636748	0.419313
0.920667	0.294404	0.271117
0.959366	0.213515	0.200262
0.44904	0.895215	0.0651025
0.00644519	0.66604	0.751311
0.681019	0.220151	0.70422
0.13901	0.290592	0.956457
0.567831	0.380084	0.749539
0.0616646	0.88998	0.458808
0.839581	0.513921	0.176876
0.261925	0.955404	0.251972
0.299559	0.605834	0.747284
0.579918	0.388175	0.721726
0.555492	0.35472	0.770754
0.480796	0.377717	0.803052
0.431358	0.901783	0.0852221
0.793802	0.544476	0.326737
0.77319	0.107511	0.639765
0.972088	0.131515	0.206095
0.0797195	0.746776	0.667762
0.0704724	0.973044	0.308678
0.236044	0.825063	0.546634
0.853823	0.52264	0.0717995
0.732971	0.321919	0.629005
0.0330805	0.91772	0.424319
0.264281	0.930027	0.272018
0.646319	0.593371	0.481335
0.614063	0.148341	0.788847
0.161867	0.544967	0.840038
0.872756	0.332112	0.371539
1.00376	0.0162546	0.0314806
0.776911	0.629426	0.135365
0.5847	0.304023	0.763669
0.498538	0.315175	0.818459
0.469057	0.830198	0.334863
0.975717	0.204999	0.119048
0.312262	0.903444	0.305064
0.857919	0.154818	0.496953
0.444674	0.291329	0.859515
0.0773996	0.988748	0.197106
0.554876	0.528903	0.646113
0.105258	0.777668	0.629767
0.0655191	0.942474	0.35427
0.984595	0.143188	0.114668
0.856401	0.518305	0.0717957
0.948926	0.327494	0.0946886
0.239946	0.811015	0.535697
0.407347	0.274166	0.874229
0.620391	0.0146448	0.81339
3.54818e-05	1.00243	0.000990481
6.1248e-17	5.10756e-33	1.00026
0.626675	0.779317	1.19643e-17
4.00551e-17	4.78344e-17	1.01891
0.157832	0.984864	0.0796851
0.815787	0.0746762	0.582603
0.189848	0.979753	0.11047
0.805023	0.0276285	0.597288
0.0959168	0.685899	0.728825
0.1473	0.967437	0.22803
0.932056	0.0952886	0.351691
0.674789	0.617173	0.409193
0.896674	0.265451	0.358924
0.553464	0.823216	0.208273
0.849185	0.528911	0.0524609
0.393059	0.828039	0.449484
0.362405	0.602194	0.716797
0.0130812	0.910011	0.428687
0.882329	0.258698	0.399448
0.695863	0.729589	0.0973543
0.278712	0.428843	0.863928
0.418198	0.680867	0.608027
0.377615	0.2705	0.894298
0.616907	0.769272	0.167629
0.783583	0.574843	0.240879
0.731996	0.569297	0.419533
0.194103	0.437838	0.878603
0.994664	0.129667	0.0222747
0.861047	0.0120971	0.524696
0.211373	0.317155	0.924704
0.988061	0.101014	0.124519
0.1653	0.853068	0.50261
0.56711	0.425954	0.706738
0.793223	0.512891	0.331321
0.0404865	0.914622	0.409666
0.640777	0.303832	0.7127
0.885617	0.13958	0.452154
0.595661	0.62453	0.517173
0.20192	0.374294	0.915613
0.0989518	0.0628401	0.996123
0.0194139	0.239519	0.977387
0.774798	0.631381	0.0686613
0.755415	0.0504113	0.669033
0.122164	0.806067	0.586607
0.235834	0.96917	0.114553
0.252652	0.83481	0.509078
0.613358	0.493612	0.618812
0.245562	0.350362	0.909617
0.0782215	0.886515	0.466004
0.66197	0.308745	0.692683
0.785423	0.493819	0.375904
0.0545011	0.471241	0.881353
0.549185	0.772417	0.393141
0.853095	0.217008	0.475719
0.243258	0.92544	0.315332
0.856976	0.517809	0.029543
0.525955	0.456764	0.722503
0.0385431	0.592394	0.818278
0.341389	0.933795	0.127788
0.649167	0.550882	0.533257
0.604938	0.65347	0.460092
0.669646	0.0896346	0.746874
0.0284838	0.771052	0.64707
0.532624	0.414239	0.741305
0.883088	0.468044	0.0856833
0.29889	0.698902	0.655602
0.00316818	0.320906	0.953645
0.270518	0.558453	0.795066
0.329023	0.539695	0.781981
0.631165	0.274109	0.726813
0.828501	0.5349	0.18216
0.821592	0.606453	0.0117485
0.812802	0.451297	0.370237
0.0497471	0.87727	0.479177
0.748131	0.642745	0.170252
0.707198	0.248716	0.665531
0.727431	0.117201	0.679025
0.463752	0.881617	0.248359
0.179744	0.223526	0.962924
0.476098	0.8811	0.00700024
0.0586915	0.247484	0.972721
0.700643	0.189229	0.704846
0.845247	0.531116	0.0942052
0.661226	0.758598	0.145523
0.292484	0.821263	0.508836
0.0517037	0.218019	0.979909
0.719428	0.329533	0.614649
0.0762071	0.111859	0.992863
0.856989	0.0165425	0.522269
0.259236	0.225896	0.94129
0.64658	0.75178	0.155087
0.874404	0.4855	0.0269601
0.950554	0.0531227	0.320562
0.924448	0.356286	0.152402
0.446077	0.871313	0.25816
0.872348	0.397591	0.295699
0.170186	0.94427	0.287466
0.120268	0.918402	0.385778
0.41306	0.836343	0.363887
0.303304	0.45667	0.843492
0.225122	0.940046	0.284406
0.035864	0.970834	0.341286
0.439324	0.341677	0.833317
0.135922	0.508037	0.858641
0.104009	0.743764	0.661088
0.484028	0.251165	0.84541
0.69	0.294924	0.663005
0.142503	0.824588	0.560063
0.914073	0.167799	0.388611
0.486433	0.814921	0.326885
0.760536	0.611454	0.253293
0.451798	0.695163	0.571888
0.505578	0.415326	0.77214
0.427092	0.71632	0.558717
0.832073	0.181062	0.539737
0.937008	0.305179	0.200186
0.511292	0.367909	0.789417
0.231637	0.176173	0.970128
0.752727	0.145593	0.644216
0.785506	0.597597	0.164001
0.542834	0.471422	0.700107
0.0868453	0.481857	0.873496
0.185951	0.48984	0.855445
0.217501	0.265958	0.940527
0.523349	0.852062	0.0656248
0.470319	0.365782	0.809229
0.0725478	0.954314	0.321082
0.442357	0.344035	0.833234
0.65582	0.412907	0.63359
0.403623	0.748188	0.568012
0.00589628	0.240278	0.977575
0.174019	0.809882	0.574744
0.086721	0.66223	0.751791
0.609111	0.756546	0.276011
0.666674	0.60975	0.433355
0.906271	0.360504	0.237964
0.28563	0.439486	0.852527
0.316321	0.783039	0.544286
0.113576	0.63017	0.777513
0.800388	0.147392	0.588195
0.352971	0.756999	0.55151
0.735189	0.628223	0.266267
0.519177	0.388456	0.763532
0.0651192	0.558618	0.827667
0.225509	0.335787	0.920933
0.268779	0.963118	0.0956046
0.453558	0.862237	0.255027
0.961426	0.279649	0.0599575
0.781218	0.198724	0.592953
0.497402	0.420638	0.761175
0.366197	0.0624986	0.936833
0.0786622	0.562511	0.823942
0.38012	0.695202	0.649363
0.310573	0.911955	0.297151
0.536573	0.285972	0.79735
0.839245	0.444806	0.322263
0.374622	0.92736	0.0957361
0.965004	0.0443139	0.278197
0.369579	0.666798	0.657533
0.503253	0.796918	0.343063
0.13012	0.22727	0.969603
0.278625	0.200966	0.940442
0.320475	0.946409	0.0884468
0.641205	0.73869	0.32234
0.681086	0.743257	0.0368904
0.719901	0.652389	0.262204
0.57645	0.445351	0.686998
0.628951	0.441593	0.680195
0.527337	0.718995	0.492428
0.625625	0.724826	0.330514
0.962929	8.03e-17	0.302664
0.814763	0.567043	0.131699
0.249277	0.937103	0.264584
0.957535	0.185207	0.224864
0.913639	0.407312	0.0407929
0.920511	0.364054	0.153097
0.264596	0.546228	0.806823
1.00527	0.00161335	0.0173756
0.259802	0.207619	0.956765
0.261888	0.361536	0.901758
0.689246	0.675956	0.26997
0.321839	0.394964	0.862809
0.410128	0.895632	0.188321
0.348188	0.892917	0.296558
0.944265	0.291567	0.182546
0.540793	0.843318	0.0766325
0.464146	0.723795	0.531327
0.866546	0.282229	0.438026
0.40824	0.791997	0.457838
0.417338	0.15523	0.899433
0.577384	0.338534	0.756249
0.0130857	0.901986	0.434978
1.00167	0	0.0111125
4.77618e-17	4.02813e-17	1.02038
1.00241	0.00856527	0.0044086
0.465662	0.884993	2.32725e-17
0.000392468	1.0088	0.00249377
0.19015	0.922358	0.346101
0.00974159	0.963811	0.298325
0.426806	0.811148	0.401093
0.597253	0.059747	0.804115
0.338989	0.80458	0.510643
0.745502	0.562775	0.370852
0.102854	0.994977	0.0847262
0.796691	0.286113	0.574346
0.891363	0.0692084	0.451748
0.691424	0.348656	0.649346
0.360062	0.163252	0.924919
0.913974	0.00384619	0.411896
0.991215	0.125542	0.0681129
0.989115	0.108694	0.126348
0.205983	0.900065	0.387146
0.66005	0.712532	0.256929
0.224841	0.978609	0.0370172
0.416484	0.894089	0.207268
0.32051	0.940855	0.155506
0.449311	0.0476891	0.894261
0.516309	0.778256	0.38043
0.851082	0.341593	0.42
0.553598	0.556883	0.655984
0.61576	0.0965285	0.786055
0.753583	0.540166	0.391413
0.668073	0.721193	0.201949
0.0662929	0.954842	0.315077
0.765206	0.227439	0.642985
0.193759	0.984171	0.0603377
0.513307	0.267547	0.81982
0.0429361	0.695208	0.732578
0.848957	0.00740491	0.558226
0.858584	0.513889	0.0536222
0.014509	0.948169	0.336345
0.411264	0.59087	0.719079
0.825541	0.533685	0.21275
0.38844	0.386679	0.838488
0.289277	0.736003	0.625076
0.327584	0.330358	0.887412
0.933027	0.337131	0.1679
0.688448	0.393624	0.617917
0.475641	0.835118	0.282243
0.537228	0.355586	0.770726
0.454316	0.291867	0.853804
0.738562	0.48598	0.482009
0.441091	0.257254	0.866807
0.349961	0.830623	0.468283
0.672926	0.726431	0.191379
0.958363	0.101208	0.29187
0.498074	0.521612	0.702949
0.801027	0.556621	0.23036
0.235247	0.171591	0.97298
0.92727	0.366298	0.0939192
0.943875	0.284376	0.178482
0.95446	0.199667	0.268507
0.704405	0.362032	0.617108
0.885998	0.144112	0.444234
0.876483	0.466379	0.166506
0.573913	0.6299	0.528172
0.595226	0.818711	0.101429
0.775058	0.439672	0.460376
0.716027	0.220315	0.682027
0.988769	0.156188	0.0606039
0.562821	0.850386	0.0447799
0.783302	0.612896	0.138526
0.841371	0.544498	0.0465395
0.703679	0.451034	0.578739
0.678192	0.208064	0.708575
0.995498	0.0189181	0.120003
0.0898181	0.909823	0.427344
0.941158	0.245915	0.278007
0.397448	0.574202	0.730422
0.590743	0.797154	0.157613
0.70979	0.453361	0.539687
0.131665	0.935508	0.340672
0.377707	0.374239	0.848777
0.643768	0.691962	0.330479
0.200719	0.883357	0.447977
0.513268	0.272534	0.821599
0.965717	0.255782	0.0998549
0.733918	0.478373	0.493556
0.461243	0.875216	0.176153
0.97291	0.106913	0.212164
0.901314	0.315004	0.358932
0.142782	0.826991	0.555273
0.619679	0.651813	0.46726
0.625948	0.100856	0.779805
0.479484	0.0282373	0.881671
0.652129	0.655999	0.43264
0.702242	0.67819	0.244276
0.176579	0.0824755	0.985626
0.242275	0.179853	0.960832
0.628627	0.471848	0.629641
0.655325	0.42786	0.627238
0.149311	0.298682	0.943001
0.788867	0.617251	0.137463
0.956735	0.0421818	0.328076
0.845648	0.535935	0.110427
0.825161	0.533439	0.250901
0.13908	0.0538079	0.991208
0.92462	0.365679	0.132609
0.889927	0.0195569	0.4766
0.120304	0.665859	0.738496
0.519441	0.570113	0.642152
0.0930978	0.661482	0.750395
0.532561	0.7699	0.361594
0.160328	0.320721	0.937036
0.231889	0.172143	0.965037
0.220498	0.97533	0.0821883
0.0835429	0.593593	0.803055
0.256543	0.675481	0.694528
0.334693	0.75053	0.586629
0.309482	0.188897	0.932971
0.252685	0.435057	0.874406
0.778489	0.633636	0.110712
0.569428	0.387009	0.760461
0.0654793	0.501426	0.866041
0.770301	0.55215	0.325309
0.511689	0.761321	0.399351
0.767084	0.641893	0.0976976
0.818381	0.585133	0.0789685
0.879431	0.153492	0.457172
0.490378	0.281135	0.829024
0.307891	0.89728	0.323743
0.81478	0.583281	0.079419
0.518286	0.745621	0.423561
0.107885	0.740293	0.666546
0.261675	0.665478	0.702067
0.0396852	0.360592	0.945268
0.883442	0.308903	0.360542
0.400386	0.604958	0.72462
0.161438	0.213796	0.969626
0.175769	0.0840494	0.985327
0.0516519	0.868808	0.499598
0.239157	0.913264	0.369165
0.605473	0.411506	0.688635
0.0759242	0.185262	0.988112
0.214048	0.679214	0.711698
0.500598	0.0339512	0.867793
0.296902	0.400642	0.878343
0.0584639	0.16732	0.993296
0.727041	0.0100296	0.68861
0.0330397	0.627562	0.785009
0.16099	0.41022	0.91042
0.479112	0.841212	0.263021
0.602706	0.785818	0.157319
0.150974	0.130484	0.987347
0.531117	0.767812	0.367751
0.245976	0.212593	0.953611
0.871422	0.507029	0.0991786
0.379289	0.769317	0.520612
0.274569	0.78984	0.550119
0.171363	0.43665	0.896265
0.301552	0.76396	0.586865
0.311268	0.819571	0.504232
0.131656	0.935945	0.336219
0.477705	0.838742	0.272813
0.713429	0.40618	0.582895
0.452728	0.0340243	0.898556
0.586591	0.370061	0.720766
0.544906	0.822325	0.174401
0.0322239	0.612065	0.796336
0.920199	0.371823	0.147062
0.147034	0.00202836	0.995055
0.217742	0.856736	0.479433
0.0732166	0.355151	0.934217
0.0606276	0.998967	0.0172471
0.552975	0.780983	0.306306
0.274766	0.37793	0.885629
0.83258	0.547845	0.147681
0.61942	0.420986	0.663827
0.969879	0.20172	0.155954
0.625203	0.685894	0.390707
0.867872	0.0868187	0.495641
0.540133	0.76475	0.353599
5.16659e-17	3.43161e-17	1.01293
0.822424	0.541162	0.196732
0.52096	0.398623	0.756329
0.117155	0.832412	0.556192
0.486494	0.538369	0.707233
0.124547	0.362965	0.924177
0.28576	0.173285	0.94377
0.981646	0.125729	0.191576
0.635578	0.431967	0.645132
0.363402	0.490378	0.800485
0.370661	0.912607	0.202346
0.858672	0.142217	0.531974
0.994485	0.0351525	0.121651
0.392678	0.236924	0.894742
0.294002	0.661477	0.695791
2.2488e-17	5.74575e-17	1.00766
1.00342	0.000122426	0.00170782
3.75532e-33	6.13291e-17	1.00158
0.737313	0.675713	2.61644e-18
0.63777	0.692403	0.3484
0.69577	0.238005	0.696996
0.0933523	0.605097	0.791651
0.353811	0.869961	0.363341
0.991513	0.125626	0.0908821
0.620879	0.693663	0.376983
0.858311	0.416249	0.310894
0.712679	0.283332	0.655363
0.404078	0.888035	0.239344
0.677785	0.513458	0.55354
0.113632	0.493778	0.869366
0.387187	0.0231201	0.927963
0.648568	0.608693	0.4613
0.78415	0.398213	0.485331
0.322904	0.922801	0.218865
0.2325	0.974311	0.0609661
0.486895	0.470626	0.753743
0.996729	0.0946046	0.0183621
0.263233	0.644727	0.722713
0.0411903	0.997177	0.0996961
0.410968	0.899031	0.174054
0.567165	0.479236	0.679199
0.222296	0.580178	0.797877
0.083953	0.2617	0.971092
0.308377	0.380715	0.880804
0.0283408	0.717378	0.704623
0.14237	0.935615	0.334615
0.0821017	0.201089	0.986535
0.432072	0.212714	0.888052
0.211677	0.398474	0.899103
0.203338	0.0879966	0.982174
0.529677	0.156999	0.835681
0.307024	0.291504	0.913579
0.90772	0.149096	0.395836
0.869749	0.40391	0.312538
0.462045	0.778599	0.451785
0.688526	0.0275686	0.726923
0.214128	0.743505	0.640938
0.44578	0.107063	0.893125
0.451974	0.324352	0.853892
0.927763	0.358685	0.202668
0.879639	0.251417	0.418005
0.599655	0.508389	0.633732
0.0246358	0.964233	0.291923
0.526474	0.361208	0.778555
0.256039	0.739378	0.630291
0.942277	0.173663	0.297414
0.330957	0.0493651	0.944391
0.921167	0.207256	0.335451
0.271505	0.171565	0.9507
0.590134	0.495278	0.644652
0.656245	0.615074	0.456449
0.718953	0.285827	0.650813
0.00874431	1.00112	0.136622
0.510327	0.828087	0.268511
0.734069	0.670552	0.109331
0.881077	0.436253	0.19535
0.332129	0.942542	0.0815137
0.729716	0.655643	0.209926
0.66658	0.132672	0.737287
0.106722	0.647933	0.760104
0.291915	0.133896	0.963196
0.971656	0.0854424	0.224276
0.106511	0.323703	0.947744
0.757608	0.553854	0.355388
0.815819	0.565924	0.131714
0.440667	0.788152	0.447423
0.0468414	0.634448	0.774369
0.127027	0.907794	0.403941
0.843666	0.500278	0.213004
0.422421	0.733639	0.552384
0.680036	0.601515	0.430108
0.84571	0.0092969	0.539761
0.372518	0.708382	0.603399
0.307835	0.850263	0.437838
0.0427664	0.109882	0.995903
0.260313	0.970881	0.053809
0.491797	0.881099	0.0469746
0.413653	0.700272	0.593508
0.575044	0.589199	0.576411
0.419648	0.0359211	0.908807
0.831359	0.576704	0.0749837
0.2795	0.91875	0.29809
0.319447	0.915539	0.275866
0.89994	0.0770333	0.432412
0.314778	0.76717	0.569539
0.248656	0.74844	0.61926
0.301692	0.833294	0.473862
0.839669	0.426988	0.356244
0.964149	0.224069	0.149165
0.358771	0.621421	0.704244
0.713136	0.165734	0.686009
0.896099	0.273481	0.38568
0.366207	0.0218673	0.936783
0.168201	0.184552	0.972823
0.610005	0.537778	0.609549
0.298265	0.94547	0.178573
0.60699	0.276816	0.748448
0.517483	0.264999	0.816241
0.838265	0.530031	0.146908
0.772739	0.368361	0.520521
0.364621	0.801012	0.500721
0.88736	0.439364	0.158083
0.981518	0.195964	0.0234449
0.747282	0.512235	0.473338
0.725441	0.168593	0.676157
0.0504394	0.219201	0.97556
0.915391	0.141233	0.386631
0.338141	0.489575	0.806016
0.617358	0.697556	0.365329
0.437696	0.782838	0.454241
0.534492	0.246868	0.826574
0.0728597	0.119834	0.991886
0.903922	0.452755	0.0539602
0.0763272	0.986592	0.146577
0.799534	0.229058	0.567659
0.46672	0.308373	0.841127
0.766661	0.595899	0.248428
0.59521	0.687001	0.417058
0.553228	0.073671	0.83196
0.548148	0.662959	0.514895
0.763404	0.571742	0.316581
0.821628	0.556703	0.129331
0.538347	0.806865	0.250333
0.911975	0.349279	0.258902
0.426692	0.721909	0.566079
0.0144482	0.627742	0.78198
0.539513	0.762407	0.371461
0.612826	0.802701	0.0689135
0.502678	0.75797	0.439192
0.973915	0.0169305	0.279399
0.188744	0.982815	0.0396804
0.583138	0.00213229	0.816083
0.234503	0.950531	0.264619
0.276464	0.959953	0.104014
0.15462	0.795426	0.591315
0.30835	0.906029	0.320123
0.318785	0.0378608	0.950277
0.112584	0.683528	0.725032
0.256935	0.561614	0.802348
0.80497	0.611845	0.0145718
0.894264	0.210396	0.419749
0.361816	0.540381	0.768345
0.825839	0.191926	0.532341
0.735377	0.390104	0.558686
1.00301	0.0669592	0.0810669
0.501649	0.449782	0.743282
0.975226	0.00588887	0.242521
0.0683066	0.956303	0.28827
0.736789	0.292917	0.623765
0.667712	0.489623	0.5861
0.38281	0.704317	0.604204
0.0554464	0.757067	0.662866
0.543715	0.657111	0.544311
0.692843	0.239011	0.687981
0.450014	0.768056	0.465079
0.557723	0.835904	0.0103657
0.177677	0.823831	0.549912
0.573184	0.590574	0.57525
0.496543	0.838217	0.255293
0.658657	0.44628	0.612787
0.79285	0.592875	0.183722
0.810935	0.40783	0.431807
0.829814	0.234734	0.509165
0.833562	0.419219	0.41117
0.2437	0.976647	0.035542
0.949975	0.130856	0.330389
0.507656	0.269343	0.82948
0.852523	0.0702681	0.528889
0.119158	0.532099	0.844553
0.386013	0.860709	0.335136
0.122439	0.299885	0.94846
0.150982	0.983484	0.115677
0.471184	0.844275	0.259518
0.199668	0.645769	0.745677
0.484559	0.0557662	0.876883
0.559219	0.835208	0.0335021
0.136478	0.222498	0.967039
0.922	0.0620732	0.39057
0.161955	0.921262	0.375026
0.282798	0.301685	0.912324
0.660727	0.0264555	0.752588
0.564033	0.797675	0.23034
0.185197	0.987988	0.0538102
0.393209	0.717316	0.578594
0.87089	0.000145066	0.493739
0.167825	0.86336	0.484915
0.719934	0.330221	0.621922
0.952124	0.344718	0.0274807
1.02569	8.86925e-06	0.00313922
6.1346e-17	1.00186	0.00331888
3.74982e-33	6.12392e-17	1.00011
0.00403561	0.999996	2.3272e-17
0.770008	0.279296	0.576345
0.820113	0.314269	0.49358
0.687447	0.533102	0.514019
0.331005	0.629827	0.70432
0.547417	0.0335426	0.855608
0.673323	0.199346	0.715658
0.651635	0.612576	0.481765
0.155739	0.0501655	0.989858
0.854939	0.0187207	0.52085
0.717216	0.601691	0.358384
0.343882	0.177131	0.929046
0.0263227	0.71263	0.712607
0.679985	0.017295	0.739191
0.380962	0.783683	0.529551
0.138214	0.959488	0.276273
0.619348	0.519588	0.607287
0.0317797	0.400485	0.923433
0.11806	0.819574	0.562345
0.585186	0.166724	0.795012
0.709572	0.231992	0.680375
0.608217	0.173286	0.778116
0.0124842	0.720085	0.704576
0.463116	0.466484	0.760132
0.249736	0.545667	0.801114
0.79708	0.467539	0.388218
0.316574	0.621334	0.717663
0.950958	0.311298	0.126222
0.443237	0.891403	0.119285
0.561803	0.787762	0.271231
0.693455	0.226723	0.695271
0.348884	0.893281	0.315545
0.0840014	0.105368	0.996477
0.472582	0.660304	0.591033
0.312772	0.692291	0.664503
0.486945	0.495586	0.724198
0.324635	0.487547	0.812981
0.573458	0.80725	0.152963
0.834448	0.564695	0.0248235
0.734519	0.539048	0.475203
0.448192	0.87577	0.207996
0.728911	0.22192	0.649847
0.656366	0.647908	0.406551
0.914512	0.297793	0.286456
0.0725054	0.586246	0.808785
0.572699	0.792767	0.24175
0.629132	0.775911	0.0485111
0.24293	0.491835	0.845409
0.879107	0.438302	0.218726
0.137008	0.512094	0.868342
0.756452	0.520873	0.409156
0.523809	0.642455	0.564994
0.40994	0.622246	0.670253
0.221514	0.0960155	0.97331
0.350728	0.554155	0.76343
0.209151	0.385335	0.910904
0.904581	0.105776	0.415962
0.931189	0.353875	0.176207
0.181628	0.0578436	0.983244
0.15287	0.935357	0.323926
0.197113	0.426673	0.896036
0.78828	0.285923	0.548955
0.867115	0.459107	0.245328
0.308769	0.474051	0.829943
0.641061	0.0392806	0.788331
0.742114	0.654348	0.19679
0.0574655	0.596348	0.803884
0.262415	0.412604	0.874598
0.611173	0.174129	0.774112
0.498037	0.54976	0.684076
0.617749	0.704582	0.358471
0.421518	0.903484	0.105892
0.840496	0.307809	0.460838
0.598884	0.798339	0.096046
0.747855	0.636071	0.199699
0.0347893	0.909455	0.430198
0.977514	0.0622367	0.248422
0.245929	0.958188	0.172058
0.0628013	0.933092	0.361172
0.557484	0.084427	0.828857
0.728711	0.453063	0.516322
0.776674	0.0102748	0.637669
0.51219	0.155761	0.860919
0.545121	0.813553	0.23892
0.0453963	0.377086	0.938425
0.899783	0.247841	0.372603
0.525641	0.675958	0.525916
0.805543	0.0769926	0.593394
0.686179	0.288624	0.678439
0.456187	0.767384	0.49295
0.0684475	0.575425	0.834381
0.627382	0.773753	0.100531
0.275154	0.145684	0.950653
0.00911976	0.996375	0.107547
0.397374	0.861096	0.355219
0.269511	0.0982663	0.966146
0.959673	0.0590368	0.33269
0.91594	0.367045	0.18335
0.199098	0.977787	0.0727642
0.88201	0.413495	0.312488
0.0437936	0.891968	0.452401
0.826599	0.536829	0.204684
0.377373	0.893112	0.260228
0.944027	0.333036	0.0963393
0.208614	0.428184	0.883283
0.489787	0.0426056	0.872029
0.829326	0.152706	0.555645
0.40497	0.883307	0.267725
0.0659104	0.830595	0.556687
0.779629	0.276674	0.582093
0.984232	0.121111	0.139538
0.814952	0.406103	0.415864
0.260079	0.506869	0.843057
0.541663	0.845227	0.0533044
0.933965	0.318507	0.224135
0.706203	0.389515	0.598868
0.485953	0.725248	0.491657
0.225896	0.08881	0.978544
0.890521	0.184805	0.420927
0.912685	0.359008	0.222353
0.204064	0.419021	0.888535
0.779961	0.0259597	0.634058
0.923327	0.363701	0.131568
0.869417	0.480509	0.153165
0.402089	0.852368	0.351766
0.0643578	0.667874	0.748043
0.108581	0.91387	0.397741
0.886032	0.171594	0.449438
0.522778	0.253311	0.820515
0.123876	0.993517	0.0498647
0.643044	0.445106	0.628459
0.162416	0.266731	0.953544
0.660976	0.185851	0.728817
0.352783	0.557401	0.758751
0.754018	0.644266	0.153436
0.895763	0.246897	0.383357
0.160111	0.965813	0.230046
0.874091	0.344908	0.347147
0.167388	0.396549	0.905678
0.858631	0.503503	0.102976
0.48245	0.843667	0.254125
0.594901	0.114146	0.825591
0.00455401	0.20882	0.979641
0.146391	0.990221	0.0819594
0.00539427	0.685419	0.733664
0.68342	0.251705	0.69306
0.255857	0.147094	0.957724
0.0972725	0.915894	0.398064
0.502701	0.786706	0.426775
0.38863	0.7904	0.478744
0.147941	0.985735	0.143263
0.41816	0.128517	0.908881
0.440553	0.857252	0.287906
0.304743	0.72032	0.644737
0.352303	0.89043	0.297578
0.277276	0.435971	0.859245
0.0665408	0.838539	0.543266
0.0492199	0.941189	0.340897
1.00966	0.000379663	0.0461224
0.666591	0.735551	0.153343
0.187197	0.730407	0.681388
0.450352	0.892215	0.0878533
0.410128	0.862363	0.337453
0.828937	0.560966	0.0339995
0.522465	0.671874	0.535702
0.640701	0.0605928	0.774457
0.940285	0.102336	0.327275
0.690332	0.327272	0.660654
0.177764	0.928977	0.360965
0.969507	0.192393	0.171578
0.202674	0.419535	0.901427
0.077679	0.548408	0.836481
0.433726	0.00234477	0.910275
0.285129	0.963327	0.000427495
0.924257	0.337278	0.223475
0.413507	0.913375	0.0550865
0.976387	0.247299	0.0179837
0.0308155	0.746813	0.665524
0.404418	0.87636	0.30499
1.0009	0.00723688	0.0115216
0.132272	0.96922	0.22986
0.217421	0.905929	0.375508
0.99955	0.0283343	0.0753249
0.651757	0.758905	0.0596515
0.494196	0.0219338	0.870784
0.0528779	0.360327	0.933116
0.898522	0.136284	0.420605
0.130639	0.268739	0.958511
0.230201	0.370349	0.90411
0.596615	0.741401	0.344213
0.0994118	0.804832	0.60217
0.00151204	0.981536	0.228667
0.814779	0.392594	0.469224
1.0269	0.00448032	0.000177788
0.00197458	1.0006	0
9.45557e-14	1.00606	0.00447723
6.12376e-17	3.64646e-26	1.00009
4.57605e-17	4.20897e-17	1.01537
0.816081	0.506387	0.292905
0.875129	0.407416	0.275715
0.212218	0.869789	0.44876
0.861428	0.532855	0.0556186
0.574712	0.128545	0.821099
0.674114	0.441116	0.603667
0.780472	0.604772	0.221357
0.5366	0.11369	0.842021
0.985477	0.0362928	0.192996
0.2725	0.863337	0.43795
0.462731	0.624126	0.631829
0.787833	0.248917	0.570515
0.222881	0.440323	0.873793
0.830676	0.166663	0.54137
0.543312	0.374373	0.757366
0.451481	0.628823	0.634627
0.522435	0.109661	0.849265
0.151427	0.305648	0.943785
0.737961	0.651417	0.183086
0.389137	0.54199	0.751742
0.810373	0.574411	0.131436
0.30875	0.743228	0.596085
0.490574	0.552928	0.67683
0.686444	0.726213	0.0447664
0.657324	0.710623	0.261208
0.973198	0.0796838	0.242338
0.0718111	0.925351	0.38335
0.0683145	0.365116	0.935062
0.1953	0.612792	0.772069
0.715761	0.0252863	0.721602
0.796872	0.415046	0.445782
0.933496	0.360184	0.0379327
0.5539	0.75333	0.358443
0.236103	0.572375	0.788826
0.238986	0.0156013	0.980893
0.613325	0.793183	0.0705932
0.651912	0.449834	0.614267
0.169791	0.54662	0.833035
0.364028	0.496919	0.797147
0.185257	0.145106	0.976932
0.469849	0.671801	0.582946
0.280952	0.759218	0.58923
0.896723	0.20948	0.395752
0.319356	0.950542	0.0214857
0.964751	0.0984904	0.250801
0.0995773	0.876464	0.483589
0.0184492	0.78394	0.624753
0.417366	0.318779	0.854561
0.913089	0.063684	0.415069
0.121618	0.618251	0.777818
0.428818	0.909776	0.0647279
0.357477	0.300607	0.896621
0.33965	0.269591	0.909204
0.375079	0.285113	0.88879
0.248368	0.0880077	0.968231
0.310047	0.892681	0.345965
0.478101	0.611172	0.658761
0.608579	0.789727	0.194603
0.529572	0.640352	0.563719
0.396216	0.917047	0.0773822
0.644224	0.192103	0.74218
0.0355358	0.820311	0.575246
0.0835665	0.978051	0.201731
0.057273	0.618349	0.786132
0.142153	0.112831	0.992379
0.806518	0.41823	0.426685
0.10005	0.880625	0.476561
0.0770603	0.992992	0.119055
0.350629	0.325504	0.883335
0.848277	0.52472	0.100666
0.176156	0.675394	0.728597
0.393158	0.330891	0.864364
0.629279	0.0488681	0.780404
0.621187	0.806087	0.05828
0.806413	0.548891	0.263275
0.031187	0.401874	0.919222
0.155328	0.501624	0.860063
0.160976	0.45775	0.880221
0.438045	0.767584	0.501864
0.905273	0.309322	0.309578
0.403319	0.315907	0.865517
0.0965456	0.148796	0.988652
0.529282	0.825619	0.232112
0.131304	0.679929	0.727436
0.690247	0.369809	0.623888
0.501169	0.698028	0.512985
0.34712	0.897288	0.301011
0.421638	0.37984	0.83097
0.289084	0.825103	0.49591
0.937879	0.351157	0.0285347
0.897023	0.422959	0.143466
0.72409	0.179754	0.670022
0.495776	0.635719	0.616348
0.292814	0.256806	0.928073
0.837242	0.397624	0.377573
0.377885	0.836063	0.408493
0.881474	0.273729	0.397001
0.951802	0.343221	0.0277207
0.0412185	0.342504	0.9545
0.11427	0.580897	0.808303
0.0518171	0.468944	0.890031
0.105664	0.566522	0.819197
0.898452	0.21448	0.388695
1.01334	6.03404e-10	0.00594533
0.535399	0.36892	0.764752
0.533095	0.775558	0.352244
0.33109	0.938811	0.103431
0.3024	0.0640696	0.955996
0.203971	0.682282	0.707779
0.556411	0.197645	0.816094
0.830213	0.0835819	0.554273
0.528048	0.829698	0.207278
0.0911086	0.983655	0.160924
0.477875	0.685675	0.55877
0.950647	0.294775	0.167234
0.326792	0.0692376	0.947368
0.25116	0.0889972	0.965746
0.584666	0.809084	0.109494
0.625111	0.43134	0.654437
0.866632	0.0543195	0.506662
0.0317323	0.98751	0.175517
0.924244	0.21665	0.320758
0.256399	0.66122	0.71742
0.593979	0.747917	0.370364
0.492745	0.845782	0.224823
0.748691	0.59426	0.329361
0.923556	0.216489	0.323798
0.282388	0.843238	0.467837
0.992598	0.0195234	0.187852
0.699562	0.482471	0.532272
0.444268	0.841185	0.344627
0.166192	0.939632	0.313913
0.586368	0.800425	0.172566
0.319325	0.946142	0.103752
0.602884	0.652371	0.464154
0.533701	0.588106	0.612391
0.842696	0.242722	0.4987
0.75628	0.577985	0.334433
0.969919	0.0990181	0.242254
0.313491	0.2783	0.916267
0.28479	0.666291	0.690267
0.959981	0.281348	0.114738
0.0834302	0.976456	0.212153
0.714298	0.557472	0.431103
0.826343	0.570195	0.0330486
0.0205395	0.184523	0.993692
0.00975846	0.991466	0.144529
0.511877	0.564058	0.652665
0.661313	0.256553	0.714899
0.264402	0.974532	0.0782174
0.745898	0.523336	0.433184
0.0624191	0.734092	0.680709
0.660028	0.738648	0.152807
0.133712	0.498352	0.876247
0.67615	0.747888	0.0105533
0.56165	0.0569319	0.826617
0.589294	0.805696	0.0926517
0.438944	0.0411902	0.901867
0.267649	0.379307	0.895063
0.848146	0.235782	0.481378
0.0136367	0.73273	0.685283
0.866888	0.0105262	0.505857
0.844592	0.170729	0.518831
0.891626	0.180237	0.44253
0.3931	0.856083	0.396406
0.334647	0.0739028	0.945721
0.826974	0.0950347	0.556247
0.680917	4.0546e-10	0.735149
0.184434	0.155224	0.975745
0.882903	0.101639	0.459004
0.876318	0.484132	0.0913631
0.505973	0.73686	0.453157
0.962648	0.0151983	0.273351
0.296381	0.463184	0.844139
0.409396	0.308067	0.865594
0.944279	0.0764238	0.343999
0.380543	0.835714	0.40884
0.00214469	0.95535	0.364036
0.179969	0.690835	0.708929
0.388019	0.796447	0.476372
0.727898	0.6121	0.342495
0.777897	0.225872	0.589974
0.902172	0.269022	0.357773
0.00678393	0.595496	0.814905
0.65004	0.193838	0.740043
0.183253	0.965776	0.205424
0.298981	0.262214	0.923988
0.632883	0.190962	0.757531
0.259563	0.822347	0.516641
0.00539011	0.473146	0.891684
0.914764	0.193812	0.362597
3.48755e-17	5.09917e-17	1.0089
1.00224	0.00981026	0
1.93953e-14	1.02431	0.0350753
0.195628	0.719385	0.673879
0.934342	0.319294	0.214986
0.264753	0.937971	0.245038
0.281414	0.486726	0.836784
0.854194	0.270166	0.448452
0.602369	0.800437	0.0458356
0.212273	0.556609	0.808851
0.961687	0.245814	0.150528
0.324502	0.253402	0.912604
0.983246	0.0414599	0.196819
0.0998039	0.972261	0.226848
0.276934	0.930568	0.246858
0.22122	0.823187	0.52711
0.315098	0.0195728	0.955954
0.0255082	0.65159	0.771975
0.678667	0.170244	0.73258
0.612297	0.622665	0.490706
0.452475	0.897151	0.119431
0.0158418	0.962407	0.297819
0.709803	0.436419	0.571466
0.590022	0.0181238	0.81004
0.250777	0.906477	0.345557
0.745863	0.463679	0.48202
0.528882	0.383124	0.758505
0.695625	0.00737283	0.722519
0.243735	0.881024	0.409781
0.306508	0.734957	0.608435
0.075321	0.711637	0.707235
0.156333	0.947413	0.336486
0.68635	0.543012	0.497864
0.44657	0.661529	0.629753
1.90019e-14	1.00353	0.0379322
0.47514	0.796574	0.384487
0.48274	0.749199	0.462761
0.381234	0.2344	0.897096
0.088002	0.0672952	0.994862
0.910202	0.303487	0.284438
0.227817	0.0516814	0.981159
0.367056	0.107041	0.928565
0.581575	0.0452724	0.817263
0.993465	0.117946	0.0761948
0.584647	0.471285	0.696942
0.23577	0.728105	0.650117
0.496235	0.226507	0.851242
0.566204	0.0830006	0.82187
0.624976	0.514011	0.626581
0.418652	0.603519	0.681686
0.702072	0.460553	0.54755
0.826636	0.472421	0.30932
0.807493	0.611083	0.0265375
0.394618	0.893507	0.255621
0.137524	0.8517	0.516403
0.968999	0.131752	0.223375
0.110851	0.467355	0.878711
0.908043	0.159803	0.403201
0.84646	0.126227	0.521906
0.864436	0.273406	0.426361
0.656701	0.0168003	0.764816
0.235716	0.499023	0.848596
0.0553414	0.444127	0.897162
0.609554	0.150007	0.791127
0.50601	0.0383903	0.867903
0.501752	0.864095	0.0561848
0.891992	0.447448	0.100351
0.926754	0.290927	0.259992
0.86244	0.406048	0.314507
0.762689	0.577177	0.33102
0.286344	0.889871	0.36782
0.541854	0.596259	0.603781
0.635007	0.630884	0.457841
0.0624339	0.700877	0.718463
0.0288386	0.995163	0.109545
0.490603	0.140078	0.872598
0.536845	0.602325	0.59803
0.115466	0.981778	0.179664
0.616979	0.553164	0.592074
0.466599	0.222293	0.859032
0.424854	0.200284	0.888795
0.350027	0.681118	0.677317
0.732583	0.12824	0.693076
0.459158	0.912893	0.04113
0.339378	0.568968	0.753509
0.76617	0.364977	0.540632
0.325448	0.609601	0.740813
0.782974	0.491826	0.394913
0.661178	0.071816	0.750829
0.248046	0.0261605	0.970364
0.669001	0.421793	0.618648
0.168638	0.357015	0.935807
0.0234706	0.639497	0.777058
0.817791	0.141813	0.571649
0.974456	0.238864	0.056576
0.145488	0.768974	0.643353
0.725569	0.532431	0.448605
0.842527	0.618265	0.00179322
0.979507	0.206943	0.0104369
0.985318	0.19658	0.0326996
0.413427	0.870798	0.273606
0.330517	0.781778	0.538179
0.477589	0.710807	0.52223
0.547058	0.0962747	0.838715
0.35316	0.1666	0.92731
0.904786	0.0908722	0.419032
0.0564621	0.653444	0.765104
0.577596	0.813076	0.131655
0.0922103	0.898286	0.435287
0.83265	0.524971	0.18656
0.0554732	0.689013	0.731575
0.735541	0.537738	0.420821
0.758193	0.351786	0.554114
0.466156	0.598937	0.656562
0.870239	0.210437	0.453193
0.881719	0.475889	0.0211887
0.0313511	0.997449	0.0825699
0.427847	0.845625	0.326694
0.375305	0.675595	0.647319
0.943089	0.178445	0.293983
0.567249	0.743124	0.366995
0.775533	0.282829	0.580327
0.555433	0.830029	0.138157
0.68127	0.521128	0.517435
0.104651	0.983665	0.192308
0.824743	0.369683	0.442691
0.933194	0.181593	0.349295
0.558603	0.834766	0.0916709
0.954433	0.150111	0.26487
0.749727	0.517233	0.445058
0.300914	0.957676	0.00573296
0.669692	0.507204	0.561872
0.739359	0.575443	0.362036
0.802849	0.191601	0.588567
0.899787	0.449122	0.0144478
0.407336	0.136892	0.909384
0.00147228	0.99923	0.0686038
0.474687	0.753109	0.462226
0.268248	0.810291	0.52206
0.408359	0.569621	0.715409
0.951233	0.298611	0.113614
0.185014	0.977889	0.1383
0.445939	0.865528	0.25147
0.177287	0.637843	0.750368
0.565558	0.816097	0.160838
0.187257	0.585471	0.793092
0.951675	0.0299573	0.343258
0.894347	0.449573	0.0660926
0.631997	0.496639	0.614728
0.352359	0.88767	0.353971
0.948222	0.29475	0.174042
0.436269	0.0330992	0.906973
0.148621	0.402112	0.907215
0.515673	0.322001	0.799742
0.311964	0.0890724	0.958246
0.18118	0.948601	0.286913
0.831906	0.426131	0.373809
0.165475	0.440598	0.890593
0.00689406	0.18784	0.986586
0.0344272	0.92018	0.393287
0.0672518	0.0780192	0.997475
0.0946654	0.620659	0.786093
0.130439	0.789588	0.60926
0.803001	0.553987	0.231912
0.371926	0.589416	0.724636
0.0469219	0.369915	0.933572
0.159589	0.396607	0.911842
0.40121	0.633615	0.663311
0.817959	0.561423	0.137272
0.648097	0.773737	0.0620983
0.112285	0.156627	0.983455
0.482846	0.251581	0.842163
0.895877	0.157662	0.473947
0.399238	0.191043	0.91894
0.442553	0.877478	0.268151
0.400395	0.581937	0.711601
0.829999	0.427293	0.373343
0.909137	0.412622	0.0798382
0.0212971	0.400912	0.92514
0.236905	0.332338	0.916884
0.249493	0.950496	0.273892
0.651092	0.702329	0.31448
0.994602	0.0774243	0.117454
0.297456	0.71325	0.646886
0.215758	0.193442	0.96776
0.705141	0.339197	0.635794
0.311146	0.592407	0.757187
0.514375	0.816859	0.324803
0.0444287	0.987105	0.165252
0.045285	0.992714	0.157745
0.126014	0.659768	0.746355
0.417435	0.757547	0.510478
0.360329	0.126783	0.929336
1.91826e-05	1.00454	6.81263e-09
1.01857	0.00844367	0.000271413
0.318383	0.950332	0
5.33314e-17	3.14853e-17	1.01142
0.777286	0.186236	0.618344
0.60034	0.643002	0.490173
0.0810248	0.269603	0.964791
0.177392	0.433322	0.885869
0.890946	0.0646876	0.498206
0.768411	0.645709	0.0661665
0.108394	0.965977	0.242461
0.288433	0.705867	0.653106
0.574403	0.813475	0.16309
0.0888891	0.224033	0.97406
0.165716	0.399753	0.905108
0.541078	0.053343	0.840911
0.367124	0.835154	0.42324
0.337651	0.768105	0.547584
1.00002	0.0740236	0.0618118
0.216016	0.226461	0.9515
0.153268	0.565425	0.816975
0.912069	0.373682	0.214636
0.936533	0.00080206	0.356968
0.782627	0.28846	0.565529
0.152679	0.914599	0.385409
0.142869	0.490026	0.864175
0.972652	0.247799	0.0183235
0.647162	0.162796	0.749886
0.505968	0.454877	0.739757
0.912054	0.346483	0.223342
0.652894	0.537223	0.541376
0.565389	0.206059	0.803054
0.326105	0.948331	0.029895
0.7047	0.652217	0.281205
0.150901	0.517572	0.85246
0.370444	0.905156	0.270249
0.805255	0.583939	0.167498
0.624972	0.750955	0.229671
0.458072	0.73411	0.508448
0.666527	0.228293	0.720034
0.963624	0.102835	0.276857
0.657249	0.0345134	0.760437
0.592333	0.76595	0.309922
0.223212	0.823456	0.527054
0.533029	0.79532	0.293528
0.827149	0.318919	0.4661
0.311509	0.488615	0.82608
0.159429	0.220553	0.966108
0.469641	0.496119	0.734009
0.981322	0.235123	0.108076
0.296009	0.724407	0.632158
0.708988	0.586308	0.401499
0.959804	0.244372	0.176306
0.294812	0.595046	0.753759
0.209362	0.928161	0.328874
0.594907	0.510769	0.628708
0.0212652	0.602651	0.804733
0.116039	0.971998	0.239843
0.977421	0.122104	0.192083
0.83831	0.54644	0.0919733
0.0427751	0.643595	0.767563
0.228287	0.681407	0.711425
0.614378	0.154549	0.778363
0.0443162	0.97806	0.231297
0.883208	0.358033	0.329406
0.643623	0.260575	0.724115
0.945281	0.0131222	0.332534
0.905033	0.370799	0.301336
0.728144	0.617834	0.321324
0.240009	0.921643	0.329186
0.338163	0.42393	0.85031
0.546784	0.173439	0.831346
0.717574	0.590444	0.377211
0.270458	0.958189	0.114304
0.29004	0.478336	0.832969
0.118214	0.987135	0.15811
0.763935	0.391669	0.518293
0.47393	0.671185	0.586191
0.434409	0.527362	0.734107
0.342695	0.93889	0.102771
0.43564	0.902783	0.0864425
0.0628052	0.944968	0.337778
0.26121	0.851331	0.460728
0.30551	0.744204	0.599767
0.00436588	0.717391	0.701239
0.477911	0.0269608	0.87958
0.193913	0.31231	0.934369
0.898837	0.307862	0.335534
0.920189	0.0991672	0.390059
0.772637	0.296166	0.569835
0.76262	0.471304	0.450015
0.361801	0.872806	0.34764
0.994003	0.146071	0.0229683
0.567919	0.804293	0.199972
0.0683039	0.629085	0.776696
0.191255	0.468049	0.872736
0.819784	0.376143	0.442836
0.00791741	0.660067	0.760082
0.800139	0.134609	0.58971
0.59896	0.492845	0.644768
0.636948	0.623466	0.524017
0.943463	0.303206	0.140176
0.119119	0.990375	0.130879
0.34795	0.791536	0.506934
0.926837	0.383743	0.0228395
0.357142	0.149607	0.924177
0.872494	0.0940415	0.493599
0.749345	0.628859	0.249271
0.46453	0.0805635	0.882637
0.422344	0.897235	0.145084
0.953644	0.305695	0.122068
0.00435612	0.212211	0.983319
0.939043	0.285698	0.20414
0.743487	0.670706	0.0427069
0.31493	0.532655	0.79054
0.852051	0.322942	0.413678
0.0541295	0.840961	0.555578
0.18223	0.482564	0.873452
0.519565	0.331139	0.790208
0.723473	0.355115	0.598564
0.809019	0.0456399	0.588927
0.390964	0.128979	0.92461
0.886182	0.140433	0.451826
0.795697	0.0857509	0.604514
0.618493	0.743169	0.289237
0.117401	0.402671	0.911558
0.629869	0.0099312	0.811897
0.792412	0.614584	0.19147
0.0352125	0.774095	0.640753
0.717179	0.673638	0.18478
0.739519	0.0690677	0.692799
0.535439	0.74072	0.417377
0.424161	0.461964	0.78231
0.816771	0.443528	0.372475
0.832385	0.320938	0.455656
0.79331	0.556862	0.257777
0.0961797	0.336424	0.944517
0.0967654	0.447262	0.89267
0.489924	0.699683	0.536282
0.558061	0.203388	0.808455
0.737422	0.618853	0.296911
0.528323	0.1285	0.840948
0.249583	0.0305262	0.971893
0.451807	0.893789	0.000960884
0.480236	0.879276	0.0104711
0.0178797	0.871023	0.50204
0.10131	0.726907	0.684586
0.429785	0.885284	0.202348
0.0120229	1.00234	0.0864435
0.225275	0.238524	0.948489
0.56758	0.82571	0.159347
0.72029	0.573725	0.396306
0.942136	0.131691	0.317231
0.493295	0.66101	0.575052
0.708862	0.179296	0.683082
0.875723	0.195385	0.469252
0.861169	0.105329	0.511255
0.0501281	0.542256	0.842251
0.990462	0.00582292	0.149796
0.278359	0.00318981	0.965648
0.345956	0.107886	0.939339
0.686636	0.278587	0.673034
0.647982	0.157248	0.752982
0.513537	0.847013	0.162221
0.673298	0.611609	0.429321
0.32442	0.459404	0.837443
0.696776	0.5416	0.473076
0.242746	0.389027	0.89895
0.75721	0.532454	0.410125
0.0271656	0.774541	0.640853
0.810457	0.569589	0.176153
0.623557	0.566425	0.557747
0.409298	0.864542	0.300945
0.318884	0.803704	0.52194
0.818145	0.315447	0.483367
0.690451	0.723764	0.0936746
0.451894	0.605532	0.671886
0.518753	0.503126	0.708916
0.946323	0.0114873	0.342259
0.257533	0.883016	0.409699
0.847763	0.343222	0.436891
0.400698	0.786626	0.473231
0.901831	0.412947	0.140302
0.25285	0.322489	0.920356
0.551741	0.781382	0.30617
0.0733222	0.416073	0.911307
0.784295	0.432528	0.456901
0.814668	0.550141	0.261442
0.813802	0.0402821	0.592688
0.794779	0.085652	0.605732
0.672536	0.610916	0.433864
0.200169	0.45839	0.881391
0.878418	0.283051	0.393085
0.67775	0.738153	0.114269
0.854934	0.153784	0.511885
0.375762	0.380178	0.847465
0.988457	0.256598	0.000272111
0.381585	0.932377	0.117963
6.12497e-17	5.1077e-33	1.00028
1.00498	8.38063e-17	4.23518e-05
0.00690567	1.00539	0
0.384308	0.183976	0.91492
0.29372	0.839909	0.50087
0.152932	0.985552	0.0888889
0.930152	0.37163	0.0334114
0.306217	0.738747	0.609329
0.058171	0.748182	0.682481
0.0789995	0.976878	0.221897
0.703256	0.671131	0.269315
0.895812	0.326112	0.316653
0.580684	0.815132	0.0607984
0.0663833	0.948451	0.335231
0.286395	0.844274	0.45714
0.516046	0.340963	0.817847
0.28295	0.940799	0.272602
0.440601	0.62217	0.657987
0.924343	0.22073	0.352357
0.197757	0.412037	0.901765
0.886296	0.459151	0.0781354
0.208399	0.492101	0.846056
0.589917	0.501728	0.636528
0.668065	0.639639	0.388884
0.990205	0.100049	0.151647
0.0707719	0.99884	0.00336991
0.539324	0.812189	0.237238
0.682729	0.725443	0.11321
0.429775	0.633042	0.645001
0.0126742	0.898083	0.442671
0.00573024	0.866106	0.516998
0.0250882	0.727749	0.688239
0.632468	0.112806	0.770425
0.690915	0.229396	0.704877
0.461083	0.07564	0.886517
0.364787	0.717897	0.594175
0.875678	0.320579	0.372715
0.150117	0.967407	0.243485
0.0919488	0.990853	0.140412
0.71302	0.171505	0.696976
0.357441	0.607838	0.711411
0.951433	0.10473	0.292816
0.334157	0.0355333	0.945692
0.406673	0.317569	0.871141
0.90369	0.447207	0.0427115
0.720081	0.134516	0.696198
0.970988	0.124962	0.213563
0.770014	0.47827	0.427643
0.755042	0.627626	0.208873
0.31463	0.507921	0.825428
0.688475	0.116012	0.721836
0.744322	0.10278	0.677028
0.568372	0.819198	0.124884
0.450703	0.88796	0.0992045
0.231544	0.873402	0.446005
0.227824	0.859371	0.474657
0.454094	0.349433	0.852222
0.478719	0.419198	0.775844
0.623475	0.765255	0.194775
0.0512196	0.0264921	0.999469
0.17641	0.256961	0.954923
0.648608	0.662009	0.384056
0.37604	0.680497	0.639742
0.402507	0.359305	0.842096
0.292834	0.691481	0.665507
0.194589	0.83604	0.526023
0.342098	0.403343	0.857984
0.582106	0.793045	0.197942
0.710706	0.383762	0.599173
0.733386	0.674757	0.206685
0.125931	0.85634	0.514081
0.088039	0.687259	0.733595
0.189594	0.2056	0.964364
0.181837	0.146451	0.97504
0.906931	0.079107	0.416081
0.715185	0.698625	0.131951
0.642394	0.213445	0.744505
0.166122	0.418918	0.895597
0.144473	0.956021	0.263196
0.266508	0.617155	0.757224
0.743566	0.247061	0.63119
0.787827	0.473583	0.396898
0.753926	0.441687	0.497256
0.842216	0.0594141	0.543103
0.159239	0.968187	0.197428
0.474398	0.149878	0.867849
0.964095	0.277461	1.67796e-05
0.491765	0.541307	0.694055
0.0685472	0.197076	0.986526
0.349077	0.282636	0.916258
0.659329	0.757895	0.111279
0.506081	0.58114	0.646905
0.419783	0.914016	0.0495118
0.926798	0.00301743	0.381066
0.799443	0.162762	0.585576
0.872685	0.513306	0.017574
0.643573	0.523072	0.560534
0.331167	0.263724	0.928608
0.787145	0.0837029	0.617644
0.0319842	0.884291	0.480977
0.244379	0.713878	0.668712
0.832787	0.398672	0.409122
0.326729	0.789453	0.536516
0.987824	0.0869364	0.164421
0.465275	0.0625641	0.890261
0.613613	0.774056	0.16528
0.257736	0.245725	0.936163
0.633436	0.149592	0.764539
0.126807	0.125923	0.988221
0.575886	0.72053	0.400197
0.601084	0.483907	0.648572
0.837111	0.39351	0.436652
0.82639	0.48392	0.292934
0.390311	0.655324	0.6521
0.374521	0.199786	0.911487
0.507669	0.379577	0.784937
0.396737	0.780774	0.494629
0.397552	0.782379	0.487009
0.399516	0.390028	0.834069
0.248882	0.236511	0.94109
0.135706	0.0705567	0.988778
0.270652	0.584989	0.774714
0.414271	0.321217	0.852266
0.321935	0.519714	0.804218
0.459877	0.847469	0.304516
0.821552	0.481086	0.324379
0.51885	0.614453	0.613352
0.388671	0.142516	0.926673
0.122671	0.0912792	0.988475
0.117659	0.314141	0.947007
0.981299	0.0981999	0.172473
0.523564	0.84957	0.176707
1.00026	0.0479318	0.0300995
0.275444	0.641189	0.722446
0.897774	0.0219133	0.442607
0.104859	0.88191	0.467318
0.00169542	0.587601	0.812791
0.407719	0.753049	0.527477
0.199394	0.552237	0.812137
0.94005	0.0229452	0.35431
0.978677	0.0544004	0.215607
0.889529	0.449946	0.120937
0.672635	0.343154	0.680386
0.446678	0.435569	0.79386
0.190548	0.652363	0.744826
0.871159	0.198283	0.469853
0.546687	0.800935	0.25239
0.237904	0.529971	0.833149
0.17114	0.983959	0.0999079
0.544475	0.567698	0.635728
0.0273509	0.935126	0.366445
0.109317	0.527614	0.845293
0.554866	0.290913	0.789003
0.507933	0.234469	0.832083
0.337993	0.778982	0.533222
0.806695	0.421785	0.420439
0.947462	0.104293	0.309221
0.654581	0.227809	0.726296
0.193405	0.664331	0.738145
0.768694	0.602284	0.254165
0.495234	0.574806	0.653548
0.549541	0.829852	0.144246
0.619207	0.463811	0.745537
0.763184	0.0671663	0.656018
0.606416	0.758728	0.260217
0.322316	0.763206	0.567281
0.253402	0.226344	0.949782
0.798921	0.114414	0.592867
0.178601	0.97967	0.128865
0.340427	0.945582	0.0245749
0.914768	0.366799	0.176633
0.738192	0.28175	0.622607
0.33222	0.708232	0.627291
0.85161	0.157022	0.516903
0.0371702	0.917981	0.406542
0.844798	0.0604444	0.539426
0.552504	0.804783	0.237539
0.561787	0.633286	0.576795
0.104861	0.88192	0.467066
0.451611	0.239815	0.863303
0.260762	0.0727029	0.971338
0.993639	0.147771	0.0695647
0.817922	0.0114512	0.577196
0.708435	0.702065	0.131635
0.213273	0.82428	0.550945
0.606845	0.0416834	0.798981
0.63852	0.269517	0.724761
0.35226	0.905029	0.298659
0.890616	0.295988	0.353195
0.343943	0.307072	0.891971
0.281105	0.911036	0.317664
0.728824	0.544932	0.420306
0.462008	0.52803	0.714689
0.801539	0.136689	0.590004
0.242168	0.593324	0.786242
3.09614e-32	6.12708e-17	1.00063
5.23833e-14	1.00271	0.000267179
1.01516	0.000545812	0.000281902
2.39546e-17	5.72003e-17	1.01276
0.955499	0.295015	7.62976e-17
0.969259	0.146345	0.202384
0.0367326	0.989405	0.20568
0.599342	0.764249	0.281188
0.675874	0.550441	0.533464
0.23481	0.204578	0.959567
0.0886888	0.454871	0.895215
0.184034	0.456985	0.877853
0.242094	0.573458	0.78963
0.536514	0.16657	0.832896
0.999427	0.0992962	0.067523
0.35872	0.916657	0.191501
0.87604	0.314119	0.3789
0.79625	0.197753	0.585683
0.00699905	0.867265	0.542443
0.456601	0.885354	0.0960092
0.509494	0.445485	0.743803
0.188644	0.938801	0.291672
0.198899	0.508093	0.843587
0.812066	0.0277595	0.592983
0.304345	0.924168	0.307045
0.0238471	0.642331	0.77282
0.661848	0.0859305	0.750458
0.738909	0.629833	0.269294
0.914696	0.398284	0.0824537
0.348072	0.843168	0.417234
0.0762318	0.189295	0.980571
0.720962	0.337008	0.606012
0.126623	0.776957	0.635431
0.182981	0.0796751	0.981204
0.194558	0.483117	0.857332
0.0990852	0.932058	0.35941
0.934743	0.253044	0.305592
0.518049	0.856862	0.0231453
0.868148	0.00766109	0.504427
0.758254	0.0183738	0.662569
0.190831	0.473863	0.861899
0.430999	0.170484	0.887516
0.103268	0.438193	0.904129
0.871613	0.497795	0.0613342
0.0119455	0.177421	0.990298
0.142458	0.959315	0.249782
0.743932	0.656527	0.168416
0.49528	0.101682	0.865485
0.281144	0.928547	0.251804
0.64172	0.150061	0.757344
0.397283	0.680757	0.618928
0.940991	0.306795	0.143273
0.302438	0.877846	0.384423
0.613073	0.795121	0.0862709
0.565869	0.729483	0.394225
0.609943	0.786387	0.150709
0.450003	0.589066	0.692867
0.898901	0.2648	0.35463
0.753956	0.646684	0.12857
0.728789	0.683149	0.184682
0.0449845	0.752466	0.660066
0.788155	0.617193	0.00620975
0.623761	0.145862	0.778988
0.979623	0.134993	0.16294
0.945377	0.321378	0.077341
0.6191	0.000317936	0.806354
0.944789	0.294722	0.143266
0.828436	0.116174	0.550611
0.905314	0.403197	0.17864
0.251148	0.333624	0.910451
0.364853	0.932024	0.0441962
0.858317	0.280141	0.435136
0.582873	0.748783	0.323533
0.236076	0.559203	0.795466
0.83909	0.49701	0.23726
0.416855	0.782439	0.481651
0.578475	0.693145	0.440785
0.947472	0.194832	0.261698
0.951727	0.237304	0.217418
0.680568	0.381351	0.629717
0.922834	0.4273	0.0362741
0.32738	0.950242	0.0134092
0.657335	0.61617	0.439391
0.204255	0.948262	0.249827
0.231485	0.803711	0.549624
0.259517	0.229026	0.945947
0.638819	0.095151	0.77048
0.605497	0.771038	0.23471
0.0707947	0.021673	0.99907
0.892824	0.349354	0.296761
0.410145	0.0382243	0.932267
0.929671	0.365533	0.0703579
0.152208	0.21535	0.971076
0.460758	0.60017	0.655635
0.185671	0.256207	0.952727
0.0648929	0.749593	0.682001
0.819621	0.504152	0.302742
0.224064	0.857402	0.467552
0.703531	0.414762	0.578217
0.884989	0.274755	0.401515
0.58941	0.817337	0.0390237
0.2988	0.155379	0.943488
0.387464	0.85952	0.342224
0.566989	0.825717	0.0149977
0.422402	0.832669	0.367436
0.115589	0.926108	0.363942
0.684442	0.089318	0.732792
0.844215	0.525506	0.157456
0.542541	0.706698	0.487152
0.149	0.848639	0.519978
0.0515554	0.695263	0.733465
0.282248	0.422861	0.869578
0.366581	0.0688916	0.929564
0.295304	0.241495	0.934877
0.244214	0.139152	0.972749
0.757848	0.525291	0.40592
0.398958	0.683626	0.615254
0.554308	0.49472	0.673439
0.37875	0.7344	0.564232
0.40474	0.211596	0.917216
0.58709	0.71358	0.393171
0.467187	0.625255	0.630031
0.246074	0.687998	0.686071
0.218802	0.410693	0.892024
0.250305	0.658693	0.719923
0.317414	0.0609155	0.948791
0.773113	0.0733269	0.639925
0.0567436	0.977275	0.210871
0.487183	0.609517	0.629924
0.109743	0.597098	0.795607
0.463915	0.580283	0.673402
0.546558	0.66895	0.508015
0.175374	0.982599	0.123358
5.05897e-16	1.00114	0.00305843
0.154493	0.589901	0.812778
0.177843	0.974212	0.152411
0.813673	0.35377	0.490926
0.482452	0.687122	0.557696
0.471858	0.888387	0.0527705
0.285492	0.488977	0.832364
0.527384	0.69137	0.500297
0.693175	0.35586	0.628955
0.420769	0.0392144	0.92275
0.283276	0.375997	0.890498
0.284575	0.95964	0.0274417
0.922648	0.182237	0.346384
0.29442	0.43466	0.855762
0.266632	0.503583	0.83047
0.138681	0.898202	0.422708
0.647481	0.0483004	0.76453
0.854148	0.212133	0.513063
0.951179	0.224968	0.234004
0.765516	0.333327	0.564907
0.366565	0.674102	0.670306
0.172585	0.967692	0.214486
0.429224	0.827277	0.36636
0.475918	0.666565	0.581755
0.346124	0.87827	0.331079
0.163964	0.0483008	0.991087
0.00458032	0.543272	0.845838
0.700379	0.421078	0.578588
0.33349	0.0421215	0.943584
0.80361	0.495568	0.33623
0.753372	0.646732	0.125469
0.996903	0.0526388	0.106234
0.598399	0.369019	0.718274
0.746716	0.326311	0.597455
0.671375	0.0594786	0.740745
0.694968	0.709906	0.159336
0.835517	0.394151	0.401319
0.232596	0.560663	0.795471
0.858054	0.262683	0.455053
0.634088	0.129455	0.785271
0.112917	0.360687	0.938845
0.734379	0.056611	0.682978
0.209678	0.922829	0.328707
0.649077	0.636921	0.466723
0.337338	0.813196	0.478599
0.987181	0.161824	0.051345
0.342385	0.811079	0.478596
0.474509	0.609668	0.648951
0.226022	0.602996	0.781383
0.497415	0.30963	0.823818
0.546437	0.298932	0.784579
0.312432	0.0594555	0.949549
0.512738	0.699463	0.500765
0.831833	0.327065	0.451019
0.171988	0.964345	0.227493
0.261913	0.679131	0.702806
0.92183	0.344682	0.18159
0.273728	0.816856	0.530492
0.0181442	0.906278	0.428602
0.459073	0.543753	0.705336
0.735442	0.312482	0.608475
0.371833	0.908599	0.207106
