6.11446e-17	7.93455e-18	1.00694
3.1765e-15	1.0021	0.00491208
6.13009e-17	3.37685e-29	1.00112
0.557397	0.83258	0
0.0895811	0.902754	0.430297
0.0440706	0.356134	0.939033
0.851304	0.00442275	0.563326
0.906124	0.196322	0.384253
0.914393	0.0486511	0.408413
0.733319	0.560713	0.415211
0.167444	0.209123	0.967353
0.331954	0.944265	0.128309
0.353693	0.821365	0.472399
0.593437	0.809805	0.035214
0.749031	0.569243	0.375439
0.991436	0.095496	0.120771
0.550175	0.766337	0.362611
0.554634	0.278558	0.788987
0.709164	0.689339	0.214645
0.477962	0.0899816	0.881295
0.612866	0.545588	0.575353
0.447321	0.625871	0.664236
0.756481	0.582245	0.311705
0.653035	0.0368567	0.774835
0.391579	0.552914	0.756517
0.762481	0.464107	0.459803
0.098344	0.597286	0.808215
0.798168	0.297841	0.529349
0.567044	0.40061	0.720636
0.000837586	0.998074	0.107448
0.306803	0.952275	0.140085
0.506582	0.840418	0.207393
0.960799	0.0458797	0.280657
0.872675	0.189201	0.484416
0.373614	0.215767	0.906718
0.0604275	0.287371	0.95816
0.274606	0.752562	0.605222
0.225027	0.651306	0.734545
0.0729973	0.683672	0.729006
0.802148	0.450114	0.393884
0.243269	0.700327	0.679837
0.178466	0.147769	0.974102
0.849312	0.172843	0.500708
0.920881	0.380407	0.119348
0.301622	0.67856	0.673586
0.468878	0.703203	0.53602
0.603699	0.800381	0.0636274
0.891647	0.336334	0.327432
0.0251994	0.709789	0.708889
0.898424	0.440889	0.0696533
0.597896	0.474123	0.649765
0.721178	0.314236	0.625857
0.234849	0.936278	0.264225
0.324042	0.0218802	0.946665
0.484429	0.265869	0.843464
0.203386	0.967226	0.16072
0.773723	0.638034	0.0081395
0.335286	0.917601	0.216401
0.525076	0.0818764	0.850229
0.53799	0.723041	0.443105
0.208433	0.623884	0.769672
0.974369	0.183436	0.167449
0.423385	0.166874	0.897846
0.501579	0.442584	0.755068
0.779888	0.226218	0.590884
0.71366	0.629607	0.316678
0.258737	0.854181	0.455784
0.834508	0.0175718	0.552572
0.155822	0.480413	0.868929
0.183733	0.658963	0.748165
0.742127	0.0133973	0.684353
0.792036	0.100331	0.611921
0.292778	0.534405	0.816313
0.746661	0.593634	0.33155
0.880816	0.503433	0.0196104
0.361566	0.737135	0.596074
0.0120689	0.420875	0.914799
0.133779	0.0183641	0.992249
0.878217	0.487517	0.0516115
0.946143	0.116939	0.305708
0.670356	0.417101	0.622091
0.82934	0.540343	0.189462
0.339979	0.682404	0.655107
0.338081	0.746314	0.578705
0.939289	0.054919	0.345908
0.358591	0.205752	0.921549
0.628543	0.73806	0.25965
0.317911	0.385896	0.871631
0.218811	0.645058	0.74495
0.767251	0.307105	0.57577
0.681513	0.389521	0.633842
0.565296	0.0746781	0.83615
1.55244e-14	0.718735	0.69696
0.0296345	0.709583	0.708854
0.951041	0.116172	0.290032
0.263568	0.144491	0.958358
0.121523	0.0758369	0.991207
0.788587	0.348384	0.546755
0.720455	0.261653	0.643474
0.109518	0.300135	0.950546
0.509924	0.391092	0.779046
0.378054	0.66368	0.662383
0.366547	0.669724	0.662093
0.15727	0.774368	0.617638
0.890428	0.452608	0.0911414
0.78442	0.620408	0.111606
0.540655	0.200958	0.824049
0.696792	0.614837	0.371454
0.976003	5.37646e-13	0.223179
0.691266	0.0665834	0.72081
0.103801	0.130144	0.987908
0.348317	0.222349	0.921123
0.825483	0.53783	0.220811
0.83873	0.329684	0.443088
0.127106	0.97676	0.23943
0.109499	0.137289	0.986329
0.63329	0.506518	0.587645
0.148442	0.783969	0.623674
0.843818	0.467474	0.271484
0.0111122	0.872874	0.509753
0.851857	0.0806442	0.520491
0.868639	0.435323	0.301113
0.0867915	0.373266	0.928624
0.531677	0.199172	0.824685
0.900758	0.26925	0.350027
0.876326	0.493125	0.0535288
0.724179	0.295805	0.62846
0.0523376	0.353525	0.93518
0.925865	0.343221	0.179093
0.399642	0.857629	0.343206
0.656261	0.757365	0.0233849
0.0813504	0.406131	0.911566
0.860617	0.106369	0.503436
0.575372	0.775651	0.265544
0.519889	0.0686797	0.854574
0.547722	0.818911	0.202494
0.362368	0.727341	0.589957
0.493573	0.115688	0.871816
0.451319	0.231722	0.877373
0.255073	0.158708	0.957853
0.559364	0.524668	0.643828
0.622033	0.74552	0.254146
0.873252	0.177715	0.483441
0.0789238	0.0611277	0.996822
0.409169	0.577751	0.744688
0.319399	0.611491	0.732359
0.993571	0.127048	0.0256046
0.623923	0.0729888	0.795771
0.231201	0.705191	0.687126
0.44795	0.590095	0.679363
0.936146	0.220241	0.286309
0.0848271	0.423488	0.903107
0.463017	0.880869	0.136173
0.645224	0.756432	0.25247
0.0463896	0.999865	0.0750042
0.124588	0.41484	0.911213
0.464607	0.883894	0.133373
0.587474	0.70656	0.404224
0.938242	0.366861	0.0825973
0.42669	0.88898	0.180232
0.428449	0.327603	0.863034
0.286759	0.82562	0.517445
0.297815	0.67407	0.680178
0.85153	0.528771	0.0311028
0.862456	0.257801	0.437874
0.431642	0.896461	0.152304
0.77155	0.64873	0.0161752
0.618118	0.46559	0.647047
0.431725	0.896634	0.142101
0.27005	0.564861	0.785117
0.703379	0.562577	0.438529
0.192874	0.986763	0.0348919
0.156581	0.515491	0.848766
0.232044	0.684068	0.705169
0.458046	0.350233	0.827447
0.568082	0.75316	0.340861
0.383269	0.898095	0.225536
0.0194727	0.534469	0.850008
0.627661	0.245807	0.739975
0.390978	0.254735	0.890759
0.929858	0.242696	0.309005
0.666568	0.156751	0.748878
0.816525	0.192098	0.549443
0.932025	0.0463835	0.39961
0.82637	0.458735	0.36
0.738594	0.041869	0.693366
0.728736	0.565183	0.390467
0.470852	0.0164862	0.88686
0.581354	0.461005	0.676111
0.849078	0.161719	0.508412
0.456098	0.874008	0.232346
0.611392	0.790547	0.176911
0.666912	0.27276	0.705753
0.607491	0.350835	0.723559
0.209785	0.00196569	0.989503
6.12423e-17	1.31394e-28	1.00016
1.05966	0.000667547	0.00147999
8.88115e-26	6.1238e-17	1.00009
0.520276	0.858856	0
3.28981e-17	5.31833e-17	1.02129
0.572278	0.666024	0.492396
0.108381	0.341901	0.94038
0.0221783	0.994557	0.203474
0.833097	0.303048	0.464327
0.635582	0.476416	0.616482
0.0112269	0.456997	0.903593
0.464978	0.0756924	0.885997
0.135006	0.223582	0.966395
0.853838	0.350616	0.4307
0.706938	0.283741	0.660995
0.214775	0.982749	0.0722338
0.334347	0.943842	0.0507627
0.239618	0.84867	0.47928
0.452151	0.886544	0.116473
0.955513	0.310998	0.0216869
0.97512	0.0148822	0.247611
0.159851	0.0952122	0.985807
0.72022	0.230098	0.667855
0.85077	0.420377	0.319491
0.354822	0.547929	0.763071
0.821164	0.0036419	0.581461
0.311141	0.117646	0.951934
0.251669	0.714889	0.672994
0.769746	0.210688	0.608734
0.847123	0.408554	0.34285
0.393737	0.892637	0.255833
0.144639	0.561881	0.827327
0.950104	0.313828	0.0258988
0.386954	0.731299	0.586869
0.204092	0.841999	0.5106
0.736452	0.439103	0.520986
0.55207	0.801895	0.271249
0.677149	0.495973	0.546216
0.582609	0.739276	0.346746
0.736825	0.0676354	0.697616
0.477254	0.566945	0.686178
0.263284	0.961417	0.102292
0.80587	0.134938	0.599695
0.763261	0.574048	0.298066
0.702162	0.623148	0.360427
0.242924	0.957728	0.186904
0.05699	0.122502	0.994078
0.00863013	0.362241	0.93361
0.175617	0.331897	0.932448
0.0272772	0.990936	0.141453
0.727813	0.554916	0.405007
0.182651	0.369876	0.914157
0.78111	0.152622	0.607073
0.883026	0.107973	0.502181
0.812477	0.242419	0.536117
0.878139	0.272018	0.414932
0.298662	0.95657	0.138382
0.894823	0.109415	0.445979
0.15244	0.57052	0.813691
0.799925	0.26232	0.55437
0.593384	0.293199	0.751568
0.0960864	0.318275	0.95978
0.0470476	0.899234	0.471639
0.665338	0.487249	0.569597
0.224288	0.839418	0.501906
0.224513	0.937344	0.286308
0.966019	0.202225	0.185298
0.927052	0.0219003	0.457788
0.776912	0.167927	0.616899
0.384989	0.901685	0.212694
0.869514	0.289989	0.417043
0.219305	0.974338	0.0770603
0.602992	0.078103	0.803827
0.918975	0.323389	0.241828
0.156327	0.725977	0.680063
0.437706	0.700253	0.565144
0.91026	0.248596	0.364172
0.731445	0.57967	0.371421
0.275607	0.9072	0.330675
0.060954	0.235613	0.977329
0.741078	0.254397	0.629872
0.581222	0.811816	0.159279
0.404221	0.821978	0.42742
0.394832	0.184069	0.908168
0.489689	0.607265	0.627109
0.359958	0.668797	0.653091
0.254941	0.921061	0.29827
0.283639	0.174662	0.953261
0.756485	0.146284	0.63887
0.998317	0.08623	0.0120395
0.782287	0.588358	0.289519
0.288057	0.934737	0.230794
0.996445	0.00502103	0.123205
0.198007	0.722622	0.665162
0.674602	0.508734	0.553254
0.452526	0.779873	0.472263
0.113016	0.213588	0.971859
0.126271	0.631149	0.775471
0.503093	0.868528	0.00717075
5.71198e-17	2.53479e-17	1.02056
0.10951	0.206962	0.977721
0.0766043	0.913135	0.416928
0.752606	0.577363	0.330821
0.618984	0.40007	0.689994
0.0899231	0.32017	0.954919
0.412469	0.278643	0.871896
0.988645	0.16376	0.138383
0.616591	0.779516	0.130567
0.469558	0.860689	0.222616
0.544552	0.187232	0.834338
0.304974	0.491002	0.842124
0.657748	0.747847	0.210824
0.182384	0.348477	0.921312
0.239001	0.395808	0.891977
0.734481	0.674454	0.0862137
0.905677	0.252746	0.352867
0.723196	0.602006	0.34664
0.600192	0.803281	0.0663523
0.118597	0.433139	0.89714
0.805249	0.563982	0.231972
0.501716	0.634156	0.592686
0.562244	0.121189	0.823383
0.630157	0.0102985	0.778902
0.917423	0.245448	0.314136
0.608841	0.690662	0.436242
0.675285	0.412641	0.620858
0.933249	0.249682	0.312926
0.032477	0.967248	0.2798
0.432526	0.360026	0.850409
0.670178	0.520036	0.547528
1.09548e-09	0.755364	0.655449
0.375237	0.740237	0.588677
0.748277	0.648358	0.146659
0.668178	0.68552	0.304775
0.653483	0.769591	0.0596658
0.991457	0.0472761	0.164823
0.560533	0.128678	0.823321
0.641063	0.445407	0.627512
0.811908	0.175002	0.578267
0.0711039	0.478339	0.879308
0.0459217	0.877716	0.513586
0.629529	0.438454	0.646043
0.606109	0.0309666	0.807587
0.650166	0.258151	0.727044
0.392063	0.763506	0.531189
0.0137865	0.830608	0.560885
0.87063	0.275341	0.421626
0.0374278	0.148578	0.989595
0.248055	0.691535	0.687603
0.897486	0.143979	0.424139
0.786004	0.606526	0.136469
0.759118	0.151453	0.634888
0.162992	0.595803	0.796678
0.259259	0.0547114	0.969455
0.367086	0.436376	0.851743
0.940551	0.274515	0.206706
0.840139	0.5495	0.0411763
0.924262	0.330152	0.205167
0.493655	0.0283777	0.869705
0.272459	0.957116	0.10212
0.26532	0.879725	0.406615
0.631608	0.48341	0.6173
0.329804	0.528296	0.789271
0.335757	0.814067	0.49341
0.325527	0.615591	0.721303
0.126425	0.616048	0.786893
0.149835	0.645828	0.756172
0.209576	0.641347	0.746108
0.611118	0.775451	0.176391
0.560608	0.0368043	0.831901
0.370275	0.751858	0.559438
0.0859323	0.101811	0.992683
0.349572	0.785206	0.531943
0.165152	0.639801	0.753652
0.643429	0.752565	0.22515
0.534267	0.00607083	0.858979
0.112589	0.373484	0.928446
0.131631	0.366964	0.922696
0.608523	0.673071	0.44259
0.693133	0.450213	0.565635
0.989015	0.163595	0.0411176
0.525203	0.85125	0.0302744
0.318417	0.535108	0.789131
0.598042	0.800403	0.0928415
0.127824	0.507245	0.862929
0.794769	0.594003	0.174652
0.0173205	0.832497	0.555826
0.095516	0.137306	0.987755
0.925872	0.0553424	0.387288
0.683468	0.199041	0.729782
0.527586	0.260688	0.818531
0.16236	0.628985	0.769057
0.422045	0.808354	0.425509
0.99747	0.0713693	3.68859e-17
8.5394e-32	6.12802e-17	1.00078
6.12667e-17	7.5959e-29	1.00056
0.703378	0.665725	0.278464
0.086489	0.881609	0.473736
0.959	0.107809	0.268557
0.254112	0.966235	0.0705966
0.968551	0.0043077	0.254006
0.85374	0.112448	0.521654
0.0810725	0.723745	0.693867
0.480229	0.551073	0.684003
0.503794	0.018695	0.865866
0.00867024	0.217734	0.98914
0.329729	0.621864	0.737449
0.620445	0.447139	0.645404
0.0348817	0.934593	0.381217
0.786785	0.21715	0.585938
0.976016	0.0772741	0.220214
0.0731346	0.0106313	0.999341
0.564497	0.813627	0.173542
0.75416	0.142626	0.67517
0.921553	0.256781	0.307838
0.665231	0.443522	0.609303
0.644686	0.711878	0.336129
0.71765	0.691043	0.113917
0.493011	0.56574	0.662027
0.60338	0.800606	0.0861874
0.542049	0.301195	0.786656
0.297441	0.086798	0.95885
0.55682	0.0562688	0.84113
0.307717	0.745247	0.603229
0.338142	0.945385	0.0244375
0.696785	0.625243	0.373288
0.808228	0.553651	0.224994
0.191925	0.968886	0.203724
0.541171	0.285884	0.79782
0.173442	0.537176	0.848384
0.878265	0.0433419	0.485098
0.74699	0.388358	0.546273
0.247698	0.299737	0.925118
0.398207	0.885421	0.262421
0.554391	0.253352	0.794556
0.096907	0.706286	0.703493
0.0653533	0.490873	0.874312
0.737388	0.611542	0.299102
0.723973	0.649585	0.243511
0.415577	0.137134	0.911401
0.452855	0.509955	0.753579
0.802852	0.172935	0.591872
0.638536	0.719048	0.28359
0.426486	0.487309	0.76332
0.392002	0.757313	0.527305
0.517957	0.851424	0.128876
0.899372	0.422565	0.139704
0.032089	0.914548	0.405928
0.123538	0.900378	0.425671
0.112274	0.99494	0.0283975
0.367849	0.532952	0.763311
0.533689	0.731867	0.428709
0.286108	0.498201	0.831196
0.141444	0.541786	0.841563
0.832915	0.563246	0.0362121
0.884752	0.440163	0.180446
0.434744	0.733697	0.540214
0.203098	0.981303	0.135036
0.362703	0.840681	0.461553
0.825978	0.0355142	0.618539
0.220818	0.0500518	0.979133
0.975483	0.0290773	0.249007
0.685622	0.599161	0.422545
0.840279	0.508999	0.199093
0.021578	0.905959	0.456829
0.228242	0.922703	0.318089
0.990977	0.0568941	0.146131
0.522123	0.336429	0.79019
0.0153208	0.830603	0.562101
0.26892	0.962585	0.0431784
0.463697	0.868336	0.2893
0.459652	0.799921	0.386567
0.128101	0.941125	0.325044
0.651566	0.758107	0.119028
0.279847	0.515062	0.825021
0.302835	0.31154	0.90467
0.277257	0.481051	0.860149
0.950552	0.31652	0.043283
0.862909	0.0966389	0.497525
0.860269	0.0963432	0.501818
0.317958	0.559273	0.775556
0.373149	0.680412	0.631446
0.166475	0.80435	0.571627
0.130482	0.95099	0.288338
0.913196	0.206403	0.361357
0.150804	0.331326	0.94224
0.874065	0.4549	0.196703
0.407469	0.462277	0.80327
0.412792	0.856873	0.318292
0.0841021	0.467661	0.883983
0.0445947	0.346838	0.938329
0.290818	0.919878	0.268477
0.693916	0.0388496	0.731402
0.645495	0.769916	0.0599701
0.38154	0.836079	0.399057
0.0537821	0.502089	0.869749
0.241366	0.971398	0.0489842
0.361464	0.695623	0.625868
0.357538	0.47775	0.822301
0.184081	0.932627	0.33172
0.0476609	0.370686	0.930322
0.941199	0.343359	0.105305
0.390299	0.923832	0.0619475
0.81125	0.357628	0.490494
0.890185	0.248041	0.39247
0.259677	0.237845	0.944893
0.417101	0.900697	0.146127
0.377992	0.842663	0.395597
0.848936	0.194413	0.504607
0.734433	0.703815	0.00678914
0.357633	0.432768	0.828886
0.435197	0.875157	0.236419
0.934354	0.327357	0.190668
0.532724	0.385447	0.775065
0.846508	0.193857	0.511383
0.874276	0.461852	0.187943
0.236963	0.41114	0.90644
0.251349	0.382604	0.891162
0.236618	0.16001	0.965925
0.213768	0.144129	0.976486
0.93291	0.176432	0.344847
0.591154	0.391065	0.708779
0.817964	0.576087	0.125582
0.530774	0.321915	0.78749
0.0916891	0.363102	0.934623
0.534746	0.234085	0.815286
0.38816	0.590859	0.735914
0.0590885	0.990173	0.129736
0.20041	0.978521	0.162612
0.305056	0.0468462	0.95509
0.595753	0.378601	0.712294
0.159133	0.485079	0.868877
0.793063	0.615828	0.0397923
0.19567	0.791638	0.580702
0.177242	0.897978	0.419385
0.656592	0.794535	0.00105731
0.513585	0.224793	0.842588
0.271054	0.656454	0.713855
0.569764	0.802933	0.259724
0.581042	0.526766	0.637962
0.980242	0.0236754	0.220542
0.776801	0.642737	0.0324478
0.670164	0.276161	0.711672
0.466069	0.921164	0.0162091
0.923656	0.404278	0.0327215
0.787724	0.26606	0.581809
0.46126	0.778446	0.443186
0.964409	0.149853	0.260066
0.364143	0.70078	0.621211
0.61229	0.441572	0.658214
0.758621	0.164901	0.647652
0.736272	0.611529	0.312792
0.263319	0.115685	0.972584
0.546325	0.823392	0.171784
0.34434	0.581126	0.743929
0.685358	0.575626	0.451185
0.0180156	0.914549	0.412535
0.583956	0.365293	0.729334
0.315009	0.560997	0.777106
0.527202	0.49898	0.699557
0.908567	0.398421	0.169121
0.630579	0.649829	0.456462
0.947213	0.17785	0.329822
0.431596	0.833806	0.353529
0.407024	0.715704	0.580946
0.189162	0.200852	0.973276
0.897217	0.0687809	0.438021
0.184974	0.131349	0.981062
0.441122	0.671479	0.596366
0.982119	0.224912	0.0275437
0.821089	0.0485839	0.615385
0.350826	0.504471	0.800981
0.200161	0.967109	0.230856
0.76936	0.614507	0.203092
0.0179514	0.973219	0.242145
0.274647	0.062253	0.964696
0.208009	0.0812523	0.982882
0.760162	0.383182	0.549902
0.0105175	1.00155	0.0959134
0.584478	0.0109952	0.817211
0.33203	0.640714	0.695334
0.600879	0.587407	0.545236
0.919733	0.402561	0.100544
0.167792	0.538386	0.847549
6.0616e-17	1.18661e-17	1.00872
1.16825e-05	1.00117	0
1.00902	0.0362516	0
6.12605e-17	4.36685e-30	1.00046
0.168975	0.979265	0.142343
0.0910134	0.797255	0.606384
0.916759	0.0699416	0.399727
0.556459	0.24246	0.796638
0.594409	0.725691	0.35583
0.803889	0.337008	0.493424
0.88618	0.466523	0.126949
0.877325	0.482117	0.0748303
0.853624	0.524881	0.0290363
0.325295	0.105577	0.943235
0.234377	0.0612579	0.981996
0.0226697	0.701926	0.720266
0.750229	0.599145	0.299664
0.317442	0.859577	0.418134
0.739733	0.0451279	0.682176
0.622469	0.199673	0.758899
0.102573	0.964658	0.25704
0.494495	0.640608	0.596222
0.487542	0.272739	0.839039
0.227939	0.405068	0.88724
0.99453	0.0803166	0.0849622
0.560843	0.73967	0.38757
0.204865	0.878452	0.471882
0.839734	0.444297	0.316359
0.768231	0.401615	0.502513
0.694902	0.653595	0.317659
0.473443	0.78008	0.433734
0.536614	0.51755	0.687368
0.443016	0.285182	0.850531
0.79861	0.608047	0.0452712
0.845382	0.504243	0.206002
0.96549	0.247952	0.191312
0.573904	0.36207	0.736571
0.615039	0.632686	0.478993
0.213067	0.472227	0.866099
0.140087	0.886616	0.458318
0.287867	0.71458	0.649643
0.743238	0.658062	0.226024
0.08119	0.483586	0.878865
0.967975	0.254719	0.108662
0.813474	0.425378	0.427294
0.465397	0.639375	0.613374
0.07127	0.538016	0.842284
0.887372	0.457348	0.116407
0.672773	0.270796	0.690668
0.176085	0.492409	0.857511
0.526269	0.204904	0.830709
0.588537	0.188788	0.788338
0.926828	0.389128	0.0782785
0.547115	0.228132	0.808192
0.918902	0.289613	0.271643
0.726431	0.0497634	0.690412
0.642488	0.0352474	0.767331
0.565404	0.0155467	0.827581
0.0391339	0.814145	0.580522
0.366152	0.736759	0.599787
0.867875	0.459217	0.218225
0.373785	0.681447	0.631294
0.720237	0.670615	0.196197
0.181906	0.317854	0.937829
0.683806	0.156954	0.732112
0.393805	0.921826	0.00899053
0.281542	0.118029	0.953328
0.0178873	0.127281	0.992706
0.432831	0.0119014	0.904124
0.607091	0.75548	0.276771
0.583381	0.228819	0.784595
0.2543	0.965353	0.0979675
0.0999673	0.940155	0.340702
0.0371775	0.437269	0.90715
0.935288	0.116757	0.347444
0.252437	0.958281	0.155287
0.447528	0.0623131	0.897483
0.301074	0.619373	0.72694
0.28985	0.688417	0.668679
0.958579	0.0862738	0.274578
0.108931	0.784888	0.610376
0.274026	0.923804	0.294131
0.786455	0.193841	0.590501
0.301996	0.807752	0.518601
0.0665724	0.986289	0.165079
0.950994	0.267727	0.170813
0.403236	0.915082	0.122179
0.239734	0.54404	0.812209
0.358243	0.812977	0.464007
0.706665	0.206717	0.685427
0.631508	0.124802	0.767651
0.626487	0.623206	0.479702
0.892054	0.355612	0.304667
0.410228	0.264075	0.875273
0.223148	0.888177	0.418437
0.137471	0.992755	0.0155943
0.988132	0.164717	0.0766166
0.383218	0.496451	0.781971
0.6963	0.182813	0.697725
0.0532044	0.0993856	0.996085
0.74682	0.384908	0.553648
0.983717	0.118887	0.163982
0.122639	0.354625	0.933493
0.973648	0.0415609	0.250816
0.635466	0.773451	0.0671082
0.0825926	0.234142	0.971714
0.519549	0.850253	0.124659
0.351274	0.147262	0.925086
0.271449	0.928666	0.281884
0.25024	0.897688	0.367969
0.265956	0.462325	0.849945
0.480728	0.879114	0.0606039
0.0125927	0.378106	0.932623
0.652786	0.760125	0.036344
0.421321	0.849262	0.332504
0.131803	0.974821	0.238833
0.398957	0.256861	0.908368
0.620038	0.54898	0.585325
0.148378	0.972213	0.186396
0.558811	0.077808	0.831929
0.781239	0.343848	0.524325
0.771037	0.431331	0.486288
0.341501	0.58221	0.743471
0.200773	0.959186	0.208213
0.503776	0.868708	0.00152945
0.829173	0.182951	0.548626
0.683213	0.145621	0.738213
0.386683	0.342368	0.880293
0.26365	0.679897	0.708639
0.721536	0.671824	0.187253
0.975226	0.226125	0.00378002
0.314047	0.0513606	0.958299
0.355749	0.694625	0.63605
0.485307	0.591506	0.655336
0.782606	0.328086	0.531643
0.457423	0.792311	0.409108
0.817974	0.144426	0.566332
0.472356	0.541887	0.703521
0.902726	0.440331	0.0402658
0.83916	0.55169	0.0425029
0.602722	0.706435	0.378457
0.0627026	0.38087	0.924832
0.844587	0.428034	0.326277
0.224506	0.398966	0.891661
0.16343	0.971977	0.206269
0.391171	0.763789	0.55962
0.426957	0.0234951	0.914436
0.624314	0.473494	0.638245
0.413054	0.666577	0.63694
0.437787	0.900143	0.0925029
0.647774	0.0268536	0.773147
0.782183	0.092571	0.624887
0.860643	0.511721	0.0748464
0.371818	0.420038	0.864095
0.502348	0.562161	0.658214
0.243979	0.896143	0.378803
0.0581034	0.293856	0.960742
0.716377	0.543317	0.442354
0.192715	0.563643	0.809136
0.36232	0.822229	0.442051
0.71114	0.697798	0.161346
0.647336	0.372496	0.675087
0.111814	0.950741	0.303953
0.89657	0.437328	0.093663
0.85371	0.00579986	0.52519
0.00472705	0.311743	0.956533
0.5863	0.225049	0.78115
0.908465	0.395835	0.163996
0.759054	0.359107	0.572639
0.646049	0.572011	0.540983
0.689615	0.181058	0.702458
0.152178	0.298961	0.947748
0.837644	0.333922	0.448907
0.778449	0.326343	0.538867
0.107253	0.218883	0.988067
0.669139	0.212326	0.718024
0.415571	0.017739	0.918061
0.254759	0.33599	0.912199
0.00263779	0.173959	0.990649
0.378822	0.0161703	0.940319
0.650674	0.261901	0.715477
0.854893	0.158922	0.511068
0.600839	0.710295	0.374033
0.937786	0.308152	0.170095
0.454855	0.0615147	0.899605
0.513621	0.845221	0.180561
0.478753	0.832269	0.284776
0.434162	0.752083	0.509824
0.516564	0.0197533	0.862067
0.865651	0.506654	0.000898172
0.498896	0.580692	0.645585
0.440641	0.90601	0.0389099
0.456115	0.792723	0.408976
0.344098	0.922614	0.178643
0.245149	0.826452	0.513525
1.0186	0.00194517	0.000693605
4.3657e-17	4.52986e-17	1.02743
0.000150363	1.00214	0
6.13029e-17	3.0136e-29	1.00115
1.86532e-26	6.1241e-17	1.00014
0.628862	0.54766	0.573668
0.23109	0.163507	0.96009
0.0908334	0.310731	0.948328
0.585033	0.500588	0.639234
0.0463787	0.200889	0.981654
0.441988	0.581561	0.686214
0.336903	0.109001	0.93688
0.224078	0.910064	0.361814
0.76524	0.411728	0.506579
0.0313925	0.804714	0.596201
0.257648	0.386688	0.891331
0.0216169	0.989229	0.150291
0.896235	0.431862	0.217281
0.637562	0.0516806	0.785988
0.457589	0.869176	0.214085
0.204446	0.980988	0.0568577
0.722095	0.0963208	0.691521
0.888975	0.458571	0.0745942
0.61582	0.638559	0.493559
0.920638	0.155449	0.387573
0.079439	0.25943	0.963357
0.657284	0.1865	0.743768
0.845395	0.555821	0.0501492
0.70244	0.282324	0.656058
0.741617	0.00897312	0.674715
0.663464	0.74072	0.1175
0.565995	0.340667	0.761206
0.801577	0.17893	0.577278
0.4486	0.0645129	0.898206
0.0727851	0.884083	0.477901
0.482489	0.812287	0.345177
0.347079	0.732214	0.607812
0.573909	0.751734	0.381484
0.0584082	0.854773	0.524748
0.986795	0.143298	0.124918
0.0890391	0.0843299	0.998574
0.138019	0.459972	0.878618
0.542843	0.242723	0.837756
0.014699	0.998319	0.0582965
0.41847	0.521262	0.749316
0.516821	0.722371	0.463218
0.913625	0.389806	0.129756
0.684791	0.395624	0.624164
0.962293	0.269214	0.141768
0.459581	0.853545	0.286653
0.108003	0.369467	0.926391
0.294425	0.276147	0.919363
0.492956	0.87691	0.133953
0.785696	0.208852	0.5859
0.868279	0.00602417	0.556798
0.430599	0.0528939	0.909523
0.21263	0.513182	0.844082
1.0015	0.00530929	0.00870881
0.495053	0.845465	0.228576
0.902482	0.246243	0.376156
0.510275	0.767504	0.418872
0.619437	0.78355	0.112813
0.0330914	0.623184	0.782228
0.408471	0.745781	0.529229
0.941389	0.332867	0.0874552
0.163234	0.920203	0.378175
0.650424	0.223537	0.731617
0.816317	0.564786	0.138135
0.283935	0.928481	0.253919
0.676684	0.650908	0.394141
0.548644	0.823424	0.162329
0.713078	0.589129	0.42373
4.55267e-17	4.2071e-17	1.01236
0.00650105	0.762765	0.657256
0.120968	0.491297	0.86802
0.526972	0.298688	0.797108
0.18026	0.571616	0.808537
0.992981	0.0164933	0.160176
0.806169	0.446289	0.403459
0.366698	0.442041	0.819906
0.607984	0.091551	0.792257
0.472446	0.598634	0.649028
0.300145	0.655657	0.698607
0.378514	0.194661	0.914143
0.74302	0.648515	0.176731
0.264593	0.945021	0.228971
0.590548	0.0738149	0.805121
0.428258	0.781908	0.45536
0.404913	0.915349	0.0404384
0.257287	0.934468	0.286603
0.323856	0.683222	0.663592
0.835988	0.558146	0.0327906
0.877702	0.128747	0.493542
0.974712	0.151992	0.172581
0.72675	0.676049	0.1982
0.331798	0.539357	0.781199
0.489699	0.346484	0.801885
0.904776	0.317739	0.337099
0.770512	0.454598	0.450241
0.840315	0.297128	0.469015
0.932184	0.328334	0.182052
0.398062	0.323013	0.8599
0.346106	0.790113	0.55021
0.382838	0.832312	0.418478
0.832716	0.471665	0.324442
0.246003	0.533433	0.815626
0.363409	0.789547	0.503085
0.95753	0.139237	0.281234
0.749752	0.263125	0.618629
0.273645	0.405214	0.879086
0.884666	0.036113	0.465777
0.390365	0.617182	0.683982
0.977723	0.056303	0.2285
0.71835	0.673755	0.20014
0.737627	0.658372	0.162205
0.501676	0.849569	0.183828
0.320302	0.440084	0.846984
0.0563947	0.859267	0.517601
1.0085	0.0223669	0.000401631
0.305416	0.419632	0.856159
0.0533093	0.812256	0.589308
0.689631	0.718589	0.0964318
0.936796	0.229781	0.32048
0.187578	0.685592	0.705836
0.782716	0.0340652	0.628885
0.240362	0.218497	0.951535
0.598698	0.662001	0.48297
0.538191	0.73202	0.442318
0.642862	0.225612	0.741668
0.00198501	0.360812	0.936394
0.605783	0.2142	0.77555
0.159561	0.938506	0.35253
0.181783	0.664411	0.726644
0.905968	0.149183	0.402435
0.944494	0.333965	0.0240934
0.46858	0.593735	0.666579
0.757358	0.376191	0.550381
0.673333	0.692645	0.301249
0.593572	0.758992	0.280118
0.404918	0.608006	0.684194
0.42481	0.133413	0.90166
0.924348	0.021893	0.409371
0.534679	0.660833	0.543859
0.0124665	0.815339	0.588482
0.46659	0.641645	0.622941
0.324836	0.56632	0.769332
0.799901	0.319554	0.548698
0.900091	0.479456	0.0118983
0.52064	0.302529	0.814606
0.0690664	0.963202	0.270776
0.864745	0.486053	0.173542
0.84066	0.476165	0.299595
0.358056	0.126115	0.930248
0.12652	0.462427	0.879694
0.313149	0.699077	0.644951
0.698649	0.727951	0.0497172
0.174305	0.689195	0.707302
0.219975	0.330147	0.920759
0.280667	0.960181	0.100352
0.196996	0.898631	0.434994
0.588349	0.77297	0.307085
0.152552	0.546253	0.827144
0.157389	0.353298	0.928328
0.969825	0.113819	0.239128
0.603045	0.784094	0.247037
0.82859	0.025413	0.616595
0.811039	0.58212	0.195909
0.270898	0.951998	0.150341
0.549423	0.084842	0.834269
0.280046	0.625172	0.7387
0.947642	0.111216	0.313888
0.11588	0.159356	0.988959
0.725977	0.466401	0.550396
0.120606	0.643736	0.775062
0.594975	0.760787	0.270851
0.176114	0.119095	0.979224
0.0174009	0.326814	0.953531
0.706363	0.59743	0.423809
0.0583027	0.888339	0.469162
0.184611	0.0195815	0.98689
0.215171	0.775439	0.600998
0.420805	0.896633	0.197779
0.246989	0.969539	0.195978
0.506387	0.179054	0.851657
0.895331	0.151176	0.429513
0.557317	0.0452201	0.840852
0.129538	0.416241	0.905654
0.889754	0.33455	0.314601
0.197843	0.902493	0.426166
0.113112	0.36988	0.924919
0.94638	0.281062	0.191224
0.261797	0.929538	0.264962
0.959512	0.268436	0.155685
0.454241	0.867751	0.232596
0.855123	0.507937	0.195179
3.09708e-32	6.12893e-17	1.00093
0.000469423	1.00048	3.6903e-17
1.00182	1.18366e-14	0.00538317
6.12397e-17	1.39772e-29	1.00012
1.06593e-17	6.08393e-17	1.00872
0.994674	0.103512	3.68869e-17
0.598311	0.147258	0.792032
0.669614	0.503996	0.546655
0.935821	0.0251848	0.40489
0.313759	0.919485	0.245076
0.904889	0.428101	0.0558521
0.590758	0.490221	0.642064
0.979464	0.190879	0.0871774
0.610793	0.782054	0.134485
0.297816	0.955171	0.0738019
0.667461	0.440207	0.604021
0.438157	0.276642	0.863192
0.164937	0.911318	0.382615
0.987827	0.178529	0.0953962
0.46415	0.879239	0.12403
0.183951	0.386503	0.905027
0.0649037	0.380738	0.930684
0.651642	0.139938	0.752203
0.153721	0.16233	0.976608
0.479772	0.466543	0.746193
0.278728	0.869165	0.412347
0.0856268	0.74428	0.662944
0.719269	0.618967	0.332364
0.322118	0.940323	0.120221
0.611776	0.0559943	0.808708
0.63547	0.684655	0.366033
0.910776	0.412579	0.0613258
0.924148	0.240442	0.312461
0.0384544	0.542251	0.842247
0.176977	0.369238	0.913986
0.497893	0.0618123	0.872564
0.383012	0.76323	0.524712
0.972051	0.245194	0.0280817
0.728637	0.132192	0.69311
0.207156	0.68059	0.703388
0.870204	0.0953865	0.488704
0.301235	0.948623	0.167764
0.919201	0.249472	0.317299
0.572805	0.592497	0.577032
0.892995	0.461716	0.0658093
0.221211	0.455771	0.864945
0.285011	0.330231	0.901358
0.0953218	0.371915	0.925154
0.656748	0.70758	0.263478
0.558085	0.0748974	0.830486
0.68398	0.657037	0.33818
0.0309447	0.927407	0.402515
0.864616	0.391668	0.324975
0.601267	0.562669	0.622212
0.173871	0.877504	0.450897
0.198915	0.856228	0.480319
0.155572	0.98956	0.015889
0.337335	0.68695	0.676208
0.814871	0.550865	0.191229
0.58287	0.390827	0.717283
0.429459	0.884134	0.211717
0.787312	0.451447	0.421173
0.546278	0.855463	0.0378609
0.578555	0.635025	0.518193
0.353652	0.309043	0.883489
0.360431	0.237713	0.91057
0.124987	0.901015	0.425489
0.138582	0.921145	0.38484
0.941842	0.188742	0.29946
0.966987	0.263406	0.00984646
0.699036	0.229311	0.688142
0.890871	0.237233	0.395346
0.679423	0.222877	0.707087
0.630742	0.113993	0.77369
0.192032	0.952373	0.25472
0.676284	0.00500732	0.769376
0.68572	0.696389	0.235583
0.774804	0.624686	0.227379
0.916645	0.301075	0.304249
0.0202217	0.734985	0.72741
0.938164	0.21312	0.27506
0.2422	0.720791	0.65276
0.519074	0.583204	0.633028
0.212142	0.128091	0.98144
0.229975	0.713692	0.675549
0.126501	0.772951	0.624158
0.101501	0.112813	0.992901
0.801885	0.0344564	0.626431
0.882833	0.235093	0.415409
0.856138	0.519867	0.0286331
0.550891	0.199623	0.820439
0.622214	0.599796	0.508156
0.511067	0.528636	0.727432
0.732011	0.58837	0.375457
0.266481	0.79478	0.553468
0.862586	0.509973	0.00069287
0.166492	0.107315	0.982567
0.608536	0.691663	0.427219
0.621762	0.702305	0.348881
0.626778	0.755426	0.201827
0.733739	0.445673	0.518157
0.754443	0.292238	0.598194
0.244502	0.980863	0.043959
0.0619316	0.9576	0.354776
0.369056	0.826404	0.437454
0.807561	0.545239	0.269331
0.386471	0.0048461	0.937874
0.144696	0.1528	0.985784
0.432684	0.890662	0.157068
0.202401	0.141536	0.969979
0.327897	0.117855	0.946747
0.762192	0.0396192	0.650547
0.843836	0.3276	0.437678
0.767383	0.399805	0.511582
0.837381	0.0369552	0.56471
0.415111	0.702968	0.585123
0.523009	0.605294	0.607442
0.725963	0.645221	0.246678
0.983274	0.0521732	0.198021
0.0219168	0.750278	0.664191
0.965049	0.0883285	0.306509
0.121966	0.867997	0.496878
0.949163	0.171541	0.30416
0.777089	0.629525	0.105017
0.848178	0.0477316	0.54014
0.425562	0.876111	0.234396
0.820287	0.4183	0.392334
0.0798975	0.0235317	0.996689
0.0739235	0.864492	0.499275
0.0503954	0.959047	0.351347
0.254854	0.178216	0.965824
0.457802	0.0837079	0.89024
0.391955	0.818458	0.425672
0.132113	0.515463	0.852463
0.0263197	0.398018	0.921574
0.0479926	0.958468	0.354801
0.856608	0.048206	0.526521
0.403287	0.348837	0.846694
0.07098	0.673	0.737824
0.295692	0.206773	0.94795
0.300908	0.619486	0.73061
0.958802	0.258269	0.156766
0.693967	0.176106	0.708439
0.146191	0.740489	0.667893
0.735551	0.0689204	0.690915
0.250856	0.296944	0.938514
0.485116	0.796984	0.373001
0.473022	0.883385	0.0420799
0.738511	0.661948	0.226576
0.351815	0.811866	0.468429
0.325504	0.11859	0.941312
0.409003	0.8968	0.17252
0.348085	0.315155	0.883307
0.534761	0.047164	0.846218
0.492211	0.0996614	0.877428
0.0291669	0.284591	0.973386
0.817055	0.547652	0.220376
0.396275	0.0772267	0.920199
0.433308	0.892147	0.1478
0.586572	0.0531052	0.817419
0.70747	0.470682	0.53988
0.699423	0.0810346	0.714071
0.00588849	0.977144	0.277592
0.444957	0.486779	0.767373
0.744598	0.270077	0.614218
0.351055	0.578965	0.739123
0.0940129	0.831275	0.552352
0.259585	0.958367	0.175729
0.503341	0.75371	0.441386
0.144757	0.823005	0.570428
0.690353	0.668872	0.281832
0.803485	0.613133	0.0619824
0.875337	0.196002	0.443759
0.484347	0.122173	0.869322
0.541328	0.609393	0.582257
0.640368	0.689933	0.345423
0.738429	0.286741	0.614282
0.37041	0.794967	0.503087
0.66467	0.681185	0.339357
0.269188	0.356042	0.897618
0.828508	0.0143231	0.580198
0.880493	0.477052	0.00263109
0.127296	0.991073	0.0878034
0.160257	0.985721	0.145207
0.826947	0.0953835	0.560825
0.994305	0.103473	0.0469965
0.162639	0.938832	0.312309
0.897865	0.324102	0.312349
0.542518	0.219172	0.818637
0.111033	0.803857	0.592655
0.563627	0.577793	0.609887
0.53176	0.832728	0.168578
0.39802	0.93472	0.050039
0.793801	0.534741	0.29162
0.341244	0.702525	0.626809
0.27238	0.353937	0.895955
0.489404	0.273755	0.834858
0.790552	0	0.617904
1.01115	0.0108627	0
4.49065e-13	1.00654	0.00599133
1.0108	0.0276267	0
0.512164	0.56187	0.659169
0.622822	0.36648	0.691893
0.517875	0.857895	0.0531151
0.0786517	0.122354	0.99624
0.883121	0.464992	0.1386
0.304681	0.516311	0.803232
0.978743	0.0397624	0.214687
0.774183	0.528411	0.369957
0.656433	0.551384	0.519133
0.895587	0.102744	0.436451
0.189881	0.783742	0.599329
0.519977	0.55672	0.65066
0.7881	0.283453	0.550214
0.781603	0.578199	0.24542
0.202796	0.905865	0.390401
0.0505691	0.292505	0.965151
0.162117	0.993518	0.0262641
0.34543	0.56935	0.772996
0.0297985	0.835984	0.569484
5.91857e-17	1.91847e-17	1.01609
0.817037	0.543163	0.208305
0.705572	0.72491	0.121336
0.87378	0.227989	0.430468
0.180438	0.980636	0.0953291
0.537176	0.605092	0.613347
0.3569	0.772855	0.529147
0.848508	0.496571	0.191063
0.450034	0.0460015	0.897498
0.0607606	0.95922	0.297637
0.26823	0.132445	0.958218
0.235825	0.973379	0.0802043
0.430382	0.81908	0.412069
0.500318	0.618677	0.628812
0.359651	0.79021	0.503525
0.944422	0.248269	0.261425
0.389177	0.688764	0.627751
0.295964	0.91787	0.290024
0.234776	0.945145	0.230599
0.0160311	0.823396	0.572907
0.274174	0.941005	0.255436
0.295105	0.955264	0.151077
0.693617	0.713193	0.129466
0.134953	0.144489	0.987183
0.696383	0.142493	0.715101
0.269113	0.586951	0.768159
0.673126	0.137734	0.73825
0.647287	0.785224	0.0708111
0.341026	0.456107	0.828157
0.120461	0.53469	0.843999
0.742442	0.668953	0.0860586
0.934429	0.355328	0.114654
0.22571	0.960295	0.175865
0.219648	0.924262	0.314624
0.682228	0.10844	0.727064
0.989313	0.0900665	0.168463
0.672789	0.750974	0.0201358
0.711223	0.592884	0.392965
0.547694	0.2128	0.830056
0.908358	0.357792	0.242065
0.282953	0.363964	0.891891
0.422372	0.849269	0.327121
0.383113	0.1249	0.920291
0.458174	0.17011	0.873221
0.983554	0.192146	0.0383348
0.652627	0.678697	0.344675
0.761652	0.525353	0.404992
0.925458	0.336153	0.197631
0.681925	0.735906	0.034196
0.718992	0.633772	0.356498
0.093157	0.154321	0.988143
0.563947	0.820363	0.108407
0.576025	0.205238	0.797107
0.105982	0.53442	0.848379
0.620902	0.629229	0.480627
0.928878	0.181253	0.376018
0.819909	0.0284848	0.583589
0.101366	0.621214	0.786326
0.941584	0.34248	0.0721979
0.629007	0.7822	0.100801
0.912237	0.0551522	0.41459
0.318742	0.439388	0.846022
0.0560637	0.327937	0.945617
0.400353	0.663212	0.638309
0.505786	0.866882	0.0458959
0.666754	0.154452	0.742921
0.483662	0.708729	0.520924
0.127343	0.997512	0.00744566
0.365221	0.901907	0.270324
0.711043	0.276201	0.656356
0.0024014	0.924514	0.502658
0.376409	0.851524	0.384996
0.973214	0.320661	0.00589673
0.577273	0.713837	0.434563
0.46283	0.766879	0.468158
0.750492	0.259666	0.609111
0.598997	0.00643499	0.8091
0.463546	0.517415	0.725044
0.632019	0.115805	0.771752
0.350612	0.468927	0.817962
0.239093	0.384354	0.898039
0.792779	0.285044	0.54128
0.990895	0.0644596	0.149429
0.252868	0.418893	0.878495
0.530826	0.568322	0.635289
0.177667	0.369944	0.915021
0.409085	0.882473	0.238304
0.169272	0.341035	0.929197
0.569607	0.623292	0.556172
0.491803	0.871511	0.117381
0.842847	0.298218	0.454409
0.640145	0.727909	0.253638
0.829007	0.237071	0.531997
0.425393	0.809585	0.436203
0.0377297	0.672028	0.749299
0.121004	0.559255	0.831345
0.105315	0.310991	0.950016
0.47176	0.889707	0.120809
0.965241	0.264541	0.0974159
0.42142	0.847355	0.342967
0.0164244	0.163503	0.990392
0.607571	0.0965737	0.791517
0.263852	0.437394	0.863357
0.740713	0.40707	0.560798
0.446242	0.8229	0.353241
0.918154	0.316111	0.282958
2.33591e-13	0.648473	0.862491
0.805622	0.0777716	0.590866
0.00694816	0.841142	0.569858
0.0878227	0.429522	0.905905
0.479277	0.863762	0.183973
0.150374	0.894239	0.424067
0.765832	0.532704	0.385772
0.597675	0.180538	0.788007
0.06918	0.265072	0.967493
0.658887	0.705446	0.308664
0.246654	0.741125	0.635126
0.661596	0.390834	0.644949
0.91583	0.300447	0.289504
0.610874	0.75965	0.239953
0.862604	0.507826	0.0200339
0.0767479	0.43043	0.907671
0.0432477	0.877502	0.493918
0.18107	0.377028	0.911467
0.414574	0.030023	0.921656
0.994511	0.0141322	0.143001
0.362076	0.887847	0.320735
0.639606	0.0599691	0.771596
0.80235	0.492096	0.345591
0.23419	0.966628	0.115028
0.922472	0.307358	0.248229
0.58323	0.0339326	0.814604
0.378128	0.463625	0.805044
0.24828	0.39936	0.885159
0.409752	0.883912	0.233204
0.439748	0.778265	0.467947
0.828217	0.241788	0.532403
0.276348	0.602731	0.760961
0.554428	0.176477	0.819143
0.145733	0.653466	0.760001
0.15825	0.860048	0.490024
0.019409	0.350946	0.941104
0.613914	0.691531	0.416876
0.802529	0.476851	0.379399
0.721026	0.700405	0.0394675
0.602846	0.597544	0.539938
0.868165	0.268291	0.445507
0.139291	0.219288	0.970556
0.852907	0.450072	0.27475
0.509928	0.64497	0.571966
0.678296	0.24755	0.699125
0.333241	0.214055	0.924701
0.959811	0.274477	0.0909954
0.92496	0.334333	0.208851
0.960676	0.252881	0.161794
0.0240355	0.239271	0.978781
0.261566	0.51953	0.818353
0.913319	0.272596	0.304903
0.838194	0.568131	0.012027
0.12256	0.395142	0.917339
0.873257	0.287993	0.433099
0.618773	0.639639	0.461717
0.24147	0.411689	0.883497
0.0661476	0.797255	0.604529
0.673349	0.745975	0.0276989
0.142674	0.69779	0.70611
0.397365	0.800576	0.456983
0.691838	0.0621325	0.725112
0.955847	0.253003	0.161039
0.808018	0.583052	0.118541
0.763487	0.637422	0.191887
0.0657412	0.792356	0.608507
5.71198e-17	2.53479e-17	1.02056
3.20867e-26	6.12424e-17	1.00016
0.923007	0.31451	0.23798
0.476179	0.650811	0.602333
0.753359	0.197817	0.630411
0.30718	0.378589	0.885576
0.938663	0.319449	0.151476
0.814252	0.263364	0.530485
0.411575	0.903811	0.160581
0.0237949	0.621453	0.795632
0.765158	0.58465	0.314239
0.689501	0.505619	0.551267
0.982644	0.167605	0.132595
0.770699	0.188979	0.614137
0.908783	0.420277	0.112265
0.0999256	0.866185	0.492721
0.0180631	0.921715	0.396675
0.649411	0.208797	0.748417
0.963787	0.119608	0.288719
0.457514	0.829854	0.343873
0.438618	0.529195	0.730854
0.959853	0.12357	0.258201
0.526528	0.762411	0.377788
0.939029	0.0995375	0.35134
0.364211	0.463449	0.822721
0.10809	0.871262	0.482525
0.733999	0.583215	0.359466
0.784972	0.545679	0.304828
0.643672	0.0424686	0.78626
0.756765	0.0741785	0.677377
0.404009	0.0171129	0.924162
0.22359	0.680885	0.701524
0.13497	0.976435	0.187828
0.374979	0.286663	0.904256
0.271635	0.950399	0.181704
0.304564	0.899853	0.339921
0.706204	0.597972	0.388541
0.48653	0.838762	0.264395
0.550222	0.814884	0.195115
0.500661	0.640037	0.585632
0.28944	0.937266	0.214653
0.833135	0.369944	0.422674
0.267026	0.967605	0.0461429
0.220472	0.673326	0.706893
0.368501	0.775721	0.513496
0.604346	0.556187	0.577209
0.0360364	0.212034	0.981348
0.872449	0.0624404	0.494648
0.823291	0.246187	0.522717
0.866298	0.242534	0.444447
0.917263	0.389487	0.097166
0.899569	0.00742992	0.444443
0.804778	0.595765	0.0190085
0.23608	0.850589	0.485663
0.751077	0.0796145	0.665143
0.428212	0.567828	0.710739
0.127465	0.74999	0.658809
0.207495	0.87729	0.464354
0.0831335	0.652247	0.764774
0.540037	0.662257	0.521893
0.677761	0.105813	0.739774
0.113395	0.889669	0.47207
0.906026	0.0845945	0.43122
0.146394	0.511707	0.859986
0.948435	0.365905	0.0197159
0.412588	0.721759	0.569904
0.0729522	0.771459	0.640063
0.290811	0.948072	0.167342
0.282978	0.944214	0.187826
0.556495	0.140737	0.821263
0.744079	0.395984	0.539965
0.720453	0.53334	0.452488
0.628823	0.77977	0.106744
0.0758914	0.892891	0.454662
0.820117	0.49514	0.33271
0.577137	0.703639	0.431261
0.820204	0.269153	0.50667
0.269125	0.975212	0.0400763
0.119522	0.152723	0.986906
0.972439	0.128897	0.235162
0.317713	0.560124	0.772227
0.561918	0.715025	0.448157
0.00705607	0.933953	0.403128
0.884001	0.447409	0.203995
0.736357	0.331054	0.598676
0.087566	0.998791	0.00670599
0.33791	0.958567	0.0310769
0.887057	0.41023	0.22737
0.45507	0.576378	0.686441
0.10322	0.684476	0.756758
0.444096	0.657711	0.617222
0.853293	0.362324	0.381323
0.874745	0.483484	0.122225
0.175204	0.933102	0.327762
0.400981	0.735168	0.566373
0.065083	0.812887	0.591632
0.2067	0.985766	0.00673663
0.610609	0.281745	0.747261
0.254588	0.958843	0.174411
0.953642	0.358758	0.023611
0.592112	0.769232	0.264592
0.400333	0.306045	0.870043
0.173705	0.607351	0.777533
0.571078	0.571332	0.594466
0.843697	0.363613	0.409522
0.585071	0.116349	0.803195
0.547828	0.700336	0.475862
0.178324	0.0494283	0.98408
0.370336	0.708745	0.627071
0.566934	0.820918	0.0941719
0.988093	0.148123	0.0881962
0.423146	0.733292	0.548721
0.0440616	0.630595	0.776361
0.523357	0.615332	0.599006
0.795382	0.543407	0.278938
0.00607803	0.913406	0.415817
0.657422	0.1794	0.760293
0.312631	0.893508	0.336184
0.536259	0.794204	0.301683
0.636404	0.777921	0.0579545
0.514565	0.175336	0.843783
0.416909	0.546963	0.76781
0.121558	0.22498	0.971755
0.664625	0.295119	0.697189
0.351749	0.64478	0.686548
0.191375	0.418009	0.90499
0.274649	0.960946	0.106779
0.245424	0.848152	0.485775
0.617752	0.788287	0.125797
0.508804	0.331801	0.811956
0.233237	0.511833	0.836816
0.0326313	0.513682	0.858345
0.150234	0.525127	0.85179
0.319537	0.258931	0.914318
0.879618	0.47318	0.125459
0.258278	0.0113591	0.978833
0.713202	0.603898	0.383988
0.505803	0.483306	0.716236
0.724917	0.614066	0.33345
0.00341748	1.002	0.0142562
0.727982	0.232818	0.649238
0.433816	0.799505	0.448263
0.0181984	0.92862	0.383558
0.680272	0.304425	0.67255
0.0535982	0.251693	0.974324
0.465078	0.130898	0.877782
0.329452	0.0419069	0.947579
0.991465	0.148628	0.0783796
0.682319	0.35812	0.643221
0.792781	0.107601	0.627022
0.877701	0.476088	0.127836
0.602701	0.755697	0.279354
0.925724	0.29834	0.235861
0.134124	0.789166	0.611849
0.627868	0.784768	0.0677285
0.934675	0.0310958	0.388427
0.625523	0.334851	0.708563
0.789052	0.274006	0.551214
0.151973	0.920259	0.387401
5.69592e-17	2.54039e-17	1.01854
0.349421	0.394785	0.852165
0.134114	0.820014	0.561694
0.326666	0.162283	0.945388
0.39752	0.88538	0.271519
0.130197	0.90128	0.416866
0.388267	0.515805	0.772997
1.79867e-10	0.343304	0.9507
0.384888	0.294238	0.882911
0.392917	0.00449035	0.934069
0.440107	0.59206	0.690922
0.992791	0.133669	0.0783175
0.602585	0.747234	0.296533
0.16857	0.3206	0.939452
0.430535	0.727555	0.547927
0.595526	0.0447743	0.80411
0.533842	0.172046	0.831805
0.794891	0.37608	0.499071
0.564729	0.158105	0.820273
0.713279	0.0935405	0.704196
0.908557	0.38579	0.172036
0.502685	0.663186	0.569519
0.593782	0.744515	0.328379
0.896858	0.396782	0.21997
0.2415	0.0250156	0.979006
0.205487	0.413028	0.908113
0.340035	0.115188	0.941741
0.0476121	0.409872	0.930709
0.100214	0.589648	0.809412
0.785298	0.272702	0.55779
0.247695	0.448976	0.86266
0.894268	0.399506	0.223818
0.999444	0.0369166	0.0473584
5.66284e-17	2.41175e-17	1.00519
3.09539e-32	6.12558e-17	1.00038
1.16825e-05	1.00117	0
1.00041	0	0.00128521
0.951372	0.0437376	0.325234
0.875437	0.490816	0.0935527
4.93673e-16	0.976949	0.220559
0.217119	0.971627	0.13737
0.988152	0.220343	0.0785785
0.0661422	0.995447	0.11165
0.649642	0.581803	0.51199
0.897078	0.43136	0.120745
0.550141	0.711113	0.464804
0.0350768	0.52172	0.859471
0.35161	0.86586	0.362064
0.791164	0.140453	0.607626
0.441364	0.187694	0.884405
0.401315	0.0894872	0.914977
0.176206	0.841259	0.514303
0.138764	0.641527	0.758915
0.564672	0.73137	0.389951
0.12405	0.820211	0.575918
0.0503312	0.394898	0.922311
0.00769087	0.954333	0.316567
0.861092	0.491934	0.176088
0.593826	0.767144	0.28316
0.748725	0.606693	0.29184
0.797125	0.596315	0.161494
0.988988	0.164323	0.0565491
0.487001	0.854691	0.243233
0.0523365	0.961351	0.303571
0.597986	0.61048	0.529045
0.9165	0.360632	0.208127
0.272458	0.753806	0.599767
0.880786	0.196402	0.455278
0.772024	0.652294	0.0251528
0.0218569	0.73064	0.697684
0.425867	0.836637	0.360707
0.411651	0.722451	0.562926
0.715956	0.0753411	0.708635
0.132986	0.547008	0.828255
0.804685	0.48348	0.365478
0.57664	0.82669	0.0665378
0.407226	0.454102	0.801575
0.417508	0.447056	0.799307
0.600079	0.242104	0.777612
0.332086	0.380092	0.876453
0.197429	0.412012	0.898862
0.263474	0.46786	0.84623
0.629042	0.617118	0.487206
0.0294335	0.99771	0.0932741
0.816078	0.131619	0.587022
0.339435	0.265155	0.906686
0.286318	0.383945	0.883009
0.858278	0.514948	0.150085
0.173879	0.830153	0.536331
0.780185	0.627986	0.132492
0.162977	0.775759	0.615675
0.773758	0.59018	0.275071
0.49056	0.878074	0.127629
0.267442	0.755496	0.599693
0.202633	0.810901	0.552589
0.24435	0.572906	0.795982
0.96146	0.172302	0.255343
0.191788	0.915653	0.377717
0.436405	0.88386	0.189072
0.0874482	0.309815	0.951089
0.457551	0.805063	0.386076
0.150731	0.244174	0.962077
0.993365	0.0661069	0.146158
0.60588	0.103829	0.810527
0.371335	0.633713	0.686917
0.857196	0.506702	0.211213
0.961179	0.0072155	0.288383
0.686007	0.292164	0.683467
0.00458168	0.951457	0.329081
0.78453	0.0658706	0.623818
0.106745	0.893912	0.443008
0.673192	0.646246	0.379736
0.460433	0.461415	0.769684
0.691489	0.332503	0.651033
0.0608704	0.935663	0.353351
0.325148	0.288011	0.910445
0.802031	0.615022	0.0411886
0.379068	0.719565	0.596471
0.980749	0.225167	0.0627276
0.286356	0.25365	0.935547
0.624216	0.786718	0.0678168
0.808377	0.592484	0.168276
0.758268	0.671748	0.00514123
0.0619705	0.281993	0.968014
0.429683	0.438149	0.806472
0.0728841	0.667048	0.748012
0.311404	0.549036	0.788494
0.291682	0.65539	0.705538
0.471648	0.526306	0.718115
0.633684	0.738857	0.308493
0.848596	0.509863	0.196575
0.820606	0.590591	0.0151649
0.000325972	0.908708	0.447543
0.08891	0.314994	0.949274
0.908513	0.0190715	0.437269
0.707966	0.717063	0.0106155
0.180887	0.902828	0.422964
0.869912	0.498423	0
0.324341	0.916228	0.238912
0.534945	0.276281	0.808934
0.787777	0.17724	0.605047
0.118218	0.418829	0.903856
0.497162	0.29871	0.824459
0.627407	0.253129	0.750734
0.721299	0.30356	0.630516
0.530873	0.200311	0.836145
0.502234	0.661862	0.582346
0.926467	0.0616165	0.378167
0.750917	0.353534	0.569931
0.613682	0.75118	0.283121
0.0255907	0.943004	0.347044
0.577957	0.828578	0.0486119
0.912144	0.383877	0.185388
0.411845	0.0529119	0.919666
0.226903	0.241217	0.950021
0.639679	0.744211	0.229838
0.0953023	0.754724	0.655484
0.713868	0.532232	0.474056
0.583059	0.650627	0.504028
0.00403548	0.897026	0.492843
0.523494	0.558839	0.649722
0.315074	0.899401	0.312035
0.676341	0.387515	0.629734
0.260969	0.457444	0.853789
0.838856	0.372113	0.434173
0.561241	0.666344	0.502617
0.0326299	0.915298	0.413019
0.834245	0.500528	0.26078
0.48181	0.84558	0.24735
0.729717	0.0830601	0.686552
0.69709	0.155404	0.724709
0.212396	0.586508	0.797187
0.526985	0.0235315	0.858239
0.465998	0.353652	0.815353
0.682454	0.702129	0.248899
0.236144	0.232742	0.951154
0.314111	0.834938	0.476029
0.301202	0.893105	0.362144
0.145595	0.886768	0.457281
0.144117	0.921749	0.386835
0.149014	0.943359	0.335756
0.381432	0.10963	0.924096
0.111714	0.35456	0.942422
0.59081	0.40374	0.708257
0.90079	0.145382	0.426832
0.971162	0.161362	0.186151
0.695706	0.656416	0.334732
0.507752	0.406752	0.761854
0.932172	0.310493	0.202536
0.186538	0.894158	0.41957
0.996893	0.0113362	0.11188
0.736753	0.558008	0.406893
0.245333	0.682721	0.694348
0.639954	0.699012	0.326147
0.612168	0.792887	0.035624
0.701848	0.110742	0.728568
0.596505	0.799897	0.134598
0.608871	0.124584	0.794254
0.657069	0.426436	0.629943
0.539195	0.844389	0.119819
0.822605	0.100168	0.575322
0.987058	0.157539	0.141365
0.619361	0.354127	0.703586
0.0310135	0.851075	0.530276
0.637768	0.459002	0.635593
0.70288	0.456168	0.552882
0.336104	0.336714	0.891226
0.172191	0.991691	0.0627441
0.587652	0.479696	0.676991
0.509711	0.113658	0.868834
0.253165	0.348811	0.907268
0.208685	0.793063	0.576596
0.396997	0.0292415	0.922264
0.389416	0.00808781	0.938542
0.743594	0.530288	0.418894
0.354972	0.0951946	0.943286
0.476358	0.869237	0.192409
0.0105319	0.145902	0.996407
0.179843	0.987835	0.0678031
0.334388	0.338621	0.891496
0.0715526	0.333314	0.943531
0.556377	0.701653	0.470027
0.73167	0.0035659	0.683981
0.251891	0.468056	0.860935
0.969037	0.1147	0.268609
0.670276	0.663755	0.344252
0.492095	0.295666	0.82515
0.795283	0.594937	0.166735
0.940036	0.0625189	0.341053
0.542234	0.416004	0.735454
0.446967	0.20999	0.872956
0.885913	0.0283251	0.468584
2.61999e-17	5.80797e-17	1.04056
1.00339	0.00104543	0
0.287637	0.109908	0.95367
0.695618	0.708547	0.139874
0.136888	0.978045	0.174306
0.222077	0.808911	0.558997
0.502155	0.721514	0.484394
0.0680846	0.987874	0.159231
0.192852	0.942785	0.295787
0.351186	0.389561	0.864541
0.238672	0.967549	0.101696
0.774229	0.0967666	0.647051
0.762157	0.576419	0.319558
0.314614	0.456234	0.843475
0.800486	0.521017	0.301821
0.921732	0.266193	0.310601
0.446286	0.0840823	0.895534
0.430764	0.903872	0.0380949
0.0437705	0.871712	0.498849
0.856921	0.422763	0.325816
0.365142	0.591363	0.727718
0.610443	0.01717	0.821545
0.652495	0.608356	0.4602
0.252888	0.972159	0.0243641
0.583067	0.807548	0.101086
0.670074	0.234514	0.714066
0.341279	0.932255	0.125298
0.00507982	0.887297	0.531298
0.713259	0.677812	0.20158
0.0164623	0.960788	0.288196
0.0387681	0.998485	0.0794244
0.689399	0.562373	0.466731
0.881681	0.478883	0.12833
0.247583	0.0586687	0.971046
0.391259	0.405348	0.829252
0.568778	0.537984	0.633131
0.592568	0.130335	0.80342
0.278595	0.658288	0.707114
0.379876	0.485352	0.792674
0.966513	0.294246	0.0223278
0.24306	0.935819	0.28263
0.984755	0.0246667	0.211306
0.151201	0.86185	0.513447
0.265211	0.89747	0.380832
0.473814	0.792356	0.398337
0.845037	0.380221	0.38667
0.371151	0.0050236	0.946968
0.0975052	0.374832	0.92936
0.63568	0.769977	0.0877595
0.177835	0.588663	0.798891
0.862563	0.513618	0.0812985
0.32766	0.41602	0.874519
0.934144	0.352713	0.108802
0.915238	0.347075	0.228282
0.457047	0.493358	0.754072
0.52542	0.398336	0.764695
0.554231	0.131334	0.828539
0.605027	0.691525	0.422622
0.367158	0.594629	0.720063
0.197967	0.955919	0.244978
0.667894	0.144081	0.732771
0.375216	0.0701888	0.936303
0.639191	0.774229	0.00165321
0.273933	0.87517	0.417961
0.168023	0.847806	0.52872
0.213652	0.835758	0.512005
0.634572	0.779022	0.0472869
0.768923	0.28032	0.580183
0.300564	0.735545	0.614425
0.724852	0.171643	0.669812
0.0628766	0.874182	0.491424
0.68494	0.00862667	0.730255
0.300871	0.529319	0.816279
0.823951	0.0359455	0.576616
0.649977	0.163471	0.751483
0.0726863	0.414612	0.926611
0.157431	0.625065	0.783535
0.522271	0.645954	0.589065
0.0922193	0.434547	0.90544
0.939286	0.342428	0.10494
0.882941	0.483498	0.0105115
0.133062	0.991022	0.119166
0.43565	0.101621	0.911801
0.782247	0.255857	0.583444
0.16744	0.062272	0.985174
0.439088	0.829766	0.356838
0.146887	0.837262	0.542338
0.205308	0.0491116	0.983173
0.778928	0.270828	0.584607
0.402457	0.806062	0.447768
0.529617	0.761137	0.38282
0.085996	0.443977	0.899041
0.439435	0.332779	0.841272
0.184267	0.245191	0.959095
0.398532	0.706987	0.594434
0.155511	0.637455	0.76616
0.785076	0.146858	0.619672
0.219671	0.811084	0.550582
0.974924	0.213834	0.0788466
0.416058	0.786246	0.473466
0.73168	0.113676	0.675869
0.80614	0.165305	0.580066
0.260618	0.88005	0.417582
0.197241	0.236242	0.962358
0.0326796	0.243028	0.973964
0.912363	0.181048	0.39351
0.113222	0.0432629	0.993918
0.84981	0.0122405	0.545336
0.554569	0.677609	0.503515
0.744468	0.177465	0.654126
0.308191	0.89129	0.34006
0.894943	0.195653	0.415185
0.987379	0.0247324	0.209053
0.559771	0.452885	0.696349
0.828768	0.531668	0.18477
0.534061	0.623669	0.578778
0.994525	0.185518	0.0114472
0.49063	0.223811	0.851451
0.567423	0.392963	0.733609
0.59845	0.0907322	0.814287
0.812666	0.615847	0.0141392
0.145693	0.431569	0.897075
0.742289	0.699776	0.0408489
0.963501	0.302307	0.0223168
0.904904	0.46764	0.0172878
0.0316513	0.969303	0.284812
0.198361	0.919528	0.403827
0.0230281	0.265095	0.978558
0.909586	0.198819	0.368641
0.661044	0.145396	0.744661
0.459179	0.468686	0.756983
0.759411	0.628492	0.21956
0.0117088	0.729406	0.694146
0.063513	0.88303	0.474129
0.956628	0.217313	0.23322
0.817957	0.162314	0.594302
0.385848	0.72592	0.589919
0.329563	0.924531	0.233342
0.484878	0.471862	0.741144
0.928446	0.333856	0.191434
0.306255	0.723647	0.624817
0.0796796	0.991005	0.150224
0.498834	0.37264	0.787726
0.738274	0.336779	0.6028
0.652251	0.321789	0.696188
0.318796	0.448949	0.839584
0.614363	0.753692	0.238734
0.757539	0.506769	0.436736
0.344491	0.382134	0.868866
0.97793	0.219362	0.0564925
0.949571	0.226479	0.244979
0.470194	0.1239	0.880617
0.686595	0.24721	0.698518
0.61416	0.675453	0.429059
0.278635	0.775852	0.588647
0.51499	0.480716	0.713586
0.174136	0.989398	0.0644603
0.705011	0.596872	0.413631
0.874498	0.318809	0.37631
0.753836	0.448876	0.492558
0.0747996	0.556261	0.833514
0.798384	0.124039	0.596323
0.713385	0.697877	0.107607
0.513402	0.618756	0.609203
0.92577	0.202858	0.330764
0.0193831	0.0785768	0.999538
0.169534	0.973706	0.175948
0.937492	0.0317881	0.374511
0.945814	0.205605	0.26884
0.811958	0.306578	0.515053
0.489507	0.800658	0.347353
0.478644	0.00877144	0.887626
0.251203	0.0541077	0.980683
0.579191	0.764993	0.294241
0.542418	0.549371	0.681202
0.462389	0.313107	0.839573
0.076195	0.55254	0.835253
0.83875	0.338557	0.434051
0.574584	0.361865	0.742072
0.189252	0.924646	0.35115
0.309212	0.844659	0.458266
0.12185	0.0282383	0.99612
0.62214	0.144362	0.776157
0.468815	0.581313	0.683254
0.62943	0.631839	0.472316
0.522437	0.846111	0.144126
0.221361	0.473544	0.85904
0.408774	0.683591	0.609795
0.162704	0.427436	0.903925
0.123393	0.743706	0.664584
0.423271	0.314188	0.855023
0.57883	0.81705	0.0720544
0.528834	0.735923	0.441489
9.40444e-06	1.00438	0.00067069
1.00235	0.0258047	0
1.75038e-17	5.95681e-17	1.01395
0.0951493	0.205617	0.976332
0.156561	0.970499	0.208042
0.890462	0.0129321	0.477601
0.146061	0.983669	0.137945
0.77959	0.311796	0.562434
0.137367	0.475156	0.876288
0.169346	0.41836	0.897157
0.866769	0.0768161	0.498344
0.901414	0.231988	0.369711
0.737604	0.341819	0.585381
0.456371	0.793184	0.421136
0.0321732	0.994356	0.180804
0.705128	0.0937943	0.705442
0.366353	0.23825	0.905493
0.544769	0.323255	0.777154
0.683152	0.678783	0.282071
0.922541	0.248438	0.304854
0.13397	0.754863	0.647092
0.286563	0.939997	0.235307
0.382829	0.276924	0.889196
0.371231	0.930786	0.0196599
0.209586	0.585578	0.787474
0.914079	0.440323	0.0304568
0.487318	0.260973	0.840685
0.203415	0.186109	0.963289
0.91029	0.417151	0.0421947
0.0232492	0.213657	0.99127
0.401557	0.674424	0.631078
0.150699	0.37449	0.921934
0.358371	0.146054	0.928514
0.658429	0.635196	0.408489
0.0983797	0.963027	0.258194
0.577262	0.487919	0.672384
0.32257	0.890274	0.330127
0.61667	0.391349	0.692841
0.459158	0.245892	0.862865
0.633405	0.412677	0.661747
0.796197	0.621648	0.00907438
0.603298	0.443599	0.666149
0.951021	0.303925	0.153542
0.11815	0.291882	0.952538
0.526874	0.385798	0.758544
0.797518	0.353635	0.507218
0.30073	0.505092	0.814942
0.69189	0.13453	0.717531
0.947551	0.272633	0.21877
0.193647	0.467494	0.869424
0.783086	0.130466	0.642859
0.247443	0.801153	0.554453
0.236084	0.907363	0.359813
0.68116	0.711488	0.227882
0.0212348	0.707749	0.737764
0.942267	0.325436	0.121127
0.0379497	0.52345	0.856542
0.808471	0.601273	0.0526451
0.510358	0.863141	0.113544
0.521662	0.277942	0.813317
0.0901372	0.814633	0.577188
0.106632	0.744742	0.669267
0.98603	0.0360789	0.176454
0.423448	0.872519	0.252963
0.419728	0.822468	0.395327
0.860227	0.00770703	0.51768
0.674873	0.61094	0.448805
0.844044	0.0273703	0.547559
0.0881073	0.809691	0.621581
0.0471687	0.471318	0.886032
0.579612	0.166768	0.806344
0.539905	0.39534	0.753983
0.224699	0.776613	0.593825
0.860512	0.493789	0.142133
0.869939	0.0208444	0.498357
0.434964	0.892116	0.146366
0.824188	0.0604572	0.56676
0.970199	0.380696	0.0254859
0.691919	0.192013	0.699597
0.39748	0.654154	0.657569
0.895621	0.174524	0.428802
0.761899	0.454662	0.466695
0.961552	0.0747506	0.276379
0.820534	0.434394	0.393251
0.561775	0.333345	0.767837
0.26398	0.589801	0.765936
0.115988	0.286541	0.952823
0.997967	0.0511827	0.0873101
0.965922	0.295576	0.0527801
0.828733	0.325163	0.461178
0.641141	0.367908	0.689076
0.0555065	0.716892	0.701759
0.117133	0.25331	0.965997
0.837683	0.084149	0.553121
0.934333	0.173457	0.334236
0.705254	0.727555	0.0655482
0.814223	0.575961	0.0972194
0.792637	0.613248	0.083402
0.331305	0.160501	0.933797
0.0249613	0.0881493	0.99664
0.0807947	0.401978	0.916997
0.22663	0.633197	0.746022
0.726587	0.374134	0.592631
0.0524799	0.521558	0.855509
0.377093	0.219505	0.904078
0.259766	0.959322	0.150133
0.280792	0.875208	0.412618
0.497664	0.805113	0.324256
0.93707	0.172286	0.339166
0.287512	0.715005	0.638894
0.347585	0.917232	0.243703
0.60255	0.120642	0.79794
0.818407	0.573311	0.13404
0.802564	0.614624	0.00230748
0.647817	0.223942	0.74986
0.436928	0.900295	0.061844
0.675959	0.642754	0.370988
0.754483	0.628593	0.196076
0.759976	0.404916	0.527403
0.693358	0.514968	0.540552
0.0621803	0.933999	0.377846
0.97928	0.158661	0.132352
0.412876	0.911085	0.0700204
0.751332	0.125175	0.649993
0.548853	0.833206	0.11876
0.882047	0.266765	0.420905
0.214352	0.598894	0.775095
0.277701	0.916441	0.312447
0.3356	0.565662	0.769552
0.255671	0.919661	0.310939
0.978365	0.0451714	0.207529
0.721137	0.358572	0.60381
0.0763918	0.757175	0.652532
0.742436	0.331845	0.585573
0.0830595	0.976427	0.260627
0.0696421	0.679846	0.73229
0.876041	0.451647	0.202622
0.512828	0.851928	0.126631
0.598663	0.119869	0.799518
0.00623949	0.499521	0.875892
0.529329	0.742892	0.433855
0.0456526	0.575574	0.828855
0.515512	0.856373	0.0990768
0.293654	0.525759	0.805117
0.584355	0.81249	0.0392885
0.79849	0.531014	0.292501
0.408321	0.879118	0.253077
0.958488	0.0535367	0.34305
0.341006	0.592468	0.732665
0.700177	0.00425927	0.715263
0.534442	0.736905	0.416579
0.230366	0.956274	0.235528
0.65155	0.347854	0.686356
0.196036	0.539149	0.823074
0.551182	0.53398	0.679968
0.834777	0.0648952	0.553148
0.720424	0.695003	0.111381
0.753244	0.551555	0.401668
0.396054	0.662986	0.658293
0.4506	0.648843	0.639716
0.628002	0.421456	0.662041
0.465586	0.682169	0.568523
0.679597	0.43571	0.616639
0.251852	0.956584	0.170835
0.849957	0.045707	0.541321
0.32893	0.915166	0.244678
0.392929	0.8423	0.397156
0.0461421	0.933253	0.380394
0.402607	0.802683	0.441579
0.776277	0.554579	0.310772
0.765414	0.550498	0.335621
0.175115	0.799545	0.599528
0.0261744	0.620538	0.78559
0.677434	0.702722	0.262285
0.989513	0.10278	0.132723
0.995566	0.0510595	0.110317
0.175458	0.801111	0.590528
0.553513	0.22776	0.820946
0.966034	0.0340872	0.268447
0.411579	0.686401	0.605239
0.104493	0.729803	0.68468
0.280041	0.00467879	0.971043
0.846807	0.0807074	0.539998
0.311277	0.957048	0.114032
0.952022	0.271257	0.157489
0.439076	0.737451	0.529872
0.354228	0.766795	0.544552
0.714359	0.355202	0.611652
0.318702	0.153207	0.943858
0.482206	0.696434	0.535778
0.506681	0.631351	0.594603
0.668863	0.664585	0.335649
0.571449	0.294486	0.769794
2.61999e-17	5.80797e-17	1.04056
0.986955	0.185445	0
6.13575e-17	8.43128e-31	1.00204
2.20725e-30	6.12574e-17	1.00041
0.280795	0.958471	0.102552
0.688109	0.0257933	0.735737
0.200401	0.744893	0.643803
0.670451	0.683532	0.316634
0.263011	0.0123786	0.971441
1.2791e-17	6.00631e-17	1.0029
0.650333	0.596027	0.475803
0.860849	0.374298	0.358807
0.945061	0.358463	0.0369183
0.878628	0.296211	0.389026
0.583186	0.0372245	0.817739
0.868219	0.101536	0.503652
0.773115	0.121602	0.633813
0.782556	0.482522	0.403686
0.188461	0.411413	0.902988
0.677665	0.618925	0.40945
0.455748	0.0519961	0.901138
0.737803	0.0620084	0.68124
0.592028	0.166541	0.789701
0.742576	0.0873533	0.675277
0.819153	0.25028	0.529723
0.126962	0.703772	0.703436
0.694605	0.63569	0.351904
0.0617269	0.535608	0.845895
0.207902	0.453853	0.876692
0.897538	0.409246	0.166937
0.37772	0.0780289	0.925478
0.342376	0.756278	0.573972
0.30725	0.951889	0.0384749
0.7677	0.0200933	0.663725
0.315872	0.92114	0.277707
0.0834458	0.246747	0.974276
0.471301	0.132539	0.879233
0.414924	0.905607	0.118438
0.604599	0.487827	0.641397
0.678	0.534111	0.519793
0.579211	0.0677374	0.823327
0.356013	0.311565	0.890148
0.38617	0.333946	0.862338
0.460671	0.460337	0.775935
0.507549	0.552574	0.673851
0.984388	0.158957	0.163538
0.181354	0.677894	0.71892
0.563999	0.370184	0.740952
0.519201	0.146156	0.856349
0.488279	0.710805	0.513972
0.976253	0.11138	0.23878
0.0162707	0.736898	0.687805
0.177867	0.98595	0.0485393
0.0226649	0.845776	0.551778
0.783928	0.63252	0.0159187
0.714501	0.647191	0.305931
0.501939	0.367399	0.79515
0.447634	0.861272	0.267799
0.851613	0.277135	0.456993
0.361941	0.791303	0.538144
0.11742	0.995157	0.0100659
0.915872	0.29183	0.291057
0.529689	0.349039	0.785084
0.558128	0.778667	0.304026
0.405189	0.89793	0.293401
0.833359	0.571723	0.0873886
0.757393	0.229796	0.612205
0.547844	0.812954	0.204415
0.15003	0.6968	0.712974
0.993233	1.36483e-14	0.133421
0.937443	0.302056	0.192731
0.712398	0.192189	0.697569
0.134753	0.253059	0.963156
0.748885	0.664178	0.05742
0.635608	0.590174	0.536414
0.104077	0.875873	0.482063
0.704851	0.685283	0.211447
0.0449792	0.929792	0.370854
0.797315	0.200102	0.597573
0.702776	0.196651	0.68675
0.409681	0.89198	0.196925
0.909958	0.391335	0.153789
0.200864	0.445273	0.896233
0.11509	0.798404	0.602915
0.0743011	0.0656296	0.99739
0.751933	0.657971	0.0684375
0.373025	0.0978617	0.925363
0.411721	0.37869	0.832662
0.794445	0.29727	0.571374
0.721967	0.582408	0.378673
0.750218	0.239552	0.623947
0.674667	0.732892	0.14248
0.329984	0.913224	0.285895
0.227788	0.718601	0.657536
0.477439	0.396906	0.793667
0.519804	0.728411	0.456631
0.352219	0.934451	0.165499
0.0971792	0.0350615	0.996619
0.367207	0.813759	0.498282
0.0336637	0.827832	0.564002
0.492175	0.205743	0.848643
0.0962227	0.852955	0.531255
0.0848691	0.990729	0.160943
0.569408	0.835118	0.0692322
0.92021	0.387343	0.12972
0.80781	0.524675	0.279294
0.442953	0.164712	0.883492
0.464057	0.46372	0.757599
0.756477	0.510805	0.418036
0.454653	0.689884	0.564781
0.250209	0.967313	0.145501
0.41801	0.912343	0.000298932
0.215218	0.674228	0.72122
0.275601	0.940693	0.227036
0.21311	0.495891	0.846822
0.109504	0.78611	0.619147
0.123658	0.71117	0.710035
0.466978	0.467199	0.754219
0.833879	0.523575	0.17917
0.286012	0.585837	0.76268
0.248882	0.945685	0.233277
0.271472	0.856408	0.451769
0.22888	0.884854	0.431449
0.841433	0.257087	0.490034
0.123082	0.275965	0.953933
0.110149	0.168356	0.983664
0.0276747	0.981462	0.223333
0.892393	0.432847	0.15294
0.888866	0.383068	0.261479
1.00037	0.0946886	0
0.76239	0.217691	0.628166
0.883827	0.0696689	0.469161
0.390198	0.399214	0.850176
0.132897	0.267244	0.958711
0.393261	0.38651	0.83977
0.755951	0.609823	0.240001
0.458762	0.426012	0.784528
0.572799	0.507788	0.654976
0.554726	0.807867	0.204346
0.113679	0.173751	0.979315
0.723867	0.583941	0.370766
0.256885	0.635908	0.730766
0.224932	0.867986	0.49077
0.802399	0.343005	0.5043
0.512469	0.559848	0.659076
0.629252	0.617772	0.488165
0.425666	0.4179	0.812341
0.784091	0.305736	0.558857
0.61723	0.53146	0.600612
0.640951	0.287533	0.712988
0.825896	0.322704	0.505955
0.825028	0.504895	0.261307
0.610725	0.548872	0.578697
0.902202	0.280327	0.332844
0.95917	0.296086	0.0868013
0.10074	0.836298	0.558359
0.138243	0.477653	0.874574
0.932186	0.35887	0.126127
0.252544	0.82472	0.556491
0.320477	0.919567	0.242888
0.730285	0.230554	0.656122
0.662915	0.172041	0.747995
0.983074	0.180054	0.0848358
0.140291	0.263459	0.958772
0.655264	0.515615	0.587633
0.601307	0.47374	0.655006
0.558262	0.810373	0.202355
0.00894723	0.848881	0.553635
0.540906	0.76817	0.344685
0.145519	0.322835	0.939145
0.278692	0.96526	0.061958
0.321524	0.280657	0.915104
0.773966	0.643896	0.0870573
0.21875	0.541506	0.815387
0.616735	0.665803	0.436348
0.252955	0.972795	0.121188
0.714063	0.566315	0.421986
0.570032	0.459936	0.692444
0.38119	0.493595	0.800052
0.705304	0.56806	0.435417
0.430674	0.534666	0.74776
0.927615	0.416131	0.0194834
0.808846	0.340706	0.496369
0.525137	0.803085	0.304503
0.0751641	0.223198	0.983043
0.146532	0.446685	0.883166
0.36933	0.327306	0.872132
0.294564	0.877182	0.38324
0.781926	0.22436	0.591348
0.489206	0.208388	0.853331
0.733129	0.546041	0.431128
0.481484	0.666237	0.57932
0.336039	0.314648	0.893176
