8.53324e-32	1.39358e-15	1.00006
0.994114	0.128887	0
0.0371248	1.02326	9.49215e-06
0.170532	0.634526	0.756546
0.354628	0.0507983	0.935627
0.1945	0.983749	0.0945283
0.58341	0.770472	0.27061
0.403805	0.178403	0.900666
0.36262	0.863904	0.355878
0.563168	0.028366	0.827231
0.422986	0.907506	0.0459246
0.127921	0.738723	0.668025
0.4984	0.683761	0.546714
0.945543	0.0615847	0.364605
0.798045	0.607352	0.0810384
0.123451	0.545294	0.838256
0.823407	0.463765	0.340947
0.779407	0.478001	0.424135
0.851712	0.423226	0.317041
0.644287	0.737651	0.286362
0.549523	0.822162	0.187893
0.0670698	0.226698	0.972233
0.219768	0.955699	0.202674
0.965407	0.160327	0.211683
0.447592	0.896917	0.0291676
0.911977	0.404917	0.109437
0.409379	0.554235	0.725502
0.726146	0.410434	0.553749
0.259196	0.967294	0.0416199
0.834395	0.0978453	0.543823
0.169302	0.813086	0.560123
0.0167974	0.411744	0.913953
0.250395	0.925588	0.300308
0.383365	0.329403	0.867609
0.460876	0.689534	0.565504
0.689492	0.433869	0.596387
0.45251	0.833179	0.327012
0.439677	0.891636	0.133771
0.106957	0.362858	0.926375
0.346272	0.298018	0.891347
0.528672	0.8556	0.0164471
0.656087	0.580421	0.492121
0.630465	0.7792	0.0944835
0.162158	0.878231	0.455578
0.932112	0.0753416	0.35914
0.0733846	0.248962	0.966214
0.605628	0.743513	0.293017
0.0933904	0.530846	0.850038
0.620961	0.502881	0.606519
0.109166	0.667351	0.743587
0.733279	0.0567396	0.689053
0.23418	0.187627	0.955891
0.318651	0.645104	0.698367
0.143	0.969713	0.23168
0.616343	0.508628	0.612363
0.974047	0.240968	0.163097
0.539279	0.843139	0.0512365
0.941675	0.167057	0.307614
0.489613	0.621981	0.631362
0.199123	0.9149	0.357004
0.852186	0.400003	0.342363
0.630307	0.274818	0.730801
0.790703	0.486445	0.38477
0.637582	0.729975	0.296152
0.409085	0.52473	0.74913
0.418173	0.0877116	0.923065
0.872206	0.230293	0.434841
0.662765	0.749953	0.100341
0.695832	0.308949	0.654296
0.577113	0.762155	0.302306
0.39115	0.791877	0.483712
0.936263	0.129557	0.331276
0.268354	0.961715	0.0637448
0.597626	0.0393174	0.807118
0.519084	0.123003	0.874592
0.313825	0.532435	0.79654
0.717803	0.0555421	0.705278
0.498671	0.787811	0.370165
0.376258	0.797239	0.481683
0.203738	0.881971	0.427408
0.722568	0.319233	0.616782
0.710138	0.11762	0.709276
0.701862	0.293442	0.655928
0.676588	0.733334	0.169815
0.749064	0.662676	0.0551612
0.209113	0.947196	0.249874
0.569435	0.461153	0.684457
0.281962	0.725325	0.643544
0.489903	0.699793	0.522881
0.555811	0.341937	0.761475
0.839581	0.518332	0.185394
0.395849	0.709887	0.591626
0.555709	0.577782	0.608493
0.743956	0.219702	0.64149
0.505622	0.112614	0.884708
0.699807	0.567344	0.44493
0.0212066	0.991735	0.169626
0.59246	0.149909	0.79724
0.666086	0.720136	0.197118
0.375976	0.930609	0.0289089
0.277225	0.931221	0.249076
0.290804	0.612007	0.765628
0.292859	0.616331	0.736812
0.0885978	0.500858	0.864825
0.937234	0.0999469	0.339566
0.0075837	0.617376	0.788697
0.771359	0.635718	0.0807712
0.774532	0.589457	0.242871
0.565378	0.299893	0.77019
0.0991941	0.991145	0.115264
0.818299	0.0412166	0.579623
0.536558	0.708981	0.465388
0.438429	0.542276	0.718548
0.139019	0.659687	0.741339
0.809502	0.0822552	0.583635
0.417422	0.901618	0.129955
0.457941	0.702219	0.547586
0.997229	0.107798	0.0969813
0.983789	0.104911	0.15629
0.43498	0.538011	0.723292
0.197677	0.270033	0.943826
0.92244	0.3882	0.191295
0.807343	0.449655	0.387168
0.154841	0.875452	0.463773
0.112411	0.566989	0.820121
0.970675	0.0918023	0.262951
0.991661	0.0243253	0.155218
0.027326	0.753176	0.674809
0.561436	0.801973	0.224966
0.0831855	0.283954	0.961007
0.434521	0.493118	0.779628
0.890612	0.457384	0.00236584
0.903455	0.377038	0.217854
0.0799319	0.694737	0.733838
0.849584	0.00737631	0.532281
0.0568043	0.192	0.981151
0.00103627	0.152703	0.989169
0.648686	0.600206	0.472034
0.618926	0.603679	0.506114
0.28395	0.953812	0.125096
0.758688	0.650965	0.180744
0.245375	0.138202	0.963207
0.0432638	0.666227	0.747712
0.471476	0.877654	0.1317
0.708434	0.146384	0.71281
0.333175	0.324968	0.888266
0.813493	0.433604	0.393687
0.303595	0.515079	0.811589
0.301091	0.707157	0.648302
0.247174	0.842422	0.517915
0.60002	0.267039	0.784469
0.365895	0.310827	0.88032
0.258672	0.863072	0.440373
0.195511	0.84636	0.497441
0.223105	0.943503	0.260484
0.22302	0.94248	0.260495
0.858624	0.368586	0.396462
0.551664	0.595193	0.593411
0.0518637	0.986345	0.252053
0.559347	0.83686	0.00450178
0.0589276	1.02078	9.47873e-06
0.915004	0.416387	0.0198285
0.0468496	0.282214	0.965135
0.512542	0.732132	0.451062
0.755622	0.342542	0.564075
0.0462086	0.78263	0.623976
0.0976929	0.563805	0.843778
0.50195	0.784777	0.369847
0.985081	0.212865	0.0102406
0.481592	0.625584	0.625179
0.983803	0.243381	0.0222882
0.895222	0.452474	0.0137496
0.887315	0.0589906	0.474868
0.813295	0.0842829	0.577708
0.858628	0.000554149	0.570025
0.148867	0.760224	0.640616
0.876275	0.395655	0.291914
0.773132	0.652452	0.0595837
0.865268	0.530867	0.0748737
0.928094	0.25851	0.269768
0.878621	0.222315	0.425112
0.520645	0.60603	0.637261
0.483661	0.516386	0.713851
0.352629	0.380256	0.85635
0.235852	0.882413	0.41481
0.906858	0.233068	0.389845
0.703931	0.719438	0.117574
0.783971	0.641063	0.0199747
0.657372	0.748979	0.121828
0.0808817	0.99656	0.0703724
0.64746	0.695659	0.313075
0.976279	0.224569	0.0586351
0.507169	0.297424	0.809901
0.995822	0.0914807	1.99087e-17
0.000974511	1.00161	0.00315841
1.00354	0	6.34268e-08
8.46984e-31	6.12514e-17	1.00031
2.43362e-17	5.63575e-17	1.00253
0.404094	0.917224	0.08227
0.466564	0.878025	0.11948
0.950448	0.271803	0.19037
0.21104	0.825512	0.533318
0.745841	0.387684	0.547284
0.611517	0.791769	0.0279028
0.589753	0.782359	0.206163
0.903968	0.0160646	0.430878
0.0371879	0.44145	0.909365
0.742725	0.252364	0.65946
0.551938	0.544516	0.634636
0.501928	0.850499	0.262844
0.674255	0.620441	0.404519
0.854761	0.221833	0.484903
0.252908	0.683502	0.694579
0.192618	0.0427208	0.985362
0.00856571	0.399029	0.918397
0.625189	0.295203	0.73948
0.434957	0.0619548	0.904395
0.936169	0.22169	0.275528
0.150725	0.360181	0.928696
0.0576874	0.853484	0.528077
0.636799	0.634269	0.442498
0.176288	0.981411	0.0967586
0.371696	0.735762	0.568094
0.288991	0.075356	0.959461
0.407898	0.748186	0.525
0.889647	0.300788	0.410992
0.882011	0.470303	0.0724819
0.602068	0.798697	0.0517806
0.325237	0.487641	0.829697
0.368054	0.500902	0.788377
0.261027	0.704899	0.669514
0.525888	0.0642602	0.858358
0.754245	0.647656	0.180203
0.512222	0.159478	0.849094
0.41571	0.702954	0.611641
0.113828	0.494556	0.868056
0.351644	0.840304	0.448038
0.694008	0.627364	0.371848
0.666487	0.667619	0.361884
0.781384	0.416168	0.478328
0.820718	0.340914	0.494004
0.765325	0.64293	0.107075
0.725907	0.166849	0.6791
0.66515	0.600072	0.467006
0.38393	0.611996	0.703677
0.137362	0.650274	0.756179
0.456391	0.718065	0.553955
0.279215	0.638009	0.721115
0.15652	0.953149	0.344333
0.877196	0.455962	0.177999
0.866868	0.0300104	0.500143
0.430329	0.117615	0.895399
0.337761	0.899421	0.302244
0.0910912	0.998944	0.0153274
0.34701	0.678977	0.665394
0.13441	0.315193	0.949197
0.154534	0.913441	0.38298
0.690014	0.37146	0.623515
0.163735	0.37482	0.913877
0.39684	0.905086	0.163762
0.427776	0.846769	0.321527
0.480316	0.422811	0.776483
0.0458471	0.243597	0.980023
0.860782	0.0297997	0.510539
0.842576	0.484273	0.28971
0.712465	0.700013	0.139313
0.585362	0.528432	0.627121
0.657199	0.208645	0.733605
0.541942	0.205919	0.818316
0.308659	0.692413	0.661537
0.332185	0.512928	0.792926
0.914535	0.371624	0.203393
0.491328	0.128697	0.865564
0.893327	0.322384	0.336755
0.0240268	0.320902	0.950824
0.554204	0.750607	0.385714
0.239143	0.959112	0.170283
0.299644	0.716043	0.645663
0.882923	0.298515	0.422645
0.900364	0.457295	0.00377973
0.593105	0.774309	0.226308
0.30388	0.413565	0.874191
0.84617	0.219604	0.506459
0.919252	0.2397	0.327015
0.76562	0.643178	0.0869643
0.568955	0.180813	0.807934
0.188634	0.0585609	0.986443
0.730622	0.113153	0.686009
0.732449	0.681767	0.133397
0.532711	0.806272	0.262631
0.111462	0.722761	0.684036
0.957941	0.292561	0.0381172
0.448158	0.436883	0.793811
0.869409	0.330346	0.39435
0.443458	0.17653	0.889512
0.926184	0.328285	0.238209
0.969542	0.0938361	0.232751
0.950275	0.00400968	0.320172
0.344474	0.100178	0.93645
0.844705	0.469122	0.283138
0.534615	0.834878	0.197874
0.716756	0.111006	0.700786
0.72193	0.569297	0.398122
0.270096	0.650305	0.713459
0.212328	0.534289	0.824262
0.09359	0.93216	0.369655
0.618191	0.202458	0.769052
0.840004	0.147857	0.525471
0.830391	0.477269	0.303045
0.411388	0.802345	0.436926
0.684672	0.738176	0.143946
0.122191	0.653393	0.756289
0.361593	0.882333	0.308548
0.106043	0.278622	0.96343
0.400364	0.908759	0.157298
0.223193	0.191384	0.963991
0.959937	0.28433	0.0390422
0.796055	0.123745	0.595673
0.988342	0.153794	0.100914
0.559343	0.212531	0.805139
0.897794	0.324419	0.315303
0.0599816	0.814747	0.580679
0.594592	0.536765	0.611001
0.241149	0.572618	0.788047
0.638275	0.301382	0.725901
0.205846	0.974431	0.159081
0.521291	0.823161	0.254472
0.644896	0.426192	0.654626
0.561029	0.334573	0.77278
0.198471	0.888451	0.419106
0.776632	0.136703	0.618284
0.946529	0.309979	0.126177
0.0325766	0.386711	0.928264
0.119084	0.481803	0.876288
0.153843	0.352175	0.924768
0.375875	0.902531	0.218271
0.629569	0.449369	0.650775
0.785943	0.617201	0.0482124
0.219219	0.947723	0.24615
0.629771	0.620275	0.492296
0.00485895	0.688311	0.726764
0.214494	0.96638	0.170528
0.577328	0.591154	0.57404
0.984365	0.18312	0.0234439
0.358028	0.141017	0.925941
0.452347	0.872	0.196549
0.791818	0.186248	0.590705
0.338966	0.562028	0.758885
0.201549	0.95001	0.284401
0.78913	0.410185	0.466985
0.74117	0.636452	0.237411
0.907383	0.248	0.33952
0.653901	0.432144	0.641567
0.77517	0.606753	0.186082
0.701733	0.713716	0.123342
0.059145	0.822769	0.586322
0.622001	0.625438	0.47343
0.977622	0.224027	1.99674e-17
0.323379	0.866416	0.392121
0.800579	0.394666	0.455333
0.362748	0.0886453	0.934861
0.376529	0.903041	0.214924
0.804547	0.378578	0.465614
0.667981	0.756826	0.0452284
0.811409	0.485571	0.355973
0.0843936	0.998178	0.0247473
0.963612	0.124105	0.241278
0.835011	0.473425	0.303712
0.379996	0.287637	0.888171
0.692142	0.196337	0.696228
0.904635	0.427725	0.0644473
0.236271	0.564605	0.799959
0.0247697	0.294037	0.967696
0.971184	0.0582927	0.233436
0.232503	0.553412	0.804762
0.0672822	0.520836	0.859604
0.31781	0.836762	0.460747
0.8109	0.382834	0.457452
0.176256	0.981228	0.0979829
0.593188	0.236527	0.786773
0.455885	0.118241	0.882545
0.471808	0.43066	0.775153
0.10797	0.0241516	0.995871
0.293093	0.715185	0.652521
0.575473	0.652015	0.515795
0.227296	0.972576	0.0561668
0.699935	0.692136	0.186074
0.490123	0.140162	0.863548
0.836943	0.447118	0.322639
0.955328	0.250237	0.175026
0.0993363	0.586839	0.840663
6.51623e-24	6.125e-17	1.00029
4.30966e-17	4.71841e-17	1.04362
1.00785	0	8.84708e-10
0.165474	0.986248	1.49321e-17
0.371399	0.690447	0.627691
0.10517	0.128682	0.988664
0.683304	0.110767	0.726378
4.94341e-17	3.82457e-17	1.02073
0.910678	0.397142	0.179562
0.767623	0.159784	0.650346
0.811829	0.167781	0.582313
0.46384	0.878108	0.196709
0.118128	0.7956	0.600918
0.782943	0.614666	0.147541
0.918606	0.330947	0.223875
0.289443	0.810453	0.521121
0.687973	0.151071	0.711283
0.974173	0.286463	0.0515602
0.927045	0.346603	0.160097
0.130019	0.769836	0.637413
0.30183	0.451651	0.855252
0.637608	0.781595	0.0398699
0.625159	0.701341	0.354649
0.137662	0.285382	0.952179
0.451163	0.543523	0.719734
0.277448	0.318225	0.911761
0.487096	0.900139	0.0175073
0.0718187	0.0846264	0.997377
0.588645	0.693347	0.424085
0.311007	0.528941	0.804045
0.247553	0.835521	0.521292
0.178415	0.430445	0.887615
0.532076	0.850229	0.0904928
0.432358	0.490703	0.760491
0.480075	0.887163	0.0477199
0.282466	0.367547	0.903784
0.536852	0.355802	0.770978
0.0364481	0.791036	0.617424
0.849839	0.515632	0.110834
0.182928	0.90602	0.387001
0.674142	0.313502	0.677413
0.575713	0.124832	0.817314
0.605843	0.566213	0.567609
0.729656	0.676878	0.117364
0.0858291	0.186745	0.980931
0.885291	0.294185	0.365673
0.0450324	0.92046	0.400644
0.559445	0.260761	0.796138
0.539554	0.0218094	0.846685
0.531093	0.754885	0.396576
0.997661	0.037768	0.065539
0.525517	0.602755	0.607926
0.421397	0.478263	0.781034
0.668585	0.58341	0.462168
0.698641	0.577437	0.432725
0.746858	0.662699	0.117743
0.618472	0.71609	0.341746
0.473095	0.734342	0.491108
0.380129	0.830121	0.417238
0.720456	0.44366	0.538878
0.0813039	0.304687	0.96497
0.940946	0.327195	0.0972459
0.216631	0.550084	0.820245
0.160662	0.509257	0.852859
0.71656	0.461861	0.528882
0.234495	0.881095	0.44838
0.130731	0.96205	0.255968
0.0949448	0.184187	0.981971
0.736135	0.630166	0.273082
0.706564	0.705618	0.117752
0.0577327	0.6911	0.73536
0.35987	0.875581	0.349093
0.991321	0.0488129	0.131676
0.198614	0.983713	0.0114269
0.112507	0.379747	0.923147
0.874462	0.078364	0.485355
0.0253359	0.476277	0.879943
0.547642	0.0163999	0.841815
0.0518624	0.974935	0.222116
0.142885	0.180202	0.975953
0.843809	0.0434954	0.546326
0.412551	0.800325	0.440281
0.964775	0.138759	0.231071
0.0221637	0.999955	0.0473165
0.150938	0.312902	0.945655
0.692243	0.183475	0.706147
0.859414	0.250996	0.474862
0.243567	0.548317	0.809931
0.398511	0.907218	0.166146
0.0209044	0.387494	0.930612
0.0131546	0.247287	0.971487
1.43806e-08	0.992495	0.12458
0.421418	0.622012	0.663605
0.318853	0.222887	0.936038
0.761029	0.628141	0.211956
0.781376	0.452881	0.447397
0.0689043	0.464074	0.890417
0.501328	0.82208	0.30275
0.256749	0.925886	0.280448
0.21328	0.533524	0.82351
0.224353	0.71114	0.669888
0.730651	0.21245	0.660259
0.551948	0.825922	0.126786
0.786619	0.564312	0.327476
0.735605	0.682398	0.0238225
0.950224	0.14859	0.283511
0.975292	0.0691583	0.229563
0.960632	0.245	0.166229
0.801208	0.281958	0.534157
0.119199	0.987545	0.10686
0.4894	0.636811	0.613949
0.968457	0.230366	0.133341
0.346144	0.426458	0.839653
0.779273	0.559041	0.332779
0.696364	0.51965	0.507473
0.827285	0.097304	0.555907
0.555605	0.667565	0.498397
0.206075	0.985729	0.00151663
0.127368	0.257998	0.965054
0.773838	0.570591	0.317681
0.617906	0.538243	0.577973
0.946569	0.148018	0.296357
0.0116213	0.729065	0.690381
0.364855	0.595138	0.741645
0.627636	0.556912	0.557565
0.423137	0.798323	0.435756
0.544483	0.220504	0.81196
0.59753	0.802731	0.0354214
0.509354	0.856965	0.0807901
0.816893	0.0631409	0.578792
0.19016	0.448723	0.874436
0.515211	0.424109	0.748241
0.499218	0.282913	0.832376
0.46925	0.770418	0.448724
0.360804	0.49558	0.792265
0.903889	0.300366	0.315677
0.602998	0.761814	0.281931
0.862902	0.342165	0.382729
0.170151	0.406796	0.908645
0.409409	0.917145	0.0110968
0.440439	0.748265	0.507113
0.58011	0.709797	0.405915
0.872124	0.0907748	0.484729
3.13565e-17	5.2827e-17	1.00326
0.0667905	0.57298	0.826785
0.837912	0.0282205	0.55324
0.640586	0.785246	0.033261
0.229114	0.726231	0.655575
0.854969	0.484311	0.2671
0.712598	0.216275	0.684478
0.564773	0.503262	0.668145
0.261614	0.910431	0.336803
0.00146635	1.0038	0.000435294
0.257067	0.226706	0.940562
0.338236	0.892645	0.308406
0.790348	0.542407	0.294249
0.904366	0.0749496	0.423843
0.758027	0.468445	0.462989
0.834435	0.387711	0.415101
0.393623	0.736826	0.56233
0.382678	0.944741	0.0210715
0.246189	0.85675	0.458235
0.269881	0.9392	0.241916
0.976471	0.0611677	0.238893
0.87197	0.0546216	0.503775
0.981507	0.202492	0.00754548
0.0634282	0.376978	0.924087
0.869296	0.137706	0.481075
0.567279	0.819994	0.080805
0.683326	0.232921	0.695913
0.269291	0.937144	0.242424
0.755247	0.657878	0.0281659
0.342605	0.664633	0.700461
0.997385	0.0335915	0.114463
0.309191	0.272674	0.913315
0.0528272	0.501537	0.866771
0.338712	0.893902	0.303524
0.305375	0.571635	0.767087
0.648576	0.750945	0.286072
0.46397	0.722274	0.541207
0.169195	0.859582	0.508798
0.759575	0.644973	0.104981
0.893572	0.464177	0.0352371
0.0334509	0.922724	0.407478
0.61362	0.79216	0.0354678
0.198369	0.384824	0.907113
0.0075133	0.356234	0.939074
0.867926	0.0504698	0.516785
0.703079	0.652224	0.289835
0.436802	0.805687	0.412553
0.983467	0.196687	0.07557
0.631864	0.58616	0.512318
0.827967	0.40075	0.414986
0.891539	0.415349	0.218667
0.112904	0.742105	0.673609
0.0012036	1.00706	0.0776411
1.0061	0.00357895	5.35166e-12
1.00038	0	2.0598e-10
2.95118e-17	5.45106e-17	1.01232
0.927809	0.373155	8.72e-17
0.798013	0.318534	0.513335
0.959668	0.214819	0.242782
0.582028	0.271848	0.769077
0.754602	0.668909	0.0978701
0.850619	0.502195	0.164956
0.637435	0.402811	0.677178
0.945695	0.176457	0.285718
0.418593	0.260377	0.871512
0.786404	0.619259	0.00634442
0.156776	0.537221	0.832393
0.34315	0.673675	0.663607
0.779494	0.394624	0.489809
0.0736947	0.878261	0.477898
0.0111787	0.385479	0.932623
0.648298	0.252915	0.722968
0.359411	0.373085	0.857019
0.603022	0.764461	0.247339
0.0177496	0.999745	0.0692518
0.340526	0.0111749	0.942466
0.978123	0.207589	0.0794351
0.0919302	0.987329	0.182975
0.592964	0.597269	0.551132
0.608591	0.280679	0.751652
0.919887	0.0610814	0.391769
0.368476	0.326522	0.880355
0.9873	0.169345	0.0813284
0.200372	0.341991	0.920617
0.37388	0.813611	0.449641
0.453668	0.771022	0.454095
0.443449	0.813425	0.379781
0.452452	0.167092	0.885886
0.673734	0.753306	0.0411216
0.790669	0.548715	0.303858
0.806947	0.122282	0.59168
0.0546353	0.701195	0.716871
0.243161	0.833237	0.502564
0.331204	0.954607	0.0112772
0.748381	0.68239	0.0982958
0.377888	0.0493956	0.926997
0.366779	0.852751	0.380534
0.616315	0.333213	0.735836
0.47797	0.801595	0.37026
0.0959182	0.938873	0.35331
0.0515628	0.963899	0.339745
0.858424	0.113029	0.538973
0.300054	0.889374	0.364477
0.402281	0.7172	0.571157
0.394642	0.184588	0.91471
0.691753	0.428062	0.586014
0.519689	0.580068	0.636223
0.751307	0.467335	0.469316
0.10188	0.988975	0.131719
0.388638	0.918688	0.100056
0.219357	0.745259	0.641408
0.177434	0.981329	0.107566
0.0299739	0.919577	0.405444
0.470413	0.526928	0.714368
0.555674	0.223525	0.804746
0.490196	0.898042	0.0634142
0.125009	0.416671	0.903562
0.610154	0.238633	0.764012
0.5061	0.256217	0.82519
0.985709	0.0379227	0.252169
0.350538	0.363874	0.864635
0.196656	0.97364	0.155539
0.565294	0.577838	0.594031
0.406559	0.424488	0.810559
0.231954	0.82603	0.519366
0.0828042	0.885119	0.461693
0.494192	0.590388	0.64324
0.435404	0.0787638	0.908605
0.297091	0.113887	0.951331
0.322953	0.912728	0.27143
0.578378	0.483897	0.661914
0.214826	0.759492	0.624194
0.0253416	0.982663	0.212325
0.531968	0.233294	0.820938
0.76774	0.532847	0.35741
0.277861	0.00911846	0.963261
0.212281	0.607608	0.769365
0.968459	0.245667	0.13064
0.499561	0.295015	0.815705
0.912963	0.388591	0.143101
0.413547	0.0748098	0.909058
0.702269	0.712095	0.125932
0.137889	0.659847	0.747935
0.11019	0.623453	0.785626
0.976351	0.0695279	0.207397
0.655011	0.162763	0.756716
0.257798	0.0344862	0.966951
0.874837	0.488734	0.0157476
0.618292	0.691316	0.384364
0.0372816	0.0311915	0.999806
0.861194	0.0427963	0.508377
0.397343	0.378174	0.8501
0.992606	0.138498	0.0384188
0.671146	0.150005	0.731832
0.827684	0.0947222	0.564512
0.807399	0.604294	0.0330485
0.350148	0.81758	0.459462
0.680054	0.0888933	0.732717
0.812317	0.561334	0.175844
0.688271	0.59998	0.415964
0.166131	0.738431	0.658936
0.771007	0.36213	0.540839
0.683044	0.0165296	0.739711
0.247892	0.909735	0.374079
0.368251	0.631453	0.703709
0.0617156	0.73655	0.682691
0.544681	0.285491	0.798354
0.171381	0.679591	0.728144
0.209396	0.831461	0.53977
0.621164	0.432634	0.679815
0.133788	0.868382	0.497224
0.762175	0.089582	0.650222
0.718416	0.363703	0.596849
0.882361	0.455396	0.142436
0.0759804	0.899531	0.438907
0.509933	0.832751	0.249622
0.552688	0.00693674	0.840617
0.578874	0.550947	0.629303
0.901078	0.133825	0.425784
0.832538	0.0201474	0.556367
0.520055	0.845244	0.133412
0.235372	0.0248312	0.974504
0.71043	0.291258	0.650557
0.629355	0.49359	0.62298
0.122348	0.418245	0.905128
0.992	0.136813	0.0518748
0.878395	0.439343	0.235325
0.888357	0.357288	0.293053
0.260103	0.89311	0.369045
0.129096	0.996199	1.717e-10
0.527024	0.0245648	0.851607
0.176851	0.9781	0.115947
0.230248	0.819957	0.525687
0.817244	0.474542	0.332618
0.626421	0.512604	0.631675
0.436771	0.767527	0.48233
0.327495	0.925565	0.269211
0.309272	0.302934	0.913451
0.561939	0.539876	0.636583
0.48595	0.860022	0.169245
0.934382	0.221267	0.323044
0.14663	0.967152	0.219862
0.663552	0.641129	0.392097
0.320516	0.00658224	0.955722
0.424252	0.724104	0.548687
0.737158	0.596685	0.328546
0.115107	0.663982	0.745939
0.466368	0.198014	0.872862
0.428029	0.158072	0.895297
0.303753	0.0397449	0.953814
0.0788921	0.912954	0.411212
0.938931	0.222344	0.311052
0.246926	0.421449	0.875036
0.54592	0.309876	0.783477
0.0484881	0.0193544	0.999538
0.727021	0.13808	0.691172
0.572444	0.56771	0.605852
0.869893	0.453714	0.201955
0.831381	0.145882	0.54279
0.329982	0.189656	0.925778
0.424955	0.779502	0.463511
0.534257	0.508483	0.698471
0.878126	0.458009	0.150379
0.633515	0.569205	0.529122
0.890809	0.355041	0.2971
0.718789	0.681435	0.260955
0.73245	0.286463	0.619521
0.229608	0.65446	0.728425
0.920162	0.391655	0.0229252
0.186731	0.697413	0.696019
0.728942	0.654946	0.22443
0.49168	0.871039	0.125944
0.37999	0.245556	0.894768
0.712012	0.397771	0.580243
0.698139	0.600017	0.397494
0.466298	0.532564	0.732323
0.226422	0.400716	0.892871
0.309521	0.148278	0.949369
0.760405	0.392454	0.520268
0.844693	0.470684	0.267004
0.181252	0.177878	0.972113
0.553601	0.463167	0.695848
0.871522	0.449399	0.201844
0.503231	0.28525	0.817414
0.618006	0.541306	0.584484
0.287656	0.527652	0.801308
0.737332	0.596826	0.325354
0.896052	0.133078	0.435655
8.53324e-32	1.39358e-15	1.00006
0.792	0.6161	0
0.00144746	1.00695	6.75722e-05
0.909678	0	0.421809
0.473034	0.859626	0.200941
0.594073	0.807657	0.12637
0.488762	0.82681	0.28667
0.518293	0.852002	0.115069
0.86153	0.315478	0.407396
0.813517	0.577708	0.0953218
1.00672	0.0101908	0
0.847828	0.00666046	0.54897
0.327226	0.723845	0.615299
0.563237	0.762217	0.341964
0.966124	0.220716	0.188183
0.769067	0.416361	0.495433
0.221066	0.944356	0.249977
0.929629	0.105319	0.364396
0.142751	0.178334	0.974978
0.65171	0.0644297	0.756797
0.4087	0.873179	0.297109
0.499423	0.726889	0.480763
0.177382	0.911783	0.381474
0.480745	0.880001	0.0620266
0.495463	0.36518	0.789431
0.551333	0.634005	0.584402
0.460113	0.644439	0.632161
0.41831	0.705479	0.574034
0.265356	0.0174614	0.970609
0.319921	0.546169	0.777497
0.70475	0.499961	0.506937
0.88497	0.0781111	0.461509
0.0962425	0.958378	0.278021
0.939993	0.205937	0.304223
0.499756	0.646308	0.597464
0.93646	0.130296	0.33406
0.336702	0.791839	0.528172
0.95293	0.186873	0.260001
0.119034	0.842482	0.531463
0.0292765	0.552277	0.848365
0.172932	1.00056	0.0346184
0.213319	0.192621	0.966272
0.659939	0.757504	0.0854158
0.722423	0.70176	0.0203677
0.980509	0.0535966	0.204285
0.722185	0.156145	0.677966
0.82935	0.536221	0.174942
0.190097	0.0214152	0.989061
0.100881	0.825893	0.56155
0.0768872	0.688312	0.721791
0.892259	0.181231	0.437404
0.0352431	1.00141	0.00596709
0.681869	0.0601846	0.731144
0.715924	0.669198	0.211754
0.75092	0.582281	0.325076
0.123757	0.986136	0.14468
0.708571	0.0903739	0.704269
0.619909	0.471864	0.64422
0.893457	0.158008	0.434819
0.105182	0.715113	0.695739
0.207166	0.87576	0.470503
0.568514	0.433649	0.704973
0.669902	0.38191	0.651587
0.918762	0.0989781	0.39356
0.770116	0.59382	0.242495
0.188958	0.236059	0.956973
0.87157	0.390828	0.301978
0.69916	0.0413009	0.718091
0.27552	0.402793	0.876197
0.325026	0.373077	0.897226
0.203368	0.768943	0.621074
0.400912	0.58351	0.712914
0.21798	0.36827	0.906706
0.283812	0.90683	0.323143
0.377719	0.444214	0.829949
0.36575	0.916279	0.207222
0.17186	0.214256	0.962097
0.600427	0.770629	0.220486
0.301062	0.407421	0.865792
0.0805255	0.521063	0.86213
0.579664	0.640209	0.529515
0.804613	0.0773397	0.626685
0.44254	0.900471	0.133766
0.0562579	0.989217	0.163846
0.928126	0.140449	0.351791
0.258048	0.699335	0.669232
0.137464	0.951115	0.308849
0.0921717	0.479162	0.876083
0.687433	0.55257	0.516324
0.37055	0.494221	0.792387
0.511706	0.742837	0.444507
0.314446	0.513736	0.809638
0.615652	0.277769	0.741634
0.350129	0.492018	0.81366
0.229678	0.169283	0.959233
0.153903	0.234324	0.969991
0.130998	0.969672	0.223464
0.679372	0.755693	0.053527
0.199709	0.982766	0.0718088
0.553263	0.784608	0.308547
0.779923	0.586511	0.252055
0.557231	0.622162	0.591493
0.3711	0.571512	0.742779
0.683769	0.45591	0.575232
0.671431	0.488022	0.560213
0.420626	0.649285	0.636457
0.804084	0.447886	0.397867
0.959644	0.164721	0.236268
0.859324	0.16915	0.491753
0.428182	0.540001	0.727568
0.763642	0.574267	0.317945
0.738857	0.104425	0.670512
0.622571	0.779977	0.0740961
0.827085	0.342927	0.453564
0.994412	0.100811	0.048631
0.676515	0.71089	0.229228
0.521962	0.679132	0.520857
0.633308	0.107413	0.780793
0.131006	0.969734	0.221309
0.98557	0.120092	0.164184
0.456002	0.84886	0.278133
0.880342	0.422239	0.234122
0.449303	0.737373	0.530882
0.968865	0.242865	0.0754723
0.544703	0.254897	0.805138
0.613152	0.772376	0.179686
0.713259	0.197354	0.684891
0.524396	0.848071	0.096144
0.576883	0.664689	0.507027
0.0383927	0.351554	0.942079
0.610392	0.466652	0.66757
0.476575	0.530113	0.702821
0.531031	0.695299	0.485965
0.641408	0.438857	0.640284
0.658775	0.116464	0.750241
0.437608	0.890436	0.157445
0.742606	0.586074	0.331159
0.807629	0.0259988	0.66427
0.243747	0.412537	0.880103
0.964114	0.117478	0.272792
0.200156	0.90612	0.380061
0.504428	0.560881	0.666598
0.690955	0.543849	0.539122
0.788036	0.613016	0.101123
0.874841	0.0516788	0.488018
0.0616006	0.567039	0.827027
0.793126	0.449629	0.417453
0.385851	0.88216	0.294434
0.00322436	0.393677	0.924562
0.33316	0.298454	0.912889
0.0479134	0.60546	0.820171
0.599182	0.299116	0.764588
0.958433	0.218958	0.226702
0.19287	0.980932	0.0998941
0.294424	0.263754	0.928188
0.574734	0.269353	0.779653
0.0677004	0.325913	0.946097
0.483691	0.869886	0.152286
0.208128	0.445699	0.903491
0.800581	0.424225	0.446541
0.788919	0.357242	0.525823
0.160116	0.815272	0.560321
0.742386	0.14455	0.668351
0.758838	0.128704	0.665399
0.195324	0.309673	0.932259
0.596934	0.803835	0.0162864
0.232094	0.392815	0.890563
0.923826	0.336669	0.207081
0.247856	0.955633	0.201902
0.913402	0.303142	0.289641
0.295142	0.927409	0.269295
0.011599	0.352722	0.940796
0.692638	0.344731	0.661184
0.0179855	0.287353	0.96795
0.0460885	0.582399	0.83789
0.322417	0.509756	0.799674
0.0416072	0.609874	0.821775
0.384302	0.920194	0.0996448
0.0796952	0.993776	0.142679
0.170415	0.941464	0.315994
0.54057	0.707789	0.467285
0.309606	0.174705	0.947683
0.286417	0.466635	0.84159
0.668526	0.623393	0.423851
0.305045	0.111702	0.948913
0.902009	0.450423	0.0455628
0.759038	0.0937692	0.661191
0.634237	0.807096	0.00946247
0.599822	0.2837	0.757551
0.629645	0.769758	0.155833
0.991633	0.129107	0.108239
0.357213	0.480075	0.806265
0.3833	0.821572	0.449534
3.41047e-05	1.01239	0.000596211
2.95118e-17	5.45106e-17	1.01232
0.905831	0.423686	8.71984e-17
0.862995	0.499172	0.0958515
0.352334	0.136281	0.930135
0.335328	0.833339	0.446887
0.847034	0.382226	0.372137
0.871082	0.338177	0.362816
0.891542	0.239879	0.408254
2.65169e-09	1.00221	0.075144
0.242272	0.0516956	0.973301
0.462829	0.0933913	0.887666
0.202191	0.899241	0.389101
0.941793	0.340985	0.0312059
0.607229	0.774972	0.181129
0.685738	0.568397	0.476073
0.304076	0.751966	0.588085
0.648168	0.507171	0.574021
0.295769	0.724384	0.6256
0.630088	0.763444	0.18652
0.422643	0.879879	0.237958
0.882999	0.309914	0.363353
0.637478	0.535893	0.580851
0.981694	0.205431	0.063257
0.474895	0.789675	0.405773
0.701736	0.59611	0.395416
0.0375307	0.998318	0.0548108
0.332247	0.75706	0.566692
0.171885	0.686675	0.713093
0.856561	0.20124	0.488171
0.596568	0.522557	0.614282
0.623763	0.170863	0.787543
0.689915	0.57186	0.459633
0.718643	0.526156	0.498735
0.252014	0.204539	0.946743
0.448073	0.0994766	0.898315
0.73595	0.465461	0.51471
0.38855	0.885147	0.304053
0.160852	0.251846	0.955295
0.670977	0.529897	0.521789
0.178885	0.987727	0.00472822
0.420861	0.854621	0.314966
0.441302	0.598973	0.680458
0.364127	0.12913	0.922695
0.97687	0.187463	0.14759
0.793033	0.282735	0.552781
0.113146	0.575937	0.812512
0.0303742	0.267089	0.963308
0.858384	0.320665	0.433572
0.102567	0.445293	0.894343
0.0464071	0.660233	0.759319
0.379278	0.928909	0.0312599
0.765724	0.47245	0.457028
0.529434	0.842363	0.122498
0.0248091	0.816256	0.610239
0.0664328	0.0569865	0.9977
0.544433	0.546923	0.64456
0.645359	0.388826	0.673156
0.292121	0.715449	0.635126
0.0750927	0.918465	0.410511
0.817669	0.171106	0.552176
0.434268	0.862558	0.277092
0.490469	0.277437	0.828547
0.926145	0.217557	0.326144
0.475128	0.265229	0.842045
0.988823	0.082676	0.13342
0.433084	0.39777	0.814503
0.0803182	0.160516	0.990854
0.149705	0.738202	0.659394
0.486594	0.615285	0.623556
0.967229	0.0788096	0.25765
0.146512	0.118912	0.983452
0.0397935	0.509614	0.863645
0.415415	0.0429146	0.921374
0.210549	0.303665	0.935912
0.139573	0.404383	0.905487
0.695257	0.590606	0.421163
0.402878	0.745145	0.558241
0.708807	0.448295	0.567002
0.446833	0.825177	0.351546
0.832049	0.368049	0.423064
0.0732442	0.937998	0.345449
0.826689	0.369403	0.429354
0.935545	0.256071	0.284714
0.00802299	0.86506	0.52796
0.217682	0.969797	0.153267
0.523628	0.682905	0.544464
0.549097	0.478166	0.701328
0.320168	0.967184	0.0125317
0.953106	0.199448	0.271971
0.676744	0.69811	0.274495
0.657732	0.484376	0.586282
0.0606125	0.822558	0.57013
0.664963	0.685957	0.331601
0.0198361	0.936436	0.355942
0.495061	0.770387	0.432513
0.0922435	0.85134	0.526373
0.637616	0.494393	0.602916
0.741154	0.464858	0.508284
0.184371	0.619744	0.775985
0.901905	0.188734	0.401564
0.361068	0.111113	0.930149
0.921754	0.298773	0.251905
0.957968	0.0168138	0.320553
0.587179	0.154006	0.817089
0.800297	0.167471	0.582039
0.282944	0.361106	0.889751
0.616036	0.0362294	0.790034
0.564611	0.0705084	0.847691
0.81011	0.555306	0.200862
0.406284	0.122594	0.912248
0.128188	0.912764	0.389113
0.287617	0.704418	0.651326
0.919743	0.325684	0.233187
0.105927	0.977624	0.214717
0.839472	0.451393	0.326556
0.480703	0.846578	0.24488
0.799472	0.604552	0.136115
0.517426	0.316012	0.799879
0.54683	0.817391	0.197075
0.451558	0.255427	0.871298
0.0129686	0.790806	0.629436
0.26083	0.741566	0.648587
0.147117	0.730981	0.668126
0.785216	0.611839	0.157649
0.0281169	0.90757	0.442897
0.55802	0.458729	0.697091
0.538798	0.811533	0.258626
0.215375	0.959519	0.223213
0.270846	0.106751	0.961538
0.280501	0.952489	0.143068
0.731536	0.634997	0.280582
0.988797	0.0592775	0.168545
0.739563	0.679259	0.0514703
0.121769	0.144916	0.986518
0.757674	0.29792	0.590276
0.556776	0.328706	0.791547
0.8431	0.559311	0.000595839
0.751219	0.4635	0.477028
0.559	0.806219	0.224402
0.373543	0.913646	0.167947
0.578176	0.221339	0.795108
0.186421	0.673774	0.733197
0.265207	0.801153	0.538458
0.928499	0.0351045	0.401222
0.694514	0.575672	0.45591
0.41557	0.027969	0.918913
0.518318	0.426318	0.744316
0.254508	0.964228	0.11526
0.00558949	0.14769	0.993811
0.906687	0.255224	0.343008
0.815607	0.512515	0.293969
0.982852	0.0800825	0.180512
0.083599	0.803005	0.596141
0.237306	0.0648269	0.974112
0.909641	0.417493	0.00316812
0.718368	0.695611	0.114072
0.127793	0.650493	0.753194
0.932069	0.195046	0.329625
0.501335	0.222048	0.855859
0.0909594	0.181782	0.981977
0.772654	0.644173	0.099793
0.122191	0.703035	0.706939
0.804899	0.487666	0.353508
0.139339	0.405246	0.907053
0.666221	0.156659	0.747135
0.66113	0.247449	0.711138
0.0137325	0.837386	0.561336
0.745434	0.632406	0.262054
0.0496016	0.905163	0.427699
0.581924	0.483563	0.664878
0.824511	0.232299	0.531975
0.216823	0.435831	0.875688
0.478708	0.796015	0.404589
0.0586816	0.642477	0.76819
0.17624	0.353307	0.931243
0.177767	0.710172	0.690409
0.531687	0.572591	0.64341
0.959763	0.286714	0.0378808
0.375155	0.92774	0.107035
0.916706	0.0698142	0.409724
0.198046	0.668516	0.731253
0.499208	0.647075	0.602334
0.225812	0.583216	0.803212
0.854887	0.307424	0.44313
0.0139253	0.849143	0.542417
0.750281	0.552363	0.366907
0.600602	0.0841517	0.800109
0.00206224	0.364938	0.942515
0.288922	0.0241569	0.957594
0.240683	0.347125	0.913308
0.313521	0.636422	0.712252
0.196681	0.663907	0.735848
0.480269	0.441108	0.763557
1.00161	0	9.36448e-07
0.756196	0.654394	1.49321e-17
5.49555e-17	2.99723e-17	1.02229
0.792838	0.247589	0.560204
0.658146	0.677879	0.338678
0.627115	0.780164	0.125976
0.752585	0.668685	0.0379859
0.367165	0.521515	0.776418
0.0265744	0.819913	0.57764
0.127061	0.828995	0.555631
0.513973	0.609566	0.60966
0.0186115	1.00304	0.0668703
0.558953	0.398283	0.744892
0.666455	0.662681	0.407238
0.599344	0.0786332	0.798319
0.091946	0.156631	0.984185
0.315594	0.697109	0.6669
0.0577095	0.996512	0.107077
0.385128	0.544047	0.758874
0.737544	0.53071	0.421746
0.511097	0.01167	0.864234
0.39422	0.354359	0.854859
0.920562	0.287959	0.274773
0.777827	0.571722	0.265686
0.847157	0.0971715	0.526165
0.458147	0.650745	0.611801
0.00939057	0.900283	0.444662
0.221126	0.752842	0.628287
0.551004	0.429814	0.724303
0.142298	0.235125	0.96562
0.0947895	0.463983	0.884404
0.732194	0.401084	0.586825
0.61188	0.795258	0.0540451
0.549958	0.797199	0.259448
0.252977	0.257224	0.938603
0.285846	0.963027	0.0294182
0.631033	0.0103932	0.783541
0.829057	0.483206	0.289819
0.345387	0.9259	0.177965
0.60576	0.118589	0.794101
0.567349	0.73728	0.373114
0.950955	0.124764	0.295376
0.841856	0.267359	0.493539
0.582533	0.690878	0.436741
0.200818	0.633015	0.753909
0.0505014	0.128554	0.996911
0.984605	0.0322446	0.182259
0.206774	0.895319	0.397129
0.854992	0.294901	0.429249
0.723102	0.464665	0.515422
0.266691	0.390381	0.888266
0.078563	0.1325	0.98952
0.0756487	0.879201	0.495168
0.87505	0.496986	0.0681988
0.819158	0.550063	0.17092
0.458567	0.0571915	0.893298
0.197451	0.136783	0.9758
0.83623	0.0959182	0.543731
0.882221	0.281838	0.382267
0.760814	0.416762	0.540846
0.19943	0.637006	0.757756
0.665461	0.598174	0.451987
0.431251	0.847497	0.31211
0.310453	0.685753	0.68231
0.190865	0.74225	0.675696
0.935573	0.0863122	0.350894
0.261251	0.177594	0.954057
0.739371	0.36803	0.581554
0.489659	0.62953	0.618904
0.894906	0.438439	0.128144
0.917662	0.0222046	0.413519
0.650295	0.450488	0.621057
0.16889	0.830495	0.547465
0.394603	0.919234	0.077186
0.673126	0.27153	0.694099
0.353058	0.0404968	0.937089
0.47852	0.0724132	0.886018
0.0893512	0.437363	0.898237
0.957002	0.269579	0.15098
0.303669	0.951395	0.0991746
0.279906	0.932554	0.242036
0.80278	0.146294	0.582741
0.812653	0.584756	0.011434
0.330793	0.618329	0.722241
0.493734	0.502821	0.713139
0.499482	0.874496	0.0562289
0.5272	0.836304	0.165355
0.829235	0.557673	0.0831894
0.0030044	0.141277	0.993231
0.713546	0.398631	0.605295
0.505439	0.861022	0.087481
0.154948	0.256435	0.957121
0.93982	0.318264	0.159543
0.463233	0.732895	0.519137
0.643869	0.706851	0.342737
0.793521	0.20925	0.597
0.332996	0.347267	0.879864
0.248742	0.245568	0.949713
0.650696	0.670205	0.361839
0.504633	0.164848	0.852696
0.445017	0.433955	0.795672
0.398837	0.329998	0.87558
0.94422	0.319754	0.114916
0.576727	0.183593	0.80576
0.0657567	0.223874	0.988755
0.470077	0.790931	0.4353
0.360926	0.224346	0.907374
0.522803	0.276287	0.809574
0.702105	0.485053	0.531956
0.289869	0.200258	0.941969
0.195681	0.380616	0.914119
0.377307	0.0432783	0.929614
0.523044	0.711622	0.47615
0.0622145	0.104879	1.00012
0.247782	0.412713	0.877895
0.702011	0.680639	0.226198
0.22486	0.730236	0.653139
0.930119	0.108583	0.359229
0.290057	0.506681	0.823206
0.107787	0.867817	0.4907
0.683543	0.707301	0.186404
0.13611	0.990927	0.0558461
0.13381	0.240611	0.964804
0.274108	0.979891	0.0423119
0.563319	0.723886	0.413475
0.90565	0.0175456	0.429913
0.974374	0.0500371	0.237301
0.439744	0.626803	0.65486
0.349812	0.756986	0.606644
0.770873	0.449294	0.459972
0.877095	0.430276	0.251398
0.185802	0.775849	0.639833
0.413123	0.58816	0.706169
0.416152	0.919094	0.0166896
0.889256	0.013103	0.465129
0.480249	0.819791	0.327984
0.291252	0.345421	0.89639
0.437309	0.765643	0.481532
0.883729	0.431152	0.218174
0.698361	0.310129	0.653185
0.24256	0.943783	0.230685
0.534259	0.847501	0.144416
0.594952	0.17179	0.786591
0.428333	0.776286	0.467857
0.41859	0.774087	0.50032
0.992686	0.0307774	0.147327
0.606798	0.473337	0.657522
0.798453	0.465369	0.391187
0.636811	0.767175	0.101476
0.111761	0.178687	0.980911
0.451266	0.745649	0.505564
0.117447	0.316894	0.956868
0.455506	0.337832	0.835336
0.31883	0.913413	0.285313
0.424479	0.784865	0.477402
0.573526	0.193188	0.805687
0.238033	0.956157	0.233262
0.173857	0.511059	0.847741
0.757169	0.0257829	0.658443
0.930647	0.363386	0.109333
0.504919	0.858972	0.115005
0.104343	0.403721	0.91468
0.48073	0.015795	0.884219
0.338915	0.188454	0.927341
0.371619	0.106235	0.922475
0.861697	0.42013	0.294338
0.689079	0.3799	0.624851
0.166587	0.525728	0.837794
0.876157	0.230871	0.434883
0.381727	0.84058	0.409757
0.143619	0.947026	0.319264
0.00632889	0.388042	0.928075
0.898441	0.440272	0.0445692
0.539285	0.464191	0.733451
0.91067	0.113577	0.411122
0.152338	0.518649	0.84454
0.306579	0.96051	0.0508384
0.186099	0.718353	0.675835
0.121043	0.283519	0.951927
0.634671	0.443937	0.64435
0.940983	0.303446	0.202897
0.61041	0.371407	0.709111
0.978294	0.090348	0.227276
0.785329	0.488079	0.413451
0.302395	0.947402	0.139213
0.806491	0.57074	0.174056
0.112436	0.957107	0.300609
0.663891	0.331544	0.675841
0.167061	0.986643	0.0827247
0.995147	0.114146	0.0043919
0.610613	0.341127	0.734743
0.346099	0.215189	0.915747
0.179364	0.565389	0.811553
0.409011	0.903762	0.204452
4.96639e-17	3.77288e-17	1.01857
3.58284e-29	6.12528e-17	1.00033
0.781211	0.624307	2.2779e-17
0.810212	0.484985	0.347383
0.523318	0.582275	0.637531
0.585556	0.341151	0.742239
0.509048	0.26782	0.831929
0.64184	0.745447	0.204549
0.595946	0.178644	0.792769
0.413308	0.279221	0.867288
0.346977	0.754868	0.563606
0.72991	0.554357	0.413564
0.774435	0.346015	0.577237
0.155096	0.780753	0.612855
0.48764	0.724499	0.505146
0.114059	0.958435	0.265642
0.873841	0.41204	0.282765
0.8491	0.30407	0.455672
0.473153	0.870799	0.160954
0.136156	0.168339	0.977799
0.548728	0.814229	0.226056
0.434586	0.691975	0.586625
0.562494	0.632997	0.552949
0.74846	0.534003	0.405627
0.97573	0.102335	0.246002
0.822883	0.573019	0.0197211
0.572361	0.433789	0.696502
0.559094	0.423735	0.713148
0.715341	0.513035	0.483239
0.186989	0.856831	0.495644
0.646588	0.764443	0.0652517
0.674798	0.747909	0.0303318
0.625013	0.115573	0.77983
0.422324	0.0705238	0.909729
0.594321	0.357435	0.728494
0.394489	0.500943	0.775165
0.288049	0.702447	0.685048
0.814855	0.208367	0.542993
0.765653	0.0463961	0.651909
0.601893	0.793427	0.0965868
0.497792	0.0126057	0.890468
0.887134	0.420171	0.211148
0.66413	0.228433	0.718284
0.639657	0.254817	0.747668
0.0872428	0.919152	0.397087
0.704731	0.469179	0.539305
0.593682	0.539214	0.600534
0.914754	0.18856	0.369675
0.377716	0.923782	0.17943
0.181655	0.353739	0.918393
0.215236	0.931192	0.303161
0.583535	0.154898	0.799209
0.200752	0.881505	0.434835
0.534175	0.594356	0.615255
0.652285	0.479355	0.606132
0.143741	0.161685	0.977041
0.607515	0.36537	0.706759
0.00435029	0.999665	0.17411
0.5775	0.67572	0.474245
0.681521	0.524523	0.51113
0.367611	0.649553	0.678166
0.229392	0.713598	0.666818
0.316103	0.0820163	0.945602
0.5164	0.572059	0.646443
0.0519355	0.588715	0.818886
0.882002	0.45744	0.150717
0.777629	0.383504	0.50187
0.743697	0.259085	0.628156
0.286005	0.818452	0.526361
0.76759	0.597995	0.233681
0.967999	0.247984	0.127441
0.480842	0.35097	0.814657
0.25552	0.10908	0.962354
0.949794	0.333162	0.0655976
0.541801	0.670168	0.51818
0.628234	0.641642	0.447814
0.800101	0.607823	0.0801184
0.687738	0.718596	0.126847
0.0228514	0.131236	0.992987
0.242954	0.968693	0.0854273
0.725565	0.189998	0.66472
0.838828	0.507197	0.222131
0.352744	0.903304	0.272788
0.295644	0.0179151	0.96957
0.285815	0.848635	0.455329
0.0185779	0.889079	0.467795
0.345906	0.708613	0.62668
0.211567	0.934119	0.317218
0.952877	0.134748	0.296827
0.425535	0.123299	0.897397
0.891309	0.449386	0.102911
0.130148	0.692181	0.711202
0.761539	0.586108	0.277681
0.832766	0.408761	0.373771
0.221808	0.568005	0.797329
0.770522	0.549646	0.348663
0.239274	0.0641599	0.971461
0.165979	0.953222	0.263554
0.465086	0.809605	0.358945
0.83327	0.558589	0.0411731
0.993276	0.0291137	0.118629
0.148994	0.615886	0.785341
0.877423	0.349534	0.36178
0.654684	0.65451	0.389823
1.99282e-05	1.00377	0.00309739
0.648718	0.761015	0.0480056
0.860756	0.308244	0.428511
0.326837	0.363632	0.881375
0.425028	0.010202	0.927436
0.123424	0.545814	0.834466
0.319871	0.661318	0.68828
0.105089	0.0495524	0.996933
0.0439448	0.639024	0.774821
0.697521	0.516276	0.518202
0.428626	0.682486	0.602236
0.690918	0.721918	0.0949853
0.354981	0.909033	0.249896
0.305057	0.517852	0.809001
0.679134	0.676412	0.286418
0.0605566	0.989444	0.148149
0.0287623	0.165182	0.988965
0.276303	0.536687	0.809368
0.9673	0.242984	0.138138
0.177878	0.0297038	0.984501
0.909596	0.325117	0.262527
0.415975	0.890361	0.185919
0.168535	0.843005	0.516918
0.343778	0.937464	0.197572
0.65945	0.344612	0.721548
0.935566	0.236578	0.266567
0.333321	0.0201982	0.955565
0.941154	0.219428	0.257758
0.188729	0.979977	0.186918
0.301163	0.630008	0.719278
0.900063	0.32576	0.322829
0.534332	0.145028	0.83858
0.756008	0.398092	0.528678
0.259005	0.479635	0.845436
0.38438	0.803195	0.470106
0.56729	0.689773	0.487603
0.369223	0.273284	0.893309
0.0980985	0.994023	0.0566007
0.961994	0.266033	0.0861222
0.701012	0.71615	0.0765779
0.903225	0.401874	0.176852
0.792063	0.613629	0.0135444
0.0163059	0.974551	0.29019
0.303714	0.230726	0.940113
0.272132	0.528584	0.818199
0.719418	0.0137037	0.702288
0.49053	0.453325	0.752104
0.0826679	0.911524	0.433249
0.823371	0.166327	0.548505
0.613562	0.369007	0.700169
0.630678	0.27382	0.760562
0.284406	0.813877	0.530964
0.849839	0.379706	0.430173
2.43362e-17	5.63575e-17	1.00253
0.489677	0.142092	0.861502
0.267131	0.394183	0.8929
0.107727	0.983934	0.147927
0.921977	0.224142	0.320436
0.322639	0.667039	0.673267
0.444904	0.0776814	0.896272
0.181845	0.982518	0.0566207
0.788194	0.444818	0.435303
0.459075	0.757175	0.487789
0.649076	0.618829	0.533185
0.211255	0.322622	0.929273
0.174586	0.696066	0.700707
0.803263	0.443834	0.442628
0.793052	0.589308	0.207188
0.723707	0.439467	0.53725
0.992205	0.0834581	0.109446
0.466388	0.135334	0.875408
0.617399	0.686905	0.401503
0.897114	0.443881	0.0267035
0.252944	0.457741	0.858302
0.631374	0.21308	0.752482
0.349065	0.893883	0.290041
0.0535456	0.539525	0.849259
0.0446101	0.648698	0.766412
0.894575	0.0519954	0.493634
0.932089	0.286977	0.238083
0.447547	0.785552	0.434845
0.123801	0.658425	0.753555
0.29199	0.684782	0.69421
0.442764	0.828274	0.353918
0.453561	0.463355	0.766296
0.00406544	1.00181	0
1.00392	0	2.19439e-09
3.59169e-17	5.0892e-17	1.01727
0.257949	0.526262	0.816607
0.76997	0.146666	0.653524
0.586313	0.355463	0.734703
0.0734787	0.977632	0.208963
0.8549	0.186116	0.489416
0.347421	0.0930867	0.940291
0.309726	0.179272	0.935588
0.167545	0.886084	0.471141
0.497652	0.87261	0.0356208
0.441697	0.898635	0.0504916
0.832258	0.434106	0.365689
0.366826	0.911636	0.199289
0.575881	0.349138	0.752391
0.416281	0.849287	0.355315
0.158746	0.402534	0.903559
0.447044	0.237739	0.86458
0.613438	0.209474	0.76443
0.330107	0.7758	0.546188
0.221528	0.304834	0.92914
0.189158	0.872359	0.456477
0.423767	0.113542	0.909827
0.697418	0.0371644	0.721326
0.987494	0.0241921	0.179131
0.381827	0.102305	0.925302
0.096716	0.141153	0.990762
0.849543	0.169103	0.503179
0.37241	0.444253	0.825872
0.943165	0.1323	0.320173
0.653906	0.426594	0.643245
0.407697	0.833297	0.391539
0.822394	0.56654	0.106639
0.319913	0.537326	0.780834
0.0388541	0.45378	0.891391
0.296636	0.629843	0.722681
0.917642	0.42918	0.0770104
0.752874	0.392699	0.538826
0.543343	0.816385	0.208159
0.394188	0.813915	0.444593
0.693607	0.130193	0.713784
0.264763	0.484649	0.84142
0.932635	0.312932	0.190708
0.143694	0.944104	0.303289
0.635466	0.644021	0.436488
0.555832	0.49844	0.673946
0.645057	0.790244	0.0273748
0.55691	0.725776	0.408877
0.670595	0.601522	0.440746
0.227214	0.890609	0.40294
0.920185	0.282921	0.290398
0.503008	0.861375	0.0885383
0.00439328	0.618513	0.800738
0.367873	0.704883	0.6137
0.706387	0.217186	0.682103
0.399394	0.9196	0.0968485
0.15357	0.76438	0.630853
0.758895	0.290557	0.591954
0.180719	0.701907	0.693608
0.970031	0.0856551	0.235134
0.141926	0.932484	0.337585
0.733021	0.680248	0.0554572
0.00209308	0.771198	0.649739
0.236334	0.516144	0.827865
0.801277	0.555425	0.267866
0.789318	0.623987	0.0591151
0.786494	0.575371	0.267736
0.809964	0.416529	0.422823
0.358788	0.857651	0.373925
0.877861	0.494321	0.00843315
0.81872	0.273192	0.526393
0.526005	0.039705	0.858436
0.0120517	0.950536	0.326765
0.782141	0.49811	0.380949
0.486037	0.692491	0.560787
0.900824	0.293219	0.363112
0.818603	0.57327	0.0687923
0.285263	0.745163	0.633418
0.768068	0.400493	0.512562
0.888378	0.326017	0.345726
0.0145779	0.847421	0.590434
0.29163	0.958806	0.0487688
0.173906	0.00365697	0.987601
0.623174	0.751174	0.253115
0.570482	0.753047	0.371757
0.419922	0.853716	0.332769
0.0520778	0.0640864	0.997942
0.352407	0.586424	0.731425
0.843984	0.118388	0.534322
0.71333	0.609886	0.350496
0.951598	0.325746	0.0764603
0.374827	0.929036	0.0967725
0.389282	0.688454	0.617106
0.526127	0.676489	0.525163
0.901339	0.387781	0.197392
0.685737	0.661649	0.311736
0.977282	0.209218	0.115254
0.575757	0.800385	0.227282
0.456037	0.596463	0.675496
0.923152	0.308039	0.251754
0.0667853	0.749058	0.689167
0.124787	0.621115	0.786725
0.927487	0.244269	0.291307
0.983144	0.0428122	0.204929
0.665915	0.369044	0.66238
0.80737	0.583177	0.164134
0.137983	0.314536	0.947345
0.230494	0.470248	0.853737
0.864294	0.507955	0.105723
0.490597	0.259016	0.833021
0.0501673	0.585909	0.810342
0.660248	0.592905	0.467252
0.336832	0.635377	0.701463
0.719051	0.0211821	0.707653
0.567009	0.482223	0.671915
0.301577	0.61527	0.74445
0.0274884	0.250042	0.969869
0.250382	0.509403	0.827767
0.8581	0.341961	0.420729
0.192861	0.959947	0.220589
0.175776	0.241877	0.95504
0.993389	0	0.149986
0.104317	0.966424	0.244182
0.361297	0.560768	0.747191
0.742351	0.0319895	0.671929
0.962032	0.226683	0.168935
0.514727	0.650163	0.570075
0.81684	0.586347	0.0198935
0.534831	0.00995173	0.847283
0.290945	0.57979	0.775026
0.216064	0.820835	0.54987
0.0717002	0.0864273	0.99477
0.600895	0.793923	0.117787
0.741038	0.37584	0.571208
0.518334	0.197626	0.832955
0.505974	0.721387	0.477314
0.959558	0.319915	0.00987928
0.611278	0.785976	0.144233
0.677959	0.543321	0.510075
0.464838	0.882173	0.088508
0.479045	0.682875	0.565235
0.428655	0.716235	0.574514
0.382109	0.9172	0.133759
0.572205	0.122547	0.815
0.855842	0.156406	0.50539
0.991067	0.01567	0.138957
0.493992	0.728212	0.479337
0.0787767	0.716574	0.6984
0.127617	0.177414	0.979082
0.483772	0.0797526	0.873821
0.606482	0.796586	0.115858
0.055485	0.0579016	0.999322
0.469606	0.877749	0.158709
0.839605	0.340312	0.427871
0.0915061	0.832364	0.55392
0.794454	0.547692	0.277386
0.114734	0.971289	0.217552
0.146663	0.789858	0.601505
0.516645	0.203484	0.833769
0.852051	0.0485833	0.541555
0.246498	0.951951	0.193467
0.109878	0.965899	0.245608
0.686176	0.662073	0.311308
0.671344	0.0446067	0.742438
0.92677	0.361158	0.135422
0.385097	0.253363	0.909189
0.91165	0.409722	0.121589
0.0827968	0.115782	0.991895
0.238912	0.936463	0.268033
0.561545	0.477576	0.679983
0.214279	0.364693	0.916346
0.391523	0.738542	0.557044
0.336459	0.894002	0.304613
0.281198	0.00113428	0.961799
0.998658	0.0225993	0.0950188
0.878106	0.45787	0.242132
0.231878	0.0293534	0.973732
0.397734	0.466852	0.793976
0.907761	0.322669	0.28615
0.559964	0.827602	0.100777
0.00995688	0.806179	0.644118
0.0637043	0.894181	0.478599
6.05125e-17	1.06181e-17	1.00334
0.431036	0.821617	0.382291
0.135174	0.192723	0.974266
0.273084	0.0534002	0.964372
0.0326312	0.674772	0.738902
0.322566	0.712954	0.632644
0.622361	0.337371	0.712522
0.73099	0.589284	0.350863
0.895554	0.122037	0.433409
0.380449	0.568838	0.731608
0.480667	0.299802	0.826146
0.598043	0.214078	0.780557
0.821437	0.57698	0.0118633
0.763728	0.463721	0.459034
6.14855e-17	2.26915e-18	1.00482
1.00785	0	8.84708e-10
0.366186	0.938546	0
0.106983	0.994118	0.0514265
0.32845	0.922661	0.210449
0.258541	0.959266	0.195221
0.114016	0.685848	0.72347
0.902612	0.399039	0.18453
0.289923	0.737231	0.613692
0.360907	0.503169	0.787707
0.188568	0.880016	0.451152
0.832167	0.0171478	0.593723
0.526515	0.797508	0.302734
0.931769	0.167348	0.348917
0.897248	0.0578681	0.444052
0.553953	0.848715	0.0154493
0.822454	0.204222	0.535132
0.403044	0.331216	0.870311
0.921716	0.38978	0.0834094
0.712816	0.695877	0.165105
0.684157	0.346069	0.658031
0.272928	0.969089	0.0648167
0.773473	0.63486	0.00221178
0.857	0.0455353	0.518601
0.918322	0.382451	0.168809
0.0165763	0.916637	0.413507
0.950868	0.253866	0.233727
0.637216	0.0718064	0.77029
0.242523	0.41464	0.90275
0.675595	0.341739	0.665586
0.87771	0.461245	0.147762
0.474419	0.848235	0.286511
0.232239	0.190894	0.963221
0.279383	0.514466	0.812756
0.156562	0.944178	0.326083
0.979291	0.102358	0.190845
0.514688	0.498785	0.699872
0.45772	0.193563	0.871574
0.461334	0.859751	0.244511
0.0852952	0.899969	0.438988
0.996449	0.125368	0.103993
0.343936	0.161309	0.934622
0.924671	0.218277	0.333444
0.991835	0.164106	0.118853
0.0707938	0.746962	0.66342
0.0669813	0.248521	0.9739
0.652611	0.22612	0.735954
0.613638	0.36776	0.705286
0.180542	0.157036	0.979071
0.576007	0.821678	0.0495748
0.596518	0.322663	0.745228
0.59451	0.660888	0.469169
0.226186	0.566004	0.796854
0.165558	0.730162	0.672682
0.0297852	0.772253	0.645125
0.438213	0.0929377	0.895201
0.809684	0.556607	0.254225
0.945498	0.115544	0.314335
0.224665	0.587822	0.781271
0.531405	0.765076	0.380549
0.00149395	0.928817	0.372029
0.117002	0.909805	0.406723
0.0401777	0.183257	0.983468
0.185143	0.0338576	0.982824
0.620683	0.229964	0.761979
0.668557	0.651657	0.384991
0.445071	0.69469	0.591195
0.0402067	0.661584	0.759406
0.729473	0.694419	0.0705374
0.397923	0.612931	0.710386
0.433384	0.718862	0.561376
0.218906	0.531598	0.820175
0.100166	0.456874	0.891355
0.724981	0.379826	0.579394
0.800689	0.00297544	0.633202
0.796543	0.0111179	0.62998
0.0834978	0.439707	0.896007
0.511276	0.754266	0.457222
0.604915	0.763631	0.239308
0.690141	0.653182	0.353458
0.916057	0.410211	0.0193971
0.183892	0.328288	0.929127
0.0529408	0.999244	0.0261397
0.418436	0.847375	0.365566
0.455868	0.382427	0.805813
0.209294	0.547607	0.81172
0.244279	0.21291	0.952436
0.70751	0.722956	0.0708458
0.201859	0.233466	0.954204
0.961089	0.0986059	0.264528
0.296078	0.422282	0.860398
0.102779	0.468793	0.886706
0.0421905	0.53738	0.845906
0.486101	0.86898	0.134723
0.122255	0.753118	0.651655
0.863534	0.358128	0.387351
0.899543	0.131348	0.438446
0.0464955	0.298791	0.95557
0.194771	0.842174	0.508567
0.819778	0.175931	0.56074
0.649895	0.762858	0.0878607
0.318922	0.6811	0.662606
0.944524	0.105178	0.350817
0.631117	0.723334	0.304104
0.737914	0.633933	0.282164
0.847046	0.485324	0.233971
0.0363208	0.165665	0.987902
0.0686723	0.477847	0.880074
0.778307	0.633114	0.0879602
0.171445	0.306068	0.938142
0.876546	0.110283	0.481417
0.488245	0.872814	0.133815
0.298218	0.0276035	0.965477
0.887293	0.362652	0.324679
0.78636	0.326122	0.54668
0.308389	0.948781	0.12366
0.684154	0.57972	0.462997
0.123631	0.761595	0.642016
0.557474	0.292958	0.779346
0.193176	0.576848	0.799659
0.804967	0.550085	0.277178
0.656732	0.759565	0.0403089
0.309918	0.733166	0.61862
0.657996	0.119068	0.762942
0.949823	0.0692555	0.314253
0.859158	0.085352	0.511972
0.468414	0.312396	0.8281
0.863856	0.461931	0.222728
0.696914	0.572845	0.45243
0.216115	0.712673	0.681584
0.424492	0.704114	0.589144
0.0275344	0.527643	0.854096
0.505664	0.861495	0.0948786
0.600905	0.811186	0.000380558
0.873539	0.0788046	0.500216
0.393976	0.60685	0.7113
0.53326	0.616759	0.584357
0.828283	0.515381	0.27734
0.792457	0.606515	0.167493
0.91108	0.266098	0.342671
0.81308	0.150644	0.569353
0.081458	0.139268	0.993893
0.506473	0.598915	0.625798
0.743525	0.529057	0.419254
0.541283	0.273799	0.797368
0.1381	0.281912	0.959313
0.573085	0.825083	0.0389612
0.149004	0.740594	0.678737
0.662257	0.64431	0.401661
0.168172	0.427636	0.890541
0.264358	0.471937	0.842526
0.301927	0.955185	0.10765
0.993046	0.00579018	0.256946
0.705513	0.638816	0.345517
0.758732	0.623657	0.216593
0.285676	0.726432	0.629141
0.841505	0.482149	0.262666
0.538838	0.637187	0.554207
0.871295	0.216349	0.485721
0.376717	0.921239	0.114876
0.144793	0.0612308	0.991499
0.762462	0.645013	0.0619097
0.865414	0.377023	0.337872
0.251392	0.892618	0.381465
0.781907	0.526613	0.370522
0.883381	0.235848	0.421464
0.313599	0.560607	0.773561
0.19427	0.521192	0.832262
0.727273	0.59986	0.358423
0.973681	0.161883	0.212682
0.426523	0.862381	0.304622
0.250101	0.174731	0.964007
0.563629	0.804071	0.216547
0.119657	0.832619	0.548598
0.816074	0.570144	0.145843
0.860956	0.017741	0.517829
0.549778	0.445833	0.717716
0.326128	0.665743	0.692673
0.149094	0.379125	0.921384
0.173627	0.37784	0.915074
0.71081	0.15524	0.688053
0.700179	0.0252596	0.718877
0.598514	0.807958	0.0259815
0.740293	0.374465	0.562246
0.48799	0.244081	0.84748
0.549187	0.810195	0.26601
0.752519	0.392428	0.542782
0.766139	0.493781	0.422588
0.766786	0.642783	0.098224
0.300393	0.950332	0.129974
0.30592	0.920942	0.247889
0.57697	0.626381	0.541938
0.562102	0.839507	0.0331223
4.28268e-15	1.72658e-27	1.00061
6.11743e-17	1.64516e-17	1.03455
3.95724e-05	1.003	0
0.947673	0.325393	0.0701577
0.654099	0.276277	0.710512
0.16852	0.715837	0.678489
0.378462	0.907422	0.216069
0.370786	0.737445	0.573
0.0343078	0.697227	0.731773
0.544907	0.843014	0.128792
0.358753	0.935746	0.0783226
0.748457	0.655724	0.176371
0.285446	0.960217	0.0549747
0.0902026	0.0497491	0.997234
0.959188	0.0782588	0.283429
0.610185	0.377315	0.699299
0.0657525	0.828928	0.558172
5.90582e-17	1.92353e-17	1.01436
0.529444	0.84998	0.0444551
0.273282	0.239369	0.938052
0.801856	0.190096	0.589468
0.318535	0.289968	0.908469
0.346078	0.7869	0.517815
0.981876	0.204428	0.118321
0.700544	0.718907	0.0399486
0.704655	0.423368	0.624335
0.890499	0.0453948	0.457631
0.92266	0.121865	0.377803
0.845193	0.524009	0.229701
0.477416	0.708325	0.520978
0.94903	0.319615	0.0207571
0.520479	0.0968895	0.849973
0.407985	0.781592	0.491185
0.141774	0.368115	0.92591
0.758415	0.3326	0.576742
0.114315	0.59659	0.817247
0.938685	0.171859	0.313551
0.648798	0.481721	0.595936
0.433142	0.0879635	0.906826
0.583444	0.153824	0.807256
0.0785311	0.98849	0.139675
0.935469	0.303316	0.200684
0.505942	0.774855	0.415942
0.666516	0.0226347	0.762085
0.0435138	0.884317	0.469798
0.259352	0.863629	0.448727
0.00646046	0.964582	0.270088
0.134387	0.987769	0.10671
0.515538	0.73085	0.453684
0.771436	0.636768	0.0564916
0.237884	0.576912	0.782538
0.457409	0.87929	0.153492
0.483963	0.66886	0.578277
0.210564	0.833299	0.517725
0.291977	0.546137	0.788897
0.301459	0.750991	0.59476
0.022169	0.688111	0.738842
0.7238	0.182993	0.670355
0.160588	0.314077	0.936809
0.354173	0.663138	0.664138
0.473685	0.16313	0.881466
0.6211	0.744948	0.259807
0.0729944	0.920225	0.401254
0.126044	0.591358	0.813478
0.855532	0.529027	0.0215154
0.712778	0.617955	0.348423
0.438526	0.094593	0.901172
0.680297	0.0814993	0.742457
0.899091	0.136653	0.420938
0.127921	0.549306	0.83656
0.108832	0.555848	0.83402
0.199069	0.812373	0.549187
0.73079	0.35226	0.596246
0.413909	0.295358	0.866614
0.528311	0.410808	0.784488
0.153588	0.581095	0.803557
0.631642	0.472494	0.617445
0.686855	0.193592	0.703186
0.331035	0.0376359	0.946435
0.295214	0.357325	0.890201
0.872665	0.0224227	0.534667
0.580597	0.300805	0.76935
0.0311662	0.969349	0.268095
0.0616956	0.998988	0.00334079
0.250387	0.610784	0.775659
0.789582	0.631656	0.00849982
0.400926	0.364866	0.844113
0.0365753	0.914642	0.412347
0.178827	0.263473	0.949956
0.908153	0.30693	0.304927
0.820706	0.398945	0.436438
0.911017	0.0576629	0.410536
0.596465	0.721258	0.354657
0.450359	0.621144	0.645727
0.877212	0.0592812	0.480487
0.77287	0.113089	0.633075
0.81637	0.571343	0.120932
0.259022	0.952314	0.193572
0.304737	0.945651	0.169701
0.350054	0.682676	0.645695
0.269098	0.872038	0.426112
0.902056	0.432373	0.164099
0.512304	0.779396	0.366209
0.659532	0.532831	0.531318
0.0739161	0.397316	0.917215
0.221795	0.929371	0.296507
0.135792	0.806687	0.583906
0.612904	0.494362	0.620861
0.497471	0.131158	0.867174
0.333288	0.401965	0.859868
0.191319	0.845544	0.51105
0.708798	0.633808	0.325226
0.97187	0.226943	0.0917239
0.740162	0.577575	0.356414
0.567801	0.703481	0.429814
0.919792	0.208539	0.339963
0.53798	0.757294	0.390765
0.393929	0.244231	0.897673
0.818771	0.46141	0.364279
0.961163	0.07842	0.276458
0.684566	0.234859	0.70234
0.417478	0.509868	0.757218
0.0275404	0.848451	0.54383
0.777806	0.613388	0.15813
0.440734	0.867948	0.260754
0.643332	0.704083	0.307277
0.803169	0.449034	0.397443
0.565849	0.149185	0.814255
0.0804879	0.775475	0.652351
0.617556	0.440676	0.657618
0.638432	0.474024	0.614642
0.398326	0.536874	0.744536
0.163235	0.98262	0.100388
0.988558	0.0196407	0.168883
0.969823	0.21	0.180743
0.455102	0.627686	0.636761
0.387253	0.617271	0.687306
0.0586431	0.382592	0.924056
0.132354	0.500078	0.86832
0.673449	0.255984	0.70024
0.597124	0.282458	0.776183
0.826726	0.367663	0.43551
0.0745138	0.80036	0.602504
0.424623	0.648	0.647127
0.719965	0.695062	0.0323956
0.510402	0.36538	0.799619
0.426559	0.872452	0.250536
0.837169	0.157342	0.526405
0.451639	0.105807	0.890906
0.831815	0.342771	0.445597
0.218471	0.175997	0.961649
0.182907	0.0641208	0.982634
0.15052	0.584431	0.806837
0.540413	0.177717	0.82805
0.573841	0.696013	0.478406
0.851981	0.196063	0.507283
0.862649	0.516891	0.0121956
0.252492	0.455086	0.855878
0.977303	0.143003	0.175687
0.488369	0.722121	0.497106
0.864814	0.262543	0.462455
0.26099	0.900971	0.355442
0.00118351	0.392399	0.932447
0.255609	0.762588	0.607369
0.390748	0.615628	0.687754
0.808548	0.200744	0.555067
0.46191	0.737034	0.495999
0.992007	0.165355	0.0831488
0.905176	0.305924	0.316882
0.201659	0.0691846	0.981584
0.206972	0.534561	0.841807
0.841676	0.216982	0.502287
0.0492388	1.00066	0.00334407
0.325797	0.394342	0.86316
0.0266573	0.827425	0.573828
0.316089	0.414805	0.857647
0.636126	0.768834	0.0917114
0.868726	0.251788	0.462809
0.672668	0.543444	0.504496
0.84738	0.490941	0.245587
0.764467	0.419227	0.53122
0.35997	0.435483	0.828494
0.186593	0.981031	0.0966646
0.974097	0.00659616	0.243523
0.468442	0.0663176	0.888897
0.814298	0.115281	0.585489
0.546255	0.144019	0.82869
0.305395	0.925789	0.261135
0.122343	0.282816	0.956132
0.928236	0.381208	0.160551
0.561187	0.453595	0.695411
0.232908	0.921724	0.384317
0.916144	0.401772	0.164106
0.552166	0.673648	0.500407
0.895692	0.272328	0.362426
0.101914	0.0350514	0.999187
7.24763e-31	1.18363e-14	1.00056
0.990121	0	0.148326
3.44734e-17	5.26554e-17	1.02783
0.988412	0.198535	0
1.00625	0.00110788	0
0.84751	0.36706	0.388042
0.735409	0.333823	0.595121
0.666609	0.534356	0.524331
0.412782	0.63717	0.660012
0.716534	0.312032	0.627327
0.327896	0.414743	0.852584
0.575789	0.283818	0.768647
0.541042	0.789833	0.295472
0.213632	0.555041	0.816007
0.333496	0.449578	0.840379
0.910056	0.257777	0.349681
0.647842	0.710164	0.338735
0.515427	0.721346	0.469764
0.929701	0.328175	0.170376
0.943052	0.138628	0.309904
0.590862	0.808612	0.0347747
0.421469	0.52689	0.756948
0.868965	0.477147	0.163761
0.274161	0.819454	0.511641
0.00960972	0.943172	0.439423
0.750664	0.246767	0.616616
0.567713	0.157504	0.811595
0.156519	0.704455	0.712927
0.939259	0.231111	0.265345
0.0662025	0.808828	0.585236
0.774123	0.628531	0.117504
0.857994	0.508763	0.185932
0.407326	0.622158	0.691943
0.696461	0.30164	0.654412
0.8049	0.0419375	0.59503
0.897231	0.315067	0.318087
0.314487	0.894599	0.327879
0.181216	0.730128	0.680604
0.613556	0.0138073	0.797152
0.0277667	0.74882	0.687257
0.818636	0.0635332	0.576335
0.92478	0.400526	0.0265987
0.436519	0.879145	0.229376
0.708466	0.606035	0.366987
0.58027	0.700912	0.420133
0.177024	0.693364	0.699807
0.352952	0.938203	0.0787769
0.981322	0.0768973	0.200651
0.555676	0.584335	0.603585
0.725451	0.681592	0.128534
0.791766	0.455485	0.408975
0.253108	0.198264	0.949271
0.341801	0.900062	0.28273
0.281397	0.932285	0.248386
0.872167	0.271393	0.40783
0.88	0.481641	0.0569053
0.721799	0.435978	0.546608
1.80574e-17	5.98251e-17	1.02055
0.290772	0.777206	0.560676
0.914429	0.256152	0.317856
0.296951	0.855069	0.431429
0.0188335	0.441839	0.909436
0.963101	0.141946	0.246419
0.874812	0.149828	0.469734
0.112604	0.681609	0.72937
0.346719	0.0890392	0.935998
0.239914	0.445606	0.866515
0.638011	0.699388	0.357658
0.119306	0.988363	0.115397
0.378367	0.654165	0.658452
0.971148	0.136507	0.212817
0.0911132	0.106626	0.990897
0.998172	0.0687243	0.137743
0.470978	0.84684	0.263571
0.870447	0.494146	0.0094321
0.781785	0.123254	0.613707
0.389651	0.471189	0.800941
0.494078	0.762143	0.443408
0.266536	0.955089	0.177034
0.142732	0.959466	0.291088
0.0539463	1.00074	0.0444761
0.741044	0.218171	0.636418
0.873906	0.493654	0.0192554
0.793289	0.567532	0.226387
0.853759	0.511911	0.130513
0.547913	0.836894	0.090975
0.0128608	0.178189	0.986051
0.196415	0.867474	0.486643
0.534859	0.73168	0.428502
0.595435	0.768567	0.242573
0.462519	0.713176	0.532022
0.100081	0.799981	0.594081
0.676996	0.73665	0.0407132
0.0791286	0.478977	0.878214
0.658266	0.39033	0.64619
0.396923	0.239748	0.89057
0.633984	0.657702	0.407873
0.737302	0.602067	0.374539
0.282028	0.802265	0.532569
0.340094	0.00629899	0.942149
0.801916	0.573704	0.174367
0.14067	0.967304	0.221982
0.888655	0.225215	0.402196
0.13418	0.187787	0.976799
0.106949	0.873249	0.481359
0.0232195	0.392241	0.929252
0.507385	0.843215	0.19267
0.526897	0.834503	0.19616
0.263561	0.82395	0.505881
0.0459684	0.0847741	0.996079
0.952529	0.306741	0.109961
0.957706	0.19444	0.220402
0.24391	0.106217	0.966006
0.772407	0.457236	0.44548
0.925792	0.386309	0.141806
0.164723	0.668054	0.743775
0.743042	0.61406	0.272383
0.0707374	0.98698	0.183236
0.83119	0.546014	0.175868
0.344551	0.907304	0.27311
0.921629	0.293322	0.284602
0.0464679	0.996072	0.0994084
0.206207	0.957135	0.207055
0.223712	0.91273	0.347421
0.884925	0.159154	0.458368
0.968332	0.274284	0.0311185
0.224005	0.42661	0.882112
0.502434	0.716016	0.489402
0.710335	0.607885	0.360248
0.62611	0.0227394	0.793138
0.764377	0.483486	0.431088
0.903097	0.249549	0.368407
0.36826	0.375481	0.851681
0.00387195	0.889238	0.477846
0.827581	0.517885	0.220506
0.623921	0.786325	0.0861946
0.362019	0.384703	0.855449
0.606583	0.664937	0.490316
0.479916	0.829735	0.288035
0.231853	0.100966	0.97043
0.225456	0.09818	0.972205
0.897334	0.0510731	0.462427
0.929731	0.219086	0.322257
0.255106	0.697191	0.67553
0.561859	0.811576	0.196193
0.572932	0.816482	0.0957534
0.558797	0.275442	0.784354
0.401997	0.581393	0.74353
0.305021	0.919922	0.256898
0.389365	0.784177	0.497253
0.845228	0.0581941	0.565292
0.23333	0.303631	0.926301
0.097417	0.164679	0.983253
0.427187	0.905715	0.0656169
0.0981294	0.114836	0.989244
0.147115	0.586906	0.798763
0.397682	0.501197	0.779116
0.60566	0.747968	0.288811
0.0780298	0.472325	0.881759
0.0163169	0.753601	0.667251
0.0601299	0.620631	0.789539
0.214527	0.465661	0.87718
0.434685	0.094435	0.900775
0.172762	0.67667	0.719022
0.48994	0.688136	0.537483
0.887983	0.226185	0.402015
0.956239	0.209194	0.224006
0.326549	0.458434	0.831094
0.765164	0.608703	0.21596
0.94684	0.0325332	0.33032
0.155009	0.985875	0.0891432
0.814567	0.509741	0.337043
0.103762	0.859732	0.514689
0.220462	0.42705	0.889265
0.651216	0.758938	0.0406947
0.325795	0.866016	0.388195
0.695179	0.735577	0.111214
0.431527	0.86326	0.270654
0.429734	0.79256	0.44013
0.681785	0.741674	0
0.217393	0.46017	0.8644
0.420351	0.780519	0.485046
0.822004	0.0719395	0.571097
0.739195	0.632582	0.236482
0.918924	0.39799	0.0792223
0.493811	0.502575	0.721489
0.637592	0.0143482	0.774871
0.842764	0.242966	0.483798
0.172781	0.689301	0.707311
0.457666	0.888315	0.0854507
0.100934	0.0803267	0.992735
0.793412	0.621492	0.00567546
0.986768	0.00998884	0.172947
0.306336	0.923325	0.239349
0.386078	0.925901	0.0514183
0.835865	0.0955308	0.542867
