6.13242e-17	2.13891e-32	1.0015
1.01046	0.00456953	3.78838e-05
0.852985	0.524117	0
3.68666e-17	5.00938e-17	1.01576
0.872376	0.476606	0.118908
0.0519195	0.669244	0.743294
0.92555	0.415259	0.087027
0.777546	0.383583	0.515918
0.946932	0.100726	0.313261
0.809795	0.387484	0.446127
0.247734	0.0436382	0.970488
0.296958	0.925572	0.257706
0.999623	0.0504087	0.0466917
0.737442	0.69016	0.0345195
0.160548	0.0322813	0.996927
0.558937	0.745092	0.401428
0.414418	0.0881574	0.909336
0.494461	0.874362	0.0081891
0.371136	0.806487	0.46524
0.68027	0.158062	0.728486
0.132112	0.982535	0.134803
0.0297867	0.192249	0.991322
0.763028	0.483774	0.490306
0.112475	0.994216	0.0567003
0.97576	0.166521	0.169661
0.651606	0.749655	0.147409
0.098791	0.82352	0.616337
0.556271	0.842225	0.0768343
0.130263	0.727111	0.675426
0.355384	0.921815	0.254257
0.983121	0.173218	0.143235
0.497384	0.657228	0.58223
0.432446	0.645162	0.637003
0.69211	0.642714	0.340026
0.968631	0.0664642	0.265412
0.923868	0.343108	0.188252
0.395266	0.613577	0.687786
0.625353	0.802651	0.0698759
0.746868	0.599115	0.296615
0.535037	0.785602	0.359943
0.797038	0.563331	0.272251
0.900938	0.0624501	0.436133
0.442601	0.127526	0.89989
0.527956	0.830396	0.197789
0.599605	0.630217	0.494148
0.0380574	0.592621	0.808367
0.172326	0.553306	0.82251
0.304816	0.13676	0.959558
0.718424	0.578958	0.406575
0.433141	0.219126	0.877407
0.459391	0.865055	0.223964
0.82718	0.333424	0.471142
0.830589	0.239316	0.508892
0.642552	0.316987	0.710782
0.483876	0.439939	0.77517
0.328722	0.493031	0.806634
0.216748	0.813106	0.55302
0.229028	0.715074	0.663529
0.686259	0.264404	0.690039
0.755395	0.681316	0.0191961
0.845686	0.176105	0.512498
0.572274	0.704862	0.42269
0.205808	0.359022	0.919647
0.937115	0.201877	0.315346
0.117768	0.350967	0.940541
0.372662	0.835785	0.426032
0.714889	0.275434	0.646784
0.993584	0.125712	0.0677087
0.0841117	0.378044	0.929688
0.202628	0.585163	0.798103
0.734895	0.254723	0.631305
0.349856	0.606008	0.732034
0.25807	0.96812	0.0328941
0.182618	0.586353	0.79282
0.69971	0.242527	0.677129
0.538004	0.731031	0.440545
0.895639	0.354911	0.279855
0.343308	0.890493	0.302525
0.14323	0.935229	0.330885
0.151209	0.505166	0.865163
0.147921	0.520584	0.853793
0.451318	0.221487	0.869531
0.473491	0.64826	0.600428
0.870248	0.402905	0.305674
0.418532	0.177694	0.891168
0.636843	0.31417	0.715844
0.202781	0.871087	0.454871
0.519703	0.0832654	0.863556
0.187514	0.0682177	0.984736
0.837693	0.413841	0.363827
0.802428	0.281474	0.527866
0.223972	0.962119	0.256816
0.265475	0.396648	0.887008
0.424286	0.846584	0.333158
0.708161	0.339609	0.626943
0.861108	0.374746	0.362551
0.371961	0.797954	0.477137
0.0629431	0.932734	0.360157
0.165713	0.291205	0.95925
0.408549	0.892874	0.210238
0.209291	0.975412	0.121663
0.760182	0.267792	0.602825
0.584657	0.638307	0.502017
0.0129775	0.790207	0.620673
0.254393	0.773428	0.583708
0.0783052	0.321942	0.951624
0.880217	0.462793	0.12299
0.219835	0.906995	0.361712
0.310331	0.882613	0.385003
0.883709	0.409137	0.252283
0.348405	0.515431	0.786389
0.290473	0.269902	0.922211
0.120954	0.02432	0.999784
0.373642	0.604746	0.722299
0.939021	0.00929267	0.346147
0.7112	0.450914	0.543287
0.658157	0.0136852	0.767645
0.379154	0.941681	0.0316545
0.511114	0.0643021	0.879246
0.749786	0.366763	0.571111
0.579523	0.116524	0.817494
0.0320206	0.196208	0.981116
0.0542093	0.305665	0.957645
0.536548	0.765995	0.375383
0.525488	0.848549	0.181025
0.787827	0.617048	0.0554454
0.914918	0.0634191	0.414381
0.0726006	0.943927	0.331088
0.995344	0.124251	0.0570974
0.853171	0.182808	0.494129
0.151761	0.855718	0.505139
0.927449	0.0910126	0.369834
0.752695	0.161279	0.652625
0.804593	0.484789	0.346254
0.549733	0.814543	0.207277
0.0430656	0.145652	0.990295
0.6112	0.349129	0.71281
0.632478	0.229112	0.755705
0.376656	0.918018	0.164749
0.512003	0.653231	0.559947
0.543795	0.548885	0.655732
0.24717	0.0514262	0.974019
0.317098	0.437099	0.850926
0.585709	0.759302	0.289181
0.270913	0.405602	0.881324
0.0910636	0.58054	0.815254
0.346969	0.513306	0.792483
0.334743	0.453639	0.82909
0.726528	0.698336	0.120854
0.604924	0.121461	0.797102
0.859517	0.469581	0.219229
0.798868	0.207859	0.567308
0.666759	0.522225	0.540542
0.45611	0.694921	0.560797
0.280743	0.9495	0.153558
0.328694	0.569353	0.765588
0.886301	0.424092	0.244345
0.91734	0.0961828	0.397904
1.00101	0.0285832	0.0188972
0.192808	0.585856	0.794901
0.446323	0.114948	0.900438
0.167032	0.259163	0.955819
0.64071	0.352358	0.698594
0.639392	0.131866	0.761289
0.489059	0.793493	0.369911
0.482613	0.526466	0.701795
0.377436	0.938496	0.0867793
0.699196	0.648684	0.320247
0.157203	0.243912	0.961538
0.393101	0.896306	0.236589
0.535273	0.830912	0.178049
0.754523	0.151673	0.659586
0.117309	0.986476	0.135082
0.0342123	0.32543	0.948081
0.669723	0.524545	0.535759
0.384029	0.684886	0.626801
0.0820365	0.272755	0.964361
0.285418	0.956978	0.12296
0.807735	0.486682	0.335529
0.353249	0.771726	0.536503
0.386881	0.396808	0.844545
0.314427	0.780922	0.548949
0.963247	0.0102822	0.274103
0.8195	0.00411299	0.590981
0.791568	0.62453	0.00374784
0.12112	0.950371	0.308271
0.903826	0.111618	0.423978
0.308135	0.459036	0.850991
0.237823	0.609947	0.769779
0.870842	0.0752356	0.495007
0.906725	0.111976	0.419709
0.154116	0.542389	0.836778
0.0209668	0.666666	0.752353
0.0469845	0.550454	0.843036
0.402534	0.521837	0.753076
0.587432	0.532542	0.610163
0.884966	0.423453	0.245346
1.98285e-17	5.82588e-17	1.00504
2.06102e-31	7.27563e-16	1.00027
0.201789	0.982082	0
0.990254	0.157452	0.0925901
0.201938	0.481593	0.865329
0.75844	0.0860262	0.653175
0.0694465	0.826687	0.574469
0.656099	0.764893	0.0551931
0.214344	0.658824	0.722357
0.685638	0.566448	0.471642
0.637409	0.691659	0.356419
0.748381	0.074113	0.682641
0.177604	0.233638	0.963579
0.456504	0.643715	0.615703
0.126073	0.975263	0.204812
0.677255	0.346523	0.663139
0.465736	0.648412	0.605775
1.00821	0.0201918	1.15009e-05
0.818921	0.553457	0.169721
0.695821	0.581013	0.441768
0.391679	0.293081	0.875222
0.316164	0.226795	0.926532
0.0794981	0.998614	0.0402009
0.102931	0.425855	0.902616
0.51914	0.381584	0.768119
0.14068	0.407345	0.915603
0.618735	0.469577	0.632883
0.199091	0.256965	0.951705
0.880493	0.320291	0.377219
0.73419	0.497577	0.463967
0.651655	0.1013	0.755872
0.507944	0.0616397	0.860853
0.939025	0.209092	0.29036
0.414882	0.740907	0.546046
0.529152	0.389883	0.763884
0.825562	0.555904	0.115311
0.543689	0.400593	0.747158
0.181818	0.890024	0.420813
0.321956	0.945278	0.0827178
0.33923	0.249947	0.908407
0.171019	0.172567	0.976945
0.571482	0.635526	0.521918
0.0943795	0.900131	0.428505
0.841409	0.446392	0.312102
0.769464	0.279879	0.579544
0.186259	0.953385	0.244547
0.578716	0.643572	0.503429
0.189481	0.529281	0.837105
0.771856	0.0778609	0.647134
0.020177	0.350419	0.940909
0.509033	0.375058	0.776368
0.0685409	0.855638	0.51637
0.351763	0.137921	0.932955
0.430393	0.578303	0.701056
0.597013	0.140159	0.794768
0.969724	0.0152632	0.281738
0.117336	0.871374	0.479427
0.111617	0.221466	0.974778
0.555366	0.216417	0.816067
0.784054	0.392167	0.483986
0.491886	0.335244	0.812185
0.398352	0.701632	0.59878
0.518409	0.731007	0.448678
0.735925	0.624259	0.295539
0.376846	0.277055	0.886074
0.923452	0.113555	0.379872
0.259675	0.840272	0.499054
0.616442	0.715099	0.343513
0.546737	0.812232	0.218519
0.789584	5.85274e-10	0.620904
0.55	0.793515	0.265877
0.587421	0.452483	0.690315
0.0244949	0.108473	0.995747
0.924472	0.30444	0.234245
0.889453	0.0524489	0.457692
0.191081	0.533751	0.825453
0.492898	0.875619	0.103741
0.74489	0.671932	0.11893
0.712304	0.313244	0.632029
0.807478	0.593521	0.0251722
0.336408	0.241317	0.924009
0.507622	0.83757	0.257248
0.860237	0.365371	0.379091
0.136356	0.411406	0.902605
0.134392	0.605225	0.788451
0.449449	0.52138	0.729965
0.858828	0.185806	0.485075
0.504423	0.663742	0.565322
0.415589	0.507259	0.759102
0.191264	0.987074	0.178552
0.689551	0.225194	0.70426
0.130832	0.179461	0.982668
0.408455	0.704257	0.587325
0.626479	0.147073	0.767188
0.951822	0.259967	0.168869
0.962159	0.135075	0.251683
0.893827	0.150797	0.436726
0.239856	0.92452	0.318938
0.386786	0.499221	0.777885
0.171065	0.725532	0.669145
0.667653	0.678797	0.32613
0.700611	0.501422	0.511374
0.345773	0.429441	0.848241
0.443589	0.519899	0.74625
0.936597	0.0293711	0.363832
0.254471	0.88289	0.425643
0.92578	0.362984	0.160812
0.242959	0.715429	0.662646
0.835474	0.547609	0.0626824
0.356256	0.929566	0.149545
0.162454	0.266618	0.964278
0.496335	0.72146	0.489383
0.107612	0.315013	0.946491
0.22071	0.543818	0.812563
0.550733	0.831821	0.0981839
0.452166	0.175706	0.880086
0.630805	0.684493	0.369375
0.0876205	0.906079	0.430986
0.802867	0.561134	0.216727
0.948178	0.258972	0.189949
0.745917	0.631193	0.227424
0.905612	0.0534017	0.423972
0.158397	0.946181	0.305299
0.900986	0.192611	0.4277
0.288697	0.850112	0.453595
0.983382	0.203398	0.110321
0.976892	0.242297	0.00163371
0.605588	0.141985	0.783668
0.544142	0.863982	0.0407414
0.474223	0.794701	0.392709
0.719603	0.484923	0.507857
0.732397	0.688127	0.0151943
0.398779	0.384286	0.852031
0.15173	0.444076	0.884766
0.51595	0.436069	0.73999
0.762826	0.104733	0.642303
0.32704	0.949477	0.00846546
0.149658	0.438014	0.889577
0.356803	0.930993	0.137742
0.17505	0.934218	0.316363
0.429332	0.350752	0.852937
0.437886	0.576038	0.703675
0.332921	0.93864	0.132685
0.981468	0.120735	0.154485
0.567924	0.429637	0.711607
0.914616	0.322991	0.254562
0.999713	0.0749706	0.0342377
0.160955	0.96055	0.234316
1.00038	0.0332015	0.0466506
0.0361888	0.91687	0.40872
0.698165	0.128114	0.710086
0.972462	0.0153063	0.272374
0.148794	0.615605	0.778901
0.669462	0.714746	0.203964
0.931202	0.32801	0.20068
0.995846	0.122095	0.0365923
0.367071	0.27046	0.898341
0.67079	0.702881	0.239426
0.979194	0.0127336	0.284478
0.559349	0.199749	0.829911
0.346706	0.760754	0.555019
0.848258	0.339262	0.41495
0.501027	0.182255	0.859331
0.873553	0.016347	0.527018
0.804568	0.607063	0.0114181
0.0993784	0.596909	0.799199
0.840074	0.53974	0.075427
0.582225	0.810591	0.199855
0.0272299	0.926269	0.402073
0.167832	0.859063	0.488067
0.272289	0.221596	0.941081
0.608525	0.794797	0.0630208
0.27648	0.453756	0.873449
0.362272	0.4267	0.857423
0.706238	0.456413	0.549149
0.323549	0.776537	0.569519
0.779835	0.283651	0.561694
0.228375	0.907223	0.36118
0.848683	0.52527	0.0753939
0.278822	0.913355	0.299866
0.284706	0.358902	0.895202
0.0415366	0.59964	0.801672
0.0571686	0.992862	0.123179
0.536514	0.771736	0.352317
0.903334	0.152401	0.416091
0.765234	0.649121	0.0264285
0.534623	0.799022	0.324516
0.251048	0.685269	0.686038
0.59871	0.317633	0.73738
0.234852	0.373831	0.897702
0.545841	0.750549	0.388216
0.420619	0.513399	0.750283
0.359285	0.250743	0.902058
0.282654	0.804689	0.534557
0.0605596	0.991224	0.181475
1.00083	2.19187e-14	0.0193564
6.12645e-17	1.06476e-29	1.00053
0.894879	0.449237	0
6.08991e-17	8.4463e-18	1.00408
0.673939	0.724638	0.175692
0.477328	0.851536	0.221542
0.607456	0.304948	0.735282
0.025403	0.433671	0.904328
0.296379	0.539099	0.796913
0.22278	0.976001	0.0687892
0.400203	0.713948	0.601314
0.308116	0.754667	0.605979
0.0781252	0.937403	0.350225
0.501185	0.477179	0.726081
0.151285	0.517772	0.852282
0.0641802	0.934114	0.355498
0.19697	0.98273	0.0468129
0.601334	0.0732477	0.816814
0.532901	0.862457	0.113785
0.106074	0.988314	0.132037
0.568338	0.0247696	0.827211
0.597292	0.00713614	0.822195
0.697968	0.654506	0.297744
0.394109	0.64202	0.661236
0.440757	0.819061	0.379232
0.490118	0.199708	0.862398
0.521715	0.849621	0.152996
0.636977	0.167547	0.754853
0.86856	0.383549	0.319154
0.899369	0.375132	0.262155
0.625266	0.623764	0.478778
0.289882	0.89604	0.361186
0.970296	0.11819	0.22943
0.493768	0.872556	0.0360604
0.951048	0.300473	0.0845734
0.408152	0.477089	0.780604
0.0369911	0.392904	0.930812
0.94552	0.0521203	0.332145
0.361215	0.208744	0.926334
0.00630185	0.735667	0.684571
0.826382	0.1088	0.569343
0.370452	0.357087	0.858872
0.888877	0.403805	0.226953
0.639704	0.168264	0.751131
0.248099	0.955815	0.186529
0.653378	0.28252	0.706634
0.817105	0.136076	0.576309
0.865182	0.487754	0.197793
0.845979	0.334331	0.460382
0.14288	0.0197056	0.996571
0.547575	0.574483	0.630122
0.378021	0.254186	0.895836
0.57938	0.32663	0.75318
0.0118258	0.784725	0.624495
0.894033	0.448813	0.00355826
0.0223842	0.603342	0.802679
0.994087	0.0866575	0.126154
0.205851	0.194326	0.965854
0.424393	0.807258	0.423831
0.390812	0.636649	0.670027
0.915399	0.000269894	0.484134
0.977437	0.160168	0.204494
0.189095	0.101263	0.981404
0.468677	0.829072	0.30914
0.125896	0.0601872	0.991472
0.0760785	0.744507	0.678324
0.811951	0.593346	0.0468306
0.472184	0.799221	0.3905
0.941451	0.258766	0.234197
0.139317	0.794952	0.617195
0.785639	0.567182	0.311129
0.425149	0.763849	0.498773
0.878628	0.495334	0.0172357
0.856168	0.389808	0.340513
0.426136	0.904308	0.0912022
0.0987671	0.175396	0.989844
0.319723	0.950194	0.164067
0.365369	0.412966	0.844331
0.044462	0.828237	0.561344
0.113826	0.996223	0.000945572
0.444019	0.33991	0.834796
0.949614	0.317041	0.0758682
0.210222	0.195516	0.961833
0.948294	0.0473932	0.333029
0.157964	0.460562	0.878426
0.929576	0.38903	0.146315
0.0537222	0.500542	0.866995
0.661904	0.282349	0.714344
0.231771	0.215557	0.949702
0.235709	0.205238	0.955766
0.842697	0.55579	0.0563639
0.655436	0.536448	0.535215
0.354313	0.417893	0.845162
0.428984	0.900759	0.105189
0.590757	0.67369	0.446249
0.285141	0.50868	0.813846
0.771909	0.0583179	0.643182
0.267766	0.928871	0.272702
0.387046	0.452418	0.806869
0.129395	0.0618599	0.990966
0.513453	0.626277	0.595355
0.922164	0.400431	0.145974
0.615785	0.614307	0.512065
0.743171	0.670576	0.0575281
0.384757	0.731865	0.566231
0.0311211	0.911092	0.450128
0.62245	0.69618	0.402722
0.0487351	0.587017	0.810773
0.466258	0.838881	0.290174
0.547924	0.295089	0.785574
0.797227	0.263179	0.557101
0.906571	0.42864	0.0497074
0.174826	0.308362	0.948785
0.752065	0.0414123	0.673149
0.497565	0.581604	0.646271
0.179392	0.603911	0.789012
0.756662	0.498952	0.452133
0.722401	0.185418	0.670782
0.573025	0.686495	0.464819
0.282538	0.949027	0.18704
0.314016	0.335873	0.89045
0.239924	0.226491	0.94708
0.457318	0.246293	0.85723
0.431469	0.801801	0.420198
0.732647	0.681339	0.0274563
0.72633	0.561116	0.407871
0.354739	0.252316	0.906211
0.045525	0.546242	0.841269
0.414373	0.788906	0.457862
0.689618	0.659846	0.360136
0.55074	0.613232	0.587217
0.149133	0.31806	0.938895
0.650993	0.296995	0.701382
0.103425	0.776126	0.658408
0.615335	0.359607	0.713245
0.701666	0.729585	0.0113518
0.744932	0.661741	0.243261
0.414331	0.686141	0.611811
0.324308	0.221505	0.922233
0.274341	0.582799	0.767418
0.0892375	0.99815	0.0261876
0.683745	0.701862	0.209971
0.703491	0.232235	0.689662
0.548206	0.650563	0.530258
0.339858	0.618184	0.712067
0.767272	0.371582	0.533709
0.455024	0.846916	0.290677
0.554456	0.31258	0.772819
0.738048	0.665953	0.233847
0.332067	0.313425	0.896257
0.987853	0.111533	0.116148
0.21572	0.972931	0.156395
0.167924	0.917107	0.373058
0.448054	0.346783	0.831272
0.586377	0.506542	0.643814
0.0980086	0.631295	0.775682
0.23744	0.0809793	0.973211
0.777862	0.12716	0.633811
0.864564	0.0946799	0.537467
0.191363	0.0924599	0.978205
0.246705	0.950443	0.213235
0.318271	0.160889	0.938953
0.437649	0.0147595	0.911579
0.72347	0.0952512	0.697807
0.652473	0.745892	0.141469
0.639283	0.771242	0.00753892
0.558148	0.708361	0.468776
0.963916	0.188737	0.200023
0.667249	0.456959	0.602367
0.0549872	1.00001	0.0218394
0.14636	0.789654	0.613788
0.808679	0.140357	0.581239
0.112982	0.191072	0.986114
0.710047	0.171063	0.693961
0.803109	0.498601	0.346427
0.716411	0.125057	0.690998
0.784361	0.236185	0.601318
0.731723	0.690698	0.0276134
0.796265	0.527365	0.321759
0.462181	0.88227	0.131435
0.252854	0.495508	0.839636
0.625165	0.527609	0.579312
0.912404	0.414494	0.0496749
0.809043	0.368352	0.461527
0.536916	0.848668	0.000947028
0.219156	0.379337	0.911651
0.609909	0.000859911	0.793295
0.321344	0.923195	0.229443
0.879207	0.470492	0.0866876
0.342731	0.402228	0.875906
0.990093	0.14409	1.95108e-05
0.328054	0.227233	0.917677
6.02275e-17	1.33671e-17	1.00752
6.13242e-17	2.13891e-32	1.0015
1.39838e-31	2.28373e-15	1.0009
1.02064	0.0148011	0
0.751065	0.669631	0.0405412
0.759154	0.652042	0.0365646
0.614005	0.0397027	0.791096
0.567422	0.802492	0.215681
0.032696	0.999366	0.0663148
0.21159	0.905095	0.376229
0.0256291	0.971357	0.264456
0.826637	0.304263	0.477614
0.469873	0.733214	0.510831
0.814334	0.407569	0.421723
0.307155	0.0640472	0.953309
0.675436	0.739515	0.0521209
0.630326	0.536762	0.580643
0.189243	0.122403	0.98089
0.461466	0.830387	0.315807
0.578453	0.343804	0.750414
0.397187	0.863827	0.337023
0.290292	0.932678	0.227724
0.48238	0.441054	0.760281
0.600135	0.61202	0.533069
0.941297	0.241937	0.276263
0.776368	0.623004	0.115921
0.876208	0.49266	0.0816298
0.432537	0.545323	0.72764
0.93632	0.300002	0.194008
0.075443	0.78619	0.650109
0.350554	0.765766	0.565955
0.198654	0.213539	0.960133
0.156785	0.46107	0.87805
0.0710957	0.131516	0.995124
0.339327	0.707039	0.625999
0.515541	0.133844	0.847497
0.0340321	0.308179	0.956866
0.951133	0.276041	0.258804
0.375648	0.532692	0.772115
0.48659	0.32346	0.820053
0.228725	0.755802	0.630312
0.0451196	0.401417	0.918995
0.621943	0.178255	0.770159
0.257988	0.927038	0.287678
0.89096	0.227361	0.407158
0.0603436	0.194739	0.983193
0.553527	0.00802569	0.836706
0.16065	0.879077	0.454904
0.561123	0.479371	0.677284
0.142085	0.91712	0.388481
0.315247	0.0481741	0.950604
0.855925	0.467181	0.2391
0.871031	0.230982	0.465436
0.137711	0.466953	0.875449
0.821319	0.550821	0.234821
0.734596	0.679056	0.100788
0.299913	0.889825	0.353142
0.62883	0.02981	0.784682
0.271533	0.516312	0.825389
0.510534	0.563667	0.652486
0.957242	0.277814	0.11067
0.882697	0.352467	0.330628
0.165071	0.662881	0.739668
0.572838	0.598385	0.593433
0.355826	0.778381	0.519764
0.840602	0.207431	0.535761
0.111934	0.606617	0.789491
0.0254998	0.966455	0.288966
0.834351	0.554634	0.0337348
0.41644	0.581747	0.71128
0.591481	0.152455	0.799086
0.387226	0.810469	0.449535
0.32123	0.947675	0.0173582
0.175236	0.749586	0.6419
0.517821	0.677386	0.527605
0.905578	0.379485	0.206399
0.494052	0.768924	0.409399
0.587582	0.780048	0.277598
0.965243	0.270588	0.00975665
0.529362	0.844623	0.129643
0.839116	0.541447	0.155513
0.336753	0.701675	0.63504
0.456656	0.871006	0.331907
0.239151	0.943367	0.232616
0.228081	0.474645	0.853624
0.120138	0.407752	0.909998
0.250545	0.188722	0.951641
0.638416	0.773879	0.0760705
0.839827	0.527545	0.171302
0.684909	0.729849	0.0520866
0.0477277	0.373172	0.936509
0.719505	0.554996	0.438628
0.0910866	0.575735	0.815619
0.430574	0.608663	0.68568
0.094094	0.601602	0.795273
0.654983	0.552748	0.548452
0.2809	0.585297	0.777376
0.496611	0.772906	0.396102
0.1866	0.955313	0.231255
0.679022	0.716619	0.186683
0.407934	0.363704	0.861869
0.0525889	0.445214	0.894879
0.866116	0.486985	0.174551
0.287565	0.0744634	0.961225
0.379233	0.0243813	0.945978
0.363803	0.0761042	0.930021
0.627166	0.572018	0.543358
0.59529	0.0876934	0.805853
0.787708	0.448913	0.457447
0.916048	0.147804	0.383394
0.700955	0.681465	0.295817
0.0615345	0.113829	0.997497
0.542789	0.0829458	0.838879
0.193792	0.830267	0.529894
0.22363	0.388781	0.897924
0.664332	0.184642	0.733527
0.102822	0.950633	0.318351
0.990582	0.283708	0
0.535157	0.679228	0.506706
0.438497	0.0501835	0.905766
0.998685	0.000300844	0.149079
0.398714	0.0870678	0.914219
0.25098	0.838515	0.512116
0.993398	0.0033457	0.142892
0.896792	0.427319	0.121641
0.798018	0.501282	0.372264
0.665895	0.394543	0.640958
0.365716	0.0696402	0.931548
0.448374	0.145819	0.885117
0.15144	0.794364	0.594245
0.184141	0.839632	0.515942
0.269635	0.387991	0.886983
0.438869	0.620389	0.66879
0.669478	0.159828	0.732202
0.643558	0.69178	0.345938
0.517475	0.750609	0.424234
0.323105	0.892614	0.322984
0.4538	0.564206	0.695469
0.914654	0.357895	0.206463
0.0807963	0.746993	0.664719
0.422359	0.553339	0.744426
0.951297	0.293331	0.128933
0.169777	0.854179	0.496915
0.806377	0.0350034	0.599949
0.648058	0.696617	0.328914
0.848832	0.567518	0.000285649
0.7747	0.223129	0.59568
0.723914	0.00303931	0.703948
0.445584	0.0180839	0.897961
0.922017	0.163373	0.369156
0.172913	0.860928	0.488329
0.765435	0.528688	0.384309
0.416953	0.666967	0.621032
0.502759	0.63258	0.600619
0.127605	0.941734	0.326609
0.51232	0.15775	0.85168
0.331282	0.431664	0.842692
0.697938	2.43431e-16	0.719053
0.922603	0.241154	0.30494
0.557487	0.0937197	0.830671
0.716735	0.685655	0.162683
0.982558	0.174101	0.171661
0.58367	0.59523	0.565493
0.427933	0.381535	0.829022
0.046568	0.364105	0.940275
0.34474	0.923734	0.173506
0.574902	0.819769	0.0694454
0.899958	0.24979	0.365961
0.722188	0.260294	0.657773
0.545687	0.843538	0.10122
0.644398	0.0371063	0.768351
0.132043	0.992417	0.0838641
0.721749	0.695694	0.09025
0.311126	0.858867	0.440945
0.73056	0.332671	0.604543
0.808623	0.268929	0.527316
0.677111	0.714602	0.197353
0.642172	0.74674	0.252221
0.925836	0.36349	0.158361
0.541377	0.744204	0.393503
0.852625	0.535777	0.0938666
0.0877668	0.998585	0.0725789
0.360624	0.751413	0.560093
0.387507	0.854865	0.363184
0.0193532	0.535754	0.875963
0.130379	0.979912	0.17625
0.594548	0.0950591	0.80905
0.801778	0.475054	0.373538
0.233211	0.900072	0.376349
0.0410804	0.944778	0.343548
0.499568	0.628565	0.612696
0.898927	0.421287	0.139204
0.797717	0.45562	0.423334
0.817425	0.500092	0.298451
0.253144	0.55541	0.803438
0.512578	0.686427	0.522906
0.950012	0.334978	0.0416903
0.990541	0.0180937	0.168573
0.315853	0.231541	0.933011
0.373491	0.630051	0.686182
0.950759	0.0896117	0.317931
0.289743	0.945905	0.228178
0.516261	0.567906	0.658219
0.257998	0.597823	0.792138
0.997674	0.0618254	0.129519
0.900734	0.427068	0.0974865
0.826499	0.488832	0.281772
0.326633	0.416308	0.862159
0.977998	0.223068	0.0415154
0.601636	0.275473	0.761629
0.569583	0.540404	0.625428
1.00056	0.0680457	0.020171
0.246648	0.468413	0.878526
0.553118	0.119031	0.83295
0.126247	0.910397	0.397503
0.181437	0.176364	0.973603
0.778165	0.611114	0.150212
0.822312	0.285455	0.511061
0.0703827	0.573903	0.820929
0.367435	0.843692	0.409346
0.844951	0.522866	0.181597
0.25524	0.959168	0.154109
0.7883	0.618741	0.0687477
0.277226	0.745166	0.61124
0.160226	0.987103	0.0533325
0.11433	0.704355	0.70305
0.301308	0.286322	0.912767
0.965779	0.0225947	0.260186
0.579316	0.501853	0.644771
0.0719059	0.697132	0.717433
0.752813	0.305974	0.592687
0.930784	0.371739	0.00249328
0.0909948	0.340323	0.945255
0.42832	0.690266	0.588956
0.836354	0.436064	0.351707
0.0180556	0.900325	0.452556
0.4661	0.208161	0.870248
0.905647	0.444216	0.0266701
0.730149	0.145877	0.674934
0.437585	0.452245	0.77961
0.0641936	0.462916	0.888766
0.0371112	0.670316	0.753731
0.959687	0.318568	0.033872
0.694419	0.587601	0.436369
0.0319142	0.0580401	1.00005
0.0515236	0.992782	0.125545
0.403966	0.912876	0.0787714
0.105256	0.72607	0.689606
0.724835	0.682256	0.142547
0.595776	0.560778	0.595337
0.64502	0.384186	0.666344
0.322194	0.86835	0.414443
0.215423	0.15724	0.965287
0.420716	0.166876	0.913078
0.704156	0.360945	0.629497
0.62014	0.247382	0.75002
0.49685	0.224892	0.84191
0.761161	0.605247	0.237973
0.221988	0.859478	0.467223
0.647418	0.719472	0.265211
0.390783	0.856197	0.348796
0.107788	0.408111	0.915341
0.67016	0.735408	0.15981
0.479955	0.758568	0.469763
0.744664	0.582002	0.330998
0.86834	0.480347	0.162149
0.771606	0.13479	0.640761
0.343924	0.699145	0.632756
0.759733	0.604112	0.245912
0.686542	0.728731	0.0101198
0.584857	0.2415	0.779731
0.666913	0.657133	0.428302
0.795079	0.327449	0.529096
0.295136	0.65344	0.706312
0.394649	0.02114	0.941459
0.813961	0.551247	0.19276
0.52792	0.496908	0.698741
0.309192	0.920118	0.251986
0.610838	0.645852	0.464081
0.888744	0.432643	0.186914
0.649213	0.762792	0.0583062
0.477334	0.668163	0.60467
0.653386	0.203914	0.7353
0.497979	0.879637	0.00991173
0.310087	0.127708	0.951298
0.291072	0.807497	0.536906
0.801505	0.539808	0.273761
0.67448	0.713089	0.207118
0.873066	0.196188	0.451415
0.63034	0.513392	0.591536
0.913636	0.369135	0.199513
0.718582	0.422772	0.55863
0.529127	0.847579	0.14112
0.617563	0.508637	0.615531
0.679895	0.453088	0.581511
0.734588	0.13109	0.676397
0.639392	0.725252	0.264552
0.209643	0.798191	0.571792
0.0790221	0.74226	0.671502
0.24036	0.0834379	0.968653
0.323083	0.878175	0.389274
0.736921	0.677293	0.0305791
0.878078	0.314391	0.365934
0.457141	0.20416	0.875735
0.312209	0.770142	0.579224
0.284287	0.297588	0.921704
0.0826712	0.922713	0.38257
0.136433	0.983852	0.127188
0.764032	0.101525	0.644206
0.234598	0.387279	0.895813
0.333971	0.833575	0.458673
0.632236	0.322036	0.708265
0.559208	0.759114	0.359137
0.918313	0.349684	0.214571
0.264095	0.943202	0.249032
0.591448	0.805954	0.0788836
0.930714	0.0740814	0.376034
0.954559	0.208198	0.220243
0.583901	0.273299	0.784326
0.898859	0.456312	0.0374515
0.914768	0.405141	0.062254
0.204972	0.449718	0.881204
0.625545	0.575915	0.531858
0.350462	0.301292	0.891902
0.642541	0.200529	0.744195
0.324267	0.81595	0.494002
0.884113	0.331961	0.340982
0.658123	0.35507	0.674386
0.00328105	0.476043	0.899842
0.0686561	0.881872	0.475655
0.531687	0.848814	0.0547149
1.00821	0.0201918	1.15009e-05
0.433447	0.774573	0.473538
0.198802	0.00194325	0.988685
0.771509	0.449985	0.483664
0.222667	0.0120631	0.979289
0.0110808	0.294178	0.959843
0.804822	0.279384	0.542592
0.562633	0.787563	0.328673
0.821946	0.376347	0.459068
0.33742	0.64014	0.728744
0.524035	0.0360184	0.858249
0.188523	0.183253	0.966588
0.339605	0.401044	0.856237
0.418432	0.255905	0.885949
0.525218	0.0523213	0.851289
0.766741	0.562706	0.320169
0.440993	0.78103	0.469384
0.898018	0.439521	0.0788932
0.852598	0.213903	0.500179
0.15178	0.935069	0.324562
0.863563	0.154106	0.49472
0.491909	0.484695	0.742404
0.419718	0.291256	0.869445
0.849168	0.525476	0.0752403
0.143272	0.714038	0.702137
0.543353	0.837393	0.151443
0.882184	0.188106	0.439115
0.489396	0.785304	0.384946
0.305301	0.0163539	0.956596
0.682536	0.592024	0.433421
0.952669	0.205436	0.232468
0.784824	0.086061	0.635361
0.613746	0.281018	0.748922
0.853991	0.522463	0.0922827
0.632529	0.242898	0.739305
0.701034	0.133901	0.727449
0.229174	0.0789506	0.972014
0.682701	0.731319	0.111704
0.412645	0.329426	0.850077
0.278341	0.255059	0.929407
0.0594072	0.742788	0.670337
0.3522	0.812615	0.496773
0.268995	0.300016	0.924973
0.0471306	0.545827	0.84574
0.351442	0.826541	0.442532
0.237722	0.662914	0.72495
0.0165236	0.823936	0.569756
0.774594	0.538203	0.338027
0.520199	0.0434048	0.855617
0.226811	0.829245	0.54326
0.000151722	1.00088	1.83354e-06
1.73563e-32	6.12699e-17	1.00061
6.12776e-17	1.12829e-30	1.00074
1.00436	2.34599e-05	0
6.08991e-17	8.4463e-18	1.00408
0.186946	0.691007	0.706163
0.199778	0.702263	0.697183
0.704652	0.334674	0.632933
0.378713	0.923858	0.0902933
0.860835	0.194716	0.484041
0.370571	0.782464	0.506539
0.386099	0.0277167	0.926431
0.925961	0.245978	0.308352
0.855453	0.356097	0.381913
0.973387	0.225477	0.130929
0.128257	0.792475	0.610564
0.205968	0.385814	0.918405
0.0840976	0.966657	0.249566
0.215348	0.403383	0.906087
0.167309	0.583639	0.798259
0.793886	0.236641	0.56681
0.285513	0.891314	0.356521
0.933309	0.319259	0.211043
0.489142	0.841934	0.236373
0.694429	0.713119	0.126212
0.0309485	0.591215	0.811916
0.837461	0.554095	0.137939
0.0997158	0.794359	0.613437
0.358124	0.0257084	0.93767
0.257407	0.951456	0.198454
0.75102	0.429695	0.51636
0.959726	0.267369	0.14773
0.456506	0.76536	0.458938
0.531211	0.808091	0.337075
0.11385	0.459429	0.88789
0.508763	0.850625	0.154362
0.538072	0.464987	0.727889
0.511468	0.173618	0.851262
0.0200685	0.917806	0.403296
0.226304	0.0412418	0.975142
0.280909	0.0200887	0.961681
0.396341	0.742415	0.545169
0.628976	0.0920507	0.777325
0.447994	0.6815	0.591015
0.0111495	0.833034	0.555484
0.29853	0.931606	0.227767
0.938596	0.204816	0.301833
0.349335	0.939096	0.0659097
0.715019	0.709684	0.0348372
0.00805589	0.444867	0.899308
0.416373	0.293219	0.864229
0.518464	0.340759	0.793306
0.827196	0.00800333	0.576022
0.364914	0.778536	0.539125
0.737755	0.611279	0.319747
0.135732	0.047436	0.994704
0.746	0.472408	0.476504
0.46047	0.643584	0.620228
0.963253	0.0768086	0.283523
0.502539	0.754373	0.427772
0.647169	0.140138	0.754025
0.729679	0.604588	0.348271
0.161517	0.525918	0.845423
0.207112	0.66769	0.716283
0.339353	0.857851	0.407949
0.643069	0.398004	0.672855
0.799047	0.437088	0.443268
0.0546367	0.255654	0.969601
0.103478	0.964739	0.246526
0.632784	0.503411	0.59486
0.314261	0.0620433	0.955196
0.526421	0.162152	0.837279
0.0766297	0.730589	0.688206
0.921451	0.142543	0.365946
0.657927	0.724255	0.280739
0.143028	0.991378	0.0960753
0.323391	0.870921	0.37254
0.619078	0.210115	0.765661
0.720901	0.150976	0.67851
0.882317	0.184781	0.439695
0.907841	0.00627279	0.496192
0.26801	0.41443	0.872336
0.201049	0.72411	0.663712
0.275164	0.861131	0.449646
0.119404	0.481844	0.875446
0.547786	0.828016	0.17443
0.00634233	0.949334	0.389401
0.635075	0.393056	0.683459
0.935076	0.326794	0.170059
0.0738829	0.996794	0.10994
0.0626303	0.936932	0.399223
0.63562	0.222449	0.74758
0.601161	0.487941	0.643833
0.476441	0.105406	0.880219
0.253939	0.948411	0.258396
0.158608	0.980004	0.216439
0.00585301	0.848802	0.530523
0.59611	0.368547	0.720875
0.95578	0.272948	0.175418
0.560153	0.83421	0.0194545
0.0652054	0.982828	0.186052
0.466573	0.103223	0.885021
0.867238	0.454492	0.225267
0.977441	0.216245	0.0509655
0.801613	0.360147	0.524442
0.623728	0.500137	0.602445
0.870396	0.497996	0.100029
0.740975	0.576767	0.347775
0.13735	0.662703	0.760748
0.473	0.87888	0.105207
0.430201	0.421212	0.808724
0.215058	0.0816185	0.984884
0.23954	0.914428	0.339048
0.24121	0.814152	0.563231
0.677047	0.657545	0.36449
0.591202	0.816372	0.0258953
0.405933	0.285867	0.878567
0.787096	0.548037	0.341997
0.389843	0.905946	0.195493
0.156976	0.538789	0.829918
0.900706	0.132091	0.430798
0.356838	0.539511	0.767937
0.875013	0.500638	0.0258022
0.81499	0.568166	0.166232
0.720959	0.623032	0.359207
0.251495	0.902686	0.352767
0.586992	0.36291	0.730107
0.243042	0.744367	0.627277
0.334245	0.80262	0.508679
0.444454	0.0783534	0.89428
0.178115	0.300028	0.947338
0.814516	0.177291	0.555803
0.470359	0.881063	0.0591122
0.401354	0.898965	0.191878
0.319492	0.941249	0.123518
0.666164	0.316394	0.690909
0.805419	0.610151	0.0101703
0.880752	0.25719	0.409127
0.610615	0.127673	0.784601
0.0630687	0.311032	0.949223
0.482379	0.747613	0.464412
0.681877	0.278416	0.678497
0.382327	0.633642	0.675591
0.57422	0.355014	0.758855
0.614738	0.00270905	0.800354
0.294702	0.945027	0.165633
0.733809	0.685135	0.0798941
0.834735	0.51262	0.24984
0.773237	0.620021	0.158962
0.332907	0.742416	0.583439
0.424563	0.869696	0.254705
0.488288	0.765736	0.428592
0.213289	0.407279	0.890714
0.89065	0.380201	0.266495
0.365166	0.668476	0.656229
0.062129	0.312232	0.956241
0.946185	0.158349	0.315218
0.83793	0.516807	0.226503
0.893966	0.124302	0.466983
0.0560494	0.262264	0.966813
0.302302	0.171033	0.943037
0.953942	0.303508	0.0555086
0.412306	0.637559	0.653634
0.221733	0.737054	0.649314
0.770288	0.62575	0.14202
0.999173	0.112128	0.00442994
0.815836	0.0537344	0.585493
0.452922	0.684813	0.587437
0.905569	0.1301	0.426179
0.42599	0.437265	0.79522
0.889657	0.379777	0.270781
0.615084	0.336348	0.721084
0.437111	0.122845	0.899704
0.416793	0.38795	0.82474
0.846013	0.535742	0.0561522
0.687408	0.302734	0.672084
0.845552	0.535246	0.0819643
0.986034	0.1718	0.0773296
0.751748	0.64964	0.219186
0.756695	0.0379948	0.66914
0.497978	0.828888	0.294514
0.817727	0.510254	0.2912
0.783916	0.539501	0.343773
0.551694	0.83925	0.00673637
0.866186	0.470015	0.179367
0.962497	0.255924	0.119481
0.335548	0.750972	0.574223
0.663523	0.481297	0.575101
0.144487	0.672624	0.733208
0.764171	0.0896716	0.645506
0.979117	0.212081	0.111387
0.606874	0.658806	0.461393
0.082635	0.155528	0.98813
0.262898	0.982023	0.0668727
0.460674	0.867035	0.217477
0.989234	0.0123722	0.196097
0.191605	0.738332	0.652169
0.0824398	0.184651	0.987624
3.45388e-05	1.01847	0.0438978
6.12702e-17	1.03838e-28	1.00062
2.57052e-17	5.60036e-17	1.00635
0.000281792	1.00178	0
0.300614	0.692388	0.668668
0.821554	0.0425205	0.579008
0.290213	0.958034	0.0900545
0.51705	0.0263082	0.858697
0.660542	0.221197	0.7249
0.847763	0.534164	0.10695
0.893748	0.0928945	0.448078
0.176859	0.26173	0.952436
0.272303	0.967095	0.0644493
0.105422	0.489669	0.868346
0.586959	0.545777	0.618893
0.343814	0.519377	0.814786
0.835424	0.437846	0.361451
0.13146	0.126862	0.985603
0.32302	0.544704	0.779541
0.852723	0.10771	0.523393
0.711578	0.715767	0.114742
0.777121	0.349818	0.529067
0.064606	0.976373	0.223974
0.341419	0.743846	0.585571
0.238672	0.624096	0.752276
0.696321	0.656322	0.298126
0.00300057	0.886186	0.495353
0.269585	0.723457	0.653478
0.115467	0.857357	0.509674
0.0581042	0.612839	0.792172
0.0944523	0.946585	0.322439
0.216785	0.675519	0.705685
0.302587	0.952939	0.0840806
0.0191955	0.875198	0.525821
0.279927	0.815222	0.537929
0.267721	0.662907	0.711131
0.594232	0.431437	0.682354
0.0853105	0.638977	0.773792
0.727169	0.0143089	0.697109
0.622088	0.211635	0.758355
0.494818	0.78027	0.400985
0.0589454	0.342632	0.94068
0.36252	0.935168	0.0156275
0.376854	0.464326	0.838947
0.39684	0.334094	0.861556
0.967415	0.184951	0.191865
0.816228	0.34626	0.478447
0.650368	0.470932	0.62003
0.867053	0.422625	0.306492
0.509119	0.850943	0.155975
0.910994	0.246479	0.361658
0.535746	0.8407	0.135821
0.608105	0.591332	0.541907
0.482293	0.87912	0.0565904
0.506544	0.449337	0.765214
0.47742	0.236231	0.848213
0.923534	0.116655	0.409441
0.970454	0.200977	0.181222
0.732784	0.647067	0.227148
0.626806	0.255804	0.741209
0.76927	0.398442	0.514598
0.190828	0.986311	0.0671115
0.153101	0.0785009	0.997242
0.366566	0.923487	0.152918
0.879715	0.396	0.270002
0.0283525	0.595202	0.805601
0.084292	0.893773	0.447496
0.44767	0.783292	0.435803
0.926298	0.367758	0.124678
0.310477	0.523554	0.800223
0.400917	0.897648	0.234119
0.163538	0.418647	0.90149
0.757612	0.151477	0.638623
0.860757	0.329028	0.394924
0.801802	0.582189	0.178534
0.183948	0.94552	0.282688
0.81079	0.558909	0.204012
0.266418	0.958542	0.143314
0.525361	0.828481	0.213303
0.420537	0.916219	0.0126756
0.210045	0.654054	0.736101
0.828506	0.00322816	0.566012
0.902399	0.244154	0.36586
0.480026	0.753263	0.457502
0.438493	0.908972	0.0255626
0.100446	0.979414	0.189998
0.384719	0.316764	0.878616
0.574171	0.416871	0.707685
0.943865	0.226265	0.256782
0.668898	0.404236	0.644329
0.7495	0.354576	0.566442
0.391449	0.479246	0.819208
0.193593	0.403383	0.902814
0.56091	0.802448	0.255087
0.491533	0.873301	0.103707
0.994234	0.0453451	0.166491
0.660887	0.570964	0.491017
0.466725	0.808345	0.378474
0.598443	0.156435	0.788436
0.958234	0.300851	0.10047
0.401807	0.134805	0.914306
0.120349	0.442342	0.89702
0.688899	0.308914	0.67733
0.284801	0.536273	0.799555
0.952447	0.0654907	0.353124
0.563662	0.818273	0.147395
0.377216	0.633829	0.702697
0.392212	0.296457	0.871925
0.63803	0.596868	0.492401
0.197978	0.115143	0.977334
0.869122	0.283467	0.420137
0.0352957	0.733375	0.688475
0.942986	0.0815575	0.350095
0.896418	0.372369	0.262507
0.414286	0.809319	0.42929
0.947096	0.166027	0.312326
0.0500878	0.291161	0.960835
0.469652	0.885289	0.0748879
0.461103	0.554662	0.697157
0.0426079	0.988864	0.158556
3.41483e-05	1.00695	0.0462315
0.161131	0.803043	0.575448
0.500713	0.599826	0.627337
0.627985	0.292254	0.728656
0.860154	0.419615	0.33001
0.218339	0.0882496	0.975082
0.772728	0.357801	0.547466
0.725822	0.196379	0.682965
0.793874	0.618683	0.0477277
0.537629	0.777674	0.346452
0.416114	0.49848	0.76348
0.789272	0.436393	0.435651
0.921799	0.382912	0.115727
0.0316011	0.378832	0.935779
0.605711	0.525273	0.609411
0.125544	0.993186	0.0379788
0.370567	0.690099	0.632904
0.888754	0.42115	0.210532
0.998327	0.085778	0.0380135
0.253841	0.682479	0.697921
0.09205	0.364703	0.929284
0.450604	0.788425	0.432725
0.460138	0.0245193	0.891091
0.15093	0.252105	0.958708
0.717494	0.38334	0.594395
0.981026	0.203166	0.0153482
0.313609	0.14117	0.945967
0.557945	0.077971	0.828562
0.982983	0.0736293	0.245053
0.810071	0.564952	0.197448
0.731892	0.510067	0.463837
0.601861	0.627337	0.504288
0.354113	0.297921	0.888334
0.9557	0.0559908	0.332085
0.529124	0.493181	0.691465
0.542653	0.784941	0.337648
0.744013	0.724772	0.0316822
0.553543	0.791909	0.294825
0.515044	0.860847	0.0337855
0.351316	0.00503508	0.966416
0.528892	0.761806	0.382442
0.072922	0.7694	0.651179
0.440641	0.736023	0.520138
0.807157	0.00301661	0.602197
0.441571	0.68274	0.594113
0.756425	0.391785	0.546851
0.329246	0.170532	0.935441
0.624984	0.574101	0.542183
0.503282	0.793664	0.344387
0.959627	0.156259	0.286761
0.642434	0.481925	0.620135
0.140247	0.735631	0.674183
0.0859926	0.911806	0.407298
0.407491	0.355528	0.85233
0.506949	0.607295	0.617367
0.350743	0.241486	0.909831
0.339953	0.90192	0.282868
0.643162	0.465715	0.627443
0.506157	0.845458	0.266756
0.961206	0.301784	0.00420603
0.262231	0.927657	0.280146
0.803663	0.58354	0.125597
0.42403	0.899959	0.118407
0.982253	0.176532	0.160055
0.432291	0.891443	0.181164
0.346759	0.71192	0.631439
0.457685	0.0676471	0.889306
0.693305	0.286587	0.679146
0.906329	0.405898	0.1309
0.616071	0.527929	0.598126
0.430945	0.144581	0.896317
0.86553	0.278165	0.430569
0.875767	0.110621	0.487295
0.885679	0.409405	0.241463
0.813038	0.59445	0.0477606
4.58506e-17	4.22298e-17	1.01801
6.14646e-17	1.61321e-30	1.00379
6.04168e-29	6.12647e-17	1.00053
0.000163794	1.00139	0
0.693712	0.616869	0.38099
0.512582	0.462251	0.736107
0.353618	0.901366	0.255339
0.619233	0.0719388	0.782508
0.15582	0.273361	0.95052
0.309331	0.657887	0.694862
0.963946	0.0891439	0.255289
0.957576	0.0885586	0.277896
0.534927	0.482402	0.706691
0.129311	0.53297	0.838286
0.949808	0.315423	0.0219679
0.387376	0.874559	0.300415
1.00241	0.0273194	0.0119119
0.32666	0.282335	0.903565
0.210831	0.442899	0.879166
0.086613	0.479485	0.883863
0.910295	0.101365	0.403501
0.827203	0.527399	0.204355
0.015917	0.98036	0.243527
0.710783	0.0374435	0.721235
0.583886	0.786543	0.232481
0.547899	0.822457	0.164768
0.947012	0.328532	0.00190794
0.256282	0.923295	0.309241
0.420466	0.89425	0.165961
0.892703	0.0423206	0.450198
0.747763	0.257983	0.621472
0.149316	0.279413	0.957031
0.194575	0.361082	0.914099
0.465226	0.432017	0.775516
0.991176	0.110119	0.100315
0.758087	0.649528	0.143669
0.252249	0.925234	0.288752
0.472155	0.883538	0.104262
0.146221	0.47098	0.872183
0.764076	0.381404	0.526251
0.638484	0.554191	0.539488
0.652546	0.578676	0.498901
0.13675	0.990377	0.0574813
0.721176	0.593366	0.365679
0.0448161	0.170895	0.990743
0.729521	0.628184	0.31108
0.035649	0.198301	0.98342
0.738219	0.656528	0.162344
0.33037	0.476535	0.827883
0.514133	0.844281	0.218802
0.468933	0.570808	0.68084
0.0625902	0.521386	0.852612
0.956003	0.298271	0.0519567
0.590738	0.0807882	0.803691
0.53894	0.0579989	0.842591
0.270711	0.739165	0.641373
0.429464	0.845331	0.326267
0.865005	0.190902	0.478397
0.230899	0.812177	0.5433
0.442162	0.145504	0.897685
0.878103	0.309589	0.370245
0.923206	0.408264	0.00653005
0.717753	0.472853	0.521907
0.67774	0.37527	0.652812
0.247	0.870472	0.439686
0.772039	0.613314	0.200052
0.85324	0.266068	0.46203
0.00513588	0.811025	0.587586
0.403166	0.829063	0.414933
0.41549	0.306919	0.893274
0.0250095	0.67515	0.754664
0.0235689	0.243643	0.973034
0.931379	0.136778	0.358187
0.373666	0.116583	0.925816
0.328649	0.568367	0.758359
0.776018	0.494765	0.39265
0.682742	0.581045	0.457704
0.645715	0.222776	0.733661
0.0998761	0.358845	0.934218
0.459636	0.340809	0.822987
0.558547	0.841251	0.156428
0.480777	0.157062	0.865511
0.450941	0.539956	0.712848
0.918536	0.401713	0.0098101
0.431417	0.414436	0.806633
0.889855	0.44419	0.177136
0.185608	0.866289	0.471087
0.529693	0.757263	0.42037
0.833109	0.232392	0.510669
0.383444	0.909255	0.211417
0.167012	0.267994	0.949913
0.720843	0.606442	0.348077
0.0800749	0.868439	0.490912
0.629482	0.0595501	0.786183
0.577184	0.793091	0.213136
0.793958	0.0556407	0.610025
0.0339761	0.394594	0.920524
0.575059	0.0780592	0.815017
0.456043	0.882302	0.138289
0.953365	0.122112	0.311769
0.551628	0.831767	0.160705
0.765355	0.638203	0.18335
0.409936	0.717097	0.576641
0.939669	0.1316	0.35571
0.836964	0.00419403	0.561156
0.040103	0.152922	0.992731
0.368158	0.936888	0.0979313
0.275618	0.786026	0.568044
0.124462	0.215332	0.97205
0.175291	0.0154171	0.986788
0.713404	0.586971	0.389187
0.313429	0.738268	0.613646
0.780205	0.60034	0.199736
0.83825	0.0209582	0.553287
0.571325	0.336163	0.752222
0.473125	0.880961	0.029611
0.106823	0.933271	0.357424
0.524048	0.841905	0.167065
0.688077	0.574004	0.457471
0.186044	0.680546	0.7149
0.283968	0.76113	0.607943
0.396014	0.808164	0.467646
0.278291	0.733759	0.639403
0.801153	0.419956	0.443818
0.225476	0.851342	0.477182
0.0771957	0.996577	0.0707075
0.230144	0.718284	0.664318
0.733631	0.691151	0.145055
0.295905	0.953114	0.087399
0.876111	0.514475	0.0301564
0.1155	0.6729	0.732728
0.916358	0.0972163	0.401477
0.615934	0.723244	0.323015
0.449696	0.85494	0.284309
0.498202	0.789142	0.406595
0.049482	0.700522	0.717401
0.86096	0.207295	0.478259
0.360182	0.668065	0.653729
0.118267	0.300966	0.960029
0.0183058	0.783493	0.630492
0.285117	0.76421	0.598736
0.235687	0.971316	0.0644341
1.00137	0.0107922	0.0486377
0.467898	0.730094	0.504857
0.289365	0.918019	0.278151
0.755704	0.436803	0.491327
0.749317	0.449083	0.491735
0.975065	0.26246	0.000732808
0.610068	0.742854	0.278948
0.60467	0.710018	0.368205
0.646552	0.708037	0.315578
0.201659	0.925589	0.322487
0.869598	0.513526	0.113594
0.973132	0.132589	0.23326
0.362307	0.940028	0.0813891
0.808076	0.0352293	0.593729
0.851325	0.424957	0.337942
0.702163	0.549918	0.455332
0.567073	0.798233	0.212761
0.902435	0.443216	0.130007
0.665012	0.229434	0.712023
0.184586	0.746372	0.645428
0.93917	0.145202	0.337907
0.884142	0.389365	0.284334
0.861234	0.305342	0.411846
0.236659	0.834275	0.511494
0.569092	0.192342	0.815958
0.198122	0.909354	0.367835
0.493805	0.419698	0.791621
0.0208131	0.373032	0.932678
0.5262	0.770169	0.363054
0.666998	0.0657699	0.745751
0.343376	0.254076	0.906133
0.817529	0.546996	0.189346
0.719609	0.703999	0.0751907
0.398578	0.640332	0.670394
0.336583	0.662048	0.678288
0.53802	0.777063	0.334167
0.703804	0.628497	0.348657
0.226155	0.323317	0.940373
0.519371	0.052728	0.854524
0.0827796	0.258357	0.967547
0.844666	0.299468	0.449778
0.344831	0.211668	0.918529
0.916539	0.178793	0.359706
0.673848	0.373115	0.658508
0.0738192	0.235274	0.9802
0.994651	0.116099	0.0387284
0.992254	0.0838262	0.154259
0.324637	0.732915	0.6133
0.240592	0.960483	0.179729
0.783023	0.0530613	0.630641
0.477233	0.853424	0.237625
0.307659	0.907589	0.304034
0.333354	0.752596	0.596595
0.227411	0.029219	0.976549
0.220428	0.787324	0.59108
0.168202	0.353522	0.922755
0.649883	0.06148	0.76992
6.14646e-17	1.61321e-30	1.00379
1.73631e-32	6.12936e-17	1.001
1.00788	6.39451e-06	0.000619063
0.985871	0.26546	0
4.41881e-17	4.42116e-17	1.02083
0.330579	0.924344	0.211291
0.627529	0.506045	0.601665
0.749187	0.641435	0.197397
0.878329	0.477317	0.0497939
0.682383	0.270534	0.689493
0.833716	0.482902	0.273328
0.391028	0.805364	0.506773
0.820939	0.149149	0.568681
0.382639	0.917035	0.135092
0.536044	0.419419	0.745361
0.510499	0.775983	0.400627
0.634994	0.716814	0.315665
0.722837	0.672909	0.184328
0.189705	0.837735	0.543056
0.154867	0.415713	0.90281
0.231515	0.615015	0.759963
0.445956	0.659322	0.616377
0.729477	0.623247	0.30581
0.239561	0.863647	0.459756
0.705002	0.494495	0.510653
0.717499	0.697942	0.0387357
0.974627	0.195987	0.150088
0.911853	0.24043	0.36777
0.0817157	0.967298	0.258125
0.345324	0.846137	0.427496
0.222388	0.94163	0.280637
0.108392	0.349686	0.936353
0.0359889	0.734959	0.678544
0.585323	0.219536	0.792185
0.760323	0.311497	0.579304
0.561041	0.832563	0.0846549
0.466046	0.0368816	0.894276
0.26434	0.969481	0.0727501
0.490316	0.0359226	0.878966
0.667562	0.224865	0.71653
0.971991	0.0268091	0.246641
0.369304	0.704498	0.632086
0.551107	0.420315	0.73172
0.494222	0.405134	0.775042
0.236185	0.468702	0.854008
0.432534	0.432764	0.816252
0.943667	0.345015	0.0302357
0.842651	0.15996	0.526922
0.740595	0.649384	0.191616
1.00043	0.0140172	0.00599641
0.145482	0.705686	0.697355
0.0680938	0.321749	0.954427
0.0710745	0.631935	0.780623
0.881801	0.442016	0.289174
0.122922	0.310371	0.943368
0.327299	0.549644	0.771903
0.735159	0.164557	0.671459
0.752497	0.489151	0.512647
0.0134064	0.399035	0.92183
0.873691	0.135447	0.470061
0.588952	0.815402	0.0970946
0.744568	0.63614	0.233978
0.856032	0.390967	0.353405
0.135429	0.713098	0.702099
0.649451	0.758815	0.147051
0.183822	0.856474	0.49149
0.129678	0.558274	0.831221
0.517769	0.843427	0.300119
0.424835	0.588183	0.702231
0.197937	0.891878	0.424931
0.0560646	0.122971	0.993701
0.889598	0.368389	0.284447
0.459299	0.870413	0.217285
0.781471	0.0945169	0.625522
0.259491	0.962624	0.158502
0.685977	0.523094	0.518187
0.711223	0.530724	0.489636
0.804104	0.600033	0.17525
0.207124	0.00243428	0.984678
0.317735	0.541266	0.796606
0.69502	0.244566	0.694246
0.994159	0.015952	0.113226
0.357623	0.876271	0.333313
0.791853	0.288023	0.550896
0.619795	0.724165	0.314202
0.821748	0.155665	0.56214
0.545825	0.411171	0.738134
0.90403	0.106085	0.417874
8.37768e-08	1.00964	1.82445e-05
0.282866	0.968605	0.0405776
0.32686	0.612092	0.723322
0.0250273	0.744925	0.668069
0.401692	0.682255	0.622271
0.35065	0.733583	0.589088
0.415428	0.910275	0.0238903
0.953608	0.2135	0.234719
0.650107	0.554504	0.531926
0.912316	0.34218	0.265714
0.981862	0.0798484	0.22305
0.46324	0.818434	0.351255
0.873693	0.340296	0.374422
0.440562	0.826407	0.406915
0.717152	0.330819	0.638589
0.919319	0.334386	0.301309
0.807382	0.596982	0.0592858
0.914951	0.0787731	0.431948
0.0405757	0.754078	0.662596
0.547902	0.190794	0.832561
0.989421	0.0873642	0.144595
0.562285	0.12434	0.825106
0.168895	0.487163	0.868157
0.784384	0.254397	0.585383
0.030113	0.973366	0.257197
0.39645	0.911234	0.158271
0.9837	0.0525901	0.22305
0.323933	0.543992	0.785308
0.27119	0.461975	0.859698
0.409848	0.602382	0.699642
0.047763	0.424669	0.916513
0.16021	0.430055	0.90035
0.612247	0.307765	0.735907
0.847145	0.425282	0.340873
0.279673	0.0635264	0.964224
0.0494461	0.766306	0.660504
0.743134	0.173448	0.653316
0.0855181	0.528768	0.866586
0.99155	0.0185156	0.182072
0.310092	0.229531	0.929791
0.674349	0.530535	0.527804
0.292431	0.557691	0.78347
0.659947	0.577025	0.492977
0.0481099	0.427753	0.910455
0.480779	0.784687	0.448615
8.33078e-08	1.00399	0.020925
0.499246	0.591776	0.645447
0.00284281	0.994125	0.13989
0.479028	0.902759	0.0127585
0.531527	0.00624692	0.851242
0.965872	0.0942476	0.25022
0.0987313	0.98608	0.170469
0.305	0.0477944	0.965871
0.101718	0.187279	0.978081
0.93293	0.177097	0.327076
0.90814	0.0119745	0.436636
0.569659	0.00800546	0.822485
0.482888	0.386232	0.799314
0.0178449	0.381092	0.926143
0.427619	0.786255	0.457662
0.34692	0.850048	0.417775
0.451213	0.115146	0.887513
0.927312	0.18287	0.341684
0.165943	0.453656	0.886555
0.173448	0.500296	0.856831
0.793971	0.231495	0.56429
0.318696	0.951633	0.0288762
0.0900077	0.800274	0.606108
0.141221	0.797769	0.588454
0.0335585	0.998855	0.0570378
0.47856	0.360266	0.808302
0.607082	0.518675	0.608769
0.482791	0.106761	0.876313
0.435081	0.82656	0.384369
0.0594823	0.731241	0.710063
0.372045	0.927827	0.12261
0.761619	0.580776	0.319245
0.177804	0.752382	0.640681
0.569977	0.201838	0.803241
0.601609	0.652517	0.477051
0.665621	0.177355	0.726659
0.900674	0.0679968	0.473822
0.522134	0.740897	0.442722
0.583494	0.442815	0.698912
0.69073	0.564731	0.468034
0.933911	0.296578	0.238194
0.215504	0.0224316	0.980417
0.817283	0.334833	0.478437
0.469604	0.8794	0.105141
0.377237	0.0578731	0.926486
0.574667	0.46195	0.694742
0.241632	0.874295	0.421905
0.0884883	0.150741	0.989072
0.35393	0.562558	0.758588
0.871208	0.354773	0.355524
4.43939e-17	4.35656e-17	1.0158
0.304069	0.370971	0.889411
0.207869	0.926597	0.361537
0.252812	0.907335	0.343923
0.953795	0.303884	0.0897084
0.813686	0.585733	0.0221123
0.212555	0.957793	0.195957
0.518856	0.761948	0.400737
0.683986	0.55714	0.498605
0.218358	0.0593878	0.975993
0.176255	0.745826	0.648796
0.0399757	0.934763	0.358821
4.46135e-17	4.23062e-17	1.0041
1.73547e-32	2.83424e-16	1.00052
1.0002	0.0863258	0
0.416565	0.633114	0.663342
0.984414	0.183932	0.0407579
0.97272	0.175787	0.175721
0.164008	0.776751	0.612193
0.643949	0.171474	0.747936
0.289705	0.0959008	0.953413
0.799905	0.620105	0.0193912
0.180135	0.959521	0.227421
0.573213	0.560229	0.60095
0.274444	0.256065	0.928193
0.854613	0.463886	0.239432
0.767926	0.048927	0.641042
0.530228	0.801695	0.285602
0.758278	0.215776	0.627306
0.795772	0.0649008	0.606203
0.628538	0.645697	0.47313
0.440201	0.693215	0.593275
0.326844	0.944594	0.0720776
0.270976	0.785546	0.563417
0.14329	0.236402	0.968559
0.839878	0.101097	0.54323
0.735712	0.629576	0.262097
0.464619	0.331338	0.825348
0.928495	0.403254	0.0528608
0.253158	0.380743	0.894861
0.082112	0.999418	0.0362171
0.896831	0.336941	0.309416
0.696786	0.30702	0.654761
0.0399178	0.225212	0.980277
0.406121	0.116341	0.908154
0.596924	0.705423	0.410556
0.941639	0.0753483	0.345254
0.677003	0.36949	0.652152
0.0866115	0.541996	0.852722
0.0101604	0.940091	0.404355
0.638575	0.726221	0.282241
0.0687053	0.679199	0.743335
0.0199777	0.665208	0.752518
0.612831	0.135825	0.783114
0.130397	0.148166	0.982467
0.547219	0.766437	0.376626
0.242982	0.406519	0.882494
0.44552	0.679791	0.587209
0.358352	0.870912	0.394068
0.915369	0.352055	0.242614
0.20491	0.497997	0.846908
0.732235	0.517646	0.4449
0.192783	0.0547702	0.981223
0.720889	0.672612	0.174211
0.0622749	0.732231	0.694812
0.884065	0.265326	0.388846
0.207973	0.984968	0.0234658
0.718672	0.208851	0.687233
0.845256	0.40101	0.361913
0.435322	0.907484	0.125646
0.0749968	0.905195	0.430702
0.867307	0.471061	0.191142
0.765453	0.0853672	0.641794
0.545199	0.82639	0.163207
0.119728	0.613002	0.801293
0.139627	0.885498	0.455139
0.2628	0.439859	0.870246
0.755839	0.19916	0.646412
0.300222	0.702262	0.672611
0.830276	0.014737	0.562335
0.72014	0.697622	0.186183
0.110321	0.216218	0.974034
0.463754	0.428955	0.788127
0.153976	0.853117	0.51993
0.701692	0.154643	0.70147
0.565721	0.80632	0.198927
0.0529031	0.343162	0.939932
0.502086	0.862458	0.114239
0.602041	0.71147	0.383142
0.684106	0.756742	0.066362
0.0401305	0.273012	0.966834
0.710557	0.616342	0.350794
0.191618	0.742243	0.645923
0.157771	0.965064	0.225581
0.520772	0.797753	0.319528
0.097813	0.997142	0.0406607
0.34546	0.361985	0.875133
0.00164656	0.552546	0.836174
0.691102	0.372967	0.621817
0.725686	0.586695	0.381815
0.402949	0.41395	0.832172
0.213546	0.816182	0.557276
0.952483	0.0639593	0.306711
0.887837	0.193159	0.430848
0.0328755	0.1557	0.992685
0.252086	0.386162	0.902563
0.611157	0.634426	0.483261
0.9611	0.280208	0.0938958
0.264296	0.965563	0.143764
0.509512	0.808227	0.299894
0.77592	0.550934	0.402477
0.931979	0.111549	0.359214
0.809761	0.578093	0.131884
0.219466	0.355887	0.91831
0.0281267	0.588624	0.811869
0.0250089	0.688289	0.726271
0.228801	0.609626	0.760273
0.225663	0.299895	0.928099
0.306686	0.29328	0.90875
0.0953991	0.549739	0.834882
0.124728	0.988386	0.0993116
0.295478	0.953397	0.123945
0.789148	0.571032	0.263656
0.586596	0.65752	0.486664
0.285131	0.920756	0.321339
0.819215	0.0278936	0.578859
0.0489216	0.877171	0.479532
0.926059	0.145628	0.358758
0.141978	0.900407	0.43758
0.138629	0.879169	0.462961
0.399942	0.897373	0.209228
0.427785	0.716001	0.570316
0.471486	0.449267	0.765956
0.202019	0.921525	0.39476
0.655072	0.711296	0.264387
0.633387	0.0466118	0.776011
0.675888	0.62993	0.419272
0.498821	0.483479	0.724332
0.608721	0.434103	0.676765
0.259224	0.425336	0.87116
0.384041	0.485225	0.790848
0.936965	0.272567	0.256809
0.988458	0.0213074	0.168276
0.390363	0.504098	0.77415
0.213402	0.845476	0.498405
0.548742	0.837323	0.10925
0.594132	0.60707	0.547202
0.910996	0.351067	0.273958
0.234102	0.391663	0.89193
0.82352	0.324485	0.479457
0.817871	0.0301179	0.577968
0.427593	0.222579	0.892817
0.663848	0.345559	0.684768
0.206723	0.979048	0.0938508
0.489303	0.862087	0.157896
0.200189	0.89578	0.415878
0.430429	0.721299	0.554242
0.756258	0.264083	0.600593
0.558792	0.719706	0.421608
0.102852	0.530459	0.849788
0.377901	0.12106	0.922165
0.342303	0.24411	0.91172
0.745428	0.247178	0.621834
0.932301	0.3208	0.217725
0.608851	0.794507	0.0786381
0.456145	0.474963	0.780339
0.665978	0.3418	0.673264
0.692867	0.66646	0.305543
0.370078	0.600295	0.714403
0.867717	0.285135	0.433105
0.580621	0.0186102	0.864096
0.576153	0.653989	0.501485
0.58919	0.618467	0.528387
0.238922	0.420059	0.876936
0.14997	0.951095	0.324278
0.505	0.867464	0.0983839
0.747659	0.247918	0.618939
0.649911	0.0360556	0.795506
0.646858	0.751814	0.14243
0.903205	0.303455	0.31441
0.033472	0.986253	0.205436
0.964422	0.218166	0.161142
0.350793	0.533357	0.778665
0.2497	0.243127	0.943442
0.664107	0.597253	0.510508
0.4808	0.804735	0.368124
0.909782	0.316036	0.292668
0.454132	0.515484	0.733423
0.683844	0.765943	0.0667959
0.519123	0.137716	0.849012
0.45053	0.754983	0.492643
0.730623	0.590686	0.36965
0.946444	0.0239698	0.3633
0.334208	0.948108	0.0586491
0.555151	0.829709	0.10568
0.448408	0.508986	0.738619
0.48227	0.0393426	0.879078
0.003514	0.969334	0.252193
0.990609	0.127673	0.0851218
0.161736	0.582005	0.805333
0.941478	0.291593	0.217648
0.361148	0.477884	0.829246
0.958537	0.0136928	0.294459
0.0078564	0.930017	0.426073
4.34944e-17	4.31862e-17	1.00099
4.93562e-31	6.12752e-17	1.0007
6.12496e-17	1.08473e-25	1.00028
1.007	4.40815e-05	0.000581135
0.668574	0.743674	5.44991e-18
0.113883	0.983119	0.151892
0.770767	0.343401	0.538246
0.832608	0.553861	0.0997559
0.795388	0.228239	0.564621
0.558362	0.119541	0.823494
0.0247799	0.70247	0.714337
0.934561	0.178838	0.34571
0.334762	0.914638	0.252254
0.067495	0.237814	0.971509
0.538348	0.00413883	0.847398
0.744459	0.6242	0.297567
0.920647	0.407739	0.00824687
0.189588	0.92615	0.355454
0.104284	0.900252	0.424919
0.605671	0.243235	0.759231
0.789445	0.330491	0.52423
0.033886	0.857835	0.517165
0.953891	0.0225974	0.321194
0.816197	0.160356	0.557049
0.967332	0.268004	0.189716
0.879682	0.493052	0.0673236
0.0936068	0.876584	0.482243
0.303602	0.940801	0.162281
0.173338	0.761416	0.626588
0.348542	0.940368	0.0749128
0.614607	0.577907	0.549918
0.4044	0.430328	0.810813
0.640285	0.507566	0.58187
0.822535	0.301179	0.494886
0.24062	0.968637	0.114542
0.052432	0.371492	0.933209
7.77149e-15	0.964823	0.268203
0.91031	0.106926	0.403392
0.0640224	0.552685	0.837688
0.389024	0.0825642	0.920524
0.0325375	0.280885	0.961195
0.905143	0.414472	0.129534
0.544633	0.754528	0.367637
0.165117	0.908897	0.388453
0.941351	0.404835	0.0213653
0.733193	0.691971	0.0410688
0.252409	0.173234	0.967096
0.61053	0.727094	0.333366
0.853295	0.0354855	0.526876
0.309247	0.871515	0.410993
0.224111	0.352344	0.913413
0.426252	0.249275	0.893501
0.342766	0.894696	0.292683
0.886045	0.468408	0.0545629
0.0768246	0.47374	0.878334
0.280801	0.959338	0.0778945
0.719929	0.52117	0.466663
0.379697	0.0909637	0.924208
0.97971	0.139171	0.182572
0.44135	0.569728	0.703097
0.417272	0.657702	0.643424
0.247054	0.774025	0.586337
0.983637	0.125739	0.192407
0.925097	0.0449702	0.380465
0.346281	0.836711	0.456908
0.760086	0.348049	0.555355
0.594938	0.766399	0.247998
0.198755	0.58693	0.791755
0.605406	0.0698623	0.796132
0.472773	0.610291	0.637714
0.797535	0.43986	0.433643
0.805727	0.316419	0.532102
0.890255	0.44362	0.129422
0.981427	0.2084	0.0931574
0.936173	0.287522	0.22006
0.319512	0.888963	0.356523
0.271299	0.219383	0.944672
0.899891	0.45299	0.00969196
0.527462	0.0329376	0.852929
0.569522	0.676047	0.47427
0.776582	0.663142	0.0216162
0.692973	0.278295	0.666902
0.675633	0.268388	0.708561
0.461286	0.521214	0.743771
0.723605	0.543801	0.451518
0.392534	0.419035	0.827185
0.993545	0.150796	0.0449971
0.577998	0.457929	0.679914
0.643964	0.716789	0.283767
0.834812	0.327476	0.447265
0.0472953	0.749577	0.666114
0.0168576	1.00077	0.0281807
0.448743	0.0974813	0.891153
0.37549	0.361662	0.866189
0.400238	0.365407	0.847597
0.156642	0.13216	0.983619
0.314612	0.953847	0.0852488
0.315804	0.850907	0.443995
0.357954	0.883684	0.324246
0.100231	0.806269	0.586322
0.740714	0.635903	0.306865
0.476208	0.607465	0.637617
0.365411	0.322777	0.875246
0.132728	0.730611	0.673096
0.408069	0.434233	0.808246
0.184135	0.759372	0.625856
0.702221	3.07397e-05	0.721552
0.949013	0.313096	0.0897177
0.373078	0.0576063	0.92749
0.440522	0.513454	0.746498
0.651713	0.0273418	0.773531
0.116336	0.998001	0.0321223
0.0595438	0.381426	0.92427
0.00500022	0.996533	0.139676
0.0653039	0.646083	0.769503
0.560894	0.299076	0.774723
0.685626	0.71294	0.16604
0.973763	0.0236518	0.236808
0.628976	0.537098	0.597704
0.810071	0.103552	0.598372
0.378295	0.0510971	0.937887
0.55035	0.52976	0.647759
0.284695	0.909548	0.313781
0.0809823	0.602088	0.801737
0.0125602	0.50258	0.871345
0.232679	0.655733	0.729129
0.143761	0.948293	0.301146
0.146969	0.8332	0.543284
0.424799	0.653523	0.643879
0.589303	0.706364	0.397907
0.0558491	0.24189	0.975627
0.710238	0.0844709	0.70411
0.574149	0.262907	0.780308
0.847165	0.184031	0.502196
0.275781	0.783481	0.561281
0.876179	0.403963	0.287145
0.86334	0.391616	0.331198
0.287984	0.751046	0.611949
0.627626	0.686969	0.371026
0.684127	0.70941	0.186198
0.43848	0.522196	0.740567
0.216138	0.794728	0.594346
0.666894	0.114815	0.74989
0.279972	0.255382	0.927005
0.90144	0.148718	0.417709
0.857948	0.38917	0.340058
0.659197	0.288917	0.698494
0.803386	0.183172	0.573308
0.324845	0.0749837	0.946432
0.579956	0.815941	0.0904127
0.860317	0.525833	0.00123838
0.634363	0.476734	0.613469
0.735638	0.617349	0.311871
0.521504	0.0561048	0.856171
0.180142	0.127099	0.992039
0.296987	0.918677	0.274434
0.454519	0.00972692	0.897565
1.00084	0.00333677	0.0849477
0.29675	0.843116	0.467748
0.020886	0.206635	0.987373
0.208969	0.593673	0.783832
0.237904	0.251615	0.941926
0.24758	0.750637	0.617458
0.563084	0.668405	0.502807
0.601072	0.530533	0.603291
0.213837	0.974846	0.114536
0.60564	0.482049	0.661931
0.355144	0.307613	0.885983
0.151949	0.990798	0.101691
0.842683	0.545448	0.106198
0.78269	0.216848	0.589053
0.121616	0.822738	0.571562
0.27398	0.111486	0.964351
0.573054	0.499083	0.656531
0.99232	0.0241025	0.17219
0.324964	0.847487	0.444011
0.482447	0.605894	0.639793
0.0879191	0.866702	0.493181
0.488253	0.591575	0.643574
0.391125	0.422376	0.829324
0.499939	0.38935	0.778732
0.259629	0.722353	0.645477
0.454822	0.0182147	0.894402
0.0382616	0.32823	0.949372
0.709478	0.671884	0.230822
0.0112105	0.140967	0.994398
0.228516	0.646182	0.737264
0.575616	0.741687	0.363434
0.360452	0.318396	0.880181
0.558663	0.48583	0.683089
0.0995794	0.801027	0.595966
0.443669	0.0659629	0.907564
0.734348	0.680295	0.135788
0.251536	0.191078	0.956024
0.331996	0.0399367	0.945352
0.514066	0.0321011	0.860397
0.858682	0.475369	0.208835
9.77126e-27	5.05371e-16	1.0001
0.128159	0.991766	4.24067e-17
0.961641	0.0287072	0.28523
0.589258	0.537876	0.625648
0.000138637	1.00732	0.000106574
0.273373	0.0656493	0.963653
0.947819	0.196845	0.26409
0.287024	0.0689277	0.959634
0.313382	0.955774	0.0998744
0.73599	0.318873	0.599652
0.825965	0.551169	0.142652
0.645838	0.570943	0.507723
0.603849	0.091568	0.792184
0.264108	0.268826	0.926633
0.84513	0.524915	0.114833
0.872536	0.483466	0.085073
0.373411	0.790914	0.489142
0.880457	0.307826	0.375376
0.792762	0.520148	0.340234
0.725357	0.67184	0.171722
0.381503	0.690294	0.641414
0.608238	0.56332	0.575193
0.750989	0.36839	0.557827
0.980799	0.0158879	0.218395
0.451286	0.401486	0.81384
1.01312	9.58496e-14	0.121078
0.615711	0.300457	0.733414
0.173319	0.803946	0.588864
0.343997	0.0826096	0.939041
0.642588	0.56807	0.534279
0.890542	0.462386	0.0457753
0.675305	0.160299	0.723634
0.447843	0.141492	0.89285
0.323997	0.73483	0.607106
0.468492	0.0364703	0.885793
0.772624	0.175168	0.611491
0.241944	0.451313	0.860725
0.636191	0.331057	0.699035
0.404026	0.050356	0.929882
0.972881	0.235592	0.0731078
0.346914	0.076224	0.949489
0.783689	0.545226	0.326741
0.223123	0.0231507	0.985081
0.904548	0.334089	0.309708
0.682337	0.0205002	0.747924
0.210209	0.975063	0.167243
0.767469	0.634158	0.151384
0.837419	0.473935	0.319596
0.535235	0.678201	0.514809
0.893334	0.254768	0.41468
0.738146	0.650843	0.195866
0.0454562	0.988327	0.151921
0.693628	0.630518	0.352631
0.419971	0.830193	0.37433
0.509273	0.846336	0.182069
0.207351	0.923852	0.35118
0.157385	0.654636	0.761118
0.529746	0.814112	0.251453
0.525935	0.849899	0.0665488
0.257964	0.0569661	0.972109
0.42708	0.123264	0.908759
0.659038	0.265455	0.721989
0.797596	0.391253	0.464388
0.31813	0.600836	0.742132
0.217886	0.0481158	0.979876
0.988745	0.166224	0.0193227
0.51707	0.858544	0.05899
0.156825	0.585464	0.799069
0.718593	0.666397	0.222481
0.175913	0.805782	0.568036
0.143572	0.597181	0.809738
0.68891	0.701216	0.229473
0.395451	0.694436	0.626673
0.438769	0.868725	0.313148
0.434666	0.721105	0.543456
0.321638	0.301661	0.901785
1.0049	0.000109985	0.00232675
0.478272	0.760968	0.443585
0.62856	0.149625	0.771908
0.0325945	0.642897	0.777177
0.30291	0.930303	0.207132
0.969857	0.215921	0.13803
0.707022	0.715529	0.0332023
0.571488	0.491766	0.663212
0.918648	0.221513	0.364917
0.209968	0.950535	0.233825
0.868028	0.422332	0.263347
0.0609077	0.11014	0.99545
0.756821	0.179649	0.63308
0.564209	0.135	0.824442
0.929518	0.280959	0.255471
0.229629	0.705243	0.673099
0.807364	0.529729	0.289367
0.06832	0.501165	0.877275
0.824731	0.00765861	0.581734
0.295765	0.58559	0.758386
0.993962	0.119836	0.00564571
0.834148	0.250705	0.499607
0.918345	0.0420335	0.409758
0.098464	0.884799	0.469073
0.751509	0.368645	0.548441
0.937038	0.359026	0.0590628
0.388657	0.832544	0.420583
0.626697	0.321468	0.71137
0.740467	0.6759	0.101277
0.149281	0.915711	0.397994
0.0960514	0.743297	0.662047
0.551648	0.175556	0.836633
0.91246	0.337011	0.291022
0.580773	0.51617	0.637015
0.148201	0.909082	0.400753
0.741124	0.653469	0.157909
0.0075085	0.538883	0.857912
0.0139668	0.898447	0.450054
0.521772	0.34818	0.789157
0.791368	0.375838	0.491618
1.00061	0.0863604	0.016255
0.543542	0.172183	0.837818
0.806945	0.42828	0.411816
0.384036	0.822709	0.454748
0.723108	0.46729	0.519745
0.109011	0.890576	0.450995
0.46019	0.409408	0.805723
0.921546	0.211809	0.344966
0.365909	0.360158	0.897557
0.0935526	0.576789	0.837681
0.558378	0.353217	0.755049
0.948428	0.16637	0.311912
0.757057	0.61817	0.240289
0.452334	0.457777	0.772707
0.757336	0.494627	0.432805
0.888295	0.479546	0.0300035
0.861926	0.248768	0.457788
0.538609	0.0905488	0.845183
0.81403	0.407324	0.42292
0.340621	0.778675	0.531661
0.250439	0.299191	0.92279
0.303884	0.0599705	0.957283
0.62155	0.32272	0.716505
0.304613	0.285693	0.919882
0.137715	0.754094	0.647749
0.856205	0.339974	0.43526
0.463047	0.291521	0.840925
0.239181	0.424855	0.88391
0.611162	0.620551	0.518988
0.680524	0.183071	0.720987
0.746769	0.21297	0.65959
0.417241	0.893776	0.181815
0.485131	0.885065	0.0419543
0.365778	0.190341	0.914611
0.715348	0.676265	0.245047
0.210565	0.0464991	0.988224
0.437773	0.41579	0.799614
0.333566	0.756359	0.591893
0.352796	0.63703	0.688889
0.388021	0.880038	0.29868
0.371122	0.768924	0.524946
0.944134	0.341935	0.130019
0.882158	0.380072	0.328048
0.0776347	0.258893	0.965754
0.702424	0.389208	0.609928
0.1644	0.604001	0.784905
0.0290382	0.329994	0.94663
0.0543949	0.725681	0.689307
0.249489	0.43946	0.87648
0.696792	0.706967	0.200112
0.500673	0.747669	0.449109
0.882551	0.466093	0.0951808
0.184038	0.186892	0.97689
0.67407	0.589122	0.452134
0.331799	0.480373	0.821253
0.588349	0.380726	0.716968
0.163817	0.346571	0.942569
0.0219965	0.775652	0.654366
0.498072	0.510372	0.705775
0.416322	0.605122	0.682697
0.973949	0.14769	0.213466
0.422913	0.612286	0.67117
0.0168589	0.796793	0.611061
0.347423	0.941683	0.128867
0.0843431	0.872142	0.495628
0.0837783	0.866302	0.502398
0.112825	0.995239	0.00983537
0.974039	0.226609	0.0885463
0.0555646	0.882036	0.480908
0.958562	0.213102	0.220809
0.316863	0.0954446	0.945649
0.667461	0.670773	0.361518
0.367696	0.658326	0.666088
0.940688	0.226927	0.263989
0.539525	0.506014	0.677217
