4.58421e-17	4.23419e-17	1.01914
1.00175	2.01534e-06	0
0.0722969	1.00205	0
0.221997	0.96631	0.140288
0.117276	0.992984	0.118379
0.318614	0.87901	0.385151
0.283048	0.660347	0.702452
0.581437	0.606557	0.569017
0.724525	0.688771	0.111186
0.16233	0.450713	0.879239
0.100024	0.512569	0.856254
0.0832658	0.257284	0.969241
0.541856	0.289557	0.795887
0.890599	0.461187	0.0958876
0.0507041	0.718665	0.694519
0.177167	0.547134	0.822417
0.305127	0.764576	0.604629
0.328394	0.00676354	0.955664
0.364516	0.216291	0.910664
0.0886647	0.587314	0.812243
0.587862	0.599636	0.572782
0.675663	0.671888	0.313247
0.0390031	0.706384	0.707982
0.834373	0.32684	0.480421
0.763646	0.64473	0.0991131
0.750579	0.493431	0.466246
0.122528	0.189374	0.97728
0.611035	0.623487	0.493077
0.297798	0.780027	0.576362
0.761909	0.362161	0.540115
0.797213	0.567208	0.233298
0.450342	0.857325	0.275776
0.302802	0.930474	0.2376
0.429252	0.88298	0.193629
0.932562	0.120429	0.376858
0.232287	0.231149	0.953441
0.885888	0.45527	0.154777
0.470979	0.0344634	0.899138
0.324235	0.894517	0.338709
0.705508	0.713512	0.161647
0.28011	0.272102	0.928071
0.036477	0.633451	0.780085
0.406703	0.398286	0.832725
0.99187	0.112954	0.0883508
0.5991	0.236749	0.769832
0.945462	0.0849164	0.321778
0.238658	0.751427	0.620658
0.382553	0.078515	0.937276
0.997614	0.0916799	0.049336
0.870352	0.503825	0.0610628
0.355286	0.829967	0.444971
0.746609	0.533436	0.424756
0.685387	0.699114	0.230616
0.983997	0.125575	0.182235
0.745962	0.0686974	0.66619
0.923581	0.296438	0.283256
0.202082	0.426668	0.8894
0.774733	0.500038	0.391661
0.269823	0.742191	0.615225
0.647163	0.643548	0.437746
0.791502	0.465445	0.401469
0.348448	0.933592	0.121818
0.728676	0.149495	0.672199
0.401282	0.738728	0.546951
0.127171	0.572614	0.819086
0.978742	0.210745	0.000990607
0.5368	0.277976	0.803967
0.332615	0.917636	0.263551
0.829068	0.274964	0.525377
0.720405	0.696685	0.1284
0.955824	0.0531468	0.331358
0.865103	0.10267	0.503369
0.504862	0.380299	0.778632
0.516287	0.175325	0.847111
0.690892	0.347633	0.643864
0.556748	0.556728	0.640861
0.369329	0.201849	0.916027
0.520159	0.801972	0.327566
0.56854	0.412515	0.716173
0.874891	0.408972	0.275021
0.849398	0.141026	0.516489
0.527587	0.056231	0.864011
0.904157	0.356188	0.267648
0.785962	0.621226	0.0578549
0.838985	0.0959414	0.558559
0.214083	0.0369785	0.987573
0.77579	0.501744	0.384957
0.203656	0.646477	0.7377
0.635529	0.540229	0.559577
0.497673	0.767382	0.410475
0.159626	0.827365	0.557349
0.903278	0.039236	0.4499
0.704443	0.70157	0.218579
0.920517	0.267515	0.302805
0.665235	0.695777	0.305007
0.373084	0.821534	0.454402
0.3909	0.834826	0.416321
0.180704	0.439069	0.894478
0.761043	0.364435	0.552212
0.656985	0.480152	0.598125
0.411736	0.403215	0.828504
0.0773508	0.937615	0.367296
0.927051	0.260601	0.29793
0.41465	0.246039	0.881537
0.0138087	0.71869	0.697765
0.973412	0.0894558	0.212704
0.505705	0.857151	0.130769
0.625845	0.710811	0.361939
0.257537	0.960113	0.140652
0.479442	0.805981	0.358398
0.515089	0.181136	0.848302
0.833287	0.389205	0.415368
0.0742006	0.132672	0.991751
0.148222	0.788264	0.60621
0.488739	0.474397	0.752413
0.153957	0.795696	0.594956
0.96411	0.271019	0.0879291
0.412427	0.903352	0.173179
0.398744	0.684973	0.626945
0.615667	0.305148	0.744212
0.530805	0.126566	0.841449
0.0229338	0.932043	0.398699
0.575216	0.583237	0.579422
0.342087	0.943769	0.00924284
0.335726	0.252893	0.919587
0.127453	0.0137751	0.994481
0.265374	0.729953	0.632308
0.618892	0.614888	0.493797
0.116849	0.950981	0.289713
0.828082	0.386774	0.427857
0.189993	0.965469	0.20321
0.5983	0.342576	0.753555
0.680606	0.371904	0.651845
0.0702495	0.995696	0.0922068
0.87223	0.0211796	0.508313
0.860566	0.51063	0.0741288
0.184109	0.123397	0.984479
0.394149	0.214226	0.901532
0.480148	0.81835	0.352081
0.311198	0.956274	0.0363077
0.448568	0.770563	0.478015
0.735358	0.441657	0.521125
0.491623	0.224382	0.852354
0.418716	0.723799	0.550629
0.0973482	0.536913	0.84142
0.550172	0.41443	0.729256
0.628608	0.0418036	0.789346
0.513194	0.442643	0.737614
0.73876	0.151564	0.666676
0.755702	0.641379	0.155176
0.824925	0.320163	0.50274
0.730625	0.0534628	0.688315
0.939347	0.0894136	0.343097
0.557485	0.319205	0.772493
0.8125	0.470335	0.367665
0.269223	0.592117	0.763347
0.391417	0.914371	0.143846
0.107196	0.248836	0.971108
0.693143	0.149249	0.725361
0.862131	0.5052	0.0742294
0.956603	0.277796	0.173938
0.0716527	0.843689	0.54391
0.412901	0.909211	0.153203
0.314353	0.577355	0.756623
0.242903	0.746571	0.627215
0.144037	0.399923	0.917137
0.0219356	0.340351	0.948783
0.267995	0.626353	0.760073
0.238138	0.236971	0.95222
0.282682	0.16729	0.945924
0.251413	0.560527	0.797598
0.314124	0.965118	0.0121726
0.564756	0.012199	0.831451
0.906098	0.0814526	0.423636
0.703218	0.680602	0.242227
0.836979	0.484505	0.278696
0.848134	0.435624	0.319839
0.137749	0.7175	0.68487
0.852674	0.13764	0.512865
0.818115	0.537341	0.216929
0.234519	0.651147	0.725032
0.983801	0.0451781	0.18895
0.741489	0.345414	0.655916
0.438418	0.372094	0.822318
0.460076	0.846963	0.274479
0.311281	0.95653	0.0227446
0.810438	0.416329	0.421759
0.494607	0.165078	0.860863
0.962676	0.0595983	0.273956
0.753476	0.592084	0.289756
0.627226	0.0458966	0.787976
0.801355	0.448733	0.408344
1.81474e-31	6.15622e-17	1.00539
5.56711e-17	3.07581e-17	1.03872
0.83481	0.564393	0
0.77892	0	0.63359
0.656903	0.70589	0.303384
0.10945	0.875457	0.478928
0.681171	0.732309	0.108541
0.251311	0.967507	0.0576781
0.870709	0.132034	0.487472
0.356248	0.855462	0.391926
0.426583	0.609646	0.672181
0.947712	0.143548	0.326222
0.200985	0.76752	0.623156
5.30312e-17	3.19287e-17	1.01092
0.103506	0.65298	0.753844
0.632077	0.75493	0.226506
0.830269	0.47773	0.307369
0.310913	0.575162	0.760593
0.0722715	0.337582	0.942977
0.999289	0.100382	0.0288058
0.333456	0.785266	0.55517
0.430062	0.588932	0.69915
0.421386	0.0242587	0.916916
0.486736	0.251108	0.839815
0.983705	0.121629	0.144156
0.482381	0.639094	0.605268
0.444856	0.632635	0.640317
0.546239	0.298858	0.790755
0.025481	0.207687	0.984302
0.919632	0.40116	0.0893983
0.495649	0.712115	0.502891
0.535292	0.715123	0.467372
0.553979	0.595575	0.589468
0.107016	0.521879	0.849332
0.412671	0.408423	0.815203
1.00234	0.0485996	0.0150828
0.0940208	0.512354	0.858395
0.4083	0.32172	0.873634
0.684377	0.74826	0.077611
0.702374	0.697082	0.153878
0.150805	0.167274	0.97778
0.991465	0.0072175	0.166634
0.584051	0.723048	0.376964
0.655013	0.726544	0.216322
0.904752	0.329569	0.315933
0.151698	0.708652	0.690409
0.787589	0.605292	0.195842
0.928066	0.202489	0.332947
0.365275	0.665257	0.659325
0.978293	0.110946	0.188097
0.52616	0.774775	0.358305
0.0126473	0.935171	0.369687
0.218997	0.803874	0.57489
0.474515	0.469631	0.745818
0.137718	0.844327	0.524149
0.296542	0.228792	0.931352
0.326758	0.917429	0.258055
0.237533	0.867872	0.441049
0.230468	0.894675	0.418364
0.563672	0.440301	0.703416
0.292236	0.135061	0.957605
0.223863	0.831661	0.518198
0.64071	0.737215	0.23436
0.963886	0.0968256	0.299859
0.317911	0.244326	0.923172
0.809219	0.585267	0.162607
0.270411	0.240419	0.938508
0.223408	0.814698	0.545137
0.513568	0.0908081	0.879029
0.196418	0.0408813	0.987284
0.733903	0.426294	0.540367
0.442266	0.0688137	0.895729
0.211452	0.948161	0.248164
0.438378	0.904259	0.0686225
0.398381	0.395333	0.831902
0.764925	0.569237	0.339557
0.526553	0.516867	0.684829
0.140573	0.447919	0.884006
0.460237	0.488641	0.749954
0.515021	0.736036	0.447964
0.757979	0.567029	0.35214
0.807705	0.455809	0.39225
0.144218	0.965102	0.280505
0.464457	0.209534	0.864257
0.893241	0.220167	0.401123
0.391098	0.673841	0.632278
0.867139	0.490243	0.142181
0.588595	0.811609	0.128856
0.388009	0.823794	0.449245
0.143154	0.983988	0.121983
0.0162884	0.556627	0.834511
0.856487	0.544203	0.00297256
0.618852	0.152535	0.774679
0.938902	0.232638	0.268113
0.696542	0.383928	0.616335
0.336826	0.861908	0.386012
0.585417	0.79227	0.202702
0.287824	0.2559	0.927178
0.390238	0.265182	0.884759
0.802828	0.354808	0.492284
0.344203	0.810573	0.509739
0.843362	0.0799406	0.572835
0.00158353	0.85757	0.591727
0.608403	0.362247	0.723254
0.573037	0.509489	0.646206
0.0579415	0.618902	0.78779
0.902663	0.432564	0.0457832
0.738002	0.5235	0.443349
0.721282	0.646166	0.27467
0.684729	0.67461	0.294494
0.618655	0.368351	0.713826
0.178819	0.742063	0.647033
0.224961	0.00180503	0.9767
0.0463231	0.156952	0.990449
0.377539	0.889076	0.321318
0.972066	0.193058	0.144136
0.644836	0.0462962	0.769242
0.26519	0.912059	0.333437
0.131322	0.439251	0.898827
0.5963	0.349466	0.730098
0.636773	0.034762	0.772687
0.145747	0.459675	0.88289
0.469041	0.670324	0.579389
0.628824	0.374406	0.704694
0.50869	0.276768	0.816924
0.796662	0.576185	0.195063
0.656273	0.290039	0.716559
0.59207	0.346987	0.7356
0.505495	0.259178	0.825518
0.573848	0.816077	0.103099
0.0296966	0.242047	0.970765
0.88501	0.0607083	0.467261
0.603538	0.148761	0.787781
0.968321	0.186943	0.184257
0.955619	0.308707	0.0580037
0.976976	0.0615577	0.209367
0.242367	0.171276	0.959685
0.30393	0.234492	0.924148
0.756585	0.349666	0.562929
0.894696	0.415063	0.251385
0.403371	0.694987	0.607428
0.195128	0.547856	0.818657
0.189671	0.987947	0.0364034
0.629905	0.028499	0.779229
0.748585	0.177676	0.644501
0.796253	0.472631	0.386282
0.652359	0.761706	0.0923104
0.764312	0.0524339	0.649409
0.371933	0.926883	0.0950335
0.0762191	0.898101	0.459993
0.80591	0.528423	0.311689
0.156298	0.84732	0.518409
0.81234	0.400455	0.433209
0.55852	0.771319	0.34559
0.576191	0.807837	0.177607
0.422335	0.064471	0.912602
0.861314	0.518575	0.00240473
0.645407	0.310784	0.709574
0.0657678	0.458376	0.891209
0.611846	0.360398	0.725317
0.817842	0.173755	0.569397
0.876105	0.482902	0.0989718
0.948386	0.187179	0.267943
0.839221	0.0795481	0.574087
0.162936	0.837359	0.536863
0.539615	0.281214	0.803062
0.867387	0.31661	0.40364
0.85257	0.503556	0.177232
0.975215	0.151737	0.170579
0.909613	0.409927	0.140173
0.746092	0.663352	0.111586
0.690173	0.537007	0.495017
0.300066	0.921334	0.296207
0.38262	0.385977	0.865894
0.491398	0.285805	0.826104
0.84516	0.114287	0.530065
0.471577	0.377025	0.801978
0.890517	0.0534729	0.462719
0.908897	0.224026	0.360627
0.909012	0.0913134	0.411876
0.0631043	0.526329	0.893464
0.205979	0.939922	0.298903
0.98635	0.180076	0.0984303
0.453136	0.0522843	0.915368
0.967548	0.119631	0.238578
0.280812	0.944125	0.236345
0.37913	0.859329	0.38093
0.34576	0.625404	0.70665
0.186195	0.418856	0.906227
0.764314	0.637185	0.135465
0.878537	0.407567	0.26844
0.893566	0.157999	0.426068
0.956966	0.300884	0.0630526
0.032178	0.760619	0.661815
1.00052	2.6647e-06	0
6.12776e-17	8.59722e-30	1.00074
8.39941e-05	1.00179	0
0.67087	0.463681	0.607111
0.780298	0.2573	0.592088
0.21222	0.670477	0.721822
0.203167	0.236701	0.951937
0.467669	0.882626	0.113383
0.74388	0.595221	0.314483
0.130252	0.512631	0.860396
0.100259	0.73927	0.677258
0.515204	0.639255	0.584785
0.551938	0.116926	0.834307
0.793711	0.587955	0.165943
0.120241	0.371176	0.932202
0.363112	0.446931	0.8255
0.916273	0.392	0.124239
0.86436	0.403757	0.308198
0.00636217	0.138725	0.992423
0.352534	2.14767e-05	0.936449
0.159468	0.616772	0.778995
0.574246	0.50451	0.666043
0.577033	0.369669	0.731942
0.827641	0.0301343	0.576996
0.299384	0.341275	0.900525
0.608943	0.744609	0.286464
0.586539	0.728059	0.383414
0.905361	0.43289	0.0644561
0.752289	0.526447	0.432242
0.235239	0.630977	0.757041
0.705322	0.459932	0.552194
0.945339	0.283091	0.174145
0.594346	0.686013	0.424305
0.325766	0.701786	0.64153
0.0403886	0.994473	0.141162
0.636789	0.0558479	0.774285
0.14613	0.940945	0.312133
0.728693	0.302494	0.628315
0.72457	0.321198	0.622326
0.648911	0.0824015	0.769852
0.985308	0.174976	0.0777174
0.53256	0.776463	0.354354
0.455832	0.0437076	0.908593
0.153291	0.600995	0.788396
0.567744	0.698799	0.445666
0.521437	0.825272	0.24187
0.302837	0.901639	0.329121
0.8534	0.15985	0.515987
0.428152	0.0735887	0.923449
0.891202	0.425783	0.180893
0.112242	0.801882	0.588124
0.529288	0.561964	0.640336
0.173794	0.444877	0.895636
0.88107	0.127711	0.499638
0.765549	0.61256	0.210587
0.599805	0.719532	0.384575
0.527495	0.64926	0.552667
0.329158	0.950826	0.00984228
0.308743	0.0523248	0.960611
0.619019	0.765256	0.18379
0.445028	0.240272	0.866105
0.163025	0.924557	0.370396
0.959637	0.205439	0.197973
0.418771	0.934049	0.000493484
0.582816	0.397623	0.712411
0.134956	0.531141	0.848144
0.375611	0.477132	0.802507
0.642381	0.780774	0.0384356
0.477092	0.211075	0.854989
0.0067814	0.229624	0.976518
0.0288248	0.976031	0.230504
0.80272	0.380162	0.469462
0.806536	0.266462	0.531707
0.720036	0.0193366	0.699542
0.501744	0.375039	0.784098
0.972466	0.249989	0.00512788
0.716903	0.453191	0.55859
0.451933	0.069056	0.890442
0.438467	0.087603	0.89679
0.338755	0.723283	0.612791
0.879645	0.298573	0.398594
0.405197	0.921325	0.0534228
0.612885	0.356226	0.714758
0.187074	0.98211	0.104034
0.756674	0.493418	0.443319
0.784252	0.58312	0.237126
0.545979	0.836989	0.119584
0.720932	0.0122293	0.70026
0.194249	0.79266	0.583746
0.874212	0.407292	0.281498
0.341709	0.889812	0.345753
0.31252	0.66237	0.682735
0.0170175	0.191248	0.982998
0.433544	0.771923	0.478185
0.438074	0.307311	0.847737
0.149598	0.586519	0.797171
0.655044	0.0480941	0.761516
0.470337	0.88869	0.0869541
0.0160821	0.544554	0.849964
0.125117	0.814875	0.57401
0.847104	0.0615655	0.565687
0.461734	0.0959715	0.884353
0.69124	0.691162	0.248024
0.0319694	0.768245	0.647314
0.0826907	0.350414	0.947615
0.395823	0.8562	0.362569
0.0125668	0.274015	0.964383
0.77661	0.295902	0.564012
0.673215	0.688162	0.277473
0.402983	0.898835	0.334627
0.0855384	0.55079	0.831473
0.386816	0.660331	0.660852
0.562474	0.215647	0.806973
0.541633	0.198513	0.818882
0.28158	0.918816	0.283341
0.679888	0.683574	0.27141
0.240381	0.628037	0.755992
0.410949	0.843583	0.360681
0.798576	0.576292	0.188708
0.942558	0.188317	0.283397
0.969953	0.113464	0.224178
0.252412	0.931155	0.292831
0.294416	0.335611	0.90262
0.340062	0.893893	0.341217
0.0703095	0.966173	0.257921
0.879312	0.2799	0.403524
0.0209018	0.963661	0.299415
0.678793	0.0595317	0.740368
0.859776	0.380382	0.375665
0.66181	0.474054	0.608929
0.264308	0.786927	0.572368
0.643561	0.775224	0.0470038
0.434473	0.909649	0.0470288
0.356027	0.916411	0.200982
0.788588	0.539444	0.318243
0.220917	0.288587	0.945356
0.693833	0.721227	0.0812279
0.655935	0.750307	0.0915711
0.886481	0.166046	0.456371
0.617421	0.653996	0.459012
0.026922	0.809804	0.588357
0.808174	0.555861	0.237999
0.904278	0.421558	0.132041
0.602226	0.715363	0.383902
0.432328	0.784381	0.483745
0.6179	0.395851	0.690984
0.0753622	0.751598	0.659216
0.843406	0.122251	0.561281
0.896148	0.434018	0.126694
0.191266	0.75276	0.642577
0.386813	0.614436	0.701411
0.616335	0.358232	0.708342
0.492399	0.840132	0.239369
0.499401	0.0749414	0.872201
0.994829	0.110066	0.0190418
0.0942642	0.143782	0.987083
0.220753	0.959906	0.216484
0.181513	0.490477	0.857099
0.214358	0.9321	0.320789
0.511424	0.75764	0.419976
0.821923	0.269349	0.507657
0.0470326	0.951178	0.312158
0.801306	0.272109	0.537067
0.257087	0.937553	0.263363
0.762654	0.384458	0.542547
0.771832	0.535187	0.372855
0.826697	0.525407	0.238173
0.989981	0.168035	0.0247264
0.291146	0.960734	0.0589417
0.721352	0.504797	0.49701
0.0193889	0.583212	0.813731
0.269077	0.83062	0.490005
0.732191	0.438846	0.543815
0.554703	0.220175	0.808202
0.050585	0.863211	0.5268
0.816652	0.319609	0.493324
0.876291	0.483578	0.0267731
0.482283	0.875152	0.0864149
0.39271	0.849466	0.368475
0.836643	0.535986	0.148471
0.35515	0.245977	0.914678
0.043728	1.00062	0.0369586
0.410885	0.333823	0.863254
0.505819	0.760955	0.419809
0.832885	0.318296	0.462919
0.246317	0.938898	0.294626
0.68258	0.570473	0.485607
0.855498	0.280352	0.449394
0.228894	0.61396	0.763175
0.908626	0.424435	0.00121638
0.839319	0.448687	0.335354
0.318876	0.223147	0.937042
0.901536	0.0949935	0.443079
0.171272	0.386885	0.911254
0.255691	0.968101	0.0974821
1.00254	0.00129748	2.46177e-05
7.16997e-29	6.12461e-17	1.00023
0.998035	0.0634047	4.3792e-17
3.00494e-17	5.48518e-17	1.02141
0.250144	0.647495	0.722566
0.521746	0.718175	0.473435
0.826203	0.14278	0.55572
0.0260899	0.104187	0.994482
0.839268	0.307154	0.465705
0.538807	0.376088	0.757726
0.959567	0.258072	0.161231
0.286871	0.850475	0.447541
0.0567875	0.535114	0.845042
0.157874	0.98934	0.0474001
0.885687	0.438937	0.175525
0.966953	0.30733	0.0156546
0.426096	0.130189	0.897916
0.585973	0.651711	0.504616
0.359754	0.93122	0.0939678
0.598629	0.768378	0.232409
0.323399	0.943795	0.144333
0.02105	0.29929	0.956353
0.101594	0.968351	0.25953
0.243383	0.934164	0.279465
0.37045	0.558538	0.749997
0.645992	0.72401	0.292006
0.142498	0.0432269	0.989861
0.114278	0.205968	0.974406
0.292237	0.855339	0.431246
0.258141	0.738541	0.630787
0.809502	0.514254	0.308635
0.906431	0.381275	0.203639
0.441682	0.199538	0.877078
0.657228	0.320965	0.683393
0.608461	0.0115234	0.814911
0.13243	0.998945	0.0377814
0.850399	0.304406	0.438342
0.399964	0.0724015	0.91475
0.161949	0.382444	0.922794
0.415459	0.166592	0.899816
0.990192	0.155755	0.0413658
0.993291	0.148288	0.00785036
0.749465	0.0437266	0.665265
0.214213	0.18184	0.965997
0.147398	0.986587	0.0767143
0.516496	0.29289	0.808114
0.800178	0.6104	0.0662205
0.0827522	0.311773	0.949187
0.170615	0.526202	0.836103
0.0883735	0.929003	0.365293
0.860705	0.345128	0.387718
0.300031	0.813907	0.50007
0.917691	0.117152	0.39638
0.532874	0.0183833	0.84804
0.745606	0.669963	0.00439594
0.0199998	0.912552	0.418982
0.0693545	0.495481	0.867981
0.548952	0.788073	0.304483
0.711262	0.707435	0.0257879
0.159429	0.881365	0.449918
0.453596	0.181884	0.879641
0.483948	0.86025	0.189542
0.0356645	0.529194	0.849288
0.342876	0.0251398	0.94111
0.733324	0.225532	0.647596
0.783113	0.240683	0.590028
0.175626	0.329204	0.928785
0.384557	0.916726	0.145671
0.130294	0.892231	0.435977
0.479024	0.658217	0.586289
0.2931	0.575763	0.764212
0.933527	0.120607	0.33929
0.491392	0.868735	0.118304
0.797636	0.0506734	0.620449
0.876708	0.378312	0.327289
0.264499	0.727618	0.634786
0.411513	0.232156	0.883251
0.864069	0.00680399	0.520347
0.986364	0.125919	0.125954
0.197297	0.48241	0.862108
0.812982	0.427295	0.422028
0.379357	0.677232	0.634892
0.576845	0.284517	0.778454
0.921167	0.359736	0.172577
0.98464	0.122382	0.154489
0.872449	0.0639682	0.488768
0.0467467	0.412275	0.911364
0.276186	0.795615	0.558198
0.222228	0.47752	0.856137
0.665479	0.269798	0.705023
0.714632	0.397517	0.584553
0.118074	0.463276	0.884682
0.525024	0.820268	0.308758
0.888273	0.390871	0.269915
0.571714	0.251132	0.78998
0.935871	0.029372	0.385386
0.430938	0.900285	0.114544
0.234891	0.608924	0.772727
0.60391	0.775156	0.207123
0.324894	0.709843	0.627301
0.0115595	0.840359	0.54381
0.562779	0.27484	0.780853
0.243794	0.935742	0.267942
0.792485	0.377411	0.486848
0.703662	0.216264	0.691462
0.69602	0.692275	0.211617
0.314596	0.165495	0.937272
0.819321	0.0750895	0.57663
0.638366	0.316368	0.730761
0.194355	0.476159	0.866136
0.867498	0.287145	0.412553
0.0497703	0.978807	0.220462
0.652054	0.426519	0.63939
0.12333	0.881084	0.457323
0.278644	0.0388283	0.967203
0.926003	0.2003	0.32468
0.687316	0.00456684	0.73667
0.665782	0.742187	0.135499
0.554436	0.386997	0.742342
0.503121	0.863885	0.100899
0.616765	0.0391828	0.79739
0.723218	0.695428	0.0379503
0.728016	0.0945803	0.685445
0.127263	0.909188	0.401158
0.200796	0.985645	0.0727787
0.52734	0.255249	0.818012
0.746689	0.637845	0.201603
0.778185	0.349507	0.571784
0.471692	0.59077	0.657407
0.942654	0.24605	0.243994
0.756579	0.369484	0.541393
0.769394	0.245443	0.593289
0.487048	0.686871	0.544092
0.455869	0.843136	0.297218
0.663536	0.0847067	0.748087
0.000855241	0.803558	0.612033
0.138015	0.541518	0.832696
0.356109	0.921784	0.169446
0.294072	0.900727	0.370898
0.798721	0.448158	0.408202
0.786993	0.208614	0.586362
0.104586	0.893434	0.438736
0.272702	0.303295	0.938255
0.0495972	0.566567	0.825827
0.186755	0.971264	0.197227
0.66039	0.635014	0.405884
0.083905	0.999508	0.00371409
0.731913	0.685377	0.0610592
0.951692	0.294861	0.113391
0.516406	0.702089	0.494923
0.701282	0.0975148	0.707317
0.791676	0.619786	0.0842879
0.327737	0.583076	0.748486
0.22809	0.538637	0.825259
0.0459095	0.404891	0.914177
0.208801	0.816309	0.56476
0.337682	0.138453	0.933963
0.206188	0.978703	0.000913498
0.688756	0.22313	0.713241
0.916955	0.40142	0.0430305
0.396175	0.867414	0.315804
0.310208	0.955335	0.00440493
0.928855	0.381849	0.0539344
0.188719	0.981475	0.100873
0.435904	0.278823	0.859154
0.975424	0.0018035	0.238922
0.465423	0.877793	0.134593
0.550448	0.758031	0.351002
0.635356	0.754947	0.191786
0.707561	0.476526	0.529903
0.91281	0.432185	2.47997e-05
0.110868	0.0806607	0.992129
0.756796	0.549504	0.405329
0.558438	0.829825	0.0845279
0.471476	0.598266	0.658463
0.0743894	0.928543	0.383404
0.087507	0.777975	0.63121
0.345745	0.793318	0.514245
0.438768	0.175938	0.887224
0.340518	0.421234	0.841801
0.0777452	0.837549	0.563795
0.455588	0.834832	0.319987
0.753089	0.614431	0.273657
0.569187	0.250022	0.822238
0.488298	0.879367	0.0865349
0.629343	0.350254	0.69904
0.317093	0.803309	0.511316
0.00181749	0.971497	0.253987
0.417678	0.270461	0.868939
0.76437	0.422967	0.510058
0.887755	0.365002	0.316805
0.0396353	0.232099	0.974041
0.394269	0.701191	0.598563
0.263574	0.72755	0.65263
0.67671	0.274351	0.692693
0.821901	0.454802	0.347151
3.67791e-17	5.14852e-17	1.03332
0.257771	0.966213	6.65372e-17
7.95574e-30	6.13229e-17	1.00148
1.0299	1.72958e-05	2.64068e-09
0.00170263	1.00024	0.000184268
0.146571	0.880116	0.465094
0.801159	0.420949	0.428243
0.95081	0.258211	0.179417
0.559292	0.775017	0.345614
0.831694	0.524837	0.188444
0.431082	0.271884	0.861295
0.134922	0.88686	0.457892
0.31786	0.577026	0.761704
0.783323	0.489398	0.403027
0.823535	0.434618	0.390123
0.453638	0.612979	0.650949
0.104209	0.504925	0.858893
0.767544	0.402426	0.517462
0.675763	0.3469	0.659485
0.710877	0.641156	0.307902
0.00922433	0.995815	0.0967724
0.0523721	0.924063	0.38001
0.181348	0.854532	0.499811
0.116917	0.669968	0.735486
0.282908	0.68211	0.682284
0.505454	0.30362	0.813567
0.120644	0.534953	0.846187
0.210049	0.462883	0.866719
0.0757518	0.316254	0.946368
0.439148	0.409698	0.807335
0.298197	0.905622	0.399907
0.152591	0.365077	0.921004
0.516634	0.665597	0.57153
0.474002	0.715415	0.515704
0.244718	0.601186	0.77552
0.410817	0.539199	0.748046
0.254342	0.772432	0.619885
0.388121	0.899708	0.22925
0.0825865	0.804335	0.59196
0.0218725	0.646181	0.785429
0.87967	0.022941	0.478598
0.332852	0.947102	0.0134361
0.265467	0.87375	0.446863
0.257786	0.782894	0.614067
0.88897	0.381758	0.254808
0.202471	0.813922	0.554593
0.582864	0.0930489	0.814409
0.524252	0.83969	0.163465
0.943357	0.161467	0.320108
4.66118e-17	4.15433e-17	1.01969
0.644887	0.766508	0.00347138
0.755711	0.190703	0.633615
0.817529	0.0123331	0.603761
0.688091	0.718276	0.150193
0.214017	0.895994	0.427388
0.342378	0.762275	0.581518
0.7747	0.634763	0.0379813
0.967199	0.12058	0.246719
0.84404	0.515853	0.163093
0.169475	0.131659	0.993097
0.398441	0.505881	0.77031
0.069789	0.458731	0.893028
0.835092	0.510384	0.213409
0.576564	0.734413	0.369197
0.36479	0.927281	0.10637
0.014607	0.0830351	0.997897
0.666874	0.704826	0.273849
0.301018	0.725774	0.628958
0.539049	0.447609	0.752056
0.487706	0.698159	0.52783
0.903936	0.174907	0.416153
0.812963	0.227856	0.547198
0.191424	0.289129	0.942082
0.992202	0.0149702	0.233035
0.201147	0.985335	0.031673
0.27316	0.65354	0.717714
0.59503	0.806146	0.0250365
0.549403	0.102133	0.835632
0.714996	0.660944	0.298149
0.613111	0.563737	0.556553
0.658021	0.571368	0.492497
0.944087	0.232099	0.279336
0.125365	0.555883	0.83348
0.528782	0.14523	0.840228
0.719244	0.438491	0.5414
0.27688	0.959263	0.0917202
0.240655	0.317391	0.927121
0.639756	0.675987	0.394414
0.918955	0.154153	0.365581
0.0341091	0.869023	0.512415
1.01661	0.00354123	1.70346e-09
0.387191	0.609386	0.695249
0.4205	0.351673	0.845857
0.726952	0.687952	0.0483434
0.533356	0.741918	0.423194
0.621363	0.298237	0.729159
0.682424	0.628376	0.425829
0.742079	0.370233	0.585594
0.131296	0.166347	0.979648
0.652536	0.372007	0.664175
0.344667	0.752982	0.56184
0.0453938	0.0578215	0.998866
0.087845	0.474875	0.877148
0.569243	0.746639	0.37125
0.74719	0.209421	0.641687
0.0133776	0.395215	0.938053
0.0556052	1.00009	0.0343879
0.593796	0.79013	0.235708
0.616861	0.341026	0.712907
0.0665062	0.202815	0.986679
0.506737	0.0263886	0.878175
0.49732	0.289785	0.818725
1.012	1.69952e-05	0.114899
0.751213	0.486658	0.456875
0.337125	0.943762	0.0221794
0.517417	0.851342	0.117767
0.866529	0.50091	0.0100482
0.0727022	0.47788	0.885504
0.707324	0.623848	0.34105
0.235099	0.686301	0.698585
0.970049	0.0498588	0.242781
0.367114	0.0628362	0.937507
0.192246	0.912611	0.361287
0.573461	0.828403	0.0382083
0.859886	0.502515	0.110372
0.748609	0.457528	0.484246
0.630611	0.727686	0.292443
0.982075	0.159576	0.137277
0.700523	0.692601	0.238594
0.0366053	0.992331	0.137008
0.809381	0.196072	0.564902
0.808333	0.508602	0.305209
0.193856	0.543964	0.820453
0.535151	0.679455	0.509589
0.0890423	0.292406	0.953247
0.58669	0.816109	0.0833331
0.200035	0.979889	0.0537414
0.272379	0.859823	0.441356
0.925344	0.331492	0.200816
0.566524	0.743072	0.37837
1.00269	0.00111963	0.00053522
0.0633899	0.566538	0.824101
0.437036	0.076504	0.901345
0.628234	0.724943	0.298423
0.324939	0.777423	0.541547
0.425961	0.114925	0.904376
0.187268	0.550706	0.826422
0.87253	0.441068	0.220794
0.402123	0.510556	0.766127
0.924449	0.356464	0.189686
0.850596	0.4917	0.197214
0.16656	0.386103	0.908477
0.962169	0.189564	0.267367
0.530545	0.668105	0.524615
0.222917	0.978086	0.0640394
0.723581	0.675057	0.160377
0.901075	0.438443	0.144647
0.810592	0.389062	0.438692
0.224128	0.207229	0.95915
0.0410359	0.915269	0.407753
0.468151	0.431655	0.792115
0.405305	0.0112596	0.933383
0.458169	0.588425	0.696245
0.929313	0.250329	0.285017
0.896354	0.422138	0.144694
0.0841123	0.819196	0.577374
0.171723	0.220536	0.962666
0.358722	0.20449	0.916529
0.971852	0.170125	0.172417
0.62574	0.300338	0.723763
0.581942	0.140862	0.804864
0.592279	0.825314	0.0772097
0.985149	0.156203	0.122986
0.893144	0.448761	0.054838
0.939722	0.244066	0.276206
0.348257	0.937406	0.0173953
0.588035	0.5486	0.60107
0.65823	0.375253	0.656139
0.744422	0.616161	0.264333
0.0186901	0.0307521	1.00015
0.465182	0.428918	0.795448
0.953477	0.247638	0.217313
0.932771	0.199032	0.33167
0.492705	0.0281797	0.882059
0.98933	0.077639	0.125816
0.376364	0.51414	0.787244
0.982963	0.0216843	0.202736
0.463785	0.825953	0.327215
0.0907723	0.593722	0.807383
0.68423	0.427487	0.595765
0.602462	0.438448	0.688441
0.62437	0.326502	0.712638
0.856431	0.216357	0.48043
0.934481	0.179827	0.324773
0.664509	0.169549	0.741655
0.0239305	0.136036	0.992654
5.24505e-17	3.43917e-17	1.0243
6.12727e-17	6.50108e-32	1.00066
0.910338	0.422444	0
0.938166	0.288182	0.249594
0.9706	0.244719	0.216739
0.960048	0.290472	0.10976
1.00305	6.84084e-05	0.000728261
0.0140212	0.999945	0.0420436
0.459379	0.281265	0.855421
0.924589	0.216447	0.316179
0.548336	0.758598	0.359462
0.375473	0.922481	0.107547
0.119076	0.991488	0.073041
0.929244	0.0376343	0.414835
0.313858	0.384802	0.876674
0.393657	0.908862	0.14655
0.257253	0.0738694	0.968452
0.883684	0.33152	0.351118
0.180011	0.861578	0.489546
0.226941	0.944828	0.271673
0.492084	0.305721	0.828617
0.578588	0.803737	0.24076
0.981874	0.0712113	0.203777
0.630871	0.742459	0.298789
0.135257	0.707882	0.70526
0.304199	0.137611	0.944291
0.56756	0.827235	0.0285227
0.276341	0.338804	0.905956
0.915042	0.404875	0.0666085
0.812002	0.578279	0.173975
0.296032	0.117409	0.953851
0.00581289	0.182628	0.986641
0.446316	0.864828	0.247378
0.365902	0.807718	0.468597
0.636975	0.714617	0.293577
0.559577	0.831639	0.0590958
0.199348	0.948941	0.256431
0.864141	0.511692	0.0848924
0.171664	0.588235	0.794542
0.43666	0.455234	0.779125
0.0398222	0.40098	0.922025
0.889027	0.333524	0.343683
0.342688	0.488319	0.806303
0.0316474	0.748521	0.665307
0.834536	0.482687	0.308204
0.814705	0.323714	0.500991
0.213845	0.976218	0.0800987
0.64889	0.438683	0.649109
0.686674	0.262001	0.68267
0.088991	0.96292	0.288434
0.961813	0.316745	0.0064581
0.20585	0.985252	0.054758
0.214196	0.413875	0.891767
0.652896	0.53248	0.548032
0.787399	0.283936	0.569486
0.499935	0.551991	0.695827
0.873041	0.0834168	0.486991
0.381674	0.869556	0.332438
0.767849	0.6013	0.229759
0.470905	0.643492	0.621768
0.13723	0.816096	0.563144
0.7531	0.633303	0.186955
0.169351	0.519049	0.848523
0.0663933	0.769448	0.641869
0.988733	0.0949836	0.127434
0.599554	0.224926	0.776809
0.769724	0.472479	0.431243
0.912865	0.067454	0.404406
0.540279	0.20434	0.819906
0.9133	0.375736	0.161896
0.0413967	0.191681	0.982236
0.309314	0.873362	0.384102
0.381533	0.153898	0.916096
0.401414	0.829487	0.456126
0.840477	0.125121	0.556296
0.819442	0.254613	0.519266
0.408867	0.897578	0.257505
0.347334	0.49494	0.801767
0.992335	0.164533	0.0517597
0.143981	0.320948	0.938305
0.0248156	0.26129	0.966986
0.613573	0.238218	0.754061
0.0328573	0.173888	0.993004
0.000728685	0.934198	0.376144
0.354987	0.14319	0.92915
0.599528	0.355004	0.726468
0.10704	0.980745	0.185724
0.512855	0.799993	0.342166
0.641708	0.159392	0.75524
0.67216	0.524941	0.534919
0.844545	0.0612514	0.541018
0.0964301	0.993045	0.100965
0.472225	0.88264	0.0966087
0.852009	0.272079	0.451756
0.76291	0.297344	0.585432
0.0537425	0.248846	0.974855
0.848834	0.38303	0.366842
0.423455	0.700948	0.580381
0.871543	0.0885209	0.486584
0.283328	0.733196	0.631591
0.00647029	0.203282	0.982083
0.103543	0.492876	0.869913
0.621641	0.480699	0.631416
0.627294	0.402583	0.670449
0.404171	0.61152	0.687716
0.857801	0.0233806	0.52676
0.867911	0.00126518	0.535506
0.533827	0.0989987	0.847627
0.201287	0.793961	0.612654
0.270859	0.782017	0.563173
0.326475	0.862545	0.428092
0.675881	0.478762	0.59394
0.696525	0.590755	0.411891
0.622999	0.127768	0.784796
0.0739051	0.886734	0.469452
0.713026	0.434501	0.568133
0.680276	0.459902	0.59982
0.683315	0.718283	0.150172
0.858587	0.0126303	0.526651
0.234195	0.599224	0.772305
0.760741	0.625834	0.180553
0.414538	0.639434	0.656172
0.188726	0.970404	0.162063
0.329243	0.902225	0.282813
0.0445062	0.468619	0.882918
0.191904	0.945896	0.26917
0.697912	0.108463	0.717336
0.247304	0.628136	0.742688
0.70652	0.570717	0.42158
0.241157	0.606416	0.759816
0.279167	0.957848	0.0846663
0.609117	0.65923	0.442679
0.0254491	0.367143	0.932159
0.0500986	0.690175	0.730389
0.690002	0.533561	0.508499
0.501417	0.782769	0.376074
0.502721	0.0480337	0.864968
0.474505	0.772481	0.441159
0.339844	0.936826	0.195598
0.717719	0.245347	0.706617
0.413119	0.670882	0.644822
0.38113	0.836688	0.397437
0.0340098	0.46853	0.889951
0.595196	0.344255	0.739374
0.670086	0.430046	0.60835
0.288875	0.916949	0.279743
0.185788	0.679394	0.721528
0.334044	0.941819	0.196136
0.330424	0.620745	0.712662
0.0602304	0.668607	0.745953
0.518873	0.809381	0.31944
0.489445	0.853617	0.198185
0.431642	0.889221	0.260793
0.588073	0.421794	0.701018
0.73767	0.560288	0.389359
0.536258	0.0993309	0.841446
0.0833046	0.509729	0.860956
0.6323	0.646897	0.440191
0.162074	0.548534	0.834405
0.800099	0.149995	0.585708
0.100073	0.0503873	0.994311
0.804285	0.131833	0.586259
0.0120681	0.683075	0.735163
0.723108	0.403465	0.588161
0.700085	0.717657	0.0223745
0.849612	0.130487	0.514536
0.658921	0.500606	0.563119
0.520643	0.549885	0.65566
0.626353	0.370888	0.696684
0.686354	0.464011	0.593616
0.281434	0.696346	0.662877
0.151541	0.101409	0.984596
0.112709	0.538853	0.835667
0.291805	0.838985	0.474394
0.42201	0.275441	0.880282
0.729819	0.567916	0.392995
0.184837	0.736383	0.653742
0.309704	0.836021	0.475542
0.516498	0.848172	0.139329
0.838137	0.121244	0.575488
5.81878e-17	2.13426e-17	1.01218
0.0583953	0.648236	0.764413
0.287139	0.0980725	0.959594
0.734132	0.566527	0.387012
0.808834	0.522698	0.279987
0.0765388	0.720954	0.702283
0.822259	0.0331937	0.600104
0.613052	0.652665	0.447445
0.794386	0.622081	0.0105912
0.113668	0.363313	0.926622
1.00247	4.50189e-13	0.0285219
5.66155e-17	2.80231e-17	1.03167
1.81474e-31	6.15622e-17	1.00539
0.88404	0.489996	0
0.514228	0.539564	0.714336
0.550297	0.31665	0.796274
0.804936	0.590709	0.0626911
0.187249	0.863993	0.479808
0.310707	0.965546	0.0415754
0.384704	0.662892	0.646395
0.904486	0.339514	0.310975
0.52063	0.544886	0.662374
0.243157	0.686137	0.694114
0.924708	0.347105	0.172412
0.632943	0.464831	0.639158
0.198092	0.0575958	0.979719
0.336839	0.898795	0.296077
0.947091	0.0479735	0.335265
0.899714	0.270459	0.393985
0.496657	0.8558	0.159742
0.376206	0.172683	0.911711
0.399116	0.39906	0.840514
0.576864	0.362159	0.734282
0.674567	0.739343	0.0997714
0.345961	0.1588	0.925656
0.615506	0.40867	0.679431
0.912019	0.31974	0.273291
0.208556	0.939376	0.345722
0.0430984	0.906966	0.426718
0.0718013	0.68619	0.744093
0.0963082	0.61216	0.788853
0.82147	0.496257	0.297533
0.117955	0.995261	0.0873853
0.193014	0.0847574	0.978735
0.122952	0.915618	0.418402
0.890675	0.455308	0.113529
0.814927	0.519741	0.282201
0.84832	0.5564	0.071287
0.00447346	0.855574	0.558107
0.105674	0.645451	0.777792
0.545693	0.527718	0.65343
0.486468	0.849326	0.226979
0.716588	0.114331	0.691923
0.0831466	0.991231	0.16518
0.140273	0.435909	0.899742
0.617811	0.805918	0.0385422
0.416465	0.698235	0.589769
0.364554	0.717633	0.601412
0.852351	0.322971	0.442259
0.349244	0.150092	0.931796
0.289013	0.125039	0.950254
0.665252	0.386115	0.642767
0.0461185	0.970521	0.258362
0.113077	0.978857	0.177893
0.694767	0.626017	0.361237
0.255447	0.228385	0.946351
0.974708	0.0263894	0.231016
0.408767	0.428907	0.832197
0.963448	0.118842	0.245246
3.92894e-17	4.75507e-17	1.00735
0.0125918	0.784485	0.624568
0.857037	0.37582	0.372862
0.760986	0.322226	0.566719
0.76879	0.370232	0.550014
0.250715	0.108467	0.963709
0.384471	0.448999	0.813348
0.279717	0.869241	0.412962
0.411107	0.262061	0.877585
0.701213	0.549531	0.503544
0.741442	0.442247	0.513921
0.958924	0.284861	0.0676183
0.452717	0.887984	0.195454
0.429667	0.74037	0.523741
0.61264	0.295033	0.743238
0.241128	0.654668	0.717689
0.438213	0.893251	0.114287
0.0368073	0.875253	0.489407
0.730334	0.253119	0.649854
0.83263	0.510301	0.236515
0.130385	0.796384	0.62113
0.23465	0.779626	0.583449
0.791074	0.526365	0.320131
0.927422	0.304648	0.251766
0.799004	0.132515	0.590866
0.817926	0.353092	0.467474
0.22262	0.607071	0.768573
0.0532161	0.633443	0.784003
0.943737	0.328156	0.13721
0.707929	0.422258	0.57455
0.639464	0.746789	0.209077
0.284292	0.21901	0.941817
0.158601	0.975186	0.250705
0.477819	0.804209	0.356978
0.0618664	0.30902	0.951008
0.151524	0.832959	0.552622
0.391249	0.238501	0.890658
0.228357	0.106115	0.969413
0.93885	0.0721397	0.373617
0.139853	0.983063	0.127891
0.369598	0.776424	0.526121
0.593092	0.655549	0.486309
0.433487	0.595263	0.704131
0.784306	0.61465	0.204202
0.760884	0.475278	0.454697
0.993728	0.0127306	0.123597
0.00167463	0.207854	0.987151
0.305607	0.101411	0.954916
0.66368	0.726801	0.213445
0.418822	0.91133	0.0297615
0.392593	0.768555	0.528028
0.82742	0.49677	0.275675
0.84003	0.40655	0.378107
0.563034	0.0896074	0.82514
0.745218	0.4445	0.507438
0.36433	0.712159	0.612396
0.40512	0.788534	0.465882
0.608516	0.544052	0.584947
0.176472	0.814269	0.555624
0.0910567	1.00011	0.00533369
0.714514	0.0881734	0.705401
0.277649	0.468383	0.854668
0.318424	0.947005	0.0803638
0.155109	0.953719	0.266711
0.480027	0.559453	0.683711
0.693312	0.180874	0.725703
0.106049	0.0451917	0.996893
0.468974	0.0210506	0.886881
0.533701	0.00908444	0.849503
0.219251	0.627964	0.752411
0.57892	0.358647	0.734159
0.886555	0.439335	0.222737
0.511467	0.213538	0.847807
0.708777	0.547432	0.495588
0.476865	0.825978	0.328209
0.353526	0.142714	0.927064
0.0647504	0.254997	0.967559
0.466225	0.33154	0.830485
0.395229	0.406039	0.843847
0.777225	0.258535	0.579676
0.445945	0.723484	0.53397
0.660425	0.660334	0.360742
0.127214	0.947353	0.350783
0.270365	0.047263	0.963119
0.439465	0.895803	0.111148
0.545767	0.422521	0.727372
0.528163	0.220508	0.841988
0.561446	0.286764	0.779674
0.964533	0.0414548	0.278409
0.989186	0.172922	0.0823695
0.597806	0.263411	0.76042
0.317058	0.755734	0.579996
0.1882	0.879869	0.447432
0.602187	0.29	0.751347
0.975292	0.170493	0.150055
0.352829	0.923447	0.160992
0.0786135	0.603297	0.806608
0.377625	0.637038	0.704037
0.509522	0.479115	0.71948
0.851478	0.36838	0.383765
0.0793436	0.6089	0.803952
0.621419	0.815495	0.0110965
0.332204	0.572429	0.773501
0.930084	0.0377712	0.38676
0.47582	0.247273	0.848752
0.355765	0.881549	0.331299
0.982985	0.171837	0.0834403
0.459927	0.900371	0.0686449
0.727189	0.0897375	0.698649
0.697643	0.0195805	0.723198
0.638919	0.349924	0.701374
0.455037	0.200559	0.871735
0.647604	0.569576	0.512264
0.0576287	0.606233	0.807362
0.753749	0.478867	0.461383
0.361939	0.764291	0.537192
0.687328	0.707207	0.186301
0.118196	0.659243	0.761654
0.484903	0.565121	0.68172
0.0273264	0.155293	0.98921
0.330903	0.782981	0.531329
0.704689	0.333857	0.631079
0.860795	0.297236	0.421538
0.0205651	0.587663	0.82104
0.771008	0.640769	0.138534
0.503566	0.149591	0.855609
0.164469	0.758883	0.632308
0.0389074	0.981813	0.218015
0.265728	0.935556	0.246311
0.859462	0.137126	0.498059
0.307109	0.967626	0.0197519
0.259879	0.0454299	0.970666
5.24505e-17	3.43917e-17	1.0243
7.27739e-16	1.37572e-31	1.00051
0.981031	0.377031	0
0.0753289	0.997683	0.0364539
0.94434	0.0966484	0.319312
0.484989	0.85754	0.180568
0.623305	0.523564	0.631565
0.26536	0.959001	0.117942
0.634479	0.434497	0.656998
0.04367	0.399907	0.933126
0.844304	0.543841	0.0174919
0.414	0.188482	0.895099
0.016502	0.944946	0.365813
0.49644	0.163585	0.858834
0.492041	0.862367	0.134264
0.595369	0.205581	0.780137
0.33451	0.894224	0.349404
0.763975	0.574368	0.353179
0.0684615	0.914558	0.405942
0.0216956	0.611942	0.796411
0.503858	0.671798	0.548307
0.0570016	0.043498	0.998088
0.934885	0.35594	0.0595772
0.107488	0.89871	0.439492
0.0292894	0.533957	0.849546
0.269973	0.937871	0.234321
0.0921079	0.992585	0.0881622
0.0617675	0.609705	0.797061
0.731693	0.549801	0.425717
0.9174	0.104681	0.385681
0.112832	0.715091	0.690927
0.0722485	0.830331	0.57334
0.994926	0.0151391	0.124277
0.683258	0.0845371	0.738969
0.345974	0.0185348	0.942145
0.212303	0.976108	0.055675
0.252404	0.951	0.197092
0.979855	0.146481	0.145377
0.44793	0.500644	0.753558
0.614149	0.211944	0.772386
0.652957	0.747726	0.159207
0.182654	0.228984	0.963869
0.690458	0.721644	0.0776443
0.51892	0.479713	0.710699
0.973405	0.273992	0.0245191
0.755172	0.589328	0.353958
0.586457	0.805789	0.0982577
0.852855	0.503162	0.14875
0.875085	0.484961	0.0959681
0.2934	0.800675	0.541473
0.793292	0.593345	0.195591
0.780147	0.547341	0.323161
0.389857	0.445426	0.810762
0.244646	0.875002	0.42601
0.859648	0.0314919	0.513362
0.0216037	0.923833	0.394621
0.175521	0.910389	0.380857
0.313854	0.767539	0.567344
0.114139	0.984275	0.170591
0.122042	0.63123	0.777217
0.28639	0.304607	0.911038
0.476279	0.0712001	0.882525
0.224007	0.738705	0.639454
0.582281	0.598602	0.559423
0.926961	0.00753971	0.394118
0.62515	0.436998	0.654856
0.402595	0.174138	0.901082
0.150015	0.366886	0.920711
0.712675	0.657491	0.272289
0.589235	0.746522	0.338565
0.302749	0.641098	0.70938
0.9633	0.156691	0.227763
0.735593	0.675091	0.10461
0.380003	0.88511	0.28936
0.651748	0.728978	0.239973
0.607793	0.430796	0.669461
0.366831	0.464412	0.808776
0.00761648	0.973083	0.249813
0.873486	0.379938	0.307728
0.242304	0.797295	0.555794
0.468469	0.503602	0.730093
0.608806	0.431514	0.667865
0.382654	0.56756	0.743196
0.667557	0.682138	0.325046
0.891509	0.293767	0.358111
0.528199	0.710004	0.496651
0.694619	0.261493	0.678549
0.803427	0.111458	0.587018
0.834829	0.411008	0.370717
0.403738	0.275078	0.873119
0.908999	0.424994	0.0719161
0.100814	0.33376	0.939864
0.181757	0.0264386	0.98543
0.97026	0.0941243	0.267577
0.236956	0.968281	0.171899
0.207082	0.258316	0.947928
0.598898	0.296108	0.767951
0.166842	0.839905	0.522363
0.45677	0.860868	0.26361
0.303387	0.741942	0.621909
0.988625	0.0444754	0.187827
0.959248	0.181218	0.227822
0.563368	0.556964	0.611904
0.674829	0.620071	0.415991
0.332245	0.00052888	0.951283
0.915978	0.415346	0.0173855
0.664186	0.633333	0.419557
0.370742	0.107565	0.935617
0.657839	0.26368	0.714656
0.0820213	0.521304	0.867082
0.304376	0.74436	0.617273
0.93193	0.391606	0.0102112
0.331961	0.317136	0.891067
0.972625	0.196789	0.146411
0.0498002	0.66118	0.765909
0.71709	0.703462	0.067017
0.422395	0.85376	0.307727
0.12878	0.762087	0.635447
0.475717	0.329175	0.846787
0.351597	0.818342	0.457435
0.750995	0.282716	0.61013
0.393473	0.269288	0.88052
0.432897	0.773723	0.477272
0.299911	0.821787	0.491981
0.460609	0.510686	0.730002
0.378766	0.882227	0.300121
0.809187	0.392422	0.450373
0.0870838	0.375713	0.927765
0.8894	0.322873	0.3318
0.227632	0.829769	0.513685
0.663276	0.494266	0.585591
0.899815	0.453116	0.0738472
0.573663	0.191618	0.803041
0.461934	0.185401	0.87664
0.0350016	0.812382	0.584958
0.89566	0.451023	0.121616
0.238442	0.934425	0.291342
0.50049	0.220014	0.83802
0.255386	0.514984	0.822969
0.00765552	0.97807	0.237924
0.467534	0.683649	0.564867
0.19387	0.963095	0.219921
0.134315	0.792683	0.596369
0.749431	0.409561	0.526119
0.798655	0.0677987	0.607249
0.79401	0.3521	0.501108
0.922038	0.0555208	0.401225
0.952154	0.328591	0.0849
0.882576	0.473294	0.0734081
0.648172	0.724979	0.257803
0.641937	0.186247	0.751436
0.355471	0.153755	0.922976
0.773878	0.294639	0.578495
0.543922	0.69279	0.483372
0.160224	0.372923	0.915413
0.104594	0.893766	0.448091
0.0470535	0.177716	0.986344
0.15489	0.815109	0.55992
0.772842	0.66662	0.000714991
0.296842	0.628589	0.721737
0.511106	0.209146	0.847272
0.887697	0.302112	0.372115
0.189757	0.907063	0.377954
0.710809	0.664638	0.28332
0.687197	0.0391952	0.738804
0.163881	0.850404	0.508337
0.57089	0.151933	0.807596
0.499991	0.224126	0.839878
0.360758	0.879293	0.362081
0.865662	0.0926806	0.494413
0.442402	0.177652	0.880409
0.591734	0.789061	0.212773
0.033776	0.980941	0.206897
0.880057	0.262865	0.413761
0.285471	0.338479	0.909601
0.540725	0.705388	0.46938
0.704459	0.348299	0.647472
0.814349	0.364459	0.453472
0.681664	0.617085	0.441371
0.703135	0.139186	0.703915
0.553795	0.757868	0.358104
0.134389	0.31279	0.944459
0.562088	0.560803	0.61014
0.796974	0.386499	0.475539
0.383117	0.355752	0.867108
0.429383	0.727226	0.590547
0.992342	0.131209	0.00375833
0.141517	0.851599	0.515604
0.833324	0.460082	0.363762
0.0476823	0.407452	0.915197
0.854655	0.0109731	0.531276
0.259449	0.496862	0.830493
0.23273	0.841077	0.494362
3.44112e-31	6.13133e-17	1.00132
1.00258	0.0317368	0
0.000113379	1.00222	0.000679661
6.12471e-17	2.84019e-29	1.00024
0.677075	0.74439	0
5.32014e-17	3.14097e-17	1.00897
0.389953	0.389013	0.841341
0.562855	0.853337	0.0226998
0.727234	0.466649	0.510162
0.623791	0.359014	0.722187
0.333306	0.827339	0.481728
0.436403	0.419562	0.803824
0.954673	0.195472	0.235681
0.491869	0.553399	0.68342
0.509995	0.153174	0.853267
0.0146943	0.99554	0.155466
0.209825	0.43796	0.88035
0.529213	0.570002	0.643905
0.802612	0.599903	0.109977
0.843479	0.414945	0.347399
0.743979	0.529366	0.422605
0.976308	0.231961	0.0613627
0.244238	0.901013	0.370667
0.552413	0.111136	0.828976
0.600531	0.779168	0.191828
0.336877	0.395191	0.863213
0.109933	0.50707	0.865561
0.22782	0.504127	0.835801
0.0575259	0.340616	0.939253
0.191175	0.839934	0.527426
0.3019	0.921672	0.271449
0.86222	0.31658	0.40786
0.365072	0.295028	0.907056
0.819366	0.252465	0.528394
0.934477	0.0606145	0.378075
0.500728	0.0842336	0.865028
0.259916	0.964466	0.120735
0.177172	0.0533631	0.984582
0.457773	0.510361	0.738687
0.169037	0.938321	0.306884
0.811293	0.578046	0.102102
0.153245	0.985498	0.112421
0.754286	0.638632	0.161904
0.0308152	0.425787	0.924291
0.721162	0.160239	0.675414
0.402429	0.425144	0.81435
0.980979	0.176796	0.139178
0.186742	0.927178	0.330343
0.593923	0.814361	0.0365957
0.684001	0.381415	0.633835
0.423376	0.0147688	0.911727
0.409459	0.763684	0.50785
0.373313	0.036998	0.93277
0.0790551	0.140142	0.988122
0.371219	0.402135	0.844576
0.324335	0.952449	0.0140475
0.598493	0.674591	0.441049
0.966289	0.226575	0.150442
0.990395	0.122984	0.072729
0.202396	0.121446	0.973699
0.464392	0.84825	0.266137
0.609798	0.373612	0.702556
0.914369	0.267332	0.308873
0.826044	0.179464	0.554448
0.710286	0.631657	0.339156
0.60346	0.661223	0.457552
0.125314	0.745414	0.659308
0.293475	0.858464	0.434715
0.536721	0.527956	0.658909
0.446263	0.486476	0.762274
0.853371	0.452179	0.299588
0.266846	0.955832	0.166299
0.582142	0.667955	0.49378
0.113624	0.304054	0.948194
0.240899	0.885851	0.402076
0.691106	0.147347	0.726595
0.341889	0.658101	0.690368
0.127377	0.431629	0.900185
0.867571	0.444526	0.241089
0.440598	0.489974	0.756981
0.62241	0.0662233	0.783658
0.213851	0.774218	0.604753
0.899574	0.15539	0.416567
0.769193	0.241506	0.592642
0.968795	0.171466	0.204376
0.635962	0.199675	0.746777
0.0433444	0.256646	0.977455
0.47057	0.862059	0.207199
0.874748	0.472352	0.147435
0.699636	0.654568	0.341977
0.134558	0.804797	0.580187
0.0905294	0.258716	0.964966
0.548143	0.521966	0.662447
0.303502	0.536711	0.794249
0.814003	0.0318886	0.582642
0.985754	0.174467	0.0519951
0.569941	0.813057	0.152764
0.213032	0.767424	0.613316
0.0502206	0.942934	0.360322
0.519943	0.51869	0.681034
0.245998	0.907504	0.353055
0.63336	0.682177	0.391256
0.385457	0.795013	0.508127
0.707433	0.423658	0.570156
0.574604	0.588215	0.575212
0.0680964	0.412921	0.915162
0.218255	0.450231	0.871962
0.162426	0.944928	0.285073
0.785717	0.165571	0.622815
0.642842	0.697346	0.323965
0.0962088	0.740416	0.676804
0.0383581	0.895422	0.449116
0.763182	0.0241586	0.647918
0.199248	0.12641	0.973405
0.896832	0.446762	0.0318951
0.0819679	0.0904799	0.994683
0.835751	0.527099	0.215299
0.438067	0.845106	0.31479
0.905213	0.271875	0.345137
0.477084	0.875084	0.130719
0.147278	0.449628	0.888964
0.33842	0.049747	0.946104
0.059564	0.803157	0.594343
0.884199	0.198517	0.426536
0.284875	0.586496	0.7695
0.322136	0.662438	0.697679
0.209842	0.649146	0.732955
0.280356	0.311774	0.911228
0.8894	0.270228	0.394754
0.618382	0.786995	0.00638729
0.818318	0.332855	0.47307
0.366905	0.405222	0.843598
0.226777	0.0683039	0.973392
0.445772	0.0435921	0.896914
0.483074	0.742231	0.468415
0.94834	0.269869	0.249963
0.302561	0.583051	0.774672
0.00735541	0.714344	0.701801
0.588011	0.705484	0.413759
0.829332	0.024926	0.564366
0.883576	0.458762	0.147649
0.974102	0.0952577	0.219204
0.784829	0.611829	0.200695
0.251642	0.518342	0.823581
0.825128	0.571413	0.0322666
0.272865	0.759663	0.595686
0.682505	0.204185	0.712943
0.740475	0.380926	0.555887
0.71014	0.376285	0.598533
0.677357	0.331767	0.666218
0.345863	0.6135	0.72356
0.924815	0.290368	0.294074
0.959485	0.300346	0.0421396
0.419842	0.0416094	0.913462
0.627967	0.665239	0.412142
0.976375	0.216471	0.0519437
0.0718742	0.74359	0.67137
0.664878	0.153605	0.754291
0.55494	0.685745	0.491622
0.677166	0.734183	0.0827687
0.931033	0.210409	0.307234
0.00282758	0.977939	0.225017
0.796208	0.567297	0.224947
0.830884	0.540876	0.185006
0.919612	0.261694	0.295712
0.610334	0.687922	0.433248
0.774187	0.215876	0.621621
0.891798	0.445882	0.114841
0.515636	0.789379	0.353702
0.193814	0.52272	0.834317
0.672486	0.74022	0.0828758
0.292423	0.542369	0.793729
0.941539	0.164711	0.29707
0.945484	0.348901	0.000751378
0.414467	0.877093	0.277834
0.263261	0.725034	0.655859
0.758362	0.515106	0.446662
0.112841	0.677362	0.737764
0.233512	0.668948	0.710956
0.307153	0.084763	0.952653
0.589069	0.288136	0.757197
0.381514	0.140785	0.921995
0.741745	0.429062	0.553653
0.143356	0.972874	0.211728
0.580035	0.125873	0.807046
0.409023	0.718032	0.577197
0.33077	0.947566	0.125175
0.00226932	0.997937	0.0926622
0.959675	0.279278	0.0418919
0.354235	0.62835	0.707497
0.13987	0.624466	0.79164
0.0256038	0.975359	0.233833
0.0466982	0.276504	0.96276
0.921762	0.303097	0.245989
0.958675	0.241319	0.171895
0.614683	0.0236586	0.789852
5.24684e-17	3.22221e-17	1.00556
6.12776e-17	8.59722e-30	1.00074
2.87778e-11	1.00234	0.00531026
0.940026	0.341198	4.4792e-17
0.370452	0.715303	0.6065
0.794642	0.112948	0.600632
0.955113	0.17907	0.237478
0.278922	0.29414	0.918246
0.120555	0.81983	0.571008
0.215844	0.970453	0.145736
0.101025	0.779423	0.619582
0.620647	0.622346	0.480164
0.139136	0.828603	0.544406
0.498195	0.466366	0.732243
0.611985	0.154927	0.780861
0.534471	0.208035	0.824864
0.182409	0.850061	0.501618
0.298196	0.066346	0.956197
0.255075	0.471928	0.851032
0.62574	0.440913	0.647349
0.54114	0.834439	0.167803
0.104737	0.96599	0.243053
0.129053	0.131663	0.989164
0.233385	0.23254	0.948986
0.22902	0.409644	0.887792
0.0698408	0.659651	0.751733
0.0386825	0.950299	0.311825
0.743319	0.687633	0.0603853
0.325209	0.666541	0.673167
0.583726	0.12197	0.817215
0.909748	0.267404	0.324281
0.175328	0.760244	0.631596
0.873583	0.364544	0.338656
0.991277	0.0542157	0.129707
0.566889	0.221568	0.799259
0.84908	0.249572	0.473767
0.705881	0.735767	0.0218817
0.879523	0.447802	0.182998
0.986462	0.140996	0.111724
0.476956	0.838718	0.275381
0.702756	0.608365	0.384947
0.5725	0.429191	0.709922
0.805005	0.383574	0.467836
0.42143	0.845093	0.331446
0.724302	0.19059	0.688177
0.358532	0.0843629	0.938843
0.0270895	0.701753	0.714489
0.936496	0.339917	0.0875751
0.0466055	0.521331	0.867524
0.785302	0.236425	0.587623
0.598287	0.402046	0.698132
0.52365	0.80747	0.281524
0.347929	0.325152	0.882264
0.730645	0.474917	0.537505
0.244934	0.501602	0.833696
0.844801	0.496516	0.226226
0.959571	0.225788	0.198267
0.890249	0.158824	0.438492
0.0123628	0.957658	0.309505
0.644733	0.569854	0.515076
0.189832	0.672835	0.722581
0.753555	0.258437	0.637685
0.453568	0.387712	0.810457
0.382959	0.922443	0.0955412
0.333218	0.316244	0.903644
0.1839	0.983427	0.122464
0.157823	0.99081	0.0299831
0.692927	0.577912	0.446517
0.336637	0.939572	0.102089
0.0112819	0.648053	0.772178
0.164631	0.77274	0.61718
0.675979	0.518442	0.527748
0.787299	0.242768	0.577195
0.769553	0.0103091	0.675902
0.641217	0.16504	0.756657
0.265214	0.126371	0.963422
0.00522572	0.481559	0.878563
0.57923	0.301912	0.778182
0.441657	0.899308	0.0681331
0.815952	0.499235	0.303915
0.151631	0.980692	0.138689
0.740062	0.0374393	0.693825
0.700222	0.708496	0.104651
0.929707	0.377887	0.037251
0.8456	0.328273	0.428968
0.446236	0.824286	0.369229
0.986319	0.184921	0.0179332
0.586961	0.788601	0.221106
0.869727	0.362935	0.343315
0.687458	0.692595	0.244956
0.978159	0.0229905	0.217571
0.208749	0.726356	0.660812
0.0651335	0.287525	0.96679
0.605768	0.792784	0.0917577
0.306665	0.282968	0.914305
0.70759	0.709527	0.0687369
0.81845	0.570681	0.161649
0.490203	0.34541	0.8043
1.00201	0.0708006	0.00694245
0.637944	0.187284	0.759801
0.683113	0.725886	0.161488
0.502958	0.675741	0.551336
0.231574	0.200687	0.959161
0.202653	0.128715	0.972786
0.899551	0.350486	0.26758
0.113502	0.368859	0.93289
0.888611	0.354147	0.298063
0.515615	0.75334	0.417065
0.429641	0.85775	0.285621
0.015703	0.988948	0.171162
0.196764	0.975048	0.125268
0.749284	0.562152	0.373008
0.974887	0.0907795	0.226041
0.286453	0.954226	0.0875766
0.65446	0.48621	0.613843
0.0859869	0.921178	0.383476
0.922478	0.235794	0.357222
0.918082	0.0273618	0.405974
0.42388	0.421328	0.811761
0.839624	0.230498	0.53977
0.198667	0.875565	0.459043
0.752906	0.564869	0.361804
0.224542	0.745929	0.630619
0.548992	0.117308	0.831985
0.725945	0.48884	0.489841
0.313377	0.680718	0.667118
0.860627	0.369257	0.395962
0.0910145	0.538228	0.840579
0.717942	0.214405	0.680091
0.937095	0.275442	0.254984
0.655378	0.397029	0.64801
0.0831656	0.87024	0.495723
0.756136	0.306799	0.584676
0.194534	0.0487702	0.983137
0.395841	0.755296	0.531832
0.963084	0.210834	0.191646
0.919147	0.0143916	0.404239
0.195184	0.0485377	0.985952
0.404906	0.909508	0.139023
0.823908	0.319929	0.471104
0.632552	0.035614	0.78366
0.28991	0.0155375	0.968218
0.585518	0.172285	0.794072
0.392372	0.799655	0.47003
0.558665	0.84219	0.0460847
0.361739	0.172364	0.922916
0.71316	0.479241	0.521199
0.145375	0.0364459	0.992822
0.319608	0.0824724	0.95039
0.481897	0.105454	0.87194
0.111251	0.826924	0.576814
0.0484681	0.447024	0.895864
0.43492	0.433346	0.795091
0.151123	0.78769	0.616251
0.529994	0.763927	0.385059
0.736063	0.589068	0.352566
0.9331	0.379266	0.0365399
0.760955	0.336337	0.559546
0.269366	0.943039	0.24481
0.228594	0.0572026	0.97645
0.424824	0.646964	0.654536
0.341204	0.458418	0.830881
0.355176	0.94513	0.0155985
0.881906	0.450722	0.175319
0.0418365	0.414649	0.913174
0.341554	0.631929	0.703138
0.0858197	0.595168	0.801717
0.831654	0.24445	0.517401
0.834316	0.00401152	0.558814
0.881542	0.375045	0.291392
0.553147	0.727544	0.42951
0.58406	0.147109	0.801356
0.743185	0.64406	0.208879
0.599452	0.357926	0.718503
0.386191	0.883512	0.282371
0.59841	0.710276	0.392688
0.688373	0.236083	0.743952
0.843081	0.560003	0.0105679
0.827662	0.544819	0.150243
0.694502	0.331287	0.650726
0.958222	0.212128	0.208452
0.516696	0.174522	0.844441
0.450973	0.895982	0.0251945
0.353272	0.10402	0.938703
2.61534e-11	0.91093	0.416239
0.461655	0.634709	0.623064
0.810039	0.385973	0.455861
0.916622	0.269425	0.297273
0.0316908	0.997583	0.0945619
0.0252105	0.789266	0.624706
0.834269	0.323952	0.454674
0.364981	0.203433	0.909396
0.354666	0.931715	0.0993198
0.576243	0.137988	0.809532
0.852772	0.000393774	0.523722
0.86212	0.202858	0.465944
2.16461e-17	5.88723e-17	1.02439
0.00727766	1.01118	6.2728e-05
7.18681e-32	6.13494e-17	1.00191
6.1247e-17	2.17811e-30	1.00024
0.890291	0.45546	5.98525e-17
0.33488	0.782669	0.53881
0.283438	0.905109	0.347167
0.454168	0.336273	0.843387
0.591257	0.585858	0.562549
0.0896114	0.682465	0.734455
0.300378	0.0669156	0.957704
0.726187	0.604896	0.359988
0.952106	0.287654	0.18016
0.737904	0.0801384	0.671118
0.623364	0.357354	0.702274
0.217344	0.320009	0.932798
0.945594	0.215727	0.267009
0.620873	0.345988	0.704497
0.867225	0.410648	0.283941
0.858004	0.185988	0.498623
0.393119	0.848195	0.381003
0.840351	0.480755	0.329576
0.102794	0.954595	0.310265
0.11695	0.422119	0.901967
0.0536099	1.00148	0.0183579
0.750166	0.62487	0.240084
0.607225	0.153919	0.781492
0.803728	0.535861	0.271603
0.932746	0.285028	0.230474
0.562571	0.629585	0.536433
0.0315891	0.862006	0.510286
0.266389	0.229332	0.940025
0.0830507	0.677615	0.750859
0.665363	0.292438	0.690927
0.173636	0.554477	0.816858
0.785028	0.469835	0.406683
0.324746	0.0723441	0.949335
0.668188	0.364554	0.650905
0.443575	0.506928	0.757757
0.0565437	0.603405	0.802086
0.614722	0.373837	0.697817
0.486585	0.307974	0.820511
0.845315	0.218753	0.494318
0.0689627	0.94006	0.356986
0.0355284	0.969503	0.253336
0.502917	0.759859	0.414435
0.412783	0.484085	0.774121
0.0437823	0.817889	0.584945
0.185599	0.0189995	0.987167
0.147655	0.648426	0.748113
0.10083	0.832222	0.57481
0.632841	0.750421	0.220636
0.914349	0.0605531	0.402339
0.655174	0.756776	0.00813717
0.572859	0.670097	0.481167
0.90603	0.303907	0.298801
0.158129	0.548428	0.825317
0.206068	0.658041	0.737501
0.000649687	0.932667	0.469439
0.782865	0.134616	0.614395
0.397536	0.909982	0.152965
0.276166	0.523795	0.807011
0.639647	0.705664	0.30702
0.378275	0.865471	0.341908
0.644731	0.721531	0.253621
0.366922	0.173926	0.919487
0.590197	0.376991	0.721913
0.0280617	0.524216	0.851551
0.122397	0.431285	0.900334
0.376583	0.616996	0.694731
1.00084	0.0433244	0.0740226
0.17632	0.982345	0.0809996
0.673787	0.113488	0.740214
0.243446	0.920103	0.317202
0.767772	0.449821	0.460173
0.958287	0.084056	0.285381
0.493283	0.26349	0.836265
0.981891	0.00198366	0.258586
0.513962	0.854004	0.0903928
0.220891	0.220938	0.954441
1.0007	0.0113213	0.0771716
0.201716	0.834939	0.526252
0.150758	0.806493	0.582592
0.97472	0.243267	0.048572
0.632618	0.494389	0.599233
0.180786	0.300162	0.93707
0.191021	0.976739	0.113681
0.0152368	0.577993	0.823839
0.766015	0.460247	0.450432
0.69758	0.710588	0.118824
0.396167	0.324723	0.859498
0.313816	0.520789	0.798822
0.865223	0.498398	0.105451
0.676109	0.593831	0.452801
0.701088	0.118087	0.714113
0.82089	0.0891509	0.56528
0.778357	0.628333	0.0439236
0.362812	0.871523	0.3375
0.417911	0.919673	0.00821189
0.660538	0.728921	0.201486
0.557947	0.788823	0.265994
0.830322	0.534476	0.16581
0.385193	0.0367682	0.933053
0.0692482	0.943951	0.354343
0.756083	0.121022	0.65181
0.896807	0.14302	0.42443
0.560292	0.792138	0.250965
0.741764	0.0637048	0.674622
0.323796	0.537394	0.783398
0.91361	0.0972747	0.496038
0.480514	0.0318222	0.905432
0.417274	0.202546	0.888207
0.462758	0.877696	0.133031
0.580223	0.664197	0.481359
0.955908	0.270165	0.14852
0.69953	0.691596	0.232452
0.127165	0.993555	0.0323532
0.419519	0.489755	0.765782
0.168279	0.872166	0.471639
0.460978	0.0480488	0.887519
0.52924	0.399673	0.761355
0.876009	0.209149	0.439299
0.42982	0.251367	0.87074
0.357274	0.19084	0.917205
0.138917	0.895506	0.44577
0.531769	0.529489	0.664145
0.993339	0.00379546	0.127152
0.371927	0.244149	0.915231
0.359494	0.825328	0.46151
0.547034	0.547336	0.643779
0.824618	0.178751	0.545805
0.484114	0.7975	0.369128
0.513997	0.592425	0.628039
0.149485	0.79923	0.586207
0.716422	0.696589	0.122487
0.192598	0.0410304	0.983096
0.18124	0.580996	0.807985
0.812415	0.403507	0.426295
0.78937	0.129974	0.618265
0.264729	0.5908	0.768786
0.475257	0.764642	0.437498
0.256804	0.83222	0.520693
0.881343	0.267775	0.391997
0.260021	0.166757	0.956995
0.130501	0.987832	0.0995389
0.43797	0.25821	0.861844
0.113966	0.0221258	0.993664
0.348578	0.797915	0.51938
0.98531	0.108269	0.19186
0.989764	0.0679321	0.174196
0.811785	0.56416	0.159484
0.682342	0.379237	0.639941
0.38456	0.839585	0.393028
0.212202	0.459839	0.866772
0.234678	0.950267	0.209895
0.806913	0.208815	0.554
0.161437	0.540164	0.833511
0.793763	0.106669	0.602293
0.240777	0.891849	0.420887
0.900837	0.439972	0.0230141
0.248082	0.567874	0.802276
0.706961	0.606869	0.380486
0.529635	0.732813	0.454968
0.456875	0.149845	0.877554
0.68655	0.70894	0.199717
0.0245494	0.528033	0.857452
0.485207	0.640043	0.643553
0.240232	0.0466397	0.970702
0.505303	0.378291	0.780965
0.961338	0.260555	0.111394
0.349886	0.810471	0.485909
0.468532	0.664444	0.630574
0.127574	0.997557	0.0283852
0.477013	0.644528	0.632222
0.887687	0.433757	0.194809
0.16914	0.814756	0.555945
0.793052	0.12992	0.621564
0.535216	0.834322	0.158579
0.91836	0.283626	0.300145
0.226046	0.887843	0.434384
0.612618	0.624736	0.49535
0.115817	0.00973681	0.994792
0.542219	0.82724	0.196191
0.553562	0.514926	0.659462
0.367085	0.739458	0.577986
0.870071	0.194841	0.466614
0.308355	0.509474	0.807446
0.661007	0.28226	0.702489
3.00057e-17	5.42188e-17	1.01201
0.0233101	0.986729	0.194613
0.166176	0.729758	0.6844
0.230211	0.579942	0.789826
0.9749	0.233167	0.0509496
0.761407	0.627904	0.236068
0.00262991	0.770077	0.65815
0.143976	0.886236	0.4415
0.693449	0.728784	0
3.52069e-09	1.00842	0.020583
8.79665e-29	6.12759e-17	1.00071
2.15005e-17	5.84764e-17	1.0175
6.12885e-17	7.39831e-32	1.00092
0.966957	0.0330354	0.272379
0.938868	0.0155375	0.358869
0.749111	0.403559	0.53156
0.688598	0.70666	0.204382
0.712105	0.662145	0.244721
0.922381	0.377553	0.117271
0.424899	0.146045	0.899521
0.58659	0.431779	0.70197
0.254623	0.641817	0.733362
0.284217	0.93504	0.217431
0.7347	0.683155	0.0463075
0.453443	0.568578	0.688499
0.522461	0.363429	0.787643
0.410739	0.00325722	0.951972
0.275171	0.69161	0.675171
0.505424	0.504695	0.705541
0.417346	0.864328	0.296754
0.24107	0.53446	0.812981
0.991215	0.146091	0.0161881
0.319076	0.94332	0.140827
0.128416	0.384485	0.92042
0.382149	0.858702	0.348856
0.458723	0.889111	0.0873624
0.903284	0.42818	0.0745784
0.912692	0.170389	0.379175
0.777028	0.329602	0.543568
0.46922	0.524626	0.72242
0.729132	0.0946144	0.694269
0.448076	0.41664	0.826376
0.113184	0.0508144	0.995631
0.206231	0.678039	0.708288
0.0409329	0.580811	0.82961
0.384308	0.852024	0.400867
0.138184	0.408528	0.913898
0.578207	0.805952	0.192725
0.16126	0.217828	0.965321
0.597668	0.670661	0.442718
0.0593797	0.736807	0.681547
0.279121	0.700089	0.667902
0.719639	0.392202	0.577711
0.690511	0.269984	0.69378
0.302449	0.835864	0.464481
0.0549073	0.442431	0.89644
0.979825	0.124909	0.20089
0.938839	0.0139709	0.361178
0.331052	0.789133	0.519449
0.646764	0.754344	0.126034
0.293781	0.811909	0.510371
0.213085	0.439962	0.88122
0.406395	0.396982	0.843065
0.201109	0.183383	0.969388
0.19757	0.454803	0.872334
0.174735	0.422589	0.903216
0.48257	0.49522	0.740815
0.17196	0.448409	0.889973
0.00612968	0.970366	0.265757
0.560322	0.320853	0.76655
0.0672462	0.333735	0.945442
0.673028	0.746794	0.0489891
0.994064	0.0242105	0.165222
0.0918381	0.192485	0.987702
0.863826	0.202486	0.49136
0.655986	0.759859	0.0373718
0.35317	0.848061	0.424374
0.541675	0.255426	0.803165
0.223552	0.0478529	0.980002
0.662155	0.717234	0.233622
0.610439	0.0871258	0.797219
0.724842	0.283407	0.632779
0.0873963	0.801131	0.594893
0.83647	0.354621	0.426708
0.932409	0.380367	0.0586348
0.24892	0.602734	0.759555
0.31386	0.507693	0.812596
0.683075	0.717094	0.146427
0.569605	0.634406	0.5381
0.496598	0.0659073	0.874183
0.605854	0.193743	0.776378
0.317478	0.773687	0.552661
0.336874	0.874927	0.383576
0.476235	0.626664	0.640939
0.0986426	0.816312	0.57498
0.700667	0.164241	0.751967
0.857504	0.229386	0.470364
0.676944	0.733253	0.0784929
0.359021	0.932447	0.172483
0.218694	0.464855	0.862604
0.10505	0.0666158	0.998227
0.375767	0.757864	0.558191
0.858229	0.410169	0.335244
0.867882	0.110846	0.486961
0.896848	0.24781	0.412514
0.996717	0.127527	0.0305346
0.568123	0.0572806	0.827232
0.479146	0.600063	0.645891
0.843903	0.266868	0.476182
0.878342	0.475838	0.0929312
0.00918721	0.827347	0.579443
0.309038	0.511779	0.83323
0.875932	0.47594	0.0927387
0.985742	0.0347287	0.180077
0.0612797	0.907475	0.457613
0.754943	0.0617527	0.660968
0.346189	0.768976	0.542624
0.917294	0.120009	0.395616
0.531927	0.594407	0.613437
0.801154	0.520933	0.314869
0.297559	0.31793	0.914095
0.355579	0.896295	0.283649
0.605179	0.669077	0.449244
0.626341	0.704829	0.334223
0.394469	0.244481	0.909786
0.152585	0.957801	0.278304
0.834876	0.541974	0.137258
0.99924	0.104415	0.0305296
0.823517	0.556415	0.160568
0.488315	0.634752	0.61595
2.99503e-07	0.983141	0.191022
0.262638	0.290943	0.93309
0.768835	0.0139414	0.656114
0.666142	0.745048	0.0996843
0.707226	0.491952	0.515063
0.437209	0.882794	0.229528
0.267708	0.299424	0.92927
0.85085	0.236425	0.473275
0.419007	0.868513	0.283743
0.782877	0.374175	0.504137
0.182699	0.886269	0.433062
0.402128	0.352131	0.854632
0.933717	0.318546	0.225209
0.555134	0.696089	0.462409
0.810266	0.115646	0.584363
0.388608	0.929755	0.103524
0.707996	0.687293	0.188824
0.285171	0.786536	0.552889
0.795917	0.219019	0.569726
0.32462	0.818256	0.496941
0.363608	0.178869	0.924112
0.853517	0.102115	0.522074
0.231184	0.623258	0.755091
0.174602	0.954189	0.260362
0.817005	0.161245	0.56197
0.433442	0.486268	0.76617
0.019488	0.609032	0.795542
0.0343268	0.955265	0.299579
0.88745	0.466654	0.0445462
0.190668	0.586193	0.796958
0.0710055	0.881064	0.479064
0.120982	0.871874	0.483711
0.758716	0.121749	0.655654
0.0768884	0.704809	0.716055
0.395336	0.866916	0.326878
0.404167	0.90524	0.146576
0.6538	0.432824	0.624983
0.370138	0.369605	0.868772
0.404199	0.919668	0.105923
0.36848	0.399131	0.853948
0.555545	0.175536	0.835246
0.637538	0.755977	0.155636
0.221518	0.287723	0.936776
0.752251	0.08142	0.660253
0.159633	0.916585	0.38614
0.523418	0.617107	0.605178
0.00330163	0.638034	0.789637
0.866471	0.339831	0.39305
0.770262	0.366291	0.538304
0.797931	0.518837	0.322057
0.327435	0.799412	0.510634
0.789113	0.563592	0.265571
0.805848	0.516263	0.323836
0.486409	0.501008	0.71968
0.549616	0.349785	0.770097
0.759482	0.205707	0.627184
0.0249243	0.969083	0.253748
0.0378025	0.338067	0.960073
0.304105	0.303422	0.912576
0.152979	0.34409	0.928263
0.660557	0.75025	0.0953009
0.0844044	0.465173	0.885744
0.487892	0.548799	0.687719
0.897408	0.425395	0.128299
0.82365	0.462673	0.332346
0.826081	0.558148	0.13326
0.780954	0.646514	0.0241063
0.360784	0.538704	0.784174
0.0143302	0.968417	0.258549
0.262497	0.598774	0.760661
0.996308	0.126819	0.0695539
0.0472549	0.962721	0.276211
1.12912e-13	0.0786524	0.99862
0.0706666	0.997419	0.0820463
0.809866	0.159836	0.612962
