6.1792e-17	1.00914	0.01167
3.74963e-33	6.12361e-17	1.00006
6.1247e-17	6.17137e-30	1.00024
0.659754	0.759531	0
5.90245e-17	2.37833e-17	1.03925
0.984935	0.0262458	0.179453
0.0632729	0.996795	0.109175
0.362104	0.848578	0.395432
0.195825	0.97955	0.057558
0.618927	0.768999	0.188446
0.176925	0.899719	0.416243
1.31216e-17	6.00976e-17	1.00459
0.349277	0.81852	0.46521
0.323777	0.531004	0.790526
0.464223	0.750608	0.492555
0.895336	0.075286	0.449638
0.407763	0.657027	0.642784
0.102828	0.266811	0.966693
0.829342	0.572166	0.0133108
0.746351	0.592438	0.332944
0.229658	0.971234	0.124409
0.11727	0.17713	0.983753
0.0513357	0.914086	0.405649
0.322117	0.833639	0.461003
0.647837	0.624792	0.468973
0.234685	0.957044	0.230956
0.54694	0.585211	0.604078
0.585269	0.0477692	0.826498
0.293536	0.927699	0.241684
0.385562	0.882722	0.301341
0.908539	0.2153	0.375258
0.339225	0.756562	0.561727
0.93725	0.258315	0.262018
0.000321771	0.672286	0.741736
0.154598	0.336131	0.939543
0.811189	0.480125	0.37858
0.138618	0.981508	0.144017
0.447295	0.018809	0.901262
0.203288	0.354691	0.919218
0.397192	0.840724	0.386089
0.696901	0.672111	0.263291
0.666252	0.745599	0.124645
0.862415	0.516327	0.0876149
0.325735	0.906887	0.274597
0.1388	0.981293	0.14399
0.274732	0.639026	0.72128
0.393338	0.921775	0.043937
0.504729	0.407806	0.774461
0.887145	0.0136027	0.486225
0.479116	0.193259	0.860467
0.568688	0.717312	0.419658
0.536213	0.789693	0.310298
0.639274	0.76082	0.150161
0.805529	0.502716	0.323487
0.758364	0.441858	0.532624
0.52742	0.834604	0.214355
0.704649	0.683872	0.22263
0.259599	0.577361	0.796341
0.55675	0.210988	0.807743
0.523928	0.149751	0.84598
0.922556	0.405949	0.024912
0.213123	0.602009	0.802789
0.281881	0.857733	0.451824
0.225201	0.874756	0.439274
0.768166	0.635912	0.170927
0.846753	0.34915	0.410358
0.0595295	0.950697	0.315952
0.514425	0.157753	0.853111
0.612681	0.769966	0.209124
0.211306	0.79765	0.56894
0.954021	0.198441	0.229206
0.787603	0.229704	0.578525
0.493997	0.558231	0.694866
0.710145	0.659428	0.330038
0.856794	0.0354453	0.520383
0.33185	0.482555	0.815389
0.306442	0.939487	0.201778
0.79465	0.164147	0.592737
0.0275844	0.0818498	0.997275
0.881265	0.0336013	0.483296
0.315739	0.415215	0.863531
0.26067	0.627277	0.749738
0.391153	0.876762	0.29844
0.779527	0.00518199	0.628305
0.217437	0.865148	0.458099
0.476016	0.319992	0.832588
0.0431494	0.12128	0.995886
0.148534	0.445323	0.894588
0.485944	0.158599	0.870046
0.0102655	0.698029	0.736545
0.883561	0.295436	0.369144
0.721675	0.0955617	0.689299
0.0343185	0.960328	0.32726
0.606461	0.786765	0.150106
0.559998	0.0889282	0.830288
0.774059	0.131759	0.635926
0.302963	0.694995	0.65696
0.568282	0.451091	0.699421
0.686031	0.437802	0.600112
0.824214	0.104573	0.564223
0.96052	0.291388	0.0479922
0.836551	0.550637	0.086749
0.636306	0.727108	0.289789
0.495996	0.625623	0.624594
0.628131	0.185849	0.768928
0.45949	0.739589	0.499929
0.00895205	0.491342	0.886062
0.254418	0.253098	0.935119
0.471934	0.493453	0.785343
0.371755	0.730354	0.575868
0.427222	0.901798	0.0786456
0.68144	0.61083	0.427869
0.0928748	0.182532	0.979909
0.151219	0.802511	0.600936
0.932968	0.379322	0.0442729
0.269238	0.599654	0.760938
0.1883	0.277314	0.946788
0.223996	0.241213	0.949637
0.2137	0.37265	0.912185
0.354028	0.465567	0.814324
0.512704	0.280785	0.822754
0.789285	0.392397	0.476986
0.597184	0.746762	0.342681
0.914527	0.345639	0.247603
0.832303	0.151607	0.539461
0.76129	0.129585	0.646389
0.739405	0.498864	0.472153
0.629799	0.782174	0.0673676
0.17935	0.305982	0.941529
0.77659	0.127781	0.631431
0.0720659	0.155184	0.986697
0.874929	0.0536033	0.513677
0.672737	0.133494	0.729113
0.417887	0.691188	0.59915
0.13041	0.962502	0.289494
0.892143	0.470632	0.0223807
0.0675996	1.00002	0.0302429
0.721265	0.0711052	0.696823
0.424519	0.538977	0.735373
0.732268	0.322217	0.615114
0.543034	0.172286	0.825054
0.533515	0.110778	0.848424
0.70655	0.0214026	0.723934
0.932459	0.279635	0.245503
0.524873	0.37011	0.77647
0.379199	0.778866	0.536884
0.553561	0.115144	0.827937
0.0732752	0.249772	0.972666
0.579456	0.704823	0.430891
0.35528	0.512887	0.783453
0.385233	0.622007	0.710758
0.124593	0.314352	0.946146
0.261041	0.589631	0.785586
0.493757	0.797982	0.352234
0.28295	0.11393	0.958306
0.179663	0.913646	0.390596
0.384262	0.932531	0.0719754
0.0497579	0.142439	0.994114
0.74516	0.651791	0.203495
0.784879	0.327775	0.527155
0.951058	0.275337	0.197037
0.298531	0.772371	0.593063
0.443625	0.683342	0.586901
0.891043	0.313036	0.35376
0.313906	0.445728	0.842963
0.979952	0.22063	0.036705
0.431861	0.246892	0.878574
0.684136	0.473132	0.557724
0.969402	0.0692299	0.26193
0.290071	0.0966134	0.960542
0.855952	0.43267	0.30017
0.144765	0.306866	0.952001
0.000319222	0.666961	0.753571
0.666618	0.642905	0.391968
0.722806	0.686131	0.182882
0.078177	0.165019	0.984187
0.220685	0.948829	0.252925
0.267559	0.583787	0.776396
0.868953	0.358304	0.362876
0.09845	0.142034	0.985551
0.489469	0.544885	0.711543
0.370334	0.734449	0.578723
0.563929	0.814075	0.197079
0.786647	0.490932	0.382334
0.847817	0.387995	0.388965
0.436113	0.457538	0.795146
0.920286	0.309245	0.272171
0.336152	0.791779	0.513529
0.206769	0.468707	0.872577
0.76931	0.101869	0.66893
0.0385378	0.881692	0.508786
0.131436	0.412728	0.925674
0.351957	0.37452	0.875397
0.673689	0.458546	0.591022
6.16503e-17	6.10143e-30	1.00683
3.75037e-33	6.12483e-17	1.00026
3.12512e-17	5.46579e-17	1.02824
1.00277	8.61213e-07	0.00142477
6.68501e-05	1.0004	0
0.670933	0.338539	0.663553
0.966742	0.143135	0.224432
0.0757908	0.872294	0.498827
0.307865	0.730106	0.64387
0.732709	0.123841	0.681287
0.14023	0.0515189	0.992703
0.854779	0.164259	0.513616
0.807338	0.251351	0.546382
0.4447	0.848568	0.30232
0.459746	0.903768	0.0266553
0.544837	0.606827	0.581209
0.754859	0.593086	0.331762
0.101595	0.971964	0.23981
0.147366	0.543562	0.836994
0.161401	0.373918	0.923535
0.938889	0.289299	0.225807
0.0653654	0.654591	0.755491
0.469399	0.034381	0.885749
0.0132907	0.491396	0.871935
0.976165	0.20192	0.0903289
0.559402	0.63616	0.535346
0.195834	0.912371	0.384328
0.9872	0.108089	0.129297
0.72926	0.352285	0.593675
0.570267	0.207122	0.811807
0.257611	0.950202	0.212378
0.422922	0.432676	0.799724
0.90325	0.0856212	0.431872
0.0556858	0.273073	0.965088
0.409407	0.839076	0.367843
0.945201	0.277518	0.218519
0.319753	0.761058	0.568732
0.218011	0.614504	0.768395
0.407001	0.788676	0.464766
0.798045	0.494998	0.412741
0.131732	0.236357	0.977584
0.0349148	0.733596	0.680955
0.530155	0.119107	0.848146
0.311226	0.0777977	0.94873
0.477261	0.738146	0.49528
0.039497	0.829874	0.559659
0.0494244	0.455682	0.896208
0.644645	0.388222	0.664447
0.84029	0.485367	0.24658
0.451577	0.155429	0.879885
0.381964	0.592002	0.71127
0.783793	0.611399	0.121174
0.0939099	0.958328	0.278088
0.498107	0.779954	0.388181
0.649644	0.745438	0.197187
0.0916865	0.866504	0.496412
0.597955	0.680003	0.431022
0.171648	0.324994	0.931775
0.589128	0.809565	0.103041
0.165083	0.38245	0.915932
0.743863	0.603038	0.291973
0.825656	0.351656	0.454443
0.118772	0.553347	0.834662
0.0274893	0.558956	0.829636
0.965155	0.00405082	0.264882
0.204171	0.942046	0.278377
0.290294	0.466827	0.84386
0.6168	0.226606	0.756729
0.45798	0.708326	0.555575
0.567372	0.827841	0.0597884
0.88262	0.434339	0.190426
0.815515	0.227196	0.537511
0.893444	0.0266269	0.464209
0.46525	0.887782	0.0173542
0.3297	0.0487317	0.946569
0.910949	0.221095	0.375184
0.831055	0.120098	0.598538
0.0194389	0.165362	0.988638
0.642806	0.752208	0.194294
0.819211	0.249214	0.521278
0.79294	0.491831	0.429055
0.342186	0.102535	0.937702
0.353283	0.504377	0.790828
0.962319	0.0108039	0.280813
0.584526	0.17782	0.79474
0.612102	0.478507	0.633873
0.700785	0.173035	0.707489
0.0328541	0.279482	0.962143
0.453421	0.880925	0.142167
0.864166	0.366154	0.348399
0.543581	0.720257	0.438446
0.452719	0.531331	0.72348
0.635356	0.763645	0.148511
0.776615	0.649089	0.093507
0.963231	0.0167622	0.273054
0.0834163	0.484314	0.871705
0.709601	0.570661	0.424481
0.252222	0.239933	0.950631
0.740298	0.600149	0.313037
0.7349	0.310891	0.62288
0.871117	0.448922	0.256866
0.703027	0.580736	0.434112
0.00521441	1.00029	0
0.934301	0.329564	0.158078
0.591629	0.672809	0.46007
0.464217	0.690121	0.564195
0.781683	0.26463	0.568567
0.246049	0.42029	0.884787
0.521965	0.853148	0.0733989
0.665271	0.191588	0.727154
0.28265	0.66686	0.695088
0.307866	0.408758	0.863591
0.116093	0.989937	0.113387
0.688788	0.496979	0.549846
0.43809	0.670271	0.606584
0.163236	0.0637482	0.987357
0.603175	0.624502	0.531203
0.267993	0.93449	0.254814
0.548149	0.834652	0.0650895
0.716268	0.587679	0.417121
0.325016	0.41719	0.857297
0.864202	0.331783	0.384235
0.538811	0.715386	0.449394
0.846483	0.260826	0.483509
0.761732	0.63059	0.159715
0.190326	0.952257	0.248466
0.896264	0.441053	0.051509
0.985825	0.00832697	0.180997
0.0787116	0.669581	0.749498
0.216801	0.301957	0.930791
0.329082	0.112592	0.939574
0.535526	0.823505	0.222145
0.229735	0.319515	0.920931
0.10533	0.95699	0.286625
0.416267	0.818296	0.403508
0.72114	0.325908	0.617737
0.927983	0.229137	0.310839
0.226098	0.833965	0.531005
0.714963	0.70135	0.0379451
0.222763	0.385053	0.910098
0.485542	0.858989	0.20246
0.772703	0.462721	0.444401
0.360999	0.928739	0.134626
0.198533	0.978825	0.0693675
0.504812	0.508697	0.702425
0.992944	0.111793	0.0461445
0.574403	0.663787	0.488515
0.863644	0.21325	0.474778
0.76571	0.473999	0.444348
0.022015	0.187276	0.985083
0.887043	0.427256	0.183261
0.0253855	0.56378	0.836633
0.377272	0.509641	0.784375
0.496365	0.399176	0.777305
0.490631	0.855856	0.20342
0.85751	0.21943	0.480616
0.93442	0.287922	0.245061
0.272856	0.44515	0.869862
0.297547	0.533304	0.817131
0.431164	0.149045	0.897021
0.569142	0.0416866	0.842374
0.398503	0.898717	0.186878
0.298016	0.0724446	0.95669
0.872147	0.429185	0.25478
0.153925	0.533187	0.83515
0.210505	0.604758	0.774548
0.229365	0.396465	0.900627
0.515452	0.243946	0.824649
0.683633	0.5026	0.549291
0.633708	0.757556	0.166993
0.979884	0.0752063	0.257594
0.53213	0.853989	0.0303252
0.11073	0.948233	0.303555
0.370618	0.92102	0.134134
0.395949	0.796825	0.459777
0.7194	0.571516	0.414037
0.448314	0.892906	0.1014
0.657034	0.758482	0.0126862
0.658283	0.189576	0.736823
0.401627	0.919956	0.114193
0.518605	0.243297	0.823235
0.531644	0.817205	0.234081
0.176951	0.976044	0.136305
0.343525	0.197422	0.919373
0.764117	0.635997	0.148627
0.124606	0.953849	0.290184
0.220103	0.0967115	0.97368
0.14009	0.539579	0.841976
0.132385	0.232307	0.965996
0.679866	0.72952	0.084948
0.0613739	0.38394	0.929793
0.182875	0.700061	0.694382
0.359011	0.608677	0.713426
0.952291	0.0697502	0.306709
0.119558	0.646061	0.756637
0.698905	0.686589	0.224994
0.368398	0.0995627	0.930401
0.567979	0.835644	0.0050822
0.951614	0.278056	0.174682
5.90245e-17	2.37833e-17	1.03925
0.55759	0.833952	0
6.13611e-17	1.62641e-29	1.0021
0.348342	0.783916	0.528621
0.0573712	0.99049	0.133567
0.894014	0.127135	0.469124
0.676184	0.404485	0.630773
0.202598	0.259933	0.945174
0.27601	0.652342	0.717202
0.412896	0.56346	0.730508
0.690244	0.397966	0.620246
0.95352	0.299423	0.119731
0.729056	0.497287	0.480965
0.996897	0.00894142	0.113521
0.108804	0.201152	0.976718
0.883256	0.136065	0.464275
0.542049	0.829189	0.147298
0.522834	0.268396	0.809934
0.621181	0.111034	0.785369
0.0248166	0.996877	0.0914471
0.770678	0.444341	0.479543
0.974603	0.220538	0.154001
0.934742	0.349835	0.157237
0.638371	0.544961	0.555428
0.461639	0.465476	0.766704
0.299549	0.772413	0.576668
0.854253	0.298644	0.431601
0.443872	0.679004	0.590493
0.912736	0.342554	0.242378
0.870615	0.0463491	0.493145
0.700703	0.695483	0.236
0.178061	0.560729	0.816286
0.785637	0.51933	0.411407
0.989302	0.149687	0.0582595
0.97955	0.145975	0.175521
0.963931	0.0336975	0.300545
0.902305	0.139	0.42554
0.530235	0.793039	0.323924
0.0951252	0.510943	0.858352
0.361383	0.894493	0.268083
0.746667	0.197256	0.642073
0.409616	0.886323	0.226891
0.472803	0.227393	0.853713
1.0018	2.65532e-13	0.0352343
0.306315	0.0512595	0.954205
0.540125	0.85875	0.0207267
0.384157	0.382567	0.842945
0.795275	0.293367	0.546247
0.43542	0.880015	0.210229
0.158195	0.356005	0.929092
0.45265	0.552293	0.701405
0.737619	0.0657119	0.674433
0.134554	0.985851	0.102333
0.622621	0.797071	0.0440912
0.321877	0.0619153	0.951426
0.207245	0.466387	0.87429
0.850956	0.436837	0.333267
0.340398	0.766038	0.559833
0.811301	0.543617	0.22909
0.106179	0.904497	0.442279
0.561493	0.288241	0.786365
0.758524	0.389387	0.550863
0.295483	0.848629	0.45876
0.652781	0.761821	0.0672164
0.303216	0.367382	0.883543
0.983998	0.15772	0.158723
0.839911	0.171546	0.524339
0.0766283	0.626102	0.778535
4.34943e-17	4.34942e-17	1.00454
0.101434	0.725219	0.69161
0.48367	0.876696	0.0241192
0.708288	0.710013	0.0724944
0.553649	0.284215	0.793835
0.820111	0.0417432	0.576512
0.626857	0.614366	0.496468
0.61124	0.212517	0.765954
0.148196	0.967013	0.220383
0.570046	0.73003	0.37939
0.715458	0.701202	0.107133
0.252831	0.923275	0.314
0.14052	0.180287	0.974275
0.604393	0.720118	0.348551
0.829575	0.243306	0.513114
0.220059	0.307303	0.933219
0.198014	0.871256	0.467428
0.752395	0.555661	0.373335
0.596435	0.580585	0.584362
0.241792	0.338576	0.916112
0.364943	0.685103	0.652082
0.799189	0.601511	0.0759948
0.325319	0.732103	0.609442
0.968538	0.0164844	0.285879
0.587714	0.108302	0.806206
0.0842408	0.576047	0.824541
0.948279	0.352875	0.0420674
0.514214	0.806408	0.297246
0.380202	0.816326	0.447078
0.929914	0.00767704	0.388371
0.0419654	0.619698	0.785158
0.378453	0.710467	0.597598
0.228032	0.481937	0.867551
5.23967e-17	3.47648e-17	1.02692
0.287332	0.666645	0.696945
0.019464	0.0858189	0.997708
0.919487	0.0874588	0.388228
0.159807	0.278225	0.950169
0.778085	0.399428	0.502451
0.187634	0.954654	0.250238
0.28825	0.371277	0.89041
0.121692	0.528383	0.843036
0.369751	0.825901	0.449246
0.0844886	0.551309	0.835697
0.330576	0.907204	0.268311
0.400846	0.882257	0.258876
0.890701	0.416751	0.245072
0.723084	0.536748	0.456721
0.850941	0.505962	0.166007
0.518759	0.22615	0.827719
0.284717	0.296207	0.92519
0.327503	0.737018	0.603036
0.766289	0.505727	0.41776
0.16166	0.912042	0.385757
0.844875	0.047082	0.543378
0.0985203	0.670806	0.738601
0.861356	0.336626	0.400453
0.12541	0.960667	0.258865
0.976662	0.100182	0.201571
0.423629	0.755193	0.502899
0.897078	0.432351	0.185609
0.630925	0.4817	0.619085
0.182789	0.235494	0.962029
0.375264	0.933178	0.0307019
0.448023	0.323416	0.859119
0.846708	0.514894	0.17083
0.0301184	0.943494	0.396803
0.00352504	0.860797	0.51972
0.495912	0.840885	0.229005
0.210756	0.945396	0.275743
0.498972	0.82036	0.281441
0.598158	0.585616	0.568139
0.958881	0.0912058	0.276716
0.053613	0.751146	0.66123
0.660078	0.750623	0.0588573
0.897152	0.460552	0.0148176
0.798332	0.0581259	0.614449
0.838837	0.309437	0.460143
0.247327	0.903176	0.367261
0.480896	0.719245	0.508284
0.756042	0.154249	0.649909
0.19211	0.099901	0.980092
0.80505	0.477829	0.36055
0.33698	0.758346	0.571466
0.567806	0.0260497	0.831366
0.197866	0.644586	0.745855
0.418542	0.907109	0.102698
0.495358	0.353183	0.820727
0.371478	0.854653	0.376401
0.0143552	0.752897	0.66121
0.668765	0.0220584	0.757532
0.861963	0.305403	0.42108
0.247584	0.0887919	0.970185
0.258105	0.593816	0.77137
2.58944e-17	0.422887	0.906865
0.876795	0.478342	0.0615559
0.0644055	0.438258	0.899
0.610618	0.65855	0.466562
0.00497982	0.70802	0.727507
0.0632808	0.688111	0.72722
0.594498	0.106264	0.800849
0.234249	0.931857	0.308026
0.354475	0.631914	0.690202
0.272419	0.626749	0.742734
0.263605	0.832314	0.501555
0.865298	0.491413	0.194657
0.367037	0.603445	0.708611
0.671984	0.523939	0.563868
0.569378	0.250025	0.790949
0.988073	0.0939825	0.205321
0.806738	0.607193	0.0754266
0.0303874	0.958932	0.289997
0.824498	0.15174	0.564882
0.0696765	0.997943	0.0618887
0.128296	0.0752806	0.991999
0.83357	0.412727	0.390967
0.489111	0.827894	0.290321
0.00339156	0.952094	0.371178
0.84395	0.501805	0.195875
0.505005	0.0686742	0.86283
0.0733993	0.165543	0.98965
0.00346013	0.971342	0.316435
0.816628	0.235742	0.549147
0.664487	0.0309567	0.749441
0.000372512	0.917468	0.40458
0.269238	0.704573	0.66821
4.92883e-17	3.81988e-17	1.01838
2.24237e-07	1.03	0
6.13244e-17	4.77901e-28	1.0015
1.01145	0.000398686	0.0012051
0.996387	0.0840131	0.141706
0.416594	0.158112	0.904424
0.180579	0.179142	0.974871
0.486107	0.312831	0.826369
0.306707	0.951732	0.0980407
0.97982	0.0332935	0.229638
0.685066	0.196113	0.704861
0.676026	0.725546	0.190436
0.0773546	0.471153	0.884425
2.23337e-07	1.02586	0.00273307
0.273288	0.677912	0.689796
0.412365	0.685814	0.604431
0.0931287	0.0940932	0.994241
0.811117	0.516612	0.355652
0.215793	0.282462	0.941586
0.899065	0.3899	0.239508
0.925092	0.129355	0.3622
0.229402	0.972732	0.0411211
0.560954	0.752053	0.404022
4.41553e-07	1.00068	0
0.206142	0.954764	0.222882
0.798342	0.58167	0.169178
0.890939	0.306024	0.348999
0.164316	0.980413	0.111774
0.315628	0.0186095	0.953198
0.608007	0.0441131	0.81255
0.768911	0.378708	0.525994
0.97478	0.227712	0.0141413
0.335284	0.732416	0.597347
0.454189	0.862406	0.254141
0.507476	0.144255	0.862339
0.456682	0.86714	0.220642
0.253012	0.848672	0.473454
0.160912	0.210624	0.967702
0.601415	0.172895	0.787467
0.89984	0.0276347	0.443665
0.66875	0.16128	0.728332
0.564379	0.102611	0.837254
0.531147	0.546923	0.661558
0.0653762	0.318128	0.946421
0.813328	0.522605	0.340616
0.110461	0.636336	0.769262
0.732045	0.501644	0.466385
0.219084	0.24739	0.95384
0.156478	0.856605	0.493255
0.135562	0.657993	0.744093
0.406092	0.0342408	0.922672
0.152445	0.107879	0.984816
0.058876	0.141333	0.989742
0.196164	0.963409	0.213398
0.59233	0.651885	0.480175
0.972322	0.252151	0.11523
0.792344	0.385187	0.483901
0.922153	0.418211	0.133981
0.387704	0.7741	0.556664
0.92895	0.220839	0.300087
0.514275	0.566818	0.669009
0.75311	0.602474	0.273017
0.393855	0.82109	0.425074
0.617052	0.780524	0.144412
0.0258175	0.995202	0.111937
0.68912	0.0696663	0.723722
0.295842	0.0249447	0.962331
0.889171	0.305417	0.369947
0.838668	0.488838	0.265824
0.291157	0.699454	0.659476
0.430975	0.433784	0.79449
0.566587	0.606657	0.586026
0.565381	0.808594	0.182261
0.00878408	0.924986	0.39631
0.0341396	0.271451	0.963969
0.129657	0.666578	0.738786
0.501716	0.121781	0.873068
0.728176	0.629943	0.316927
0.447948	0.896108	0.0869663
0.467963	0.623041	0.628057
0.439054	0.452642	0.780851
0.347103	0.0997855	0.932859
0.833807	0.293873	0.485587
0.149315	0.112188	0.984871
0.473976	0.901449	0.00504481
0.655266	0.25621	0.712442
0.47996	0.140874	0.87104
0.0439143	0.987286	0.154547
0.745269	0.421169	0.520095
0.583997	0.063915	0.814347
0.36515	0.878696	0.328425
0.177068	0.368601	0.914784
0.774754	0.217434	0.59519
0.929217	0.0877002	0.387263
0.234277	0.75903	0.626334
0.966754	0.267377	0.0180917
0.299185	0.400036	0.874972
0.701457	0.690139	0.198057
0.755486	0.33949	0.56568
0.654198	0.0630338	0.765417
0.0490351	0.541564	0.84544
0.497474	0.288001	0.821733
0.681612	0.719026	0.149182
0.575265	0.576015	0.630301
0.624308	0.448406	0.682205
0.188037	0.88479	0.433359
0.248986	0.612261	0.751803
0.541741	0.544835	0.645959
0.838795	0.53055	0.131327
0.718309	0.003137	0.735088
0.320214	0.167899	0.933893
0.802404	0.438041	0.420409
0.141939	0.782826	0.611541
0.402731	0.916177	0.0345996
0.399098	0.768993	0.55425
0.266882	0.895197	0.380056
0.121273	0.754113	0.654907
0.0696149	0.921205	0.413513
0.883202	0.395602	0.287547
0.850928	0.490544	0.202805
0.77585	0.053469	0.633268
0.714104	0.620625	0.342903
0.779618	0.589547	0.285422
0.786319	0.559492	0.308218
0.827747	0.502819	0.263136
0.174809	0.363898	0.918882
0.334982	0.800764	0.503866
0.182652	0.843035	0.524076
0.0025694	0.796963	0.614196
0.522105	0.563798	0.666784
0.600369	0.091551	0.809488
0.820128	0.0565205	0.571404
0.708074	0.278444	0.652379
0.104659	0.476626	0.878177
0.81866	0.24695	0.533712
0.252065	0.4794	0.841525
0.342461	0.942534	0.0274203
0.633737	0.643404	0.435883
0.874843	0.237284	0.423584
0.659455	0.744657	0.165471
0.442453	0.456146	0.775885
0.423215	0.70386	0.575055
0.00839947	0.671556	0.743867
0.0311359	0.128461	0.992688
0.717698	0.430438	0.560001
0.684566	0.594072	0.450465
0.000106086	0.829343	0.56642
0.70167	0.425083	0.59164
0.687195	0.738516	0.0552377
0.381497	0.833366	0.420395
0.737857	0.618052	0.316129
0.307753	0.856776	0.417567
0.695751	0.320748	0.679129
0.259507	0.0153006	0.971367
0.354132	0.937602	0.0460406
0.36326	0.291828	0.892233
0.538148	0.549768	0.64679
0.421485	0.0766509	0.919322
0.907979	0.0788532	0.433907
0.0136018	0.901328	0.456745
0.701064	0.323197	0.6748
0.368657	0.539859	0.758484
0.788642	0.511942	0.376344
0.547926	0.262273	0.799633
0.114993	0.0653261	0.993229
0.260693	0.931228	0.282385
0.449534	0.899281	0.0628306
0.910684	0.407911	0.234951
0.715189	0.670014	0.212722
0.830841	0.53024	0.204031
0.574552	0.577889	0.583962
0.54594	0.351987	0.773695
0.686725	0.712163	0.182755
0.642077	0.720992	0.317785
0.62035	0.539145	0.579807
0.357468	0.936461	0.0471619
0.276108	0.663394	0.697763
0.943348	0.336191	0.056797
0.0969179	0.44137	0.896657
0.553506	0.356205	0.76082
0.864964	0.498636	0.0793694
0.663495	0.741462	0.165521
0.857082	0.494092	0.163274
0.766581	0.0122996	0.680453
0.759139	0.464989	0.473958
0.580515	0.277547	0.766404
4.80558e-17	3.86465e-17	1.00711
0.491067	0.763782	0.42563
0.69773	0.00375633	0.717564
0.402029	0.878219	0.282017
0.548784	0.347114	0.761719
0.9386	0.334498	0.12525
0.286933	0.705573	0.653092
0.242762	0.461074	0.860705
0.231185	0.556322	0.803006
0.636177	0.553386	0.548789
0.281214	0.798586	0.578243
6.76771e-14	2.03592e-28	1.00169
3.07025e-17	5.41594e-17	1.01673
1.00362	5.74556e-05	0.0122045
0.978098	0.215608	0
0.753261	0.575938	0.34693
0.533969	0.700172	0.482186
0.447299	0.340131	0.832463
0.124389	0.872579	0.490428
0.420954	0.261517	0.872211
0.876217	0.328303	0.367372
0.407494	0.817088	0.409364
0.0429128	0.34889	0.94821
0.944052	0.0214506	0.330754
0.410544	0.879368	0.262715
0.22214	0.633215	0.742277
0.284095	0.709935	0.647584
0.764811	0.486492	0.470662
0.871194	0.521724	0.0908418
0.184677	0.0795484	0.987006
0.464984	0.19247	0.869458
0.878329	0.457621	0.176184
0.711341	0.322045	0.628832
0.504815	0.688343	0.525203
0.30215	0.180946	0.939535
0.25455	0.950094	0.209507
0.760437	0.649245	0.159718
0.32255	0.35832	0.892024
0.449162	0.530555	0.729533
0.225184	0.937419	0.27184
0.0303702	0.246916	0.979404
0.0118308	0.678386	0.753265
0.171558	0.629086	0.760681
0.58403	0.196573	0.800836
0.0635212	0.471938	0.897077
0.210882	0.126289	0.97195
0.0212105	0.511863	0.865107
0.700308	0.434195	0.576248
0.158064	0.587208	0.801678
0.0781234	0.730079	0.685049
0.994331	0.115304	0.0509783
0.649636	0.752033	0.125564
0.746838	0.447252	0.499541
0.169226	0.620535	0.768272
0.7691	0.460157	0.4474
0.114776	0.805146	0.589945
0.675038	0.742608	0.0717041
0.392537	0.177713	0.906236
0.0734256	0.74768	0.669643
0.569869	0.209141	0.807933
0.954717	0.295036	0.0508902
0.597318	0.800182	0.108157
0.327649	0.536492	0.785552
0.863604	0.42966	0.292104
0.149522	0.978644	0.154537
0.37875	0.917481	0.143207
0.350091	0.420705	0.840021
0.88726	0.463741	0.105478
0.0897976	0.314449	0.952435
0.145273	0.0722763	0.991917
0.857408	0.388594	0.38153
0.344013	0.779353	0.560724
0.0558544	0.992153	0.198443
0.667546	0.750981	0.0438187
0.296377	0.942854	0.182613
0.61999	0.732157	0.322828
0.816787	0.140372	0.571921
0.378312	0.291976	0.886149
0.625315	0.494512	0.610627
0.990475	0.136187	0.0666208
0.93781	0.367879	0.0765113
0.495814	0.597774	0.63612
0.979422	0.200736	0.113201
0.851399	0.391833	0.356862
0.47712	0.887444	0.0255338
0.564632	0.804078	0.19165
0.116738	0.867318	0.505585
0.656699	0.406561	0.655261
0.521877	0.500119	0.69455
0.810267	0.278312	0.523777
0.642702	0.644266	0.436964
0.574455	0.587662	0.594299
0.725251	0.504535	0.480854
0.738124	0.554057	0.393964
0.435868	0.851031	0.31386
0.842942	0.388413	0.390342
0.509982	0.713316	0.490839
0.0158379	0.299786	0.959408
0.953257	0.281485	0.149645
0.259609	0.102396	0.962097
0.316432	0.861058	0.420455
0.00600335	0.351272	0.947681
0.690469	0.717883	0.232291
0.633974	0.517409	0.591781
1.00181	0.00550495	0.0305905
0.910008	0.453668	0.0337501
0.929347	0.361945	0.120664
0.232556	0.0917881	0.970342
0.0511236	0.927737	0.401011
0.484882	0.625275	0.623168
0.249493	0.95577	0.22464
0.507273	0.0115262	0.862401
0.134138	0.498191	0.859701
0.279136	0.301722	0.914539
0.369908	0.897276	0.259794
0.235114	0.761941	0.619489
0.0768767	0.998865	0.0968795
0.340608	0.108373	0.934352
0.100813	0.964728	0.276427
0.21806	0.78978	0.583307
0.192842	0.235282	0.96433
0.310457	0.24076	0.924482
0.719641	0.1668	0.677694
0.616706	0.288479	0.734621
0.947272	0.107756	0.307511
0.274617	0.888615	0.374281
0.916057	0.09923	0.391328
0.819713	0.340976	0.466441
0.985453	0.130427	0.13685
0.785818	0.306046	0.541853
0.404279	0.833164	0.393089
0.499107	0.590608	0.639029
0.469379	0.0708292	0.887772
0.44781	0.546379	0.719275
0.651534	0.506218	0.567783
0.399011	0.91613	0.08051
0.747853	0.446412	0.500594
0.96654	0.225453	0.155632
0.880388	0.154236	0.459277
0.331951	0.92114	0.219136
0.202164	0.00549243	0.989492
0.427489	0.91022	0.0797065
0.0299343	0.545887	0.843373
0.242129	0.760845	0.606982
0.838072	0.15329	0.531256
0.935076	0.381764	0.0261858
0.796012	0.604501	0.159617
0.672878	0.533225	0.517668
0.307848	0.25445	0.920115
0.926996	0.381835	0.0519515
0.600438	0.478496	0.651372
0.779332	0.617554	0.120448
0.617124	0.0280213	0.795523
0.986562	0.122974	0.136871
0.904356	0.0410634	0.429545
0.82831	0.43611	0.401713
0.177926	0.755896	0.636053
0.136152	0.748269	0.655591
0.543247	0.792738	0.301213
0.0871188	0.268924	0.967722
0.68236	0.591559	0.431947
0.540403	0.0258629	0.848008
0.419233	0.764842	0.50326
0.781	0.613871	0.159504
0.910174	0.0413275	0.416831
0.373101	0.932355	0.100058
0.704959	0.0549465	0.709848
0.435117	0.849566	0.315559
0.317072	0.789246	0.556069
0.734693	0.469911	0.522328
0.731193	0.582697	0.372989
0.801733	0.474975	0.375725
0.522175	0.228158	0.822201
0.270231	0.946284	0.216256
0.987951	0.13584	0.0891354
0.290661	0.309976	0.913138
0.353342	0.127539	0.927177
0.823716	0.493292	0.296349
0.490438	0.841754	0.236577
0.600992	0.740715	0.307665
0.515475	0.669016	0.542661
0.631586	0.0603035	0.776827
0.613117	0.724041	0.327465
0.684577	0.723229	0.232245
0.459498	0.542765	0.71445
0.818721	0.145756	0.557468
0.328638	0.821246	0.505975
0.670951	0.738111	0.116153
0.862227	0.159483	0.49083
0.556662	0.271657	0.804376
0.178774	0.982514	0.108168
0.387138	0.930697	0.0187558
0.615068	0.059962	0.791997
0.553515	0.24789	0.807207
0.7082	0.101814	0.700289
0.73038	0.716194	0.00546902
0.875689	0.253895	0.425866
0.897906	0.39233	0.242903
0.386301	0.00300653	0.924011
0.767054	0.230605	0.605403
0.644904	0.274395	0.716428
0.229332	0.720631	0.66426
0.360439	0.778334	0.534003
0.766558	0.652602	0.0373481
6.12914e-17	0	1.00097
0.873684	0.486572	8.35822e-17
1.01919	0.00101855	0.000648615
0.908916	0.397302	0.152303
0.902579	0.0688234	0.427019
0.0780221	0.210871	0.981444
0.218049	0.976556	0.107887
0.633494	0.413382	0.657507
0.644681	0.160239	0.751977
0.588997	0.279908	0.769343
0.151351	0.996587	0.0193545
0.201266	0.531263	0.830302
0.373787	0.268558	0.898368
0.383927	0.871154	0.322572
0.822511	0.560821	0.13103
0.451581	0.708491	0.608408
0.0948576	0.322491	0.942403
0.465011	0.727847	0.542039
0.469483	0.0528406	0.882579
0.527325	0.782275	0.344054
0.920305	0.337114	0.212453
0.655998	0.212682	0.72678
0.235079	0.0781278	0.971306
0.270753	0.964772	0.100328
0.120417	0.317852	0.955854
0.940743	0.0376598	0.345578
0.338271	0.734887	0.596751
0.774437	0.312631	0.555212
0.249268	0.847444	0.484873
0.879639	0.432665	0.213936
0.359855	0.933479	0.0562923
0.795937	0.29427	0.531138
0.285572	0.43987	0.872445
0.16405	0.987798	0.00289804
0.742478	0.0966377	0.664285
0.655016	0.27002	0.712687
0.062534	0.0101505	0.998439
0.805277	0.515744	0.332496
0.390486	0.229598	0.909762
0.769983	0.502447	0.397649
0.53738	0.816354	0.222595
0.531668	0.807677	0.264708
0.329292	0.954528	0.0108464
0.188706	0.606881	0.801819
0.737518	0.270158	0.62379
0.98517	0.076424	0.1585
0.940935	0.160061	0.302433
0.585983	0.103391	0.810876
0.491317	0.233488	0.858117
0.409082	0.22573	0.893558
0.305866	0.180539	0.935488
0.083273	0.648246	0.75763
0.711831	0.680377	0.180773
0.830035	0.488211	0.271779
0.0168741	0.818912	0.584685
0.583017	0.373397	0.738983
0.512904	0.751769	0.432301
0.610721	0.597808	0.534036
0.122348	0.9038	0.415544
0.0106581	0.350814	0.94062
0.509101	0.187837	0.844291
0.960168	0.137823	0.249738
0.191988	0.955598	0.233344
0.435402	0.879177	0.241314
0.10534	0.625118	0.774802
0.356396	0.927337	0.173789
0.419515	0.91139	0.0468914
0.968627	0.118152	0.23143
0.18205	0.893674	0.415537
0.445576	0.583073	0.682223
0.620237	0.385974	0.685082
0.990365	0.0706804	0.168515
0.337468	0.853949	0.404923
0.309614	0.9508	0.0852016
0.487182	0.216706	0.864789
0.758669	0.331507	0.567251
1.00171	0.0316203	0.0770757
0.920925	0.0565912	0.38936
0.341626	0.942306	0.054448
0.223887	0.518159	0.830641
0.497134	0.668288	0.559458
0.0614374	0.615085	0.795507
0.684194	0.669727	0.37441
0.858893	0.53449	0.0326445
0.849609	0.449483	0.291829
0.839914	0.541746	0.115232
0.675233	0.587329	0.467829
0.724762	0.730796	0.0223203
0.315544	0.843825	0.462066
0.413088	0.458252	0.790506
0.551732	0.836771	0.0383034
0.765297	0.109851	0.636034
0.884691	0.0238586	0.513113
0.757637	0.445477	0.519753
0.516958	0.856656	0.0383846
0.442406	0.261132	0.877195
0.666573	0.61389	0.47183
0.638084	0.590352	0.502884
0.797853	0.198311	0.576158
0.762213	0.0857875	0.646017
0.226093	0.605225	0.777436
0.616545	0.690348	0.381628
0.184669	0.984375	0.0191011
0.634865	0.64015	0.445945
0.308649	0.947836	0.0965377
0.979917	0.250196	8.45279e-17
0.074429	0.646675	0.764407
0.475275	0.0203094	0.884267
0.0973273	0.702597	0.708142
0.597167	0.480101	0.651579
0.792655	0.179059	0.601311
0.68476	0.707693	0.25961
0.961314	0.137988	0.244144
0.294711	0.89503	0.350652
0.503418	0.552917	0.668719
0.132334	0.761203	0.637521
0.727924	0.496348	0.493937
0.326036	0.127328	0.940346
0.86212	0.480151	0.190699
0.0716797	0.662009	0.775556
0.017323	0.244799	0.972837
1.01079	0.13533	0.000649012
0.125005	0.622198	0.781646
0.954112	0.0740148	0.293911
0.257506	0.864722	0.457668
0.706886	0.507884	0.513853
0.881853	0.471508	0.01533
0.937716	0.153156	0.314298
0.888252	0.436902	0.164568
0.440389	0.19297	0.879249
0.99748	0.0166968	0.0803197
0.697884	0.715679	0.0622372
0.265573	0.921973	0.307502
0.823154	0.556428	0.123275
0.300178	0.176935	0.938354
0.748427	0.400036	0.564167
0.245596	0.393938	0.887813
0.572073	0.142192	0.811268
0.971958	0.0903749	0.231511
0.35177	0.950733	0.0507918
0.139445	0.888561	0.444254
0.542718	0.720251	0.450947
0.754105	0.133054	0.661829
0.840689	0.493801	0.22685
0.593901	0.483954	0.651482
0.0228339	0.744024	0.671099
0.645964	0.718194	0.260969
0.933381	0.151662	0.328762
0.0392856	0.402691	0.917574
0.27818	0.65552	0.710934
0.344536	0.924126	0.231368
0.661865	0.390669	0.642959
0.547772	0.574925	0.612921
0.890367	0.218117	0.408282
0.0255009	0.802054	0.625865
0.557916	0.826775	0.0785829
0.371567	0.790923	0.497355
0.539705	0.196374	0.822568
0.700894	0.714076	0.0669124
0.670465	0.245596	0.703846
0.0130911	0.576608	0.820921
0.396373	0.461678	0.818002
0.142765	0.775838	0.619334
0.930299	0.328738	0.187635
0.640181	0.253591	0.734773
0.132017	0.755367	0.644905
0.953045	0.308988	0.0016231
0.292376	0.887939	0.359363
0.708762	0.509232	0.508157
0.353681	0.930584	0.126788
0.749062	0.610929	0.27474
0.207195	0.549133	0.811765
0.689779	0.72397	0.0668713
0.141772	0.77044	0.625759
0.28701	0.904716	0.3532
0.0681958	0.370602	0.928595
0.262521	0.109215	0.964486
0.481974	0.687683	0.614128
0.145187	0.861577	0.506911
0.160272	0.98987	0.0204164
0.60659	0.498528	0.640797
0.26265	0.693292	0.677703
0.918285	0.356362	0.183145
0.102745	0.744387	0.6651
0.875974	0.407149	0.284281
0.869718	0.297027	0.413638
0.813197	0.548602	0.204555
0.600917	0.522688	0.625727
0.500856	0.866446	0.00334658
0.459393	0.032786	0.896177
0.403106	0.892935	0.215774
0.85594	0.172406	0.49699
0.67793	0.304635	0.679397
4.91703e-17	4.06191e-17	1.04157
1.26571e-05	1.00048	0
6.12554e-17	5.82198e-31	1.00038
0.751034	0.234358	0.628377
0.564106	0.441933	0.714779
0.559422	0.114744	0.825264
0.0448024	0.362174	0.937635
0.011528	0.523429	0.854211
0.0503484	0.872953	0.488887
0.54515	0.688456	0.4824
0.550493	0.567415	0.615595
0.542238	0.681031	0.519823
0.222955	0.976469	0.04815
0.631867	0.33607	0.700373
0.286608	0.353203	0.89337
0.301215	0.128398	0.948627
0.88955	0.0649121	0.457647
0.534061	0.418128	0.73711
0.408104	0.310077	0.865864
0.620094	0.519255	0.593426
0.0083804	0.739001	0.674804
0.41661	0.913396	0.0663318
0.882719	0.462783	0.149188
0.0501199	0.882374	0.47154
0.778067	0.33309	0.547532
0.826346	0.274627	0.494716
0.347359	0.761567	0.558171
0.507984	0.226325	0.84352
0.728786	0.388224	0.567874
0.023663	0.644963	0.773792
0.728854	0.651331	0.21348
0.573505	0.0887833	0.816659
0.0682652	0.983108	0.179228
0.028556	0.930431	0.381743
0.362127	0.488795	0.795605
0.234598	0.368749	0.901846
0.923296	0.315989	0.228485
0.171121	0.918111	0.374005
0.679167	0.700044	0.223587
0.123075	0.935247	0.338433
0.183425	0.288313	0.941133
0.11449	0.286629	0.952711
0.321593	0.50825	0.804508
0.200448	0.399196	0.908055
0.307255	0.261653	0.917931
0.480268	0.843629	0.268862
0.666086	0.480659	0.576056
4.3567e-17	4.44296e-17	1.01623
0.0757644	0.0141079	0.997846
0.0877418	0.990333	0.116285
0.873093	0.162746	0.515299
0.538652	0.727324	0.428464
0.954008	0.0381233	0.311424
0.736378	0.0621476	0.681357
0.530208	0.669353	0.525627
0.512581	0.778649	0.39282
0.418474	0.886764	0.199064
0.93684	0.13267	0.350119
0.903105	0.418331	0.158535
0.345334	0.228836	0.912448
0.64087	0.411069	0.648794
0.246157	0.428942	0.874783
0.504729	0.503429	0.707742
0.956805	0.0758383	0.284053
0.844559	0.269011	0.472683
0.950019	0.020487	0.313443
0.711219	0.47129	0.536216
0.823443	0.574246	0.0455361
0.895288	0.41471	0.17388
0.330385	0.693744	0.642727
0.279043	0.244611	0.930382
0.489395	0.458216	0.747994
0.861805	0.50071	0.101594
0.597308	0.798237	0.152601
0.156357	0.735551	0.682659
0.990581	0.153818	0.0292064
0.493732	0.830266	0.265952
0.316771	0.74889	0.583858
0.763457	0.0306641	0.652496
0.0332391	0.288517	0.964194
0.15015	0.625832	0.770565
0.583622	0.492116	0.657953
0.623616	0.770714	0.136078
0.971338	0.215013	0.152276
0.116944	0.94324	0.330074
0.381316	0.729657	0.57282
0.726303	0.341396	0.604888
0.851153	0.190862	0.500334
0.939687	0.050636	0.344037
1.00276	0.000182841	7.90269e-05
0.0600333	0.570853	0.821759
0.080531	0.960985	0.275485
0.760616	0.590222	0.346209
0.369223	0.750955	0.55277
0.0779926	0.584311	0.811855
0.797551	0.520422	0.324043
0.741853	0.62726	0.255377
0.719437	0.057024	0.69307
0.700005	0.596212	0.415405
0.20568	0.0416213	0.979322
0.428584	0.401279	0.821501
0.105636	0.222317	0.971536
0.688785	0.700772	0.2093
0.142909	0.963435	0.245993
0.259832	0.0950045	0.962266
0.930733	0.14332	0.358612
0.657931	0.052149	0.751871
0.579556	0.78812	0.30206
0.26762	0.536261	0.801674
0.276786	0.858688	0.441089
0.76974	0.602645	0.230535
0.0185842	0.949749	0.317031
0.461043	0.71305	0.540189
0.589593	0.80177	0.290372
0.646429	0.756765	0.130864
0.243845	0.383282	0.892475
0.245397	0.937277	0.260502
0.936498	0.192823	0.304975
0.783588	0.551116	0.298655
0.855162	0.448336	0.288963
0.56863	0.578526	0.599503
0.899907	0.0656679	0.436625
0.471672	0.0730186	0.886445
0.216615	0.627278	0.763269
0.490478	0.580855	0.670028
0.51771	0.405326	0.756228
0.83055	0.272582	0.499087
0.811689	0.296785	0.51064
0.391566	0.83465	0.404981
0.906727	0.00310131	0.450066
0.452867	0.81362	0.366147
0.52951	0.62836	0.579803
0.412911	0.176767	0.90767
0.358123	0.819336	0.454129
0.336483	0.925306	0.200039
0.403188	0.891285	0.226441
0.649322	0.66239	0.379081
0.984036	0.169964	0.165544
0.109329	0.910783	0.420342
0.350668	0.380903	0.862141
0.466621	0.414055	0.782191
0.837156	0.187724	0.523711
0.925729	0.160382	0.359423
0.720454	0.341097	0.607084
0.389195	0.3028	0.881561
0.793803	0.572039	0.237533
0.702263	0.223826	0.688385
0.918202	0.409098	0.0200371
0.371711	0.440407	0.828744
0.596659	0.69979	0.44961
0.98092	0.17279	0.101525
0.270951	0.533887	0.802414
0.0228438	0.97431	0.246145
0.644352	0.0997509	0.766808
0.445799	0.207718	0.879243
0.397874	0.920078	0.0347689
0.281741	0.946193	0.185349
0.0961509	0.57488	0.813121
0.177492	0.294077	0.946019
0.624753	0.74583	0.236192
0.909614	0.424136	0.0847146
0.312243	0.706572	0.636966
0.291007	0.54881	0.787213
0.993462	0.145226	0.0256579
0.254663	0.510297	0.836353
0.132652	0.249114	0.960581
0.468267	0.726194	0.507146
0.289751	0.252786	0.924514
0.981913	0.106345	0.182306
0.383613	0.817423	0.452306
0.0141621	0.966979	0.270391
0.202234	0.951368	0.28006
0.237437	0.373211	0.899197
0.711621	0.467025	0.534024
0.472471	0.562428	0.698083
0.46904	0.722185	0.530076
0.295193	0.850088	0.439958
0.160381	0.969984	0.189739
0.128954	0.436122	0.893229
0.339831	0.13116	0.931782
0.761249	0.637456	0.138391
0.996472	0.108443	0.0292036
0.964694	0.166623	0.214349
0.756519	0.0819977	0.658826
0.45502	0.853648	0.266453
0.134404	0.248175	0.960585
0.438919	0.801163	0.412425
0.907334	0.426664	0.013529
0.477001	0.395712	0.785417
0.743516	0.664972	0.0767207
0.0302313	0.554707	0.833453
0.868475	0.478544	0.166898
0.610201	0.79188	0.190256
3.23382e-17	5.36486e-17	1.02301
0.710458	0.718764	0
6.12716e-17	2.78751e-27	1.00064
0.11889	0.10164	0.989392
0.850621	0.277979	0.447568
0.485738	0.765856	0.427101
0.0101237	0.760547	0.65854
0.282772	0.178132	0.94865
0.401192	0.535059	0.74669
0.0727473	0.206738	0.981692
0.741377	0.364531	0.586327
0.729946	0.113849	0.677036
0.616143	0.785075	0.140427
0.299209	0.708745	0.646944
0.0296172	0.793283	0.61393
0.69835	0.6346	0.350582
0.334848	0.540986	0.780775
0.307053	0.73572	0.628315
0.693043	0.639397	0.335517
0.908623	0.299137	0.30068
0.312913	0.711001	0.642343
0.610891	0.0582393	0.802951
0.507129	0.490594	0.711694
0.419494	0.817269	0.403051
0.103219	0.235676	0.974759
0.721296	0.698384	0.0565625
0.0465307	0.953141	0.323207
0.294112	0.935234	0.253506
0.125948	0.262806	0.960918
0.438163	0.00638515	0.903466
0.141771	0.773439	0.630984
0.593375	0.571003	0.574314
0.391756	0.429234	0.816932
0.239273	0.865265	0.443892
0.154638	0.815732	0.55821
0.862902	0.479218	0.200144
0.364886	0.880096	0.310926
0.341618	0.608976	0.725718
0.756185	0.597833	0.271609
0.289554	0.0728794	0.956493
0.28022	0.309171	0.911874
0.0371279	0.994454	0.106283
0.474943	0.22401	0.873313
0.537617	0.144134	0.838568
0.0952745	0.999511	0.0289387
0.951214	0.264836	0.164054
0.657398	0.664707	0.380085
0.531301	0.0245876	0.850813
0.702519	0.443799	0.568784
0.554835	0.474334	0.685931
0.983119	0.086665	0.19416
0.255274	0.617789	0.770234
0.480271	0.437654	0.762295
0.601514	0.15422	0.789625
0.31607	0.314648	0.897978
0.647171	0.500328	0.583195
0.290471	0.923655	0.258578
0.403669	0.318641	0.879844
0.014911	0.962114	0.287227
0.520494	0.515414	0.70157
0.248257	0.843677	0.487703
0.339062	0.168923	0.926323
0.759559	0.605674	0.258957
0.605278	0.552476	0.582099
0.797757	0.324176	0.514253
0.571377	0.346786	0.753732
0.515292	0.846633	0.207025
0.641548	0.260699	0.737485
0.158084	0.83391	0.531761
0.371131	0.919147	0.146924
0.13656	0.613299	0.799752
0.988071	0.00225068	0.177378
0.544278	0.44061	0.719094
0.353823	0.88516	0.314542
0.308609	0.739448	0.617512
0.585705	0.0558382	0.8097
0.882656	0.433177	0.218546
0.0249873	0.748908	0.667073
0.637941	0.575957	0.523763
0.162989	0.867091	0.473806
0.894729	0.0419926	0.46256
0.415874	0.118495	0.909062
0.464464	0.022208	0.891882
0.687518	0.624757	0.372199
0.86272	0.359368	0.362983
0.90295	0.374401	0.22306
0.192185	0.985817	0.0716438
1.00277	0.0146128	0.0723028
0.52186	0.857886	0.0502034
0.530469	0.494752	0.694114
0.830828	0.0385539	0.565237
0.562552	0.824976	0.0919147
0.149791	0.136363	0.980603
0.956814	0.212164	0.227896
0.226624	0.0945658	0.973009
0.184066	0.585304	0.801625
0.888009	0.290197	0.360969
0.734447	0.580648	0.371346
0.681765	0.619529	0.395553
0.471535	0.470568	0.756702
0.273559	0.00767869	0.96504
0.05529	0.462805	0.901248
0.860552	0.0299102	0.518047
0.891186	0.246083	0.419184
0.806931	0.402019	0.437165
0.383868	0.872225	0.316343
0.177225	0.973361	0.170895
0.842186	0.424899	0.34024
0.457356	0.891034	0.0770208
0.448337	0.45559	0.773156
0.813856	0.589099	0.0075398
0.880721	0.131727	0.467528
0.430033	0.475635	0.776857
0.831701	0.56633	0.129969
0.804222	0.335	0.497036
0.449155	0.12478	0.885682
0.204995	0.0814333	0.977393
0.749657	0.377163	0.55013
0.428322	0.893746	0.141286
0.942548	0.272621	0.20307
0.468034	0.0176639	0.889867
0.145683	0.727301	0.672338
0.226692	0.821314	0.544453
0.358207	0.802842	0.483863
0.625387	0.579353	0.533615
0.0389152	0.913543	0.410045
0.218243	0.415135	0.902101
0.198141	0.525988	0.82954
0.210992	0.94758	0.273933
0.714274	0.706565	0.000904506
0.76237	0.651757	0.101678
0.323327	0.943093	0.12377
0.047783	0.800338	0.60305
0.523386	0.506029	0.69663
0.04196	0.51904	0.865161
0.599067	0.675532	0.45574
0.0613848	0.513707	0.857054
0.883615	0.405733	0.236386
0.368389	0.901287	0.251571
0.249823	0.410685	0.922008
0.619805	0.252151	0.747103
0.700421	0.656503	0.292917
0.409634	0.914697	0.0437102
0.867956	0.321064	0.39331
0.408182	0.32894	0.869504
0.177067	0.966001	0.246941
0.583078	0.561094	0.594276
0.172317	0.908992	0.384453
0.618475	0.546498	0.611661
0.0540378	0.257181	0.968043
0.939407	0.350292	0.0822303
0.416124	0.553593	0.73898
0.985306	0.147359	0.127752
0.668113	0.750457	0.112154
0.775506	0.612155	0.219704
0.582895	0.564456	0.609482
0.817158	0.414679	0.416674
0.963818	0.241261	0.151521
0.331074	0.906501	0.277285
0.139985	0.292096	0.951873
0.0782865	0.887001	0.469081
0.288675	0.228048	0.931112
0.453282	0.230385	0.865634
0.632688	0.593064	0.519538
0.663398	0.567145	0.495017
0.331191	0.162845	0.939057
0.756175	0.602975	0.28016
0.994497	0.100372	0.0639043
0.943105	0.347623	0.0840785
0.906668	0.448986	0.0311518
0.143539	0.338607	0.935784
0.346361	0.829906	0.449766
0.0869249	0.989933	0.154693
0.970575	0.0884778	0.246195
0.550982	0.0259187	0.840273
0.366718	0.203002	0.918088
0.491562	0.876271	0.0670777
0.927536	0.38203	0.0822744
0.69283	0.611725	0.388981
0.870514	0.0780986	0.497363
0.167791	0.989376	0.0343189
0.501927	0.498657	0.713641
0.678559	0.628612	0.383647
0.558733	0.256047	0.795151
0.374301	0.186864	0.916329
0.262542	0.255631	0.931489
0.912758	0.260072	0.341432
0.32647	0.809338	0.49124
4.26824e-17	4.51459e-17	1.01463
0.684617	0.73065	0.111764
0.794884	0.39084	0.5058
0.630243	0.773186	0.165735
0.526483	0.472935	0.720459
0.082514	0.197709	0.979916
0.770298	0.378751	0.537314
2.85277e-16	1.6542e-30	1.00706
1.00538	0.000145351	0
0.454067	0.0145526	0.893704
0.0518007	0.926219	0.379639
0.682019	0.0650562	0.730944
0.925206	0.15006	0.365442
0.234764	0.559427	0.796347
0.298136	0.924176	0.253326
0.44188	0.877657	0.203278
0.323838	0.936137	0.153992
0.121203	0.838619	0.560648
0.861829	0.490389	0.16354
0.780758	0.597574	0.206313
0.0539538	0.505462	0.86714
0.429787	0.578638	0.706267
0.0899989	0.639221	0.780644
0.33376	0.725491	0.604189
0.220404	0.2686	0.942077
0.951434	0.218201	0.223404
0.892509	0.121913	0.443909
0.664838	0.553073	0.505499
0.774162	0.260853	0.579831
0.0236693	0.481027	0.878584
0.67671	0.735552	0.126651
0.176014	0.671049	0.724437
0.900771	0.315562	0.337658
0.524808	0.627357	0.590882
0.482949	0.359189	0.815824
0.369893	0.618554	0.70284
0.380281	0.883596	0.348632
0.917766	0.346768	0.205871
0.0453155	0.845867	0.535077
0.0117796	0.871222	0.492418
0.38817	0.418549	0.839964
0.670131	0.705955	0.234968
0.0554941	0.854817	0.524635
0.762537	0.646353	0.0699561
0.905733	0.399501	0.157357
0.737397	0.526812	0.433986
0.422632	0.825783	0.387555
0.793564	0.529523	0.306971
0.253015	0.904599	0.356455
0.157604	0.211896	0.96972
0.513262	0.860493	0.0415281
0.489654	0.65833	0.576524
0.576106	0.775632	0.269286
0.354923	0.0799631	0.936386
0.0346025	0.796018	0.62682
0.361081	0.441025	0.826239
0.0281876	0.991773	0.139924
0.995017	0.128277	0.0103224
0.603313	0.654237	0.487507
0.692986	0.300431	0.659468
0.96022	0.286862	0.0245935
0.0610685	0.890674	0.454085
0.247217	0.453145	0.85789
0.880464	0.477995	0.114072
0.846513	0.37338	0.392226
0.807803	0.369336	0.476896
0.257287	0.0230164	0.973623
0.631027	0.771549	0.0937821
0.829014	0.177474	0.53553
0.697983	0.192905	0.692297
0.347642	0.112175	0.93493
0.64733	0.466331	0.61917
0.57256	0.820716	0.0542682
0.369476	0.294319	0.883585
0.490671	0.587475	0.653817
0.752078	0.179967	0.64803
0.143373	0.0525171	0.991176
0.727875	0.450496	0.537261
0.53414	0.846474	0.0460811
0.313821	0.235215	0.923582
0.788567	0.60448	0.193939
0.644784	0.0317305	0.767557
0.723789	0.290483	0.666631
0.073891	0.72373	0.689126
0.820385	0.547768	0.184741
0.868839	0.281822	0.423264
0.872248	0.18673	0.458229
0.399764	0.894963	0.259276
0.982184	0.158794	0.109368
0.5455	0.0102335	0.848736
0.71443	0.524286	0.472198
0.497584	0.713243	0.517216
0.804497	0.457767	0.39877
0.929582	0.391189	0.0807877
0.000160065	0.416362	0.951422
0.815243	0.427121	0.417255
0.203685	0.803209	0.56267
0.189938	0.906382	0.402281
0.75824	0.445759	0.481815
0.615699	0.782904	0.1849
0.53406	0.381055	0.760958
0.785477	0.102478	0.614765
0.180209	0.828086	0.542513
0.590674	0.334671	0.740884
0.764525	0.182945	0.634952
0.252111	0.63528	0.735246
0.0251969	0.221858	0.98149
0.355488	0.434194	0.833522
0.288225	0.973361	0.10454
0.657121	0.106676	0.763067
0.553666	0.681579	0.482694
0.267187	0.321896	0.909656
0.573001	0.606138	0.566643
0.705805	0.470082	0.53567
0.508558	0.0868016	0.857422
0.654487	0.69416	0.312748
0.428527	0.514265	0.756181
0.146506	0.12423	0.983485
0.559308	0.688525	0.465112
0.600215	0.355298	0.718407
0.547427	0.571151	0.630814
0.136596	0.691622	0.71352
0.0631126	0.946607	0.32264
0.395298	0.918487	0.120348
0.553055	0.675503	0.497323
0.000847152	0.414407	0.946959
0.925051	0.257043	0.298393
0.853719	0.509169	0.148295
0.934965	0.265161	0.242601
0.434416	0.507821	0.755954
0.54007	0.09218	0.85232
0.0369367	0.99919	0.0547168
0.462841	0.305122	0.843585
0.33821	0.249164	0.911931
0.383948	0.901005	0.217631
0.740162	0.023318	0.684154
0.542282	0.758057	0.409688
0.970859	0.245771	0.00592477
0.116623	0.628116	0.778767
0.259403	0.338337	0.912267
0.598168	0.801895	0.131236
0.467968	0.196932	0.866364
0.701829	0.412021	0.587303
0.883914	0.226002	0.436599
0.50264	0.676723	0.547715
0.309448	0.719012	0.658968
0.334471	0.146589	0.934654
0.84165	0.384811	0.410468
0.170148	0.648677	0.771262
0.226484	0.830671	0.515456
0.549157	0.738331	0.404464
0.208411	0.810485	0.551642
0.746186	0.0266632	0.669278
0.195936	0.973244	0.177222
0.458153	0.745989	0.523125
0.379883	0.409347	0.851923
0.371893	0.900888	0.245075
0.904475	0.364461	0.240687
0.529697	0.394405	0.76599
0.551357	0.698775	0.466701
0.408272	0.9157	0.0876927
0.242296	0.966089	0.118748
0.502959	0.5339	0.680975
0.993725	0.132896	0.0980741
0.0120219	0.750327	0.672649
0.698735	0.432603	0.593061
0.938243	0.215176	0.277006
0.239948	0.722543	0.650326
0.885004	0.459095	0.148738
0.957586	0.232499	0.173663
1.0008	0.105745	0.0376571
0.759716	0.179725	0.639203
0.848014	0.543342	0.0439761
0.104914	0.982875	0.169445
0.108158	0.954586	0.298578
0.0125582	0.948823	0.318805
0.034724	0.798813	0.611723
0.406543	0.910139	0.210867
0.565896	0.388375	0.734219
0.539211	0.28937	0.800783
0.799394	0.605106	0.113059
0.634999	0.710862	0.310228
0.131748	0.300532	0.951404
0.413921	0.34826	0.844717
0.785932	0.520689	0.336161
0.412024	0.0424954	0.911983
0.671355	0.0894593	0.739568
0.320654	0.240337	0.918094
0.584794	0.743558	0.330234
0.317661	0.908721	0.300647
0.609889	0.726554	0.330499
0.0473861	0.96302	0.284132
0.105434	0.884367	0.464034
0.170027	0.648217	0.775293
0.945527	0.162037	0.29265
0.114014	0.695804	0.713623
0.844903	0.19293	0.514689
6.76771e-14	2.03592e-28	1.00169
0.952571	0.304358	7.08482e-17
1.00962	0.0555971	0.00717561
0.330815	0.890013	0.328425
0.878066	0.167305	0.449237
0.648863	0.0485568	0.762989
0.430467	0.809156	0.410821
0.321372	0.475459	0.825557
0.750409	0.605213	0.270213
0.0629576	0.93611	0.352728
0.461852	0.354372	0.818157
0.342518	0.863803	0.379073
0.57879	0.470642	0.684522
0.603622	0.739922	0.320038
0.70643	0.173815	0.701996
0.833348	0.239582	0.521327
0.692414	0.119228	0.727269
0.933379	0.098144	0.370456
0.0142024	0.378088	0.934245
0.998265	0.13382	0.0219144
0.825133	0.0342209	0.5855
0.602861	0.537664	0.601503
0.128831	0.992473	0.0471686
0.18415	0.771446	0.619016
0.773408	0.620572	0.147407
0.943108	0.146174	0.305253
0.722436	0.657434	0.223856
0.16024	0.202175	0.971237
0.248207	0.688123	0.689216
0.437531	0.822434	0.385236
0.975842	0.12188	0.195093
0.509207	0.0791384	0.861929
0.082362	0.756687	0.655288
0.549462	0.429939	0.737372
0.728949	0.51527	0.47422
0.889373	0.0405845	0.467639
0.169456	0.977055	0.141032
0.292904	0.879291	0.381013
0.217751	0.880941	0.426523
0.312305	0.231434	0.922907
0.942351	0.312831	0.183091
0.632063	0.198401	0.754193
0.905537	0.207089	0.395841
0.485673	0.397388	0.781468
0.587555	0.487139	0.657077
0.150051	0.737298	0.676495
0.170101	0.922714	0.352742
0.684356	0.457746	0.591744
0.57459	0.0993334	0.814632
0.186594	0.142737	0.979804
0.230045	0.71354	0.674063
0.599582	0.781006	0.199768
0.0890394	0.595533	0.809878
0.751228	0.226073	0.62923
0.364104	0.931304	0.0356983
0.468068	0.377687	0.808925
0.0671043	0.282529	0.959043
0.593971	0.773698	0.242044
0.734594	0.552051	0.40564
0.88476	0.040374	0.497475
0.816988	0.0907369	0.58175
0.239168	0.681849	0.696495
0.029109	0.949991	0.389545
0.540593	0.443789	0.716319
0.137555	0.989768	0.102621
0.755276	0.609139	0.258487
0.376541	0.929183	0.0272015
0.587592	0.745657	0.363751
0.808782	0.582583	0.121831
0.134998	0.26975	0.956118
0.956349	0.146012	0.334625
0.680653	0.213653	0.709877
0.777863	0.527323	0.358676
0.42634	0.909252	0.0733983
0.288214	0.801745	0.548887
0.766212	0.0276862	0.648562
0.477232	0.358637	0.806886
0.158549	0.987192	0.166653
0.371253	0.798433	0.541806
0.00649731	0.247087	0.986325
0.919193	0.276619	0.295585
0.40866	0.713801	0.582252
0.961242	0.2671	0.112861
0.285456	0.856933	0.429994
0.384843	0.867214	0.329805
0.983589	0.187411	0.0498705
0.734465	0.643975	0.232449
0.0440298	0.0879796	0.996481
0.0328205	0.662425	0.749469
0.828536	0.57662	0.056489
0.497179	0.871623	0.0079452
0.438864	0.89784	0.132229
0.0334906	0.699519	0.740163
0.946643	0.370761	0.0403046
0.965781	0.257615	0.0574369
0.299936	0.234691	0.929379
0.557993	0.0185857	0.842075
0.404597	0.903384	0.164304
0.179746	0.666099	0.7326
0.178178	0.156225	0.975836
0.0523614	0.418187	0.909879
0.0405286	0.639541	0.770506
0.75722	0.561455	0.359786
0.626898	0.551777	0.551727
0.532676	0.629823	0.573363
0.440525	0.13478	0.89012
0.35509	0.735329	0.579499
0.653388	0.237147	0.722048
0.076544	0.0696574	0.99557
0.924102	0.415843	0.00817774
0.532854	0.33264	0.802044
0.62037	0.180157	0.789571
0.0937808	0.421741	0.904767
0.991917	0.144095	0.119894
0.398799	0.262748	0.88025
0.216172	0.0549661	0.977659
0.540288	0.337281	0.785141
0.349101	0.93921	0.00311014
0.61678	0.792818	7.11647e-17
0.205848	0.827685	0.535306
0.981966	0.191781	0.0622776
0.416905	0.234618	0.881751
0.659064	0.566859	0.514162
0.796152	0.610745	0.0832441
0.397862	0.366546	0.850994
0.877056	0.107998	0.494515
0.458419	0.0884792	0.886917
0.745739	0.0718159	0.664494
0.175223	0.700605	0.696556
0.78816	0.591303	0.182374
0.847139	0.0805686	0.535476
0.715124	0.0238194	0.712216
0.603749	0.614445	0.509501
0.843264	0.113042	0.532805
0.643204	0.76906	0.0921155
0.235294	0.978083	0.0474131
0.676598	0.250478	0.699492
0.981551	0.1917	0.0713009
0.450417	0.892294	0.12739
0.62377	0.459317	0.635943
0.389444	0.437057	0.812626
0.0159092	0.858736	0.52944
0.909234	0.00385572	0.420778
0.914349	0.291775	0.295541
0.740991	0.634952	0.230045
0.959316	0.202895	0.212854
0.961723	0.126743	0.245832
0.257225	0.966373	0.0715783
0.897934	0.216587	0.38964
0.560554	0.420545	0.717701
0.264481	0.955525	0.16259
0.101464	0.864297	0.514709
0.673611	0.513929	0.564254
0.142133	0.961725	0.251726
0.610549	0.196135	0.783083
0.277353	0.839594	0.469707
0.00730253	0.968461	0.256011
0.854836	0.183446	0.488973
0.422009	0.304987	0.866907
0.871249	0.151376	0.469751
0.305519	0.788126	0.544568
0.862243	0.149062	0.486949
0.503932	0.142856	0.857951
0.0119446	0.40473	0.919313
0.223452	0.936094	0.282417
0.00123423	0.851802	0.539688
0.7823	0.561647	0.278633
0.378319	0.924136	0.0821228
0.844439	0.543404	0.0321077
0.670441	0.53256	0.54301
0.396816	0.260699	0.899469
0.916117	0.358805	0.195182
0.391384	0.845541	0.369739
0.703148	0.464685	0.546264
0.524315	0.406274	0.749538
0.159415	0.96519	0.222345
0.793855	0.572244	0.242839
0.805549	0.119109	0.620578
0.419246	0.908068	0.0794259
0.527763	0.835154	0.16348
0.12631	0.114946	0.989938
0.481936	0.506526	0.716057
0.851003	0.501845	0.209941
0.301768	0.104863	0.949017
0.543132	0.00685641	0.843194
0.737471	0.650619	0.205572
0.554114	0.5105	0.662479
0.193518	0.73166	0.659983
0.104349	0.32729	0.942423
0.799994	0.169198	0.58029
0.514362	0.843474	0.16348
0.955541	0.296225	7.0876e-17
0.967655	0.128777	0.24328
0.206735	0.52151	0.833504
1.00276	0.000182841	7.90269e-05
6.12833e-17	6.94681e-32	1.00083
6.0958e-17	1.54598e-17	1.02704
2.55649e-05	1.0003	0
0.40186	0.118799	0.916303
0.936505	0.289927	0.202505
0.714003	0.657634	0.24329
0.385687	0.356864	0.852035
0.731265	0.584469	0.377806
0.976419	0.0776016	0.219321
0.312971	0.872196	0.433395
0.901219	0.182013	0.39902
0.485499	0.110117	0.877792
0.443038	0.747562	0.498862
0.0380756	0.806264	0.611051
0.586856	0.617853	0.526698
0.0953398	0.853634	0.51593
0.0366013	0.775046	0.650968
0.00377087	0.947201	0.32577
0.266366	0.165698	0.958483
0.05811	0.455199	0.903856
0.206538	0.522876	0.828782
0.106833	0.174845	0.981571
0.550957	0.833186	0.171412
0.569019	0.788421	0.272949
0.544073	0.269284	0.798063
0.79183	0.252653	0.557515
0.530124	0.844493	0.105068
0.179874	0.409811	0.924458
0.930914	0.307296	0.227716
0.181392	0.983921	0.0480341
0.57354	0.29805	0.772327
0.982573	0.214324	0.126899
0.765962	0.635807	0.157558
0.363288	0.361448	0.861911
0.411448	0.906518	0.0962936
0.356279	0.901872	0.24998
0.672823	0.0712525	0.746614
0.641172	0.144389	0.758125
0.822495	0.505288	0.264162
0.769661	0.0611693	0.637012
0.565255	0.819803	0.136283
0.480603	0.508033	0.718291
0.161524	0.887403	0.44773
0.219087	0.53981	0.822632
0.468404	0.512625	0.727
0.9594	0.0413727	0.311587
4.46136e-17	4.2644e-17	1.0079
0.496656	0.830885	0.255778
0.0292259	0.718463	0.69658
0.633687	0.143025	0.787154
0.350658	0.00775845	0.942239
0.167073	0.960506	0.233768
0.673991	0.128202	0.731538
0.0137369	0.192302	0.993064
0.858161	0.395485	0.333337
0.0774058	0.995789	0.0695007
0.453052	0.764459	0.473054
0.784389	0.20002	0.599961
0.644674	0.365864	0.673587
0.85424	0.320314	0.413255
0.449095	0.715413	0.543389
0.834765	0.245897	0.503216
0.601201	0.553738	0.577184
0.318454	0.596901	0.740498
0.995868	0.0933621	0.0619085
0.77799	0.46664	0.428658
0.370585	0.606508	0.705335
0.0635234	0.497604	0.881428
0.73928	0.565079	0.375535
0.177878	0.50268	0.849657
0.60931	0.0325193	0.796085
0.954434	0.276909	0.143818
0.697989	0.132767	0.710654
0.666451	0.70449	0.254112
0.554526	0.527564	0.661349
0.423779	0.158904	0.894235
0.0194372	0.477826	0.948269
0.598866	0.402269	0.722025
0.515909	0.191083	0.838923
0.371907	0.867625	0.3455
0.687662	0.106406	0.725197
0.630308	0.680872	0.394435
0.399387	0.672876	0.633773
0.817439	0.47554	0.337304
0.294705	0.145862	0.951562
0.636299	0.329512	0.707709
0.393178	0.90413	0.179885
0.214699	0.726877	0.654896
0.192684	0.926089	0.33103
0.234306	0.0751115	0.973511
0.949033	0.333248	0.0817694
0.551259	0.642643	0.535547
0.0557386	0.786068	0.6185
0.562533	0.495729	0.66878
0.137509	0.896076	0.424053
0.551945	0.813649	0.188861
0.838313	0.245169	0.49596
0.17795	0.969591	0.17986
0.581318	0.799295	0.169603
0.340456	0.885079	0.350947
0.278817	0.433846	0.860298
0.673759	0.623409	0.419456
0.626464	0.604408	0.503371
0.314094	0.825969	0.490958
0.117783	0.887029	0.455939
0.375961	0.869066	0.322138
0.999873	0.0493263	0.198545
0.810148	0.238646	0.568288
0.502825	0.857303	0.118047
0.222208	0.963204	0.21217
0.239391	0.692808	0.691934
0.153771	0.987042	0.0641465
0.286669	0.456666	0.845444
0.330106	0.935761	0.145716
0.91913	0.189039	0.346858
0.949279	0.205465	0.286923
0.379054	0.220345	0.902011
0.223309	0.227004	0.949195
0.593125	0.219683	0.779072
0.433202	0.84859	0.309114
0.272188	0.777554	0.572076
0.461785	0.100132	0.884873
0.756257	0.385675	0.549047
0.655658	0.639371	0.403591
0.193654	0.547262	0.818051
0.874022	0.479811	0.105064
0.0825814	0.445022	0.89642
0.222458	0.978262	0.0107696
0.885216	0.0863537	0.461891
0.622912	0.375842	0.688989
0.910846	0.316126	0.271881
0.358881	0.268174	0.897121
0.0736317	0.956064	0.293715
0.190189	0.750738	0.635181
0.591246	0.551103	0.590705
0.145937	0.767583	0.627238
0.599835	0.3685	0.73893
0.799822	0.257817	0.544124
0.843801	0.464095	0.298751
0.168184	0.966893	0.199208
0.302298	0.842451	0.482234
0.606891	0.169934	0.804119
0.248911	0.387728	0.889208
0.0811663	0.489421	0.871701
0.349804	0.348032	0.875003
0.767061	0.568416	0.309077
0.255248	0.123212	0.965113
0.0130922	0.755007	0.660038
0.532668	0.848545	0.0764915
0.153877	0.530496	0.837695
0.660081	0.708583	0.255674
0.957921	0.235095	0.189467
0.500572	0.486517	0.716965
0.419159	0.725754	0.564131
0.0691518	0.934416	0.353689
0.786651	0.423036	0.463847
0.748959	0.334408	0.594299
0.671423	0.321152	0.680032
0.161602	0.793657	0.596354
0.779517	0.630473	0.0417432
0.394974	0.921439	0.0175736
0.194287	0.0649051	0.981294
0.949684	0.304441	0.112616
0.0767984	0.577116	0.813445
0.68289	0.733068	0.0324994
0.0316754	0.340198	0.944176
0.92255	0.0390917	0.389567
0.79318	0.461077	0.405533
0.865376	0.341152	0.384012
0.196815	0.979288	0.089839
0.181892	0.986636	0.022725
0.148585	0.762686	0.630328
0.126819	0.770568	0.626918
0.348677	0.938316	0.0289347
0.89311	0.280796	0.353101
0.149177	0.922723	0.361152
0.845119	0.531187	0.117257
0.906331	0.0203003	0.424049
0.292571	0.800107	0.551617
0.98896	0.155928	0.00701923
0.327998	0.0130871	0.949923
0.163908	0.414912	0.899882
0.227998	0.588595	0.805366
0.3071	0.784581	0.562085
0.459902	0.436948	0.783997
0.583921	0.80944	0.0811382
0.802878	0.236504	0.579863
0.876858	0.0853052	0.477786
0.121885	0.207811	0.971979
0.262939	0.701384	0.68067
0.01273	0.734116	0.681007
0.346833	0.881146	0.322154
0.12945	0.919162	0.402262
0.9623	0.292305	0.000727053
0.0885752	0.736626	0.67382
0.617782	0.696997	0.367668
0.703967	0.133904	0.708576
0.624887	0.520248	0.594246
2.85277e-16	1.6542e-30	1.00706
1.48665e-17	6.07761e-17	1.02181
1.34499e-26	6.12455e-17	1.00021
0.426083	0.744109	0.527269
0.739241	0.688621	0.0493955
0.0978131	0.192584	0.983476
0.747224	0.135394	0.657328
0.882073	0.472462	0.0650517
0.916114	0.303072	0.269656
0.925474	0.0900891	0.369379
0.0718178	0.518892	0.871725
0.693557	0.507949	0.518203
0.892281	0.449536	0.107044
0.955909	0.0690327	0.302652
0.810638	0.0276197	0.599683
0.308143	0.701301	0.648634
0.946987	0.273747	0.257315
0.873913	0.488972	0.0374544
0.554273	0.00996106	0.844623
0.588227	0.815003	0.0247404
0.819505	0.603488	0.0940709
0.135863	0.940152	0.32129
0.193879	0.526362	0.831777
0.708129	0.386009	0.595751
0.345206	0.250429	0.915596
0.225831	0.235338	0.946754
0.696236	0.286538	0.668327
0.0819937	0.558266	0.855265
0.233786	0.950874	0.273097
0.0356193	0.266767	0.963872
0.962263	0.260788	0.0867058
0.904028	0.363964	0.230021
0.987006	0.228508	0.000928737
0.238934	0.207093	0.949995
0.51059	0.73737	0.446526
0.21223	0.863198	0.492516
0.0273003	0.39593	0.922101
0.731933	0.360345	0.605869
0.662009	0.0644424	0.759275
0.116953	0.8106	0.583096
0.403883	0.829598	0.387286
0.862643	0.481103	0.163297
0.990315	0.126273	0.0715344
0.703168	0.655404	0.311505
0.58142	0.713005	0.396521
0.298795	0.167077	0.94063
0.105675	0.78286	0.617279
0.794429	0.0374506	0.626514
0.853391	0.48776	0.245241
0.822217	0.572189	0.141148
0.434121	0.752153	0.514108
0.67397	0.344676	0.671965
0.279262	0.963343	0.130483
0.386209	0.00328686	0.944422
0.758368	0.676406	0.067388
0.271694	0.946561	0.209568
0.213455	0.868181	0.483968
0.546868	0.666673	0.535701
0.558387	0.806395	0.201415
0.752581	0.681633	0.0673343
0.078966	0.130729	0.990883
0.242526	0.920499	0.339273
0.392134	0.4382	0.82355
0.449346	0.502133	0.746809
0.355722	0.243813	0.907448
0.976732	0.0180468	0.25519
0.31644	0.705493	0.647702
0.743673	0.0988307	0.6869
0.161185	0.906893	0.393537
0.719323	0.411171	0.563643
0.36311	0.569152	0.74874
0.0949501	0.636447	0.767733
0.445734	0.773342	0.456667
0.783379	0.594575	0.216612
0.170392	0.54249	0.826286
0.869793	0.213296	0.451447
0.210415	0.836473	0.507634
0.788044	0.616155	0.130135
0.68374	0.645246	0.353419
0.228537	0.121653	0.967971
0.335864	0.299711	0.898173
0.0055097	0.882553	0.477761
0.935487	0.372964	0.03293
0.185697	0.451757	0.878385
0.468828	0.887204	0.0837456
0.83011	0.402257	0.415938
0.765633	0.600768	0.240862
0.504001	0.848724	0.286308
0.695658	0.379211	0.613082
0.39915	0.182943	0.914378
0.358438	0.17511	0.920318
0.816718	0.336759	0.475291
0.927194	0.418193	0.124831
0.483152	0.694785	0.540239
0.778344	0.584196	0.24086
0.0198371	0.969719	0.245366
0.174921	0.414507	0.894226
0.541498	0.737397	0.409105
0.972189	0.311417	0.000284617
0.934461	0.348155	0.165101
0.0110225	0.317263	0.957555
0.257484	0.961278	0.153321
0.218696	0.984645	0.0759432
0.158082	0.0586909	0.995817
0.612476	0.310311	0.730909
0.575729	0.705957	0.466057
0.464229	0.696425	0.574091
0.950692	0.161655	0.288546
0.145107	0.93334	0.333979
0.952824	0.275434	0.222589
0.123353	0.171297	0.980088
0.718911	0.0459632	0.702147
0.459262	0.729671	0.511807
0.621805	0.0482934	0.7844
0.584403	0.792841	0.219933
0.26285	0.146978	0.95442
0.438781	0.900886	0.0205647
0.255511	0.544416	0.801435
0.495686	0.553917	0.681724
0.201701	0.249234	0.963319
0.155683	0.111348	0.985065
0.684054	0.64848	0.349004
0.374284	0.332477	0.883186
0.41623	0.847587	0.333407
0.52989	0.649519	0.578693
0.505645	0.851492	0.272012
0.354015	0.256819	0.909355
0.286289	0.870513	0.424744
0.435213	0.846496	0.328951
0.997112	0.00820896	0.136562
0.561707	0.272193	0.79392
0.184087	0.0333559	0.987137
0.845678	0.291707	0.451305
0.378018	0.75743	0.552033
0.522775	0.767946	0.375734
0.0546665	0.220233	0.975096
0.0866527	0.966772	0.243357
0.393984	0.440268	0.822782
0.80078	0.449662	0.427705
0.689332	0.479713	0.546902
0.890799	0.137677	0.435687
0.713853	0.586262	0.433469
0.0849081	0.629014	0.778521
0.888822	0.446741	0.117357
0.898755	0.361841	0.253091
0.826077	0.45787	0.361756
0.670341	0.406829	0.633006
0.566525	0.342964	0.761872
0.217069	0.147734	0.96891
0.246892	0.97265	0.0166187
0.416324	0.911346	0.0114082
0.570159	0.296761	0.772785
0.615436	0.7664	0.189061
0.507742	0.096662	0.860115
0.63583	0.32517	0.72067
0.238105	0.959247	0.159026
0.0572272	0.632462	0.778922
0.709432	0.638913	0.32277
0.110498	0.921588	0.376375
0.152305	0.982085	0.177233
0.620185	0.760469	0.203712
0.176871	0.563117	0.810927
0.797707	0.57887	0.19221
0.646071	0.327735	0.698305
0.554101	0.823204	0.169562
0.00900273	0.877985	0.498859
0.440004	0.536398	0.737897
0.602774	0.328078	0.736305
0.501161	0.665182	0.599792
0.522398	0.767393	0.376431
0.786374	0.0548234	0.620977
0.578434	0.355505	0.742752
0.654052	0.737048	0.209701
0.496705	0.608143	0.622354
0.295714	0.322847	0.902432
0.881985	0.00760139	0.501124
0.191751	0.141859	0.973288
0.71152	0.0836592	0.710432
0.836397	0.455567	0.388461
0.626168	0.53842	0.570115
0.0474734	0.996019	0.126749
0.491987	0.55228	0.693412
0.353656	0.876377	0.361971
0.0544047	0.370128	0.928479
0.290117	0.932188	0.224735
0.106005	0.982851	0.192676
0.313398	0.214804	0.930501
0.534069	0.651071	0.558184
0.672783	0.719462	0.180042
0.770263	0.621533	0.216943
0.390966	0.837538	0.383748
0.629237	0.540238	0.567153
0.0491387	0.839523	0.558416
