3.75157e-33	6.12677e-17	1.00058
1.013	1.15174e-11	0.000461617
0.572232	0.820104	8.09601e-17
0.575202	0.541987	0.64025
0.150918	0.556506	0.828729
0.41936	0.518628	0.756487
0.0279527	0.990784	0.141685
0.183222	0.871202	0.475019
0.125081	0.902731	0.419433
0.575212	0.734537	0.382049
0.374285	0.722021	0.583882
0.604956	0.289514	0.750185
0.507123	0.240946	0.834825
0.0533757	0.0856628	0.998225
0.962202	0.280461	0.0740525
0.515812	0.608559	0.605469
0.831627	0.388149	0.429675
0.920994	0.39397	0.0489723
0.28084	0.796198	0.538161
0.732251	0.635315	0.256128
0.616409	0.141935	0.776515
0.561849	0.529405	0.654468
0.104839	0.883886	0.494756
0.291799	0.745537	0.612135
0.639049	0.771046	0.160844
0.121668	0.878099	0.485326
0.435606	0.0963699	0.900652
0.902143	0.0506752	0.445492
0.879184	0.380578	0.314823
0.416684	0.833888	0.373061
0.944087	0.0701019	0.325029
0.425063	0.705923	0.574025
0.796063	0.587612	0.158263
0.13381	0.154903	0.983589
0.695821	0.193058	0.695937
0.229011	0.803578	0.566577
0.30461	0.783494	0.544673
0.745876	0.653658	0.182382
0.211803	0.975669	0.125146
0.384906	0.188826	0.907597
0.314893	0.155969	0.939808
0.76879	0.647958	0.0267961
0.45693	0.851833	0.269454
0.655158	0.486377	0.580802
0.139193	0.357707	0.930115
0.444469	0.365963	0.824165
0.173522	0.159797	0.972269
0.477467	0.883706	0.078372
0.397239	0.0423559	0.933178
0.835267	0.51095	0.229436
0.105119	0.913813	0.398679
0.223338	0.25315	0.955976
0.192863	0.882073	0.453166
0.840497	0.58531	0.139373
0.364166	0.307095	0.88035
0.375106	0.71809	0.593514
0.987855	0.105845	0.148735
0.146866	0.66294	0.735281
0.325729	0.345223	0.894124
0.568082	0.44269	0.721647
0.721276	0.693305	0.00134322
0.248107	0.616428	0.767514
0.615104	0.760708	0.242606
0.581252	0.278208	0.768961
0.892051	0.397068	0.237226
0.709222	0.175567	0.684741
0.235905	0.198935	0.951618
0.667199	0.480294	0.571354
0.0438888	0.943579	0.359736
0.0851313	0.717731	0.701532
0.202198	0.860617	0.477487
0.820798	0.339945	0.464686
0.163399	0.0694793	0.992556
0.912015	0.248648	0.334852
0.739807	0.167167	0.662599
0.964029	0.0132882	0.281364
1.0027	0.063568	0.0102569
0.980057	0.211033	0.0389767
0.783211	0.372037	0.514332
0.535508	0.181601	0.828466
0.460966	0.10198	0.886991
0.297534	0.894096	0.33816
0.0678939	0.232391	0.977977
0.991752	0.076507	0.148913
0.211935	0.642846	0.744118
0.842552	0.202086	0.504472
0.273084	0.427248	0.871008
0.781391	0.622232	0.10275
0.762288	0.600955	0.256457
0.217405	0.932176	0.302874
0.1761	0.982886	0.101809
0.716349	0.700289	0.0927746
0.00835265	0.816953	0.59611
0.344674	0.00785156	0.953761
0.165329	0.495445	0.860736
0.630068	0.755348	0.241512
0.0176209	0.960769	0.282279
0.690475	0.671055	0.369208
0.407269	0.467212	0.79507
0.245565	0.120689	0.970596
0.700315	0.656186	0.286101
0.217193	0.972267	0.111061
0.352805	0.404681	0.85667
0.000640778	0.958165	0.35636
0.700559	0.678189	0.247041
0.849747	0.493815	0.216216
0.0935112	0.750398	0.656012
0.309887	0.495166	0.814621
0.946844	0.275884	0.194672
0.815744	0.597851	0.020722
0.770264	0.365588	0.524102
0.544678	0.828243	0.18015
0.723297	0.115636	0.69178
0.540527	0.650548	0.539868
0.469384	0.221687	0.860191
0.972446	0.227787	0.117175
0.73752	0.168851	0.660976
0.808355	0.561711	0.195479
0.941147	0.0588446	0.359121
0.141823	0.928929	0.391267
0.19435	0.686848	0.713137
0.198849	0.896888	0.41267
0.870893	0.421322	0.298451
0.882205	0.401063	0.266774
0.260221	0.669321	0.708813
0.864943	0.473757	0.169981
0.301405	0.782493	0.550218
0.622654	0.700376	0.378226
0.331777	0.248002	0.911036
0.777525	0.377099	0.51259
0.826687	0.131709	0.553697
0.00403763	0.964177	0.290574
0.949978	0.276797	0.167173
0.788138	0.5851	0.220788
0.650237	0.18993	0.740083
0.402745	0.462022	0.805556
0.907591	0.450551	0.0600117
0.40888	0.46906	0.790511
0.336478	0.742672	0.580563
0.757703	0.605702	0.256288
0.670505	0.318573	0.675478
0.298991	0.666242	0.684391
0.823686	0.129938	0.557441
0.996798	0.0742138	0.0901853
0.265997	0.299201	0.922301
0.768135	0.364577	0.533152
0.0795073	0.999752	0.0194438
0.061611	1.00079	0.0194395
0.255626	0.910621	0.34327
0.130142	0.334448	0.943195
0.0318154	0.333484	0.956282
0.243585	0.311054	0.922949
0.592477	0.422737	0.701452
0.465369	0.777284	0.440939
0.963409	0.273901	0.0554859
0.28637	0.322117	0.917339
0.673334	0.507118	0.555088
0.703459	0.344071	0.649458
0.685278	0.59456	0.440306
0.00999947	0.52563	0.852315
0.929681	0.049389	0.391563
0.608824	0.434856	0.672753
0.489225	0.226666	0.852251
0.502859	0.57687	0.645328
0.51712	0.446168	0.746475
0.129599	0.774826	0.6216
0.356203	0.262758	0.908796
0.651234	0.739343	0.200613
0.526833	0.826312	0.204271
0.450204	0.855855	0.267553
0.850677	0.407223	0.351528
0.493917	0.234672	0.845462
0.130911	0.823735	0.559049
0.478741	0.213096	0.879734
0.52171	0.442414	0.730224
0.506849	0.813369	0.314936
0.84495	0.372225	0.392339
0.48264	0.238617	0.851021
0.81885	0.346583	0.482893
0.239885	0.0378157	0.980972
0.413769	0.217078	0.899538
0.247611	0.572952	0.785625
0.974187	0.0678721	0.222735
0.0163049	0.941701	0.374819
0.663082	0.00365647	0.775949
0.0333667	0.508662	0.86627
0.530337	0.831807	0.195903
0.505019	0.617098	0.628833
0.203536	0.918742	0.366249
0.522854	0.675964	0.528345
0.257986	0.329444	0.912676
0.68627	0.573393	0.4711
0.863387	0.45812	0.237897
0.274559	0.423474	0.866928
0.881906	0.0219792	0.474775
6.13132e-17	1.79603e-33	1.00132
1.59873e-10	1.00086	0
1.55502e-17	5.96906e-17	1.00736
0.983892	0.128423	0.134082
0.436815	0.820691	0.397429
0.197258	0.367448	0.914536
0.606604	0.768111	0.283368
0.301047	0.811237	0.509462
0.0453711	0.591374	0.82433
0.441746	0.899748	0.055186
0.0653877	0.583281	0.815745
0.0774034	0.157655	0.988959
0.673067	0.089645	0.737711
0.389114	0.201864	0.903143
0.204124	0.973611	0.126837
0.16911	0.396403	0.906159
0.113217	0.923702	0.37207
0.510701	0.0200589	0.86987
0.0523304	0.654505	0.7561
0.555045	0.754352	0.3619
0.216854	0.970027	0.147418
0.416881	0.808168	0.431546
0.0306151	0.987073	0.169084
0.925064	0.385465	0.0116775
0.323113	0.0822296	0.944842
0.232497	0.207212	0.954623
0.737408	0.094964	0.671692
0.154371	0.736305	0.683658
0.35064	0.323982	0.881445
0.46715	0.450752	0.763669
0.181435	0.477653	0.869626
0.173756	0.440446	0.897053
0.762518	0.53918	0.377539
0.222785	0.828461	0.522981
0.128185	0.5406	0.845459
0.40024	0.792962	0.486948
0.656734	0.00660987	0.797083
0.774093	0.376455	0.537852
0.685886	0.212979	0.706196
0.92736	0.349254	0.219277
0.603104	0.0526736	0.801221
0.091183	0.833444	0.566207
0.550794	0.471779	0.70145
0.106823	0.186533	0.977194
0.477743	0.460973	0.751081
0.936242	0.301732	0.187376
0.533862	0.457276	0.727243
0.72514	0.645848	0.247183
0.243494	0.226981	0.951245
0.211265	0.402766	0.894159
0.569301	0.233573	0.793568
0.00103226	0.570106	0.835839
0.288876	0.866066	0.409946
0.871658	0.420096	0.254931
0.273812	0.959754	0.100029
0.00823545	0.28998	0.988838
0.015185	0.783558	0.646507
0.63479	0.758216	0.180248
0.597307	0.558444	0.603716
0.0580926	0.264215	0.968268
0.879883	0.073225	0.472353
0.499279	0.62661	0.611432
0.0373982	0.80925	0.59836
0.632085	0.522776	0.574269
0.620195	0.608812	0.500999
0.120204	0.685257	0.720033
0.718736	0.725158	0.0238753
0.727789	0.361198	0.584216
0.34272	0.316665	0.892586
0.609914	0.424699	0.678823
0.578833	0.885968	0.0296402
0.412894	0.0607586	0.915179
0.00928893	0.635643	0.773144
0.894193	0.430449	0.161553
0.372575	0.91742	0.22899
0.250914	0.848856	0.467919
0.25235	0.853711	0.462085
0.799336	0.595719	0.0903103
0.561243	0.744562	0.38583
0.639637	0.59802	0.51823
0.401051	0.195114	0.899669
0.311924	0.84055	0.454447
0.969335	0.135467	0.226368
0.42498	0.695856	0.58637
0.849718	0.0332866	0.552991
0.450228	0.663491	0.631264
0.890327	0.444705	0.126356
0.999487	0.0293258	0.0976125
0.709774	0.267309	0.658229
0.918562	0.20461	0.344233
0.159868	0.351406	0.92632
0.818115	0.578493	0.239748
0.668814	0.139345	0.732597
0.896708	0.178151	0.420931
0.958668	0.294385	0.104958
0.17197	0.707447	0.696364
0.638974	0.777367	0.06154
0.484756	0.233628	0.857891
0.377969	0.0121332	0.938995
0.862963	0.162103	0.480534
0.36305	0.922966	0.307261
0.947235	0.285784	0.158749
0.905776	0.415436	0.118096
0.959669	0.148953	0.290369
0.794961	0.309663	0.541952
0.904258	0.218148	0.369895
0.785372	0.623978	0.0700421
0.265678	0.953772	0.154051
0.259806	0.938188	0.261781
0.982381	0.0584325	0.196573
0.454481	0.838249	0.313408
0.808296	0.00818344	0.618023
0.311791	0.790343	0.543244
0.14178	0.712038	0.692506
0.255376	0.106524	0.961746
0.162506	0.349698	0.92514
0.882582	0.147463	0.451106
0.0228619	0.565581	0.828235
0.830499	0.50517	0.24358
0.0872545	0.783647	0.620935
0.147655	0.284539	0.949929
0.810984	0.506802	0.296543
0.0705747	0.879078	0.473288
0.260081	0.939183	0.260731
0.355651	0.71683	0.604233
0.898737	0.374538	0.233918
0.868054	0.488615	0.174389
0.330315	0.871645	0.364517
0.85471	0.168328	0.515554
0.457259	0.444582	0.777815
0.218	0.71931	0.668093
0.112011	0.183406	0.976966
0.521039	0.782723	0.354606
0.281464	0.327248	0.907572
0.995176	0.134803	0.108636
0.995364	0.0241496	0.151564
0.768547	0.642927	0.0500179
0.942181	0.0474426	0.336243
0.756221	0.324575	0.592602
0.842353	0.351366	0.414193
0.504811	0.478215	0.742549
0.470408	0.867626	0.187931
0.215888	0.815173	0.557579
0.66326	0.582379	0.475856
0.0498519	0.112077	0.99881
0.100302	0.0733578	0.994572
0.853345	0.533037	0.0378191
0.495333	0.744107	0.497953
0.907789	0.378266	0.222313
0.479589	0.891492	0.0312379
0.990139	0.0464429	0.153265
0.468097	0.246298	0.857055
0.333175	0.00466074	0.952178
0.835783	0.512998	0.206859
0.0166603	0.801925	0.603846
0.0284756	0.332248	0.944994
0.27105	0.887632	0.385373
0.691231	0.317035	0.67894
0.925001	0.173031	0.344222
0.108434	0.0613219	0.997027
0.211959	0.859617	0.468025
0.504488	0.744221	0.443657
0.905336	0.34096	0.267711
0.47659	0.255226	0.851186
0.202995	0.529115	0.83028
0.881502	0.226656	0.433931
0.372545	0.863487	0.400749
0.104798	0.0781026	0.994565
0.854099	0.411148	0.334931
0.755664	0.684025	0.00794655
0.125808	0.607512	0.790054
0.49248	0.621929	0.624802
0.705519	0.0422896	0.708843
0.029683	0.995573	0.177203
0.787673	0.236237	0.57081
0.231544	0.946091	0.26192
0.37613	0.843282	0.392461
0.751465	0.24348	0.622066
0.789899	0.307692	0.549476
0.404959	0.918733	0.0539759
0.364208	0.950144	0.0669543
0.278894	0.892668	0.357005
0.525093	0.259919	0.811149
0.713188	0.673433	0.210581
0.696411	0.0417437	0.718848
0.741795	0.516531	0.453902
0.447137	0.658936	0.636787
0.720248	0.142137	0.686759
0.455517	0.641629	0.626235
0.0115002	0.269513	0.965521
5.98732e-17	1.78281e-17	1.02023
1.03466	0	0.000764685
4.69707e-28	6.12489e-17	1.00027
0.238186	0.0882453	0.970523
0.187027	0.27967	0.94965
0.0297622	0.299362	0.956521
0.956823	0.0260646	0.298162
0.0451269	0.222758	0.987672
0.414767	0.15228	0.901075
0.639874	0.731893	0.282519
0.373674	0.930899	0.107061
0.478701	0.855315	0.224201
0.86492	0.434618	0.325761
0.226708	0.471219	0.85451
0.57956	0.805172	0.159856
0.588336	0.811629	0.0714864
0.471728	0.501164	0.744815
0.109208	0.959489	0.26859
0.556712	0.0741871	0.828641
0.197187	0.975077	0.117611
0.215541	0.757876	0.618007
0.997495	0.00312559	0.08046
0.544533	0.842327	0.0873327
0.878722	0.185208	0.454237
0.941321	0.056147	0.343964
0.147647	0.978174	0.167643
0.819619	0.00347044	0.60931
0.405037	0.465179	0.789038
0.42	0.482363	0.770647
0.52829	0.650896	0.547422
0.901273	0.417172	0.139374
0.352258	0.0474925	0.947659
0.759636	0.161239	0.651582
0.265304	0.443593	0.860425
0.571744	0.816066	0.147323
0.223243	0.102826	0.973201
0.919484	0.0328209	0.422516
0.366493	0.761765	0.540829
0.484851	0.790397	0.380566
0.704159	0.629181	0.336434
0.434899	0.903078	0.0260997
0.0638959	0.383165	0.923392
0.00326449	0.947428	0.340912
0.97771	0.22519	0.0453744
0.347633	0.147553	0.933946
0.854518	0.244447	0.476778
0.665751	0.750303	0.0603842
0.805498	0.401731	0.438893
0.319336	0.117243	0.944089
0.231513	0.970371	0.0950849
0.526455	0.738581	0.428083
0.545794	0.782243	0.316161
0.693179	0.594256	0.411894
0.161602	0.992029	0.0388085
0.176883	0.509858	0.843664
0.231192	0.131778	0.968153
0.393173	0.457743	0.801171
0.829488	0.293303	0.497579
0.313481	0.355726	0.884083
0.732985	0.193072	0.666805
0.870724	0.258118	0.445763
0.680284	0.575919	0.462937
0.67466	0.0164765	0.749547
0.992741	0.0513244	0.14617
0.519715	0.0655554	0.864859
0.847433	0.546494	0.0515939
0.445805	0.210319	0.872983
0.286085	0.952695	0.191519
0.360333	0.741164	0.573438
0.267819	0.4937	0.835766
0.984341	0.000100009	0.196074
0.304992	0.600213	0.750688
0.439303	0.69234	0.609552
0.665848	0.397164	0.63578
0.212337	0.703561	0.697139
0.280293	0.495921	0.831996
0.127262	0.912199	0.393638
0.897706	0.38443	0.255446
0.780831	0.26807	0.577536
0.907225	0.179485	0.386562
0.0496692	0.345511	0.939582
0.25588	0.937495	0.240445
0.442077	0.735889	0.536347
0.173245	0.657239	0.737698
0.455434	0.893794	0.0147645
1.02156	0	0.00730915
0.93859	0.370509	0.0287222
0.693862	0.302066	0.677279
0.46561	0.886234	0.0260675
0.894665	0.322002	0.32365
0.77787	0.230592	0.602504
0.985003	0.133267	0.17992
0.564433	0.62441	0.542451
0.658805	0.564788	0.499758
0.697346	0.646825	0.35101
0.270988	0.666701	0.70479
0.970904	0.216516	0.139601
0.629687	0.729725	0.309172
0.0980928	0.915171	0.401019
0.430641	0.89116	0.236261
0.114428	0.425892	0.907956
0.425138	0.836656	0.368466
0.718564	0.283654	0.648196
0.60928	0.794491	0.0871767
0.97224	0.263934	0.0519532
0.887504	0.0695939	0.467763
0.0561677	0.6092	0.792606
0.526949	0.840835	0.131783
0.846466	0.104826	0.528583
0.099134	0.96556	0.252256
0.612004	0.63789	0.529605
0.168704	0.406446	0.905575
0.784351	0.400533	0.488304
0.385805	0.850709	0.369751
0.740187	0.639707	0.219916
0.649902	0.766784	0.185505
0.630693	0.0624148	0.780782
0.506398	0.895968	0.00642675
0.726485	0.675744	0.134194
0.511567	0.265712	0.819864
0.802984	0.411593	0.445069
0.753939	0.620461	0.260274
0.00906018	0.684387	0.733875
0.771078	0.374609	0.515958
0.840991	0.542329	0.0768019
0.388371	0.71346	0.591988
0.289175	0.517781	0.809916
0.0603831	0.922246	0.395
0.0696915	0.747196	0.664336
0.801888	0.316376	0.52773
0.492146	0.846743	0.208492
0.692358	0.118438	0.717562
0.203895	0.818487	0.543607
0.458197	0.869533	0.20559
0.628123	0.727912	0.326233
6.08995e-17	7.41063e-18	1.0019
0.936245	0.248746	0.290251
0.500539	0.817861	0.362387
0.219122	0.103312	0.981678
0.0567313	0.615312	0.787732
0.39873	0.120782	0.918616
0.358232	0.588574	0.730723
0.321096	0.0823417	0.956144
0.330844	0.505	0.801578
0.676357	0.144476	0.723717
0.66231	0.126453	0.757959
0.64008	0.586424	0.510767
0.0128827	0.973134	0.24263
0.140714	0.812418	0.569676
0.338849	0.535898	0.781109
0.106202	0.521012	0.848242
0.27538	0.60722	0.747599
0.447393	0.863132	0.324251
0.133299	0.803611	0.583212
0.827111	0.381428	0.418558
0.299364	0.402885	0.873699
0.176682	0.983238	0.113736
0.595719	0.580967	0.563571
0.770663	0.0195337	0.654083
0.616138	0.532501	0.583047
0.344103	0.677183	0.690335
0.322899	0.820123	0.481807
0.495976	0.584847	0.644919
0.376281	0.170051	0.912752
0.510814	0.775729	0.389733
0.254137	0.467015	0.848175
0.593461	0.825804	0.0106485
0.783748	0.0209353	0.622798
0.487091	0.875755	0.0204202
0.911358	0.0317954	0.436943
0.158371	0.994646	0.0388884
0.841585	0.542712	0.0592896
0.886088	0.199283	0.436189
0.095728	0.766553	0.648352
0.797947	0.557085	0.238813
0.246196	0.0786466	0.977385
0.730462	0.618399	0.331412
0.873734	0.45231	0.187381
0.0869541	0.827923	0.557891
0.584668	0.774176	0.290677
0.51276	0.833679	0.213145
0.831334	0.237815	0.519272
0.87843	0.446393	0.175418
0.117416	0.784433	0.630018
0.11538	0.429436	0.898398
0.656407	0.562732	0.506993
0.714496	0.652702	0.265594
0.683682	0.241747	0.70057
0.0595062	0.479025	0.879263
0.621254	0.561164	0.552341
0.623036	0.722017	0.339954
0.853645	0.337125	0.399882
0.0180928	0.354781	0.9376
0.64688	0.525393	0.558031
4.69707e-28	6.12489e-17	1.00027
2.20066e-17	5.88089e-17	1.02546
1.00633	0	0.00100183
0.777733	0.172386	0.628096
0.167148	0.212128	0.971093
0.146273	0.990547	0.020598
0.458756	0.20642	0.865455
0.392838	0.912549	0.158612
0.924127	0.27228	0.287981
0.856872	0.467678	0.233642
0.486382	0.029254	0.881848
0.0345656	0.970108	0.261888
0.233995	0.158208	0.965894
0.719502	0.527486	0.484201
0.264899	0.511543	0.82269
0.878727	0.153975	0.49982
0.826207	0.591073	0.0399304
0.645329	0.606407	0.472504
0.186546	0.523322	0.832972
0.781397	0.352204	0.531634
0.0854257	0.981578	0.18402
0.271725	0.373947	0.890099
0.662522	0.755484	0.0896975
0.111055	0.616405	0.789023
0.00941702	0.288124	0.960834
0.972213	0.224382	0.111629
0.586976	0.807794	0.0725473
0.6604	0.633431	0.408988
0.244364	0.739278	0.639829
0.893154	0.199634	0.420136
0.621897	0.447133	0.655618
0.48826	0.0388748	0.875556
0.179828	0.941046	0.333062
0.96901	0.18208	0.178214
0.322391	0.250716	0.919913
0.0168324	1.00027	0.0820791
0.557122	0.124367	0.8272
0.41856	0.903578	0.146368
0.440813	0.7082	0.596725
0.738193	0.480547	0.506391
0.068994	0.596119	0.805805
0.699705	0.642909	0.316366
0.812367	0.145416	0.583141
0.374349	0.86378	0.361006
0.221661	0.486196	0.85614
0.412125	0.810227	0.440371
0.605116	0.786091	0.189168
0.524824	0.726201	0.458385
0.861628	0.0508525	0.510593
0.253223	0.709678	0.66891
0.709416	0.685504	0.193571
0.0519247	0.933224	0.37253
0.3194	0.908572	0.279656
0.745238	0.549642	0.427842
0.721452	0.673379	0.202799
0.423005	0.899417	0.121008
0.509897	0.331007	0.796779
0.537356	0.0348554	0.844097
0.796022	0.538205	0.304496
0.936787	0.00307187	0.376142
0.371838	0.240528	0.912232
0.546685	0.517449	0.67358
0.955749	0.254847	0.223531
0.352852	0.364488	0.872759
0.561113	0.104891	0.827198
0.383703	0.885847	0.294681
0.474125	0.567442	0.682062
0.209778	0.234516	0.951681
0.76134	0.629066	0.168834
0.0998998	0.987131	0.149868
4.13903e-17	4.63435e-17	1.01476
0.19837	0.380929	0.923831
0.387713	0.830863	0.410663
0.161576	0.458726	0.8802
0.949717	0.044435	0.341979
0.296666	0.897508	0.347551
0.653627	0.140121	0.74906
0.839471	0.297539	0.487802
0.778766	0.0132861	0.646249
1.00136	0	0.00531399
0.128627	0.0766675	0.991236
0.624834	0.624912	0.469722
0.296476	0.923994	0.274532
0.805938	0.583959	0.138887
0.0973063	0.417004	0.904515
0.75983	0.559251	0.375769
0.961464	0.274761	0.0310939
0.743865	0.346843	0.579619
0.120927	0.98985	0.0964202
0.6379	0.5745	0.526611
0.472917	0.453605	0.761233
0.799778	0.298902	0.536838
0.701466	0.704493	0.126932
0.785532	0.279402	0.560766
0.520694	0.720486	0.462927
0.307445	0.958181	0.0587313
0.862618	0.323818	0.414735
0.135098	0.287348	0.951594
0.764626	0.279712	0.624955
0.889602	0.3921	0.238856
0.480638	0.217556	0.850452
0.342853	0.397798	0.859609
0.840633	0.135098	0.540333
0.435007	0.840578	0.382797
0.0676814	0.79593	0.607516
0.029096	0.676424	0.746863
0.500874	0.48808	0.725633
0.615469	0.314116	0.729865
0.695644	0.174519	0.71955
0.312096	0.185034	0.941016
0.12868	0.0762914	0.990266
0.671859	0.212275	0.714404
0.96437	0.152319	0.226069
0.996576	0.0756235	0.0460009
0.911151	0.342037	0.271046
0.835268	0.307494	0.459056
0.627829	0.776113	0.105049
0.355324	0.696348	0.648642
0.177999	0.612787	0.774556
0.350827	0.928873	0.211488
0.300919	0.854332	0.433685
0.75071	0.136714	0.653139
0.170653	0.744317	0.653231
0.465465	0.533479	0.725286
0.546094	0.0877625	0.839155
0.73393	0.65479	0.21994
0.255927	0.842493	0.492943
0.575631	0.00982052	0.823739
0.843471	0.188383	0.518348
0.86933	0.367591	0.337935
0.727046	0.541732	0.457277
0.468351	0.76944	0.471715
0.0190241	0.790098	0.623142
0.163898	0.873454	0.46238
0.394767	0.910487	0.211375
0.000463907	0.950933	0.396787
0.423423	0.851372	0.316577
0.505812	0.342445	0.800601
0.42953	0.591118	0.690347
0.205872	0.378998	0.927742
0.169714	0.843779	0.520736
0.575661	0.15629	0.808808
0.676427	0.117224	0.741028
0.690955	0.571144	0.448405
0.610257	0.740757	0.32425
0.649203	0.0859935	0.766761
0.363298	0.349686	0.867503
0.89195	0.410938	0.199631
0.332921	0.935828	0.13477
0.0415066	0.874397	0.553646
0.731157	0.00239758	0.696807
0.581769	0.724287	0.415213
0.63007	0.779071	0.0507268
0.0255264	0.823962	0.574001
0.583622	0.497846	0.664396
0.380638	0.878293	0.338034
0.305535	0.306854	0.913607
0.093798	0.427038	0.90925
0.905432	0.337474	0.296579
0.591163	0.736738	0.357681
0.649187	0.760657	0.0646927
0.140247	0.437093	0.895284
0.819328	0.509272	0.308611
0.748157	0.381836	0.549103
0.686336	0.504344	0.568137
0.821887	0.265547	0.51928
0.436251	0.0574537	0.906395
0.637344	0.0895088	0.77973
0.514076	0.57938	0.642395
0.278542	0.663468	0.704042
0.791255	0.59736	0.164015
0.590089	0.719898	0.381253
0.575785	0.702448	0.436704
0.969497	0	0.250082
0.151937	0.473583	0.873852
0.176689	0.491187	0.854736
0.854851	0.407751	0.345105
0.985603	0.227473	0.066501
0.450524	0.620009	0.647064
0.508559	0.456614	0.734826
0.0425022	0.601803	0.835627
0.231662	0.648733	0.743561
0.278288	0.651762	0.718552
0.610058	0.311354	0.764092
0.248576	0.602045	0.785732
0.142858	0.401568	0.916812
0.442965	0.828778	0.351508
0.55032	0.757349	0.358415
0.121581	0.830761	0.564712
0.36801	0.855047	0.375173
0.535951	0.0599471	0.845363
0.479755	0.223425	0.853107
0.26911	0.708717	0.663904
0.570014	0.690229	0.450982
1.01986	0.00284495	0.000426545
6.12467e-17	1.64795e-29	1.00024
0.901423	0.432955	8.09598e-17
5.76157e-17	2.286e-17	1.01229
0.573149	0.772167	0.299477
0.649189	0.0456622	0.769415
0.560914	0.804561	0.19814
0.138113	0.581201	0.821364
0.975899	0.241138	0.0392916
0.34312	0.942322	0.0190056
0.108845	0.447418	0.901426
0.160579	0.355709	0.925022
0.994036	0.012827	0.11429
0.0369714	0.141283	0.989902
0.584517	0.170949	0.795729
0.311469	0.149598	0.941921
0.727969	0.0579524	0.689841
0.0100468	0.159485	0.987503
0.851121	0.472681	0.252752
0.963363	0.215515	0.220796
0.984876	0.00792148	0.177714
0.172165	0.971316	0.174401
0.829456	0.0222573	0.565736
0.274065	0.961806	0.0309136
0.133738	0.368029	0.928104
0.320166	0.466182	0.829643
0.782634	0.616121	0.126526
0.45861	0.115309	0.886983
0.389871	0.873763	0.295745
0.0506543	0.682016	0.741959
0.278284	0.955426	0.106951
0.484801	0.089137	0.87431
0.0261973	0.256919	0.973872
0.0811157	0.991472	0.159338
0.121062	0.691727	0.717651
0.474656	0.0872718	0.882619
0.872054	0.322961	0.381051
0.737812	0.666493	0.14947
0.349314	0.456834	0.836118
0.673773	0.527597	0.527952
0.295815	0.43701	0.866608
0.150208	0.885611	0.442424
0.920903	0.273078	0.307997
0.615688	0.623734	0.489968
0.970941	0.225275	0.198981
0.522505	0.529333	0.674603
0.879823	0.420457	0.223074
0.341627	0.672787	0.657513
0.63181	0.640067	0.453395
0.886472	0.108955	0.461052
0.410503	0.374163	0.843099
0.794626	0.348211	0.505757
0.758019	0.129927	0.652282
0.493935	0.386776	0.789064
0.204097	0.965476	0.168616
0.0751274	0.798192	0.598989
0.705058	0.308961	0.649587
0.859846	0.396887	0.344272
0.336292	0.853357	0.430507
0.373127	0.263382	0.894056
0.292453	0.410536	0.871349
0.910847	0.0268254	0.4166
0.423983	0.876872	0.243645
0.670148	0.176641	0.730608
0.027856	0.265828	0.967928
0.117082	0.510119	0.853898
0.822593	0.0220731	0.576367
0.0659436	0.374246	0.93867
0.399808	0.124927	0.909031
0.161348	0.932504	0.329524
0.714072	0.333733	0.628233
0.776508	0.51622	0.400933
0.192351	0.98191	0.0223393
0.719341	0.335403	0.612768
0.231802	0.924051	0.313823
0.143207	0.585951	0.811572
0.735593	0.664488	0.156869
0.585407	0.812039	0.0980006
0.155846	0.933824	0.378474
0.0221681	0.211549	0.98253
0.436605	0.567744	0.709153
0.363115	0.679913	0.640924
0.676146	0.617376	0.429743
0.656032	0.321743	0.693426
0.406643	0.604097	0.702763
0.952563	0.295916	0.123488
0.330194	0.732022	0.603748
0.0847495	0.0404448	0.996828
0.183438	0.257338	0.952305
0.0479226	0.635822	0.772789
0.980425	0.195241	0.0585841
0.383855	0.754201	0.53738
0.604088	0.801288	0.0641218
0.744166	0.523894	0.448696
0.926466	0.0531811	0.375833
0.600084	0.741641	0.322572
0.315109	0.54638	0.780561
0.319657	0.953412	0.0819933
0.695022	0.719165	0.0921167
0.0596273	0.227862	0.978016
0.727425	0.317278	0.621435
0.422605	0.874022	0.256624
0.191474	0.820565	0.544179
0.214396	0.957989	0.214849
0.838726	0.423498	0.346036
0.0726739	0.289674	0.957531
0.266317	0.918748	0.348813
0.751222	0.359	0.561542
0.809142	0.480874	0.341695
0.946551	0.322502	0.05272
0.905097	0.404237	0.19006
0.00596495	0.997519	0.085506
0.550076	0.756404	0.359364
0.381555	0.18326	0.910372
0.596378	0.743352	0.322236
0.457764	0.812523	0.418367
0.465607	0.847681	0.272226
0.221052	0.495413	0.841988
0.366632	0.700493	0.61911
0.669157	0.0588421	0.748755
0.624557	0.212448	0.761153
0.517999	0.67744	0.534527
0.702401	0.291213	0.662791
0.608453	0.755516	0.26075
0.820022	0.339861	0.472071
0.379303	0.840892	0.396968
0.843122	0.584235	0.0434633
1.00464	0.00280251	0.000700143
0.54463	0.792979	0.303023
0.381452	0.749481	0.542937
0.455732	0.851294	0.271832
0.53143	0.792455	0.318414
0.0554903	0.678036	0.735216
0.354882	0.889941	0.388437
0.590958	0.766332	0.278989
0.785669	0.384152	0.513815
0.862882	0.205116	0.491428
0.298392	0.973346	0.0032751
0.536484	0.782924	0.384791
0.197174	0.453523	0.873368
0.702486	0.711666	0.0815371
0.710275	0.0478194	0.706183
0.261436	0.967291	0.139656
0.496928	0.86942	0.0800032
0.405317	0.790446	0.494908
0.866321	0.334824	0.410922
0.763304	0.537367	0.396603
0.774498	0.320994	0.547459
0.215037	0.913055	0.377138
1.00325	0.000208879	0.0531389
0.251205	0.858707	0.448283
0.747415	0.588395	0.331762
0.401445	0.540786	0.751619
0.934279	0.0978221	0.353659
0.776165	0.0372281	0.632912
0.801353	0.556221	0.235256
0.767846	0.184671	0.618408
0.0699101	0.290376	0.957602
0.694612	0.629003	0.363905
0.844833	0.560751	0.0594232
0.503944	0.201568	0.845943
0.44583	0.550792	0.71123
0.511882	0.506723	0.70115
0.814787	0.401271	0.452556
0.254957	0.565225	0.799066
0.854138	0.146402	0.508089
0.352541	0.7901	0.503119
0.314018	0.958158	0.0104174
0.495699	0.37999	0.78559
0.680521	0.52936	0.515577
0.691802	0.51753	0.517874
0.955007	0.30091	0.0871435
0.270132	0.768701	0.593623
0.128663	0.982665	0.145708
0.246304	0.86608	0.453325
0.241404	0.932889	0.285245
0.469311	0.893452	0.0147405
0.236848	0.905278	0.363043
0.507533	0.640915	0.581583
0.665252	0.0584987	0.755748
0.714975	0.645864	0.288116
0.906395	0.23641	0.359264
0.788463	0.402372	0.468519
0.690772	0.297795	0.667856
0.146219	0.593164	0.798236
0.852343	0.498449	0.20806
0.631116	0.736062	0.260622
0.615481	0.231799	0.753891
0.991195	0.164743	0.0621682
0.42858	0.103087	0.903023
0.718824	0.655927	0.255139
0.0172988	0.87962	0.479039
0.325648	0.648742	0.719321
6.12831e-17	3.01042e-31	1.00083
6.03931e-17	1.45729e-17	1.0146
5.19953e-30	6.12557e-17	1.00038
0.317837	0.950156	0
0.149997	0.0857709	0.987372
0.296467	0.94176	0.176026
0.511069	0.270672	0.819831
0.24908	0.962834	0.111106
0.401997	0.0672308	0.918838
0.427543	0.120137	0.902258
0.728418	0.61425	0.329957
0.038338	0.803684	0.608215
0.0578541	0.817795	0.578688
0.68202	0.730129	0.163693
0.866208	0.250055	0.441775
0.584064	0.374378	0.731733
0.537345	0.780479	0.337287
0.0869634	0.832838	0.55329
0.278843	0.385423	0.88135
0.362343	0.533396	0.770716
0.0824951	0.825838	0.562557
0.700213	0.0132806	0.717824
0.79253	0.0932858	0.622443
0.517281	0.153166	0.850795
0.991662	0.0438519	0.133772
0.352669	0.344545	0.874041
0.731464	0.454677	0.513881
0.451479	0.43533	0.788929
0.935195	0.361248	0.120578
0.369093	0.163313	0.926749
0.706388	0.714048	0.0256011
0.06927	0.461844	0.885455
0.305832	0.176543	0.956053
0.173657	0.40716	0.899301
0.264801	0.20043	0.946305
0.0528993	0.978519	0.217225
0.434708	0.262906	0.876163
0.585605	0.818659	0.0852954
0.551986	0.770926	0.326529
0.469675	0.813292	0.360655
0.291537	0.919039	0.295873
0.825581	0.233609	0.517622
0.00470014	0.896288	0.445646
0.639101	0.685594	0.381587
0.523086	0.658923	0.544326
0.559572	0.794245	0.255691
0.477161	0.851302	0.23201
0.839954	0.304548	0.452414
0.0933328	0.154681	0.989194
0.620577	0.626516	0.476608
0.692183	0.698733	0.197041
0.876902	0.464318	0.141582
0.714621	0.708174	0.0398542
0.30357	0.00953679	0.965846
0.272112	0.789407	0.567567
0.759137	0.476842	0.464073
0.957676	0.144036	0.256458
0.677084	0.311913	0.677498
0.87382	0.28913	0.397761
0.343249	0.104865	0.937946
0.81919	0.377377	0.436324
0.686662	0.552001	0.47617
0.893521	0.197104	0.408482
0.21786	0.982666	0.0282363
0.134452	0.157441	0.981031
0.173878	0.787112	0.601897
0.978382	0.220593	0.0303336
0.0438324	0.394615	0.918219
0.2294	0.835519	0.504852
0.10406	0.996572	0.0809277
0.594186	0.759126	0.309626
0.668194	0.226353	0.711696
0.604755	0.447334	0.661777
0.348356	0.579387	0.739849
0.771798	0.0985667	0.630467
0.0296869	0.999739	0.0607814
0.851497	0.509423	0.141583
0.0396879	0.382523	0.935985
0.113363	0.993727	0.106455
0.498895	0.863889	0.128769
0.616888	0.44161	0.667444
0.202574	0.130923	0.972126
0.507611	0.21115	0.837405
0.844886	0.462182	0.273022
0.126763	0.845164	0.53559
0.103618	0.817747	0.593193
0.286667	0.395006	0.874474
0.073418	0.976097	0.22331
0.365401	0.607737	0.707853
0.0174966	0.673077	0.751621
0.00993267	0.183732	0.986035
0.208961	0.747601	0.633132
0.457125	0.242818	0.862044
0.23989	0.929884	0.314586
0.613877	0.620534	0.500228
0.573522	0.639561	0.527583
0.738336	0.371316	0.586523
0.499295	0.869729	0.0941857
0.579956	0.680637	0.485381
0.0263502	0.809503	0.598809
0.641811	0.353977	0.680953
0.599162	0.239966	0.772909
0.542057	0.100399	0.839691
0.971991	0.0504144	0.242985
0.321662	0.0996594	0.945013
0.663174	0.739536	0.137801
0.270302	0.428468	0.866244
0.331892	0.558737	0.762819
0.0154717	0.577262	0.826195
0.491566	0.876562	0.00607902
0.542301	0.585887	0.6216
0.655484	0.701552	0.364458
0.567759	0.547095	0.641213
0.969005	0.0163397	0.279604
0.395363	0.471746	0.799245
0.307819	0.70809	0.648772
0.740432	0.365865	0.586128
0.421901	0.902743	0.0985527
0.601007	0.688649	0.430395
0.160848	0.745579	0.656394
0.357606	0.891884	0.290398
0.115537	0.969903	0.258627
0.920761	0.316606	0.247244
0.154923	0.774052	0.641983
0.392625	0.908514	0.171278
0.939433	0.334782	0.159938
0.450078	0.0566454	0.909921
0.800198	0.494696	0.349385
0.899726	0.210233	0.403898
0.00921709	0.174929	0.993737
0.421192	0.424089	0.809762
0.746723	0.59077	0.309035
0.948645	0.297157	0.147321
0.490574	0.521942	0.703433
0.477861	0.85255	0.227796
0.911331	0.419823	0.0671573
0.834764	0.444009	0.34407
0.192123	0.10986	0.978525
0.776954	0.588081	0.37723
0.267384	0.956622	0.130171
0.226647	0.9795	0.0230168
0.334974	0.55713	0.763056
0.605991	0.604613	0.528253
0.580937	0.192221	0.797164
0.183044	0.934898	0.351968
0.15615	0.992259	0.0707836
0.836547	0.542342	0.147747
0.527077	0.56412	0.655218
0.628113	0.483815	0.617318
0.943928	0.169941	0.289853
0.0201682	0.456471	0.896952
0.949832	0.314281	0.0615419
0.539695	0.857181	0.0731118
0.85563	0.253298	0.46193
0.989341	0.148799	0.0697435
0.196914	0.299738	0.93722
0.835521	0.521202	0.184432
0.534524	0.842439	0.144274
0.647592	0.770618	0.04539
0.422419	0.41938	0.811265
0.188063	0.335523	0.925499
0.380114	0.883906	0.304006
0.550013	0.0431219	0.835394
0.0810369	0.665838	0.750178
0.488357	0.877122	0.0200391
0.625114	0.670921	0.424797
0.676656	0.500519	0.550865
0.931725	0.0412014	0.36414
0.48439	0.846906	0.268349
0.65238	0.764947	0.0147077
0.267946	0.910854	0.375467
0.982887	0.210581	0.0304017
0.283579	0.890469	0.419654
0.437727	0.055091	0.911467
0.78962	0.476961	0.390423
0.38843	0.463473	0.806056
0.410075	0.484823	0.779584
0.837686	0.482716	0.262863
0.679266	0.476666	0.584488
0.711108	0.710565	0.0505719
0.00664635	0.92239	0.39039
0.437464	0.487836	0.759374
0.16633	0.754583	0.649271
0.560836	0.276658	0.795443
0.405205	0.20699	0.893214
0.320606	0.836578	0.454266
0.752267	0.444834	0.521383
0.67396	0.708304	0.299949
0.617943	0.496545	0.617223
0.257979	0.690327	0.686468
0.594309	0.662742	0.489755
0.645099	0.663148	0.416299
0.168799	0.652501	0.739874
0.808519	0.428208	0.411431
0.578208	0.738713	0.373119
5.84683e-17	2.3686e-17	1.03024
1.00313	0.00813339	5.41654e-05
0.957899	0.296553	0
0.4026	0.464462	0.804656
0.605972	0.404693	0.694106
0.550592	0.550662	0.640402
0.299388	0.229124	0.931403
0.942903	0.29033	0.192508
0.259616	0.792899	0.560205
0.749173	0.0693358	0.661567
0.612987	0.487363	0.629612
0.925822	0.182774	0.34683
0.437771	0.801016	0.413376
0.569692	0.805236	0.263778
0.879021	0.341114	0.340239
0.306055	0.0572731	0.960159
0.996621	0.0476726	0.121715
0.345298	0.348404	0.873389
0.535471	0.379814	0.77153
0.335246	0.941731	0.136025
0.193176	0.903133	0.444143
0.596845	0.45677	0.67964
0.183982	0.615722	0.779053
0.573884	0.794927	0.220524
0.248954	0.36835	0.89763
0.502762	0.822676	0.275705
0.844934	0.0288511	0.543041
0.085502	0.891771	0.450181
0.0122369	0.428468	0.905185
0.226837	0.0889763	0.970733
0.451927	0.371677	0.830762
0.553053	0.41656	0.724482
0.910613	0.274001	0.362749
0.432973	0.759588	0.492514
0.687349	0.655228	0.334748
0.232584	0.776254	0.595887
0.238369	0.933149	0.315614
0.787705	0.266649	0.572266
0.845927	0.0125328	0.543422
0.715911	0.684063	0.150564
0.177703	0.859631	0.481301
0.985247	0.150422	0.114641
0.278244	0.764947	0.605687
0.708849	3.04973e-09	0.705979
0.432378	0.639742	0.645411
0.665363	0.556247	0.501925
0.671489	0.629882	0.410361
0.977514	0.163613	0.161174
0.637035	0.598692	0.505955
0.411317	0.050271	0.919481
0.621371	0.440743	0.665393
0.783131	0.575675	0.323171
0.0428278	0.981157	0.194591
0.878753	0.392382	0.307485
0.885537	0.333192	0.330401
0.830587	0.539972	0.244764
0.77634	0.645101	0.0319241
0.188158	0.953539	0.302469
0.0619844	0.263949	0.968704
0.464559	0.353434	0.828116
0.413173	0.0215129	0.91805
0.955763	0.221456	0.243013
0.00629009	0.475307	0.888224
0.284923	0.925067	0.276194
0.733423	0.687978	0.0644902
0.0288599	0.886938	0.467255
0.155712	0.809963	0.574819
0.216584	0.724828	0.665657
0.14225	0.845381	0.51604
0.481041	0.87434	0.0888073
0.934387	0.353447	0.0560103
0.688613	0.693044	0.224522
0.84424	0.512357	0.170047
0.862413	0.115626	0.499131
0.201187	0.0751813	0.976965
0.851121	0.314446	0.427854
0.742862	0.673212	0.0759218
0.33542	0.601131	0.740507
0.65602	0.12923	0.751835
0.909887	0.166612	0.386021
0.327166	0.853629	0.478073
0.323243	0.946	0.130558
0.171841	0.588242	0.799766
0.474785	0.0988618	0.87805
0.371563	0.859046	0.361651
0.0481132	0.961605	0.29387
0.999714	0.18708	0.0280493
0.778058	0.143262	0.620002
0.542699	0.0852686	0.838488
0.0687792	0.811219	0.605797
0.833336	0.257056	0.496246
0.120596	0.850119	0.516862
0.496789	0.863709	0.108407
0.113862	0.222107	0.972638
0.173667	0.836036	0.525412
0.902789	0.195858	0.420706
0.588881	0.360879	0.735548
0.306118	0.597137	0.747105
0.98581	0.0358152	0.168065
0.586468	0.731451	0.356025
0.543724	0.826543	0.200715
0.79961	0.29984	0.529147
0.563667	0.098314	0.834843
0.62226	0.783644	0.0972163
0.132628	0.873415	0.473101
0.874288	0.191498	0.458037
0.362836	0.388869	0.851854
0.512002	0.841926	0.180627
0.434956	0.624465	0.653675
0.42225	0.368743	0.831413
0.486012	0.84512	0.236902
0.809031	0.590785	0.0312096
0.7363	0.520384	0.441939
0.524752	0.742099	0.422475
0.0345269	0.81131	0.592977
0.592269	0.159666	0.795852
0.288657	0.771675	0.586794
0.713127	0.709932	0.0427998
0.391355	0.730046	0.565103
0.382481	0.277611	0.901619
0.728054	0.539015	0.425485
0.289525	0.752875	0.627535
0.313903	0.958699	0.0824073
0.86355	0.248734	0.464091
0.795845	0.00735983	0.623718
0.140022	0.320151	0.940805
0.983142	0.24385	0.03501
0.81609	0.472158	0.371674
0.556663	0.0799062	0.841699
0.124298	0.204161	0.980591
0.528856	0.173091	0.832577
0.681278	0.620841	0.401911
0.000133992	0.103833	0.997404
0.108104	0.156723	0.986948
0.08423	0.48358	0.876447
0.663466	0.260243	0.702478
0.936562	0.354269	0.0516014
0.272108	0.527741	0.81069
0.150455	0.84058	0.529122
0.0771933	0.920511	0.397012
0.867817	0.326668	0.383243
0.580182	0.448061	0.700033
0.136862	0.933432	0.346727
0.347838	0.661078	0.675508
0.876247	0.28679	0.390455
0.936007	0.359058	0.0195389
0.584117	0.794175	0.184311
0.821943	0.303666	0.495661
0.066634	0.40686	0.923944
0.457569	0.356491	0.834224
0.354682	0.132058	0.935151
0.568613	0.71745	0.40481
0.4715	0.879552	0.0888097
0.0287015	0.88207	0.472624
0.964858	0.205913	0.176794
0.429105	0.391039	0.822315
0.267707	0.706253	0.662485
0.516123	0.847734	0.153243
0.581181	0.122409	0.822277
0.744963	0.675116	0.00847033
0.160718	0.922713	0.362309
0.493785	0.69809	0.525558
0.312417	0.56899	0.762842
0.896798	0.120237	0.433331
0.21987	0.949176	0.239354
0.366009	0.668679	0.654496
0.694002	0.685144	0.254905
0.094953	0.990342	0.122227
0.263053	0.690632	0.682906
0.00459142	0.480387	0.90151
0.526409	0.747348	0.408686
0.762499	0.4937	0.423277
0.0741934	0.972313	0.234187
0.452907	0.830156	0.349394
0.101278	0.500381	0.86629
0.215161	0.948722	0.24713
0.576465	0.81523	0.079831
0.971372	0.248517	5.41382e-05
0.807119	0.1344	0.581873
0.675478	0.564703	0.476644
0.318507	0.0570271	0.947721
0.703628	0.65794	0.289845
0.891752	0.330526	0.331834
0.780477	0.509103	0.368831
0.101351	0.500745	0.865494
0.768323	0.497471	0.404706
0.320384	0.320742	0.897235
0.800098	0.504705	0.364295
3.82692e-17	4.79531e-17	1.00195
6.12764e-17	7.79331e-29	1.00072
3.75e-33	6.12422e-17	1.00016
1.0052	0.0001938	0.00207825
0.975294	0.234342	0
0.812155	0.115432	0.583463
0.352288	0.531801	0.774908
0.0237872	0.998181	0.0993456
0.515125	0.760998	0.399419
0.0583602	0.63118	0.785445
0.227749	0.724337	0.651918
0.628163	0.732695	0.279417
0.120981	0.266285	0.962185
0.131578	0.207722	0.976076
0.0800836	0.855729	0.514649
0.409729	0.136283	0.916902
0.292528	0.840938	0.462577
0.796631	0.608752	0.0175361
0.264877	0.849444	0.464774
0.259886	0.462875	0.851517
0.180429	0.0292556	0.983839
0.926803	0.300065	0.252606
0.615025	0.677676	0.406823
0.133787	0.876634	0.471201
0.385221	0.886492	0.300807
0.762002	0.660741	0.155412
0.624631	0.799132	0.0314941
0.682305	0.467812	0.568506
0.154308	0.2317	0.962966
0.458526	0.0504783	0.888012
0.275141	0.163935	0.948667
0.312156	0.199487	0.932373
0.834651	0.0529092	0.560131
0.0703486	0.0731699	0.995345
0.0953495	0.555642	0.871756
0.376753	0.525353	0.767177
0.558639	0.825312	0.172455
0.0751012	0.868762	0.551941
0.414425	0.247276	0.878198
0.377535	0.567868	0.735278
0.893016	0.320556	0.35888
0.331612	0.953296	0.034036
0.736963	0.415894	0.540011
0.454909	0.229882	0.862297
0.240624	0.13984	0.962712
0.46425	0.618699	0.638661
0.670127	0.364052	0.654887
0.276836	0.160694	0.948129
0.248761	0.147458	0.958918
0.774118	0.106813	0.630842
0.851698	0.480643	0.263218
0.572722	0.819603	0.0467314
0.495288	0.649981	0.587611
0.662721	0.0810074	0.746254
0.529628	0.718464	0.483088
0.375258	0.561928	0.738614
0.173582	0.196153	0.966346
0.0135156	0.391243	0.930713
0.543491	0.777772	0.334196
0.475307	0.291481	0.839883
0.720329	0.200146	0.690857
0.302166	0.538179	0.792737
0.194241	0.551619	0.829168
0.917157	0.338845	0.242958
0.281089	0.901083	0.413305
0.347369	0.890604	0.345926
0.905012	0.420207	0.0894968
0.678487	0.219669	0.702925
0.213768	0.318897	0.926533
0.49895	0.74153	0.45198
0.992226	0.0628981	0.120489
0.713042	0.469842	0.533478
0.432753	0.120264	0.899029
0.250121	0.14502	0.957557
0.581055	0.814583	0.113465
0.782346	0.471578	0.416137
0.113375	0.942413	0.316657
0.268527	0.619787	0.759203
0.899714	0.435587	0.108901
0.97953	0.176088	0.107575
0.862362	0.22167	0.499566
0.205647	0.133465	0.973185
0.453949	0.682805	0.606701
0.308109	0.956664	0.0533327
0.746267	0.628154	0.23292
0.825023	0.54363	0.188155
0.9213	0.342694	0.218169
0.678833	0.387681	0.627353
0.698588	0.47807	0.556093
0.101611	0.603232	0.804449
0.423839	0.25231	0.873001
0.0922529	0.919798	0.386889
0.837795	0.424865	0.370278
0.140128	0.442652	0.896259
0.871614	0.272255	0.41897
0.997423	0.0361813	0.0699803
0.876136	0.499017	0.0373195
0.788876	0.45739	0.436227
0.986803	0.15963	0.126041
0.998571	0.044523	0.0667076
0.811981	0.0217111	0.591098
0.857858	0.517095	0.0660028
0.607157	0.805864	0.0744258
0.65538	0.756128	0.116282
0.569199	0.782354	0.275737
0.538025	0.503593	0.686452
0.484585	0.711874	0.517881
0.329196	0.866126	0.377828
0.971219	0.255035	0.0237288
0.0369805	0.992867	0.188304
0.490192	0.582834	0.659189
0.60293	0.664348	0.447425
0.941449	0.0893318	0.334381
0.84619	0.518152	0.138201
0.63755	0.754299	0.250035
0.957672	0.242851	0.183339
0.98213	0.181659	0.0888054
0.728166	0.235754	0.644809
0.062859	0.594691	0.808232
0.883989	0.314528	0.36206
0.165592	0.926116	0.345468
0.726764	0.680767	0.167556
0.135245	0.87508	0.47924
0.50192	0.621885	0.612517
0.506991	0.237585	0.837352
0.947459	0.00747292	0.323746
0.960822	0.136563	0.256886
0.931981	0.334543	0.149866
0.592927	0.37888	0.71202
0.808697	0.400577	0.44194
0.506304	0.752459	0.4269
0.653528	0.211589	0.728496
0.647508	0.747046	0.247869
0.357553	0.936541	0.00693987
0.0505118	0.981514	0.195229
0.31625	0.898109	0.318279
0.0341492	0.942194	0.341291
0.907988	0.331874	0.287064
0.104214	0.590656	0.810631
0.799939	0.582693	0.245132
0.534985	0.714552	0.457563
0.569222	0.770717	0.293715
0.0463473	0.442339	0.898058
0.702294	0.396329	0.614749
0.39952	0.635974	0.667204
0.633029	0.784113	0.0387664
0.145156	0.0593054	0.989851
0.692102	0.099941	0.720245
0.410198	0.147359	0.904616
0.794084	0.353431	0.506556
0.183812	0.0121514	0.991523
0.315081	0.445894	0.845457
0.467886	0.662139	0.597078
0.663717	0.0780533	0.746966
0.362031	0.134398	0.928942
0.914641	0.328318	0.247405
0.478254	0.284703	0.833012
0.0311832	0.971874	0.271597
0.372928	0.226658	0.903437
0.00578636	0.978491	0.21111
0.287764	0.377248	0.881269
0.166457	0.930955	0.334315
0.951601	0.288858	0.158867
0.390811	0.875011	0.298239
0.764859	0.591285	0.268293
0.0664188	0.662222	0.755387
0.594167	0.377158	0.712143
0.437936	0.500493	0.749981
0.73199	0.0902993	0.681543
0.174331	0.991098	0.0278459
0.55937	0.790212	0.256093
0.824662	0.260592	0.505042
0.302114	0.938051	0.205617
0.740672	0.40036	0.5468
0.392471	0.626813	0.675971
0.305622	0.698583	0.655314
0.955236	0.309271	0.107649
0.5238	0.694605	0.500939
0.340471	0.509433	0.800214
0.05541	0.96685	0.268758
0.967595	0.130528	0.230145
0.953332	0.275028	0.143164
0.77855	0.348908	0.528489
0.517261	0.603338	0.615992
0.699396	0.0965031	0.718565
0.010054	0.831966	0.566502
0.107881	0.915316	0.398429
0.975683	0.188422	0.129525
0.296648	0.531018	0.799888
0.188685	0.580603	0.795399
0.990625	0.0801343	0.234763
0.743231	0.637564	0.20666
0.953448	0.1714	0.252091
0.493138	0.641855	0.594224
0.684303	0.350891	0.65129
0.487893	0.370103	0.797863
1.10231e-17	6.06251e-17	1.00632
1.00546	0.00259399	8.14017e-17
5.05326e-16	1.48023e-32	1.00001
0.96332	0.268392	8.09601e-17
0.14518	0.714385	0.688645
0.385772	0.103013	0.922334
0.156421	0.534829	0.833518
0.0982172	0.555948	0.83683
0.126935	0.648389	0.751439
0.329816	0.0873098	0.949459
0.565087	0.692828	0.485173
0.655231	0.368379	0.66394
0.736216	0.387346	0.565038
0.435686	0.683652	0.6076
0.0851103	0.151646	0.986694
0.995141	0.126335	0.0678308
0.164404	0.642477	0.766338
0.505588	0.851996	0.164134
0.198696	0.539597	0.828048
0.298862	0.924814	0.24599
0.369748	0.194536	0.915983
0.676928	0.379826	0.649128
0.201544	0.969052	0.179666
0.151351	0.772763	0.626229
0.988178	0.115601	0.147243
0.43109	0.726455	0.551251
0.889687	0.460413	0.107412
0.582934	0.0251715	0.818984
0.0519367	0.135706	0.995943
0.324112	0.578577	0.74963
0.552453	0.795276	0.276059
0.187693	0.666282	0.728532
0.496319	0.780293	0.383272
0.629473	0.181312	0.771121
0.823902	0.248714	0.519414
0.427409	0.782501	0.459193
0.09421	0.800346	0.61408
0.87819	0.496824	0.053153
0.221197	0.809569	0.558196
0.745379	0.642513	0.221155
0.474194	0.0437715	0.88248
0.787354	0.360888	0.504671
0.92926	0.375797	0.0610758
0.696802	0.184459	0.708506
0.547313	0.783323	0.320418
0.397686	0.815293	0.432342
0.769811	0.0596041	0.637805
0.00272863	0.932337	0.373942
0.630913	0.518283	0.61196
0.244855	0.866813	0.451162
0.707342	0.671932	0.235385
0.0727409	0.298714	0.960207
0.750025	0.427709	0.511361
0.249846	0.959692	0.145668
0.67412	0.0109508	0.739015
0.954689	0.218154	0.211053
0.418082	0.131409	0.906739
0.805727	0.23686	0.54732
0.262273	0.562581	0.788083
0.27343	0.42905	0.867992
0.104741	0.767652	0.645995
0.172673	0.993872	0.0327915
0.196093	0.708682	0.682918
0.454171	0.773942	0.467543
0.026853	0.789302	0.619263
0.791146	0.609245	0.119038
0.527699	0.740859	0.422805
0.487997	0.871129	0.151818
0.87771	0.320583	0.412405
0.242397	0.516052	0.845114
0.230826	0.392291	0.896511
0.180219	0.986277	0.0179213
0.431068	0.656754	0.624751
0.72957	0.630613	0.282674
0.612856	0.605147	0.512497
0.570778	0.0738596	0.823212
0.6895	0.700704	0.189625
0.897033	0.41548	0.194256
0.257901	0.410978	0.888059
0.279928	0.755133	0.600685
0.941759	0.380851	0.0254643
0.887768	0.160767	0.441055
0.380554	0.255533	0.891031
0.979772	0.207381	0.0756891
0.724718	0.490224	0.490558
0.493174	0.661372	0.569795
0.33652	0.914989	0.224711
0.405623	0.593322	0.697831
0.505904	0.147086	0.862048
0.691017	0.598791	0.412189
0.52269	0.733826	0.440439
0.0619026	0.253539	0.979557
0.91005	0.332936	0.262931
0.315607	0.92943	0.207716
0.784079	0.254396	0.570313
0.534472	0.838661	0.120472
0.759037	0.43687	0.487676
0.921034	0.374733	0.201035
0.937623	0.224263	0.293368
0.885026	0.405656	0.241822
0.972503	0.188144	0.215124
0.282117	0.878935	0.397959
0.185459	0.678769	0.720685
0.414066	0.703709	0.586399
0.802219	0.139092	0.594619
0.638073	0.326228	0.707423
0.778302	0.42461	0.527485
0.504421	0.214771	0.841614
0.543044	0.748747	0.398753
0.58747	0.811316	0.134779
0.589871	0.571042	0.58217
1.00066	0.00499205	0.0115395
0.304075	0.0205533	0.96232
0.9148	0.315241	0.28495
0.346047	0.0130591	0.952211
0.121953	0.957023	0.305686
0.620359	0.290234	0.731884
0.117847	0.445843	0.9051
0.348397	0.509616	0.791707
0.288895	0.960875	0.0355296
0.662534	0.361451	0.666617
0.396353	0.485951	0.781669
0.111367	0.746478	0.666637
0.814088	0.0641673	0.581671
0.898046	0.43013	0.186667
0.44865	0.078754	0.901058
0.778193	0.629153	0.0996632
0.764836	0.0592189	0.642845
0.231729	0.824517	0.540321
0.443841	0.713557	0.544131
0.355335	0.202633	0.931181
0.288927	0.894072	0.35245
0.311282	0.58074	0.757025
0.0220179	0.711245	0.720418
0.0886841	0.516282	0.853822
0.835425	0.166956	0.536546
0.331497	0.567282	0.754881
0.557498	0.051461	0.832234
0.295199	0.91348	0.334298
0.673762	0.618168	0.412197
0.213382	0.974207	0.0929977
0.810862	0.309813	0.515827
0.102537	0.751496	0.672308
0.599595	0.0662693	0.806326
0.639725	0.327073	0.699681
0.297062	0.396943	0.876035
0.540088	0.34379	0.768263
0.660203	0.582499	0.494048
0.401612	0.886912	0.229536
0.977154	0.227512	0.0903631
0.950754	0.312232	0.105115
0.208676	0.17371	0.972839
0.184808	0.28885	0.941465
0.267338	0.903476	0.353426
0.122714	0.962997	0.289173
0.844449	0.0810946	0.544217
0.0315094	0.257517	0.97999
0.486008	0.829045	0.300691
0.856579	0.212151	0.475035
0.0144006	0.938856	0.348863
0.488411	0.834356	0.26774
0.720716	0.702882	0.164072
0.880452	0.338367	0.371076
0.913113	0.0155088	0.440133
0.716356	0.275287	0.64542
0.817771	0.351752	0.464004
0.174643	0.857843	0.491531
0.0347843	0.576586	0.826369
0.936345	0.0520822	0.353995
0.684912	0.0272887	0.729332
0.621988	0.285536	0.731353
0.840199	0.442709	0.359203
0.986698	0.176009	0.0858273
0.481687	0.0554503	0.878246
0.517532	0.498544	0.715521
0.603841	0.458655	0.669765
0.88951	0.467564	0.0540439
0.0394708	0.951277	0.309719
0.704771	0.683175	0.252667
0.106529	0.499237	0.86312
0.196674	0.941051	0.296217
0.288637	0.385685	0.882317
0.7967	0.138135	0.600863
0.354287	0.508013	0.794308
0.965504	0.251505	0.134247
0.0584556	0.417768	0.924833
0.385773	0.00817014	0.935347
0.340448	0.0452999	0.94439
0.392857	0.206694	0.910291
0.913692	0.00455818	0.408704
0.618867	0.611083	0.498131
0.643489	0.739172	0.21625
0.99845	0.0773069	0.0123183
0.851685	0.0290944	0.524126
0.247179	0.949448	0.203522
5.84683e-17	2.3686e-17	1.03024
1.01204	0.0933543	0
3.02205e-16	1.06682	0.00491333
6.12507e-17	7.63664e-25	1.0003
0.859434	0.533516	0
0.334367	0.819035	0.540202
0.405234	0.273092	0.893356
0.352183	0.256163	0.909996
0.516592	0.0290668	0.863749
0.0731928	0.939163	0.338576
0.689237	0.23797	0.69251
0.796274	0.151857	0.6065
0.0980701	0.0673195	0.994914
0.414639	0.694168	0.599044
0.0445589	0.988571	0.148848
0.911659	0.241835	0.409396
0.771116	0.639039	0.088487
0.544927	0.379677	0.750795
0.855893	0.162815	0.496551
0.0443591	0.99815	0.0626488
0.750159	0.620214	0.248395
0.884777	0.0703217	0.470049
0.524915	0.85459	0.0511155
0.104149	0.178921	0.978912
0.0865198	0.485908	0.873397
0.436945	0.317195	0.850707
0.207151	0.139798	0.968904
0.484987	0.823691	0.314266
0.743663	0.667229	0.0956898
0.971733	0.003916	0.244352
0.372983	0.727264	0.576873
0.716027	0.203861	0.675216
0.380442	0.741808	0.556593
0.277915	0.721916	0.646174
0.360419	0.0122448	0.942286
0.454697	0.88254	0.125605
0.176606	0.110304	0.984567
0.16151	0.692669	0.709605
0.489217	0.77741	0.398692
0.739573	0.515297	0.449487
0.803161	0.595735	0.160746
0.225949	0.969034	0.104418
0.730508	0.633093	0.264156
0.32474	0.216322	0.924929
0.206546	0.981857	0.0128055
0.709778	0.473772	0.531696
0.920537	0.388224	0.0773401
0.465026	0.80789	0.376049
0.70603	0.0773743	0.736307
0.185315	0.930809	0.347081
2.85504e-16	1.00786	0.00889241
0.212832	0.157823	0.965012
0.286566	0.949603	0.146462
0.448834	0.807855	0.411023
0.992908	0.0189394	0.132555
0.93577	0.224688	0.287703
0.296928	0.491672	0.829138
0.135994	0.0402225	0.992267
0.690215	0.491581	0.567572
0.34762	0.73767	0.581869
0.305975	0.504912	0.811923
0.613606	0.614638	0.510724
0.756677	0.202817	0.625963
0.583364	0.677232	0.458961
0.248054	0.922488	0.331079
0.649203	0.755348	0.145486
0.832472	0.539519	0.194188
0.0559048	0.70775	0.717574
0.270736	0.154832	0.951606
0.53132	0.586802	0.616518
0.697395	0.71472	0.111771
0.593587	0.796094	0.119975
0.602198	0.0531306	0.801047
0.663561	0.0585446	0.747642
0.679081	0.0717272	0.739399
0.111533	0.603538	0.793941
0.98558	0.193627	0.0179341
0.657891	0.65639	0.427468
0.23917	0.115023	0.966573
0.848634	0.45821	0.273719
0.96773	0.106054	0.234181
0.661946	0.682698	0.384918
0.119743	0.555616	0.824994
0.028592	0.949684	0.359082
0.45368	0.278676	0.865839
0.494034	0.332936	0.8063
0.814707	0.526448	0.282383
0.674353	0.294024	0.682844
0.301727	0.864016	0.423174
0.708331	0.307707	0.669173
0.906386	0.432201	0.0363724
0.639946	0.642208	0.438752
0.0026617	0.651115	0.789214
0.311127	0.718025	0.652269
0.873854	0.382445	0.309813
0.89252	0.0152935	0.464725
0.45718	0.442963	0.77609
0.469503	0.334387	0.836659
0.026224	0.759562	0.658574
0.470581	0.266156	0.846864
0.621669	0.0349791	0.792871
5.00161e-17	3.74061e-17	1.01999
0.0621841	0.349235	0.937988
0.783017	0.582361	0.231086
0.229371	0.899858	0.375896
0.0665855	0.373954	0.929719
0.942613	0.186777	0.289752
0.442249	0.762213	0.488241
0.0187775	0.864382	0.508345
0.147524	0.123648	0.982212
0.345418	0.732998	0.588982
0.804029	0.0941317	0.591688
0.492915	0.837155	0.275768
0.479633	0.820445	0.321897
0.474342	0.421567	0.780022
0.784504	0.355677	0.519168
0.787775	0.637687	0.107131
0.00955976	1.00042	0.0407682
0.126215	0.360112	0.933938
0.559354	0.317333	0.774788
0.0124907	0.6061	0.815308
0.562899	0.750622	0.381454
0.375063	0.745067	0.556906
0.259817	0.593472	0.764357
0.373025	0.259904	0.899496
0.0383959	0.104474	0.994517
0.621471	0.296496	0.730434
0.248641	0.408875	0.885461
0.736783	0.661248	0.169597
0.976047	0.0035744	0.225962
0.158929	0.798005	0.608154
0.124407	0.673203	0.731239
0.426091	0.894073	0.199354
0.540778	0.837669	0.0790579
0.33875	0.208138	0.918412
0.838292	0.414767	0.356368
0.812952	0.558044	0.20336
0.806475	0.545239	0.234173
0.343918	0.917403	0.211318
0.156807	0.781586	0.618303
0.572745	0.794328	0.219114
0.536672	0.551051	0.640008
0.191418	0.950214	0.254205
0.228083	0.648366	0.744223
0.292914	0.195121	0.940345
0.884308	0.394608	0.253811
0.629498	0.784507	0.0167966
0.399052	0.626552	0.673725
0.632866	0.431309	0.663612
0.0136426	0.87289	0.513291
0.197169	0.843889	0.529185
0.866167	0.469184	0.185939
0.233218	0.368854	0.90422
0.150101	0.789276	0.621319
0.655474	0.287898	0.707236
0.47323	0.0881323	0.880014
0.274216	0.182666	0.948388
0.222892	0.955921	0.216306
0.178462	0.770563	0.614683
0.5006	0.854014	0.152419
0.507312	0.861475	0.0506826
0.845274	0.436146	0.317498
0.591146	0.685401	0.435183
0.412651	0.693127	0.632862
0.934136	0.0833136	0.352812
0.181085	0.898916	0.403151
0.0399185	0.728118	0.71443
0.928096	0.222714	0.307431
0.504733	0.41121	0.77265
0.899292	0.447593	0
0.0581265	0.490694	0.874757
0.865196	0.40177	0.309829
0.613862	0.405206	0.698567
0.71201	0.30073	0.671662
0.311856	0.893023	0.348997
0.263925	0.347087	0.903463
0.644589	0.117395	0.757131
0.225683	0.167353	0.960635
0.38862	0.907597	0.181171
0.341217	0.724082	0.603771
0.951371	0.328563	0.0227693
0.127967	0.703243	0.703891
0.961878	0.284492	0.00306749
0.895648	0.424196	0.199476
0.600719	0.469655	0.660747
0.430565	0.901284	0.0729786
0.814185	0.567282	0.136681
0.559389	0.463576	0.700751
0.441708	0.76271	0.488349
0.998002	0.0462941	0.0950185
0.817141	0.565066	0.18933
0.272132	0.199299	0.942963
0.353921	0.555693	0.756283
0.382428	0.878207	0.319734
0.777583	0.578583	0.252844
8.59149e-17	0.17002	0.986397
6.12572e-17	1.79438e-33	1.00041
1.00081	6.78303e-06	5.64009e-05
1.73471e-32	6.12374e-17	1.00008
3.04446e-06	1.00106	0
6.03931e-17	1.45729e-17	1.0146
0.20648	0.974078	0.148894
0.59149	0.659238	0.466579
0.140248	0.968652	0.217859
0.821027	0.510571	0.263581
0.282363	0.956348	0.229675
0.644432	0.647094	0.485559
0.190435	0.52606	0.840047
0.421399	0.735548	0.539603
0.276841	0.0767556	0.962657
0.477562	0.257034	0.843234
0.633284	0.758316	0.171967
0.826045	0.024817	0.575695
0.996324	0.00410407	0.117574
0.0409348	0.787479	0.625966
0.980243	0.193773	0.111283
0.670809	0.697391	0.274343
0.693391	0.286491	0.665567
0.571551	0.119672	0.820579
0.467912	0.494515	0.736885
0.249453	0.514299	0.832495
0.178737	0.147966	0.973763
0.938829	0.0451104	0.410179
0.64045	0.711699	0.296462
0.0591951	0.833153	0.5593
0.097072	0.105929	0.998083
0.575876	0.607728	0.551485
0.969233	0.212529	0.155224
0.333772	0.904976	0.355866
0.908933	0.0337143	0.417177
0.138846	0.111902	0.986611
0.921158	0.0569268	0.402762
0.76478	0.437306	0.489657
0.724221	0.173646	0.671037
0.682637	0.528814	0.507602
0.459655	0.461618	0.762235
0.894501	0.377584	0.244716
0.610138	0.798107	0.00160461
0.523523	0.169034	0.845142
0.546579	0.490891	0.681256
0.990589	0.0697886	0.13
0.462919	0.88502	0.080376
0.878869	0.479397	0.0713954
0.920263	0.387348	0.0953642
0.156393	0.723494	0.676085
0.180451	0.80148	0.585144
0.619366	0.232451	0.756913
0.094598	0.548818	0.84076
0.554725	0.668287	0.512793
0.806279	0.0299067	0.594136
0.860613	0.126314	0.543285
0.973406	0.225108	0.131245
0.814659	0.619476	0.0313469
0.927732	0.352035	0.200931
0.24469	0.466933	0.851871
0.647089	0.747213	0.206371
0.516699	0.331891	0.791162
0.603555	0.126374	0.798403
0.748848	0.177707	0.641513
0.532654	0.841626	0.123671
0.213015	0.96635	0.181251
0.655802	0.681138	0.329743
0.962017	0.274731	0.0249853
0.110311	0.4131	0.905721
0.338647	0.935483	0.189911
0.00144141	0.359761	0.934142
0.0352677	0.903891	0.436802
0.400671	0.826067	0.422574
0.444506	0.0141206	0.907448
0.542628	0.597259	0.600577
0.0273043	0.699793	0.717437
0.842269	0.45706	0.307851
0.739524	0.238776	0.642882
0.887384	0.336725	0.322462
0.403378	0.916709	0.00170596
0.00666949	0.814304	0.580646
0.774651	0.586789	0.250918
0.730724	0.634893	0.257654
0.133096	0.425253	0.895875
0.28663	0.950918	0.135705
0.0663105	0.788903	0.617845
0.84917	0.529655	0.0752247
0.179538	0.687838	0.708454
0.310623	0.62461	0.729764
0.589313	0.804157	0.147178
0.393145	0.918732	0.0508377
0.123222	0.42926	0.897886
0.897923	0.245005	0.369644
0.460478	0.605606	0.654061
0.715443	0.64414	0.335728
0.794801	0.564764	0.249055
0.162697	0.694131	0.705165
0.43604	0.904776	0.00894259
0.790174	0.449942	0.43451
0.0894487	0.214466	0.975173
0.300909	0.0834284	0.95221
0.929704	0.200084	0.319015
0.233565	0.555178	0.811099
0.49764	0.305887	0.8136
0.502148	0.146168	0.876351
0.781623	0.438288	0.456505
0.98939	0.062193	0.1456
0.838595	0.264732	0.489078
0.501074	0.52522	0.691055
0.263653	0.858465	0.449364
0.428735	0.893718	0.145584
0.34064	0.92674	0.185796
0.284742	0.962443	0.0709213
0.0206932	0.474016	0.888557
0.0177947	0.450424	0.899219
0.106705	0.293869	0.953433
0.579412	0.693808	0.442012
0.856351	0.393471	0.359992
0.548775	0.551042	0.648666
0.55685	0.773193	0.306101
0.568471	0.618887	0.564141
0.712796	0.702949	0.111264
0.126874	0.714009	0.703566
0.629448	0.783473	0.00160523
0.161138	0.047998	0.988622
0.270531	0.880861	0.423795
0.40073	0.100913	0.924217
0.385793	0.927602	0.0417274
0.83296	0.290883	0.488565
0.2951	0.616687	0.752642
0.384613	0.92266	0.0791312
0.583198	0.8135	0.0713837
0.32154	0.628751	0.717281
0.868815	0.221763	0.446929
1.47049e-06	0.483521	0.883869
0.153413	0.871784	0.489113
0.0183065	0.779815	0.629173
0.953569	0.310995	0.0416597
0.906154	0.209556	0.385176
0.923353	0.383598	0.0954983
0.347549	0.0963598	0.936026
0.53352	0.67037	0.52659
0.651809	0.151794	0.754919
0.158433	0.675938	0.724544
0.958796	0.000619184	0.289062
0.0736821	0.401027	0.917336
0.684072	0.64123	0.350412
0.935822	0.325864	0.164624
0.258005	0.318087	0.921449
0.063148	0.343693	0.940774
0.708254	0.298966	0.641938
0.364373	0.0877393	0.930506
0.108973	0.128573	0.991009
0.269925	0.533259	0.80327
0.761454	0.567204	0.315588
0.0344918	0.139721	0.999721
0.220276	0.221245	0.952039
0.731064	0.161228	0.674536
0.325065	0.942024	0.194687
0.310819	0.602381	0.742911
0.65295	0.678176	0.363874
0.251644	0.277903	0.929634
0.942248	0.329224	0.103693
0.358552	0.369468	0.862705
0.319319	0.657815	0.690286
0.407752	0.578609	0.760151
0.327008	0.414745	0.853476
0.963068	0.303128	0.00478311
0.914623	0.167093	0.385397
0.224561	0.965818	0.139683
0.823278	0.556493	0.196223
0.417133	0.323199	0.852726
0.453318	0.198939	0.87373
0.0829054	0.857136	0.517746
0.468191	0.830634	0.33621
0.735642	0.403947	0.563407
0.425833	0.217893	0.892729
0.513381	0.850086	0.123306
0.367748	0.399326	0.844047
0.913179	0.263035	0.336444
0.107908	0.118772	0.9917
0.853704	0.52593	0.0490393
0.491485	0.519429	0.708278
0.92796	0.0601617	0.383717
0.917927	0.376436	0.137804
0.374126	0.889384	0.279428
0.711993	0.715952	0.0513667
0.678803	0.672999	0.305929
0.0618516	0.336638	0.943178
0.482825	0.366698	0.80563
0.357945	0.932395	0.0624817
0.955515	0.310346	0.012938
0.799003	0.221528	0.580731
0.241825	0.553062	0.801974
0.90006	0.441996	0.0231839
0.126586	0.301866	0.94873
0.252416	0.973356	0.0635875
1.00807	0	0.00057816
2.96423e-27	6.12473e-17	1.00024
6.02118e-17	1.27505e-17	1.00514
0.982504	0.10039	0.181414
0.861502	0.46813	0.205116
0.899666	0.117035	0.436103
0.931027	0.0280285	0.393665
0.197286	0.980106	0.0730917
0.875477	0.439193	0.20865
0.44625	0.28373	0.869224
0.513133	0.342778	0.793887
0.916843	0.340027	0.242185
0.857269	0.513738	0.0839079
0.692899	0.448883	0.597473
0.745919	0.656114	0.126179
0.336789	0.550288	0.783101
0.817608	0.369586	0.447351
0.647075	0.75893	0.155711
0.668114	0.334125	0.694123
0.542429	0.737718	0.414995
0.204972	0.0877248	0.981812
0.579903	0.690544	0.443097
0.184077	0.0748487	0.987371
0.405811	0.794793	0.456691
0.748699	0.542037	0.405877
0.212767	0.490656	0.864325
0.0342796	0.62055	0.811646
0.255924	0.180635	0.952377
0.800532	0.0545224	0.632437
0.387732	0.125402	0.914415
0.551878	0.829386	0.119952
0.32638	0.943703	0.101193
0.0571922	0.996576	0.0906075
0.755796	0.311555	0.578968
0.503542	0.592658	0.646231
0.0238129	0.638458	0.774235
0.705177	0.624453	0.36453
0.482139	0.821965	0.312865
0.688723	0.467214	0.585245
0.835996	0.199197	0.524176
0.436457	0.905465	0.0690779
0.697289	0.159365	0.700611
0.653506	0.453309	0.608282
0.138166	0.984788	0.113143
0.130499	0.641304	0.759851
0.261033	0.505084	0.824584
0.95141	0.305234	0.101256
0.392292	0.921755	0.0568431
0.441331	0.0431328	0.91746
0.1831	0.345899	0.923071
0.461507	0.884451	0.108236
0.302315	0.521206	0.809051
0.246033	0.291115	0.932258
0.965211	0.108944	0.260809
0.560818	0.598706	0.574733
0.943061	0.0229786	0.336556
0.729692	0.647716	0.248878
0.90621	0.366601	0.234786
0.284234	0.411127	0.875018
0.00489288	0.502409	0.881881
0.417116	0.681535	0.625899
0.377472	0.23861	0.905463
0.0444461	0.781854	0.627249
0.609769	0.322066	0.727328
0.297377	0.573349	0.76692
0.380632	0.927488	0.0562652
0.362446	0.52804	0.771829
0.657189	0.764281	0.0249044
0.971294	0.0997411	0.22806
0.613164	0.760148	0.218216
0.73588	0.387278	0.56438
0.639894	0.231608	0.735772
0.492315	0.337417	0.803088
0.707448	0.611835	0.382447
0.074383	0.329793	0.942276
0.0407958	0.70362	0.711997
0.401094	0.911121	0.175017
0.214966	0.252996	0.951626
0.828128	0.0681103	0.558508
0.0208949	0.378252	0.929201
0.9689	0.104351	0.261658
0.040825	0.751429	0.660959
0.428798	0.846699	0.325932
0.705619	0.611927	0.426377
0.168645	0.697409	0.708616
0.886183	0.032156	0.467457
0.29367	0.18845	0.945905
0.809404	0.136	0.584343
0.120308	0.85245	0.514706
0.312171	0.836924	0.454808
0.990261	0.149326	0.0205317
0.939892	0.360925	0.0148416
0.5861	0.726596	0.4084
0.0970505	0.951796	0.294978
0.0672359	0.298105	0.958129
0.170956	0.406548	0.899163
0.0270118	0.99263	0.16448
0.843891	0.542087	0.149098
0.811596	0.466313	0.370251
0.143908	0.567104	0.822253
0.987954	0.0914622	0.138779
0.126335	0.969064	0.225388
0.348935	0.579828	0.752757
0.676176	0.176002	0.720085
0.192613	0.495663	0.858115
0.540801	0.6442	0.54892
0.108877	0.835155	0.55206
0.672012	0.674066	0.319002
0.999811	0.000800005	0.132262
0.458824	0.266764	0.851853
0.315815	0.721041	0.633048
0.234345	0.472929	0.859044
0.515175	0.60423	0.608625
0.765673	0.0718834	0.64213
0.786323	0.576662	0.246836
0.776639	0.56166	0.301053
0.723615	0.151206	0.683239
0.834616	0.536129	0.164311
0.0889911	0.765056	0.65862
0.336147	0.933729	0.142513
0.534906	0.832849	0.143618
0.287982	0.961627	0.0308578
0.996554	0.0835951	0.0513801
0.763477	0.552736	0.361348
0.000272961	0.875794	0.486474
0.620814	0.730643	0.31348
0.721981	0.318428	0.618055
0.474482	0.8827	0.0458303
0.239594	0.10815	0.970033
0.276729	0.900799	0.351321
0.911139	0.0216732	0.438098
0.195302	0.516883	0.836319
0.0463276	0.228454	0.975824
0.710258	0.630465	0.318294
0.469891	0.887686	0.00947985
0.439065	0.859922	0.274849
0.0410494	0.707994	0.707424
0.568394	0.748465	0.35667
0.231103	0.955696	0.22123
0.0744284	0.868283	0.506147
0.832873	0.169764	0.54969
0.551154	0.801446	0.253941
0.726775	0.1457	0.685079
0.0770844	0.209681	0.987199
0.829535	0.357599	0.460818
0.776394	0.561483	0.304245
0.880801	0.380888	0.291663
0.562957	0.00710234	0.840526
0.846831	0.13929	0.516882
0.821214	0.586806	0.0361628
0.268539	0.905382	0.346444
0.826859	0.58052	0.0381983
0.842003	0.399538	0.376178
0.710667	0.0815515	0.700181
0.0134354	0.686954	0.729685
0.148194	0.896266	0.428006
0.947171	0.0794525	0.320741
0.402779	0.776526	0.498841
0.793015	0.499907	0.355761
0.436829	0.841663	0.333744
0.413992	0.261695	0.877195
0.6047	0.426351	0.674587
0.22859	0.485126	0.845755
0.352784	0.912338	0.232251
0.572937	0.820313	0.0601713
0.365046	0.434694	0.830195
0.0550374	0.959029	0.285829
0.309254	0.161382	0.945618
0.1762	0.93961	0.349703
0.273045	0.394943	0.885859
0.4693	0.886569	0.0164322
0.860069	0.141467	0.49481
0.680785	0.177076	0.717185
0.594104	0.0582012	0.803226
0.754714	0.185901	0.634917
0.762486	0.396174	0.519983
0.826892	0.204136	0.534093
0.941185	0.215107	0.276373
0.739057	0.215776	0.642859
0.0024176	0.965999	0.270756
0.880999	0.0333625	0.479431
0.101012	0.799784	0.615907
0.598966	0.815109	0.0589641
0.555438	0.0071949	0.841103
0.294187	0.683996	0.670701
0.54422	0.669362	0.526178
0.823015	0.430841	0.387363
0.0506639	1.00045	0.0463976
0.370853	0.875458	0.326509
0.45923	0.497831	0.746137
0.493054	0.718288	0.505266
0.376599	0.93041	0.0511982
0.16	0.272773	0.951502
0.842659	0.304998	0.471252
0.0494052	0.238317	0.971627
0.346837	0.222495	0.913151
0.351148	0.76979	0.53923
0.269802	0.390253	0.89255
