0.197757	3.48998	0.954403
1.73888	0.191849	0.60552
1.85723	0.216609	0.180579
1.94378	0.215123	0.205906
0.62941	0.209101	3.60863
0.291088	2.25984	1.29948
1.2555	0.479301	0.626943
0.506903	1.4289	1.26531
0.578499	0.267427	3.41791
1.08861	0.612989	1.17965
0.40035	2.32833	0.299459
0.703313	0.217869	3.42177
0.31714	0.210462	4.45626
0.230192	2.4367	1.98217
0.41067	0.238791	3.93927
0.358342	0.206803	4.56474
0.516222	1.50509	1.2395
0.636829	0.338267	3.19356
0.201111	3.14043	1.37769
0.674959	0.805463	2.27365
0.205539	3.96678	0.256053
0.327277	1.84928	1.40103
0.676084	0.445742	2.79122
0.600238	0.235567	3.72042
0.47265	1.54743	1.33386
1.00854	0.832421	0.467605
0.200671	3.75851	0.471106
1.40831	0.519233	0.213618
1.32932	0.449281	0.710454
0.198688	3.25263	1.30136
1.42889	0.400381	0.459494
0.950694	0.788931	1.13848
0.483468	1.9109	0.355066
1.0771	0.263844	2.01631
0.784579	0.67493	1.66352
0.814	0.699043	1.53636
0.609979	0.212935	3.70605
0.442439	1.8027	1.07928
1.06155	0.240264	2.30721
1.30189	0.408749	1.16657
0.839373	1.08803	0.690032
0.419876	1.17202	2.33142
0.306037	2.87897	0.207401
0.605777	0.262588	3.31663
0.374233	2.09982	0.852152
0.226255	2.55199	1.74054
0.931968	0.936124	0.483338
0.789712	1.27774	0.268254
1.63805	0.37391	0.223377
0.697327	0.233948	3.02541
0.225022	2.85002	1.43732
0.755263	0.652681	1.94713
1.48344	0.270987	1.1523
1.34676	0.563148	0.20902
0.95735	0.42741	1.86493
0.807392	1.05351	0.859941
1.37803	0.50938	0.27982
0.850519	0.728009	1.46839
0.199936	3.54918	0.84827
0.536318	0.983213	2.07668
0.492884	1.00617	2.42114
0.68506	0.261333	3.04004
0.500244	2.0041	0.288208
0.787234	1.251	0.367828
0.208779	3.3154	1.25604
1.45996	0.352482	1.06778
0.23429	2.70064	1.54634
1.77216	0.221683	0.511848
0.994567	0.536508	1.46197
0.232259	2.4761	1.9058
0.243217	2.38072	2.14273
0.466464	1.70925	0.932818
0.388519	2.23177	0.498512
0.554172	1.66841	0.542926
1.16904	0.322447	1.41764
0.521309	1.20775	1.50756
0.510095	0.912681	2.56095
0.484086	1.03374	1.60102
0.232261	2.61892	1.64601
1.04598	0.723688	0.885167
0.715842	0.214147	3.12456
1.82411	0.214586	0.404502
1.14946	0.24486	1.7603
1.58271	0.359963	0.391142
0.250678	2.19529	2.49913
0.720909	0.263211	2.93677
0.228191	2.66591	1.57266
0.200032	3.48552	0.969131
1.20727	0.463875	0.994841
1.55304	0.254734	1.06037
0.528677	1.96452	0.207711
1.02305	0.65003	1.11466
1.51239	0.272505	1.02284
0.345877	0.242346	4.30466
0.749572	1.18753	0.672037
0.244982	2.49566	1.90444
0.384635	0.204064	4.39272
0.461523	2.16743	0.315327
0.199257	3.22071	1.32922
1.11371	0.379152	1.40919
1.19614	0.536773	0.726906
0.982156	0.411749	2.06061
0.662291	0.279784	2.92266
0.621785	0.899207	1.5393
0.666423	0.264799	3.12587
0.868243	1.14471	0.228209
0.398458	0.202073	4.37231
0.450545	1.15917	2.19371
0.483588	2.0432	0.266021
1.0369	0.229928	2.39113
0.204956	3.32594	1.23475
0.406194	0.200621	4.2371
0.500415	1.95631	0.308496
0.28212	0.1989	4.99732
0.207324	3.91352	0.298115
0.505843	1.29821	1.43307
0.880257	0.88514	0.941432
0.759541	0.249173	2.7262
0.740935	1.33055	0.264439
0.230947	2.73093	1.51089
1.1635	0.603483	0.483462
0.392394	1.35015	2.19498
1.41886	0.437238	0.380062
1.21057	0.74972	0.355503
0.375908	0.21238	4.28135
0.231172	2.65063	1.59875
0.723174	1.12881	0.859852
0.281053	0.200137	4.99794
0.239585	2.20315	2.46162
0.703329	0.454501	2.70293
0.482666	1.52864	1.33702
0.645493	0.990671	1.39197
0.761736	1.08172	0.932233
1.75374	0.235044	0.443904
0.976912	0.484185	1.69677
0.488985	1.73583	0.678803
1.27044	0.41997	1.08747
0.95741	0.274144	2.53584
1.60416	0.397594	0.320109
1.19701	0.557461	0.70628
1.36619	0.506579	0.311554
1.50914	0.337622	0.563301
1.29412	0.418251	0.901876
0.18344	3.95282	0.229172
0.183484	4.1406	0.183797
2.10614	0.188195	0.186671
2.02189	0.184009	0.229033
0.241022	0.188903	5.05488
0.277722	2.37363	1.22172
0.317787	0.202431	4.89138
1.97145	0.208101	0.188818
0.689737	0.703039	2.76382
0.184766	3.86747	0.297125
0.585596	0.213958	3.62842
0.191274	2.97705	1.39123
1.24367	0.581799	0.688405
0.463543	0.203063	3.89252
1.31151	0.370224	1.24573
0.235134	0.190799	5.05471
1.36992	0.375514	1.0438
0.385368	1.38831	1.91619
0.547542	0.924347	2.02908
1.34001	0.560075	0.415236
0.191274	3.60442	0.716394
0.369055	0.194244	4.35793
1.2066	0.456112	1.17537
1.62871	0.304729	0.378575
0.220152	3.46194	1.06758
0.783429	0.217214	2.66161
2.05906	0.186013	0.202085
0.18989	3.29658	1.23707
0.322098	0.202914	4.76859
0.203832	3.81319	0.400499
0.207823	3.55257	0.864831
0.615585	1.69983	0.271729
0.504303	0.967994	2.24587
0.948453	0.429484	1.97965
0.823805	0.50504	1.81026
0.565805	0.852186	2.29183
1.71963	0.286924	0.185579
1.86205	0.194259	0.662832
0.925907	0.26662	2.54454
1.59647	0.268593	0.574998
0.454021	1.31457	1.70752
1.6766	0.263035	0.329119
0.753847	1.18706	0.4751
0.530717	0.875931	2.40598
2.00229	0.196906	0.189154
0.739695	1.45471	0.22609
0.334625	0.211454	4.6672
0.771211	0.510482	2.18686
0.20032	3.75724	0.472157
1.56008	0.326333	0.311269
1.16416	0.679686	0.575225
0.443055	1.97714	0.484301
0.430138	2.0307	0.297125
0.299856	2.68953	0.469206
0.38995	0.201495	4.21626
2.08013	0.192605	0.1953
0.451499	1.29651	1.78196
1.38639	0.476116	0.381046
0.251148	2.32599	2.27975
0.4101	1.25248	1.86436
0.194502	4.01849	0.215393
0.225889	2.61452	1.6367
0.400002	0.197627	4.07536
0.697983	1.54	0.239243
0.840926	1.13966	0.351936
1.2865	0.476872	0.723982
0.894072	0.541382	1.49143
0.494546	1.34813	1.64837
0.717811	0.934053	1.44211
0.353394	0.213993	4.47052
1.01674	0.273584	2.35524
0.522583	1.76501	0.398051
0.496637	1.83186	0.464584
0.188178	4.07899	0.193283
0.450504	1.92655	0.569908
0.674591	1.26269	0.759777
0.488741	1.82116	0.543076
1.26799	0.633833	0.511217
0.421932	2.18362	0.243371
0.846011	0.479477	2.31123
1.40658	0.24716	1.36931
1.03171	0.206696	2.4443
0.954025	0.82713	0.852608
0.58043	1.66241	0.275039
0.243294	2.58576	1.72819
0.249644	2.0992	2.5967
0.390694	0.791915	2.998
0.367086	0.195236	4.38414
0.508514	1.91104	0.265391
1.80454	0.221312	0.246522
0.714624	1.22343	0.797473
0.534955	0.205056	3.78441
0.200308	3.71068	0.547866
0.323592	0.195698	4.72445
0.383078	2.46656	0.217493
0.633072	0.815775	1.63587
0.203594	3.3539	1.19472
0.289423	2.82067	0.238913
0.192001	3.17815	1.34578
1.48911	0.289145	0.915614
0.243823	2.26175	2.37875
0.309965	2.55113	0.883721
0.290184	2.44569	1.10009
0.640033	1.05142	1.35634
1.02425	0.727404	1.10642
0.193399	2.91826	1.39368
0.199705	3.23369	1.31976
0.33158	0.608529	3.81868
0.485697	1.73684	1.01831
0.598575	1.6278	0.526696
0.876103	1.01468	0.410394
0.358659	0.722852	3.27827
1.61015	0.219621	0.989159
1.42162	0.322095	1.13252
0.485125	1.16926	2.08385
2.02303	0.187167	0.228844
0.669452	0.235821	3.21252
1.82324	0.244516	0.20238
0.770588	1.08906	1.21098
0.516083	1.58685	0.82772
0.806187	1.11505	0.610964
0.450564	1.50051	1.4692
0.360253	0.704912	3.45189
1.47139	0.351238	0.722841
0.965762	0.425731	1.5582
0.393455	1.98079	0.737609
0.688719	1.2242	0.756778
0.742738	1.42657	0.252874
0.355898	2.51697	0.248594
0.36161	2.26738	0.936823
0.39428	1.48501	1.58022
1.0821	0.432876	1.42359
0.250302	2.33207	2.26512
0.296861	2.9447	0.2023
0.183506	3.96141	0.224546
0.543815	1.37497	1.31553
0.471933	1.15069	2.10907
1.77508	0.204153	0.555722
0.769988	0.721371	1.53908
1.74964	0.239597	0.24767
1.78236	0.20223	0.65836
1.55838	0.36376	0.482217
1.45917	0.417978	0.624717
0.401418	0.21851	3.98467
1.10538	0.697104	0.576744
0.350298	0.196394	4.57874
0.187849	4.05364	0.197258
1.65395	0.351079	0.205913
0.980876	0.22544	2.6091
0.527554	1.60248	0.812767
1.53387	0.299823	0.576243
0.409571	2.04157	0.712079
0.399463	0.200886	4.12499
1.0458	0.56083	1.43926
0.200405	3.22813	1.3255
0.33158	0.608529	3.81868
0.354584	0.195631	4.58218
0.401418	0.21851	3.98467
0.337059	0.202132	4.51312
0.19051	3.90588	0.273602
0.959654	0.921567	0.96018
0.649979	0.87949	1.81279
0.467163	1.36272	1.65036
0.661726	0.547341	2.70017
1.38016	0.294506	1.49079
0.539229	0.518214	3.56923
0.873552	0.449025	2.33379
0.590605	1.44195	1.40533
0.835348	1.19571	0.550732
0.892149	0.452878	2.20733
0.723136	1.18324	1.35653
0.626128	1.92716	0.264557
1.30486	0.636975	0.424972
1.14768	1.0171	0.356435
0.612458	0.841048	2.10071
1.19567	0.988914	0.325448
0.193194	3.43712	1.03691
0.394777	2.43393	0.201986
1.49472	0.205699	1.40151
1.54291	0.228161	1.37907
0.273887	0.400871	4.92117
0.850974	0.493303	2.06681
0.240901	2.36032	2.17854
0.224894	3.65336	0.720851
0.262062	0.481995	4.62677
0.905174	0.449696	1.91588
1.87172	0.240417	0.218214
0.201659	3.89413	0.304727
0.868054	0.502798	1.97287
0.598418	0.985402	1.49245
0.300071	0.46469	4.45168
0.654102	0.297862	2.87892
0.315187	2.8619	0.230477
0.519779	0.338098	3.81009
0.292317	1.68259	2.21686
0.325779	2.56525	0.550112
1.33573	0.563996	0.22638
0.304761	0.22164	5.00627
0.571	1.63891	0.408834
0.420467	2.31694	0.264708
0.527443	0.962063	1.86557
0.88324	0.504605	1.80255
0.971364	0.298417	2.3754
1.49815	0.348456	0.439906
0.684562	0.254647	3.12073
1.00563	0.847327	0.535999
0.943469	0.42473	2.00131
0.554851	1.51023	1.06513
0.314433	2.79538	0.275533
1.76754	0.253477	0.512533
0.369033	1.53201	1.60526
0.298537	2.51933	0.842785
0.29342	2.64179	0.482906
0.772811	1.02804	1.15742
0.619151	1.41775	0.669566
0.711107	1.31926	0.62364
0.383764	2.27552	0.637869
0.544315	0.292552	3.71714
0.256945	0.474763	4.82
0.612996	0.291187	3.18573
0.669428	0.297988	2.8084
0.490915	1.71697	1.04709
0.546607	0.806836	2.34595
1.03351	0.638349	1.41382
0.532182	1.75693	0.376476
0.329318	2.70301	0.289796
0.562117	0.350682	3.27967
0.304311	2.37603	1.17588
1.3679	0.311416	1.34672
1.15394	0.240134	2.1015
0.779182	0.241655	2.75826
0.316455	2.76655	0.313809
0.582934	0.323093	3.19689
0.520676	2.04038	0.232642
0.403306	1.33367	2.25295
0.593764	0.299108	3.3509
0.957257	0.263635	2.61314
0.21547	3.29521	1.29272
0.416454	1.17461	2.21719
0.355676	1.28206	2.55672
0.206878	3.46333	1.02857
0.37225	2.42434	0.255283
0.912488	0.520662	1.51186
0.295306	2.47346	0.964095
1.40084	0.268864	1.43157
0.543477	0.306935	3.56636
0.583678	0.875497	1.83845
0.726908	0.256092	2.79079
0.236749	2.14041	2.53471
1.17957	0.498575	1.3739
0.352188	2.0853	1.15218
0.987169	0.68071	1.26934
0.741462	1.16479	1.00584
1.07932	0.785052	0.325341
0.74257	1.09475	1.08795
0.308393	2.6807	0.443115
0.523513	0.923664	2.49735
1.57201	0.293501	0.67714
0.936463	0.75532	1.27386
1.06325	0.7326	0.656973
0.368012	1.22435	2.66334
0.363824	2.21641	0.755408
1.39737	0.362372	0.916671
1.60304	0.321361	0.346015
0.453444	1.96334	0.695006
1.05242	0.40451	1.4477
0.521726	0.762001	2.57509
0.481212	1.88515	0.426619
1.07004	0.373115	1.54633
0.549874	0.943553	1.83844
1.62789	0.302673	0.62364
0.812672	0.714202	1.41941
1.20469	0.619353	0.459401
0.203848	3.56598	0.827309
0.557906	1.57284	0.725971
0.511115	1.79268	0.675939
0.351492	2.48	0.903763
0.37653	2.12566	1.12846
0.39055	1.46204	1.60725
1.05777	0.899141	0.206818
1.21382	0.355024	1.43905
1.95452	0.211224	0.290742
0.765111	1.1465	0.734345
0.362597	1.24289	2.67371
1.28918	0.663423	0.326264
0.502754	1.99402	0.239623
0.509495	1.0515	1.80526
0.762655	1.04836	1.24639
1.16622	0.698876	0.527773
1.07328	0.7815	0.358448
0.275176	0.431892	4.65904
1.57241	0.304564	0.643081
0.270539	0.413	4.79338
1.32619	0.651229	0.389355
0.429385	1.76227	1.47731
1.83055	0.235627	0.295765
0.828521	1.26634	0.206205
1.45065	0.455606	0.297275
0.180729	0.180729	6.18073
0.18064	4.12032	0.181509
0.18064	4.12032	0.181509
2.02183	0.19062	0.181961
1.9203	0.206715	0.179722
0.180729	0.180729	6.18073
0.238094	0.184087	5.044
0.287149	2.83887	0.18454
0.808545	0.579043	2.13828
0.267275	0.204644	4.9862
0.475375	1.98004	0.235496
0.210673	2.37073	2.06209
0.181562	2.94576	1.38156
1.73508	0.262887	0.229946
0.203679	2.26822	2.25245
0.554991	0.233723	3.59007
1.43236	0.270452	1.20536
0.220102	2.57839	1.67841
0.785836	0.476667	2.57585
0.189056	3.8321	0.34384
1.80187	0.225101	0.293773
0.562767	0.231175	3.66834
0.182272	3.91141	0.254556
1.4771	0.288424	0.92135
0.886075	0.906945	0.652322
0.634258	1.46637	0.980575
0.183728	3.6374	0.632458
0.18771	3.29083	1.23908
0.219435	2.64486	1.57925
0.39077	2.07404	0.495566
0.342136	0.193235	4.6472
0.182429	3.7379	0.456515
0.303645	2.22531	1.08931
0.604278	0.195766	3.50745
1.06437	0.554182	1.22942
1.98393	0.190917	0.190203
0.677855	0.198132	3.35486
0.380407	0.206779	4.09374
0.48877	1.04728	2.35979
0.32392	2.74683	0.302246
0.251571	2.18911	2.50933
0.617554	0.912119	1.56231
0.228949	2.42457	2.00416
1.18858	0.437689	1.0346
0.435021	0.193552	3.94675
0.181183	4.03006	0.194539
0.510512	1.51905	1.15078
0.672058	0.200034	3.08756
1.84924	0.208867	0.307958
1.22585	0.675215	0.381049
0.613276	0.220335	3.23126
0.725376	0.234392	2.87194
0.27642	0.247005	4.54871
0.397223	0.195606	4.26517
1.82349	0.259085	0.197367
0.184751	3.57087	0.76183
0.527051	1.56503	0.947469
0.414509	0.186111	4.01875
0.182863	3.2418	1.28087
0.586899	0.961742	1.62782
1.21759	0.24884	1.93665
0.394195	1.08915	2.66425
0.182181	3.09188	1.36851
0.941132	0.237403	2.43742
1.09638	0.648669	0.660405
0.338862	1.89861	1.41729
0.767012	1.17662	0.350115
0.429236	1.84938	1.18633
0.190898	3.377	1.12965
0.321315	0.185292	4.85112
1.13039	0.266527	1.49797
1.08142	0.292073	1.61988
0.409252	1.80848	1.22654
1.7001	0.283104	0.183275
0.920757	0.339628	1.92664
0.500106	1.62384	0.96055
0.365044	0.184961	4.44121
0.190134	3.42123	1.05592
1.25202	0.361677	1.41628
1.62268	0.260953	0.688554
1.38021	0.433241	0.401761
0.974121	0.334708	1.81123
0.797301	0.574652	2.27779
1.04344	0.721612	0.665542
0.681045	1.39322	0.352129
0.187539	3.1984	1.32527
0.908601	0.417903	2.22263
0.837199	0.856683	1.07746
0.329026	0.210611	4.73416
0.312366	2.15164	1.08408
0.536902	0.200966	3.77494
0.594632	0.735877	2.10995
0.645333	0.206318	3.35361
0.952726	0.316924	2.07493
0.690424	0.215315	3.00181
0.19374	3.53366	0.860018
0.515357	1.44449	1.14191
0.696331	0.218041	2.98835
1.00337	0.538659	1.53591
0.18235	3.02559	1.38009
0.197757	3.48998	0.954403
0.694394	0.220436	2.90382
0.18105	4.1034	0.1829
1.67022	0.226333	0.570518
0.463098	1.7679	0.92392
0.991913	0.213661	2.40122
0.523846	1.65219	0.459013
1.11367	0.573996	0.932536
1.95791	0.193499	0.212586
0.707713	0.199432	3.14078
0.848039	0.291363	2.52488
0.511423	1.70956	0.570531
0.734038	0.61665	2.47497
0.47085	0.226599	3.85984
0.544158	1.21812	1.3663
0.181252	3.95494	0.224576
0.372135	0.194972	4.31931
0.756521	0.573603	2.49339
0.325988	0.198372	4.7636
0.352594	0.184993	4.56589
0.735516	0.218365	2.77132
0.928648	0.976485	0.272204
0.345772	0.208578	4.44542
0.412183	1.93666	0.803637
0.348495	0.231633	4.18356
0.259371	2.4872	1.96627
1.89538	0.217438	0.185345
0.778428	0.522716	2.35981
0.404254	0.193458	4.16048
0.358868	2.3189	0.533132
1.94555	0.19238	0.225723
0.181807	3.13527	1.3525
1.77079	0.255867	0.243843
0.217946	2.73717	1.48237
1.2844	0.408267	0.874125
0.224884	2.41476	2.01237
0.496301	1.10646	1.65316
2.01231	0.191085	0.183619
0.18503	3.78512	0.394122
1.76872	0.215639	0.470634
0.334663	2.31903	0.625972
0.194026	3.60348	0.726195
0.455567	2.1119	0.242778
0.18105	3.99248	0.206595
0.533997	0.298879	3.74127
1.55544	0.36552	0.375665
0.27968	2.66615	0.310982
1.6403	0.214041	0.850232
1.4987	0.335451	0.476607
1.23354	0.459011	0.880134
1.87323	0.201159	0.347926
1.16555	0.284351	1.46932
0.576753	0.850284	1.75638
0.187614	3.16983	1.34369
1.41765	0.382632	0.667906
0.715934	0.6419	2.48667
1.24027	0.716591	0.25806
0.590073	0.224146	3.51364
0.182029	3.03708	1.37861
0.634506	1.00401	1.42248
0.462842	1.14537	1.67846
0.317997	2.07999	1.27742
0.442763	1.24139	1.97455
0.904879	0.865697	0.691587
0.491917	0.212336	3.8538
0.84405	0.412672	2.61176
0.481033	1.13656	1.52185
1.02805	0.8336	0.271097
0.386635	1.93719	1.07067
0.604188	0.746977	2.02542
0.316913	0.192371	4.84845
0.651166	0.19962	3.22868
0.259371	2.4872	1.96627
0.763968	0.216047	2.76008
1.30382	0.607783	0.318183
1.18426	0.252951	1.45293
0.185671	3.33883	1.17282
0.645052	0.296014	3.15709
0.643019	1.02534	1.3458
1.52573	0.213792	1.3004
1.6942	0.211554	0.593516
1.34577	0.520787	0.184343
0.999009	0.321589	1.70647
0.655322	1.71936	0.233599
1.28609	0.408065	1.06752
0.545736	1.62967	0.672586
0.569986	0.86322	1.75638
1.39392	0.357445	0.833849
1.58183	0.270068	0.497051
0.243626	0.20105	5.05405
0.318198	0.226523	4.82786
0.660216	0.271381	3.10028
0.197686	2.92807	1.39786
0.239672	2.58588	1.71817
0.68447	0.221502	3.21168
0.231121	2.49859	1.8565
1.24792	0.588513	0.770335
0.408762	0.214508	4.02111
0.637791	0.230709	3.30824
0.976626	0.215931	2.54224
0.646107	0.229384	3.37392
0.279625	2.4389	1.08273
0.198021	4.03479	0.214771
0.324196	0.218574	4.68234
0.351227	0.209407	4.52554
0.535192	1.95506	0.240987
0.195113	3.35449	1.17349
0.721958	0.227928	2.99567
1.54473	0.246343	1.18523
0.510158	0.873727	2.17639
0.195367	3.6977	0.556744
0.198963	3.89935	0.294836
0.343476	0.207331	4.59196
0.505283	0.85757	2.31018
0.425929	0.208451	3.95315
0.735535	0.208718	2.92317
0.621755	0.272698	3.16466
0.602604	0.255786	3.45311
0.50427	1.6364	1.03275
0.205223	3.25251	1.3139
0.901206	0.326618	2.33726
0.72093	0.915982	1.43016
0.202067	3.29546	1.26453
0.519548	1.49437	1.10425
0.630951	1.32795	1.11662
0.408137	1.43109	1.44985
1.76651	0.220475	0.433434
0.587328	0.80651	1.84287
0.632588	0.21975	3.53286
0.473879	1.60212	1.20662
0.197814	3.40694	1.10014
0.422759	1.01963	2.45622
0.607079	0.24717	3.60059
0.367936	0.210107	4.30246
0.755065	0.259925	2.7535
1.87764	0.237705	0.195192
0.53036	0.950985	1.83048
0.744846	0.26333	2.768
0.464208	1.54763	1.35928
0.514408	1.71671	0.616845
0.43238	1.8832	0.8183
0.430418	2.03489	0.689269
1.97605	0.206177	0.224014
1.28946	0.560473	0.667109
0.725528	0.2265	2.87519
1.58106	0.305972	0.522568
0.30459	2.33456	1.2564
0.962143	0.7432	0.893921
1.17581	0.664244	0.669787
0.213256	3.44983	1.06968
0.294708	2.79584	0.274894
1.85064	0.216423	0.543606
0.354853	2.08721	1.00215
0.292858	2.36954	1.27445
1.50026	0.310966	0.575335
0.835965	0.83142	1.38027
0.195979	2.85189	1.4018
0.198074	3.97691	0.238619
1.21603	0.247033	1.59818
0.750754	0.265823	2.63335
1.81964	0.235606	0.236554
0.875807	0.384564	2.21001
0.560063	0.762088	2.22437
1.14254	0.233805	1.9588
0.4981	1.27659	1.63156
0.544624	1.40421	1.46494
0.494457	1.06405	2.04684
1.27341	0.459894	0.845421
0.362927	0.261741	4.1494
0.198228	3.49007	0.955578
0.308259	0.203412	4.94384
0.450209	0.247591	3.84949
0.938784	0.334195	2.12995
0.215703	2.68289	1.52688
1.06607	0.303896	1.76636
0.240321	2.22721	2.42695
0.791714	0.364092	2.58947
1.03202	0.261693	2.09041
1.47275	0.316547	0.864849
1.10489	0.702276	0.521811
1.21495	0.619201	0.399876
1.30423	0.454689	0.733483
0.983641	0.355634	1.76598
0.356515	2.10764	0.936855
0.823449	0.466189	2.01635
1.0494	0.243378	2.23493
0.93047	1.00013	0.623712
1.04598	0.258302	2.3581
0.297189	2.62423	0.62759
0.488072	1.58086	1.18881
0.215887	2.76311	1.46128
0.855219	0.263335	2.61848
1.4503	0.344122	0.701456
0.700678	0.237453	2.8752
0.790512	1.28548	0.208094
0.328809	0.21496	4.67044
0.241115	0.202347	5.05395
0.348724	0.228112	4.38497
0.201657	3.74471	0.495237
0.308259	0.203412	4.94384
0.595556	1.37771	1.04007
0.514373	1.77434	0.504756
0.390982	2.01532	1.33674
0.28611	2.23745	1.40194
0.396746	1.22886	1.90179
1.58642	0.277173	0.921039
0.392188	0.213736	4.12117
0.811633	0.474783	2.01732
0.398085	0.209839	4.22441
1.38872	0.329504	1.16324
1.11681	0.617664	0.826005
0.494601	0.964641	2.05272
0.575997	1.68287	0.359408
1.52798	0.301378	0.547027
0.346602	2.15092	0.936855
1.00283	0.643002	1.49541
1.12679	0.673101	0.511388
1.33473	0.391315	0.737331
0.610468	1.41462	0.802201
0.197189	3.51117	0.912987
0.568431	0.231978	3.72314
0.886159	0.724386	1.45924
0.370908	2.29784	0.378289
1.67223	0.274137	0.291525
0.563331	1.13673	1.3927
0.848341	1.15558	0.456268
0.592203	1.51411	0.751044
0.370908	2.29784	0.378289
0.288609	2.72149	0.370986
0.445928	0.250148	3.84934
0.554182	0.991442	1.68011
0.602529	0.219316	3.67246
0.766552	1.09216	0.838912
0.525582	1.9806	0.208039
1.00019	0.285199	2.40107
1.0087	0.280445	1.93868
1.05643	0.649731	0.932099
1.37363	0.542519	0.254473
0.401338	1.97695	0.887465
0.285351	2.48643	0.976896
0.467143	0.220092	3.81098
1.47948	0.275661	1.00339
1.08481	0.241777	1.96572
0.802296	1.03009	0.78561
1.19589	0.695542	0.22718
0.224832	2.1849	2.45189
1.34952	0.341045	1.25528
0.950796	0.690951	1.192
0.891951	0.493037	1.56608
1.09114	0.554	1.06533
1.77409	0.231584	0.373811
0.394385	0.213001	4.24764
0.201158	2.83483	1.41132
0.778413	0.239314	2.62539
1.79361	0.266984	0.21346
0.42638	1.16605	2.20734
0.512819	1.84547	0.307648
0.196528	3.7144	0.531382
0.18344	3.95282	0.229172
1.80813	0.203333	0.610274
0.722231	0.255538	2.84317
0.748313	0.356917	2.62276
1.66234	0.247672	0.780018
0.366174	0.223787	4.39146
0.380079	0.230375	4.26374
0.605801	0.341327	2.96148
0.551113	0.89868	2.25714
0.779763	1.09141	1.16126
0.477385	0.253901	3.81462
0.286546	2.3733	1.09942
1.70408	0.248669	0.598353
1.51871	0.319589	0.651878
0.616348	0.283838	3.21916
0.895944	0.316285	2.311
0.205034	3.77389	0.458752
0.196373	4.00955	0.221236
0.387558	2.28908	0.470224
1.00254	0.248626	2.46653
1.7435	0.212444	0.922527
1.13847	0.258229	1.71197
0.669356	0.28731	2.74198
1.12027	0.295066	1.88818
0.410434	1.16452	1.98306
0.205889	3.32835	1.23383
0.811775	0.484829	1.82959
0.832227	0.499699	1.7651
0.312785	0.216726	4.94806
0.679504	0.247093	3.02437
1.63538	0.311959	0.451898
1.54324	0.346371	0.302138
1.25476	0.477409	0.922517
0.29463	2.62949	0.417157
1.19114	0.465925	1.1025
0.602654	0.927903	1.56072
0.524951	0.385315	3.44362
0.290927	2.576	0.534044
0.847284	1.23353	0.205184
0.805867	1.06705	0.580585
1.86658	0.212299	0.447429
0.491024	2.06504	0.233199
0.79798	0.368313	2.54655
0.411178	1.6473	1.37885
0.587479	0.300392	3.06789
0.363979	2.2776	0.701777
0.207633	2.81831	1.42408
0.210275	2.79161	1.43782
0.568486	0.271094	3.63273
0.733982	1.41571	0.395045
0.222982	2.74984	1.4818
0.195023	3.22759	1.31623
0.969693	0.853641	0.450433
1.01838	0.53083	1.4583
0.193895	3.55717	0.815132
1.97873	0.204534	0.212898
1.06529	0.654424	0.941479
1.27915	0.615946	0.234016
0.407377	2.54043	0.334681
0.310198	2.88515	0.204019
0.199983	3.66751	0.62326
0.31425	0.220687	4.90823
0.323725	2.4024	0.62471
0.426702	1.87524	0.830386
0.207976	3.63334	0.7098
0.462735	1.76469	0.832337
1.3367	0.537478	0.303967
0.474507	1.36637	1.41215
0.382339	0.225533	4.17291
0.434316	1.69208	1.19703
0.5528	1.33051	1.29705
0.915448	0.582183	1.46101
0.569595	0.863689	1.95426
0.20536	3.52985	0.901201
0.951441	0.32948	2.20351
0.200791	3.46177	1.01443
0.397303	2.22109	0.362299
0.394286	0.27089	4.05632
0.942682	0.704422	1.085
0.299494	2.44317	0.955497
0.226193	2.67795	1.55418
0.709679	1.25339	0.507909
1.77686	0.239387	0.308463
0.544341	0.396262	3.26891
0.463509	1.93712	0.535714
0.281566	2.22626	1.35114
0.644883	0.823827	1.55094
0.529033	0.262946	3.76862
0.934841	0.37934	1.77642
1.07291	0.247719	2.13316
0.479671	2.10311	0.233199
0.864134	1.20035	0.39607
0.299336	2.04452	1.3834
0.300814	2.47751	0.858716
0.196419	3.84785	0.341609
0.90467	0.314544	2.37469
0.874236	0.771909	1.18921
0.634491	1.29149	1.09237
0.788666	0.382117	2.56961
0.42106	1.57637	1.39664
1.7742	0.248374	0.385476
0.953789	0.83668	0.869192
0.790361	0.244662	2.66461
1.28761	0.546122	0.335186
0.70345	0.307321	2.70363
1.02679	0.276081	2.07227
0.194608	3.38007	1.13435
1.7254	0.262435	0.39936
0.992947	0.688421	1.02077
0.193194	3.43712	1.03691
1.30673	0.572676	0.308265
0.885503	0.327197	2.43637
1.05374	0.323907	1.61908
0.987252	0.304764	2.0548
0.692619	1.15939	1.12762
0.425297	1.72553	1.25417
0.672856	1.34352	0.765294
0.377817	0.234121	4.17644
0.596519	1.52841	0.609876
0.391094	2.72963	0.323396
0.569073	0.963876	1.52537
0.356286	2.17628	1.05654
1.42784	0.407628	0.36818
1.35881	0.49472	0.286896
0.630783	0.979822	1.50685
0.508864	1.13247	1.51371
0.526992	1.92959	0.210152
1.6128	0.270236	0.494528
0.44165	1.84138	1.05717
1.03683	0.732033	0.627409
0.201365	3.72466	0.527146
0.625297	0.275908	3.23201
1.03609	0.795982	0.487008
0.200019	3.27967	1.27736
0.510584	1.02774	2.15711
0.465276	1.99278	0.355943
0.512044	0.269996	3.71836
1.49022	0.299216	1.081
0.467827	2.15013	0.234577
0.465846	1.99407	0.35445
1.41362	0.342812	1.02632
1.15326	0.351015	1.4135
1.43935	0.343475	0.887614
0.534055	1.7046	0.51145
0.856036	1.1479	0.532031
0.202514	3.26685	1.29534
1.39275	0.455413	0.451789
0.197202	3.7323	0.503585
1.16384	0.417012	1.38953
0.637993	0.994286	1.48066
1.09572	0.422677	1.40222
0.867543	0.866431	1.41937
0.985992	0.323461	1.80932
0.196419	3.84785	0.341609
1.37167	0.337147	1.2089
1.17709	0.47639	1.10994
1.23727	0.30291	1.46709
2.04501	0.195308	0.186657
0.180729	0.180729	6.18073
1.96138	0.20938	0.186209
0.239613	0.208424	5.04955
1.57744	0.35097	0.223621
1.50832	0.396521	0.340411
0.285418	0.195472	4.98851
1.79046	0.230141	0.3275
0.251914	2.25908	2.40533
0.260997	2.16108	2.56278
0.922226	0.286309	2.23111
0.221168	2.58882	1.66431
1.82016	0.230252	0.2283
0.751186	0.47582	2.31512
0.900361	0.932488	0.969524
0.194176	3.40935	1.08661
0.619979	0.226483	3.41399
0.408873	0.236787	3.95951
0.597877	0.242685	3.51134
0.736084	0.225943	2.92925
0.190596	3.98183	0.224922
0.219596	2.48498	1.84917
0.437738	0.210813	3.82233
0.529188	0.201118	3.78379
0.215532	2.70951	1.50074
0.613834	0.300049	3.10194
0.771148	0.287995	2.61422
1.6179	0.231856	0.95235
1.74453	0.249251	0.208402
0.196648	3.4716	0.985068
0.941871	0.858607	0.963865
0.347484	0.199663	4.50363
0.686139	0.220223	3.19758
0.492871	1.79271	0.644891
0.227573	2.43332	1.98117
0.613377	0.241544	3.263
0.546643	1.56765	0.989413
0.790802	1.02195	0.840331
0.576921	1.5142	0.842128
0.287828	1.99506	2.68637
0.596213	0.213902	3.686
0.343277	0.193907	4.63872
0.220466	2.5277	1.76865
0.30597	0.213177	4.85547
1.3358	0.532385	0.345232
0.517723	1.9873	0.300126
0.380969	0.203374	4.28846
0.203269	2.88893	1.40549
0.232072	2.68298	1.56103
2.02771	0.19706	0.188198
0.201372	3.34258	1.20492
0.952243	0.571815	1.42077
0.588395	0.232606	3.61016
0.798216	0.558483	1.59655
1.47599	0.252565	1.23004
1.49568	0.343339	0.480033
0.659912	0.2672	3.04738
1.13906	0.316148	1.43314
1.19612	0.647299	0.365416
0.718103	0.377929	2.74986
1.04901	0.619144	1.15703
1.40275	0.349964	0.932199
1.15815	0.724469	0.513905
0.703188	1.43512	0.271977
0.478817	1.74147	0.838712
0.553384	0.813997	2.17588
1.99382	0.197525	0.195636
0.208465	3.54996	0.871718
0.692625	0.23183	2.93787
0.847153	1.08386	0.322603
0.407975	1.19185	2.46989
1.4523	0.280501	1.08283
1.88834	0.229733	0.191726
0.487736	0.994247	2.06916
1.9441	0.213013	0.188909
0.256789	2.1847	2.52671
1.10423	0.774092	0.205834
1.25005	0.369336	1.27741
0.657308	1.05342	1.46265
0.354552	0.192091	4.49829
0.825492	0.526187	1.60576
0.547036	1.9166	0.238865
0.414732	0.191037	4.03269
0.22707	2.34134	2.17546
0.190982	3.92451	0.260006
1.85929	0.207602	0.242198
1.07652	0.665232	0.784938
0.63327	1.37929	1.13277
1.73704	0.269125	0.315527
0.375372	2.07722	1.02371
0.467103	2.11898	0.406714
0.429063	2.00882	0.503046
0.314705	2.82348	0.233669
0.193438	3.70625	0.536853
0.452688	1.64442	1.23623
0.191839	3.15243	1.35924
1.9154	0.212398	0.198314
0.336588	0.198052	4.74668
0.199731	3.28428	1.27188
1.20752	0.593404	0.893238
0.59996	1.40605	1.10722
0.987147	0.272735	2.35938
0.299287	2.04214	1.44334
1.22728	0.542982	0.723069
0.884042	0.473423	1.94663
1.03996	0.436945	1.54286
1.36885	0.3348	1.18729
0.458347	1.70127	1.14754
0.762791	1.15615	0.39689
0.36121	1.35162	1.77463
0.936657	0.970688	0.599132
1.16831	0.736974	0.357874
0.398153	1.86082	1.41014
0.205289	3.8254	0.388017
0.643473	0.27057	3.03051
0.378399	0.258837	4.14413
0.511188	1.1975	1.47683
0.363452	0.221396	4.39137
1.68991	0.24582	0.354834
1.36118	0.417536	0.685966
0.194297	3.14748	1.36511
0.228008	2.33911	2.18299
0.201073	3.74803	0.488463
0.726345	0.364173	2.71554
0.833913	0.365515	2.38306
0.441481	1.6202	1.27475
1.30115	0.484469	0.490109
0.999857	0.339007	1.73413
0.188828	3.77971	0.410644
0.583502	1.25024	1.43292
0.193242	2.74591	1.4354
0.374887	0.240323	4.1594
1.07343	0.782818	0.405501
0.521151	1.83043	0.380265
1.17794	0.563905	1.3569
1.09581	0.656246	0.526017
0.977822	0.88973	0.598391
0.329174	0.210496	4.74309
0.549321	0.390704	3.64794
1.62915	0.28504	0.272869
0.931722	0.689237	1.47134
0.201752	3.85985	0.339545
0.651666	1.67949	0.206573
0.873546	0.413904	1.96781
0.237013	2.38557	2.113
0.398611	1.30302	1.74443
0.605488	1.53307	0.689193
0.454634	1.89354	0.677472
0.599815	0.237059	3.41424
0.356699	0.236424	4.36923
1.98121	0.196747	0.200337
1.64211	0.244882	0.841224
0.996657	0.90957	0.575417
0.338745	0.200956	4.65656
0.561063	0.275065	3.25037
0.375786	1.27526	1.74558
0.868834	0.264078	2.58246
1.00746	0.320756	1.82178
0.194559	3.31755	1.22184
1.6615	0.250757	0.353164
0.411591	1.1258	2.46793
1.0598	0.684133	0.869408
0.71866	1.47796	0.239126
1.00816	0.304362	2.02799
1.28322	0.482657	0.593964
0.314988	2.6152	0.569027
0.649567	1.32021	0.755537
1.4278	0.309044	1.11878
1.85929	0.207602	0.242198
1.4413	0.470767	0.23176
0.858649	0.517612	1.88816
0.647483	0.417232	2.81181
1.38738	0.395659	0.872184
0.324432	2.81872	0.252081
1.26371	0.354709	1.34942
0.183996	0.183996	6.184
0.783879	1.36766	0.199914
0.893222	0.450062	1.76996
0.409962	0.237915	3.96482
0.509384	0.527045	3.6731
1.62833	0.198753	1.35443
1.82007	0.238836	0.308727
0.916967	0.826304	1.02632
0.369927	1.25314	2.22461
0.618422	0.491178	3.04288
1.30385	0.385291	1.06314
1.34165	0.360216	1.06304
0.340671	0.234317	4.48328
1.43928	0.347741	0.61614
1.80051	0.24934	0.239779
0.203238	2.91696	1.40383
0.748035	1.09214	0.774881
0.291405	2.60516	0.773746
0.308982	0.223538	4.9791
0.562495	1.4936	1.08945
0.954492	0.726833	1.25578
0.382322	0.237242	4.28398
0.303498	2.85753	0.278064
0.210381	3.54742	0.882206
0.201643	3.77562	0.447771
0.447859	2.24627	0.235098
0.202838	3.33087	1.2237
0.830997	0.290365	2.621
0.54931	0.530022	3.1303
0.704716	0.691957	2.0863
0.206267	3.48697	0.984166
1.04794	0.371077	1.66088
0.672192	0.26978	3.19592
1.76194	0.255133	0.433406
0.339519	0.224456	4.594
0.393565	2.38277	0.391532
0.354713	2.55222	0.518852
0.235603	2.40485	2.06732
1.52351	0.30815	0.882247
1.69042	0.24973	0.741609
0.734317	0.276388	2.82427
0.940096	0.464713	1.52818
0.488368	1.74203	0.74065
1.15937	0.42053	1.40074
0.462128	1.88883	0.816734
0.450713	0.248551	3.8291
0.403922	0.224195	4.04536
1.56724	0.301887	0.783368
0.54877	0.249443	3.73178
0.867029	0.298883	2.55281
0.692358	1.17982	1.11433
0.621649	1.55776	0.670969
1.24762	0.59249	0.517646
0.406226	1.80646	1.23466
0.440483	2.01328	0.63959
1.02436	1.05513	0.256631
0.235487	2.28825	2.30689
0.657542	1.60752	0.341997
0.761765	1.31143	0.266718
0.279264	2.10268	1.42236
1.12996	0.267435	1.86728
0.202538	3.83758	0.366799
1.00247	0.396895	1.65789
0.324623	0.216099	4.87498
0.203238	3.62272	0.716249
0.230834	2.1696	2.487
0.38562	1.17556	2.40225
0.571913	1.26694	1.46766
0.720053	1.23723	0.762972
1.48983	0.481291	0.371751
0.651847	0.580229	2.80345
0.627823	0.586833	2.71688
0.548561	0.517296	3.31593
0.631776	1.12898	1.33836
0.333941	0.226345	4.59286
0.446479	1.0216	2.35959
0.251078	0.210544	5.04766
1.8955	0.214826	0.374048
0.637443	0.626671	2.55719
0.552232	1.70081	0.467429
0.624789	0.708648	2.43152
1.10022	0.265925	2.02259
1.6577	0.261075	0.559136
0.773295	0.618933	1.61805
0.203752	3.51341	0.92773
0.54197	0.600138	2.99985
0.859506	0.337706	2.51958
0.425563	2.184	0.377438
0.296592	2.66473	0.627331
1.50689	0.259578	1.3146
0.818831	0.919254	1.2168
0.376146	2.51957	0.455939
0.960894	0.981395	0.480115
0.799699	0.92237	1.50168
0.430742	2.31639	0.214008
0.591947	1.40741	1.19395
1.6036	0.286967	0.681515
0.92662	0.946058	0.803959
0.449276	1.85374	0.910086
0.789357	1.30614	0.20744
0.567348	1.44229	1.42564
1.28772	0.531778	0.823426
0.563344	1.52396	0.89033
1.18896	0.270312	1.6102
0.654159	0.32759	2.89957
1.66159	0.338142	0.263212
0.382294	2.06627	0.999453
1.39007	0.299573	1.29851
1.36789	0.313957	1.28261
0.521909	1.62967	0.855313
0.42496	2.33811	0.218193
0.53228	0.294665	3.58191
1.73576	0.243536	0.499286
0.29002	2.46459	1.14887
0.547872	1.67535	0.634679
0.325024	2.47739	0.597446
0.363877	0.220236	4.43932
0.676044	0.333225	2.65471
0.977427	0.816697	0.670041
0.218136	3.6943	0.625766
0.604278	0.567877	2.85998
0.302375	2.87835	0.257183
0.802774	1.11463	0.649523
0.311051	2.43983	0.947346
0.848531	0.766338	1.40857
1.11447	0.247838	2.14242
0.455973	1.83358	0.943685
0.427001	1.75691	1.52243
1.40974	0.245652	1.41071
0.651099	0.685614	2.33047
1.08582	0.76861	0.540899
1.11166	0.639559	0.687015
1.26785	0.371609	1.28529
1.01467	0.30315	1.95167
0.202035	3.86525	0.334297
0.681925	0.225563	3.42803
1.00816	0.325593	1.90899
0.59783	1.43742	1.04852
1.07403	0.431344	1.57753
0.41647	2.41485	0.226622
0.3987	2.12127	0.672088
0.313888	2.53235	0.679687
0.700603	1.4055	0.261352
0.841246	0.432445	2.13974
1.17596	0.235806	1.93625
1.06916	0.664749	0.759501
1.37957	0.436767	0.529789
0.477976	2.06726	0.265241
1.03936	0.776472	0.460511
0.421801	1.12082	2.26266
0.349154	0.195016	4.78915
0.193572	3.80963	0.381489
1.59089	0.374618	0.194814
0.201942	3.53382	0.883656
0.214113	2.62672	1.59084
0.201287	3.42611	1.07766
1.09331	0.306324	1.7596
0.542797	1.69454	0.593346
0.325414	0.202419	4.90736
0.335122	0.204424	4.71766
1.05865	0.807429	0.360567
0.371528	2.05166	1.10993
1.81207	0.230182	0.468176
0.734043	0.248928	2.95285
0.338946	1.49455	2.31961
0.502497	0.420415	3.49729
0.77758	0.854237	1.54572
0.294167	2.10691	1.39413
0.490042	1.85108	0.398583
0.343719	2.73555	0.23614
0.347453	2.70525	0.26066
0.568818	0.917573	1.81129
0.429817	2.27707	0.232625
0.365955	2.32426	0.544306
1.75236	0.228222	0.514048
0.196113	3.68794	0.57583
0.392634	0.20485	4.1859
0.655717	0.3037	3.13391
0.321744	2.57561	0.738833
1.69869	0.260418	0.317771
1.62277	0.268795	1.02283
1.40796	0.276203	1.40443
1.91973	0.21134	0.293489
1.32872	0.462723	0.548133
1.16298	0.598908	0.975617
0.437116	2.21949	0.256224
0.938063	1.01982	0.561316
0.338488	1.65353	1.87046
0.968137	0.716235	1.03296
0.768724	0.692859	2.36694
0.208601	3.85877	0.35521
0.404246	0.198426	4.33525
0.195265	3.33253	1.20407
0.203479	3.89914	0.303609
0.310616	2.40872	0.841064
1.89674	0.211323	0.335166
1.73613	0.242449	0.494112
0.835053	0.992949	0.822268
0.514302	1.81758	0.408568
1.38655	0.293008	1.28641
0.709557	0.297706	2.91632
0.30258	2.18038	1.35273
1.78294	0.255638	0.298434
1.85078	0.246192	0.212577
0.756253	1.10648	0.8125
0.603845	1.43862	0.824421
0.515109	1.93808	0.307898
0.979313	0.282063	2.53175
0.442733	1.17906	1.72585
1.53467	0.297871	1.02886
0.196443	4.01468	0.219393
1.20095	0.503571	1.00925
0.193817	3.09336	1.38275
0.350624	0.206259	4.59782
0.340041	1.63003	1.96245
0.432466	2.15172	0.322228
0.760587	0.833023	1.69593
0.628933	1.38059	0.684626
0.998232	0.687297	1.44314
0.623144	0.390903	3.24575
0.442545	1.32889	1.51001
0.322918	2.8087	0.252192
0.578321	1.78472	0.346959
0.370299	0.209414	4.37903
1.13795	0.668393	0.638554
0.299535	0.226392	5.02299
1.52044	0.297054	1.21376
1.48897	0.236108	1.2934
0.456528	0.245229	3.92976
1.0426	0.69083	0.763207
1.27387	0.540729	0.437251
0.881078	0.755459	1.44529
0.723806	1.22663	0.899154
0.604308	1.31185	1.16787
1.56241	0.312909	0.485408
0.288652	2.0119	1.42097
1.79441	0.198618	0.938364
1.18058	0.498971	1.13869
1.1711	0.596145	0.874009
0.843165	0.262314	2.61706
0.460965	1.52492	1.41006
0.317923	2.43477	0.789488
0.599255	0.328845	3.33427
0.203643	3.59068	0.778963
0.560691	1.9037	0.232026
1.46063	0.42218	0.274356
1.11336	0.636947	0.684839
1.14913	0.388105	1.47373
1.30707	0.319707	1.41083
0.494372	1.58229	1.25296
0.910135	1.07676	0.529296
1.56761	0.244596	1.07103
0.469527	1.41204	1.39917
0.7392	0.348945	2.65083
0.637997	1.55856	0.269147
0.464458	1.74079	1.0541
0.699741	0.807086	2.13501
1.2851	0.339772	1.34378
1.66903	0.29914	0.272894
0.39979	1.77141	1.34487
1.88074	0.215339	0.390553
0.760574	0.87988	1.67021
1.01947	0.281528	2.41484
0.469703	1.99817	0.485289
1.10417	0.339631	1.53244
0.433541	1.06549	2.53149
1.63664	0.368115	0.208494
1.45238	0.25507	1.37639
1.31616	0.407599	1.12616
0.816962	0.982176	1.04996
1.26742	0.54026	0.475144
0.417797	1.19092	1.71062
0.994403	0.332073	2.22933
1.19425	0.452051	1.38598
0.719822	1.36354	0.265733
0.436947	0.276767	3.94212
1.22574	0.305908	1.48133
0.340323	1.6895	1.92447
1.1549	0.753156	0.294921
1.67919	0.350228	0.245236
0.821153	1.22243	0.437014
0.372892	1.2544	2.25497
1.01747	1.11089	0.31411
0.59761	0.716561	2.66277
0.485952	1.86649	0.643429
1.64386	0.314691	0.420171
1.70427	0.280218	0.323567
1.20303	0.620857	0.640427
0.316358	2.19568	1.39802
0.289565	0.233503	5.03965
0.545771	0.308624	3.65883
1.17284	0.553406	1.28393
0.347192	1.54059	1.70375
0.470573	1.59043	1.38162
0.252779	2.5376	1.8438
0.555211	0.829953	2.56085
0.735925	1.07042	1.38552
0.980202	0.378632	2.07217
0.683527	1.44118	0.565503
1.52406	0.378607	0.449854
0.540397	1.29921	1.42691
0.493657	1.99569	0.358096
0.604595	1.65515	0.719546
1.04244	0.851373	0.80399
1.13435	0.776701	0.382049
0.572661	0.309622	3.60238
0.539548	1.90085	0.349314
0.817284	1.02685	1.22375
1.553	0.408732	0.316199
0.432364	1.75278	1.45624
0.787428	0.992659	1.3054
1.04895	0.727788	0.809777
0.7451	0.297683	2.70293
0.616466	0.881817	1.81553
0.525975	1.83095	0.598693
0.638411	0.907782	1.53436
1.06676	0.597583	1.47927
0.233974	2.72271	1.52395
0.505328	0.960566	2.46487
0.578806	1.75877	0.417866
1.43201	0.419006	0.592797
0.861074	0.639911	1.67214
0.672078	1.45398	0.812255
0.922818	0.568292	1.70342
0.320657	2.50851	0.944452
0.601017	1.51144	1.02653
1.11072	0.57818	1.16275
1.3868	0.486693	0.575154
0.619142	0.783567	2.41916
1.31872	0.486344	0.693036
1.0913	0.360994	1.60588
1.62047	0.334506	0.523897
1.3308	0.534102	0.620838
0.906197	1.17708	0.233312
0.495283	1.92933	0.601786
0.441497	1.42443	1.45649
0.351475	2.7438	0.256212
0.60602	1.6618	0.687639
0.667018	1.43206	0.998412
0.502564	1.96839	0.336197
0.19051	3.90588	0.273602
0.398836	0.19228	4.33787
2.04278	0.196516	0.191378
0.501492	1.99634	0.190432
0.245554	0.195073	5.04344
0.191412	2.96057	1.39141
1.10547	0.267195	1.9481
1.453	0.396157	0.378124
0.379499	0.199426	4.43213
0.19098	3.0597	1.38581
0.195513	4.04714	0.208165
0.198943	2.90754	1.39973
1.49592	0.358928	0.338297
1.69976	0.224927	0.695351
0.286831	1.96067	1.48948
1.07515	0.684731	0.913625
0.543772	1.52675	0.901302
0.195261	3.85786	0.328181
0.191388	3.57156	0.779953
1.06016	0.232845	2.39218
0.191713	3.75399	0.455357
0.199506	3.49353	0.9528
0.850333	0.233573	2.834
0.639333	1.41635	0.397614
0.414876	1.25266	1.74573
0.597983	0.403139	3.19637
0.2765	1.90047	1.55362
1.77447	0.272949	0.20934
0.694164	0.237107	3.09423
1.84597	0.222592	0.286023
0.636729	0.213088	3.58852
0.645845	0.387575	3.02396
0.49369	1.67978	0.868639
0.283111	2.26155	1.36856
0.829422	1.10269	0.55349
0.303777	2.55872	0.783915
0.352849	2.48247	0.849547
1.89554	0.197727	0.372889
1.6347	0.362866	0.2497
0.203722	2.73218	1.46141
0.694043	0.405338	2.76244
0.295131	2.36841	1.24958
0.394442	2.21247	1.04813
0.191404	3.10127	1.37769
0.75359	0.559866	1.98813
0.439266	1.36469	1.46097
0.985617	0.309356	2.29739
0.194879	3.78685	0.415168
0.207788	2.7665	1.44653
0.229921	2.58896	1.68699
0.383938	0.217402	4.2841
0.900625	0.879108	0.990085
1.03003	0.207774	2.50874
0.568044	0.241461	3.65992
0.436146	1.30141	1.63564
0.194623	3.60473	0.725548
1.56635	0.452851	0.271806
1.60101	0.215263	1.3182
0.199981	3.45711	1.02047
0.237098	2.34436	2.20003
0.194724	3.67996	0.586102
1.73576	0.2255	0.627215
0.776639	0.223105	2.89138
0.718333	0.234065	2.99063
0.51058	0.929642	2.22866
1.0435	0.872272	0.484137
0.199389	3.20997	1.33732
1.52862	0.297989	0.718231
0.191765	3.93065	0.256931
0.616219	1.54996	0.420993
0.379348	1.45625	1.4644
1.67503	0.250859	0.515339
1.73735	0.237079	0.363025
0.343637	0.206619	4.67621
1.11866	0.837722	0.379491
0.870083	0.392918	2.42945
1.17814	0.252721	1.8205
0.656455	0.208799	3.58913
0.207629	2.52864	1.73043
0.350749	1.80027	1.63064
0.695391	0.219316	3.33847
1.27514	0.599903	0.480695
0.632429	0.82859	1.89591
0.222618	2.65953	1.56806
0.522446	1.73307	0.425317
0.227475	2.43148	1.98477
0.537752	0.899345	1.8088
1.29119	0.590718	0.483743
0.555291	0.798539	2.08028
0.686024	0.218538	3.43286
0.790786	1.08026	0.83818
0.630555	0.419132	2.95476
0.774215	0.49223	2.11555
1.81658	0.200646	0.656735
0.270785	2.08983	1.40317
1.05429	0.271683	2.14279
0.567178	0.202857	3.78015
1.88069	0.219563	0.317996
0.427548	1.84731	0.873365
0.369893	1.31098	2.198
1.53947	0.291859	0.634883
0.737913	0.775218	1.85255
0.449073	1.61845	1.31005
0.239649	2.12759	2.55379
0.356285	1.65233	1.40872
1.86328	0.213447	0.439061
0.469352	1.77817	0.752373
0.673641	1.45463	0.386372
0.7926	1.05192	1.17634
0.243288	2.04251	2.61995
0.577565	1.58814	0.596596
1.00427	0.668966	1.10917
1.65126	0.240801	0.813481
1.50497	0.278119	0.905211
0.611154	1.03492	1.38708
0.477729	1.753	0.702361
0.202271	3.65685	0.649315
0.738405	0.256866	2.85793
0.799255	1.34232	0.215809
0.362854	0.235752	4.3721
1.7928	0.214485	0.574827
0.949582	0.509025	1.71838
1.21003	0.336925	1.40045
0.88189	0.235681	2.70121
0.364981	2.41154	0.812249
0.584692	1.85637	0.213413
1.14892	0.706383	0.338501
0.591244	0.983025	1.48577
1.61417	0.321921	0.263381
0.209566	3.32502	1.2462
0.245309	0.195165	5.04344
0.795516	0.968421	1.23273
1.12718	0.260717	2.01354
1.96495	0.207254	0.241575
0.562371	1.06485	1.51475
0.432079	1.89345	0.854479
0.886224	0.716921	1.39962
0.424338	2.14553	0.439782
0.934219	0.594591	1.43039
1.66356	0.209645	1.12887
0.6819	1.3236	0.412485
1.24682	0.218557	1.75318
1.15682	0.271325	1.51012
1.02225	0.271089	2.28425
0.57365	0.947337	1.59438
0.735689	0.411969	2.70091
1.3092	0.362318	1.11789
1.19322	0.572774	0.798576
1.36237	0.466626	0.578835
0.428615	2.0383	0.551658
0.706212	0.202206	3.2614
1.42155	0.322042	1.05337
1.43135	0.360809	0.923943
0.862697	0.449096	1.88187
0.324252	0.20165	4.9392
1.32108	0.436782	0.748311
0.474992	2.16535	0.209716
1.33632	0.262545	1.44701
0.624973	1.6083	0.300337
0.730689	1.20897	0.605759
0.537093	1.01162	1.62189
0.821648	1.1953	0.302652
1.80907	0.22429	0.492116
0.589879	0.420883	3.20085
0.984493	0.752247	0.932903
1.18736	0.546097	0.998346
0.462331	1.19771	1.78111
