0.175438	4.00416	0.194729
1.82439	0.258562	0.193346
0.599946	0.396053	2.94559
0.653228	0.256952	3.31108
0.317022	2.3734	0.84889
0.524724	0.930498	2.11447
0.542388	0.348493	3.56453
0.303325	2.85455	0.195601
0.505608	0.382561	3.67793
0.609258	0.284285	3.0376
0.194997	3.61355	0.709777
0.457048	0.207346	4.00462
1.66666	0.241925	0.88896
0.204481	3.35728	1.19213
1.60799	0.337076	0.293583
0.22533	2.72451	1.50597
0.198214	3.68692	0.583442
0.942554	0.365237	2.26659
0.673945	0.946969	1.42852
0.785055	0.599332	2.21185
0.721458	0.26641	2.89249
0.83928	0.28504	2.63833
0.340275	0.242681	4.43376
0.545762	1.66835	0.413969
1.01229	0.744572	0.706994
0.836533	0.535257	1.83142
0.471014	0.211955	3.88582
1.13104	0.820127	0.267781
0.211849	2.59217	1.63519
0.387816	1.48337	1.73231
1.04503	0.777717	0.356948
0.447735	1.92177	0.791977
0.541957	0.399664	3.13838
0.334201	2.68422	0.395671
1.55836	0.272925	0.777444
0.706032	0.286024	2.82939
1.20313	0.250408	1.69038
0.911322	0.339053	2.35227
1.23503	0.404755	1.1992
0.697171	1.38251	0.352571
1.76832	0.292076	0.278593
0.292563	0.226033	4.99075
0.564925	0.390631	3.1462
0.222843	2.62692	1.61135
0.497376	1.54042	1.24039
0.305401	2.75582	0.234909
0.460901	1.25074	1.78409
0.389966	1.42806	1.895
0.211069	2.65172	1.55201
1.53658	0.246844	1.15558
1.39996	0.355848	0.81504
1.05477	0.223144	2.45017
0.985981	0.702636	1.38688
0.479069	1.61566	1.274
1.63927	0.241016	1.03783
0.428746	1.27176	1.87929
0.427661	2.05985	0.662064
0.370376	2.54782	0.198766
0.364717	2.02911	0.959736
0.88101	0.655674	1.45155
1.73174	0.242301	0.344163
0.400225	2.2249	0.395571
0.512597	2.01884	0.198788
0.690017	1.17891	1.01459
1.25679	0.346227	1.33615
0.385089	2.3187	0.250389
0.766844	0.269848	2.70717
0.956754	0.887559	0.864642
1.18179	0.61082	0.615189
0.415434	0.201014	4.18699
1.10825	0.743614	0.329246
0.73199	1.08309	1.14783
0.195641	3.45132	1.01872
0.404906	1.8111	1.38282
0.738817	0.290103	2.75104
0.998409	0.862826	0.829854
0.816094	1.02707	0.928513
0.465848	1.15343	2.03255
1.58325	0.250854	0.936433
0.452664	1.72318	1.06956
0.387864	2.19306	0.564538
0.285206	0.232115	4.9908
1.51579	0.263868	0.974562
0.618897	0.270915	3.47597
0.906055	0.981465	1.17811
0.494121	0.442559	3.39035
0.494121	0.442559	3.39035
0.326517	2.51226	0.471673
0.796731	0.543679	2.00648
0.243371	2.50203	1.88654
1.4207	0.391528	0.562499
0.262805	2.26478	2.42492
1.19711	0.247605	1.7012
0.793488	0.999806	1.1285
1.06843	0.309973	1.56823
0.772785	0.485675	2.56999
1.25146	0.242371	1.65488
0.777723	1.10271	0.570142
0.635097	0.557437	2.7697
1.13595	0.544874	1.10306
0.449462	1.69673	1.24314
1.14626	0.62345	0.43138
0.437505	1.32992	1.44443
0.787968	1.2214	0.312627
1.49095	0.413992	0.258499
1.11623	0.238153	1.91897
0.66129	1.50398	0.289749
0.445442	1.8853	0.945989
0.976981	0.469463	1.56694
1.79745	0.259899	0.235853
1.4847	0.32942	0.743635
0.862492	1.05934	0.62945
0.45781	1.23028	1.94759
1.79426	0.269463	0.217014
1.15177	0.87448	0.242997
0.503862	1.12584	1.73076
1.3408	0.233135	1.59261
0.777336	0.504718	2.28092
1.37691	0.356113	1.08507
0.397187	1.34621	2.3896
0.178571	3.69422	0.517179
1.14849	0.185379	2.13079
1.90556	0.209747	0.177547
0.914705	0.26883	2.55297
0.362326	0.229254	4.30638
0.591461	0.2682	3.43796
0.187945	3.22668	1.30404
0.617755	0.263368	3.29093
0.602611	0.803865	2.19492
0.262482	2.25147	2.44578
1.77085	0.220372	0.420312
0.593174	0.317149	3.21576
0.709114	0.243733	3.01338
1.01952	0.68411	1.12933
0.183622	3.77456	0.405353
0.306525	2.33725	0.967705
1.71786	0.206154	0.563767
1.3078	0.423255	0.628076
1.85937	0.194558	0.30965
0.196386	3.35996	1.16873
1.64467	0.236696	0.900743
0.874088	1.18905	0.277912
0.962371	0.998885	0.649708
0.374072	2.07537	0.957696
0.188071	3.31782	1.20672
1.45038	0.415956	0.366056
0.283216	2.6865	0.303206
0.192147	2.86562	1.39557
0.293897	2.39837	1.09216
0.572884	0.922791	2.00093
1.29499	0.400081	1.12518
0.731996	0.933069	1.80056
1.56376	0.369176	0.301626
0.189633	3.27804	1.2576
0.9417	0.530383	1.44459
1.68278	0.275576	0.446831
0.801737	0.241078	2.84122
0.984908	0.244131	2.39295
0.242426	0.205629	5.00549
0.444303	1.10655	2.46664
1.12281	0.32463	1.4081
0.239111	0.205697	5.08808
1.03956	0.522541	1.26507
0.326137	0.232011	4.49951
0.526796	0.265921	3.72854
0.441436	1.25874	1.85046
1.26202	0.386843	1.34455
1.02314	0.597738	1.23659
1.15372	0.201433	1.93446
0.386999	2.03597	0.51456
0.424201	2.1722	0.267162
0.660612	1.44559	0.354016
0.187116	3.66158	0.597809
0.687711	0.26868	2.90336
1.16983	0.480562	0.836063
0.834685	0.226253	2.83511
0.392424	1.48443	1.40022
0.69265	1.25597	0.397095
0.804981	0.270705	2.70342
0.559525	1.50714	1.00568
0.570415	0.292978	3.57058
0.344989	0.244372	4.40578
0.541328	1.69353	0.332509
1.1974	0.192926	1.92413
0.301314	2.58981	0.57024
0.414684	0.267975	3.97395
0.561699	1.60335	0.691241
0.414689	0.22488	4.08176
0.33195	2.15242	0.912028
0.451275	1.87281	0.397944
0.429729	2.12597	0.455619
0.474786	1.14824	2.36666
0.181402	3.72489	0.47429
0.455762	1.27706	1.75022
0.712508	1.3438	0.216262
0.487292	1.72798	0.734721
0.317916	2.57837	0.664699
0.532291	1.82115	0.193286
0.975054	0.243321	2.58669
1.50987	0.392848	0.209145
0.378931	0.240117	4.06917
0.667998	1.39488	0.543672
1.53692	0.217159	1.10493
0.626571	0.836494	2.00945
0.824389	0.753254	1.42411
0.512291	1.90227	0.214397
0.185595	3.55264	0.799557
0.428277	1.21679	2.39216
0.652451	0.330711	2.78116
0.459838	0.223771	3.89628
0.557236	0.308197	3.50718
0.949247	0.328729	2.06887
0.17953	3.51856	0.847533
1.07476	0.554777	0.873938
1.37564	0.221893	1.46256
0.64258	0.234189	3.55801
0.727503	0.242438	3.06383
0.858074	0.287065	2.60574
1.33136	0.27546	1.40998
1.3541	0.483454	0.44755
0.416483	0.262532	3.9716
1.44068	0.443593	0.250404
1.83267	0.205173	0.319127
0.186523	3.59516	0.720272
1.47296	0.257882	0.966112
1.06803	0.738302	0.673572
1.07599	0.884428	0.474288
0.677626	1.37056	0.683734
1.5885	0.224357	1.0503
0.357621	2.67441	0.239569
0.777	1.08841	0.972765
1.09	0.637236	0.767725
0.775752	1.08861	0.979817
0.309531	2.74581	0.284001
0.672083	1.41055	0.313487
0.481875	1.74333	0.63972
0.507256	1.65723	0.665595
1.04996	0.278084	2.09321
0.606622	0.293727	3.27337
0.703724	0.298483	2.75035
1.35668	0.465874	0.261023
1.24702	0.618655	0.284901
0.679492	0.241724	3.11091
0.454638	0.233172	3.90141
0.658754	0.285307	2.90246
1.18662	0.260278	1.80779
0.65128	0.225791	3.13262
0.743715	0.253469	2.74227
1.50045	0.389383	0.214039
1.58593	0.210244	1.16958
0.685246	1.57074	0.202523
1.42658	0.302148	1.0879
1.06493	0.70467	0.806881
0.522086	0.343504	3.50882
1.80521	0.252162	0.185839
0.636957	1.2977	0.941011
0.175438	4.00416	0.194729
2.08393	0.178779	0.175387
1.81379	0.177304	0.686979
0.668667	0.225414	3.56113
0.529652	0.381751	3.37083
0.570113	0.35675	3.15944
0.263498	2.72098	0.399658
0.633589	0.277274	3.36142
0.361259	1.62408	1.46949
0.201864	3.50455	0.938964
0.741712	0.262193	2.82428
0.294291	2.84772	0.279087
1.96666	0.178595	0.242389
1.86798	0.203999	0.22529
0.344511	1.26748	2.56096
0.253456	2.36771	1.24776
0.498023	1.69158	0.624626
0.690114	0.561178	2.12766
1.00298	0.618034	1.4415
0.852473	1.21468	0.322687
0.465513	2.07333	0.200521
0.191653	3.33361	1.19419
0.18988	2.61825	1.54594
0.599074	0.702795	2.4496
0.271737	2.92578	0.192053
0.188638	3.66027	0.60444
0.273178	1.88628	1.67655
0.270928	2.63694	0.628736
0.615673	0.195586	3.68013
0.333369	1.37348	2.37749
1.61088	0.268591	0.460568
0.768377	0.92544	1.21093
0.48752	0.207884	3.92477
0.249939	2.27873	1.34794
1.51327	0.269509	0.747609
0.555352	0.2073	3.78522
1.6431	0.308053	0.246021
0.884221	0.439642	1.50724
0.237003	2.46336	1.94699
0.237009	2.31188	2.26554
1.29622	0.576973	0.42511
0.18635	3.70372	0.522063
0.420084	1.3413	1.72595
0.716726	0.278025	2.91907
0.406784	1.0994	2.22434
0.56388	0.224621	3.68807
0.607553	0.812599	2.31772
0.923318	0.856829	0.864549
0.18005	3.98229	0.209389
0.227106	2.51668	1.80891
0.646561	1.41494	0.549005
1.12065	0.228118	1.90633
0.197686	3.26379	1.28878
1.15523	0.205531	2.02782
0.189213	3.75659	0.445153
0.624031	0.908547	1.62011
1.69642	0.260954	0.218752
0.906075	0.841296	1.02756
0.502389	1.98353	0.261844
0.346998	1.56862	1.67884
1.20315	0.531109	0.88029
0.196397	3.39135	1.12139
1.83988	0.196612	0.250334
0.582032	1.06532	1.46707
0.824478	1.0038	0.696377
1.72727	0.225903	0.366957
0.904476	0.275169	2.51303
0.43258	0.223198	4.07386
1.22036	0.27262	1.61376
0.221959	2.77423	1.46435
1.25741	0.203953	1.57739
1.27813	0.403206	1.13225
0.480549	1.94102	0.28059
0.628864	0.741927	2.10928
0.785122	0.959496	0.936748
0.66411	0.230929	3.05996
0.730152	1.1229	1.27957
0.789899	0.29765	2.69612
0.534133	1.51077	1.17144
0.78472	1.04302	0.996383
1.56988	0.347682	0.190418
0.450716	1.09111	1.98494
0.683199	0.440512	2.63952
0.260023	2.22789	1.38946
1.13201	0.575803	0.732285
1.37524	0.517322	0.263716
0.278115	2.48595	1.07423
1.43594	0.358912	0.769518
1.59528	0.270748	0.382643
1.77561	0.219053	0.264805
0.707054	0.210884	3.08669
1.34314	0.260304	1.36189
0.302538	2.91952	0.237095
1.2356	0.458049	0.738618
0.453044	1.96907	0.345695
0.357616	2.16745	0.842958
0.5154	2.04443	0.22928
1.41582	0.288889	1.0583
1.46214	0.338117	0.850986
0.749697	0.995591	1.18094
0.674223	1.1725	0.938298
1.62957	0.24026	0.683362
1.36355	0.295989	1.21
0.273129	2.55946	0.855893
1.54323	0.307697	0.327322
1.19977	0.279797	1.59026
0.509164	1.86181	0.51867
0.221959	2.77423	1.46435
0.394618	1.81602	1.20011
1.33168	0.364831	1.1309
0.638002	0.935196	1.50578
0.657457	1.55803	0.292462
1.71827	0.205078	0.699062
0.958869	0.773745	0.988919
0.409496	1.84273	0.997755
0.669748	1.29774	1.01133
1.54102	0.315267	0.413032
2.00604	0.179166	0.19658
1.00422	0.319802	2.05941
0.988353	0.762579	1.00743
1.57843	0.246278	0.708102
0.368807	1.45675	1.81813
0.32369	1.46191	1.97478
0.48548	1.47909	1.37882
0.194255	3.25319	1.29226
1.39405	0.346943	1.20158
0.433942	1.5315	1.34823
1.47295	0.332272	0.396533
1.0751	0.547738	1.06026
0.95233	0.429668	1.68745
0.379275	1.18215	2.22451
0.845543	0.243663	2.74837
1.43237	0.30144	0.902156
0.3449	1.70585	1.47224
1.0418	0.248875	2.35392
0.750239	1.13381	0.7683
1.16888	0.6609	0.564178
1.80544	0.179761	0.735204
1.81206	0.276758	0.204215
1.65303	0.319086	0.329914
0.561568	0.829105	2.42086
0.931803	0.632533	1.59529
0.445894	1.69413	1.29309
0.391293	2.18699	0.711661
1.35163	0.647577	0.256359
1.7736	0.28187	0.217344
0.415625	0.225481	4.07186
1.57343	0.258054	1.08949
0.62369	0.265675	3.57768
0.962156	0.339212	2.13237
1.33816	0.269131	1.48203
0.350914	0.270959	4.21127
0.670058	0.348543	2.74551
1.12494	0.77746	0.2615
0.358866	0.272557	4.07764
0.482003	1.60565	1.3523
0.650021	1.39812	0.751217
0.67143	0.999319	1.4033
0.349698	0.270346	4.22472
0.545306	0.797057	2.57881
0.813157	0.547547	2.02625
1.25508	0.528465	0.613905
1.10038	0.762282	0.338447
1.30166	0.300095	1.42684
1.24983	0.569675	0.662242
0.477205	2.00017	0.364269
0.706966	1.58422	0.218617
0.653092	1.17456	1.30286
1.72357	0.284382	0.291613
0.41462	2.3677	0.302547
0.240399	2.715	1.54398
0.754428	0.929786	1.51109
0.613242	0.746446	2.44653
0.650544	0.269056	3.41299
1.37689	0.27059	1.40277
0.458956	1.07235	2.24252
0.604302	0.900586	1.99817
0.423623	1.50149	1.44356
0.85142	0.565158	1.68927
0.235064	2.5691	1.73461
1.08093	0.469267	1.40909
1.0538	0.307626	1.84409
0.878774	0.443895	1.92119
0.512822	0.359407	3.78644
1.27141	0.496789	0.773793
1.00999	0.422034	1.60713
1.06023	0.418483	1.42489
1.00289	0.97014	0.508066
0.828265	0.491966	1.92613
0.470411	1.85475	0.73253
0.454889	2.09419	0.396924
0.431859	1.35896	1.88433
0.854389	0.486026	1.7794
0.792455	0.291801	2.70449
1.10037	0.714119	0.534114
0.893392	0.437281	1.77403
0.527495	1.79584	0.421557
0.705213	0.800471	1.84168
0.83195	0.242324	2.81842
0.313772	2.54571	0.567189
1.4487	0.578803	0.249221
0.427253	0.896832	3.19413
1.73786	0.252534	0.675341
0.558139	1.66179	0.532149
1.1526	0.55923	1.0685
1.34478	0.408261	0.853411
1.04472	0.704794	0.874744
0.81052	0.930792	1.3636
0.775789	0.226544	2.96096
0.325287	2.48216	0.568813
0.414697	1.35313	2.0426
0.80013	1.32006	0.287747
1.65967	0.295003	0.689566
0.430086	0.923607	3.04206
0.458443	1.72827	0.992106
0.590517	1.28864	1.33947
0.413943	1.40749	1.77665
0.493211	1.6293	1.04551
1.0245	0.960268	0.35852
1.31736	0.455426	0.574916
0.693662	0.273075	3.05202
0.585473	0.307435	3.54986
0.932461	0.429085	2.06827
1.30295	0.497399	0.601633
0.372717	2.66255	0.317783
0.653658	1.7665	0.251814
0.481371	1.44678	1.47375
0.840441	0.255115	2.6997
0.318136	2.60234	0.416332
0.324225	2.72674	0.327968
0.402251	0.220233	4.13054
0.553296	1.86936	0.207788
0.431536	1.49555	1.55007
0.961935	0.680645	1.43336
1.27512	0.47222	0.802992
1.25612	0.590901	0.454912
0.724648	0.324267	2.6808
0.448833	2.19217	0.253429
0.466704	2.10712	0.277638
1.04396	0.741433	1.08681
0.88761	1.02731	0.730474
0.553769	1.82857	0.381345
0.730421	0.24102	2.96097
0.415684	1.58574	1.40601
0.908366	1.06105	0.302958
0.322473	2.69623	0.382938
0.495226	2.03628	0.293516
0.424561	2.1594	0.388811
0.879851	0.780008	1.44638
1.12629	0.658468	0.502866
1.13252	0.550684	1.19521
1.37131	0.416905	0.666217
1.19948	0.580542	0.812373
0.357782	0.237045	4.3626
0.61537	0.284562	3.54815
0.405836	0.256083	4.0672
0.904237	0.38123	2.24362
1.40348	0.413697	0.475188
0.45657	0.200058	4.03474
0.244038	2.47872	1.9366
0.632839	0.304675	3.06055
0.343838	2.30801	0.760193
0.965877	0.369429	1.84597
0.614563	0.763323	2.32755
0.465207	2.17954	0.217556
0.672776	0.631216	2.43727
1.36566	0.383568	0.980608
0.624803	0.303103	3.12292
1.12116	0.574711	1.16337
0.403729	2.41166	0.212523
0.331529	1.4069	2.59906
1.04666	0.309183	2.05847
0.940727	0.309677	2.36341
0.763552	1.37876	0.271761
0.413824	0.787492	3.18298
1.57791	0.257248	1.04352
1.42089	0.334968	1.12609
0.823397	0.95896	0.887213
0.795831	0.247957	2.81471
0.458598	0.271798	3.85612
0.868999	0.235455	2.75961
0.682354	0.288001	2.93532
0.511598	1.84946	0.338622
1.34913	0.412288	0.763215
1.17836	0.46542	1.26986
1.06061	0.712887	0.826464
0.465836	2.02075	0.297091
1.77307	0.265894	0.223822
1.64319	0.311011	0.355624
0.542247	0.839534	2.39352
1.05264	0.510427	1.38362
1.01238	0.747575	0.80865
1.2553	0.436356	1.24914
0.891127	1.0045	0.514054
0.38692	1.50382	1.74374
0.669256	1.46537	0.458507
0.341574	0.69536	3.22388
1.28724	0.485216	0.689256
0.400361	0.976141	2.72801
0.378687	1.56775	1.67528
0.434614	1.22264	1.92204
0.491208	1.70591	0.795703
0.987745	1.14236	0.315705
0.599377	0.742136	2.46898
0.955977	0.648947	1.38337
0.805014	0.49823	2.10848
0.575351	0.305933	3.51785
1.31644	0.399558	0.960061
0.506047	2.06132	0.231533
1.29705	0.568264	0.299452
0.534388	1.75264	0.441444
0.230135	2.59011	1.68568
0.320853	2.72308	0.37553
0.838923	0.900487	1.23556
0.893647	0.429124	2.07363
0.30327	2.73782	0.476069
0.469423	1.79533	0.837109
0.430158	0.23863	4.06067
0.713306	0.336107	2.64438
1.08918	0.682932	0.775395
0.974982	0.38898	1.63847
0.788967	1.07129	0.810938
0.870846	0.41392	2.12979
0.848744	0.252836	2.67861
1.48134	0.335576	0.78654
0.697721	0.277318	2.93435
0.255506	2.35884	2.22653
0.414141	0.258577	3.94282
1.39845	0.481462	0.314708
0.988119	0.703031	1.23555
0.254359	2.35929	2.2221
1.32293	0.300346	1.40113
1.24763	0.658224	0.246534
0.521231	1.90354	0.277162
0.51072	1.60036	1.193
1.22511	0.2459	1.60886
1.2267	0.478876	1.00205
1.02276	1.01498	0.246213
0.246695	0.189947	5.04914
0.196531	0.196531	6.19653
0.245932	0.191708	5.05047
0.930805	0.957521	1.30897
0.478075	1.73409	0.810705
0.365538	0.207681	4.31077
0.6157	0.393578	2.84236
0.585799	0.237943	3.51634
1.4944	0.40945	0.384799
1.59758	0.221092	1.26662
0.266854	1.86726	1.4805
0.606759	0.391599	2.92323
0.303671	2.50041	0.654939
1.05432	0.732915	0.541991
0.873268	1.11741	0.458161
0.812847	0.651126	1.93015
0.355305	1.82169	1.42739
0.628254	0.212385	3.63626
0.796071	0.22811	2.72567
0.367262	0.214161	4.15974
0.540576	1.77176	0.316187
1.44521	0.374837	0.594112
1.0272	0.311827	1.68026
0.468992	1.27952	1.71124
0.440663	1.17645	1.97396
0.287842	2.36103	1.09585
0.903687	0.323519	2.41483
0.462449	1.15057	2.20884
0.285643	2.31753	1.19227
0.293751	2.63817	0.411101
0.235314	2.58471	1.70842
1.22327	0.594756	0.299259
0.422466	1.06984	2.50785
0.595838	0.814343	2.10392
0.900018	0.464327	1.78447
0.365923	0.211853	4.21137
1.19408	0.582918	0.414443
0.410262	1.36703	1.87327
0.459119	0.270499	3.826
1.09708	0.239779	2.03609
0.689883	0.214017	3.28927
0.448177	0.256923	3.89105
1.53279	0.238544	1.17887
0.312101	2.77865	0.249052
0.66476	0.225596	3.29152
0.435415	1.94647	0.577913
1.16684	0.235571	1.84668
1.07509	0.203659	2.47229
1.18111	0.535507	1.17876
0.782374	0.666647	1.6696
0.780947	0.247285	2.67941
0.636757	0.286572	3.21951
1.25069	0.492989	0.5703
0.666962	0.210813	3.39696
0.193818	3.45135	1.01359
0.282756	2.23807	1.32259
0.203568	3.41307	1.10528
0.824512	0.855662	1.42121
0.818709	1.27679	0.193871
0.385431	2.44906	0.225744
0.240464	2.594	1.70663
0.199665	2.81014	1.41618
0.712867	0.867055	1.99011
0.407267	1.42601	1.80005
0.852191	0.45281	2.17795
1.35814	0.288468	1.29517
0.523177	0.930341	2.34382
1.26454	0.457356	0.904067
0.705829	0.266047	3.02219
0.244449	2.37732	2.15377
1.41884	0.344897	0.988972
1.06551	0.69832	0.648056
0.536897	1.43661	1.2587
0.983838	0.37387	1.88798
0.245814	2.40307	2.10323
1.35946	0.418123	0.441097
0.846526	0.35145	2.3849
1.65983	0.291307	0.338734
0.797658	1.06884	0.925141
0.45702	0.220543	3.98211
0.422957	1.08685	2.40932
1.39747	0.366357	0.836091
1.01025	0.913307	0.216533
0.835153	0.442791	2.24833
0.668745	0.223155	3.10913
0.755699	0.331333	2.63757
0.401613	1.92138	0.856037
1.32749	0.237523	1.42688
1.77236	0.284365	0.197345
1.28104	0.614399	0.232077
0.32091	0.205015	4.78938
0.645669	0.294671	3.18475
0.345233	1.5054	2.06315
0.19863	3.91222	0.283183
1.14398	0.74689	0.196607
1.83277	0.217116	0.300873
1.30676	0.569965	0.397755
0.437698	0.224698	3.94749
0.626389	0.226433	3.44277
1.74196	0.265015	0.448488
1.0017	0.776685	0.964497
0.472437	1.27724	1.60958
1.48098	0.431852	0.219313
0.763437	0.263524	2.59985
0.243354	2.4814	1.9289
0.296872	2.46588	0.829581
1.23516	0.336378	1.37802
1.11485	0.704472	0.322442
1.13019	0.73523	0.292014
0.379432	1.5991	1.65271
0.635106	0.204425	3.67726
0.168739	3.47096	0.906719
0.169328	4.11658	0.16991
2.00379	0.179796	0.170187
1.68561	0.27384	0.168479
0.171823	0.171823	6.17182
0.229432	0.176404	5.00806
0.171823	0.171823	6.17182
0.590604	0.313081	3.10944
0.210403	2.51095	1.77118
0.376203	0.230997	4.12032
0.642476	0.207939	3.50209
1.58239	0.214928	0.935458
1.40085	0.219761	1.3476
0.416845	0.178214	3.99903
0.982854	0.211209	2.36254
1.68277	0.242635	0.449087
0.57464	0.365267	2.93943
1.62748	0.211139	0.705041
0.964422	0.208	2.4217
0.174081	4.04432	0.182598
0.432506	1.25449	1.95018
0.477899	1.03787	1.72298
0.257634	2.35709	1.14936
1.88804	0.189653	0.196157
0.250098	2.30984	1.22199
0.186716	3.71754	0.500065
0.185432	3.20442	1.31725
0.171162	3.98294	0.19657
1.3384	0.385598	1.11853
0.342431	1.67745	1.89289
0.420383	0.202726	3.86877
1.74229	0.239212	0.238344
0.172694	3.3095	1.18212
0.617932	0.201399	3.64524
0.627746	0.283008	3.25775
0.171549	3.15377	1.32761
0.867874	0.693531	1.42684
0.282888	2.59821	0.507089
0.172158	2.93077	1.37216
1.70453	0.225175	0.432992
0.18741	3.43587	1.0232
0.279308	2.86294	0.178009
0.545439	0.841365	2.02605
0.381859	0.190621	3.95859
0.480251	0.185649	3.77216
0.18068	3.84602	0.310691
0.215897	2.72455	1.48859
0.269411	2.54777	0.592637
0.191456	3.36874	1.14361
1.36491	0.400913	0.83644
0.34613	0.17608	4.46767
0.265822	2.45017	0.865335
1.13657	0.477352	1.05383
0.181376	3.56798	0.757534
0.173924	3.09471	1.35699
0.305256	0.190931	4.72559
0.325946	0.190998	4.58357
0.336317	0.183935	4.56192
1.14972	0.598277	0.818555
0.175307	3.51673	0.838711
0.173328	3.77073	0.386096
0.523095	0.995655	1.51628
0.393152	1.92886	0.692698
0.461409	2.08277	0.177384
0.171177	3.61405	0.640007
0.291242	2.42896	1.09128
1.62714	0.320985	0.178912
0.802716	0.671437	2.14234
0.173807	3.05	1.36746
1.98936	0.18231	0.171366
0.196919	2.8223	1.40912
0.512602	1.53324	0.704692
1.06806	0.223823	1.9089
0.555986	0.349026	3.15005
0.604146	1.49866	0.650801
0.197883	2.65663	1.51809
0.542486	0.968323	1.63451
1.31897	0.316888	1.23999
0.27665	2.7952	0.193052
0.529474	1.30552	1.35915
1.21053	0.455273	0.855771
1.76142	0.242246	0.214964
0.204311	2.63725	1.55465
0.667238	0.296449	2.78597
0.759104	0.263128	2.69129
0.428223	1.87213	0.5129
1.10112	0.250995	1.66367
0.275702	0.194814	4.96974
0.655211	1.63162	0.252475
1.02083	0.540952	1.14664
1.91776	0.195887	0.170207
1.08248	0.756212	0.3379
0.939465	0.413994	1.51732
0.924879	0.587899	1.43929
0.699296	0.247094	2.8515
0.642656	1.06061	1.21864
0.365631	0.187428	4.29445
0.315055	0.223857	4.3377
0.609919	1.44902	0.595251
1.56562	0.237829	0.923475
0.51681	1.71904	0.415301
0.690242	0.19738	2.92522
0.816526	0.789475	1.53952
1.22946	0.496272	0.459384
0.317166	2.73795	0.326687
0.656245	0.202667	3.56674
1.03807	0.283261	1.81806
0.767818	0.221136	2.76417
1.04957	0.203871	2.32496
1.46546	0.354401	0.650392
1.24441	0.267415	1.57359
0.171474	3.38523	1.06625
1.9552	0.192314	0.173827
0.79304	0.661555	2.15557
0.184152	3.91774	0.253135
0.729163	1.20102	0.319125
1.82063	0.221696	0.1706
1.85171	0.21814	0.174505
1.1692	0.494763	0.965403
0.683793	0.227755	3.38552
0.90394	0.324937	2.22837
0.362673	2.19998	0.435489
0.844676	0.70455	1.67949
0.184618	3.26561	1.26055
0.358894	2.25571	0.388873
0.17193	3.82055	0.3203
0.915247	0.20598	2.53958
0.608386	1.13794	1.44165
0.376918	2.12128	0.777263
0.373661	2.39073	0.193961
0.175479	3.67604	0.539932
0.308476	0.18722	4.80048
1.16449	0.605285	0.748253
0.451357	0.184099	3.78071
1.29815	0.318806	1.29038
0.301633	0.180842	4.88648
0.360416	0.194289	4.40104
0.266881	2.28774	1.30054
0.446337	1.67248	1.03221
0.296387	0.185743	4.8886
1.78512	0.200873	0.382351
1.48143	0.331241	0.385369
1.83844	0.204008	0.236222
1.11504	0.339828	1.38775
0.402399	1.97957	0.419153
0.365082	1.17575	2.27188
0.75443	1.2847	0.254893
1.80133	0.203884	0.375629
0.217004	2.03745	2.58297
1.95623	0.186753	0.170099
0.848818	0.251366	2.54446
0.172275	4.1101	0.173226
0.618646	1.36085	0.567788
0.583108	0.815583	2.04325
0.171994	3.65633	0.564983
0.501491	1.14464	1.37299
0.913196	0.272466	2.1993
1.54731	0.374974	0.202977
1.43874	0.368546	0.285405
1.91253	0.182369	0.21994
0.499062	0.932999	1.81348
0.373512	0.18605	4.22895
0.660914	0.269422	2.8515
0.813578	1.09794	0.225566
0.888383	0.535246	1.47321
1.27646	0.399811	1.25665
0.169114	3.92105	0.225452
0.26652	2.16513	2.56986
0.928281	0.855306	0.962145
0.360517	2.24573	0.422128
0.78035	0.729822	2.0749
0.399373	1.74092	1.05927
0.172576	2.98515	1.37205
0.836498	0.369442	2.27081
1.69084	0.192889	0.789828
0.721078	0.289779	2.67207
0.172697	2.999	1.37159
1.18839	0.248589	1.60825
0.537209	1.81095	0.198192
0.525584	0.239542	3.61347
1.03198	0.440985	1.3716
0.571142	1.46212	0.767092
0.495358	1.58376	0.848635
0.475922	1.84567	0.314786
0.596213	1.41201	0.673142
0.318461	0.181411	4.79892
0.452651	2.01816	0.246777
0.542845	0.327145	3.37118
0.328201	0.191801	4.45025
0.420789	1.7638	0.990881
0.437513	1.90904	0.411932
0.214581	2.04227	2.57631
0.468939	1.46416	1.28475
0.749221	1.08424	0.5399
0.171823	0.171823	6.17182
1.77035	0.275959	0.249838
0.343526	0.776912	3.62124
0.367906	0.878861	3.14886
0.927855	0.679731	1.50385
1.8794	0.190713	0.43673
0.241564	2.28706	2.32665
0.856146	0.85829	1.38677
1.5376	0.268042	0.95445
0.269927	2.6099	0.910484
0.23822	2.36731	2.15553
0.479033	1.63291	0.974645
0.633859	1.47309	0.449027
0.401205	0.989307	2.67925
0.764768	0.547577	2.15339
0.754388	1.13569	0.566116
0.768288	0.298006	2.69885
0.413941	2.40722	0.325498
1.18968	0.570025	0.721993
0.431345	1.57116	1.44176
0.778726	0.48081	2.03495
1.57653	0.326459	0.306368
0.37859	2.09489	0.836039
1.17128	0.739426	0.23402
0.803418	0.704949	1.63687
0.562765	1.79568	0.404724
0.686535	0.818168	2.16099
1.08465	0.499177	1.39405
1.68999	0.24759	0.849857
0.431652	1.40409	1.74146
0.434124	1.23884	1.92338
0.380996	0.896843	2.90239
0.627893	1.78123	0.354865
0.88604	0.624467	1.61727
0.221782	2.56496	1.70546
0.427935	1.69557	1.34377
0.245307	2.17844	2.5087
0.436931	1.73875	1.26049
0.968154	0.401737	1.97511
0.360636	0.828391	3.42617
1.26205	0.460242	0.936628
1.1174	0.646571	0.719274
0.272317	2.52557	1.13258
1.31509	0.495814	0.564942
0.548777	1.52339	0.882304
0.240974	2.44981	1.98799
0.357655	1.40044	2.36613
1.61225	0.290295	0.717766
0.188581	3.68872	0.553771
0.19157	3.88371	0.294947
0.985896	0.372793	2.07457
1.22839	0.247521	1.89528
0.537391	1.66177	0.55027
0.902521	0.330298	2.5655
1.02386	0.363086	2.00363
0.950535	1.058	0.376195
1.05972	0.617912	0.980051
1.47455	0.285065	1.24389
0.772926	0.527312	2.49751
0.729102	0.920904	1.38163
0.424501	1.17401	2.2093
1.67521	0.205017	1.06206
0.535426	2.00762	0.213907
0.375594	2.06829	0.923987
0.933885	1.0878	0.220252
1.28984	0.390986	1.15003
0.680931	0.950346	1.46831
0.18638	3.79541	0.383482
1.75208	0.217317	0.462571
0.476025	1.35517	1.62983
0.190534	3.69931	0.540831
1.07411	0.579885	1.18503
0.866404	0.729726	1.33649
0.379355	1.20429	2.46038
1.71735	0.273319	0.418118
1.28391	0.588696	0.247429
0.795104	1.19598	0.326829
0.490408	1.55135	1.25231
1.23182	0.435552	1.15387
0.450093	2.16531	0.219218
0.655873	0.391387	2.98972
0.944882	0.583215	1.46973
0.864603	0.819945	1.20305
0.541362	1.94049	0.201615
0.186399	3.97135	0.223797
0.875998	0.476768	1.68451
1.51892	0.298102	0.808229
0.196531	0.196531	6.19653
0.178571	3.69422	0.517179
0.196531	0.196531	6.19653
1.85032	0.24212	0.193315
0.276372	2.77013	0.365052
0.515518	1.8779	0.251641
0.420588	0.986284	2.66792
0.21577	2.3468	2.12898
0.713734	0.306378	2.83375
0.411022	0.948307	3.37266
0.317233	0.261318	4.65106
0.323726	0.273855	4.32066
0.410066	0.75168	3.66226
0.577836	0.228566	3.7562
0.445335	0.80048	3.58778
0.8472	0.448368	1.92712
0.600836	0.677997	2.9427
0.518488	1.93982	0.214562
1.3203	0.511106	0.486994
0.444228	0.838138	3.28315
0.487295	1.69622	0.924001
0.943373	0.284699	2.24694
0.388894	0.673028	3.90072
0.303676	0.255789	4.8436
0.279586	2.80909	0.310283
0.313951	0.255797	4.71113
0.903203	0.349479	2.29344
0.342213	2.11812	1.19437
0.604694	1.09209	1.54038
1.1306	0.590002	0.894355
0.461916	0.867985	3.18102
0.691264	1.44461	0.286154
1.40385	0.312152	1.15347
0.627897	1.62297	0.294777
0.798024	0.438124	2.36135
1.71342	0.275602	0.401803
0.76146	0.54403	2.43921
0.887434	0.465552	1.66464
1.58406	0.236351	1.28484
0.39885	1.13802	2.34152
0.660971	1.33655	0.731958
0.351627	0.267187	4.09603
0.357538	2.26944	0.815993
0.455357	0.909511	3.10193
1.08393	0.295569	1.7761
1.10327	0.712751	0.386226
0.402997	0.717138	3.815
0.329467	1.97604	1.41391
0.705037	0.565152	2.60197
0.965124	0.779885	0.857039
1.05794	0.275254	2.0344
1.67996	0.315619	0.262027
1.58984	0.266244	0.774377
1.21872	0.416263	1.25244
1.01819	0.268554	2.1823
0.364361	2.40475	0.422828
1.52961	0.325424	0.570899
0.83046	0.693828	1.40327
0.752132	0.226235	3.01014
1.24815	0.438641	1.19027
0.470311	0.877937	3.10489
0.427479	1.32766	1.52844
0.383869	1.11047	2.39153
0.815059	1.0703	0.645758
0.568557	1.48331	1.2435
0.230132	2.06551	2.58703
0.669079	0.248896	3.19139
1.4272	0.340008	0.797569
0.294739	0.252497	4.94404
0.588403	0.901009	1.9773
0.37811	1.04611	2.58209
1.3517	0.382081	0.704506
0.669484	1.3784	0.551288
0.744268	1.22586	0.65432
0.543855	0.243554	3.63077
0.454607	0.833122	3.32908
0.989944	0.783374	0.69465
1.02566	0.643511	1.16402
0.465608	0.240248	3.83067
1.04881	0.617589	1.16403
0.387485	0.221488	4.0823
0.335713	2.0017	1.413
1.0451	0.367643	1.98852
1.33339	0.569543	0.244429
0.68054	1.19144	0.918239
1.30058	0.56047	0.320191
0.734532	1.2398	0.455516
0.81637	1.00913	1.034
0.923404	0.398926	1.79435
0.40453	1.28002	1.76179
0.551504	1.64288	0.608868
0.344229	2.028	1.37096
0.487113	2.11037	0.252764
1.61963	0.343232	0.242867
1.46176	0.404237	0.441469
0.202509	3.41308	1.10249
0.642134	1.0628	1.55893
1.15263	0.651184	0.665999
0.680481	0.252936	3.00878
0.367848	2.29185	0.783513
1.07159	0.578622	1.34016
0.782312	0.485403	2.4351
0.512495	1.58087	1.09372
0.906469	0.27274	2.55772
1.27407	0.254645	1.59928
0.755235	1.12798	1.03754
1.19802	0.583158	0.681157
0.875796	1.00383	1.10972
1.94947	0.155853	0.138816
0.139528	4.1236	0.139544
0.139528	4.1236	0.139544
2.06678	0.141084	0.138844
0.22627	0.177587	5.04616
1.54416	0.282945	0.285794
0.250179	2.87275	0.148921
0.313051	0.17557	4.72739
1.62068	0.280405	0.281301
0.195963	2.36137	2.03592
0.15727	3.17406	1.29072
0.245962	2.32473	2.26677
0.187714	2.22393	2.28996
0.427992	0.389763	3.8623
0.221394	2.5103	1.80448
1.754	0.160412	0.347107
0.459509	1.6283	0.731675
0.825372	0.363632	2.15464
0.193668	3.4803	0.960655
0.655136	0.237194	3.36633
0.35617	0.186898	4.12532
0.34267	0.197639	4.25227
0.229353	2.59804	1.67084
0.616412	0.337016	2.92337
0.642389	0.273829	3.12054
0.608437	0.370975	3.05802
0.533477	0.408645	3.56927
0.1551	3.5897	0.639461
0.383861	0.175555	4.01504
0.211974	2.53312	1.73453
0.154399	2.967	1.35387
0.279722	2.2699	0.783126
0.426222	2.14452	0.159637
0.183286	2.66535	1.47954
1.90727	0.14599	0.286074
0.156687	2.79328	1.36618
0.437236	1.69229	0.58832
0.16334	3.98268	0.185885
0.716036	0.271238	2.98902
0.564544	0.879044	1.70311
0.307261	0.185327	4.61615
0.146925	3.0314	1.3391
0.719632	0.242359	2.81331
0.549628	0.422958	3.2122
0.446822	1.82883	0.366809
0.402657	1.15388	2.33369
1.03819	0.241123	2.0901
0.882772	0.210022	2.58918
0.634318	0.380737	2.87477
0.171051	3.2592	1.2393
0.663862	0.557315	2.66804
1.05977	0.60127	0.762769
1.51795	0.161585	1.23702
0.362692	0.950134	2.6066
1.19815	0.682422	0.329803
0.169915	3.31745	1.16487
1.08862	0.476015	1.24722
0.339515	0.206794	4.18327
0.377772	1.91165	0.603772
0.370175	0.180024	4.00572
0.935138	0.780341	1.15804
0.485372	0.427901	3.79576
0.518771	0.418521	3.49094
0.319762	0.200895	4.38355
0.765695	0.442557	2.53453
1.87316	0.174737	0.140014
0.197313	2.4055	1.94572
0.312921	0.179616	4.50529
2.0304	0.142517	0.141352
0.149966	3.10686	1.3191
0.275825	0.189242	4.85868
0.483144	0.914028	1.53505
0.149231	3.34577	1.07172
1.79802	0.155846	0.28583
0.26025	2.58246	0.499148
0.84035	0.710817	1.45576
1.25729	0.417884	0.398218
0.437274	1.33139	1.35152
1.02251	0.233674	2.24494
1.39463	0.253561	1.06645
1.83503	0.174985	0.164214
1.31385	0.261892	1.22889
0.147451	4.11873	0.147545
0.147782	3.91744	0.193357
0.362225	1.01292	2.48696
1.16227	0.59701	0.582186
0.194337	2.4405	1.86308
0.141981	4.0267	0.147978
0.731059	1.23023	0.317181
0.418529	1.41641	1.41387
1.11523	0.732604	0.486337
0.544906	0.325442	3.42876
1.17885	0.674167	0.41726
0.328228	1.9816	1.19845
1.0112	0.803837	0.852521
0.809064	1.26087	0.183423
0.858675	1.00069	0.37715
0.16276	3.41097	0.998986
0.473307	1.07964	1.35717
0.295849	1.75885	1.39287
0.674595	1.28658	0.714175
0.184049	3.69297	0.534089
1.13737	0.465767	1.11814
0.158539	3.7453	0.386176
1.42491	0.267527	0.798349
1.44882	0.476639	0.195938
0.956951	0.27863	2.41696
0.288282	0.182047	4.85883
0.148847	3.79179	0.303756
1.39826	0.226544	1.08253
0.14953	3.09372	1.32417
0.342214	1.31446	1.85988
0.595524	0.259396	3.6131
1.10748	0.556612	0.823674
1.47879	0.313629	0.177346
0.979281	0.596732	1.12312
1.69252	0.158786	0.669995
0.434808	1.78683	0.42345
0.901503	0.657646	1.53202
0.554543	1.459	0.425076
0.858195	0.371934	1.91544
0.588141	1.13057	1.27877
0.272022	2.70802	0.279431
1.49102	0.159356	1.34414
0.911316	0.303521	2.38991
0.361785	2.10634	0.525385
0.581872	1.39332	0.451026
0.743263	1.24269	0.316656
0.485732	0.423638	3.64024
0.321631	0.18982	4.44456
1.27526	0.625378	0.238736
0.993779	0.444734	1.59616
0.641323	0.334867	2.73023
0.160705	3.63387	0.573744
1.70329	0.236642	0.452774
1.34512	0.331364	0.774169
0.14764	3.88943	0.210778
1.99518	0.146177	0.157583
0.696422	0.574649	2.44012
0.491562	0.82718	1.95591
1.21571	0.507336	1.08636
0.889279	0.503895	1.62014
0.858575	1.19441	0.25705
0.167987	3.50538	0.839132
1.37176	0.404829	0.33206
0.501208	1.52589	0.542376
0.538739	0.358652	3.46885
1.64196	0.261615	0.451995
2.01605	0.141847	0.144987
0.191544	2.73988	1.43626
1.12296	0.286972	1.78691
1.42546	0.396348	0.279422
0.513328	0.329514	3.72586
0.403106	1.74015	0.766661
0.142652	3.84448	0.237253
2.06418	0.141366	0.139165
0.473812	1.50908	0.969536
0.186492	2.75839	1.41842
1.73258	0.170562	0.406819
0.491566	1.59256	0.893552
0.163173	3.41025	1.0014
0.777749	0.663606	1.967
0.344494	1.94457	0.766661
0.58907	1.5294	0.209284
0.300969	0.193084	4.58576
0.705442	0.637286	2.30671
0.802924	0.455318	1.75011
0.676285	1.49511	0.223651
0.945345	1.04592	0.238546
0.615672	0.531178	2.84914
0.687178	1.17683	0.370478
0.489378	1.58844	0.902948
1.375	0.322727	0.656281
0.672523	1.57558	0.194015
0.704015	1.13656	0.682247
1.66349	0.16465	0.599149
0.228848	0.175741	5.04529
1.97915	0.150855	0.138842
0.507242	0.815723	1.88479
1.23375	0.632803	0.304182
0.143531	3.71466	0.39387
0.280828	0.171972	4.9515
1.66916	0.277867	0.418891
0.161454	3.82607	0.292227
0.402694	1.8634	0.831278
1.80683	0.167182	0.174923
0.14847	2.99289	1.3461
0.553087	0.704356	2.20162
0.152398	3.53277	0.740594
1.45765	0.334081	0.368059
0.65892	0.627217	2.71455
0.171051	3.26266	1.2355
1.03524	0.441925	1.29516
1.05241	0.292199	1.36913
0.325795	2.06407	0.616664
1.9653	0.153937	0.139729
0.279507	0.203924	5.00133
1.80427	0.245883	0.326379
0.484714	0.225827	3.81885
0.704989	0.234764	3.0819
1.75727	0.235274	0.448635
0.43913	0.204843	4.01565
0.774711	0.244727	2.76132
0.51241	1.72949	0.609932
0.629121	0.232865	3.59545
0.665839	0.376807	2.88505
0.317731	2.80494	0.214192
0.753352	0.24091	2.83543
0.301293	2.49288	0.712645
1.24298	0.245791	1.50838
1.38028	0.295275	1.28176
0.31276	2.71064	0.268464
0.435888	1.30271	1.9724
1.10224	0.627317	0.812806
1.69501	0.247679	0.731206
0.316787	2.76517	0.230012
1.72132	0.266143	0.340755
0.654136	1.34902	1.13386
0.600454	0.246341	3.59599
1.32133	0.66664	0.260648
0.323616	2.56387	0.418896
0.336043	2.0346	1.37466
0.306905	2.53465	0.611942
0.294271	2.31014	1.20004
1.43785	0.264519	1.36962
0.843425	0.266886	2.61704
0.999437	0.947983	0.462355
0.786249	0.98451	1.26088
0.671356	0.84949	1.6403
0.524045	1.77075	0.480282
1.18535	0.24028	1.66733
0.558769	1.68507	0.492832
1.73946	0.250688	0.662594
0.809163	0.326673	2.6705
0.379852	2.64108	0.222083
0.619509	0.866947	1.87957
1.15204	0.67838	0.682205
0.336084	2.66554	0.394785
1.33086	0.339895	1.18773
0.466984	1.47213	1.41473
0.395222	1.39697	1.72719
0.49386	1.62821	1.01437
0.293027	2.28068	1.25608
1.46613	0.35507	0.623014
0.567748	1.83365	0.336281
0.454726	1.32368	1.76843
0.473741	1.70063	1.07291
0.738817	1.02135	1.16602
0.590668	0.225318	3.71184
0.802915	0.736	1.93149
1.22515	0.623809	0.548984
0.825681	1.2751	0.237073
0.679086	1.11369	1.35827
0.640057	0.969743	1.46588
1.13514	0.513082	1.18728
1.50628	0.275458	1.15596
0.529947	0.22497	3.79825
0.663147	0.348401	2.96911
0.89237	0.258292	2.63572
1.47964	0.253822	1.28557
0.958866	0.281406	2.36996
0.211667	3.42877	1.10093
0.418537	0.210998	4.09596
0.970527	0.92108	0.689553
1.61476	0.248017	1.02648
0.434539	0.214339	4.022
0.696503	0.900758	1.41013
0.590668	0.225318	3.71184
1.30378	0.424889	1.26939
1.12844	0.699629	0.690637
0.853561	1.02019	0.987812
0.820774	0.734684	1.86054
0.904431	1.08304	0.502687
0.981456	0.805809	0.989513
1.44881	0.366046	0.652258
0.418537	0.210998	4.09596
0.71333	1.14675	1.33833
1.19847	0.561757	0.982104
1.03194	0.465103	1.43164
