1.5928	0.411289	0.226974
0.511102	0.662651	3.09713
0.452794	0.56561	3.84075
0.550562	0.722924	2.84186
0.50094	0.304097	3.92067
1.4015	0.526852	0.294518
0.557011	1.47772	1.36626
1.11829	0.779765	0.551707
0.374997	0.279851	4.295
0.996486	1.01519	0.459377
0.820093	1.16168	0.567904
0.659362	0.854176	2.07887
0.672841	0.375017	2.75728
0.533307	1.9491	0.421467
1.53427	0.396926	0.354317
0.607108	0.685596	2.71922
0.481875	0.617112	3.50483
1.10408	0.914891	0.30585
0.797184	1.18128	0.599525
0.542552	1.8257	0.591786
0.970843	0.82728	1.14959
0.481875	0.617112	3.50483
1.24638	0.639079	0.552049
0.904251	0.923592	1.04497
0.320656	2.17072	1.4487
0.95639	0.897431	1.31256
0.843239	1.30212	0.268826
0.843127	1.25917	0.272368
1.08824	0.382367	1.50731
1.2124	0.728456	0.667613
0.404689	1.25796	2.32814
0.332711	2.04076	1.46028
0.816883	1.20303	0.515967
1.27289	0.682842	0.358724
0.769951	0.5737	2.67247
0.84608	0.568702	2.16565
0.85525	1.0284	1.18674
1.57679	0.333793	0.548647
0.622245	1.71771	0.38022
0.814017	1.33727	0.460101
0.733932	0.613714	2.67038
0.738614	0.382553	2.76085
0.738614	0.382553	2.76085
0.779377	1.41677	0.317533
0.388011	2.43901	0.550438
0.968313	0.860449	1.17132
0.805812	0.724249	1.63738
0.382769	2.40991	0.807429
0.17199	3.26237	1.23779
0.174184	4.07479	0.178044
1.73084	0.17645	1.00921
0.191704	0.191704	6.1917
2.0357	0.180116	0.173341
0.242041	0.198239	5.05524
0.191704	0.191704	6.1917
0.18796	3.08303	1.37793
0.181885	2.92989	1.3819
1.8931	0.203883	0.218597
0.603248	0.277538	3.2079
0.571686	0.325137	3.01279
0.298779	2.3277	1.04131
0.285659	2.7623	0.228503
1.93705	0.191337	0.177106
0.315793	0.217845	4.66512
0.226032	2.44112	1.95978
0.411008	1.7818	0.982928
1.86066	0.194046	0.23834
0.261763	2.21117	1.35916
0.659672	0.226905	3.55473
0.189953	3.92745	0.256108
0.226073	2.50659	1.82553
0.186534	3.19412	1.32656
0.182354	3.13212	1.35466
0.909887	0.552321	1.51525
0.557838	0.74017	2.53332
0.676609	0.268628	2.85742
0.176845	3.31331	1.18672
0.270541	2.47139	0.869663
0.751852	1.12143	0.772798
0.481607	1.1996	1.46092
0.401754	2.13762	0.310079
0.234002	2.35846	2.16106
0.49813	0.731875	2.75666
1.05441	0.293002	2.05928
0.977923	0.349645	1.90116
1.99146	0.182864	0.17784
0.261763	2.21117	1.35916
0.605818	0.2473	3.49822
0.533975	0.812757	2.68723
0.487686	1.3277	1.32392
1.45086	0.361241	0.299305
0.294944	2.38027	1.19805
0.633381	0.265471	3.24183
0.47774	1.92288	0.192311
0.377923	1.86266	0.983193
1.51641	0.33606	0.309241
1.57598	0.203111	1.2895
0.549175	0.265967	3.65591
0.524793	0.245384	3.82139
0.939879	0.321195	1.93084
0.211637	3.63524	0.716818
0.962287	0.256278	2.41613
0.32764	0.195477	4.52276
1.75406	0.17743	0.92588
1.55853	0.288516	0.603734
0.640012	0.262347	3.00108
0.842239	0.267519	2.59513
0.355784	0.191064	4.29187
1.08291	0.244857	2.36679
1.64525	0.209833	0.78289
0.510123	0.766454	2.68845
0.40385	1.96598	0.675525
0.62484	0.863969	1.86082
1.82523	0.225869	0.182017
0.793514	0.650209	1.39268
1.78266	0.180191	0.71089
0.696748	0.248679	2.85201
0.21486	2.63617	1.58
0.182612	3.52691	0.84048
0.872104	1.0401	0.382641
0.49048	0.292432	3.74099
0.303263	0.218293	4.65447
0.669303	1.25308	0.514929
0.213078	2.809	1.43465
1.62035	0.300491	0.264584
1.42309	0.306065	0.728437
1.28973	0.392598	0.70047
0.353898	0.191997	4.37361
0.392718	0.221808	4.03847
0.181451	3.36373	1.12605
0.338552	2.55024	0.552401
0.174846	3.8729	0.272809
1.18021	0.524329	1.00481
0.173879	3.48645	0.892358
1.68002	0.292385	0.344868
0.216561	2.60715	1.62447
0.614826	1.36879	0.951502
2.03552	0.18101	0.174283
0.926406	0.634893	1.39969
0.412181	1.07855	2.28056
0.584673	0.842608	2.08598
1.7022	0.182681	1.01479
1.10481	0.236847	2.43972
0.464197	1.65823	0.837631
1.00102	0.290649	2.2439
1.11132	0.701562	0.720301
0.277726	2.67358	0.361154
0.35341	0.215733	4.43951
0.713877	1.04958	0.9304
0.179969	3.25216	1.265
1.40457	0.324108	0.959721
0.826114	0.599659	1.50807
0.57445	0.281912	3.40857
1.19739	0.449849	1.04131
0.929591	0.458356	1.55383
0.625376	0.715314	2.22235
0.333559	1.40904	2.11226
0.173451	3.99749	0.194324
1.35897	0.413121	0.40708
0.370473	1.52369	1.52779
0.301449	1.58421	2.15637
1.34249	0.258768	1.48492
0.445377	0.234109	3.93422
0.465757	0.220279	3.92973
1.38476	0.397895	0.270295
1.27727	0.484131	0.47551
1.49348	0.241405	1.03928
0.850527	1.26268	0.242667
0.537505	0.769665	2.49945
0.299656	0.219582	5.00897
0.764569	1.05446	0.573235
1.30785	0.508932	0.220888
0.968723	0.362316	1.80545
0.175427	4.06248	0.181072
0.431382	1.75203	0.901778
0.217707	2.69374	1.51986
0.655453	1.55146	0.422511
0.650761	0.222609	3.68381
0.181414	3.9873	0.20921
0.177618	3.82596	0.326306
0.312265	0.208287	4.91436
0.446769	2.09883	0.180998
0.601357	0.36482	2.79787
1.09008	0.488081	1.33375
0.468527	0.88664	2.49214
1.1222	0.912962	0.312925
0.815384	1.14404	0.3846
0.339367	2.56793	0.509195
1.21842	0.257465	1.62122
0.605386	0.257012	3.34839
0.18091	3.5684	0.75535
1.82997	0.182733	0.454458
0.190219	3.39239	1.10377
0.187957	2.87798	1.38983
1.11676	0.597271	0.89632
0.178602	3.78925	0.373562
1.06238	0.314309	1.75459
0.439807	1.98806	0.493948
1.71641	0.228334	0.633527
0.334441	2.4255	0.889109
1.59094	0.24502	0.584345
0.178602	3.58266	0.721132
0.809559	0.418865	2.33492
0.736303	1.48851	0.486477
1.53976	0.227814	1.0833
0.361352	2.06285	0.638557
1.98252	0.189871	0.203065
0.383517	2.03473	0.519464
1.3139	0.326752	1.06728
0.858192	0.344047	2.30658
0.425227	2.0114	0.351641
0.323178	0.209147	4.8416
0.420727	1.47088	1.3825
0.503434	1.64888	1.25555
1.46493	0.357935	0.644417
0.281949	2.85115	0.189043
1.32814	0.295543	1.38628
1.12277	0.443776	1.21656
1.13046	0.310624	1.61566
1.06238	0.314309	1.75459
0.329741	0.247455	4.49885
0.744704	1.3356	0.318398
0.645309	0.971262	1.37793
0.176868	3.43406	0.997257
0.891106	0.319849	2.30656
1.60224	0.206742	1.15259
0.427952	0.194559	4.11971
1.15791	0.253256	1.68427
0.184907	3.72092	0.489815
0.89247	1.07212	0.185738
0.538743	1.44041	1.10149
0.551579	0.250554	3.81015
1.96311	0.179388	0.241216
0.597008	1.02129	1.42889
0.174966	3.69105	0.512839
1.37198	0.299263	1.03986
1.16112	0.261193	1.48931
0.997275	0.373462	1.51301
1.66399	0.191054	0.9269
0.530269	0.264348	3.91372
0.345024	0.523031	4.32748
0.778606	0.280995	2.76838
0.763864	0.880162	1.54787
0.413489	1.18389	2.42578
0.409135	1.30293	2.13828
1.15986	0.787188	0.377519
0.524199	1.959	0.429707
0.684483	0.908123	1.83919
0.823425	0.621894	1.6799
0.805798	1.35463	0.346553
1.06397	1.04585	0.417264
1.1075	0.371305	1.65029
0.53257	0.292421	3.86002
0.994263	0.841256	0.849814
0.364015	0.528545	4.26099
0.325949	0.481481	4.56122
1.09463	0.749485	0.567184
0.882902	0.599084	1.60403
0.560419	1.05881	2.04576
0.313052	0.592072	4.22548
0.548969	1.75011	0.595402
0.308909	0.565594	4.37372
0.451742	0.278515	4.01772
0.513386	0.403499	3.78274
0.607626	1.48558	1.09393
0.398961	2.36898	0.57085
1.39112	0.28389	1.44377
0.57762	1.7333	0.669585
0.540215	1.34399	1.45192
0.572249	0.903212	2.31574
0.777599	0.583375	2.0483
0.606825	0.955812	1.63955
0.759225	1.27673	0.701882
0.605659	0.947851	1.71074
0.564087	1.83977	0.191717
0.584487	1.04425	1.61994
0.547921	0.349399	3.71977
0.375396	2.13809	1.1208
0.860811	0.428658	2.27975
0.612758	0.888574	2.10334
0.878432	0.486313	2.19416
0.541054	1.61635	0.930731
0.487834	1.65413	1.16951
0.952711	0.813931	1.07036
1.0386	0.295393	2.15658
0.474915	2.07393	0.326279
1.02352	0.996903	0.256253
0.803966	0.510189	2.47889
0.841518	0.477744	2.37026
0.605401	0.327764	3.31222
0.757681	1.23476	0.569415
1.21568	0.707084	0.642885
0.55621	1.9486	0.272795
0.67263	1.48556	0.50268
0.52238	1.55049	1.16867
1.8693	0.247622	0.220982
0.765197	1.26713	0.410341
0.889738	0.697717	1.49637
0.25602	2.48552	1.95941
0.598373	0.426482	2.91815
0.539558	1.53736	1.39022
0.794203	0.25248	2.77554
0.525606	0.356992	3.64728
0.676764	1.4946	0.460942
0.725195	0.202048	3.1889
0.304804	2.50736	0.899657
0.70175	0.357831	2.86103
0.646476	0.85102	1.91962
0.414445	1.39214	2.07494
0.41976	1.71996	1.41103
0.704627	1.17711	1.09625
0.506818	1.12333	1.8579
0.465291	2.03772	0.594525
0.73324	1.19968	0.85413
0.500596	1.44337	1.40226
1.52174	0.452635	0.263434
1.57058	0.253374	1.17367
0.697749	1.43748	0.207996
0.472874	1.90783	0.778243
1.11895	0.47363	1.50011
0.854115	0.235326	2.60032
0.445961	1.29194	1.8658
1.84631	0.201579	0.629018
0.550918	1.72047	0.759416
1.84313	0.261119	0.202983
0.375945	1.75986	1.42661
0.899493	0.722272	1.45078
0.452398	1.87013	0.947778
0.463494	2.01429	0.658023
1.43767	0.466267	0.390222
0.17199	3.26237	1.23779
0.233361	0.189225	5.08664
1.88279	0.215479	0.181208
1.14344	0.272075	1.99743
0.773222	0.461311	2.64685
0.421167	0.786253	3.61083
0.236531	2.32057	2.2468
0.240172	2.37692	2.14128
1.95745	0.187736	0.272867
0.188852	3.47944	0.948531
0.504373	0.958024	3.31841
0.369963	1.38711	2.06065
0.214769	2.56645	1.68404
0.425841	0.809468	3.4733
0.416727	0.190951	4.1462
1.8082	0.194482	0.452957
1.00437	0.274516	1.9079
1.39313	0.337198	0.762828
0.336995	0.205619	4.58263
0.270282	2.51621	0.958405
1.43232	0.247824	1.38082
0.196606	3.36104	1.16771
1.1615	0.230861	1.72022
0.358061	0.214727	4.26645
0.332182	0.204981	4.67536
1.10065	0.304903	1.75407
0.542925	1.52414	0.814931
0.190301	3.92476	0.258648
0.643359	0.393311	3.0173
0.439895	1.86332	0.7488
0.196241	3.2216	1.3232
0.270865	2.44601	1.13885
2.01113	0.187096	0.195657
1.49354	0.251541	1.27698
0.302182	0.192559	4.93325
1.17937	0.693057	0.223153
1.56835	0.204767	1.28633
0.873778	0.276958	2.53435
0.378215	0.827623	3.69567
0.805964	0.712922	1.62062
0.991653	0.893973	0.789441
0.190432	3.64722	0.633398
1.75889	0.216182	0.383176
1.26308	0.316147	1.48253
0.393451	0.200366	4.36568
0.261951	2.61888	0.636445
0.756926	0.213636	2.71165
0.191195	3.60731	0.710636
1.3325	0.335236	1.14288
0.898958	0.363009	2.08624
0.716137	0.211969	2.96357
1.29306	0.593368	0.190418
0.365096	1.44932	1.51202
0.428061	0.194298	4.02841
0.479264	0.384354	3.87428
0.724567	0.343391	2.83528
0.525741	0.40941	3.72043
0.23878	2.70099	1.55523
1.25018	0.397365	1.08611
0.751541	0.653365	2.28482
0.199189	3.69284	0.575694
1.81945	0.249461	0.192186
0.453066	1.18427	2.19856
0.794825	0.702933	1.65466
0.783652	1.25883	0.591534
0.675926	1.47306	0.55394
0.326989	2.10676	1.07843
0.307719	0.225419	4.75389
1.12404	0.349622	1.42746
0.519759	1.60739	1.18785
0.289699	0.223709	4.83025
0.462269	1.99076	0.260234
0.243072	2.2704	2.36139
0.182529	4.03708	0.19446
1.10084	0.731341	0.781565
0.921837	0.53882	1.46592
0.704492	0.422273	2.7785
2.01623	0.191887	0.183145
0.45628	1.73046	1.34078
0.411479	2.24391	0.248135
0.360895	2.07327	1.22189
0.557067	0.425783	3.42916
0.252703	2.76376	1.52347
0.459096	2.14747	0.292025
1.3047	0.287097	1.36792
1.74218	0.232525	0.33803
0.402799	1.29948	2.17783
0.294598	0.21893	4.82997
0.189687	3.54198	0.832143
0.881377	1.01598	0.42612
1.93148	0.193448	0.207897
0.819785	0.942987	1.07534
1.60682	0.28705	0.341707
0.936043	0.372334	1.8555
1.85518	0.202756	0.273754
0.945172	0.271487	2.27828
0.393001	1.15004	2.49673
0.37602	1.22721	2.45226
0.189307	3.07356	1.38152
0.709846	0.963661	1.29817
0.404998	0.194704	4.02343
0.486157	1.37585	1.36172
0.463751	1.05503	2.51217
0.383436	2.02361	0.970186
1.6797	0.239233	0.462405
0.73214	1.29322	0.692495
0.277799	2.72653	0.425637
1.37248	0.239696	1.38608
0.963231	0.382356	1.48169
0.379472	1.94269	1.01358
0.364219	1.92177	1.39376
0.828187	0.609998	1.56777
0.509524	1.63351	0.855993
1.02202	0.726795	1.29619
0.283306	2.9118	0.210674
1.91611	0.214201	0.188473
0.44421	2.03965	0.371765
1.71078	0.24169	0.392058
0.609507	0.501119	2.80375
1.11196	0.860531	0.46047
1.45293	0.319825	0.860443
0.591332	1.67247	0.497627
0.741998	1.12285	0.757123
0.405734	2.18448	0.373117
0.755749	0.621345	1.81826
0.269322	0.219428	5.0255
0.68556	0.498787	2.6871
0.429413	2.27218	0.193878
0.347496	0.208162	4.39217
0.286357	0.22004	4.94407
1.04754	0.494492	1.40787
0.195574	3.71661	0.525133
0.247102	2.15414	2.54139
1.62844	0.284066	0.543365
0.790312	0.553064	2.39934
0.884784	0.567524	1.4602
1.20962	0.443428	1.03759
1.89575	0.202073	0.194895
0.330115	0.192129	4.72513
0.562482	1.75814	0.366269
0.193476	3.40555	1.091
0.904746	0.526722	1.50471
0.881199	0.670879	1.53191
0.310275	0.231251	4.47647
0.720082	1.21402	1.21939
1.05113	0.619027	0.970191
0.242335	2.21472	2.45134
0.958692	0.630265	1.39777
0.3921	0.727933	3.90296
0.396458	1.32406	1.86802
0.343299	0.231573	4.2135
0.550903	1.59226	0.680181
1.22427	0.419606	1.24249
0.603327	0.91627	1.78683
0.487952	1.81351	0.51035
0.28687	2.83789	0.270531
1.04253	0.908101	0.602725
0.719563	1.48943	0.233213
1.35655	0.519188	0.206593
0.555483	0.490288	3.42345
0.697244	0.2274	3.24702
0.523878	0.46477	3.6724
0.429608	0.230535	3.96048
0.721754	0.211352	3.08958
0.473791	1.14005	1.88292
0.842755	0.507623	1.79582
0.266732	1.46375	2.58563
1.33701	0.522645	0.392626
0.30041	2.85111	0.212376
0.286454	1.5323	2.49185
0.926047	0.318602	2.44408
0.603847	0.230978	3.65028
0.734187	1.28162	0.463546
0.263841	1.50027	2.53649
0.821589	0.411254	2.10017
0.230212	2.45343	1.94679
0.957452	0.814041	0.825945
1.07219	0.252972	2.17436
0.626344	1.38525	0.842261
0.599107	0.423089	2.9803
0.881252	0.357311	2.38137
1.63422	0.284518	0.446112
0.611637	0.230452	3.78344
0.233704	2.60549	1.67029
0.292346	2.51647	0.817686
1.8219	0.218122	0.3682
0.34611	0.222359	4.53021
0.44319	1.17789	1.73166
0.455843	2.23159	0.219964
0.21575	2.54312	1.72711
0.206574	3.34746	1.21055
0.501259	2.05555	0.200831
1.01046	0.857859	0.421249
1.67682	0.259727	0.507501
0.788752	1.10804	0.534405
0.201906	3.82914	0.375699
1.11825	0.559416	1.1624
0.19828	3.53695	0.866976
0.546545	1.80477	0.288571
0.323451	1.69359	2.27997
0.639363	0.275023	3.16701
0.464399	1.65308	1.30001
0.388265	2.2717	0.372972
0.419123	0.287089	3.84357
0.975885	0.82792	0.567218
1.96879	0.224834	0.203471
0.633617	0.469305	2.90462
1.09301	0.762033	0.303877
0.897599	0.395181	2.25511
0.295921	1.89368	1.5372
1.14347	0.621501	0.876461
1.6011	0.291313	0.631006
0.309425	2.80912	0.240854
0.235026	2.70544	1.54286
0.655117	1.42089	0.797107
1.92782	0.231535	0.20083
0.70387	0.264712	3.00249
0.866049	1.03317	1.10632
1.23424	0.706925	0.24067
0.217385	2.62533	1.6005
0.667106	0.900224	1.47452
0.795112	1.36622	0.244834
0.438712	2.3088	0.22317
0.231409	2.413	2.03665
0.325793	2.01246	1.49483
0.556434	1.61042	0.60333
0.202724	2.77292	1.43548
1.48702	0.277211	1.35656
1.31004	0.580144	0.242645
0.563921	0.967114	1.65833
0.202767	3.74771	0.493356
0.498722	1.85463	0.452726
1.74612	0.269656	0.265309
1.73017	0.30774	0.204696
0.419237	1.19329	1.91529
0.678773	0.273694	2.87569
1.18184	0.237235	1.99945
0.680187	0.478416	2.73857
0.392963	2.37149	0.23122
1.10184	0.729707	0.422026
1.22166	0.479775	0.980944
1.03141	0.693383	1.04918
0.333561	2.73732	0.296841
1.05376	0.443658	1.42
0.433197	2.10071	0.460525
0.477836	1.76623	0.886312
0.812713	0.74881	1.60501
0.509138	1.61706	1.14153
0.449005	2.14848	0.254586
0.644401	0.291304	2.81838
1.01855	0.263819	2.39279
1.25196	0.237055	1.94152
0.85144	1.32086	0.23541
0.457857	1.82433	0.941071
1.05445	0.736776	0.482266
1.28041	0.680397	0.232681
1.56592	0.350106	0.31881
0.972364	0.296482	2.61173
0.3384	1.98722	1.37106
0.33755	1.75369	2.06742
0.834025	0.231223	2.64381
0.202343	3.62626	0.706929
1.0094	0.662737	1.17631
1.16399	0.648823	0.561862
0.77851	0.299792	2.67242
1.70878	0.215062	0.92143
1.68104	0.259366	0.42492
0.937168	0.70126	1.32729
0.409474	1.33407	1.57688
1.0725	0.297092	1.6433
0.370664	1.49491	1.66944
1.7836	0.279624	0.20566
0.298407	2.67125	0.424802
0.707786	0.481156	2.67465
1.26855	0.219406	1.70971
1.62077	0.343933	0.25041
0.651476	0.254473	3.21134
1.3523	0.332647	1.199
1.29084	0.595861	0.225423
1.21465	0.62973	0.428076
0.496593	1.81784	0.758981
0.310406	1.93223	1.50359
1.3866	0.390107	0.897917
1.08668	0.693012	0.880873
0.404803	2.11081	0.538289
0.567152	1.25552	1.37435
1.17291	0.645582	0.49802
1.76491	0.288949	0.202799
1.36781	0.359641	1.09655
1.15024	0.261057	2.00121
1.54523	0.313702	0.678919
1.40027	0.470813	0.431143
0.483043	1.44027	1.36038
0.231361	2.6814	1.5613
0.167889	2.87141	1.36891
0.427952	0.194559	4.11971
0.25923	0.211856	5.04713
0.560923	1.84621	0.190954
0.190671	3.17307	1.34664
0.388973	2.64125	0.492351
0.442259	0.305329	3.90074
0.750254	0.237321	3.0253
0.429479	0.197298	4.0288
0.344768	2.74144	0.238385
0.223171	2.20926	2.41107
0.578861	0.36785	3.19555
0.628369	0.261322	3.36112
0.514283	0.329499	3.80893
0.282401	2.45377	0.997446
0.974375	0.270027	2.50715
0.371238	1.42881	1.85652
0.190671	3.17312	1.34661
1.4608	0.439316	0.344143
0.235915	2.33602	2.21359
0.553363	0.338252	3.63113
0.461322	1.11682	1.78517
0.842852	0.909556	0.865891
0.597058	1.53899	0.529837
0.36819	0.242625	4.29834
0.197074	3.72979	0.50734
0.459934	2.04056	0.317385
1.6668	0.23118	0.749286
0.761477	0.236779	2.95108
0.650108	1.50254	0.359855
1.49566	0.229209	1.36975
1.36579	0.530028	0.260494
1.03914	0.302206	1.9376
0.191919	3.65608	0.621333
0.27106	1.70265	2.07712
0.852399	0.221696	2.76072
0.356689	1.8567	1.49463
0.32339	2.26676	1.00344
0.49882	1.97823	0.350567
0.908746	0.846894	0.883825
1.32562	0.417964	0.816857
0.635366	0.246267	3.42234
0.316466	2.81525	0.225131
1.18368	0.586286	0.61543
0.48929	0.39247	3.5294
1.57981	0.365656	0.260402
0.382184	1.34278	1.90941
0.427667	2.1541	0.402184
0.676412	0.376984	2.69834
1.22473	0.647058	0.443826
0.708062	0.688125	2.1284
0.57546	1.3042	1.29222
0.766248	0.241955	2.82781
0.521861	0.705071	2.54666
1.25092	0.224143	1.66004
0.544166	0.939432	2.03066
1.64411	0.226242	1.05814
1.20921	0.646202	0.455548
1.88069	0.233033	0.223219
0.52584	1.90133	0.264782
0.672459	1.15327	1.14548
0.285379	2.37586	1.2004
0.20589	3.76573	0.473241
1.17904	0.806751	0.234853
1.42422	0.487049	0.239082
0.541538	0.732754	2.43855
0.30226	2.57757	0.715521
0.69296	1.07709	1.16421
0.626737	1.61084	0.514862
0.446801	1.18434	1.86168
0.510052	0.885769	2.23941
0.48929	0.39247	3.5294
1.40075	0.478341	0.381187
1.07951	0.780245	0.446812
0.949108	0.333702	2.33533
1.75289	0.207781	0.919138
0.562664	0.797564	2.16168
1.00717	0.307041	2.28855
0.310589	2.86693	0.227892
0.426264	1.37466	1.6424
0.196013	3.52592	0.881499
0.812264	0.273595	2.64551
0.69982	0.220486	3.42
0.898347	0.732315	1.23247
0.316831	0.224609	4.9056
0.403235	1.242	1.90004
0.287908	1.94032	1.516
0.291519	2.3967	1.17438
0.772978	1.12714	0.730334
0.195037	3.30199	1.24191
1.09362	0.245228	2.26478
1.00141	0.687215	1.23093
1.72073	0.294171	0.191018
1.26346	0.298324	1.41842
1.6328	0.301576	0.298901
0.668729	0.242353	3.36145
1.16322	0.303511	1.73434
1.73749	0.29378	0.253578
0.587478	0.697706	2.35349
1.31152	0.464942	0.671472
0.547496	1.57864	0.87539
0.88557	1.06439	0.661627
0.820603	0.989644	1.18698
0.502808	1.79128	0.595622
0.828339	1.19317	0.295797
1.70194	0.2684	0.271411
1.1201	0.264758	1.74773
0.304745	2.58836	0.694089
1.02029	0.381821	1.44459
0.477957	1.54355	1.28631
1.40147	0.47819	0.3792
1.1419	0.564643	1.02488
0.469096	1.62811	1.25997
0.48144	1.69782	1.02691
0.392805	1.42244	1.54637
0.65851	1.37184	0.713438
0.651562	1.37981	0.732823
1.28554	0.505011	0.704161
1.78483	0.220093	0.400587
1.96016	0.205471	0.215725
0.25923	0.211856	5.04713
0.468462	1.41251	1.38157
1.12365	0.623402	0.767218
1.54543	0.343488	0.544998
2.01613	0.204106	0.191924
1.87057	0.224818	0.250185
0.989053	0.361501	2.02852
0.911567	0.448724	2.03618
0.763914	0.262637	2.80289
1.35849	0.519009	0.419663
0.51462	1.9138	0.294416
0.551661	0.869481	2.40157
1.29634	0.441667	1.25197
0.486046	1.70751	0.913129
1.56674	0.298289	0.480818
1.44718	0.372766	0.529147
0.191026	3.84866	0.329327
0.193325	4.03426	0.208851
0.276738	0.225048	5.02869
0.364173	0.20945	4.29959
0.346101	1.59115	2.23316
0.598022	1.49367	1.11233
0.424261	0.203954	4.07661
0.76388	1.18728	0.507124
0.382957	2.52038	0.372791
0.264743	0.228084	5.02561
0.776841	1.09487	0.60367
0.459818	0.97712	2.50325
0.437126	1.8219	0.958051
0.350841	1.45422	2.42264
0.815111	1.27503	0.22997
1.4741	0.407532	0.267806
0.792711	0.420052	2.33766
0.502424	1.73533	0.769482
0.6505	0.256864	3.4622
0.66943	0.457501	2.93404
0.542719	1.33769	1.42298
0.477031	2.1337	0.233805
1.07822	0.346789	1.72624
1.73811	0.214098	0.691707
0.372582	1.36729	2.11577
0.496743	2.00756	0.249297
1.87952	0.211999	0.250349
1.51394	0.254467	1.07986
1.189	0.524053	1.24586
0.82986	0.502356	2.27152
0.855897	0.378841	2.39972
1.65429	0.273508	0.694011
1.61091	0.262952	0.70013
0.29009	2.41243	0.989232
1.27367	0.264994	1.50693
0.489315	1.91789	0.456406
0.445726	1.9528	0.835656
0.520422	0.238762	3.8597
1.41995	0.341722	1.02407
1.60389	0.241577	0.994202
1.2336	0.692486	0.385411
0.309949	2.69816	0.31964
0.910729	1.01793	0.699234
0.324806	2.05767	1.33417
0.516315	1.66048	0.682268
1.44002	0.413122	0.414635
0.83911	0.488866	2.07844
0.400564	2.36586	0.328246
0.75349	0.312727	2.78173
0.666923	0.351748	3.11393
1.83811	0.214387	0.33789
0.314421	2.4929	0.402352
0.408495	1.6223	1.46343
0.302165	2.65999	0.363482
0.584592	0.257434	3.73249
0.201026	3.96071	0.252486
0.216161	2.74392	1.47434
1.24533	0.534677	0.507411
1.5658	0.376892	0.343922
1.13008	0.745243	0.619224
1.78391	0.239236	0.254971
0.323814	1.71436	1.53013
0.334244	1.86222	1.42365
1.06758	0.621072	0.902215
0.556015	0.944814	2.18758
1.09544	0.60425	1.297
0.899048	1.00286	0.916766
1.21206	0.538466	0.734345
0.987564	0.560672	1.46231
0.427981	0.202317	4.03663
1.00549	0.727843	1.26414
0.465249	1.06916	2.37936
1.08363	0.771737	0.606329
1.15505	0.259278	1.95974
1.16891	0.821647	0.275802
0.286239	2.26041	1.31294
0.751908	0.289514	2.78333
1.04453	0.802847	0.646787
1.39886	0.381477	0.770529
0.965392	0.885762	0.991608
0.933347	0.396659	1.90149
0.390541	2.08832	0.747616
1.68749	0.266025	0.331548
0.738054	1.14965	1.39529
0.193325	4.03426	0.208851
0.476885	0.238457	3.96832
1.6611	0.258736	0.42157
0.338464	2.21995	1.06438
1.50016	0.236395	1.36132
0.240012	2.34721	2.20307
0.200809	3.63191	0.691781
0.486159	1.40906	1.45382
0.964164	0.447405	1.58573
0.474786	0.241894	3.97042
1.76831	0.261712	0.198229
0.694702	0.788377	1.86868
1.14258	0.713612	0.535433
1.38667	0.315972	1.33482
1.01443	0.862703	0.660567
0.195103	3.59872	0.738483
0.203098	3.57881	0.800297
0.748598	0.377635	2.67291
1.01921	0.858649	0.654788
1.30256	0.430073	1.02704
0.203056	3.2578	1.30498
0.714487	1.40026	0.563338
0.20861	3.34104	1.22378
0.19882	3.51633	0.907939
0.196902	3.78911	0.416858
0.315043	2.73226	0.22028
0.829258	0.545719	1.7873
1.50448	0.403752	0.461143
0.846399	0.5316	1.79162
0.19334	3.84531	0.33792
1.0291	0.394687	1.61659
0.949831	0.636612	1.31605
0.50715	0.375919	3.71191
0.192971	3.79271	0.402537
1.32123	0.401088	0.894172
1.85784	0.252629	0.202439
1.85531	0.246575	0.233981
1.21494	0.294124	1.61638
1.55724	0.214849	1.40843
0.583079	1.8661	0.210996
0.251804	2.45698	2.00662
0.603905	0.328747	3.22212
0.319678	2.71681	0.423292
0.454795	1.94402	0.774346
0.459998	2.02191	0.663022
1.25605	0.266217	1.4677
0.583706	1.61845	0.501354
1.56481	0.290246	1.01189
1.38731	0.398281	0.991431
1.6056	0.282916	0.748135
0.536652	1.24017	1.61358
1.41767	0.345712	1.12786
1.0894	0.2831	2.03328
0.56496	1.68191	0.700541
0.875185	0.52493	2.12593
0.639544	0.934707	1.94119
0.242293	2.67666	1.59086
0.65076	0.834416	2.24589
0.505786	1.50222	1.39746
0.86913	1.05952	0.794861
0.526922	1.58088	1.15551
0.505746	0.256908	3.93263
0.72748	1.38628	0.296548
0.906478	0.649521	1.49454
0.473019	1.29278	1.68723
1.10339	0.488992	1.42716
0.609773	0.488819	2.69606
0.994706	0.334971	2.15745
0.268072	2.11392	2.61782
1.01304	0.713854	1.30892
0.573781	0.460389	2.7715
0.995178	0.736579	1.21155
1.29603	0.39304	1.29381
0.541019	0.97733	2.32618
1.1871	0.658223	0.672021
0.67472	0.929358	1.67674
0.520299	1.85126	0.647668
0.415199	1.16546	2.44049
1.04445	0.858206	0.487664
0.461261	1.921	0.925447
1.1419	0.630575	0.881546
0.895305	0.667011	1.49595
0.556405	0.46752	3.51186
0.786196	1.36934	0.568351
0.67912	1.61002	0.213664
0.451259	1.31279	1.59086
0.821572	0.59775	1.71681
0.543717	1.10652	2.10646
0.476486	0.26385	3.92922
1.02549	0.872776	0.381575
1.02041	0.766517	1.07072
0.498329	1.02342	2.6775
0.808178	1.09442	0.632174
0.517142	1.75807	0.847365
0.484721	1.29853	1.51544
0.550294	1.14429	1.85124
0.475505	1.81994	1.09111
0.619811	1.78062	0.333547
1.05105	0.574274	1.38007
0.696847	1.25292	1.05771
1.10931	0.614973	1.05289
0.43126	2.05003	0.923964
1.04891	0.782818	0.765282
0.167889	2.87141	1.36891
2.03968	0.172524	0.16889
0.168767	4.10709	0.169697
0.881523	1.06979	0.168541
0.16916	0.16916	6.16916
0.220922	0.172596	5.02931
0.264177	2.28955	1.17211
0.614036	0.270244	2.91247
1.94676	0.181683	0.183835
0.593729	1.28267	0.828689
0.60226	0.31901	2.75861
0.388066	0.174033	4.26935
0.167998	3.54165	0.769182
0.776235	0.479368	2.21919
1.03844	0.284128	1.68235
0.696573	1.40508	0.477028
1.40615	0.325013	0.928372
0.637462	0.236216	3.2079
0.684977	0.182607	3.27663
0.23988	2.10721	2.57285
1.02675	0.643312	0.739584
0.522959	0.845795	2.3647
1.92487	0.212878	0.18942
0.191807	2.74705	1.43249
0.704339	0.231355	2.72235
1.45579	0.2036	1.39887
0.560849	0.883109	1.95623
1.83642	0.199336	0.313582
0.90322	0.276421	2.41235
0.39648	0.172575	4.10018
0.168318	4.04852	0.175041
0.418248	1.1331	2.28659
0.175528	3.11824	1.35077
0.543016	0.272819	3.38997
0.559057	0.706578	2.5272
0.177759	3.32002	1.17988
0.228553	2.49226	1.86149
0.464091	1.85884	0.551472
0.383616	0.202687	3.97158
0.514265	1.59032	0.684916
1.5483	0.199262	1.32881
0.487961	0.407332	3.12266
1.72531	0.210525	0.53958
1.06206	0.765236	0.626
1.14128	0.237511	1.82424
0.216049	2.61917	1.60588
1.14837	0.287682	1.59113
0.400555	2.23959	0.217412
2.00192	0.174685	0.183054
0.48388	1.65414	0.967236
0.72942	1.28046	0.469543
0.362717	1.92674	1.15961
0.306059	2.45299	0.886948
0.229751	2.42091	2.01451
0.181876	3.26463	1.25594
0.572504	0.192205	3.54177
0.191165	3.80679	0.379647
1.36278	0.217098	1.42813
1.18769	0.539124	1.0283
0.579243	0.353822	3.0567
0.759396	0.334781	2.48285
0.274366	0.182445	4.89673
1.66055	0.29903	0.337507
0.169399	2.98229	1.36886
0.176774	3.47049	0.930639
1.75199	0.234232	0.243103
0.168183	3.36003	1.09804
0.233154	2.39338	2.08421
0.18611	3.69444	0.537166
0.849048	0.829883	1.14732
0.380014	0.177402	4.07601
0.412423	2.03554	0.493016
0.341946	1.97281	1.11771
0.606989	1.76223	0.275314
0.343898	0.175858	4.41324
0.18591	3.23459	1.29335
1.88403	0.194552	0.198442
1.38718	0.367704	0.444763
1.62186	0.207507	0.818898
0.9292	0.452223	1.52104
0.871773	0.928154	0.990089
0.506244	1.55516	0.848261
0.690972	1.4622	0.177988
0.18509	3.41262	1.05691
1.01348	0.306292	1.93149
0.428057	1.7237	1.09813
1.04584	0.542808	1.11408
0.373851	1.79668	1.3468
0.828935	0.366787	2.194
1.87011	0.182736	0.241258
0.217938	0.17376	5.02921
1.0929	0.248675	1.78714
0.585909	0.257833	3.38908
1.21849	0.596383	0.258509
1.47125	0.257382	0.843834
0.173052	3.64492	0.588439
0.293969	2.54768	0.558537
0.167996	3.92316	0.222268
0.17211	3.86831	0.271755
0.401525	2.07083	0.663545
0.33188	1.48718	2.08332
0.172169	3.98008	0.199126
1.30326	0.511782	0.438552
0.815626	1.00587	0.568794
0.492165	0.262191	3.81604
0.390141	1.17983	2.4889
0.82323	0.213297	2.65706
0.430822	2.18504	0.255109
0.300686	2.69938	0.270783
1.49532	0.291263	0.615269
0.352074	0.17638	4.33193
0.53357	0.956565	1.39109
1.52412	0.189993	1.38533
1.81343	0.187576	0.679198
0.490557	0.312906	3.72075
0.319152	0.178659	4.80816
1.10544	0.287924	1.3815
1.23563	0.582449	0.452276
2.03507	0.173144	0.170268
0.566297	1.23098	1.36304
0.477106	1.52393	0.98264
0.333178	2.52875	0.766246
0.535217	0.244034	3.82609
0.893221	0.347705	2.32488
1.28533	0.399838	0.926399
0.902569	0.71985	1.48011
0.16863	3.83742	0.295015
0.943625	0.753157	1.07129
0.802635	1.16407	0.378268
0.887531	0.982539	0.650559
0.325697	0.182589	4.68481
0.213657	3.63093	0.730894
0.304075	2.78127	0.21038
0.172256	3.05274	1.36517
0.497751	1.82951	0.350253
0.184354	3.43542	1.01557
1.69242	0.291122	0.224221
1.19473	0.504694	0.719854
0.676	0.188361	3.00291
0.552019	0.202347	3.62825
0.435376	1.10096	2.31909
1.70017	0.240878	0.205087
0.312202	0.184199	4.71744
0.794128	1.17369	0.251052
1.30944	0.603729	0.228336
0.996833	0.735865	0.862319
1.57485	0.27654	0.377831
0.317681	0.190256	4.59305
1.77296	0.205671	0.272016
0.17242	3.17477	1.31601
0.666005	1.48269	0.287759
0.857633	0.424134	1.87309
0.169399	2.9827	1.36885
2.00226	0.173961	0.181767
0.971946	0.46164	1.39572
0.336694	2.13946	0.77072
0.440293	1.03885	2.48618
0.991642	0.799958	0.789914
0.169481	3.74043	0.420086
1.31779	0.376404	1.22848
1.65213	0.19838	0.681552
1.0038	0.712346	0.703568
0.297027	0.190156	4.77528
0.483252	1.24735	1.40084
1.50397	0.226602	1.20975
1.22925	0.278051	1.54289
0.278419	0.186086	4.89451
0.168202	3.05662	1.3596
0.336309	0.185046	4.52711
0.572051	0.194214	3.54304
0.483476	0.330599	3.72477
1.60618	0.202928	0.922413
0.469817	1.40624	1.37512
1.27519	0.442057	0.645823
0.338052	1.67513	1.37485
0.965009	0.410988	1.51474
0.185346	2.80789	1.3983
0.320055	0.197083	4.46106
0.341607	0.229799	4.33884
0.455116	1.51642	1.35674
0.552019	0.202347	3.62825
1.07619	0.79539	0.242254
0.737733	1.087	0.647639
0.424331	0.244579	3.90418
0.17242	3.17477	1.31601
0.74648	0.2721	2.61935
0.176224	3.95914	0.214651
1.34389	0.267535	1.17575
0.949047	0.185357	2.57257
1.58815	0.217717	0.680693
0.93477	0.304886	2.13565
0.169481	3.74043	0.420086
0.656441	0.200531	2.97439
0.864998	0.358886	1.8208
0.502563	1.84375	0.320258
0.586808	1.51301	0.364709
0.367707	0.187707	4.61562
0.235544	0.199069	5.07168
0.753175	0.272228	2.99679
0.76952	0.214591	2.79789
0.559673	0.277781	3.58098
1.92577	0.210477	0.208038
0.620669	0.239454	3.56692
0.557092	0.225869	3.82016
0.20045	3.41765	1.08953
0.188523	2.84995	1.3935
0.461935	1.6655	1.14054
0.595448	0.266914	3.37507
0.194948	3.13075	1.37286
0.666224	0.242013	3.38311
0.660122	0.259773	3.14118
1.79305	0.206302	0.461603
0.196822	3.49361	0.944959
0.20817	2.2395	2.31929
0.464335	0.236059	3.87124
0.702265	0.239907	3.19991
1.22221	0.449809	0.964991
0.892611	0.837576	1.00233
0.5504	1.71758	0.282918
1.18655	0.445385	1.21273
0.437217	2.09126	0.241504
1.49638	0.352017	0.621212
0.211228	2.39605	2.00955
0.440377	1.06611	2.3544
0.95047	0.685153	1.27174
1.97998	0.206731	0.186984
1.14819	0.660284	0.398559
0.574074	0.934163	1.64162
0.190967	3.18349	1.34088
0.23447	2.19915	2.45487
0.631356	1.58317	0.196353
0.244409	0.188346	5.06614
0.384735	0.263026	4.06947
0.38669	0.203095	4.20033
0.359439	2.15449	1.02245
0.428284	0.189696	4.02577
0.18693	3.9154	0.259716
1.74774	0.214922	0.450788
0.481262	1.34865	1.59602
1.07266	0.625951	0.935713
1.20412	0.463712	1.07484
1.01092	0.261737	2.21726
1.45842	0.290706	1.13545
0.525162	1.45416	1.16962
0.797516	0.947421	1.31574
1.89649	0.250396	0.206625
0.311047	0.200162	4.91674
0.453926	1.85422	0.763782
1.10898	0.219478	2.05327
0.442037	1.24417	1.74647
1.58556	0.33885	0.474348
0.840228	0.357313	2.5602
1.35382	0.471693	0.502779
0.86949	0.261604	2.62018
0.204656	2.61464	1.58496
0.760741	0.894329	1.40959
1.53875	0.319402	0.720693
0.270551	1.97311	1.41271
0.98308	0.81202	0.704385
1.56755	0.246246	0.99995
0.989353	0.347654	1.70635
0.642912	0.873384	1.55946
0.201587	2.56025	1.65928
0.821512	0.731095	1.47284
0.696463	0.262307	3.04235
0.216591	2.33416	2.1581
0.197241	3.7235	0.518104
1.6739	0.225874	0.692436
0.471649	2.01155	0.603037
0.779406	1.3335	0.186853
1.40517	0.3634	1.02088
0.486765	1.91632	0.238893
0.964151	0.79793	0.893631
1.28899	0.485979	0.543505
0.187855	3.68596	0.556581
0.302858	2.78418	0.221186
0.841715	0.199118	2.76009
1.30419	0.252309	1.56503
1.02552	0.634613	1.19796
0.218073	2.45571	1.90446
0.199551	3.76812	0.453703
0.468592	1.50082	1.45276
0.602331	1.01726	1.58156
0.350693	2.04919	1.28262
1.85238	0.198641	0.37665
1.00452	0.773365	0.779675
0.207051	2.65188	1.54303
0.924537	0.319475	2.10592
1.3304	0.366999	1.04724
0.767171	1.28942	0.352225
0.32135	2.67052	0.36894
0.266468	1.88754	1.48137
0.313468	2.77204	0.230573
0.481722	1.77862	0.687299
1.36841	0.579569	0.227686
0.207811	3.63567	0.704908
0.190042	3.79952	0.386541
0.343514	2.71746	0.349731
1.98497	0.205821	0.186981
0.719911	1.20409	0.783406
0.626849	1.50887	0.596961
1.24747	0.422132	1.04564
1.36596	0.415844	0.646025
1.11741	0.243593	1.95873
0.191026	3.84866	0.329327
0.350502	1.96604	1.39972
0.487724	1.10035	1.93744
0.390455	1.08612	2.58937
0.190034	3.55512	0.807784
0.710306	1.40715	0.19902
1.64939	0.275155	0.524322
0.317779	0.210191	4.72122
1.69295	0.290139	0.332098
0.324065	0.203707	4.81923
0.7174	1.19164	0.908785
0.815101	0.793594	1.38308
1.87917	0.197833	0.444942
0.679004	1.1465	1.28235
0.333349	1.88524	1.67655
0.852148	0.525379	1.89791
0.333136	0.207387	4.64827
0.429172	0.973193	2.63991
1.5128	0.346628	0.257656
0.287309	2.30615	1.21181
0.207507	2.49496	1.79341
1.32342	0.335313	1.36005
0.605748	0.358761	3.03025
0.49564	1.7389	0.687971
0.36487	0.227204	4.24064
0.940369	0.75588	1.12564
1.04899	0.289667	2.21652
1.09286	0.222916	2.14316
1.62787	0.307333	0.515733
1.81553	0.272938	0.228989
0.353175	2.26232	0.758638
1.14104	0.536926	1.34398
0.6715	1.30421	0.604157
0.82583	0.37357	2.40853
1.73949	0.284138	0.187283
0.858116	0.238176	2.69866
1.53007	0.254097	1.27095
1.60476	0.22715	0.898076
1.05237	0.271762	2.0894
1.06489	0.30946	1.51371
0.228177	2.54766	1.75376
0.577575	1.80378	0.189091
0.506894	1.83212	0.307335
0.647318	0.752216	1.58647
0.426897	1.43345	1.5086
0.300049	0.209133	4.94692
0.46828	1.14727	1.76538
0.693117	0.335844	2.64484
1.56997	0.240563	0.849836
0.19392	3.83939	0.3459
0.35666	0.225613	4.32663
0.906804	0.325962	2.40548
0.331799	0.211265	4.54957
1.71791	0.214842	0.69237
0.416298	2.21432	0.251412
1.28088	0.37211	1.17317
0.379439	1.53375	1.4228
