0.167818	3.29248	1.19298
0.68868	0.302384	2.8077
1.25152	0.544316	0.699377
0.239832	2.46566	1.95092
1.22814	0.611607	0.265134
0.367455	2.50896	0.232686
0.544307	0.937478	2.10903
0.218408	2.31688	2.19941
0.354534	2.34401	0.647431
0.643404	1.45132	0.41073
0.649359	1.32335	0.833198
0.773511	0.67323	1.74127
0.94635	0.460996	1.51164
1.04966	0.447422	1.6093
0.433119	1.15698	2.09904
0.871903	0.366009	2.42917
1.08098	0.230687	2.54293
0.21375	2.368	2.07759
0.816811	1.10364	0.410723
0.871039	0.52029	1.50071
0.977575	0.738351	1.30663
0.335478	2.61273	0.35214
1.08514	0.250114	2.25554
0.460172	2.12399	0.263615
1.10287	0.399692	1.4196
1.09406	0.645077	0.915486
0.723117	0.325097	2.66543
0.452082	1.77324	1.08537
0.331157	2.77464	0.209547
1.17038	0.524477	1.15386
0.626513	0.804084	2.1707
0.448132	2.03243	0.437938
1.37169	0.454016	0.597794
0.377184	1.06564	2.50981
0.308848	2.66387	0.499708
0.957991	0.593017	1.39638
0.973052	0.839921	0.624002
0.447158	1.34458	1.44713
0.32934	2.49092	0.629817
0.425847	1.20235	1.86393
0.758465	0.699223	1.74336
0.521914	1.47239	1.30419
1.50641	0.232028	1.34987
0.421547	1.28844	1.6924
0.714407	1.29536	0.409643
0.492686	1.86808	0.563558
0.992959	0.95107	0.533759
0.671924	1.24329	1.04236
0.407638	1.68	1.40865
0.528908	1.83886	0.380217
0.486565	0.994041	1.8992
0.96939	0.307446	2.21178
0.758465	0.699223	1.74336
1.03955	0.816345	0.588528
0.369198	0.253804	4.10371
0.309067	2.78521	0.306534
1.1557	0.650265	0.464384
0.674949	1.22581	1.06219
0.418526	1.19411	2.07806
1.48235	0.425764	0.31807
1.18667	0.548462	0.739897
1.64745	0.234031	0.990148
0.916511	0.258477	2.61562
0.463613	1.73046	1.08094
0.220997	2.6666	1.55607
0.309541	0.262065	4.64582
0.831537	1.12488	0.343547
0.166331	3.47903	0.884568
0.432855	0.185785	4.0224
0.276254	0.21145	4.95314
0.420803	0.185992	4.01788
0.562993	0.924284	1.52634
0.319911	0.210991	4.59857
0.430668	1.13098	1.9521
1.00895	0.77738	0.664118
0.186158	3.93678	0.24335
1.14288	0.68568	0.379619
0.250576	2.12395	2.57831
0.327846	0.238779	4.40089
0.944836	0.749075	1.07543
0.787337	0.483669	2.5283
0.309683	2.62556	0.642044
0.415966	1.33131	1.63317
0.607952	0.833892	2.03144
0.769789	0.637659	2.06925
0.515562	1.49912	1.25965
0.381171	1.55522	1.54156
1.709	0.25446	0.32067
1.04828	0.316982	1.79538
1.80964	0.231397	0.270248
0.657757	1.03679	1.30108
0.239444	2.33518	2.22604
0.314111	2.28081	1.04219
0.284751	0.211107	4.87742
0.888603	0.911037	0.745756
1.17695	0.588009	0.75743
0.24854	2.23789	2.43125
0.320055	2.69766	0.281824
0.40196	1.23243	1.95669
0.441657	1.17755	1.7256
0.390456	2.16898	0.525698
1.4657	0.29081	0.880678
0.424972	1.06803	2.33636
0.548746	1.85274	0.205491
0.360724	0.200498	4.49005
0.350068	0.246067	4.18033
0.622764	0.974352	1.38738
0.706531	1.0059	1.27318
0.241886	2.24622	2.40006
0.355419	2.41486	0.539155
0.593196	1.42004	0.924484
0.591314	0.883219	2.19098
0.358076	0.245205	4.05134
0.324904	0.222459	4.43146
0.496417	1.78551	0.486171
1.05342	0.275366	2.23987
1.0751	0.725354	0.610656
1.20694	0.550873	0.611399
0.837956	0.269942	2.58111
0.688408	1.21828	0.863951
0.820011	0.436809	2.52082
0.648254	1.39161	0.601453
0.541556	1.51845	0.955262
1.04406	0.805285	0.354161
0.302887	0.22911	4.70692
0.96528	0.337232	1.84138
1.42349	0.323633	0.888249
0.587038	1.66718	0.370109
0.35927	2.08308	0.851075
0.367414	1.17686	2.31413
0.295831	0.214587	4.78097
1.19015	0.621515	0.498773
0.197872	3.85492	0.336815
0.633655	0.858677	2.00639
0.921916	0.41743	1.59665
1.47406	0.449546	0.414619
1.11642	0.650049	0.756839
0.212461	2.60466	1.618
0.416353	1.26304	1.6755
0.672636	1.45218	0.355241
0.929232	0.271888	2.49404
1.1038	0.611075	0.84726
0.192583	3.68718	0.567428
0.742623	1.07565	0.791602
1.23573	0.496857	0.740625
1.48346	0.521871	0.233625
0.86042	0.622006	1.40622
1.50213	0.235711	1.37858
0.305175	2.46543	0.702282
0.842043	1.09734	0.780579
0.360316	1.20417	2.6299
0.62648	1.43605	0.584133
0.600665	1.02236	1.42444
0.968745	0.399593	1.68672
0.196748	3.22173	1.32399
1.61041	0.202677	1.15422
1.32521	0.326595	1.39022
0.949024	0.365751	1.87174
1.36128	0.500447	0.280639
0.293436	2.74002	0.332422
1.26997	0.356885	1.16225
0.551369	1.58542	0.927529
0.464834	1.8851	0.612457
0.896005	0.853227	0.857684
0.538011	1.61038	0.776088
0.782345	0.624456	2.0706
1.54107	0.281313	0.62886
1.02586	0.626209	1.12404
0.71275	1.1879	1.10668
0.468474	1.62015	1.30591
1.02105	0.825056	0.5222
0.68025	1.07652	1.13406
1.06248	0.241895	2.31341
0.517063	1.73785	0.405922
1.64543	0.257928	0.615608
0.305076	1.64511	2.13415
0.326563	2.56077	0.309219
1.16321	0.648779	0.46304
1.08915	0.268431	1.98957
0.174785	3.67771	0.535147
2.05342	0.136241	0.135299
1.76273	0.194034	0.133969
0.192467	0.192467	6.19247
0.242942	0.201458	5.05797
0.192467	0.192467	6.19247
0.366408	0.172892	4.30182
1.84259	0.137065	0.457981
0.183719	3.32683	1.18469
0.472279	0.237101	3.85039
0.273621	2.89584	0.185536
0.269932	2.73361	0.315679
0.339636	0.2245	4.42784
0.693171	0.186333	3.40182
0.261657	2.52604	0.796434
0.381631	2.09037	0.476302
0.753588	0.304843	2.75072
0.323706	0.172204	4.70561
0.188461	3.40877	1.07239
0.347185	0.176005	4.52547
0.372742	0.191875	4.05564
0.883916	0.795008	1.51892
1.88175	0.157783	0.140911
0.228557	2.34945	2.1631
0.211649	2.48601	1.82327
1.92999	0.15267	0.144171
0.183611	3.11007	1.36483
0.435513	1.48508	1.3537
1.2405	0.175368	1.67162
1.69393	0.211522	0.369592
0.190486	3.51224	0.891534
1.01758	0.82972	0.573308
0.561973	0.288633	3.65103
0.620753	0.308839	3.00911
2.02936	0.139229	0.140696
0.209875	2.43816	1.9158
1.96953	0.145599	0.135996
0.399755	2.0144	0.822374
0.481269	1.53762	1.12469
0.182891	3.96676	0.220835
0.30277	2.84477	0.253578
1.80083	0.150118	0.382553
0.307857	1.9762	1.42914
0.799129	0.260813	2.62289
0.406392	1.89918	1.26895
1.47113	0.258184	0.62464
0.176825	4.0405	0.186679
0.344708	0.179146	4.58335
0.670255	1.28949	1.00925
0.775563	0.867756	1.4504
0.604882	0.188191	3.74772
0.386325	0.173585	4.13203
1.32738	0.358822	0.797744
0.848552	0.969524	0.727743
0.731049	1.11295	0.845768
0.318764	1.9411	1.56981
1.05853	0.710333	0.323131
1.07276	0.517864	1.37636
0.411642	1.18142	2.47347
1.90676	0.153068	0.144402
1.62555	0.240514	0.345876
0.538118	1.2453	1.6128
0.426238	1.65528	1.4115
1.38458	0.406405	0.693716
1.18413	0.525181	1.06629
1.36351	0.540127	0.208958
0.493489	0.205654	3.83216
0.182374	3.62305	0.655311
0.201631	3.86854	0.329983
1.53095	0.154821	1.22869
1.99876	0.138109	0.152483
0.184066	2.80836	1.39655
0.318754	0.168012	4.84454
1.04577	0.663156	0.822128
1.0076	0.282905	2.35529
1.0425	0.275531	2.3116
0.182056	3.26754	1.2532
1.59435	0.249345	0.843947
1.79322	0.148648	0.400934
0.919767	0.381663	2.04057
0.424155	1.72661	1.20127
1.43254	0.439927	0.46063
1.66164	0.206539	0.487849
0.869942	0.452588	1.89674
1.71473	0.193667	0.15369
0.502771	1.78953	0.318205
0.20686	2.68171	1.51019
0.445122	1.83662	1.01988
0.964723	1.09479	0.296034
1.21321	0.41946	1.14611
0.318754	0.168012	4.84454
0.178171	3.46196	0.950407
0.421186	1.01963	2.41975
0.556613	1.35074	1.24218
0.227086	2.35733	2.14197
0.579218	1.16064	1.42246
1.39799	0.35072	0.931254
0.179389	3.77979	0.388063
0.223196	2.24635	2.34894
0.660795	1.23925	1.09518
0.840987	0.245934	2.68003
1.41625	0.486086	0.21559
1.73586	0.191542	0.26943
1.26167	0.217063	1.60659
0.915481	0.3891	2.04281
0.858234	0.296515	2.50092
0.184594	3.17191	1.33768
0.692374	1.44797	0.811869
0.379973	0.176155	4.20931
0.53725	1.79609	0.230966
0.746319	1.13833	0.676957
1.764	0.153411	0.356695
0.62533	1.33593	1.11368
1.52365	0.248594	1.37285
1.56498	0.291974	0.32639
0.507899	1.68537	0.505918
1.0347	0.189723	2.5541
1.49521	0.429415	0.217116
0.616672	0.183532	3.70618
0.526071	1.85063	0.187483
0.878715	0.22433	2.58784
0.743407	1.04126	1.06258
1.10232	0.23317	2.11664
0.339643	2.57421	0.435736
0.821281	1.20979	0.178239
0.182087	3.18579	1.32477
0.943589	0.249885	2.39799
0.288879	2.42252	0.994457
0.485935	1.69685	0.631083
0.632	1.19321	1.39726
0.386841	0.169004	4.22725
0.381151	1.40491	1.76622
0.386775	2.40639	0.198834
0.704111	1.00369	1.26201
0.477711	1.57424	0.951243
1.74553	0.162123	0.327668
0.420521	2.0578	0.323122
1.49766	0.297623	0.283781
1.98458	0.143577	0.135987
1.28523	0.623954	0.214125
1.45421	0.37676	0.446681
0.700271	1.36163	0.590513
1.65272	0.229939	0.160989
0.57138	0.88735	1.63115
0.520774	1.5965	0.338901
0.834917	1.14822	0.191494
0.786397	0.903034	1.10226
1.6387	0.275926	0.216513
1.33709	0.188086	1.4904
1.36663	0.487914	0.415144
0.214817	2.58323	1.65676
0.188898	3.83324	0.342183
1.7424	0.200254	0.991989
0.777009	1.3171	0.230894
0.200013	3.50619	0.930561
1.21475	0.524548	1.05837
0.293747	2.0305	2.68886
1.27235	0.440508	0.875882
0.303408	2.51416	0.554263
0.473663	0.241686	3.8756
0.280681	2.81945	0.397414
0.563254	0.893082	1.93617
0.342607	2.31979	0.667454
1.37756	0.375697	0.908526
0.61848	0.322402	3.10278
0.588426	1.33818	1.31162
0.618552	0.74365	2.03396
1.31725	0.36391	1.27772
1.10105	0.410448	1.41398
0.883206	1.09273	0.374046
1.12241	0.713739	0.600138
0.847045	1.24047	0.230926
0.598887	0.878074	1.6716
0.716029	1.28635	0.387141
1.03716	0.79652	0.617563
0.402742	1.59223	1.41791
0.256601	2.1871	2.52331
0.834975	0.518402	1.74684
0.907524	0.454874	1.73788
0.349508	2.26505	0.917765
0.260044	2.06731	2.63294
0.921646	0.714248	1.37471
1.17303	0.359357	1.53338
0.525678	1.63294	0.793476
0.498198	1.72719	0.940408
0.311719	2.59052	0.509928
0.326918	2.67572	0.319915
0.583111	0.851788	1.82986
0.474292	1.49058	1.41011
0.543734	0.954116	1.85661
0.403854	1.53312	1.44418
0.55949	0.806944	2.21187
0.433082	1.16099	2.26225
1.18299	0.614265	0.447991
0.900259	0.302343	2.60204
0.693704	0.89331	1.6259
0.236686	2.5515	1.77081
0.666734	1.68216	0.349399
1.51921	0.325315	0.55876
1.06887	0.241605	2.45057
0.433012	1.97941	0.634322
1.3895	0.481171	0.271493
0.236686	2.5515	1.77081
1.07797	0.489576	1.42682
0.323862	2.63952	0.337358
0.532665	1.8245	0.330183
1.02065	0.661682	1.21402
0.761324	1.19064	0.607258
1.05994	0.828979	0.339754
0.286149	2.25286	1.34065
0.5789	1.24788	1.4264
1.01392	0.559271	1.46128
0.3356	2.21712	0.984716
1.3448	0.271994	1.42218
0.416253	1.69314	1.34341
0.871072	0.255619	2.62716
0.468666	1.37462	1.43927
1.05116	0.916292	0.493125
0.485149	1.79277	0.738152
0.338634	2.44295	0.629222
0.544621	0.86421	2.33233
0.489361	1.77827	0.641286
0.824023	0.275415	2.64074
0.980339	0.75537	1.04791
0.314784	2.59597	0.506982
0.981858	0.688365	1.21637
1.19906	0.670581	0.338023
1.57102	0.36769	0.198937
0.517725	1.01241	1.85688
0.429265	1.91396	0.697
0.644416	0.970381	1.41525
0.646835	0.325035	2.93655
0.745892	1.03332	1.12334
1.35249	0.286361	1.42105
0.877708	0.351786	2.50622
1.47754	0.424554	0.345697
0.461461	1.64938	1.20225
1.70513	0.205694	1.14923
0.505923	1.8689	0.373807
1.0017	0.471815	1.48164
0.220892	2.41389	2.0017
1.71834	0.218911	0.755505
1.8458	0.204991	0.255748
0.308838	2.49556	0.817444
0.554908	1.48543	0.907657
0.265073	2.11813	2.60951
0.616644	0.568905	3.12566
1.65523	0.223502	1.29469
0.674256	0.638985	2.72985
0.433338	0.754314	3.85728
0.654517	1.29546	0.953671
0.208921	2.58743	1.63504
0.1947	3.3472	1.18278
0.237516	2.53267	1.80856
0.401184	0.808429	3.67736
0.29215	2.87784	0.203693
0.428031	0.889976	3.18121
0.425151	0.819586	3.33146
0.577494	1.55851	0.643202
1.03615	0.242449	2.44519
0.542593	1.74334	0.469971
0.363054	0.234415	4.3452
0.352774	2.24474	1.16133
0.892027	1.05287	0.26172
1.21454	0.489133	0.79502
0.990088	1.14989	0.253106
0.286808	2.81532	0.278606
0.214003	2.65132	1.55896
0.701138	1.45742	0.197075
0.456019	0.914843	2.96098
0.850582	0.40744	2.24874
0.789786	0.252749	2.69364
1.56597	0.253754	0.903822
1.01884	0.345538	1.6381
0.761225	1.23172	0.315954
0.798278	0.44442	2.33049
0.50973	0.96342	2.08867
0.910088	0.861699	0.811834
0.448878	1.78695	1.10705
0.811932	0.492383	2.0472
0.462921	1.2702	1.49649
0.869137	1.01686	0.358122
0.286387	2.67766	0.299155
0.59029	0.277044	3.25113
1.81034	0.22954	0.193061
0.408452	0.876488	3.28185
1.50153	0.363194	0.523262
1.74373	0.25366	0.194002
0.573342	1.66806	0.286519
0.346174	1.58479	1.84219
1.13494	0.70244	0.443792
0.445686	0.784399	3.78556
1.59122	0.387294	0.221338
0.72192	1.0981	0.832705
0.337389	2.38508	0.682198
0.68789	0.242811	2.85898
0.535719	1.40881	1.2862
0.188612	3.28773	1.2446
0.330361	1.64368	1.85056
0.193383	3.30833	1.23064
0.606479	1.42384	0.856549
0.613321	0.619231	2.80713
1.00147	0.576402	1.34193
1.33518	0.346897	1.38963
0.767936	0.990669	1.13595
0.881537	0.314401	2.58216
0.461808	0.924106	2.88415
0.744313	1.08319	0.975164
0.4807	2.0419	0.191334
0.436235	1.34058	1.49385
1.30707	0.515272	0.311225
1.20014	0.63634	0.321339
1.40617	0.397375	0.660278
1.30711	0.366012	1.3608
0.926961	0.275665	2.49126
0.39329	0.769893	3.82328
1.44313	0.308508	0.849143
0.682592	1.38377	0.396907
0.217136	2.35875	2.10791
0.923169	0.593225	1.41993
0.184282	3.80744	0.363159
0.598855	1.1705	1.33298
1.39069	0.464642	0.332352
1.26564	0.453244	0.527941
0.496358	1.8684	0.406002
0.557662	1.70427	0.607611
1.3387	0.348025	0.996348
0.708232	1.01515	1.20428
1.48509	0.362392	0.60651
0.28332	2.72981	0.406743
1.1793	0.354514	1.38387
0.450947	0.788999	3.74639
0.642062	1.32002	1.10978
1.6543	0.313129	0.194645
1.52691	0.376838	0.224323
0.519472	1.69067	0.66667
0.977545	0.927374	0.621879
1.27641	0.425367	0.853772
0.471364	1.0087	2.73992
1.06139	0.594572	1.17433
0.733715	1.12075	0.635767
0.829402	0.614376	1.89954
0.740967	1.13314	0.553323
0.758599	0.330656	2.64182
0.559563	1.75818	0.281113
0.237457	2.53783	1.79856
0.221192	2.41845	1.99289
0.232136	2.48635	1.88436
0.213782	2.62966	1.5861
0.628545	0.836938	2.04727
0.419203	1.21827	2.3529
0.544899	1.48457	1.18675
0.981317	0.499953	1.51725
0.210995	3.5014	0.971015
0.21959	2.37821	2.07407
1.06937	0.727371	0.564185
0.232639	2.31034	2.25557
0.457906	1.42275	1.43062
0.298978	2.65164	0.523711
0.551158	1.51491	1.05253
0.866566	0.275671	2.61033
0.425567	1.90989	1.15852
0.634422	0.467711	2.7896
0.357751	2.23089	0.873365
0.442677	1.1942	1.71522
0.522085	1.01551	1.76519
1.13341	0.596523	1.00367
0.869648	1.06899	0.433931
1.19567	0.759909	0.219812
1.44804	0.538597	0.297043
0.508524	1.15383	1.56406
0.474784	1.27846	1.48215
0.633052	0.91121	1.4792
0.739569	0.974099	1.37112
0.515542	0.922872	2.31375
0.960228	0.343588	1.87486
0.783698	0.63296	1.96092
0.655126	1.41404	0.479186
0.217317	2.7177	1.49692
1.04233	0.289952	1.92484
0.359907	1.92073	1.29538
0.457925	1.67525	1.2401
0.89686	0.364573	2.48363
1.05687	0.65934	0.900186
0.336696	2.1123	1.14074
0.542119	1.00588	1.72764
1.33407	0.411948	0.945923
1.08863	0.277144	1.8297
1.09935	0.807176	0.234703
0.798313	1.10867	0.595164
0.287537	1.78893	1.64028
0.56693	1.55206	0.744052
0.299964	2.69102	0.435414
0.223925	2.05804	2.58164
0.459956	1.81432	0.863145
0.401226	1.12653	2.60497
0.709216	0.965425	1.46779
1.20511	0.589843	0.435414
0.399623	1.99727	0.891185
1.03344	0.774671	0.56502
0.522717	0.943627	2.17365
0.276254	0.21145	4.95314
0.826671	0.670228	1.68233
0.60879	1.70747	0.228737
0.900136	0.383114	2.26301
0.534199	1.62187	0.905308
0.610619	1.33764	1.2742
1.55019	0.338559	0.470977
0.696402	1.17347	0.871635
1.1275	0.272939	1.83151
1.11134	0.360807	1.41053
1.01396	0.699526	1.10192
0.763746	0.551434	2.46878
1.42512	0.400135	0.477642
0.805171	0.37004	2.53006
1.22088	0.495922	1.1545
0.287013	1.77747	1.66756
1.46851	0.238699	1.41135
1.15588	0.793936	0.212517
0.188898	3.83324	0.342183
1.80741	0.246641	0.184809
0.2634	0.200507	5.0295
0.518591	0.315111	3.5967
0.403822	0.195465	4.02063
1.08894	0.967407	0.324828
0.343855	1.52815	1.595
0.328597	2.81779	0.211533
0.618696	0.435868	3.09048
1.56286	0.309444	0.357521
1.51009	0.414322	0.206931
1.37195	0.468589	0.382478
0.888661	0.550913	1.83156
1.06008	0.584249	1.26654
1.38226	0.381524	0.899004
0.439042	1.1544	2.43154
0.233213	2.37243	2.12908
1.40553	0.422636	0.429251
1.11982	0.520514	1.20876
0.587467	1.46278	0.771819
0.25843	2.1691	2.54867
1.70919	0.233314	0.602908
0.697479	0.290671	2.80889
1.32484	0.468644	0.557545
0.802982	0.75851	1.47355
0.404882	2.09025	0.469742
0.280107	2.14339	1.41821
0.561242	0.713148	2.52513
0.273317	2.05576	1.4274
0.229205	2.28308	2.29849
0.370112	1.20388	2.58057
1.2847	0.246747	1.41813
0.677018	1.05766	1.3199
0.74115	0.78292	1.52901
0.86517	0.24832	2.62916
0.643729	0.287173	2.95135
1.35302	0.605333	0.226446
0.550315	1.02634	1.57122
0.535202	1.56307	0.754502
0.21626	2.6676	1.54472
0.628408	1.42099	0.868206
0.84784	1.13878	0.322274
0.612285	1.58008	0.445289
0.222157	2.43127	1.9686
0.190564	3.87418	0.302035
0.283546	2.31557	1.36861
1.00522	0.891107	0.515448
1.50277	0.411785	0.319103
0.417116	2.02952	0.465117
0.52659	0.918424	1.93569
0.49079	1.27711	1.39746
0.706855	0.403879	2.67938
0.233116	2.48111	1.89809
0.21083	2.71834	1.48446
1.67353	0.243362	0.374648
0.403761	1.81769	1.1617
0.826721	0.265334	2.61512
0.415852	1.86011	1.05828
0.883849	1.07774	0.327775
1.85541	0.213566	0.252972
0.793911	1.27041	0.233554
0.947586	0.374378	1.77152
0.559304	1.65244	0.470473
0.418672	1.93641	0.743088
0.231222	2.56263	1.73541
1.59572	0.34486	0.24176
0.51195	1.11352	1.57093
1.04248	0.6836	0.778488
0.426577	1.99474	0.537276
0.45644	1.21777	1.50889
0.335651	0.227033	4.38795
1.43295	0.273606	1.36396
0.248187	0.206607	5.02945
0.500572	0.858896	2.32774
0.404	1.38282	1.43806
0.928621	0.982599	0.715395
0.387463	1.62184	1.41458
1.42036	0.399439	0.553515
0.413055	1.8369	1.1341
1.75253	0.234362	0.54036
0.505837	1.49177	1.28635
1.12567	0.593133	0.873725
0.226167	2.34339	2.16839
0.167818	3.29248	1.19298
0.168739	4.1404	0.168829
1.70744	0.174639	0.977029
0.471917	1.66183	0.999699
0.651563	0.318366	2.72816
1.22692	0.557052	0.57191
0.209713	2.18121	2.42006
0.627882	0.222404	3.18969
0.297226	2.03255	1.36939
0.276528	1.77011	1.77248
1.49201	0.461442	0.318128
0.605078	0.209921	3.55446
0.399323	2.1303	0.250003
0.284173	1.84026	1.61613
1.08539	0.230378	2.3559
0.301459	2.26198	0.892813
0.672684	0.194826	3.26411
1.79971	0.20163	0.280747
0.544837	0.21237	3.73563
0.877396	0.270784	2.6346
0.902231	0.809976	0.848332
0.313321	2.72541	0.19652
0.184684	3.77415	0.408483
0.180229	3.69277	0.524095
0.350281	0.235283	4.21437
0.740405	0.183796	3.05534
0.171069	4.06724	0.175465
0.170961	3.56065	0.741158
0.167821	3.36852	1.08372
1.87965	0.217211	0.178193
0.376898	1.99068	0.768064
0.461977	1.906	0.246934
1.45064	0.323151	0.504018
0.540165	0.871094	2.09343
1.84996	0.217774	0.170381
0.88606	0.415523	2.00903
0.589611	0.1972	3.63641
0.781054	1.05635	0.872528
0.635011	0.193969	3.49775
0.172925	3.60597	0.660222
0.354116	0.22137	4.36278
1.19822	0.218732	1.48487
1.8273	0.221451	0.199155
0.517188	0.952435	1.94341
0.517973	0.71283	2.59196
1.21337	0.595932	0.267613
0.526805	0.982102	1.8658
0.579554	0.208761	3.67201
0.326585	0.211351	4.52376
0.640688	0.212971	3.3518
1.28306	0.441024	0.779112
0.48473	1.16145	1.75213
1.60112	0.271521	0.389116
1.37575	0.494201	0.254414
0.663535	0.205427	3.29994
0.756742	0.60696	1.65308
0.33342	1.94455	1.2591
1.19099	0.447979	1.28333
0.699213	0.214251	2.85182
0.219922	2.59371	1.65337
0.22025	2.485	1.85109
0.739846	0.184014	3.05545
0.369093	2.30601	0.283653
0.377513	0.213015	3.92548
0.555731	1.62236	0.32573
0.228232	2.3522	2.15634
0.519896	0.895285	2.1064
0.82104	1.0449	1.0436
1.65426	0.245318	0.703792
0.182926	3.63607	0.632629
0.778619	0.380866	2.50927
0.233084	2.56256	1.74068
0.237687	2.53184	1.81065
0.224493	2.46783	1.89907
0.734846	0.206052	2.85911
0.170695	3.11536	1.34514
0.179397	3.9678	0.215085
0.168324	2.94365	1.36832
1.16413	0.203348	2.28281
0.553702	0.768839	2.37866
0.567761	0.793232	2.19253
0.689463	1.42905	0.288736
0.178052	4.027	0.191389
1.50924	0.258668	0.637154
0.532104	0.249844	3.8303
0.425688	0.195125	3.92971
0.960058	0.344348	2.32305
0.621792	1.24037	0.889215
0.186292	3.40157	1.07855
1.06303	0.601105	0.856032
1.0111	0.6638	0.846291
1.39732	0.284983	1.08624
0.824582	0.835515	1.34054
0.4017	2.20908	0.220271
1.25615	0.551517	0.444553
1.63677	0.234768	0.852559
0.177819	3.71584	0.479485
0.42731	1.28815	1.56439
0.704416	1.34289	0.194834
0.16901	3.89508	0.243624
0.436241	1.12046	2.4897
0.169447	3.53082	0.794371
0.299056	2.79563	0.194347
0.492422	1.78011	0.324733
0.190384	3.88401	0.292387
0.860995	1.10751	0.450085
0.448867	0.260571	3.81631
0.16843	2.92795	1.36843
0.177024	3.23436	1.27654
1.00289	0.54968	1.20903
0.169971	3.17546	1.31144
1.42681	0.283522	1.04393
0.61379	1.01156	1.42922
0.392984	1.40935	1.37774
0.472663	1.5536	0.954382
0.571859	1.82783	0.254096
1.77392	0.252057	0.178622
1.73736	0.268487	0.179582
0.175722	3.44407	0.976113
0.429507	1.09719	2.54857
0.837113	0.38572	2.29737
0.979762	0.507838	1.39587
1.36128	0.524992	0.182434
0.849376	0.412929	2.26447
0.649588	0.193389	3.41262
0.220281	2.64968	1.57504
0.451007	1.91566	0.413876
1.6751	0.218898	0.964553
0.535785	1.45562	0.896125
0.980387	0.935095	0.36535
0.169296	4.13916	0.169405
0.16864	3.48581	0.878395
1.10856	0.345111	1.65655
0.372134	1.51602	1.79927
1.41393	0.352468	0.625202
0.626346	0.2234	3.42861
0.925511	0.24482	2.37558
0.17668	3.82976	0.320021
1.14289	0.22775	1.60125
1.24894	0.255126	1.43244
1.57687	0.322751	0.241932
0.992431	0.285733	1.96085
1.12004	0.24072	1.70877
0.481058	1.48717	1.10513
0.375664	2.40562	0.194158
0.174448	3.98056	0.202148
0.718768	0.620268	1.77933
0.439208	1.25424	1.57397
1.70912	0.239527	0.358114
0.615385	1.37882	1.10865
1.1363	0.677505	0.23992
0.29234	2.65921	0.334659
1.55365	0.176279	1.34771
1.68479	0.229978	0.624726
1.30165	0.425421	0.486007
0.429866	1.12468	2.161
1.52879	0.294041	0.347941
1.54771	0.403194	0.28421
0.181714	3.46849	0.948436
0.169415	3.18632	1.30278
1.4466	0.196032	1.34987
0.145054	4.09759	0.145478
1.82575	0.193121	0.144947
2.04963	0.149742	0.146059
0.145063	4.10347	0.145348
0.145794	0.145794	6.14579
0.189841	0.154187	5.00902
0.145794	0.145794	6.14579
0.792545	0.387501	2.0026
0.520783	1.72731	0.231462
0.255365	0.162373	4.90934
0.159282	3.14151	1.31534
0.175806	2.59892	1.53861
1.70368	0.198284	0.279875
0.155624	3.00852	1.35244
0.154719	3.04732	1.34524
0.715241	0.185117	2.68507
0.154856	3.25806	1.20613
0.193222	2.38707	1.97221
0.200675	2.52227	1.72242
0.372903	0.165259	3.95883
0.150726	3.95732	0.178224
0.15429	3.78152	0.32808
0.157482	3.64285	0.548634
0.25176	2.44145	0.859247
0.155028	2.76136	1.37289
0.221666	2.149	2.4923
1.79061	0.156524	0.648194
0.347427	2.08192	0.497667
0.208263	2.2326	2.33191
0.290924	0.202583	4.17348
0.157198	2.89826	1.35725
0.150712	3.55305	0.696545
1.0072	0.603441	0.932218
0.297515	0.170198	4.44199
0.271468	2.82176	0.161496
1.53933	0.221653	0.590409
0.352268	1.81126	1.22222
0.579331	0.199708	3.21698
0.588472	0.176164	3.34797
0.618079	1.49255	0.186291
0.698594	0.186419	2.80165
0.23155	2.13736	2.52718
0.644766	0.190131	2.96063
0.824946	0.934068	0.50905
0.398457	2.04153	0.24006
0.873875	0.79124	0.814471
1.35791	0.261019	1.00259
0.6294	0.203104	2.91148
1.61661	0.245294	0.298009
0.4946	0.178128	3.71524
0.22717	2.19765	2.43903
0.547175	0.172593	3.6345
0.362387	0.174764	4.05956
0.277082	0.168777	4.7836
0.148506	4.02416	0.156013
0.611552	0.162649	3.43284
0.152582	3.41253	0.968058
0.289646	0.164261	4.5741
0.156221	3.87297	0.23819
1.04031	0.287836	1.65009
1.13917	0.725022	0.339281
0.367623	0.177388	3.85439
0.173364	3.19604	1.30239
0.516398	0.193267	3.55549
0.434084	1.98362	0.175555
0.262684	2.62854	0.388442
0.916749	0.652033	0.986646
1.41459	0.420889	0.368562
1.9691	0.165157	0.2003
0.667483	1.41016	0.378033
1.65743	0.195134	0.695858
0.743305	0.985282	0.834643
0.910272	0.595065	1.48556
0.204796	2.67425	1.51361
0.456171	1.0751	1.7803
0.73292	1.24371	0.634886
0.287218	0.169165	4.52363
0.386897	1.12113	2.34125
0.25155	2.5208	0.624364
0.586777	1.35629	0.703454
0.147663	3.85395	0.238375
0.444648	1.86934	0.296163
0.772226	0.938605	1.14737
0.452737	1.91822	0.209562
1.85594	0.152059	0.380124
0.504985	0.186267	3.69521
0.481713	0.960108	1.89796
0.302598	0.172629	4.37011
0.601671	0.182357	3.20976
0.627801	0.221805	2.8138
0.158198	2.69478	1.41034
1.15994	0.827889	0.279736
0.469278	0.912968	2.2102
1.99302	0.155446	0.152474
0.209244	2.32773	2.14883
0.210388	2.3471	2.11158
0.40937	1.10489	2.51794
0.158111	3.52345	0.775357
0.396141	0.159921	4.01213
0.400145	0.166683	3.85991
0.170163	3.37567	1.07835
1.26124	0.508594	0.21071
0.5408	1.44027	0.647372
0.955838	0.307435	2.10019
0.283919	0.157312	4.77868
1.66485	0.222905	0.175895
0.65473	1.20355	0.702071
0.781676	1.03974	0.440211
2.0125	0.152748	0.152334
0.842466	0.558186	1.76508
0.428712	1.00479	2.34375
0.995312	0.769433	0.625641
1.1186	0.622928	0.340095
0.686815	0.322726	2.60447
1.23875	0.375648	0.876158
1.42453	0.487737	0.333722
0.165355	3.46957	0.899576
1.94538	0.15579	0.205661
0.157096	3.32679	1.12052
1.07502	0.708063	0.521382
0.538453	0.210383	3.42492
0.317713	0.159194	4.31648
0.490585	1.53012	0.925185
1.7351	0.184355	0.478798
0.636951	0.18658	3.14573
0.476873	1.2927	1.55877
0.36049	0.147042	4.22467
1.3348	0.286813	1.08685
0.953313	0.677963	0.741464
1.45708	0.359322	0.339417
1.31046	0.406911	0.537086
0.16154	3.22674	1.25352
0.421263	1.94196	0.263849
0.465288	0.902212	2.27281
0.265936	2.86107	0.165686
1.44241	0.280405	0.604117
1.88179	0.177141	0.145316
0.763324	0.6708	1.60304
0.702674	1.31449	0.190665
0.852288	0.363954	1.83062
1.19124	0.421447	0.919667
1.09192	0.521162	1.26651
0.558969	1.55029	0.572921
0.208086	2.28307	2.2364
0.546855	0.870971	1.41155
0.461285	1.58471	0.76551
2.0347	0.151778	0.147709
1.47381	0.281944	0.530965
0.677683	0.221814	2.65654
1.12158	0.215988	1.44936
0.217387	2.2017	2.40807
0.973451	0.213205	2.14127
1.51206	0.263277	0.548621
0.947473	0.330134	1.399
0.495688	1.15027	1.59122
1.82302	0.193983	0.144947
0.155259	3.99773	0.170348
0.419652	1.85148	0.487083
1.05291	0.298237	1.64836
0.931391	0.214448	2.3709
1.37831	0.308166	0.623117
1.89897	0.171649	0.355495
0.191353	0.152648	5.00867
1.76855	0.167125	0.469854
1.21419	0.579809	0.208925
0.859325	0.778491	0.953215
0.159287	3.68306	0.484276
1.04348	0.472033	1.26913
1.32832	0.344439	0.977309
1.49513	0.344684	0.31633
1.83849	0.158359	0.468927
0.746211	0.336062	2.58522
0.28895	0.165845	4.67893
0.157424	3.73529	0.397845
0.368247	2.42252	0.30697
1.20663	0.321337	1.42659
0.158255	3.38226	1.03601
0.356213	1.27499	1.89453
0.491888	1.69705	0.6062
1.26681	0.444055	0.482517
0.28895	0.165845	4.67893
0.877256	0.765138	0.913414
1.38763	0.323858	0.47319
0.333492	1.64226	1.36921
1.58541	0.225881	0.39423
1.22786	0.251324	1.41477
1.17607	0.732712	0.195209
0.341533	1.16498	2.43055
0.433077	1.03517	1.93058
0.760793	1.10774	0.253549
1.59758	0.226086	0.377941
1.92408	0.173506	0.160379
1.09996	0.477321	0.918615
1.56938	0.240176	0.50528
0.157167	3.33631	1.10652
1.48666	0.257036	0.553081
0.369503	1.67796	1.26284
1.06081	0.552695	1.13292
0.167089	3.71064	0.45988
0.58804	1.75875	0.185852
0.145794	0.145794	6.14579
0.541278	0.320593	3.54854
0.284646	2.7436	0.380408
1.35485	0.335707	1.20146
0.984683	0.705013	0.888987
0.458253	1.15377	2.29561
0.665791	1.4443	0.409927
0.409864	0.272552	3.8706
0.285729	2.4094	1.17493
0.863047	1.07942	0.284606
0.944755	0.541555	1.55555
0.50737	1.50035	1.07667
0.711322	1.30926	0.470196
0.68748	0.811389	1.83842
0.921523	0.650926	1.37119
0.443947	1.79163	1.23616
0.563018	0.264196	3.45839
0.616672	0.305586	2.88973
0.299192	2.57531	0.775846
1.40053	0.448852	0.352207
0.46429	1.89069	0.593686
0.617598	0.789972	2.36973
0.904416	0.402286	2.04158
0.803538	0.97838	0.826065
0.361339	1.55984	1.53069
0.697231	1.40561	0.261701
1.15101	0.614492	0.646037
0.794952	0.960806	1.15811
0.516019	1.76342	0.598825
0.96847	0.290913	2.20693
0.271826	2.38092	1.2466
0.744945	0.244784	2.80941
0.720891	1.12323	0.809478
1.47954	0.315489	0.803724
0.279735	2.62394	0.648274
0.401281	2.06281	0.57172
0.344032	1.34894	2.26293
1.26561	0.502662	0.628102
1.18586	0.577434	0.610834
1.63275	0.283808	0.309244
0.252004	0.194895	5.00562
0.905864	0.3747	2.16549
0.346627	1.99068	1.26653
1.01786	0.294873	2.09775
1.23533	0.482583	1.02507
1.58834	0.343047	0.270209
0.397491	1.0136	2.59397
0.316874	2.85375	0.246282
1.03463	0.744627	0.615205
0.188742	3.14241	1.35934
1.67164	0.258218	0.544786
0.334158	0.234313	4.34596
0.611311	0.780208	2.44244
0.696015	0.298122	2.764
0.834621	0.34518	2.52841
0.363405	0.205956	4.42965
0.817424	0.302199	2.66994
0.451821	1.35553	1.40164
0.836443	1.24454	0.214435
0.353367	2.26798	0.76211
1.21357	0.387348	1.34703
1.06958	0.23707	2.41326
0.855752	0.323368	2.59134
1.3256	0.425313	0.701099
1.30742	0.417291	0.853809
0.464635	1.84958	0.780137
0.43409	1.85409	0.928141
1.21488	0.565504	0.501996
0.564092	0.3099	3.20035
0.386339	2.327	0.357501
0.632512	0.875765	2.04596
0.474544	1.9588	0.290149
1.55376	0.391217	0.207962
0.497257	1.22493	1.39055
0.494726	0.305328	3.78627
0.930461	0.362323	2.12527
0.33735	0.26789	4.32727
0.707231	0.369829	2.63219
0.756869	1.05487	0.824538
0.339501	2.10794	1.18465
1.10645	0.265304	1.78234
1.65107	0.306991	0.297604
0.81803	0.383864	2.39921
1.2771	0.396646	1.10622
1.4497	0.431531	0.279039
0.84732	0.552562	1.94601
1.08829	0.556492	1.21026
1.3001	0.409333	0.991972
0.749519	0.908491	1.2859
0.542269	1.19825	1.46385
1.37109	0.41399	0.698974
1.79943	0.222579	0.411438
0.307309	2.69605	0.422045
0.556908	0.947419	2.10389
0.833744	1.03456	0.481791
0.370873	0.227084	4.28454
0.85196	0.343819	2.59196
0.38655	1.49927	1.58971
0.240696	2.40602	2.08082
0.934045	1.16062	0.288736
0.772126	1.10081	0.730562
0.315663	2.76596	0.323028
0.22653	2.43973	1.96429
1.03681	0.984978	0.374738
1.55249	0.400702	0.258469
0.466982	1.32463	1.43498
0.611699	0.429152	2.77367
0.435205	1.39825	1.42951
0.288774	2.40518	1.13787
0.227248	2.50321	1.8357
0.537335	0.916596	2.31772
1.23262	0.539158	0.852351
1.28537	0.529101	0.41661
1.14693	0.847475	0.323406
1.75392	0.236525	0.384234
0.710202	1.21214	0.989217
0.659715	1.58668	0.548163
0.461237	1.55159	1.37569
0.920951	0.506802	1.51245
0.456011	1.8959	0.886888
1.52266	0.368851	0.303965
1.20729	0.426381	1.27762
0.908047	0.755329	1.2624
0.642459	1.29021	1.00361
0.814548	0.481322	1.90685
0.216184	2.5604	1.69809
1.48344	0.342657	0.702147
0.474535	2.10636	0.244712
0.885047	0.817926	1.0783
0.996191	0.672686	1.30957
0.783777	0.454983	2.42651
0.310595	2.79063	0.280831
0.753266	0.43858	2.53186
1.42177	0.406951	0.522754
1.11596	0.883815	0.226769
0.789135	1.25866	0.293125
1.26347	0.476348	1.02805
0.385625	2.16313	0.584747
0.545367	1.71966	0.639017
0.51855	0.297879	3.75567
0.463895	1.79997	0.805068
0.962143	0.332013	2.26728
0.447629	2.17952	0.247969
0.76465	0.599385	1.86308
1.04208	0.298159	1.90535
0.71453	1.21729	0.982681
0.337346	2.37879	0.520801
1.68586	0.23876	0.585337
0.22653	2.578	1.69615
0.677917	0.272268	3.02799
0.489277	1.26522	1.75616
0.348904	0.320772	4.06836
0.518798	1.83009	0.386489
1.10238	0.610706	0.96482
0.346319	1.44941	2.37382
0.359262	0.262859	4.11783
0.437812	1.75128	1.34095
0.730318	1.05563	1.26865
0.67329	1.13775	1.3576
0.422306	1.86899	1.23334
0.669096	0.724416	1.95801
1.45168	0.365687	0.453668
0.756943	0.826615	1.72849
0.699946	0.66678	1.94284
0.897767	0.538345	1.47837
0.876549	0.871895	1.02729
0.584233	1.2801	1.20446
0.227248	2.50321	1.8357
0.550855	1.76698	0.435175
1.47827	0.319007	0.802318
0.170307	4.13084	0.170551
1.67768	0.280387	0.167197
0.22916	0.197012	5.06755
0.166331	3.47903	0.884568
1.00329	0.302408	2.06476
0.170948	2.91248	1.371
0.416679	2.10615	0.198183
0.316675	0.226295	4.46063
0.364581	0.183982	4.37535
0.614579	1.50319	0.557704
1.03722	0.202294	2.49955
0.171372	3.11944	1.3444
0.205907	2.45089	1.87708
0.325179	0.180105	4.56248
0.262387	2.5203	0.700635
0.610932	0.229743	3.28968
0.302081	0.178626	4.78145
0.273946	0.205917	4.99154
0.374896	0.179881	4.28592
0.31826	0.17765	4.61211
1.86294	0.193782	0.216349
0.632014	0.723301	1.7954
0.44375	1.0305	2.31893
0.169029	4.04359	0.176733
0.508541	1.57027	0.944529
0.488917	1.72977	0.74235
0.554418	0.291796	3.12791
0.532015	1.62963	0.666577
0.175221	3.75264	0.416302
0.877842	0.422238	1.93131
0.170079	3.01942	1.36726
0.308057	0.194119	4.71369
0.982854	0.28618	2.37309
0.173251	2.81571	1.38151
0.579706	0.298523	2.94149
0.398841	0.197706	3.92353
0.433681	1.00214	2.42472
1.10956	0.203958	1.96516
0.745089	0.197369	2.75409
1.47431	0.248852	0.8958
0.354779	1.27251	1.72658
1.61501	0.319342	0.171953
0.384369	0.198802	3.91921
0.488031	0.200634	3.7872
0.392759	1.66095	1.41718
1.63923	0.259406	0.307969
0.787866	0.457179	2.19172
0.382604	2.03264	0.840967
0.480146	1.02485	1.86918
0.547275	1.32288	1.24628
0.896644	0.235576	2.57225
0.775317	0.226587	2.71223
0.456147	0.995542	2.11661
0.469202	1.97075	0.260398
0.3759	0.183215	4.05744
0.255963	2.15162	1.35695
0.263425	2.28896	1.18486
0.240433	2.02942	1.37316
0.619365	0.316848	2.86683
0.510487	0.326802	3.41216
0.835342	0.256339	2.62511
1.74849	0.19544	0.61684
0.176423	3.83197	0.317017
0.694469	0.225174	2.99932
1.99043	0.172302	0.194911
0.664957	0.209794	3.04048
0.53013	0.290204	3.46947
0.736838	0.268107	2.65451
0.298638	2.35566	0.976795
0.510797	1.84704	0.326021
1.43369	0.382208	0.545515
0.902871	0.333431	2.26481
1.27027	0.497729	0.414769
0.433823	1.9014	0.589338
0.168044	3.41359	1.00894
1.10534	0.542007	1.02849
0.475285	1.95264	0.260764
0.814031	0.953056	0.527615
0.170413	3.04069	1.36501
0.278193	2.37997	0.817268
1.3114	0.463382	0.810025
0.595222	1.22302	1.05637
0.168461	3.16618	1.31509
0.819663	1.20417	0.22091
0.170768	3.36745	1.09303
0.271521	2.44182	0.802077
0.346159	2.71198	0.27412
0.497474	0.255024	3.76768
0.264799	2.67676	0.443151
0.409987	1.25964	1.68203
1.5104	0.239165	0.868314
0.702873	0.225151	2.83007
1.72952	0.204885	0.621513
0.277668	0.184305	4.89587
0.494537	0.279098	3.68823
1.53372	0.372305	0.211462
1.5828	0.294804	0.348549
0.866499	0.367851	2.26877
0.85577	0.861646	1.0376
0.758412	1.0586	0.630601
1.07686	0.824136	0.480582
1.28356	0.487477	0.509328
1.3231	0.375102	0.869291
0.171844	3.72071	0.456234
0.568825	0.29019	3.34187
0.232971	0.192225	5.06606
0.532476	0.974752	1.66624
0.521748	0.289489	3.51956
0.587877	0.848882	1.77705
0.171284	4.12279	0.171736
0.491887	1.54033	0.979008
0.264963	2.59778	0.494368
0.445882	1.3517	1.42955
0.556984	0.779267	2.15264
0.388807	2.17715	0.291255
0.205095	2.57676	1.64188
0.174262	3.93176	0.227071
0.500621	1.89425	0.205797
0.297846	0.18118	4.73554
1.80057	0.24283	0.229556
0.356589	1.82302	1.31638
0.785873	1.17125	0.566064
0.277668	0.184305	4.89587
0.593224	1.76061	0.194308
1.34689	0.308793	0.994364
0.687684	0.188231	3.19443
0.275061	2.25899	1.14808
1.21689	0.585768	0.498902
0.176417	3.59003	0.700635
1.83117	0.180383	0.389513
0.260328	2.78193	0.248787
1.83665	0.189002	0.36659
0.185323	3.27892	1.24756
0.947139	0.433111	1.54998
0.965395	0.336277	2.13104
0.510268	0.928816	1.90786
1.15736	0.650057	0.348975
0.286169	2.35802	0.919494
0.178755	3.63224	0.627831
0.33267	0.290546	4.132
0.188137	2.65077	1.50413
1.19718	0.271401	1.56968
0.178039	3.35201	1.13514
1.81197	0.196043	0.355363
0.64578	0.221597	3.18709
0.171076	2.72662	1.41159
0.373347	0.18562	4.2004
0.915316	0.356914	1.73619
0.371966	0.186144	4.2004
0.718801	0.808914	1.40649
0.37621	0.179987	4.06214
1.69981	0.177914	0.889967
0.187939	3.65518	0.611724
1.70825	0.251596	0.321612
0.167769	3.50852	0.832447
1.08763	0.209733	1.90685
0.283456	2.56508	0.336979
0.174863	3.25184	1.25499
0.33267	0.290546	4.132
1.17013	0.648354	0.323277
1.37171	0.335	0.683183
0.574042	1.79523	0.250579
0.715315	0.799775	1.46958
0.401438	2.21703	0.180616
0.25697	2.6369	0.512231
0.562756	0.255991	3.51822
1.17712	0.214469	1.74239
1.22251	0.712722	0.209065
0.168988	3.98618	0.192324
1.06457	0.275225	1.75796
0.173876	3.20323	1.29767
1.45293	0.322492	0.517145
1.13212	0.568338	0.834403
1.66381	0.312551	0.221112
0.582942	0.247751	3.33123
1.5506	0.213454	1.01536
0.174931	3.88768	0.260182
0.541114	0.894927	2.57307
