0.384007	0.194371	4.48205
0.192007	3.71354	0.520724
1.86041	0.237807	0.191509
0.457169	1.15137	1.70481
0.75565	0.238513	2.77703
1.6119	0.296031	0.355464
0.377327	0.23349	4.10331
0.195463	3.3068	1.23709
0.491074	1.49196	1.29251
1.25355	0.229605	1.58013
0.508869	0.240733	3.81453
0.524471	1.70048	0.622252
0.192949	4.01859	0.213271
0.370627	2.13595	0.796787
0.203079	3.38875	1.14249
0.203934	3.44211	1.0576
0.557857	0.333301	3.30214
0.911989	0.305149	2.39796
0.385163	1.1618	2.11986
0.365513	2.56802	0.66967
0.803429	0.210258	2.84638
1.22264	0.454534	0.966975
0.436993	1.78868	0.997952
0.713189	0.436859	2.59331
1.38249	0.405064	0.863772
0.942582	0.363737	2.19642
0.399822	1.85838	1.35829
1.28163	0.572089	0.568105
0.213447	2.70215	1.50344
0.285041	2.39578	1.06889
0.302218	2.87139	0.200141
1.82886	0.219875	0.425192
0.324692	2.62279	0.570286
0.635987	1.32608	1.03566
0.533631	1.40493	1.36816
0.652967	1.62301	0.203999
1.74101	0.228089	0.608469
0.959079	0.829807	1.1393
1.00617	0.23326	2.50952
0.30483	2.79898	0.235915
0.898666	0.346157	2.44893
0.700719	0.236445	3.05759
0.856393	0.427859	2.25211
0.720437	0.211446	3.35679
0.779924	0.5204	2.20107
0.288919	2.25367	1.351
1.70025	0.291093	0.289512
1.19847	0.531538	0.593312
0.887812	0.948215	1.00181
0.353956	0.196364	4.71699
0.417179	2.22736	0.223742
0.793361	0.392873	2.4277
1.12405	0.792685	0.393063
1.31852	0.338584	1.36823
1.65911	0.292451	0.389463
0.210916	2.51356	1.76773
0.420274	2.05184	0.54035
0.945968	0.915293	0.378371
0.46647	2.05919	0.216031
0.474285	1.95228	0.439584
0.195744	3.56899	0.797718
0.444848	2.15698	0.2164
0.872215	0.36061	2.28598
0.548412	0.351474	3.18536
1.24519	0.280116	1.49063
0.451086	1.99067	0.318432
1.52102	0.362967	0.465822
0.291156	2.4635	0.901323
1.70576	0.264678	0.313568
1.43561	0.415945	0.389416
1.01465	0.781058	0.567635
0.429627	0.704477	2.6089
0.267301	0.211412	5.0064
0.653309	0.346938	2.68244
0.776323	0.239416	2.63983
0.550364	0.867765	1.89993
0.837166	0.443783	1.92428
1.47217	0.210753	1.39004
0.197942	3.50763	0.921867
0.729085	1.29626	0.433161
1.41742	0.26598	1.33467
0.56731	1.22206	1.40359
1.49914	0.388064	0.501524
0.292689	2.67165	0.419546
0.341849	2.83584	0.227997
0.742676	1.2736	0.434762
1.45161	0.559317	0.252197
0.595592	1.00234	1.39629
0.557626	1.54021	0.934546
0.963188	0.405316	2.00971
0.538999	1.03028	1.55309
0.850571	0.82051	1.14471
1.3455	0.479064	0.539651
0.407503	1.36914	1.54391
1.18222	0.745846	0.210248
1.025	0.691178	0.80702
1.0352	0.412535	1.80703
0.198935	3.77846	0.436943
0.57189	1.83158	0.201993
1.14651	0.586398	0.821116
0.433272	1.25622	2.02522
1.07	0.549752	1.39078
0.821601	0.458832	2.25774
1.08413	0.630643	0.888408
0.1996	3.75498	0.473822
1.16315	0.472369	1.19549
0.194078	3.8636	0.319706
0.341894	0.225027	4.42177
0.812578	0.882695	1.14829
0.220503	2.54226	1.74196
0.751425	1.1945	0.434161
1.3604	0.274201	1.42188
1.39545	0.465922	0.401427
0.978427	0.4672	1.4436
0.462628	1.97832	0.327179
1.054	0.288189	2.06059
1.2635	0.498689	0.655638
1.7533	0.256504	0.25014
0.880219	0.754725	1.19169
1.19167	0.607445	0.494627
1.10138	0.617521	0.808176
0.537708	1.52518	0.990546
0.414684	1.9073	0.929647
0.513146	1.00235	1.79729
1.15094	0.58331	0.960289
0.204618	3.58443	0.793888
0.468923	0.789181	3.57426
0.292644	1.89693	2.69332
0.520046	1.6363	1.0199
0.649634	0.291803	3.04631
0.560775	1.59529	0.65284
0.718743	0.634911	2.48366
0.668385	1.45586	0.365877
0.398202	2.06113	0.963547
0.573391	1.49407	1.10287
0.705669	0.323955	2.74292
0.469871	0.809483	3.4238
0.835784	1.02341	0.572396
0.212112	3.96057	0.270723
0.550629	1.93052	0.25936
1.22989	0.556066	0.837057
1.11829	0.64513	0.698039
0.676633	1.18371	1.11673
1.55872	0.38274	0.423287
1.29625	0.464309	0.86789
0.791148	1.12341	1.23761
0.751888	1.21606	0.662972
0.581237	0.974795	2.08908
0.955611	0.392071	1.75125
0.983739	0.369	1.86123
1.32182	0.47199	0.753042
0.853092	0.520776	1.59698
0.237493	2.48738	1.89857
0.403897	1.36202	1.9167
0.593172	1.5563	0.830127
1.73477	0.325715	0.213806
0.330304	2.66144	0.508894
1.06437	0.262126	2.33597
1.09472	0.434821	1.33993
0.7865	1.1598	0.589424
1.01419	0.694539	1.07515
1.17952	0.587767	0.871536
0.467677	2.02037	0.3654
0.739141	0.297485	2.74029
1.25331	0.517237	0.652978
1.26336	0.484161	0.795266
1.11488	0.241743	2.33229
0.909931	0.400678	2.0647
0.507717	1.54708	1.28422
1.44413	0.391253	0.535522
0.541558	1.65985	0.561074
0.53612	1.85598	0.353344
1.58719	0.329725	0.466186
0.351549	1.40278	2.25897
0.49742	1.81644	0.491659
0.815061	0.501979	1.83099
1.13196	0.330047	1.6704
0.92734	0.345641	2.16122
1.05144	0.383949	1.50656
1.03498	0.614527	1.26481
0.493193	1.37126	1.54787
0.375649	1.69473	1.45718
1.27977	0.376343	1.30267
0.688932	0.862787	1.70911
0.464103	0.818371	3.57859
0.873819	0.323845	2.52328
1.02931	0.668414	1.0714
1.2033	0.492793	0.991441
1.00423	0.274607	2.521
0.374835	1.33183	2.20364
0.3543	1.41979	2.2056
0.761455	1.1397	0.939117
1.59925	0.340716	0.304139
1.05963	0.683494	0.994125
0.524023	1.7077	0.813591
0.97185	0.41727	1.68753
0.687434	0.811094	1.80671
0.183254	0.183254	6.18325
1.98209	0.174366	0.165278
0.182587	4.165	0.182608
0.240374	0.198801	5.05042
0.454307	1.86679	0.443775
0.411619	0.245008	3.92729
0.311031	0.197063	4.87941
0.18328	4.053	0.191897
0.518771	0.217176	3.74756
0.216161	2.56089	1.69718
0.289186	2.60384	0.5826
1.52535	0.252995	0.910745
0.464246	0.220082	3.81961
1.29157	0.684098	0.300623
0.558845	1.92965	0.207349
0.327859	0.195022	4.75539
1.70087	0.204872	0.937853
1.56542	0.27721	0.784456
1.0943	0.732048	0.322624
0.302235	0.189087	4.97134
0.187456	3.16702	1.34503
0.834541	0.363417	2.40908
0.186031	3.05797	1.38037
0.349419	0.23458	4.20346
0.320229	0.221772	4.6998
0.854883	0.411863	2.04884
0.211576	2.49879	1.79796
0.843826	0.466099	1.77423
0.195167	3.99929	0.2237
0.195857	3.55329	0.828385
0.329679	2.15175	1.08133
0.19786	3.2394	1.31157
0.690855	1.32211	0.877019
0.651351	0.268054	3.03176
0.618603	0.204588	3.43309
1.79302	0.21829	0.441829
0.194802	3.12297	1.37544
0.591342	0.809907	1.80222
0.18368	4.16047	0.183729
0.501758	0.896153	2.14209
0.719018	0.241907	2.86437
0.226627	2.11649	2.53888
0.347464	0.222464	4.47677
0.280064	2.40819	1.10086
0.732378	0.587734	1.96545
0.198663	3.43635	1.05317
0.493009	0.871575	2.31486
0.271591	2.37063	1.16122
1.33234	0.32047	1.37012
0.184301	3.94	0.238232
1.94239	0.203104	0.202504
0.889589	0.96216	0.508335
0.250663	0.193044	5.04889
0.666825	0.367668	2.75392
0.776851	0.497393	2.00151
0.284904	2.4431	1.02731
0.91923	1.07369	0.183081
0.601291	0.266706	3.11644
1.01366	0.771012	0.594548
0.529666	1.78185	0.266581
0.202348	3.85832	0.342476
0.202991	3.37967	1.15605
1.47176	0.334129	0.493923
0.616878	0.229914	3.36008
1.05477	0.2745	1.9009
0.656594	0.241497	2.95805
0.298386	2.8024	0.24563
0.391626	0.201321	4.02207
0.191082	3.68746	0.562811
0.377317	0.217675	4.13126
0.391293	2.09765	0.579645
0.355279	0.216266	4.4146
1.06537	0.650843	1.05817
0.199326	3.74368	0.49084
0.307099	0.231199	4.55199
0.203206	3.27881	1.28475
0.359501	0.219216	4.30311
0.400939	2.22009	0.363343
0.496418	0.828927	2.55072
0.404336	1.40111	1.48153
0.527389	1.36337	1.34251
0.959424	0.357555	1.8484
0.36684	1.18262	2.27651
1.2179	0.440364	0.991733
0.642528	0.209118	3.30271
0.93862	0.301603	2.27612
0.35517	1.47164	1.7021
0.186436	3.00464	1.3857
0.19368	3.78499	0.414898
0.512067	1.55258	1.01703
0.371784	1.12594	2.49249
0.631418	0.69905	2.7016
0.389455	1.666	1.41098
0.187121	3.90338	0.269487
1.2544	0.57938	0.370221
1.5016	0.320094	0.36215
0.873968	1.0081	0.407005
1.1185	0.656887	0.507513
1.76078	0.257994	0.185161
0.340783	2.27815	0.704119
0.543515	1.73243	0.331281
0.573352	0.205688	3.63445
0.79536	1.14625	0.580671
0.993778	0.584375	1.32848
0.49276	2.03245	0.182597
1.13956	0.517436	1.11502
1.04009	0.3114	1.57768
0.533709	1.62528	0.733448
0.198663	3.49437	0.948822
0.573352	0.205688	3.63445
1.65179	0.253878	0.336721
0.19571	3.31997	1.22138
0.27572	2.47609	0.899248
1.07786	0.253151	1.65
0.65396	0.226845	3.20973
1.728	0.206642	0.800884
0.220351	2.0331	2.59048
1.86713	0.230334	0.262159
0.482027	1.70978	0.940164
1.92289	0.193566	0.442345
1.2398	0.615287	0.479858
1.73623	0.278235	0.201698
0.762332	0.201397	2.73365
0.202192	3.5719	0.810996
1.08017	0.622504	0.800495
0.220335	2.32163	2.19556
0.921535	0.351976	2.0969
0.350992	1.48766	1.7021
0.334981	0.220559	4.6237
0.617983	0.204639	3.51955
0.610711	0.974215	1.42917
0.21795	1.97779	2.60827
1.63634	0.252592	0.392009
1.13322	0.473086	1.26839
1.59416	0.324906	0.361073
1.1579	0.526824	1.04587
0.469539	1.56805	1.16085
0.194562	3.70157	0.547886
0.194901	3.34804	1.18207
1.77122	0.216552	0.476615
0.183046	3.80617	0.36196
0.353155	1.595	1.53571
1.37743	0.288428	1.2091
0.624068	0.201109	3.51848
0.195997	3.61751	0.705148
0.296435	2.75484	0.292962
0.425812	1.2888	1.42711
1.97045	0.189685	0.170679
0.467353	1.75122	0.988333
1.10978	0.612051	0.694743
0.741589	0.520267	2.17293
0.701667	1.30055	0.452622
1.34282	0.552814	0.385162
0.337022	1.32941	2.22453
0.908657	1.05021	0.277964
0.753638	1.2272	0.255384
0.332759	2.13561	1.14041
0.398933	2.30923	0.408215
0.551551	0.699692	2.64464
0.654861	0.206302	3.19556
1.60409	0.280955	0.222053
1.67338	0.247746	0.473415
0.337823	2.3524	0.459415
1.50839	0.362606	0.344686
0.361153	0.262934	4.06098
1.24691	0.345918	1.44547
0.965865	0.884956	0.582389
0.366278	1.12949	2.48563
1.41846	0.269416	1.28601
1.39578	0.651549	0.26243
0.595236	1.401	0.964004
1.28886	0.369092	1.27015
1.90589	0.206718	0.244777
1.39221	0.458557	0.377323
0.435173	1.64942	1.31647
0.197577	3.48091	0.970651
0.695455	1.33321	0.810152
1.30432	0.584313	0.18425
0.183254	0.183254	6.18325
0.255595	0.204207	5.02707
1.50436	0.361068	0.356913
1.95428	0.200706	0.193891
1.70387	0.205816	0.912131
0.42818	2.03668	0.394766
1.78531	0.241286	0.209364
1.923	0.213989	0.206164
0.190451	3.69385	0.549982
0.588192	0.248952	3.38916
0.21398	2.39425	2.02207
0.350165	0.228548	4.34846
0.42475	2.13625	0.359784
0.535906	0.31089	3.6517
1.74437	0.192961	1.03152
0.367928	0.214553	4.16521
0.291983	2.62232	0.617477
1.88197	0.193443	0.501634
0.743731	0.222407	2.98361
0.195945	3.13569	1.37235
0.220533	2.54399	1.73891
0.295241	2.83242	0.242547
0.789285	0.218416	2.91493
1.41064	0.520492	0.201504
0.292584	2.75512	0.327001
0.961487	0.934255	0.512589
1.1051	0.745513	0.319221
0.211437	2.66817	1.53386
1.08268	0.309379	1.48238
0.755683	1.13248	1.15037
0.184807	3.86098	0.30363
0.764698	0.42792	2.67557
0.344194	1.50382	1.73031
0.601399	0.417773	2.83689
1.6522	0.219387	1.00874
0.874336	0.606867	1.58334
0.674209	1.35254	0.86869
0.841185	0.972744	0.516178
0.186037	4.09151	0.189361
1.57798	0.3364	0.223357
1.26548	0.38093	1.13861
0.305214	0.220438	4.87215
0.327204	1.59642	1.91851
0.191994	3.81934	0.365646
1.532	0.187854	1.38431
0.299633	0.226137	4.87294
0.203929	3.77077	0.460677
0.833747	1.10006	0.407223
0.192644	3.35186	1.17125
0.496007	1.65763	1.00364
0.801307	1.21185	0.554924
0.443819	0.209851	4.06499
0.895559	0.646205	1.33581
0.31661	2.5328	0.425168
1.31114	0.397216	0.943122
0.555255	1.70616	0.385413
0.195852	3.98579	0.230798
1.00154	0.354543	1.64712
1.03378	0.228825	2.51213
0.46548	0.882098	2.42386
0.992005	0.618328	1.23898
0.239555	2.3354	2.22594
0.584482	1.39782	1.08879
1.37419	0.322946	1.05386
0.393121	1.42438	2.07405
0.215977	2.36254	2.09622
0.341023	0.21652	4.60681
0.288728	2.49267	0.976224
1.12315	0.227949	2.13144
0.206112	3.47218	1.01062
0.560739	1.80208	0.239446
0.716956	0.818575	1.45776
0.233148	2.46499	1.93164
0.461193	1.7432	1.14662
1.7259	0.223842	0.475822
1.20317	0.285919	1.3996
0.661753	0.272549	2.77017
0.235338	2.44917	1.97176
0.640907	0.255658	3.11559
1.23448	0.223975	1.81577
0.411091	1.98132	0.724998
0.34634	0.190701	4.76177
0.204201	3.55021	0.85877
0.477999	1.05946	1.80624
1.01583	0.260744	2.1416
1.06041	0.71719	0.53753
0.743395	0.223078	3.07026
1.35557	0.458501	0.842778
1.15498	0.530606	1.10047
0.452854	1.99842	0.31199
0.852768	1.16614	0.211522
0.615997	0.213477	3.56366
0.934413	0.311696	2.16304
0.484654	1.54124	1.27656
0.401885	0.203692	4.2283
0.391182	1.87187	1.18941
0.528369	1.0228	1.53437
1.19317	0.491727	0.97066
0.198408	3.19132	1.34809
0.469943	0.994167	2.28943
0.401777	1.62092	1.39497
1.04752	0.278132	1.84601
1.24899	0.46941	0.822875
1.83621	0.212683	0.399833
0.905199	0.557011	1.57597
1.06842	0.642855	0.814179
0.264733	2.30754	1.26533
0.819925	1.08211	0.483247
0.41071	1.89842	0.867879
0.19338	3.41963	1.06737
0.389622	0.197986	4.42151
1.13707	0.283692	1.54956
0.625667	0.900235	1.56943
0.198054	3.4017	1.10924
0.868621	0.245806	2.62241
0.664803	1.44431	0.468009
1.169	0.74298	0.296402
0.352216	0.212452	4.52841
0.624492	1.19154	1.21049
0.186267	3.61038	0.690482
0.416717	1.27244	2.1934
0.324166	1.96184	1.47231
0.197212	3.77217	0.441898
0.68697	0.25201	2.90585
0.270941	2.14835	2.59504
1.285	0.481073	0.615098
0.50856	1.27682	1.43883
0.39343	0.227892	4.0486
0.697725	0.222841	3.15388
1.33632	0.344452	1.05319
0.379533	0.197911	4.51491
0.464699	0.911072	2.65693
1.54838	0.253272	0.934953
1.81832	0.246006	0.194845
0.60445	1.46838	0.710264
0.331365	1.32782	2.24393
0.818955	1.2298	0.211953
1.37413	0.508829	0.419458
1.85591	0.236344	0.202125
0.51325	1.56783	1.04079
0.950546	0.272852	2.36634
0.523597	1.65503	0.636118
0.416442	1.7883	1.06864
0.217441	2.27328	2.28298
0.977109	0.706447	1.03235
0.656508	0.847537	1.98959
0.610077	1.49398	0.624022
1.06455	0.687093	0.64939
1.86714	0.214321	0.281874
1.55996	0.280879	0.705128
0.652175	1.25862	0.878271
1.42474	0.353235	0.596662
0.190581	3.19754	1.33104
0.184807	3.86098	0.30363
0.293506	2.34188	1.27257
0.441912	0.240411	3.95523
0.72265	1.34012	0.50543
0.807802	1.24908	0.360416
0.30401	2.52136	0.859306
0.402776	1.38465	2.17214
0.204618	3.58443	0.793888
0.575983	0.300024	3.43774
0.306187	2.62593	0.568477
1.01429	0.774202	0.71816
0.444376	2.17981	0.243801
0.811141	0.722583	1.89313
0.868758	0.417746	2.01695
0.413624	1.30299	1.66454
1.48402	0.327869	0.868021
0.223875	3.7487	0.54712
1.44331	0.310876	1.06838
0.939384	0.81286	1.32232
0.779764	1.19812	0.637441
1.23599	0.234871	1.83599
0.223947	2.81028	1.44934
1.20541	0.53053	0.923949
0.689756	0.892671	1.64928
0.433931	1.97671	0.635534
0.43818	0.873014	2.91053
0.88606	0.92593	1.33777
0.453436	1.03727	2.49622
1.28331	0.243718	1.63951
0.314464	2.23455	1.25893
0.519991	1.51762	1.30295
0.983066	0.374778	2.15728
1.61989	0.332251	0.229668
0.452602	2.09531	0.454874
0.917516	0.981289	0.485364
1.6016	0.33711	0.268349
0.480663	1.09047	2.37337
0.430252	2.03181	0.581755
0.762594	0.220887	2.98918
1.43298	0.427836	0.511965
0.425101	2.04849	0.533768
1.14418	0.488663	1.32056
0.501195	1.16775	1.78146
1.04933	0.583429	1.26785
0.668739	1.15596	1.20335
0.310036	2.70445	0.399773
1.69814	0.245995	0.476988
1.24835	0.464615	0.91504
0.754134	1.32193	0.348446
0.482171	1.86432	0.596928
1.03093	0.768217	0.630025
1.25702	0.244711	1.80119
1.32772	0.471333	0.888987
1.54819	0.285086	0.950632
0.503392	1.76706	0.572583
0.427478	0.844679	3.01466
0.509006	1.64352	0.808924
0.515971	0.882426	2.56783
1.67566	0.280974	0.307127
0.599555	0.887791	1.70568
0.79212	0.567789	2.13598
1.06634	0.633934	1.06883
1.4157	0.344315	0.794636
0.90607	0.305444	2.5411
1.39835	0.504111	0.255252
1.72256	0.289316	0.240899
1.53353	0.388912	0.233525
1.06175	0.724067	0.778163
0.34429	2.23547	1.10871
0.737315	1.13446	1.06034
0.538754	0.906349	2.27402
0.796452	1.09315	1.1544
0.361157	0.234553	4.29018
1.66631	0.323502	0.245984
0.567626	1.70518	0.485098
0.406738	1.93633	1.07824
0.666322	0.855292	1.9401
1.14836	0.299044	1.56519
1.27074	0.699719	0.288012
0.331368	1.87393	1.41493
0.415505	0.856273	3.04032
0.457848	1.67884	1.27968
0.965672	0.554198	1.43665
1.38498	0.273587	1.42907
0.876741	0.993864	1.35839
0.273994	0.194656	4.99214
0.190085	3.27055	1.26658
0.247436	0.198843	5.02804
1.90483	0.227234	0.188933
0.330369	0.21671	4.68639
0.360161	0.202705	4.53864
1.71109	0.230069	0.49037
0.190298	2.99132	1.39006
0.191504	2.88774	1.39294
0.284954	0.233743	4.87662
0.508047	0.525507	3.34124
0.38532	0.205001	4.24085
1.83591	0.212265	0.413023
0.868195	0.319739	2.44822
0.844358	0.344402	2.27831
0.422266	2.03133	0.539805
1.24802	0.48388	0.717156
1.74535	0.221384	0.905019
0.895966	0.357385	1.95202
0.193576	3.40362	1.09442
1.01561	0.648891	0.976599
0.219348	2.36373	2.10424
0.19576	3.49787	0.933938
0.425913	1.3058	2.0828
0.385664	0.782452	3.57809
1.22426	0.642376	0.36197
0.504239	1.6138	1.05542
1.76693	0.215655	0.570975
0.212591	2.55772	1.69293
0.192845	3.78009	0.419785
1.40799	0.438811	0.325451
0.46248	0.956404	2.78908
0.593311	1.4446	0.790333
0.199337	2.81797	1.41338
0.19162	3.54811	0.825981
1.60326	0.226905	1.00698
0.368382	1.9818	1.21348
0.393324	0.74712	3.63708
1.18307	0.468361	1.13834
0.397629	1.08599	2.68725
0.195161	3.59507	0.745671
0.973947	0.70489	0.962529
0.764305	1.29034	0.296013
0.564139	1.81787	0.367301
1.06147	0.304386	1.54777
0.253022	1.9127	2.65301
0.197974	3.92487	0.271956
0.216383	2.45013	1.91088
0.221729	2.42638	1.97766
0.364448	0.779592	3.72257
0.46551	1.00471	2.22953
1.89004	0.21079	0.276263
0.194841	2.69516	1.4745
0.218177	2.64366	1.57792
1.47161	0.256362	1.19467
1.64998	0.227931	0.802741
0.823835	0.798885	1.53384
0.390783	0.957918	2.86375
0.434146	1.78061	1.09208
0.378057	0.778473	3.79793
0.193976	3.45706	1.00385
0.434192	1.85178	0.730808
1.00071	0.271383	2.4006
1.54867	0.406193	0.258933
1.48673	0.413499	0.223343
0.349313	1.47658	1.88107
1.04404	0.365852	1.65852
1.20382	0.451515	1.16296
1.12792	0.265347	1.83753
0.932448	0.334957	2.02355
0.691972	1.03892	1.24254
0.19138	3.63477	0.659244
0.411607	1.25931	2.45722
0.663086	0.385069	2.60222
0.34192	1.5072	2.17902
0.487724	1.67894	0.76773
0.214699	2.62527	1.59421
0.388365	1.40244	1.65131
1.03588	0.246899	2.32802
0.215001	2.33836	2.14436
0.956836	0.24429	2.57132
1.13353	0.427383	1.49892
0.719083	1.2189	0.613285
1.35807	0.326915	1.1989
0.193652	3.32015	1.21647
0.372055	0.721939	3.81283
0.193701	3.98995	0.225692
0.29418	0.246088	4.75518
0.44059	2.26566	0.259011
0.325061	1.64844	1.49408
0.443386	1.88739	0.609678
0.308825	0.227628	4.75342
0.2001	3.70594	0.555436
0.374065	0.837619	3.38646
0.38162	0.761133	3.67356
0.19221	2.77772	1.41795
0.4132	1.93694	0.890131
0.191588	3.9695	0.232625
0.198355	2.73383	1.45122
0.785621	0.824381	1.52332
1.10608	0.586334	0.848991
1.17136	0.734462	0.204387
0.381878	2.13934	0.717762
0.472369	1.3526	1.40415
1.28259	0.40133	1.1143
0.335597	0.23459	4.38208
0.241054	0.202545	5.02801
0.498128	1.58515	1.16308
1.58057	0.278601	0.682933
0.341659	0.230906	4.42297
0.357568	2.29357	0.472045
0.209568	2.58824	1.63544
1.29956	0.218828	1.42785
0.948809	0.614441	1.35053
1.34538	0.314283	1.42251
0.705406	1.12062	1.17042
0.215508	2.21788	2.37697
0.619142	1.16582	1.27321
1.38071	0.294406	1.30995
0.989431	0.799931	0.543252
0.442308	0.996359	2.69716
1.50798	0.294421	0.84037
0.548406	1.69525	0.503484
0.802438	0.334285	2.47633
0.978922	0.337876	1.80033
0.406764	1.7538	1.44541
0.193998	3.19427	1.33896
0.77701	1.11031	0.613816
0.573499	0.762407	2.51371
0.64321	1.73527	0.337378
0.811007	0.852628	1.47895
0.700895	1.37576	0.348918
0.348689	2.16841	0.860626
1.19512	0.544503	0.628116
0.360511	1.57182	1.72717
0.559391	0.581106	2.758
0.401308	2.32705	0.265095
0.573499	0.762407	2.51371
0.54465	0.532506	3.1617
0.703551	1.19116	0.66157
0.365701	0.829439	3.44806
1.14963	0.544048	0.830483
0.690343	1.28153	0.58117
0.559391	0.581106	2.758
0.198932	3.29841	1.25451
0.384007	0.194371	4.48205
1.89032	0.230003	0.272881
0.482625	1.02651	2.33047
0.304693	1.94294	1.64649
0.436872	2.12892	0.579803
0.631831	0.710716	2.57105
0.980851	0.398466	1.95476
0.417138	0.221942	4.09781
0.792722	1.09957	0.899575
0.546185	0.977038	2.08482
0.339077	2.82529	0.279173
0.659594	0.946753	1.60453
0.339186	2.69159	0.479777
0.74575	0.608391	2.00984
1.13196	0.295348	1.8021
0.488665	1.25188	1.68785
0.951298	0.301784	2.47854
1.18678	0.568714	1.03091
1.04331	0.240757	2.59835
1.59047	0.312952	0.649978
0.319191	2.07267	1.43849
1.0997	0.798315	0.55385
0.491591	2.18208	0.22302
0.930224	0.32267	2.50069
0.449944	1.4511	1.46042
1.1678	0.329085	1.53534
0.946813	1.00856	0.539438
0.399063	2.47589	0.377544
0.317032	1.84978	1.93855
0.619418	1.525	0.522008
1.12237	0.253209	1.86579
0.75407	1.42786	0.24517
0.413159	2.22567	0.575202
0.522308	1.87593	0.332299
0.790386	0.645216	1.75484
0.892195	0.560621	1.48906
0.713614	1.20839	0.963585
0.652014	0.763851	2.06153
1.01101	0.293905	2.44067
0.470729	1.35949	1.70196
0.85579	1.31893	0.238459
1.08075	0.883041	0.500699
1.38879	0.412494	0.836248
1.52268	0.301289	1.03851
1.32426	0.619751	0.403889
0.706707	1.3935	0.729025
1.6146	0.362002	0.263241
0.616144	1.13449	1.47195
1.17237	0.493843	1.2846
0.652014	0.763851	2.06153
1.5491	0.346277	0.434932
0.676469	1.79966	0.306761
0.603958	0.850643	2.22517
0.675231	1.37012	0.817715
0.577904	1.63705	0.728325
0.300599	2.04426	1.48532
0.374969	2.20367	1.06062
1.3548	0.549033	0.506045
0.526666	1.86547	0.462393
1.5725	0.2531	1.14009
1.19926	0.293343	1.57782
1.49396	0.243843	1.34814
1.4822	0.330665	0.901687
1.55779	0.326058	0.664237
0.937291	0.39859	2.15357
1.15707	0.292608	1.65286
1.98209	0.174366	0.165278
0.172571	4.08183	0.175514
1.74024	0.232634	0.158948
0.153141	0.153141	6.15314
0.210111	0.163676	5.02178
0.630496	0.184768	3.44747
0.225718	2.22475	2.39272
0.301868	2.31864	0.679465
0.227019	2.17978	2.46437
0.262748	0.165401	4.89205
1.84283	0.184985	0.262069
0.177095	3.51893	0.839698
0.541566	0.199156	3.63413
0.184492	3.7146	0.499016
0.159098	3.45841	0.902527
1.70023	0.225704	0.266751
0.472657	0.83978	2.4991
0.455727	0.264379	3.66563
0.349187	0.16981	4.0715
0.427825	0.209815	3.76787
0.8597	0.386394	2.05588
0.17412	3.05846	1.36632
0.595833	0.254573	2.77354
0.361738	0.237003	3.83502
0.409458	1.92559	0.805334
0.198554	3.8765	0.315601
1.92902	0.168382	0.173335
0.185892	3.81269	0.360218
1.25933	0.342417	1.01313
0.286133	0.18441	4.61006
0.588944	0.213052	3.22477
1.97001	0.175702	0.166545
0.40742	1.18162	1.68678
0.560648	0.702616	2.27343
0.577983	0.246896	3.10907
0.196701	3.43979	1.04187
1.02454	0.778136	0.445131
0.743413	0.459405	2.09782
0.732417	1.25073	0.384197
0.1925	2.62349	1.54526
0.335104	0.167151	4.51525
0.346078	0.198192	4.15761
0.175057	3.19024	1.30969
0.186671	2.64709	1.50505
1.44905	0.412453	0.179444
0.218321	2.41608	1.98895
0.712912	0.206886	2.71176
0.176551	3.01136	1.37493
0.361491	2.01244	1.31699
0.93785	0.716738	1.10202
0.174047	3.64792	0.585799
1.63163	0.33734	0.194227
1.50991	0.226093	1.09114
0.820653	0.213465	2.5437
0.204085	0.166865	5.02176
0.176265	2.84061	1.38083
0.670495	0.210492	2.96722
0.185952	3.78338	0.398692
0.826632	0.53707	1.41952
0.176719	2.94741	1.37672
0.193981	2.57473	1.61667
0.25637	0.172896	4.81698
1.28735	0.474016	0.797418
1.30185	0.258665	1.33073
0.161537	3.32789	1.12985
0.843201	0.389256	2.16445
1.3299	0.441082	0.402453
0.529967	0.244557	3.25841
0.321632	1.22818	2.58712
1.07898	0.626954	0.485495
0.492486	1.80813	0.33672
1.65699	0.215131	0.528608
1.53837	0.217558	0.796106
0.479331	0.245058	3.36059
0.65276	0.214781	3.00792
0.495567	1.00212	1.63746
1.79228	0.204439	0.239391
0.374886	1.38794	2.18723
0.182685	2.7879	1.40092
0.364026	0.205873	3.94878
1.24167	0.654471	0.205027
0.275663	1.72399	1.50432
1.87827	0.18146	0.267022
0.995292	0.755849	0.604932
0.185164	2.72217	1.43702
0.334861	0.17445	4.45178
1.04904	0.793307	0.323591
0.419859	1.73931	0.96305
0.172471	4.02514	0.184864
0.896331	0.447449	1.47866
0.167784	3.57115	0.71163
0.999808	0.292905	1.80612
0.406111	0.964815	2.44334
0.164888	3.37839	1.06007
0.382409	1.43601	1.42362
0.755367	0.226984	2.60106
1.38149	0.333522	1.08653
0.563725	0.919713	1.65763
0.487651	0.87652	2.32654
1.55144	0.355368	0.186896
0.185182	2.70342	1.45035
1.8082	0.196284	0.174306
0.180719	3.13287	1.35199
1.76401	0.21606	0.178988
0.391667	0.201487	3.95648
1.16997	0.508177	0.778505
0.977707	0.569209	1.32725
0.299755	2.37423	0.707291
0.315533	2.52951	0.433174
0.186476	3.23705	1.29222
0.422214	1.09821	1.72653
0.376075	2.0192	0.871621
0.400722	1.15674	1.72657
1.01334	0.28592	1.58739
0.617227	1.47011	0.449874
0.606574	1.66977	0.192365
0.537051	0.941072	1.93095
0.526537	0.794864	2.40511
0.378207	2.08054	0.626126
0.193076	3.28381	1.25849
1.4908	0.204324	1.1484
0.585521	0.229204	3.10156
0.423163	1.03033	2.13888
0.328019	0.177663	4.3912
1.87651	0.195499	0.165287
0.543638	1.6307	0.398907
0.295913	2.15263	1.1654
1.91069	0.174184	0.208461
0.793309	0.323676	2.55859
0.657313	0.214932	2.84874
0.172905	3.98191	0.19942
0.532659	1.30017	1.47153
0.580659	0.896687	1.66116
0.189937	2.47996	1.77086
0.166905	3.58053	0.691108
0.644838	1.37993	1.00684
1.58032	0.31536	0.424635
0.340369	1.3451	2.28695
0.784995	1.01131	1.23642
0.181703	3.91571	0.250374
0.292842	0.167888	4.73395
0.56314	0.866507	1.86466
1.09492	0.600102	0.785757
1.06324	0.262025	1.98771
0.703104	1.065	1.3114
0.986682	0.343641	1.83632
0.622242	0.237537	2.84245
0.17624	3.62859	0.627405
0.779433	0.421377	2.18649
0.267839	0.179486	4.75016
1.2356	0.364037	1.17
0.162947	3.37068	1.06754
0.420382	1.77218	0.88673
0.760599	1.23757	0.504732
1.19705	0.673597	0.219547
0.317905	0.181952	4.30571
1.35786	0.365483	0.555684
0.688376	1.51852	0.208815
0.44337	1.87741	0.43964
1.1454	0.674825	0.263127
0.30368	0.190157	4.36945
0.184301	3.25239	1.27344
0.952265	0.27268	2.49832
0.676472	0.207866	2.90458
0.729498	1.1202	0.811106
0.405724	1.41054	1.38907
1.11183	0.221432	1.84214
0.349301	0.168105	4.22878
1.59997	0.232151	0.648591
0.343998	2.11324	1.26351
0.176719	2.94741	1.37672
1.05569	0.722269	0.637779
1.40138	0.287084	0.974209
0.181928	3.13745	1.35169
1.07574	0.512316	1.18823
0.528588	0.208524	3.36132
0.27033	0.182723	4.65678
0.25637	0.172896	4.81698
1.13163	0.6047	0.506601
1.18522	0.427676	1.17633
0.275896	1.9024	1.37505
0.683691	0.852873	1.59167
1.4065	0.377912	0.457489
0.607893	1.66885	0.1957
1.4774	0.331271	0.738864
0.426938	1.59415	1.21952
1.10729	0.521752	0.985813
0.297426	2.54441	0.524963
1.47097	0.213658	1.10043
0.947964	0.687428	1.39476
1.20766	0.579706	0.310044
1.42829	0.340542	0.42773
0.910317	1.00203	0.656098
1.36769	0.229866	1.35385
0.175326	4.06472	0.18063
1.21038	0.302239	1.36888
0.357954	2.4568	0.1873
0.526347	1.49407	0.772687
0.188089	3.61697	0.683262
1.87036	0.233289	0.187041
0.235437	0.199298	5.05649
0.346678	0.196818	4.59596
0.374271	0.200226	4.34184
1.66435	0.242815	0.592464
1.71726	0.232084	0.380022
0.239275	2.48208	1.91495
0.416392	0.222208	4.03947
0.825806	0.760216	1.3676
0.192425	4.01468	0.213922
0.859112	0.454324	2.10722
0.905791	0.326298	2.16465
1.05236	0.939687	0.274397
1.64198	0.252695	0.483167
0.195136	3.9695	0.238087
0.305214	2.71744	0.328021
0.2025	2.62019	1.57241
0.668653	0.786097	2.21399
0.766585	1.12203	0.541363
0.5744	1.66805	0.417122
0.58365	0.281936	3.38831
1.33062	0.396832	0.827827
0.793074	0.481335	2.46464
0.197834	3.21849	1.3284
0.70075	0.226666	2.88686
0.476245	0.264121	3.81839
1.06424	0.644618	1.03645
1.4382	0.264475	1.19102
0.552266	0.20996	3.75273
0.210014	2.37983	2.04051
0.194361	3.15942	1.35959
0.980637	0.825866	0.624765
0.199442	3.87983	0.314068
0.534535	1.58138	0.7774
0.325687	0.210754	4.81818
1.77165	0.233543	0.251562
0.191742	3.10355	1.37749
0.776717	1.36214	0.207885
0.455883	1.91281	0.53549
0.438605	1.00308	2.61245
0.557759	1.86017	0.19866
1.60374	0.327869	0.221309
0.626613	0.215119	3.47782
1.47894	0.253142	1.19178
0.676772	0.213946	3.28889
0.638676	0.295034	3.00159
0.334387	0.202989	4.67217
1.09657	0.532175	1.00605
0.444916	0.218017	3.91628
1.85224	0.218194	0.318949
1.29274	0.341868	1.29776
0.30314	2.3636	0.995873
0.192409	3.40387	1.09094
0.391133	1.95514	0.910305
0.741812	1.07912	0.83819
0.41098	2.0237	0.651139
0.355491	2.15487	0.72135
0.606301	0.215886	3.56373
0.224054	2.43856	1.95904
0.190841	3.51219	0.892648
1.36831	0.313076	1.36802
0.283782	2.23568	1.3666
0.52653	1.51347	1.14112
1.38778	0.509677	0.235356
0.191072	3.84414	0.334423
1.08124	0.666891	0.592488
1.16057	0.572816	0.735418
0.969057	0.261676	2.52672
0.204847	3.26461	1.30207
0.552827	0.277032	3.62234
0.384226	2.26324	0.362769
1.22978	0.232887	1.61183
0.886757	0.859782	0.685311
0.190046	3.66107	0.606962
1.40977	0.541515	0.222455
0.247904	2.55937	1.7882
0.566743	1.43628	1.32426
0.491529	1.02426	1.94013
0.507232	1.79212	0.489202
0.259534	2.16062	2.56025
0.870681	0.463221	2.08426
0.198681	3.30601	1.2451
1.21866	0.705057	0.275308
0.192551	3.77253	0.429906
0.316885	2.33102	0.686305
0.604402	0.318846	2.9844
0.702331	0.297233	2.7262
0.451632	0.215543	3.91628
0.464058	1.75063	0.750612
0.483002	1.4028	1.35577
0.308318	0.214842	4.77959
0.497541	1.55294	0.967416
1.19109	0.459282	1.27317
0.469056	2.01682	0.280297
0.483898	1.24158	1.53667
1.03929	0.265892	2.01341
0.289486	0.195703	4.97732
0.614468	1.70057	0.409901
0.825045	0.599633	1.64903
0.774539	0.322637	2.70364
1.11986	0.375952	1.41685
0.804778	0.228234	2.59901
1.5842	0.231977	0.878627
0.200819	3.57785	0.795467
1.5258	0.432559	0.202912
1.30738	0.566313	0.34735
0.376554	0.206203	4.22721
0.405664	1.04995	2.39261
0.646626	0.828554	2.13243
1.54509	0.280685	0.702092
0.99709	0.4935	1.45051
1.12641	0.891575	0.248019
0.258015	2.09727	2.61234
1.14299	0.548031	0.960092
1.50478	0.309875	0.53751
1.13762	0.52342	1.11776
0.363619	0.219689	4.14147
0.224548	2.2005	2.42815
0.221344	2.44636	1.93415
0.656667	1.32983	0.540756
0.626721	0.311594	2.80545
1.19984	0.372946	1.38005
0.273994	0.194656	4.99214
0.692375	1.41309	0.30712
1.0158	0.262257	2.31234
0.40324	0.197619	4.1231
0.641963	0.223773	3.43073
0.273391	2.31257	1.23816
0.473283	2.10028	0.194164
0.654076	0.285174	2.82259
1.56212	0.286347	0.579238
1.7505	0.240471	0.292547
0.896865	0.325226	2.30521
0.879171	0.332089	2.41331
1.02812	0.273851	2.27116
0.680802	1.26604	0.956486
0.534775	1.57943	0.773022
1.17908	0.243891	1.50241
0.428864	1.28526	1.71514
1.52995	0.306332	0.544546
1.31873	0.42982	0.612215
0.425058	1.94717	0.772487
0.820194	0.969975	0.687902
0.870787	0.563249	1.65826
1.16584	0.236478	1.60201
1.55514	0.299599	0.53424
1.74937	0.211635	0.56998
1.59062	0.229805	0.936918
0.502608	1.46646	1.30624
0.341611	1.72147	1.39775
0.373099	1.16136	2.42884
0.363565	1.29235	2.21794
0.729417	1.16632	0.956151
0.340029	1.53921	1.57499
0.23989	0.195117	5.05541
0.50593	1.74182	0.806507
0.265099	0.209249	5.01215
1.5341	0.423872	0.198687
1.33824	0.545825	0.622582
0.395548	0.238464	4.04755
1.29665	0.472561	1.0707
1.11845	0.281431	1.82664
0.310736	2.77446	0.416034
0.591035	1.77351	0.262404
0.206964	3.69298	0.596963
0.302436	2.46921	1.17728
1.02995	0.268073	2.17851
1.66934	0.261625	0.474201
0.507154	2.10624	0.214867
1.71287	0.323686	0.207476
1.50515	0.368337	0.51452
0.776257	0.602893	2.33897
0.989606	0.817388	0.694352
0.460156	0.973522	2.90182
1.01751	0.315185	1.99685
0.520094	2.03489	0.339154
0.415416	1.49883	1.41883
0.689174	1.20687	1.10424
0.895118	0.351993	2.31994
0.802357	1.05642	1.22067
0.528836	0.877884	2.37778
0.748001	1.34016	0.280507
0.20369	3.75559	0.483313
0.498647	1.2469	1.91771
0.36636	2.53435	0.252568
0.704404	1.42714	0.563166
0.93083	0.29912	2.54957
0.38844	0.872698	2.9898
0.846559	0.469385	1.93077
0.879364	0.684861	1.49495
0.204809	3.91384	0.293176
0.639304	1.80356	0.255757
0.567742	0.989501	1.75189
0.862784	1.01816	0.668973
0.563039	0.776391	2.60602
1.80932	0.210475	0.808503
0.552035	0.795018	2.59413
0.78169	0.696123	1.57644
0.474418	1.87057	0.496262
1.21239	0.633298	0.391853
0.393687	1.32565	2.23773
0.346549	2.26882	1.02634
0.457513	1.37773	1.58037
0.870458	0.418666	2.42718
0.699354	0.36096	2.7746
1.10393	0.613249	0.834571
1.48342	0.34292	0.855632
0.90464	0.938084	0.691105
0.406329	2.3233	0.340446
1.0387	0.744845	0.677608
0.462602	1.84282	0.743112
0.394943	1.38868	1.47645
0.259314	0.21222	5.01194
1.16897	0.26138	1.61375
1.48371	0.32674	0.667141
0.967654	0.709078	1.26314
1.62323	0.314548	0.278395
0.837439	0.947396	1.04201
0.826783	1.11876	0.425672
0.440732	1.70068	1.30697
0.359465	2.59176	0.280726
0.483458	1.64151	1.14972
0.402143	0.83213	2.9898
0.505827	1.93778	0.392783
0.267974	2.16057	2.57749
0.829866	1.00035	0.948939
1.65744	0.330533	0.271633
1.28461	0.547712	0.545767
0.600999	0.857227	2.10363
0.630118	1.66451	0.299962
0.505084	2.05652	0.241986
0.598568	0.853553	2.12531
1.53156	0.426146	0.198972
0.786796	0.452188	2.61617
1.05661	0.591413	1.11317
1.15004	0.631897	0.43885
0.677648	1.47964	0.775215
1.23567	0.524259	0.927501
0.347484	1.61031	1.59284
1.2449	0.446862	1.13354
1.42596	0.283182	1.27782
0.4326	1.99536	0.613602
1.19831	0.563374	0.727237
1.44088	0.353335	0.764433
1.83661	0.227258	0.382147
1.61112	0.270969	0.507717
1.13117	0.623889	0.723572
0.443238	1.13453	2.47568
1.36132	0.564004	0.275643
0.304093	2.87889	0.214743
0.219824	2.68663	1.5314
0.276063	2.22318	1.37816
0.639297	0.259825	3.2078
0.408276	0.621047	3.39688
0.496161	0.62024	2.79237
0.324671	1.90754	1.50535
0.289747	2.35502	1.22903
1.19225	0.582748	0.711703
1.47172	0.461646	0.283531
0.892949	0.340998	2.4732
0.433556	0.544464	3.64559
1.92	0.215321	0.208506
0.765394	0.25031	2.7097
0.451017	0.560949	3.49037
0.489703	0.819247	2.65518
1.12867	0.745217	0.254437
1.33753	0.416023	0.704027
0.277603	2.16647	1.399
0.729451	0.669388	2.19067
0.65792	1.3687	1.16999
1.86947	0.231715	0.243712
0.71369	0.795319	1.87528
1.26307	0.512991	0.876078
0.734686	1.32576	0.773327
0.655569	1.40456	0.923367
0.544965	0.973256	2.12722
0.44818	0.56745	3.45876
0.673901	1.57585	0.235474
1.4301	0.493813	0.299969
0.508205	1.74602	0.645715
1.15888	0.639239	0.496306
0.219696	3.73812	0.553631
0.629263	1.46982	0.477492
0.397014	2.13455	0.896862
0.205288	3.4512	1.04555
1.11125	0.43832	1.45041
1.36957	0.287401	1.38132
1.58565	0.391864	0.290054
1.44675	0.319502	1.02702
0.202295	3.2757	1.28609
0.596844	1.44644	1.05915
1.20458	0.475978	1.00274
0.856558	1.25144	0.292457
0.300225	2.72848	0.347507
0.400812	1.33477	1.67791
0.959444	0.283816	2.55156
0.798435	1.08606	1.27162
0.931118	0.892935	1.10791
0.203694	3.31103	1.2501
0.914496	1.13022	0.466052
0.553987	1.7032	0.372815
0.305827	2.781	0.222466
0.688823	1.19187	0.880905
0.693421	1.11848	1.31872
0.821355	1.13426	0.660875
0.531204	1.15592	1.68046
1.70146	0.274535	0.419113
0.567464	0.867657	2.09791
0.518076	1.75486	0.617942
0.563563	0.228502	3.73364
0.708057	1.14668	1.19564
0.986962	0.418333	1.76494
0.484471	1.41341	1.38324
1.03721	0.923583	0.220921
0.33456	1.55207	2.59268
0.562829	0.251207	3.74851
0.285251	2.30082	1.25064
0.305862	2.7531	0.323096
0.311063	2.3409	1.12817
0.922582	0.725168	1.28383
0.486092	0.993605	2.52723
0.206183	3.77212	0.464289
1.40919	0.335278	0.880809
1.22592	0.386906	1.40949
0.296299	2.27121	1.21688
1.27605	0.484753	0.592836
0.198075	3.60755	0.730221
0.316213	2.45145	0.832462
1.30574	0.662947	0.34259
1.14311	0.279094	1.60775
1.06722	0.273296	1.99006
1.12151	0.280902	1.57056
1.67981	0.309038	0.295779
1.39442	0.4805	0.531753
1.02202	0.932675	0.226023
0.331787	0.259367	4.48137
1.19899	0.276603	1.47144
0.863375	0.371067	2.53089
0.722298	0.663432	2.28048
0.844217	0.374092	2.48791
0.59568	0.914602	1.81133
1.28612	0.477572	0.939497
1.30183	0.506565	0.379729
0.255983	0.194476	5.00501
1.30854	0.439381	1.0837
1.36303	0.470136	0.734959
1.8101	0.202774	0.447579
0.261456	2.33321	2.29614
0.246009	2.4141	2.08021
0.318077	2.58839	0.602896
0.208089	3.46425	1.03031
0.802942	0.218023	2.90024
0.368214	0.197959	4.53024
0.562084	0.461729	2.99646
1.25629	0.527801	0.763794
0.8458	0.496998	2.12894
1.65387	0.224049	0.945075
0.19857	3.52772	0.885505
0.415593	1.32833	1.8999
0.197825	3.32651	1.21784
1.6913	0.239041	0.708435
1.9073	0.201977	0.22377
0.874841	0.493043	1.58223
0.840426	1.1632	0.325611
0.725009	0.881943	1.46725
0.278321	0.639429	3.82322
0.42411	0.18668	4.1135
1.27839	0.233826	1.41944
1.46632	0.408581	0.434442
0.373591	1.37775	1.85136
0.655646	0.304191	2.78925
0.808213	0.662066	1.67669
0.194878	4.03162	0.211637
0.576962	1.81672	0.203014
0.199314	3.90029	0.294665
0.749021	1.55581	0.302385
0.299934	0.696389	3.725
1.40659	0.38898	0.64172
0.293169	0.210708	4.97393
0.373026	0.615648	3.88832
0.696379	1.25586	0.550075
0.410553	0.195721	4.25034
0.198231	2.8877	1.40015
0.236553	2.3504	2.18582
1.20921	0.285402	1.55954
0.340921	0.20286	4.6774
1.60829	0.206768	1.16172
1.00406	0.629177	1.27786
0.391034	1.43815	1.71145
0.236406	2.28366	2.3182
0.900723	1.03485	0.35001
1.88028	0.202452	0.294241
0.240142	2.25696	2.37699
1.42644	0.287672	1.0897
0.35919	1.52978	2.155
0.317441	0.708411	3.61181
0.762727	0.559177	2.3416
0.394945	0.24991	3.98331
0.35976	0.85816	2.93003
0.34313	0.689284	3.62628
0.191673	3.84943	0.329842
0.980197	0.961348	0.285461
0.365509	2.04747	1.01352
0.59515	0.346991	3.07612
0.325712	0.205993	4.83262
0.24216	2.17199	2.5097
0.729739	1.08921	0.885398
0.448457	1.48473	1.39095
0.911132	1.04846	0.27002
0.386832	1.77843	1.38524
0.204173	3.25514	1.30956
1.07775	0.264911	1.97006
0.94733	0.44548	1.77222
0.781306	1.23751	0.244007
0.395583	2.12193	0.487137
0.384505	1.19418	2.56357
0.602936	0.226759	3.52147
0.387749	0.981832	2.74563
0.480008	2.09367	0.329519
0.307451	1.95458	1.53442
0.646353	0.213363	3.52389
0.535039	2.0053	0.245753
0.200659	3.80601	0.402653
0.715184	1.00333	1.31912
1.14201	0.732486	0.243846
0.487745	1.64556	1.29638
0.238516	2.4293	2.02407
1.63506	0.247564	0.862392
1.94069	0.192878	0.26073
0.636962	0.249296	3.29387
0.768148	1.13967	0.850794
1.58008	0.233882	1.14712
0.58693	0.848668	2.04456
0.243005	2.4983	1.89301
1.08794	0.40048	1.50476
0.498046	1.57826	1.27803
0.305137	0.797583	3.27606
0.197871	3.68646	0.583304
1.08003	0.745511	0.638951
1.07563	0.91214	0.226204
0.935029	1.02289	0.281104
1.94091	0.207769	0.187903
0.197097	3.73842	0.493448
0.362401	0.208049	4.42847
0.551449	1.54285	0.910609
0.650779	0.249973	3.18793
0.9263	1.12136	0.223019
0.196124	3.96364	0.242923
0.886031	0.351127	2.21039
1.42235	0.450688	0.470301
0.522129	1.6637	0.674006
0.497243	0.352791	3.44093
0.485713	0.20336	3.81024
0.193073	3.9922	0.223771
0.503561	1.51217	1.18705
0.475522	1.67671	1.31053
0.423542	0.215814	3.97254
0.501984	0.351021	3.42936
0.510295	1.69885	0.578726
0.630182	0.799517	2.22989
0.61514	1.7162	0.33787
1.0606	0.66258	0.99
0.679176	0.574158	2.59528
1.5453	0.2264	1.23046
1.0495	0.900327	0.533423
1.75015	0.222656	0.522049
0.973371	0.76659	0.894711
0.401947	0.850003	3.14703
1.3767	0.361512	0.8154
1.0109	0.241914	2.33723
1.76378	0.206935	0.695671
1.14956	0.676396	0.411017
0.483721	0.90589	2.66986
0.591303	0.819646	1.60666
0.446641	1.30168	1.41595
0.367802	0.208415	4.36966
1.03122	0.642697	1.11833
0.549271	0.76839	2.52341
0.614936	0.255477	3.35498
0.195542	3.59785	0.741431
0.258643	2.2037	2.5065
0.62338	1.7542	0.327184
0.68736	0.224669	3.10185
0.312958	1.90844	1.63106
0.716879	0.312997	2.68812
