1.05238	0.344786	1.59947
0.393342	1.31213	2.04654
0.309097	1.91363	1.67954
1.6622	0.2891	0.404644
0.893433	0.463144	1.82525
0.489893	0.248071	3.97058
0.915614	0.277581	2.63895
1.11524	0.706788	0.614239
1.01198	0.420971	1.70049
1.75211	0.245139	0.434537
0.646658	0.738492	2.17023
1.08698	0.639222	1.14106
0.685979	0.90132	1.4505
0.239431	2.16211	2.51571
0.372736	2.292	0.947826
0.962356	1.11727	0.52315
1.28655	0.542435	0.358311
1.81289	0.227682	0.528267
1.32001	0.570287	0.334865
0.465903	0.25426	3.99962
0.572782	1.60114	0.602012
1.57224	0.432608	0.2329
0.247472	2.44473	2.01918
0.980618	0.86007	0.863937
0.305933	1.83203	1.88883
0.750229	1.03621	1.28329
0.631134	0.825338	2.27928
0.24948	2.30904	2.3079
0.245753	2.34903	2.21691
0.49174	2.12471	0.215738
0.524377	1.54829	1.20148
0.569864	1.87085	0.210098
0.379197	1.38329	1.98238
0.880932	0.430647	2.10056
1.19042	0.275848	1.63075
1.37053	0.444568	0.831133
0.652515	1.2188	1.28365
0.607401	1.45366	0.733717
0.791198	0.296902	2.78498
0.986284	0.922068	0.563551
0.599806	0.332071	3.41982
1.34051	0.515449	0.609419
1.71573	0.374093	0.255277
0.325143	2.5989	0.582533
0.700908	0.718823	1.88371
0.810575	0.247613	2.8931
0.434831	1.77366	1.27064
0.770112	1.06073	1.1829
1.46856	0.511349	0.239694
0.439023	1.27444	1.47977
1.09295	0.64225	1.12298
0.613207	1.73864	0.20823
0.542218	2.00305	0.222989
0.850963	0.415456	2.47781
0.779554	1.12931	0.678998
1.41547	0.342368	1.15428
1.10721	0.806386	0.48493
0.485136	1.49111	1.33697
1.29706	0.47262	0.894399
1.53895	0.298468	1.09025
1.51429	0.369609	0.588981
0.805627	0.449262	2.43837
0.991803	0.327392	2.37302
1.26162	0.460453	1.02997
0.429204	1.1042	2.35573
1.255	0.525348	1.04223
0.205929	3.98288	0.247477
0.658124	1.34024	0.926317
0.528687	1.52867	1.30673
0.308328	1.82447	1.9217
1.44179	0.218711	1.42028
1.43398	0.376436	0.708685
0.793545	0.439487	2.70947
1.54836	0.50995	0.266212
0.844132	0.235122	2.87734
0.533051	1.56537	1.03108
1.17525	0.439361	1.36956
0.864263	0.352549	2.67904
0.353974	1.42475	2.24165
0.649657	1.40805	0.822743
0.500626	1.67564	0.980361
1.04404	0.761307	0.724971
1.01517	0.27022	2.54639
0.732229	1.0724	1.16255
0.376108	2.4727	0.410065
1.33845	0.58695	0.269185
0.818869	0.362268	2.66157
0.567645	1.19351	1.47203
0.739904	0.28077	2.92399
0.516452	0.950407	2.41153
0.621043	0.276505	3.54937
0.431855	2.24311	0.44241
1.02043	0.790584	0.763096
0.755426	0.349105	2.66133
0.710463	0.647055	2.49757
0.694081	0.260269	3.22365
0.99345	0.900147	0.585111
0.509838	1.72996	0.837838
0.877616	0.798706	1.4099
0.674673	1.45771	0.552257
1.09873	0.883704	0.282393
0.59483	0.39573	3.12869
1.18675	0.332796	1.45199
1.23855	0.609506	0.502607
0.550884	0.354282	3.63608
0.672354	0.830097	2.02523
0.423445	1.20784	2.34974
1.01826	0.900721	0.469662
0.753815	1.25909	0.630478
0.456679	1.31596	1.52982
0.705701	0.346194	2.80728
0.729558	1.33954	0.45059
0.506381	1.09275	2.0558
1.08112	0.254794	2.57465
0.903636	0.957265	0.744509
0.947604	0.529157	1.71669
0.927096	1.17121	0.433604
1.05105	0.318017	1.88982
0.229685	2.5339	1.78354
0.691306	1.03588	1.39712
1.05223	0.33022	1.83789
0.590173	0.252196	3.83129
0.483655	0.238069	4.01627
0.405071	2.34693	0.363742
1.44709	0.460795	0.371643
1.04078	0.298348	2.11085
1.09186	0.688459	0.930534
1.08653	0.966048	0.345404
0.235486	2.81053	1.46591
0.784247	1.08332	1.05197
0.480209	2.19014	0.246593
0.660953	0.338662	3.03856
0.43919	2.19443	0.367847
0.892603	0.304922	2.62126
0.727195	1.54657	0.230022
1.31934	0.312702	1.44171
0.704425	1.53251	0.46271
1.54513	0.409337	0.401284
0.590173	0.252196	3.83129
0.606425	0.371465	3.12115
0.177452	3.82965	0.321777
0.179787	4.12227	0.180541
1.6919	0.183912	1.0472
1.91276	0.211808	0.179617
0.238401	2.44539	1.98936
0.187188	2.90934	1.38753
0.183655	2.80984	1.39565
0.241413	2.17121	2.50899
0.597821	0.367151	3.28992
0.314497	0.208591	4.80705
0.370193	0.281214	4.12106
0.190902	3.8957	0.282904
0.349027	0.203261	4.51021
0.326391	0.19817	4.70575
0.466935	1.79786	0.580018
0.309797	1.02154	3.02604
1.618	0.264909	0.416063
0.334881	1.37041	2.35098
1.5039	0.523378	0.335186
0.179787	4.03446	0.191689
0.909344	0.443194	1.91577
0.190335	3.09537	1.37791
1.78907	0.229699	0.311273
1.34667	0.41762	0.706644
0.707226	0.23569	3.17473
0.186886	3.7513	0.447278
0.541978	1.68007	0.487483
0.669071	0.261733	3.18129
1.23412	0.466365	1.13747
0.348507	0.20535	4.40548
0.284061	2.50507	0.763099
1.37888	0.380708	0.863449
0.192999	3.65375	0.628668
1.94586	0.187194	0.216704
0.406478	1.4748	1.51504
1.97038	0.192674	0.211779
0.60006	0.905936	1.56911
1.47916	0.315324	0.712394
0.230439	2.22536	2.40418
0.191705	3.22965	1.30846
0.189798	3.32605	1.19996
0.740497	0.36212	2.66235
0.187514	3.51701	0.873791
0.190928	3.3814	1.12293
1.70743	0.212162	0.557855
0.861701	0.409727	2.56069
1.0005	0.248367	2.59134
0.558786	0.857046	2.13906
0.442646	1.09958	2.45242
0.346414	0.189458	4.63068
1.86115	0.212724	0.192109
0.417973	2.1027	0.47216
0.259717	0.202459	4.99315
1.31519	0.342183	1.22262
0.483066	2.0238	0.373537
0.294752	2.38091	0.854141
0.323754	2.06757	1.23901
0.235784	2.3199	2.2459
0.188824	3.71845	0.504152
1.54726	0.301146	0.478442
0.219933	2.62382	1.60869
0.508256	1.56204	0.936291
0.289191	2.53931	0.700414
0.269587	0.200966	4.99035
0.361533	1.92437	1.11247
1.17852	0.513353	0.963437
0.898355	0.826969	0.805116
1.14983	0.30737	1.71286
0.318054	0.197275	4.90673
0.954571	0.710976	1.27918
0.402518	1.70333	1.25394
0.436109	1.60138	1.27028
0.37552	1.94185	1.00296
0.597821	0.367151	3.28992
0.196377	3.60946	0.721612
0.59302	0.571972	2.84423
0.341353	0.201742	4.58152
0.96093	0.958984	0.34502
0.301004	0.193648	4.916
1.80516	0.210037	0.255629
1.89479	0.197413	0.263339
0.447986	1.43401	1.42218
0.838038	0.951073	1.08221
1.74932	0.2182	0.403021
0.295309	1.57475	2.27089
1.58041	0.304005	0.353444
0.38494	1.23246	2.74751
0.486442	2.00878	0.346355
0.225779	2.29418	2.26704
1.65498	0.237569	0.744828
0.17979	4.04071	0.190246
1.4438	0.289148	1.08462
0.981321	0.286919	2.48339
0.177452	3.82965	0.321777
1.29963	0.432422	0.592313
1.02709	0.449319	1.67957
1.84124	0.218832	0.211593
0.238615	2.26553	2.35767
0.380847	0.19642	4.23201
1.00616	0.294255	1.82351
0.927363	0.345721	2.18737
1.67568	0.217205	0.8466
1.06492	0.809632	0.199443
0.17982	4.12225	0.180576
0.522238	1.06268	1.56688
0.216571	2.75009	1.47076
0.670469	1.17563	0.918468
0.365064	1.8889	1.23194
0.393453	0.196281	4.03852
0.183176	3.17886	1.33111
0.377476	0.209358	4.32391
0.673417	0.417312	2.96465
0.230015	2.23568	2.38596
1.13181	0.666291	0.388746
0.418994	1.20081	2.12802
1.04435	0.688767	0.783718
1.82831	0.209896	0.371334
0.280558	2.34882	1.17867
0.4601	0.39623	3.89541
0.218051	2.74683	1.47551
1.11365	0.746147	0.197746
0.936713	0.355739	2.08893
0.616459	0.495316	2.79042
1.20697	0.603616	0.292081
0.415546	0.186505	4.03368
1.02165	0.631079	1.46531
0.368563	0.239322	4.344
0.312446	2.67644	0.406552
0.380847	0.19642	4.23201
0.187064	3.47007	0.960734
1.55183	0.267623	0.834653
0.716912	1.16226	0.644572
0.450052	0.853747	2.87542
0.575192	1.526	1.06255
0.188337	3.87047	0.301253
0.693003	1.06873	1.34148
0.819699	1.0114	0.650683
0.884631	0.546269	1.86973
0.94324	0.514619	1.61842
0.394586	0.780828	2.93492
0.759084	1.00677	1.30159
0.517182	0.801961	2.50287
1.22502	0.555114	0.749386
0.488216	1.75873	0.505937
0.675931	0.534711	2.6888
0.414952	2.5662	0.242127
1.39789	0.361311	0.858898
0.80391	1.13402	0.287951
0.443594	1.31547	1.68729
1.42219	0.299387	0.959133
0.193075	3.56285	0.801761
0.422816	1.4928	1.39524
0.793126	0.347162	2.72697
0.19043	3.43375	1.03519
0.734537	0.374665	2.71877
0.339772	2.66237	0.220707
1.09818	0.285727	1.89076
0.449388	1.19612	1.7311
0.886471	0.941322	0.480638
0.458224	1.26405	1.47551
0.342615	1.41644	2.20988
0.241009	2.60748	1.68604
1.2905	0.445865	1.09075
0.201484	3.62533	0.706204
1.63867	0.212058	1.05867
1.08222	0.628601	1.0643
0.183176	3.17886	1.33111
0.671615	0.428255	2.88372
1.64367	0.245212	0.65652
1.1256	0.546292	0.82161
0.724577	1.14923	1.23078
0.192237	3.43961	1.02994
0.383677	0.197103	4.4468
0.210162	3.44815	1.06415
0.787191	0.551926	2.23316
0.282683	0.212858	5.01129
0.427868	1.23763	2.31579
0.538078	1.38722	1.25257
0.331003	0.214715	4.71628
1.34917	0.375886	1.08356
0.961763	0.957867	0.279053
0.208952	2.81272	1.42769
0.473952	0.251582	3.90253
0.701008	0.300965	3.03621
1.31859	0.487423	0.397394
1.85048	0.206935	0.356515
1.51542	0.293394	0.646827
1.14749	0.250323	2.00242
0.859599	0.735903	1.34526
0.306383	2.46686	0.89206
1.13003	0.827866	0.374364
0.722379	0.313986	2.70646
0.423951	2.2036	0.4562
0.447073	0.268219	3.90207
0.808286	0.377933	2.55488
0.201933	3.1756	1.36273
0.285506	2.60068	0.751532
0.302278	2.57859	0.612791
0.316861	2.72582	0.228912
0.312699	0.228626	4.79042
0.198191	3.62672	0.694016
0.598495	0.256476	3.76785
0.687183	0.305161	2.83865
0.712482	1.01701	1.27629
0.36021	0.253371	4.34359
0.889127	0.679692	1.44999
0.82179	0.425771	2.05469
0.19505	3.49881	0.930134
0.541334	0.80977	2.15167
0.921006	0.917327	0.527776
0.875582	0.756121	1.25734
0.951879	0.37092	1.71259
0.444384	1.86165	1.09339
1.43967	0.276219	1.29438
0.812138	0.592889	1.8891
0.568401	0.356965	3.30685
1.54302	0.21518	1.32554
0.347915	2.15573	0.86686
0.544262	1.9398	0.232165
0.305312	0.225478	4.93346
0.627363	0.289968	3.39032
0.520383	1.62489	1.01421
0.410151	2.25054	0.34755
0.4841	1.32002	1.39591
0.555556	1.82133	0.273892
1.1917	0.508447	0.9655
0.56518	0.848441	1.83029
1.60811	0.28346	0.809334
0.324679	1.36187	2.26241
1.27889	0.534988	0.442276
0.418779	2.28666	0.264058
1.22142	0.363335	1.4083
1.07347	0.31018	1.67496
0.549143	1.55822	0.903121
0.274461	2.35888	1.29779
1.27342	0.402616	1.25271
0.629668	1.47146	0.638898
0.385883	0.214944	4.23665
0.656156	1.20653	1.13689
1.58192	0.293923	0.522662
1.10639	0.288649	1.96021
1.69502	0.280088	0.479038
0.357178	1.16395	2.41486
0.296351	2.92494	0.218667
1.06703	0.668328	0.746697
0.760969	0.651149	1.85196
0.197236	3.84778	0.343422
0.202909	3.69408	0.58379
0.343117	2.05063	1.1885
0.99388	0.621917	1.30885
1.82201	0.25764	0.196404
0.195347	3.60636	0.724539
0.399297	1.12266	2.38318
0.939934	0.411875	1.78471
0.767487	1.10439	0.727015
0.19893	3.56501	0.81476
0.67609	1.18402	1.10944
0.30776	2.5206	0.559617
1.02628	0.229556	2.51662
0.842121	0.579455	1.76105
0.983127	0.452751	1.40083
1.04378	0.293903	1.97708
1.00812	0.656957	1.16936
0.346295	0.328776	4.3904
0.360515	0.343296	4.15335
0.193603	3.28129	1.26235
0.380338	0.231632	4.11615
0.202157	3.31879	1.23735
0.608581	0.873128	1.55847
1.02185	0.278444	2.44375
0.579108	1.29453	1.28051
0.393098	2.00914	0.876569
0.428218	2.38246	0.217747
0.197515	3.72314	0.519426
0.748117	0.63609	1.96346
0.867619	0.788208	1.16729
0.374296	1.73468	1.43309
0.906477	1.14375	0.210439
1.30332	0.572514	0.233432
1.41551	0.377363	0.685212
1.74701	0.252959	0.301392
1.56908	0.257312	0.941276
0.629668	1.47146	0.638898
0.607985	1.65599	0.514838
0.589811	0.346956	3.31193
0.315327	2.66157	0.28964
0.633379	1.60706	0.28704
0.915196	1.06483	0.287283
0.201146	3.40148	1.11762
0.39375	1.52598	1.40409
0.515499	1.61289	1.04913
0.675135	0.280563	3.12163
0.364823	0.222934	4.21452
0.469531	2.08424	0.330528
0.50404	1.78191	0.507324
1.39807	0.431039	0.539741
0.197887	3.78324	0.427516
0.303265	2.79224	0.262815
0.411572	1.90028	1.16634
0.209526	2.7538	1.45672
0.733888	0.574389	2.28578
1.72771	0.228786	0.755838
0.310169	2.51696	0.583905
0.370685	1.98267	1.15517
0.438453	1.98837	0.44663
0.893364	0.889811	0.743532
0.385057	1.1606	2.38176
0.315327	2.66157	0.28964
1.16595	0.501076	1.12193
1.04059	1.03656	0.277228
1.45888	0.345785	0.868829
1.08817	0.798082	0.558263
0.197887	3.78324	0.427516
1.64879	0.284865	0.508991
1.18348	0.249203	1.81201
0.179374	4.16325	0.179391
0.81612	1.26429	0.238546
0.345912	0.220702	4.66934
0.203421	2.61711	1.5787
0.382648	2.28655	0.353056
0.224021	2.70584	1.52051
0.439143	1.68579	1.27616
1.79196	0.257247	0.280481
0.327799	0.250944	4.76047
1.62417	0.241937	0.889371
0.616804	0.271856	3.39615
0.76835	0.250514	2.83043
0.269076	0.215981	5.04814
1.20223	0.5077	0.907531
0.342879	1.60324	2.19936
0.575729	0.904096	1.52651
0.643359	0.226733	3.60042
0.453109	2.08664	0.320776
1.60024	0.235172	1.10872
0.203814	3.54866	0.860618
0.716696	0.22524	3.15316
0.481678	1.75198	0.966448
0.657421	0.233647	3.44604
0.550036	0.80845	2.54392
0.707391	0.230705	3.25867
0.310462	2.74856	0.311384
0.496295	0.238183	3.99551
0.63784	0.228121	3.53201
0.689086	0.245491	3.09393
0.333168	0.265039	4.48017
1.353	0.35546	0.968327
1.10363	0.266223	1.84484
1.42815	0.283784	1.309
0.700228	0.248459	3.03704
0.355249	0.265925	4.27501
0.696028	0.23155	3.20337
0.319698	0.237772	4.90869
0.201999	3.71548	0.544281
0.703648	0.255031	2.97413
0.408863	2.12182	0.49763
0.355249	0.265925	4.27501
0.506787	1.63516	0.920663
0.205854	3.76267	0.477855
1.2238	0.246814	1.6466
0.858597	0.371041	2.15041
1.17156	0.583953	0.786167
0.977844	0.73186	0.926784
1.38133	0.448339	0.441782
0.66216	0.231803	3.32783
0.602249	0.235342	3.76986
0.756702	0.629218	2.39866
0.204001	2.79216	1.42864
1.87066	0.210396	0.355429
1.6546	0.359243	0.273853
0.49751	2.0353	0.229123
0.589402	1.18882	1.46285
0.892361	0.320717	2.46586
0.701529	0.267476	2.78997
0.540282	0.899501	1.72941
0.527104	0.240709	3.85927
0.511855	0.241664	3.8567
0.771268	0.637752	2.24341
0.56746	1.40315	1.12861
0.565424	0.25104	3.70458
0.660927	1.5023	0.753717
0.198707	3.63096	0.687503
0.428464	0.99556	2.6598
0.36347	1.99545	1.20869
1.24351	0.603178	0.305403
0.351549	0.261183	4.38532
0.746199	1.06951	1.02727
0.22033	2.57737	1.68068
0.349859	1.93481	1.35765
0.936221	0.421936	1.69916
1.41025	0.436954	0.360634
1.73598	0.264479	0.425466
1.33369	0.349488	1.33065
0.790661	1.14337	0.480982
0.304458	2.64339	0.495881
1.57091	0.366472	0.256829
1.58444	0.329699	0.398794
0.443149	1.97848	0.572373
0.866969	0.525591	1.93634
0.74818	0.270606	2.7164
1.32917	0.37505	1.01042
1.53529	0.353497	0.359473
0.476394	1.52551	1.37869
0.870512	0.269001	2.62148
0.563286	0.254226	3.70584
0.548572	1.88283	0.237548
0.518195	1.56225	1.032
0.29451	2.42039	1.08496
1.55617	0.262659	0.921982
0.726885	1.21976	0.66901
1.85453	0.254	0.202641
0.838283	0.490297	2.08279
0.673409	1.11896	1.16533
0.64557	0.275694	2.91976
1.04669	0.346232	1.65063
0.738395	0.299423	2.68987
1.02662	1.12602	0.421078
1.13258	0.252787	1.8714
0.976132	0.659029	1.18706
1.30902	0.614731	0.249477
0.386411	0.245699	4.04696
0.462352	1.79116	0.961291
0.272422	2.14502	2.60084
0.604098	0.7933	1.73457
0.99409	0.241051	2.58219
1.24613	0.227097	1.73577
0.884564	0.544929	1.69767
0.640226	1.44842	0.855251
0.308895	2.17869	1.2924
1.17323	0.572936	1.23093
0.940301	0.410586	2.08966
1.48978	0.223679	1.41163
0.684838	0.699006	2.50131
0.778259	0.703246	1.90855
0.459116	1.84362	0.627594
0.585254	1.41783	0.876428
0.786867	0.649839	2.08227
0.524876	0.962188	2.14654
0.68746	0.956624	1.40035
1.2866	0.406757	1.03448
0.550575	1.81676	0.29149
0.505495	1.94617	0.325595
0.84005	0.359879	2.45569
0.33568	0.236129	4.45257
1.27194	0.399955	1.2689
1.67173	0.278301	0.30941
1.28301	0.480964	0.638638
0.455272	1.47013	1.39464
0.95884	0.290396	2.42533
1.39359	0.422884	0.427435
0.266981	2.48194	2.00102
0.167841	4.14314	0.167901
2.09762	0.169697	0.168124
1.36523	0.168651	1.48785
2.02478	0.176045	0.167776
0.201872	0.201872	6.20187
0.240386	0.196771	5.06438
0.353383	0.206114	4.49477
1.76614	0.210751	0.409878
0.362235	0.187068	4.26459
1.70981	0.187636	1.02523
0.523007	1.67528	0.307856
1.62286	0.270775	0.400625
1.56132	0.347594	0.287865
0.498646	1.46301	1.20349
0.171709	2.94378	1.37171
0.181924	3.73485	0.459962
0.462691	1.78703	0.558087
0.22382	2.71412	1.51235
2.04705	0.172154	0.177021
0.532389	1.60331	0.57635
0.936195	0.660921	1.1673
0.295369	2.55444	0.502699
1.46168	0.195203	1.33933
0.169779	3.96894	0.200464
0.329634	0.205321	4.76186
0.405149	0.198931	4.16304
0.765229	0.231578	2.96068
0.349441	0.198131	4.66386
1.06549	0.276621	2.20508
0.407946	1.01695	2.55336
1.14361	0.720321	0.354801
0.17102	3.21233	1.28492
0.987866	0.312023	2.41371
0.316791	0.202047	4.88307
0.176764	3.56911	0.741828
1.50586	0.366238	0.237569
0.239606	2.45339	1.97614
0.692358	1.30569	0.379668
0.350776	0.209308	4.57561
0.556607	1.51454	1.05301
0.569381	0.819598	2.05867
0.805672	0.558963	1.83794
0.75903	1.17221	0.325685
0.229265	2.51564	1.81727
0.284563	2.80614	0.244457
0.678941	0.303693	3.0263
1.0092	0.453802	1.64417
0.353776	2.03305	0.969504
0.218653	2.15791	2.47418
0.413869	0.19829	4.04384
0.394943	0.209449	4.07242
1.20164	0.221346	1.94529
0.746327	0.287957	2.84775
0.181091	3.87255	0.285098
1.19691	0.583401	0.489644
1.24773	0.230389	1.72602
0.175447	3.05112	1.36919
1.2352	0.719234	0.251932
0.175294	3.51102	0.849641
0.909622	0.43391	1.82283
0.172648	3.15687	1.32756
0.997454	0.769642	0.975206
0.175294	3.4846	0.899938
0.170995	3.34148	1.13326
0.924344	0.379083	2.27434
1.27743	0.270172	1.39688
0.610996	0.720181	2.15755
0.506063	0.918061	2.02315
1.54016	0.28428	0.358166
0.379351	0.204318	4.22992
1.82594	0.187634	0.265467
1.08085	0.639578	0.546579
0.25725	2.67895	0.362501
0.17579	3.92331	0.235029
0.634417	0.266109	3.58861
0.169964	3.65385	0.563754
0.545298	1.66826	0.324738
0.82214	0.216565	2.76919
0.201146	3.82884	0.374359
1.30972	0.400944	1.30619
0.172244	3.38693	1.06548
0.221032	2.35245	2.13344
0.390292	1.40354	1.3954
1.84468	0.178377	0.681318
0.701376	1.07521	0.911812
0.455925	1.82898	0.360964
0.63564	1.21955	1.07923
0.240524	2.12086	2.56193
0.167841	4.13693	0.167959
1.42805	0.2568	1.10518
1.01269	0.791377	0.751357
0.185722	3.44143	1.00874
0.435465	1.91637	0.638829
0.303585	0.197492	4.96579
0.424127	2.00813	0.268611
1.36443	0.358973	0.823986
0.365843	2.22034	0.364737
2.00285	0.179373	0.167979
1.79567	0.199445	0.598186
0.892452	0.598997	1.59483
0.59792	0.833016	1.78598
0.779027	0.234756	2.77172
0.273675	2.06128	1.39402
0.652568	1.27392	0.670984
0.171023	3.30587	1.18303
1.33874	0.372204	0.789871
0.245644	0.193613	5.06346
0.842002	0.344649	2.62936
0.725532	1.35367	0.188505
0.171039	4.0511	0.177785
0.765662	0.322191	2.66599
0.174187	3.62201	0.633767
0.953656	0.385599	1.76166
0.439968	0.284773	3.95365
0.18978	3.43199	1.03648
0.176633	3.12305	1.35036
0.493347	1.57443	1.3354
0.848936	1.16213	0.173268
0.448894	1.35139	1.52898
0.180088	3.2662	1.25056
0.171039	4.0511	0.177785
1.90268	0.182155	0.22066
0.299733	1.96996	1.44118
1.09051	0.241515	2.1125
0.340104	1.98724	1.07714
0.216972	2.48669	1.83785
0.808792	0.261787	2.72035
1.98148	0.185227	0.169961
0.382251	1.50525	1.37973
1.23047	0.387865	1.43823
0.217458	2.40285	2.01456
0.471079	0.264055	3.87162
0.892914	0.434645	1.89507
1.10691	0.593943	0.451424
0.174582	2.8857	1.37527
0.781872	0.970358	0.697904
0.285192	2.30333	1.17677
1.12884	0.500157	1.40983
0.28729	2.25369	1.28062
0.713914	0.230374	3.38992
0.511782	1.91089	0.168638
1.02711	0.333047	1.76164
0.43723	1.06411	2.32902
0.559768	0.220297	3.81026
0.718581	0.258053	3.09054
0.319675	2.49409	0.769871
0.687684	1.13535	0.859686
1.16531	0.227509	2.00204
0.973529	0.477555	1.42988
0.590793	0.272273	3.73602
1.00256	0.255043	2.35857
0.19217	3.79381	0.399158
0.89397	0.526387	1.56108
0.46122	1.24776	1.60758
0.224492	2.61841	1.62753
1.67816	0.248703	0.31438
0.448788	0.274749	3.95139
1.44267	0.441586	0.354031
0.300591	2.65072	0.314393
0.810272	1.09159	0.515621
0.973768	0.333096	2.26241
0.175447	3.05112	1.36919
0.310911	0.212412	4.80451
1.86953	0.184498	0.270584
0.450963	1.12916	1.98121
0.542673	0.946817	1.95718
0.180118	3.26844	1.24818
0.724854	0.227125	3.38914
1.79542	0.169077	0.8183
0.18233	2.81363	1.39305
0.706234	0.311293	2.84762
1.87374	0.178808	0.26534
0.482375	0.255097	3.86974
1.68542	0.271319	0.181053
0.289048	2.38485	0.977254
1.17583	0.231203	1.49118
0.282357	2.1937	1.34869
0.285789	0.196346	4.99128
0.745602	1.09357	0.627744
1.644	0.232111	0.558087
0.585455	1.03638	1.37523
1.32417	0.449623	0.984013
1.29815	0.257384	1.41593
0.653348	0.94424	1.37584
1.03475	0.630201	1.1013
0.575865	0.217153	3.81093
0.263664	2.86529	0.177206
0.485444	1.39144	1.3726
0.363787	2.08786	0.809133
1.12232	0.391968	1.56687
1.51552	0.371263	0.229165
1.0404	0.631506	1.09614
1.08973	0.20559	2.45885
0.179374	4.16325	0.179391
0.604573	0.307148	3.58685
0.433705	0.201204	4.0326
1.44531	0.250295	1.4551
0.797393	0.263256	2.74042
0.348101	1.43109	2.11522
0.765891	0.245718	2.92901
0.955383	0.331115	2.50062
1.30222	0.40232	1.1652
0.523402	1.45402	1.26394
0.275417	2.68472	0.596488
1.3599	0.455263	0.645552
0.311854	0.263717	4.75176
0.18887	3.98839	0.219393
1.05677	0.861531	0.746767
0.616623	0.306184	3.44963
1.39352	0.522497	0.357798
0.287353	3.03812	0.203571
1.49939	0.346925	0.695778
0.941602	0.664752	1.38214
0.896061	1.07939	0.28933
0.720393	1.00514	1.34675
0.290081	2.76754	0.448985
0.197088	3.73089	0.505589
0.702582	0.225379	3.53761
0.984483	0.737226	1.05267
0.239217	2.58151	1.72442
0.632003	0.741916	1.917
0.201126	3.82197	0.382921
1.53767	0.235344	1.36432
0.41151	0.216362	4.04682
0.860923	0.232927	2.73175
0.562429	0.936806	1.8731
1.6252	0.287702	0.406083
0.594734	0.808505	2.07684
0.241572	2.21609	2.44737
1.17016	0.555758	0.751214
0.469343	2.12595	0.230346
0.646227	0.759995	1.7621
0.197127	4.06098	0.206942
0.539167	1.56606	0.8886
0.447041	1.88695	0.920533
0.616908	0.843089	1.81762
0.330092	0.245497	4.66083
0.377668	0.250158	4.26728
0.21041	3.48006	1.00846
0.291004	2.92434	0.237922
0.576943	0.770056	2.28757
0.920902	0.366969	2.01762
0.675264	0.257357	3.16401
0.804353	0.408644	2.47608
1.7472	0.287157	0.19024
0.193401	3.78542	0.413632
1.13177	0.263102	2.18591
1.96438	0.181975	0.235631
0.832018	0.636477	1.53673
1.2663	0.320546	1.42387
1.22204	0.223084	2.1991
0.231813	2.65357	1.59638
0.532668	1.62105	0.781727
0.549891	0.379223	3.25626
1.9314	0.210831	0.181977
0.33224	0.287479	4.57436
0.741644	0.341765	2.66142
0.23869	2.45825	1.96299
0.41624	2.09829	0.686263
0.190493	3.50747	0.900622
0.305993	0.269291	4.84384
0.816042	0.600721	1.57508
0.491689	1.99988	0.305713
0.19187	3.70055	0.542323
0.402439	1.83431	1.29034
0.278745	2.83486	0.300906
0.313464	0.249144	4.90101
0.338377	2.28382	0.775091
1.06949	0.426684	1.43989
1.70763	0.233696	0.943801
0.744856	0.48071	2.55769
0.316906	0.250652	4.84026
1.95555	0.18597	0.253926
0.184654	3.9106	0.259358
0.239253	2.35364	2.1874
1.67799	0.27244	0.568312
1.51489	0.297358	1.10374
0.746968	1.37372	0.311647
0.496369	1.65166	1.03865
0.817679	0.225411	3.02669
0.733241	0.23525	3.09615
0.642051	1.78005	0.30979
0.754027	0.89188	1.46366
0.759657	1.14241	0.600554
0.452003	1.10476	2.05424
0.237763	2.40409	2.07574
1.86757	0.185119	0.483213
1.22874	0.542218	1.21157
0.438707	2.0128	0.465943
1.24275	0.713201	0.282291
1.72177	0.250388	0.558554
0.423133	1.80206	1.02141
0.361323	1.3361	2.23622
0.426609	1.12809	2.23712
1.01284	0.357898	1.84893
0.382592	1.4028	1.78763
0.335526	0.224814	4.69162
0.269124	0.207092	5.01293
0.597968	0.309738	3.16549
0.567834	0.35168	3.25161
0.193631	3.86049	0.322031
0.443869	2.05299	0.359761
0.263475	0.218881	5.01872
1.11827	0.29065	1.81383
0.392769	1.27013	2.38063
0.285388	2.77868	0.41198
0.683294	1.67868	0.229483
0.791299	1.11594	0.673707
0.242272	2.41905	2.05783
0.831944	1.236	0.32835
1.64594	0.234356	1.10482
1.17647	0.513682	1.33461
0.842307	0.721468	1.50108
1.91261	0.206156	0.209144
0.182502	3.88676	0.274968
1.76688	0.222054	0.624341
0.235844	2.48893	1.89036
0.197127	4.06098	0.206942
0.459482	1.95926	0.469639
1.89761	0.191673	0.403146
0.75357	0.223579	3.09141
0.885806	0.688827	1.40073
0.728018	1.32503	0.533135
0.787772	1.18494	0.496605
1.20015	0.58484	0.543388
0.879923	1.05756	0.412421
1.69276	0.344609	0.299226
0.276073	2.53383	1.01482
1.38376	0.358265	1.12852
0.432086	1.21703	1.9455
0.846783	0.279989	2.63489
1.26273	0.630996	0.23065
1.72945	0.159398	0.880987
1.87777	0.186945	0.156265
2.0296	0.161412	0.15738
0.167841	4.14314	0.167901
0.23562	0.186149	5.04558
0.60448	0.318064	3.31612
0.346225	2.33047	0.921259
0.625264	0.363572	3.00656
0.186494	2.86596	1.38928
0.32435	2.41576	0.557717
0.318959	2.25004	1.06062
0.182696	3.53423	0.826625
0.590745	0.27166	3.67935
0.185	3.60909	0.689258
0.37742	1.31798	1.93236
0.185929	2.9821	1.38577
0.199153	3.13492	1.37707
1.42671	0.32354	0.96749
0.284309	2.7668	0.25384
0.687885	0.307254	2.92273
0.292336	2.58651	0.543504
0.191385	3.2179	1.31744
1.01131	0.775274	0.61874
0.30825	0.232137	4.73097
0.576881	0.331143	3.60415
0.513015	1.01439	2.21087
0.668548	1.08208	1.32767
0.356732	2.14806	0.623434
0.402174	1.24047	1.66106
0.20829	3.39328	1.14875
0.564602	0.343288	3.49517
1.68765	0.240431	0.290658
1.64166	0.271693	0.320088
0.18826	3.05035	1.38399
0.674182	0.279247	3.15625
1.83328	0.196146	0.167833
0.415186	2.07379	0.637611
0.484573	1.6242	0.825801
1.93957	0.175331	0.158722
0.270682	2.48681	0.744843
0.459759	1.51551	1.35811
0.623582	0.230855	3.1856
1.15992	0.714135	0.270407
1.90702	0.175177	0.164288
0.392839	1.96603	0.945208
1.35832	0.233787	1.40994
0.338515	0.204518	4.6835
1.99766	0.164025	0.166318
0.521184	0.277165	3.84817
1.75232	0.222502	0.172894
0.17974	3.96776	0.215615
0.775377	0.579423	2.30692
1.21034	0.21532	1.82737
1.46589	0.368954	0.674983
0.289112	0.214332	4.9605
0.195218	3.8431	0.34443
0.271459	0.247123	4.84582
0.264229	0.254997	4.84505
0.532243	1.55651	0.838565
0.423649	0.276809	3.95119
0.679761	0.614682	2.39511
1.77629	0.218913	0.176399
0.398821	2.01232	0.769496
0.495922	1.77824	0.54599
1.08969	0.282862	1.99304
0.535296	1.04727	1.78647
1.71552	0.236144	0.225205
0.441495	1.29941	1.39295
0.186544	3.79846	0.379848
0.449173	1.92087	0.530171
1.97624	0.16442	0.182731
1.87697	0.186927	0.156339
1.60725	0.268612	0.508841
0.557228	0.341268	3.55519
0.185637	3.40495	1.07123
0.185355	3.86808	0.297689
0.192317	3.17803	1.34635
0.248431	0.406223	4.56619
0.330548	1.87688	1.34455
0.890042	1.18782	0.267897
0.843083	0.654647	1.59476
0.472501	1.4287	1.37706
0.546802	1.73252	0.315192
0.645504	1.02064	1.42118
0.346047	0.224033	4.38541
1.28004	0.479585	0.565372
0.496494	1.5997	1.04662
0.924472	0.335104	2.34965
1.06742	0.692297	0.701286
1.52035	0.26544	0.834519
1.95951	0.16274	0.192775
1.14804	0.878549	0.273078
0.5715	1.35388	1.23003
0.65263	0.366305	2.85627
1.56723	0.257809	0.651634
0.870895	0.810003	1.19796
0.680518	0.378611	2.70668
0.455286	1.68177	1.11765
0.319806	2.46588	0.407079
0.725607	0.591555	1.99304
0.987421	0.292062	2.52048
0.383717	0.200304	4.25008
0.398161	2.54409	0.225067
0.179952	4.04983	0.18854
0.436062	1.93256	1.17872
0.179292	4.03559	0.190805
0.188148	3.66301	0.598111
0.444763	1.8034	1.01399
0.950628	0.546786	1.48664
0.264885	0.454824	4.06309
0.187814	3.77652	0.412693
0.957251	0.297023	2.43732
0.436734	0.265053	3.94982
0.351002	2.18555	0.658503
0.736918	0.895118	1.38394
0.455286	1.68177	1.11765
0.199174	3.70739	0.550418
0.282265	2.80483	0.190559
0.351177	0.20261	4.61107
0.801486	0.569267	2.11863
1.07112	0.664941	0.791698
1.0627	0.36821	1.68356
0.302382	0.270179	4.46057
0.62749	0.397288	2.84487
0.186608	4.11819	0.187875
0.796364	0.256238	2.76164
0.181647	3.73048	0.466079
0.563836	0.262721	3.756
1.10017	0.238022	2.08341
1.80782	0.194587	0.514683
0.821423	0.248504	2.75864
0.700614	0.346945	2.6681
0.287885	2.65057	0.463654
1.03875	0.430007	1.46609
1.89194	0.18489	0.157484
0.178775	3.93512	0.232301
0.428286	2.03166	0.451607
1.40162	0.408644	0.802182
0.885333	0.908608	0.921283
0.384029	0.276939	4.07282
1.29447	0.570652	0.433597
0.206596	3.45047	1.05041
0.507762	1.86406	0.312028
0.793652	0.476214	2.47349
0.380261	0.204899	4.28188
2.02741	0.163309	0.159534
1.02973	0.787572	0.467442
0.375357	2.20407	0.507059
1.33047	0.270017	1.36191
1.40019	0.268339	1.29828
1.05091	0.251953	2.02699
0.18506	3.92364	0.250448
0.538291	0.247843	3.82727
0.859903	0.346363	2.54852
0.936518	0.316575	2.55045
0.185929	3.01437	1.3847
0.307321	0.312373	4.16616
0.358556	0.199439	4.45583
0.364085	0.204826	4.34777
0.673218	1.15648	0.82073
0.628266	1.60525	0.572394
0.244299	0.418255	4.5834
0.783945	0.701134	1.5694
1.23967	0.511716	0.511993
0.610727	1.21336	1.1552
1.38194	0.47283	0.325097
1.6661	0.299951	0.20568
1.54638	0.215398	1.31719
0.430904	2.05716	0.232739
1.53845	0.260101	0.831992
0.415244	1.83127	1.21838
0.287107	0.203672	4.99416
0.808193	0.536066	1.75642
1.02648	0.337505	2.18339
0.558227	0.282641	3.76624
0.249766	0.477083	4.15151
0.185944	2.8183	1.39641
0.695562	1.39269	0.504913
0.982744	0.829244	0.580725
1.82024	0.207885	0.161818
0.832137	0.39095	2.59112
0.749043	0.802413	1.4129
0.47504	1.85136	0.405501
1.37683	0.354951	0.944729
0.827574	1.39534	0.248529
0.539596	1.13512	1.59311
1.19935	0.816734	0.264676
0.586363	0.318683	3.70957
0.913331	0.331352	2.5834
0.938955	1.01176	0.657545
0.439742	1.2024	2.36239
1.01196	0.897902	0.652167
0.878778	0.287754	2.69749
0.739766	0.316046	2.82737
0.709807	0.920005	1.50061
0.367981	2.4504	0.733473
0.810799	0.655311	2.01829
0.245195	2.80155	1.48525
0.364117	2.2341	1.14817
0.635484	0.337963	3.24944
0.762217	1.09846	1.23481
0.716031	0.324368	2.82318
1.31768	0.374516	1.43228
0.809646	1.3119	0.274825
0.799075	0.665025	2.01587
0.359761	2.39412	0.912476
1.22504	0.368743	1.46198
0.801605	1.09067	0.865862
0.933335	0.707125	1.44074
0.391801	2.75593	0.269869
0.747486	0.738338	2.01632
0.388139	2.64383	0.358888
1.10349	0.371741	1.66366
0.527786	1.17789	1.55094
0.771411	1.42653	0.279542
1.27704	0.409846	1.38999
1.5003	0.398932	0.705715
1.17452	0.562503	1.37318
0.256096	2.73756	1.55293
1.28219	0.486525	1.3092
0.472651	1.78144	1.23875
0.841541	1.06653	0.911134
0.633212	1.05491	1.44791
0.412645	2.46956	0.347018
0.595434	1.55671	0.921137
1.0577	0.784896	0.795277
1.18763	0.329511	1.5202
1.11227	0.32958	1.83795
0.388139	2.64383	0.358888
0.197534	3.82567	0.370209
0.201872	0.201872	6.20187
0.201872	0.201872	6.20187
0.573207	0.232944	3.74625
0.250957	2.45164	2.01534
1.40819	0.411077	0.421198
0.921335	0.293762	2.54651
1.61412	0.259063	0.798107
1.06202	0.680896	1.21072
1.65226	0.237899	0.96524
0.319089	2.41012	1.05108
0.389386	2.06829	0.846928
0.20271	3.37733	1.15884
1.82155	0.221691	0.816365
0.834985	1.25835	0.201981
0.243232	2.32034	2.26733
0.946384	0.256803	2.58421
0.447462	1.99885	0.46734
0.457151	1.55306	1.3564
1.04596	0.232998	2.42556
1.24757	0.406798	1.35339
0.584995	0.737053	2.5355
0.47841	0.206344	3.85328
0.472873	1.33872	1.40737
0.72011	0.247131	2.86417
1.59189	0.254149	0.852387
0.662842	0.243326	3.23516
0.818722	0.564109	2.18068
0.668933	0.284524	3.0771
0.354881	1.63866	1.61741
1.34917	0.524727	0.366719
0.595478	0.272203	3.40836
0.756825	0.212999	2.98477
0.309234	0.220022	4.94231
0.210853	3.6578	0.672067
0.975469	0.624958	1.42134
0.40892	0.205936	4.14493
0.336605	1.40946	2.3119
0.290104	2.67812	0.552088
0.804741	0.592921	2.08633
0.638317	1.40632	0.896073
0.512207	1.30126	1.66464
1.27738	0.375198	1.19025
0.502412	1.50547	1.35416
1.7921	0.213679	0.879443
0.25069	2.20874	2.48063
0.735015	1.02533	1.2208
0.495871	2.12477	0.213515
0.895805	1.11299	0.215718
0.859517	1.06272	0.400784
0.650151	0.235883	3.34207
1.01216	0.293889	2.13891
0.542466	1.8659	0.225749
0.302751	0.221322	4.94057
1.3727	0.555662	0.204306
0.235937	2.34831	2.18827
0.69868	0.929835	1.51133
1.75592	0.217668	1.02719
0.764277	1.17636	0.53286
0.996258	0.261381	2.3706
0.292512	2.78349	0.339399
0.620822	0.238018	3.50382
1.29887	0.500725	0.508481
1.08696	0.334974	1.52083
0.69171	0.83622	1.68696
0.607411	0.240808	3.60186
0.475205	0.216351	3.93533
1.26702	0.484276	0.684472
1.16796	0.299534	1.57295
0.44137	1.95294	0.619893
0.330267	2.72378	0.300212
0.247212	2.80836	1.48463
0.611348	0.966616	1.43492
1.21494	0.269139	1.52322
0.679361	0.812652	1.72377
0.410816	2.21721	0.402323
0.374237	2.15585	0.770147
0.714608	0.258045	3.12632
0.624573	0.787613	2.28421
0.598523	0.757805	2.3993
0.207157	3.74756	0.50499
0.205503	3.58821	0.789178
0.710825	0.225354	3.20157
1.15445	0.462649	1.25918
0.85339	0.222965	2.66733
1.12875	0.233144	2.24041
0.219103	2.73221	1.48823
0.782661	0.229157	2.9304
0.607411	0.240808	3.60186
0.886871	0.389487	1.93846
0.407918	0.216353	4.03801
0.87855	1.084	0.33096
0.295254	2.92729	0.215447
1.06808	0.278802	1.89124
0.597859	1.70007	0.350515
0.632555	1.44647	0.530205
1.13649	0.664452	0.519569
1.10844	0.295503	1.60922
0.305542	2.90608	0.238787
0.95538	0.315072	2.10816
0.42296	2.52837	0.238756
0.474361	1.6739	1.00719
0.457697	2.03651	0.39927
0.362172	0.229547	4.42669
0.424907	1.74097	1.35455
0.757739	1.21894	0.638193
0.380124	0.231045	4.20333
0.993027	0.272051	2.23093
0.636813	0.240523	3.49873
0.705225	1.20248	0.97045
0.960523	0.260411	2.50547
1.78391	0.222629	0.624245
0.369286	0.229982	4.32836
0.464824	1.82031	0.909885
1.27049	0.446741	1.05159
1.38476	0.335278	1.21779
1.5507	0.371684	0.260401
0.726998	1.13427	1.10039
1.69595	0.258035	0.45969
1.72178	0.299281	0.243271
0.632368	0.826822	2.05744
0.780788	0.231369	2.74998
1.48115	0.325952	0.95853
0.809426	1.00546	0.925585
1.56894	0.239285	1.35185
1.49223	0.286027	1.11041
0.312505	2.27044	1.33488
0.994329	0.606606	1.47674
0.76962	1.27883	0.361064
0.551364	1.85921	0.206712
1.17418	0.452993	1.2988
0.675538	0.226277	3.34234
1.44535	0.260625	1.36062
1.46574	0.330403	0.763787
1.53643	0.256912	1.31676
1.5077	0.32253	0.780008
0.779099	1.09019	0.889141
0.417018	2.13612	0.472931
0.312505	2.27044	1.33488
0.177452	3.82965	0.321777
1.71721	0.306673	0.197173
0.392389	0.222646	4.03546
0.272564	0.433366	4.42293
0.538959	1.706	0.431983
0.360949	2.41107	0.38657
0.250824	2.7225	1.55736
1.62731	0.267331	0.69392
1.66683	0.260631	0.578917
1.4143	0.330618	1.0541
0.976359	0.356175	1.95591
1.00822	0.36206	1.77069
1.17465	0.515132	1.22161
0.331688	2.59453	0.344732
0.433469	1.24577	1.71067
0.210969	3.60727	0.768416
0.214592	2.46559	1.8734
0.621183	0.773002	1.7899
0.316297	2.82199	0.215534
0.354139	0.300551	4.37234
0.292417	0.532257	4.10921
0.948399	0.356187	2.12113
0.320209	2.31775	1.07794
0.599318	0.872572	1.51075
0.211908	2.77476	1.44842
1.21513	0.789668	0.240061
0.4916	1.47566	1.35464
1.34401	0.586835	0.266758
0.611825	0.753219	1.89795
0.446006	0.81889	2.57547
0.288476	2.28699	1.27927
0.197534	3.82567	0.370209
1.43779	0.40546	0.658954
0.435654	1.27508	1.58474
0.347993	0.307787	4.53015
1.19838	0.330014	1.44305
0.739503	0.550804	2.69241
1.38607	0.271625	1.5062
0.331955	1.50635	1.99882
0.380655	1.53606	1.56735
0.526015	1.62539	0.847167
0.380452	2.3552	0.601083
0.660465	1.09612	1.32504
0.708909	0.714819	2.40122
1.05989	0.701397	0.752424
1.35989	0.401721	0.977717
1.23926	0.236949	1.64028
0.818264	0.577311	2.04699
0.401899	2.03073	0.862501
0.459409	1.06737	1.73352
0.24648	2.27099	2.36982
0.3706	0.245392	4.20429
1.11808	0.597783	0.813728
0.568778	0.437271	3.07149
0.205759	3.78112	0.449842
0.313262	1.58029	2.42833
1.09253	0.268168	2.09693
0.642122	0.394075	3.08796
0.85412	0.467153	1.92073
1.73502	0.238586	0.588649
0.438048	1.04428	2.53274
1.0785	0.235172	2.33785
1.02807	0.254244	2.2546
0.79862	0.62458	2.06114
0.641953	1.22321	1.19562
0.390886	0.215637	4.15995
0.777148	0.653839	2.2138
0.569359	0.825198	1.8734
0.973841	0.385276	1.61381
1.30983	0.538548	0.48718
0.880309	1.00014	1.09119
0.515794	1.76784	0.475785
1.16308	0.573147	0.76033
0.916868	0.249328	2.59392
1.2718	0.606434	0.308096
0.448329	1.14893	1.67197
0.487956	2.0035	0.313095
0.542006	1.57431	0.850584
0.673608	0.333551	3.02615
0.747268	0.274947	3.01693
0.466796	1.66098	1.2357
1.32272	0.333351	1.33025
0.834356	0.4677	1.99947
0.198365	4.07714	0.205326
0.909394	0.320681	2.31038
0.346217	0.286917	4.59915
0.395418	2.55969	0.255728
0.550119	0.892549	1.90659
0.869979	0.45569	1.92035
0.412881	2.11252	0.712749
0.209769	2.50568	1.77937
0.527054	1.77914	0.3849
0.400355	1.34577	1.63382
0.220222	2.66359	1.55792
1.48012	0.318172	1.01016
0.675934	1.3561	0.634819
1.83985	0.239489	0.283066
0.748516	0.919667	1.48031
0.222324	2.54508	1.74198
0.390739	2.09901	0.992545
0.922087	0.947464	0.720775
0.780079	0.656013	2.18604
0.220222	2.66359	1.55792
0.266859	0.400897	4.73552
0.370556	2.0583	1.12586
1.57316	0.380178	0.24028
1.58977	0.232355	1.16119
0.4738	1.93763	0.380689
1.10517	0.740035	0.364909
0.203728	3.46458	1.01759
1.45816	0.240762	1.35398
0.554899	1.91806	0.200174
1.75368	0.23199	0.57371
0.412633	1.14308	2.20022
0.371163	1.40579	2.25404
1.54221	0.257219	1.24016
0.883084	0.966465	1.09126
0.326416	2.52355	0.481457
1.26269	0.238377	1.52569
0.906826	0.383027	2.11844
0.733881	0.678522	2.40131
0.178775	3.93512	0.232301
0.427564	0.192106	4.14711
0.197431	0.197431	6.19743
0.197431	0.197431	6.19743
0.19388	4.03249	0.210082
0.206091	3.16271	1.37535
0.86831	0.888499	1.07817
0.769673	0.204557	2.92794
1.47567	0.303697	1.09179
1.83593	0.21971	0.359587
0.624287	0.232557	3.59419
0.954447	0.414436	1.69673
1.5653	0.258273	1.11344
0.205155	3.54411	0.873299
0.838551	0.345087	2.58892
0.969458	0.475187	1.43967
1.51244	0.327902	0.720351
1.0033	0.300982	2.1128
1.80799	0.250036	0.215708
0.320472	2.28041	1.25185
0.792963	0.692042	1.41613
0.306795	2.50482	0.859601
0.612115	0.252614	3.41356
0.448305	0.232847	3.89747
0.824241	0.233254	2.66163
0.548441	0.825587	2.16923
0.682971	1.16155	1.189
1.13788	0.2041	2.36427
1.05881	0.724283	0.696174
1.72918	0.267652	0.391298
0.322896	0.206705	4.85624
0.710218	1.22241	0.786399
0.228889	2.46053	1.9278
1.43113	0.599117	0.252541
0.934963	0.257282	2.56162
0.746933	0.233449	2.98864
1.15814	0.257086	1.56102
0.193631	3.86049	0.322031
0.570683	0.844785	1.90887
0.239328	2.76569	1.4985
0.201238	3.27074	1.28898
0.318041	2.42096	0.856672
0.806786	1.00542	0.978777
0.665339	0.338261	2.74026
1.7211	0.223185	0.780793
0.90016	1.10887	0.533869
0.30503	2.77616	0.24417
0.562622	0.217748	3.7835
0.279222	2.14563	1.40725
0.57848	0.92671	1.63397
1.59543	0.365882	0.29494
0.744729	0.225869	3.14859
1.89313	0.211614	0.282063
0.721657	0.253305	2.85089
0.390359	1.06279	2.4059
1.03052	0.238773	2.50521
0.480454	1.53992	1.25424
0.31789	0.208775	4.91761
1.68094	0.215199	1.08814
0.590133	1.31539	1.19461
0.446201	1.8653	0.838491
0.292587	1.75616	1.87524
0.472883	1.94823	0.499822
0.636016	0.253777	3.2287
1.29447	0.458345	0.934478
0.737464	0.408022	2.60672
0.30671	2.32472	1.26093
0.276411	1.62194	2.24609
0.507846	0.213499	3.8297
0.884323	0.372248	2.30462
0.876663	1.32891	0.283867
0.300794	2.29846	1.32963
1.36957	0.389012	0.952547
1.17186	0.752547	0.272085
0.892855	0.400273	2.14562
0.909982	0.931651	0.627387
1.21813	0.526208	0.887528
0.658691	0.21745	3.52304
1.0403	0.285663	2.05945
0.516057	1.92001	0.287304
0.806425	0.215617	2.82058
0.565002	1.20804	1.53922
0.700088	0.313085	2.73704
0.603079	1.27669	1.15137
0.495278	1.7533	0.639836
0.324021	2.73827	0.329513
0.62587	1.67375	0.449918
0.196182	4.10477	0.19919
0.769642	0.96446	1.08465
0.206917	2.66251	1.5306
0.576252	0.786564	2.43309
0.39179	0.216906	4.16519
0.205638	3.69333	0.592668
0.653239	1.44146	0.658164
0.915887	1.13291	0.495102
1.0173	0.876865	0.35342
1.6146	0.319955	0.38083
0.503602	1.83543	0.518803
0.53353	1.42422	1.33346
0.725051	0.227802	3.0754
1.04811	0.29575	1.95737
0.633083	0.218419	3.69928
0.82008	0.420224	2.30084
1.27794	0.464371	0.924314
0.655587	0.22872	3.38831
1.1884	0.558675	0.762878
0.765859	0.214859	3.03767
1.64379	0.242111	1.21231
0.608289	0.223275	3.70521
1.8717	0.202255	0.511063
0.602931	1.70878	0.255582
0.527622	1.5689	0.960729
0.325288	2.58913	0.608017
0.636986	0.223602	3.53642
1.1033	0.311107	1.5944
1.62799	0.22143	1.38125
0.524239	1.78195	0.371133
0.395404	2.12415	0.741106
0.597028	1.55285	1.013
0.502871	1.60378	1.14723
0.692121	0.220432	3.31811
0.415866	1.97756	1.02351
1.24617	0.235462	1.72724
0.405744	1.99202	0.842814
1.10868	0.202259	2.4484
0.195838	4.10883	0.198435
0.696922	0.236505	3.19265
1.20119	0.236439	1.74904
0.592013	1.02876	1.4478
0.228889	2.6126	1.64708
0.691591	0.230699	3.31821
1.26221	0.232719	1.79108
1.09785	0.604038	1.12308
1.67429	0.223177	0.898844
1.07068	0.755075	0.364337
0.761263	0.238932	2.82598
0.203472	3.3611	1.18434
0.577267	1.36906	1.16453
0.510912	1.02972	2.22569
0.459858	1.13063	1.79386
1.08777	0.27209	1.98689
0.555187	1.49005	1.14896
1.12953	0.58517	0.956336
