0.185501	3.7506	0.444861
0.185623	4.11977	0.186754
2.00682	0.185557	0.215896
0.186621	0.186621	6.18662
1.97093	0.198274	0.183751
0.249426	0.200055	5.03559
0.186621	0.186621	6.18662
0.249393	2.36932	2.18597
0.188405	3.26121	1.27281
0.279945	0.200182	4.99835
1.64038	0.268313	0.476959
0.386805	0.196833	4.37397
0.436601	0.192689	3.93563
0.231743	2.75047	1.49654
0.960649	0.224692	2.5412
0.981759	0.289062	2.04797
0.216929	2.42527	1.96501
1.51186	0.27247	0.879077
0.846042	0.942583	1.30241
0.641442	0.319006	2.93654
0.333904	2.28658	0.629741
1.14841	0.223843	2.25202
1.1187	0.357829	1.40442
0.459334	1.10965	1.75939
1.05137	0.25335	2.33429
0.298945	0.202991	4.84404
0.30281	0.239264	4.75645
0.187807	3.17416	1.34146
0.308061	2.92262	0.211583
0.708011	0.216529	3.16637
0.669102	0.188407	3.60885
0.375756	0.215046	4.03638
0.623525	0.223859	3.29956
0.808707	0.322033	2.47044
0.34904	2.81997	0.224882
0.427927	0.923152	2.707
0.194215	3.52614	0.875844
0.349666	0.221993	4.5182
0.382219	1.4955	2.1084
0.186798	3.97444	0.222859
0.237002	2.68935	1.56432
0.200967	3.32647	1.22506
0.219601	2.58352	1.66873
0.862858	0.894189	1.03458
1.30921	0.447849	0.613692
0.364195	0.216598	4.29525
0.228156	2.7165	1.51848
0.466216	1.06904	2.65381
1.09968	0.547998	1.13976
1.0747	0.599033	0.750828
0.325886	2.64778	0.2743
0.188808	2.9975	1.3884
0.187283	3.90754	0.266431
1.90711	0.208058	0.223688
1.00384	0.775805	0.833411
0.300458	2.14219	1.431
0.372514	2.53291	0.234139
1.23612	0.565914	0.540138
0.590448	1.3106	1.46054
0.195868	3.63145	0.678383
0.946125	0.302581	2.41656
0.339447	2.09472	1.25036
1.05267	0.659518	0.949218
0.64297	0.233199	3.13489
0.423526	0.204592	4.11653
0.513042	1.62997	0.764462
0.735152	0.239442	2.80209
0.188484	3.07772	1.37971
0.519704	0.867873	2.23934
0.488901	0.833519	2.41548
1.41892	0.415328	0.282867
0.417083	0.192523	4.23228
0.189999	3.59904	0.722968
0.546265	0.232018	3.82351
0.701251	0.196894	3.42798
1.17423	0.219655	1.93975
0.55394	0.246684	3.74405
0.681642	0.242231	2.8513
0.472311	1.0122	2.0757
0.755464	0.202884	3.03907
1.61033	0.211751	1.07209
0.545481	1.67427	0.350898
0.193233	3.78663	0.41154
0.189053	3.80626	0.375487
1.20649	0.239457	1.57554
0.374221	1.96052	0.99887
0.612933	0.808055	1.8376
1.24424	0.431691	0.960559
0.399849	2.2175	0.274477
0.784685	0.622267	1.62785
0.194262	3.15725	1.36051
0.717599	0.21147	3.03836
0.18923	3.09492	1.37663
0.474382	1.93454	0.326477
1.94068	0.216972	0.194244
0.833963	1.23098	0.228611
0.613743	0.222757	3.4653
0.196913	3.3688	1.15711
0.744594	0.237622	2.73235
1.02625	0.707727	0.635465
0.202494	3.40703	1.11224
0.790442	0.625757	1.58167
1.06718	0.969896	0.36325
0.560876	1.46109	1.07383
0.827181	0.223532	2.61686
0.897393	0.375169	2.00339
0.503713	1.1667	1.72744
0.661097	0.1927	3.65435
0.440563	1.82065	1.04063
0.398614	1.20063	1.96227
0.761631	0.973915	1.34919
1.29248	0.540014	0.21418
0.390472	2.06472	0.643919
0.186798	4.04925	0.196916
1.68944	0.221149	0.516271
0.290608	2.49045	0.871612
0.317307	0.205939	4.66921
1.44374	0.279801	1.31636
1.53229	0.260056	0.947561
1.7289	0.187443	1.08004
1.74747	0.219085	0.648253
1.83852	0.20293	0.348572
1.6785	0.223852	0.779844
0.393464	1.27444	1.97629
0.728621	1.15166	0.617509
0.579664	1.38736	1.05796
0.870273	0.504052	1.93374
1.54316	0.228653	1.21596
0.746667	1.08484	0.939984
0.37745	2.60928	0.216938
0.189705	2.97167	1.38968
0.529254	1.59359	0.801827
1.97657	0.197499	0.268191
0.469686	1.88892	0.461556
1.21274	0.218012	1.88973
1.34281	0.347529	1.14353
0.892593	1.04311	0.203527
0.608397	1.35702	1.07856
0.535125	1.16921	1.51071
0.355893	2.02351	1.17057
0.520396	1.52307	0.860168
0.627122	0.225438	3.28117
0.18763	4.02054	0.205571
1.56642	0.223876	1.25469
0.191105	3.67645	0.582288
1.94879	0.194649	0.322309
1.81778	0.214518	0.374712
1.33216	0.389041	0.78487
0.921888	0.850759	1.02916
0.338009	0.212325	4.53576
0.657101	0.741102	2.05196
0.578908	0.204195	3.70212
0.573299	1.41547	0.777211
1.86137	0.198454	0.292516
0.463504	2.00693	0.485814
0.187518	3.74594	0.45705
0.410659	1.30919	1.55462
0.774687	1.36738	0.236316
0.726162	1.33913	0.324793
0.928699	0.82176	0.710139
1.28104	0.521118	0.470645
0.733033	1.0249	0.988427
0.639818	1.29565	0.825022
0.827295	0.310998	2.47099
0.342604	2.18397	1.01193
0.879621	1.22701	0.300037
0.652206	1.43218	0.356905
0.290608	2.49045	0.871612
0.778555	0.511504	1.89633
0.231385	2.57395	1.71611
0.31513	2.86431	0.208978
1.39986	0.37846	0.605828
0.650319	0.220285	3.53082
1.03683	0.695841	0.636696
0.461152	1.73419	0.914197
0.681294	0.787878	1.55964
2.00605	0.186017	0.216268
0.387676	1.57714	1.80325
0.190944	2.86472	1.39434
1.45177	0.31852	0.891594
0.318939	0.196152	4.83735
0.461627	1.83755	0.687668
1.01014	0.614468	1.21831
0.49259	1.73879	0.68781
0.464768	1.87532	0.492127
1.46384	0.288637	1.20998
0.418875	0.172624	4.03493
0.363953	0.360719	4.10769
1.31399	0.422817	1.12471
0.55458	0.29753	3.82178
1.20731	0.547134	0.986807
0.210264	3.35426	1.21005
0.252219	2.27841	2.37257
1.01223	0.958117	0.521738
0.25719	2.33648	2.27696
0.2138	3.61434	0.76308
0.240243	2.55307	1.77803
0.412805	1.19351	2.22194
1.74386	0.236496	0.560454
0.897772	0.66683	1.55049
0.822087	0.469364	2.51655
0.222392	2.70063	1.52236
0.659625	1.60877	0.272721
1.06078	0.697236	0.954826
0.793673	0.579952	1.98347
0.908292	1.02775	0.397637
1.27354	0.412091	1.24178
0.502578	0.985242	2.35188
0.297301	1.62009	2.42671
0.432338	1.18454	2.15504
1.71736	0.319249	0.236027
0.314538	1.72138	2.20188
0.356206	1.23426	2.58604
1.22674	0.646256	0.260005
0.587177	0.900362	2.11249
0.46873	1.27125	1.66104
1.4082	0.527882	0.583874
0.4928	0.300297	3.86666
0.725375	0.364762	2.76917
0.297301	1.62009	2.42671
0.672136	0.682812	2.79103
1.65329	0.332838	0.288723
1.62437	0.238331	1.0879
1.38095	0.383146	1.20654
1.09677	0.798802	0.260589
0.641044	1.1343	1.43153
1.13712	0.762476	0.490368
0.826677	1.16193	0.641496
1.45591	0.320819	1.26375
1.24466	0.50586	0.982866
0.418669	1.53573	1.40836
0.689598	1.10275	1.23662
1.77614	0.23709	0.443698
0.310927	1.65241	2.39224
0.427014	2.03821	0.846761
0.882076	0.372749	2.31389
0.712098	0.833123	1.51699
0.999192	0.909865	0.690217
0.584713	1.4656	1.02506
1.32312	0.599411	0.582644
1.60013	0.385158	0.28899
0.845159	1.03827	0.622669
0.305382	1.73506	2.11905
0.454694	1.90033	0.817087
1.43099	0.495389	0.451036
0.342791	1.51785	2.08991
1.01902	1.07666	0.32749
0.966015	0.443763	1.74345
0.485579	0.288709	3.93257
0.855731	0.72947	1.61257
0.432643	1.83559	1.24253
0.474256	2.21196	0.221481
0.248383	2.55223	1.80293
1.5879	0.281455	0.71173
1.38448	0.394589	0.760586
0.773314	1.06521	1.07586
1.1631	0.506998	1.34849
1.17283	0.630878	0.520518
0.866766	0.805643	1.44922
0.88339	0.736722	1.46417
1.19486	0.344274	1.41785
0.394711	1.69572	1.4013
1.52841	0.349217	0.352854
0.514411	2.01375	0.247416
0.825357	1.00216	1.19365
0.493994	1.37738	1.39638
0.418875	0.172624	4.03493
2.01146	0.180703	0.171479
0.170545	4.02041	0.183644
1.79756	0.23377	0.171063
0.31064	0.236546	4.81163
0.287676	2.81264	0.265235
0.623388	0.284764	3.14748
0.181403	3.84266	0.315766
0.59138	0.48132	3.00513
0.196885	3.93766	0.260724
1.03358	0.778594	0.532274
0.192526	3.10621	1.37773
1.05107	0.268452	2.41854
1.61925	0.201992	1.06271
0.244875	0.220923	5.06901
0.186746	3.74634	0.454482
1.74758	0.210691	0.489446
0.579888	0.28369	3.47159
0.217253	2.5327	1.75022
0.553576	1.8097	0.249137
0.363299	2.21775	0.693423
0.706221	0.555159	2.30485
1.1174	0.836361	0.226053
0.338309	0.181657	4.63556
1.77771	0.213177	0.322159
1.00874	0.924253	0.569195
0.487106	1.33142	1.40589
0.201253	3.46263	1.01418
0.190804	3.1977	1.33131
1.92267	0.1999	0.173746
0.604903	0.271052	3.37731
1.52589	0.322276	0.277637
0.36808	2.73133	0.256154
0.865357	0.427334	1.79632
0.34057	0.278338	4.29342
0.199975	3.56351	0.820725
0.635508	0.274811	3.25403
0.828883	0.309932	2.57569
0.544996	1.76994	0.269842
0.747576	0.65311	1.58328
0.954029	0.465778	1.46695
0.27725	1.66793	1.84765
0.389008	1.94672	1.01731
0.406705	0.186349	4.16578
0.650816	0.612702	2.67919
0.199011	3.5975	0.75224
0.336908	0.186598	4.3929
0.993052	0.804533	1.25629
1.97179	0.179675	0.179567
0.644658	0.310007	2.91561
0.193712	3.68835	0.568485
0.198104	3.64692	0.655832
0.788826	1.21376	0.397338
0.2711	2.48876	0.965483
0.318421	2.15265	1.24569
0.90714	0.36043	2.22127
0.969387	0.39864	1.6533
0.811015	1.039	0.454475
0.86553	0.879849	1.077
0.205548	3.29525	1.27209
0.191137	3.79434	0.396015
0.884999	0.329855	2.49726
1.33827	0.408312	0.785784
0.470612	1.01393	2.55421
0.601131	1.38458	1.29996
0.807002	1.18579	0.3606
0.310733	0.19376	4.53128
0.518493	0.385199	3.68955
1.56954	0.250057	0.547018
0.191094	3.15023	1.35918
1.59079	0.193288	1.34155
0.930128	0.691019	1.43183
0.379493	2.03552	0.952603
1.31586	0.213056	1.49536
1.65803	0.234668	0.488087
0.566256	1.25494	1.34499
1.89747	0.191248	0.178904
1.83499	0.177081	0.448003
1.06211	0.934869	0.236495
0.207979	3.42282	1.10096
1.2311	0.242947	1.75639
1.82704	0.182788	0.484935
1.10074	0.237748	1.94005
1.72245	0.231627	0.213494
0.234141	2.41808	2.03435
0.233678	2.35425	2.1689
1.45312	0.337024	0.857939
1.12181	0.234521	2.13835
0.723486	0.285996	2.82729
1.41193	0.311126	1.01917
0.280895	2.67062	0.49796
0.504464	1.01492	2.04323
0.283268	2.63274	0.603416
1.5464	0.249034	0.632941
0.4451	1.60121	1.29129
1.67778	0.283267	0.232893
0.687332	1.13067	1.10304
1.21976	0.261216	1.71336
0.381599	1.29931	2.11648
0.916674	0.359514	2.26092
0.350328	0.196403	4.13268
0.520902	1.07012	1.61968
0.428254	1.84477	0.933697
1.97256	0.178332	0.178478
0.546733	0.895077	2.21585
0.673499	0.374674	2.74683
0.206863	2.44758	1.88687
1.45961	0.321422	0.684302
1.27055	0.275998	1.45484
0.235432	2.35118	2.18073
0.195406	2.68706	1.48271
1.38423	0.470443	0.551782
2.01032	0.180895	0.17171
0.234127	2.38022	2.11538
0.712121	0.233659	3.32566
0.456324	1.54007	1.36735
1.87436	0.191194	0.202994
0.481225	1.50111	1.33625
1.09873	0.619119	0.883391
0.600451	0.220097	3.75926
0.330838	2.46811	0.973668
1.2919	0.47269	0.750677
1.07594	0.553697	1.20056
0.843001	1.1576	0.368343
0.348033	2.2782	0.617822
0.366995	2.32092	0.558089
0.18999	3.51335	0.88798
0.45155	1.11582	1.96954
0.405823	2.23878	0.35345
0.200445	3.25051	1.30664
0.325501	0.186308	4.53197
0.776577	1.23633	0.190598
0.420775	1.91173	0.684454
0.375603	0.276054	4.07785
0.574456	0.28965	3.61917
0.928485	0.456403	1.53518
0.984193	0.727414	1.28923
0.853846	0.371745	2.4791
1.36143	0.403097	0.694409
1.39656	0.546938	0.468216
1.17767	0.592426	0.543305
1.19613	0.537006	0.803823
0.316269	0.185682	4.63223
0.766764	0.235954	2.80594
1.43129	0.521405	0.214453
0.299861	2.60504	0.743534
0.503698	1.89161	0.304559
0.200246	3.38632	1.13903
1.43827	0.39029	0.41697
0.987158	0.976321	0.495663
0.200857	2.56935	1.64266
0.430568	1.12216	2.00925
0.765787	0.443216	2.44834
0.756599	0.32389	2.62506
1.85953	0.185648	0.375381
1.08704	0.266198	1.71942
1.25203	0.56186	0.423028
1.0261	0.78816	0.670019
1.02186	0.49666	1.43489
0.84227	0.247249	2.63698
0.921243	1.09425	0.342103
0.193723	3.97946	0.230726
0.388886	1.20658	1.89603
0.673499	0.374674	2.74683
0.330289	2.11407	1.21447
1.15292	0.286341	1.59435
1.70327	0.252161	0.310233
0.697639	0.961771	1.58559
0.334326	0.196874	4.38017
0.471611	1.72663	0.867811
0.19786	3.36955	1.15836
1.16471	0.690323	0.716969
0.173319	4.0001	0.193255
0.61067	1.41886	0.738276
0.46178	1.45695	1.35695
0.47278	1.64159	1.12604
0.314834	1.57171	1.64574
0.191029	3.50584	0.905265
0.464273	2.12662	0.207099
0.350161	0.244882	4.31465
0.386567	2.29265	0.189125
0.302172	2.58432	0.812278
0.736461	0.244699	2.98035
1.65206	0.176609	1.17853
1.84933	0.241514	0.194394
0.634249	0.221096	3.44221
0.561196	0.318301	3.23658
0.492461	0.230518	3.94876
0.689244	0.264022	2.76984
0.30172	2.80898	0.312757
1.54331	0.278573	0.949372
0.916793	0.422257	1.70421
1.49712	0.258924	1.32335
1.31122	0.415671	1.07006
0.279598	2.7488	0.349482
0.240515	2.22796	2.42626
0.421714	1.15693	2.16806
0.413995	0.202729	4.11074
0.715625	0.241544	2.83978
0.512241	0.295669	3.65071
0.621814	0.270668	3.16459
0.764726	0.231745	2.89376
0.203718	3.81513	0.397678
1.45737	0.354139	0.682432
0.206806	3.33777	1.22389
0.706001	0.301524	2.67193
1.22598	0.503722	0.753131
0.572455	0.739882	2.44688
1.02417	0.691706	1.12542
0.407047	2.29893	0.240975
1.55391	0.434263	0.225583
0.354934	0.24325	4.34487
1.11397	0.475422	1.21602
1.48048	0.288609	0.885618
0.588541	0.33801	2.95018
1.06422	0.949737	0.42404
0.21219	2.90424	1.41391
1.63754	0.288069	0.371795
1.81944	0.208802	0.713292
0.274894	2.5542	0.81777
0.451435	1.58175	1.35688
0.30731	1.75734	1.75376
0.371761	0.216671	4.24923
0.903478	1.02784	0.381969
0.77757	0.704867	1.80267
1.88116	0.212997	0.246148
0.364969	0.234203	4.20882
0.671534	0.867798	1.76979
0.507436	0.247343	3.80132
0.525492	1.12455	1.41282
0.651743	1.42804	0.479681
0.324412	0.231766	4.66084
0.66426	0.230971	3.09596
0.680763	0.906786	1.42992
1.10482	0.279513	1.62554
0.386851	2.60325	0.228864
0.75048	0.261364	2.66445
0.61496	0.67967	2.24882
1.18583	0.622687	0.465574
0.538546	1.68439	0.560852
1.26333	0.340089	1.44576
0.340092	2.3336	0.860634
1.76493	0.2772	0.212912
0.534043	0.841347	2.53365
0.358503	1.22832	2.33433
0.475879	1.38735	1.45602
1.00841	0.534705	1.40312
0.456667	2.18696	0.236312
0.604708	1.19939	1.37366
0.286351	2.9612	0.196333
0.944492	0.452567	1.47364
0.339749	2.69883	0.205909
0.334216	0.204004	4.80807
0.295369	2.63713	0.660365
0.924954	0.402789	2.20107
1.07619	0.618456	0.899793
0.841732	0.957421	0.912608
0.198924	3.88873	0.304481
1.73806	0.228245	0.741277
1.24816	0.435538	1.18307
0.473854	1.0991	2.38627
1.70137	0.27079	0.274994
0.583037	1.53913	0.554484
0.210463	3.2895	1.28845
0.556843	1.85103	0.220087
0.236919	2.40196	2.07765
0.380605	2.47724	0.241242
0.819542	0.28647	2.60661
0.535655	0.276136	3.60662
0.508405	1.71857	0.585647
0.606143	0.670126	2.28974
0.355862	1.18593	2.48251
0.79566	1.24327	0.218188
0.652504	0.72357	1.82217
0.21428	3.59134	0.808877
0.648018	0.832812	2.0394
1.37888	0.510621	0.250784
1.28268	0.466479	0.978116
1.77946	0.281309	0.202049
0.5467	1.04747	1.49098
1.43286	0.392074	0.489627
1.20664	0.585126	0.349521
0.515401	1.62096	0.827664
0.86347	0.98366	0.649837
0.496424	1.63438	0.932508
0.666751	0.254464	3.06161
1.09698	0.26041	1.89149
0.482849	2.15536	0.24359
0.489815	1.96236	0.24149
0.833021	0.490835	1.97876
0.200404	3.898	0.298784
0.351137	0.207172	4.55667
0.206219	3.26824	1.30129
0.201342	3.50574	0.935234
1.13471	0.239854	1.91983
0.464601	0.2781	3.88735
1.42067	0.410636	0.694556
0.471572	2.06055	0.256408
0.470821	0.268647	3.88394
1.68009	0.251334	0.725922
0.20803	3.60072	0.772426
0.212205	3.62958	0.729238
0.979762	0.615484	1.36467
0.200404	3.47197	0.994969
0.378877	0.213945	4.33013
0.203907	3.66132	0.645723
1.715	0.223631	0.945153
0.562126	0.36262	3.00367
0.964625	0.807535	1.03137
0.577112	0.299743	3.2339
0.586037	0.260873	3.48936
0.416967	1.31553	1.75729
0.4331	1.88367	0.827732
0.199249	3.2351	1.31776
0.393941	2.12572	0.978705
1.20664	0.585126	0.349521
1.93205	0.217245	0.2063
1.05445	0.546887	1.29587
0.315601	1.63032	1.95919
0.283077	2.5673	0.811749
0.295375	2.52099	0.990667
0.539922	0.915152	1.83375
0.19911	3.95668	0.251871
0.890206	1.01287	0.442113
0.539382	1.93028	0.264971
0.343405	2.40797	0.637199
0.997898	0.551929	1.40552
0.393164	0.227181	4.13118
0.439674	1.8178	0.8926
1.04054	0.281874	2.34598
0.870328	0.993352	0.500905
0.725559	1.41344	0.227974
1.16168	0.666395	0.342683
0.33139	2.0233	1.35293
1.14669	0.77243	0.441122
0.200885	3.96185	0.251561
0.549588	1.80707	0.402642
0.434778	2.08196	0.361554
0.177463	3.6893	0.522539
0.253619	0.219121	5.00128
0.475128	2.05492	0.180199
0.182039	4.13937	0.182348
0.431093	0.179946	4.05015
0.230193	2.25656	2.35022
0.313487	0.642558	3.85218
0.22646	2.41142	2.02449
0.210911	2.3146	2.18122
0.576909	0.225029	3.78155
0.3825	0.188841	4.19549
0.282275	0.269613	4.87882
0.185953	3.51007	0.882494
0.194654	3.57938	0.774427
0.840431	0.400407	2.49924
0.722925	0.280294	2.76036
1.77837	0.215564	0.403109
0.185314	3.00708	1.38443
1.26592	0.675946	0.349886
1.59422	0.207889	1.24832
0.963779	0.342465	2.13869
0.946201	0.316264	2.42977
0.462405	0.308937	3.93845
0.186842	3.80668	0.369912
0.186909	3.06037	1.38101
0.315627	0.240847	4.55483
0.567049	0.46605	2.88331
0.349733	0.273406	4.08491
0.581636	0.319889	3.17088
0.668472	0.225549	3.36148
0.33505	0.762357	3.566
0.19268	3.131	1.36964
1.369	0.391344	0.861637
0.77519	0.253172	2.85146
0.905961	0.562253	1.4156
0.734229	0.993	1.19081
0.329809	0.213626	4.43521
0.339363	2.82594	0.220661
0.816385	0.414247	2.26049
1.81356	0.203736	0.393067
0.189917	3.6306	0.662847
1.69219	0.24641	0.407767
0.224435	2.57986	1.68747
0.191625	4.0162	0.212315
0.528372	0.920986	1.89368
0.458796	1.4126	1.52574
1.4663	0.409455	0.381431
0.333136	0.248264	4.32815
1.24074	0.500191	0.761414
0.6596	0.297882	3.0398
0.187182	3.16618	1.34507
0.399847	1.21024	2.10294
1.2108	0.5437	0.745315
0.224294	2.82231	1.44508
0.186924	3.30609	1.21898
0.535926	0.868392	1.93096
0.385093	1.36537	1.57631
0.205982	2.74346	1.45752
0.435566	2.21842	0.186614
0.695049	1.15835	1.03316
0.330793	2.5329	0.582844
0.592502	0.247479	3.69003
0.599996	0.270289	3.45224
0.187624	2.92748	1.38769
0.292889	0.247033	4.73477
0.503478	1.87436	0.226486
0.439534	1.46039	1.52248
1.34317	0.420657	0.723559
0.556894	1.83414	0.384213
0.362404	0.737943	3.11223
0.196344	3.34846	1.18495
0.287743	0.255939	4.96246
1.05642	0.894428	0.57753
0.874316	0.23048	2.60497
0.424327	2.07912	0.509617
0.619106	1.58687	0.730164
0.191339	3.46741	0.977716
0.892512	0.315053	2.52005
0.51574	0.428695	3.32145
0.291393	2.14151	2.63804
0.445088	1.80562	0.841401
1.27585	0.451504	0.726143
1.03309	0.830612	0.756843
0.204217	2.49579	1.78215
1.55734	0.462135	0.291833
0.418065	2.04061	0.689317
0.352345	1.33733	1.86816
0.185501	3.7506	0.444861
0.470163	1.95798	0.427119
0.397976	1.89573	1.21989
1.73286	0.241689	0.323261
0.370602	1.22696	2.08507
0.219079	2.62703	1.60219
0.436945	1.12097	2.04978
0.343727	0.750095	3.30286
1.44181	0.467195	0.251294
0.287357	0.273522	4.7861
0.582921	1.72782	0.4352
1.30677	0.438393	1.06861
0.203897	2.49898	1.77509
0.390223	1.15803	2.42806
0.719011	0.254837	2.95498
0.801455	0.423172	2.2577
1.56497	0.236808	0.860701
0.44349	2.16317	0.180693
0.394397	1.10543	2.69757
1.421	0.310148	1.09855
0.327231	0.27255	4.23353
0.553335	0.797526	2.20244
0.18203	3.43269	1.01396
0.306353	0.240047	4.73818
0.748661	1.3167	0.332318
1.60935	0.263899	0.762842
0.195036	3.93927	0.256492
0.874889	0.595368	1.62521
0.267364	1.96247	2.66664
1.39455	0.344092	0.902754
0.321782	0.238289	4.64711
0.620098	0.234957	3.70917
1.83117	0.216092	0.32457
1.14332	0.69242	0.531174
0.321832	0.244958	4.5095
0.289026	0.25509	4.83487
0.426751	2.11956	0.24353
0.184914	3.96521	0.224692
0.419601	1.14675	1.95544
0.706007	0.255438	3.09277
1.01358	0.345723	1.79964
0.661916	0.27609	3.02741
0.18354	3.65165	0.605751
0.193134	3.73197	0.493476
0.411395	1.57513	1.40825
1.11268	0.515672	1.12742
1.52642	0.293224	0.461654
1.65442	0.258967	0.555853
0.489582	0.904538	2.30527
1.67709	0.222506	0.620371
0.484719	1.70396	1.06648
0.198988	2.6792	1.49703
0.772202	0.259498	2.7228
1.00078	0.363021	1.80471
1.62772	0.352482	0.278046
0.213508	2.63265	1.58151
0.674044	1.15038	1.15275
1.33122	0.473099	0.637347
0.227438	2.37639	2.1026
0.345631	1.30612	2.33515
1.4903	0.411299	0.303151
0.321782	0.238289	4.64711
0.60811	1.21452	1.29781
1.1716	0.442233	1.48014
0.357533	0.198903	4.4682
0.194307	3.88541	0.298649
0.782455	0.956545	1.41079
1.98848	0.193671	0.255351
1.18055	0.773519	0.391093
1.73633	0.206299	0.701891
0.361675	0.66072	3.50687
0.634538	1.01344	1.5209
0.183827	4.08	0.188222
0.191177	3.85513	0.322653
1.49481	0.259178	0.965163
0.353727	2.73962	0.294542
0.222587	2.26892	2.30611
1.94998	0.190974	0.317847
1.51491	0.250257	1.29064
0.196815	2.68268	1.48946
0.881179	0.474808	1.48987
0.328441	1.76863	1.83975
0.332274	2.35559	0.826731
1.10182	0.590702	0.800603
0.431093	0.179946	4.05015
1.23244	0.296407	1.4091
0.637788	1.27943	0.936693
0.338119	0.251161	4.2845
0.835826	1.16331	0.453264
0.453642	0.821056	3.57898
0.499633	0.871894	3.01506
0.710444	0.691794	2.42093
0.880357	0.57335	1.86803
0.701107	1.58124	0.338581
0.480037	0.903656	3.00942
0.466205	0.976566	2.94083
0.473497	0.889613	3.25487
0.737319	1.13956	1.18996
0.472916	2.10011	0.426694
1.26184	0.325403	1.56596
0.723231	1.10872	1.35977
1.08166	0.934687	0.502377
0.431877	0.711866	3.92466
0.47612	0.957527	2.94356
1.22864	0.505734	1.37957
0.74634	0.72684	2.25751
1.44523	0.509072	0.314534
0.67644	0.864762	1.84734
0.449171	0.866868	3.37362
0.663018	1.56475	0.750915
0.461899	0.835679	3.37503
0.476345	0.784728	3.60747
0.572854	1.84705	0.381155
0.523735	1.48377	1.51652
0.4909	1.14918	2.35338
0.658128	1.77243	0.25456
0.439977	0.194866	4.04412
0.272125	0.210758	5.01183
1.93379	0.222329	0.190633
0.457054	2.06687	0.573077
0.717235	0.278296	2.87175
0.465933	1.14641	2.56769
1.73387	0.229322	0.726513
1.01384	0.292774	2.24352
0.414166	0.19585	4.19009
0.472892	1.45943	1.54547
1.21226	0.242594	1.93766
0.980832	0.295071	2.42715
0.655204	0.3858	2.95092
0.400758	0.209003	4.03639
1.37759	0.330679	1.12572
0.643223	0.460428	2.78888
1.69491	0.254209	0.588777
0.398163	0.199089	4.26025
1.42651	0.263379	1.35433
0.817046	0.505191	2.46002
0.780966	1.24241	0.797698
0.879339	1.21472	0.230408
0.99944	0.240952	2.62224
0.542871	0.370718	3.79854
1.12424	0.273221	1.83021
1.80733	0.23095	0.364928
1.55818	0.411236	0.277275
0.47101	0.245044	3.91971
0.803827	0.546513	2.47305
0.843295	0.721326	1.62356
1.49686	0.477077	0.229819
0.45541	1.10441	2.65204
0.589876	0.415772	3.20844
1.96993	0.202508	0.211257
1.36132	0.590061	0.230526
0.569738	0.498702	2.9837
0.362832	0.219691	4.46515
1.02287	0.248747	2.34104
1.16049	0.80104	0.525317
0.702547	1.32633	0.612276
1.07394	0.281922	1.82445
1.33548	0.303892	1.36638
1.05015	0.29675	2.04891
0.523343	1.66619	1.17981
0.44604	2.08972	0.438926
0.64656	0.246355	3.47025
1.32123	0.548922	0.64991
1.08625	0.263224	2.17529
0.608376	0.30818	3.34479
1.28666	0.638616	0.457518
0.750072	1.51212	0.262766
0.745363	0.227211	3.29801
0.414068	0.195869	4.19009
1.40906	0.525435	0.353245
0.556396	1.87258	0.294917
0.478492	0.238477	3.91705
1.91669	0.201127	0.271124
0.875022	0.703134	1.50032
0.965036	0.83433	1.23938
1.8333	0.227547	0.218597
0.619348	1.61814	0.712047
0.621383	0.915825	2.07761
1.51382	0.316388	0.688924
1.40821	0.336511	0.879362
1.26358	0.228504	1.90956
0.558872	0.512386	3.05303
0.85282	0.649965	1.9564
1.16836	0.279899	1.6578
1.64483	0.235366	0.794736
0.390521	2.40539	0.303084
0.674162	0.49866	2.68773
0.535272	0.457735	3.19805
1.31993	0.297548	1.388
1.62854	0.313779	0.407861
1.36129	0.275707	1.39747
0.480505	1.50563	1.43611
0.734279	1.00024	1.39304
0.373928	1.59738	1.58017
1.86413	0.233637	0.197658
1.45705	0.260921	1.30317
1.67197	0.213046	1.02619
2.05264	0.173904	0.181719
1.99137	0.188803	0.175897
0.296537	2.19178	2.60337
0.220786	2.5885	1.66382
1.60335	0.35952	0.216129
0.482984	1.8082	0.63105
1.66747	0.308657	0.315136
1.63167	0.343636	0.255994
1.50685	0.315093	0.726466
1.4635	0.346928	0.825439
1.00401	0.703053	1.34193
0.440817	0.239486	4.00245
1.96619	0.18503	0.183904
0.215103	2.76172	1.46086
0.877586	0.988277	0.42747
0.444135	1.97734	0.644262
1.41606	0.44173	0.429142
0.667738	1.66152	0.220854
0.798731	0.735583	1.4103
1.932	0.190585	0.185423
0.539722	1.45319	1.28984
1.56341	0.28945	0.871562
0.443986	2.12746	0.267399
1.25341	0.601262	0.572669
0.402334	2.25131	0.476147
1.77409	0.229337	0.528954
0.677254	0.246752	3.23075
0.943307	1.06647	0.334871
0.206553	3.95036	0.268297
0.327447	0.358882	4.4747
1.88322	0.205662	0.228171
0.980642	0.251495	2.51061
1.3638	0.341332	1.15996
0.716604	0.248582	3.09552
0.474031	1.73392	0.945066
0.360351	0.232145	4.40759
0.559916	0.460777	3.49484
1.73534	0.238465	0.282771
0.390329	2.0321	0.917589
0.314495	0.372703	4.66386
0.570895	1.55542	0.93763
0.378446	0.265534	4.07203
0.307846	2.53991	0.771078
0.52007	0.262684	3.78967
0.5545	1.5007	1.17574
1.49067	0.324469	0.951748
0.534231	1.5975	1.07628
0.962909	0.322251	2.36233
0.543173	0.488588	3.49757
0.768437	0.718046	1.95348
0.415726	2.08299	0.779206
0.505179	0.244005	3.82668
0.756352	1.12152	0.674673
1.03641	0.875435	0.690275
1.23704	0.711303	0.331868
0.839843	0.943577	0.885301
1.80206	0.190953	0.552302
0.441176	1.94574	0.773306
0.210174	3.32141	1.25193
1.21482	0.717806	0.340711
1.11804	0.624609	0.769537
1.27122	0.518187	0.860326
0.535018	0.481868	3.56847
0.461196	0.422203	3.89145
1.53884	0.31048	0.80486
0.476127	1.13571	2.36918
0.212228	2.61726	1.59939
0.208124	2.8539	1.41573
0.431936	1.71367	1.54397
0.516023	0.483142	3.71172
0.211201	3.34612	1.22311
0.320642	2.70703	0.391398
1.26535	0.441411	1.12016
0.211993	2.79678	1.43804
0.601286	0.529951	2.85515
0.692299	0.77457	1.453
1.18829	0.67799	0.487325
0.209493	3.40592	1.13216
0.699901	0.248318	3.21209
0.736458	0.253635	2.88308
2.00433	0.177962	0.228096
0.214233	3.3973	1.15763
0.362626	2.06429	1.29734
0.596682	0.248191	3.6278
1.70773	0.310934	0.253613
1.38368	0.291093	1.38204
0.939252	0.397887	1.81939
1.11874	0.934605	0.394284
1.777	0.210995	0.375811
1.87112	0.174635	0.557202
0.662983	1.38415	0.51906
0.563392	0.430851	3.61015
1.06659	0.332471	1.53924
0.662673	0.454744	2.83655
0.643744	0.565711	2.70134
1.29008	0.234608	1.62217
2.03237	0.174669	0.196606
0.487001	1.88296	0.370331
0.448661	1.02857	2.62565
1.47268	0.277475	1.17489
0.534643	1.02802	1.64964
0.968023	1.08497	0.289414
0.521287	1.15764	1.58633
0.334144	0.368702	4.29909
0.570278	1.60165	0.439139
0.635214	1.68578	0.204264
0.319559	2.70224	0.397344
1.82809	0.195431	0.314367
0.210897	2.82928	1.42501
0.381731	1.83962	1.42698
0.984266	0.81808	1.0511
1.10529	0.919511	0.454445
0.551835	1.51679	1.0043
0.400388	0.195999	4.31129
0.19153	3.56539	0.792317
0.199659	2.90429	1.40063
0.765774	0.221044	2.98426
0.594178	0.281457	3.25889
0.193831	4.01613	0.215313
0.481034	0.235605	3.9004
0.297273	0.196294	4.98038
0.780903	0.308443	2.62554
1.85193	0.230461	0.203357
0.578049	0.347247	3.39704
1.34595	0.316966	1.33365
0.527954	0.387455	3.38078
0.807323	1.03267	0.705582
0.94278	0.403729	2.18402
0.342921	2.1702	1.16246
1.72075	0.227846	0.49871
0.629669	0.22099	3.51842
0.670037	0.226195	3.26475
1.24118	0.732848	0.282064
1.7342	0.217522	0.636887
1.67792	0.268991	0.324053
0.627592	0.230485	3.52458
0.702334	1.05903	1.19162
0.647007	1.37153	0.722662
0.376196	2.44265	0.441651
0.346761	2.34617	0.606769
0.471956	1.68638	0.943525
0.500842	0.376441	3.67516
0.476582	2.03243	0.218813
0.199998	3.18457	1.35471
0.582215	0.246958	3.74091
0.401613	0.215589	4.18849
0.456818	2.08182	0.234437
0.429599	1.85552	0.838697
1.11789	0.591497	1.00966
1.57261	0.225788	1.12782
1.31401	0.26348	1.40616
0.629547	0.859236	1.71811
0.50174	1.89103	0.238615
0.602551	1.74318	0.248781
0.507899	1.56679	0.99348
1.08518	0.780077	0.54656
1.58722	0.282271	0.645189
1.6266	0.259588	0.505415
1.40765	0.442616	0.447592
0.690333	1.1755	0.836205
0.984933	0.27598	2.23673
1.80955	0.225504	0.361447
1.64757	0.212509	1.14494
0.596495	0.965305	1.57866
0.655055	0.29656	2.89441
0.200045	3.57842	0.792084
0.451449	2.23559	0.250004
0.197968	3.50231	0.931967
0.774025	0.988457	0.971161
0.314356	2.12917	1.35372
0.198416	3.80124	0.403803
0.756975	1.23418	0.41457
0.581102	0.799764	2.53411
1.1405	0.743285	0.550984
1.52652	0.310987	0.856737
0.487163	1.62616	1.30834
0.614579	1.32716	1.4553
0.790046	0.230348	2.81892
0.907688	0.420077	2.34707
1.5057	0.356295	0.559024
1.54788	0.298917	0.719927
1.05975	0.326483	1.53913
0.211415	2.84669	1.42121
0.856521	0.214847	2.60708
0.31285	2.11482	1.36586
1.30146	0.461819	0.6565
1.49494	0.274761	1.04261
0.567192	0.807779	2.43851
0.193514	3.40084	1.09876
1.45356	0.271584	1.23321
0.719912	1.12472	0.827305
0.650548	0.894518	1.60922
0.193514	3.7408	0.480387
0.680282	1.25864	0.780688
0.413838	0.21613	4.14197
0.446431	1.97425	0.469447
0.306086	1.99642	1.41083
0.500824	1.80477	0.559129
1.12769	0.814642	0.35228
0.206334	3.24672	1.32102
0.414416	1.35837	1.92903
0.771906	0.218125	2.98304
1.16238	0.717186	0.550468
0.242336	2.29245	2.31874
0.427123	1.83664	0.910566
0.747372	0.766089	1.95078
1.04005	0.668529	1.05774
0.722539	1.01105	1.24166
0.447329	1.7648	0.9974
1.00748	0.325186	2.13208
0.364593	1.45567	2.30376
0.199687	3.82382	0.377342
0.496184	0.435359	3.69914
0.588996	0.93027	1.773
0.870631	0.331192	2.39199
0.499502	1.66059	0.792748
1.9002	0.232747	0.19262
0.374519	1.60408	1.50476
1.39038	0.558979	0.292997
1.18098	0.483067	1.42025
1.18829	0.836416	0.307287
1.04071	0.306096	1.75734
1.0729	0.221838	2.42733
0.466075	1.14688	2.35674
1.60942	0.290013	0.539638
1.66179	0.225472	0.824442
1.92223	0.230936	0.197089
0.355285	0.240256	4.3956
0.737141	0.263567	2.82805
0.848103	0.23475	2.61371
0.463472	1.9452	0.454742
0.375902	2.42582	0.477201
0.242336	2.29245	2.31874
1.21295	0.331351	1.41808
0.566606	1.66858	0.761176
0.423769	0.23177	4.086
0.194815	3.66188	0.618923
1.47921	0.487696	0.269887
0.349515	2.73328	0.37172
1.82547	0.244556	0.209124
0.968539	0.630366	1.481
0.760323	1.43837	0.211147
0.672856	1.29844	1.188
0.953881	0.47108	1.73375
0.968221	0.244525	2.4947
0.606006	0.733687	2.52644
0.537411	1.02224	2.01003
0.622357	0.754725	2.38593
0.912903	0.552401	1.61669
0.585499	0.907913	1.86667
0.992801	0.816826	0.92561
0.361165	1.46528	2.24963
0.193137	0.193137	6.19314
1.97631	0.182828	0.170054
2.03303	0.178418	0.17252
1.65206	0.176609	1.17853
0.193137	0.193137	6.19314
1.78731	0.235184	0.281804
0.685376	0.8049	2.00902
0.353824	2.1351	0.899024
0.202114	2.83879	1.41159
0.193319	3.149	1.36301
0.59514	0.814869	2.15178
1.83229	0.233408	0.190953
0.608726	1.76586	0.228349
0.274114	2.20477	2.54062
1.61834	0.239897	1.12037
0.287094	2.69989	0.399049
0.413611	0.256215	3.95806
0.747449	0.266025	2.72769
0.755737	0.202703	3.11731
0.352015	2.21547	0.860177
0.691783	0.266719	2.99902
0.553361	0.248397	3.79284
0.71084	1.17836	0.886658
0.19922	3.46188	1.00985
0.641746	0.399844	2.92979
0.887957	0.919605	0.768933
0.615095	0.276685	3.4351
0.898038	0.643372	1.50795
0.974531	0.785963	0.801001
0.201332	3.25194	1.30704
0.438844	0.230272	4.03693
0.379916	0.202722	4.39311
0.550743	0.486488	2.84199
0.301256	0.208531	4.95495
0.300643	2.45633	0.979918
0.234651	2.6725	1.57896
0.199858	3.9597	0.251218
1.93056	0.178888	0.258515
1.17707	0.584559	0.699487
0.194983	3.91582	0.273673
0.436031	1.94043	0.678989
0.415738	0.241237	4.12856
0.305357	2.50633	0.851636
0.592716	0.844971	2.15994
0.540038	1.843	0.218332
0.48584	0.98766	2.20361
1.15721	0.237338	1.71477
1.99198	0.180439	0.170136
0.326942	0.205611	4.83624
0.466925	1.91738	0.427996
0.26975	2.06525	2.64803
0.205482	3.5554	0.852511
0.231563	2.43824	1.98319
0.509417	1.42773	1.28315
1.97393	0.182835	0.170055
0.449222	2.01142	0.57355
1.20105	0.22371	1.61706
0.804317	1.02345	0.929702
0.852041	0.880715	1.12764
0.514114	1.71093	0.727508
0.277235	2.3513	1.25607
0.338902	2.03718	1.38774
0.778605	0.554291	2.48087
0.381911	0.212416	4.2558
1.64566	0.306787	0.48084
1.5264	0.388893	0.344001
0.626093	1.49857	0.989825
0.471892	1.98686	0.310234
0.468792	1.15741	1.92214
1.31016	0.365954	1.20219
1.44836	0.41366	0.665538
0.409586	0.204295	4.21055
0.314673	0.20476	4.90509
0.328713	0.205774	4.78735
0.477201	0.9621	2.34229
1.76462	0.211073	0.533373
0.213663	3.78747	0.460044
1.00639	0.375407	1.84698
0.533468	0.76543	2.58743
0.867641	0.626235	1.62305
0.393744	0.197798	4.35912
1.38384	0.483392	0.223005
0.559694	1.55492	0.619581
2.02283	0.178902	0.172773
0.698458	0.259225	3.14301
0.654756	1.22466	1.30914
0.192178	3.32773	1.20326
0.863149	0.527761	1.74516
0.725101	0.940821	1.35499
0.441068	1.51121	1.46958
0.786403	0.225806	2.97327
0.770657	0.572764	2.48417
1.12312	0.522819	1.20887
1.36144	0.272377	1.42877
0.80415	0.690244	1.80683
0.191804	3.4048	1.08782
1.55124	0.286861	0.892492
0.250077	2.35741	2.21286
0.638039	1.45108	0.763698
0.198157	3.43736	1.05006
0.826257	1.05175	0.749342
1.03436	0.719944	0.703093
1.16918	0.49553	1.08007
0.744913	1.31845	0.365865
1.5856	0.240737	0.90254
0.981612	0.837133	0.619642
0.518524	1.73631	0.667273
1.04978	0.391672	1.77946
0.394779	1.64258	1.40074
1.27815	0.620974	0.229588
1.5955	0.220543	1.35301
0.244868	2.30944	2.29358
1.34808	0.561291	0.518303
1.24092	0.745625	0.237065
0.489557	1.66833	0.902415
0.302045	2.52231	0.790659
0.473805	1.38751	1.46446
0.198195	3.75231	0.474379
1.26607	0.37775	1.36823
1.88686	0.188423	0.374634
1.48882	0.256569	1.24438
0.211041	3.6159	0.752031
0.795518	1.19993	0.331615
0.309301	2.38111	1.20476
1.02993	0.642344	1.39678
0.572003	1.60205	0.421473
1.90733	0.203579	0.174674
0.575672	0.353251	3.33741
1.85919	0.190966	0.374986
0.498956	0.223207	3.86748
0.827982	1.0908	0.460061
0.511263	1.23139	1.76888
0.889652	1.12436	0.1901
0.545031	1.04767	1.83611
0.213657	3.61503	0.761341
1.10386	0.249953	2.38234
0.196277	4.01309	0.219754
0.306072	1.88081	1.40788
0.487024	1.26183	1.88682
0.571172	1.57349	0.584341
0.845016	1.12024	0.264794
0.193137	3.20192	1.33233
1.11707	0.274131	1.91643
1.14137	0.298506	1.54813
0.36423	2.4071	0.343494
0.930368	0.222758	2.60619
0.201332	3.6826	0.599785
0.735818	1.35109	0.218933
0.850268	1.08691	0.454388
0.500528	0.221303	3.8662
1.56521	0.252817	1.17051
1.87619	0.18875	0.260577
1.19065	0.334475	1.41594
0.177463	3.6893	0.522539
0.645612	0.249568	3.33207
0.578431	0.338534	3.52155
0.69353	0.388213	2.76137
0.302076	2.57398	0.841629
0.659965	0.271917	3.19859
0.587911	0.808448	2.40264
0.972293	0.28804	2.43646
0.592515	0.245667	3.65842
0.850154	0.530782	2.27188
0.897662	0.446541	1.81183
0.618263	1.39196	1.19832
1.4625	0.333479	0.876731
0.941514	0.658591	1.42767
0.508032	1.31705	1.42116
0.79232	0.570649	2.19553
0.613084	0.238431	3.65984
1.08636	0.590674	1.267
0.722972	1.02945	1.38602
0.615528	1.56554	0.785928
1.61492	0.395046	0.254271
0.66525	1.47009	0.439598
0.292545	2.34225	1.34034
0.324477	1.97442	1.60478
0.32974	1.85548	1.52158
0.571216	0.782603	2.52614
0.290019	2.01403	1.47225
1.70656	0.281693	0.540052
0.563059	0.244054	3.76768
1.3643	0.376608	1.1425
1.06231	0.321712	1.70151
0.305321	2.62684	0.70229
0.758184	0.281123	2.67435
0.419053	0.232965	4.05128
0.786638	0.591351	2.03473
0.996862	0.931098	0.453898
0.801069	1.169	0.521694
0.290548	2.22698	1.4187
0.925885	0.686103	1.46521
0.215209	3.56152	0.8692
0.457628	1.05154	2.07367
0.904917	0.985123	0.591243
0.437546	1.50899	1.42019
0.774553	0.248156	2.85779
0.301727	2.6942	0.511958
0.315272	2.90231	0.244374
1.10091	0.840285	0.240229
1.13355	0.739414	0.504733
0.985081	0.317232	2.3177
0.655623	1.09133	1.4558
1.31077	0.413152	1.21726
1.28761	0.502609	0.559541
1.3383	0.604272	0.216609
0.730222	0.454729	2.70733
0.318559	2.51046	1.08219
0.347535	2.66342	0.545869
0.856957	0.63737	1.57657
0.309299	2.83041	0.29096
1.66836	0.362159	0.252684
0.713216	0.234047	3.1307
1.12502	0.25038	1.98428
0.447265	0.244894	3.94783
0.4661	0.233939	3.94271
0.431199	2.1976	0.426072
1.03404	0.245999	2.48458
0.503294	0.263687	3.8324
0.296946	2.38369	1.29038
0.57552	1.64134	0.598104
1.51557	0.349821	0.673543
0.837051	0.326682	2.61406
0.303686	2.75802	0.383116
0.519206	1.14886	1.45142
1.03606	0.365951	1.71828
0.436488	2.15012	0.407825
0.634756	0.366636	2.97518
0.312311	2.87723	0.254627
0.541688	1.60481	0.883963
1.00953	0.958575	0.310726
0.481864	1.92395	0.487569
1.02137	0.882493	0.40993
0.931075	0.350903	2.31886
1.21326	0.575841	0.903649
1.16202	0.628219	0.562662
0.470261	0.979262	2.52316
1.7283	0.261807	0.470466
0.936706	0.761851	1.25401
0.402847	2.07674	1.01706
0.763397	0.237778	2.93963
1.05414	0.371271	1.64804
1.4354	0.422483	0.526083
1.03891	0.336783	1.66674
0.495637	1.81643	0.650493
0.685227	1.44227	0.423834
0.310099	2.7486	0.419523
0.52934	1.77755	0.487742
0.862999	0.243456	2.61651
1.26788	0.521662	0.683197
1.42162	0.361475	1.12109
1.54361	0.450475	0.306275
0.414944	1.73416	1.36745
1.24095	0.544225	0.898059
0.462226	1.97638	0.609908
0.621473	1.66824	0.266827
0.507913	1.66729	0.938051
0.478328	2.07113	0.288827
0.528379	1.70973	0.753861
0.42892	0.231441	4.08218
0.656829	0.359182	2.88098
0.630659	1.24157	1.41426
1.32248	0.601405	0.226514
0.620161	0.9578	1.54786
0.773578	1.42058	0.247515
1.18463	0.566357	1.04247
1.25661	0.285474	1.42148
0.540206	1.88028	0.190124
1.84192	0.192686	0.672819
0.252864	0.201654	5.03601
0.196763	3.64899	0.648164
0.50017	0.221933	3.8185
0.193521	2.95945	1.39352
0.208367	3.57382	0.825401
0.203692	3.36134	1.18452
0.489177	0.218651	3.86323
0.257757	0.19937	5.03548
0.72912	0.258188	2.94387
1.29249	0.385309	1.22314
0.190556	4.04757	0.201902
0.194048	3.71151	0.529599
1.23029	0.373087	1.36735
0.424515	0.212291	4.09056
1.15431	0.687802	0.369274
0.696528	0.226002	3.08846
0.554989	1.59877	0.57461
0.215297	2.39309	2.02869
1.13344	0.207356	2.26288
0.201784	3.46203	1.01673
1.09106	0.576447	1.19889
1.32094	0.354351	1.20201
0.51089	0.96932	2.16447
0.31755	1.46972	2.47823
0.207025	3.42436	1.0959
0.74808	0.220245	2.81943
0.675673	0.269521	2.88922
0.369687	0.210715	4.41646
0.50688	0.883107	2.30322
0.223156	2.36806	2.10694
0.44214	0.216805	4.00249
1.16927	0.628987	0.359977
0.213907	3.30664	1.2771
0.218921	2.46395	1.88999
0.62311	0.240104	3.35794
0.914977	0.788409	1.06612
1.26069	0.254395	1.42516
1.95609	0.216633	0.195975
0.557225	0.278841	3.68757
0.773201	0.361047	2.66485
0.304489	0.232722	4.73429
0.534907	1.91845	0.19596
0.798926	1.13647	0.483454
0.289238	2.72141	0.329104
0.19054	3.81663	0.365754
0.392474	1.44505	1.61512
0.627858	0.250626	3.31704
0.999266	0.251258	2.44605
0.190003	3.85605	0.319258
0.692567	0.211821	3.54379
0.73803	0.249491	2.74728
0.492822	1.55082	1.13596
0.646363	0.278669	3.15323
0.476067	1.00331	1.91794
1.02927	0.7352	0.603467
0.582493	0.852525	2.39207
0.968014	0.398393	1.7404
0.306207	2.65678	0.514241
0.45197	1.20914	1.86828
0.212022	2.42861	1.9426
0.344593	2.13399	0.966569
0.432541	1.74059	1.20124
0.593209	0.234017	3.59512
0.470133	1.40272	1.40331
1.68441	0.286919	0.254105
1.74872	0.215987	0.619896
0.296906	2.22227	1.27554
0.883968	0.48723	1.71298
0.563348	0.259029	3.68433
0.301408	2.84933	0.222104
0.38513	0.219985	4.2304
0.708692	1.05595	1.28046
0.813142	1.10125	0.786583
0.849903	1.16791	0.402531
0.901819	0.916403	0.708929
1.20275	0.671261	0.253182
0.330307	2.04625	1.24072
1.27676	0.537684	0.350222
1.11424	0.465397	1.29518
0.646693	1.23635	1.32048
1.21712	0.499256	0.777254
0.2362	2.62106	1.65265
0.301618	2.9067	0.205704
0.989902	0.372568	1.76761
1.34439	0.505894	0.39912
0.358748	2.31603	0.416093
1.03764	0.818796	0.288588
0.48357	2.09047	0.221732
0.409891	0.223829	4.14794
1.41327	0.297762	1.29501
0.508451	1.56484	0.898484
0.533871	1.64352	0.680292
1.93063	0.219615	0.194712
0.307328	0.217895	4.8211
0.764285	1.0846	0.822586
0.280366	2.07503	1.41414
0.608382	0.265189	3.45216
0.194194	3.98794	0.227339
0.636037	0.264663	3.23457
1.39604	0.44463	0.338503
0.459921	1.70256	1.12445
0.921996	0.772917	1.21963
1.362	0.455728	0.582657
1.56296	0.243848	1.09532
1.86377	0.237067	0.192351
0.299283	2.77071	0.283239
0.51001	0.980871	1.98434
0.779056	0.993848	1.3149
1.4277	0.365212	0.752378
0.617425	0.323112	3.01901
0.238671	2.16857	2.50612
0.398727	1.97737	0.728197
0.592152	0.341868	3.01728
1.03959	0.555531	1.5028
0.94069	0.24802	2.58713
0.608023	1.83405	0.252171
0.893624	0.428816	1.81326
1.58416	0.272712	0.826976
1.53132	0.317539	0.374055
0.713377	1.34549	0.423457
1.43953	0.530485	0.229526
0.580534	1.63853	0.522208
0.57191	1.50067	1.12346
1.10798	0.340756	1.50803
0.522091	0.773032	2.55423
1.07486	0.330286	1.64804
0.441269	1.30945	1.56547
0.929563	0.30369	2.36948
1.01243	0.65031	1.05609
1.48955	0.361392	0.452277
0.280403	2.20414	1.39755
0.533923	1.68307	0.390143
0.220343	2.50051	1.82049
0.659232	0.938104	1.49601
1.01625	0.306099	2.06388
0.667066	1.27241	1.1131
0.298074	2.87639	0.207505
0.688168	0.242873	3.23719
1.18522	0.255477	1.57414
0.714561	1.29294	0.320672
0.64017	0.717941	2.50908
0.980033	0.868426	0.489556
0.355773	1.50247	1.66925
0.842444	0.863565	1.30791
0.767463	1.11957	0.558143
1.05999	0.366613	1.73564
0.595101	0.273927	3.45245
0.192549	3.92613	0.261532
1.6237	0.249117	0.864969
1.73003	0.272354	0.393114
1.45844	0.319966	0.875875
1.71339	0.235588	0.742276
1.17308	0.534344	1.16455
1.02285	0.313277	1.83507
0.595686	1.78308	0.305335
1.06161	0.552366	1.26212
