1.0824	0.666661	0.91748
1.8384	0.242338	0.29267
0.821828	1.0344	0.774509
0.441627	2.1358	0.252705
0.56366	0.25976	3.61921
0.78679	0.574552	1.69123
0.269824	1.60031	2.07375
0.966727	0.818849	0.681177
0.354791	1.1062	2.49258
0.427168	1.88344	1.00176
0.619598	0.228541	3.54374
0.756835	0.239281	2.74488
0.30286	2.73791	0.352337
1.43104	0.315764	1.04984
0.208947	3.60458	0.76769
0.877342	0.421737	1.9548
0.802137	1.07326	0.512311
0.58093	1.45992	0.917295
0.766714	1.51127	0.254395
0.337492	2.19394	0.938616
1.69303	0.268587	0.450754
0.539553	0.249328	3.76119
0.436657	0.231161	3.92234
0.55881	1.39882	1.16664
0.19298	3.51911	0.88569
0.455346	1.17054	1.71921
0.602442	0.323818	3.27739
0.945332	0.322632	2.19637
1.39572	0.338811	0.939978
1.93862	0.227091	0.195807
1.36567	0.330102	1.07011
0.531902	1.56838	0.801432
1.26402	0.634951	0.320083
0.754906	0.990035	1.29106
1.02802	0.87702	0.295988
0.763641	0.333433	2.64786
1.72323	0.28612	0.320644
0.370359	2.40896	0.392341
0.845247	0.853293	1.04342
0.41799	0.203121	4.03772
0.363235	1.27371	2.26866
0.406438	1.9097	1.1496
1.18043	0.534956	0.784943
0.446637	1.20295	1.74398
1.10882	0.211973	2.38363
1.34147	0.592414	0.302894
1.51194	0.312798	0.774947
0.478679	2.07156	0.266417
0.481454	1.62821	1.03179
1.59248	0.298475	0.337529
0.858307	0.435936	2.02641
0.468663	1.66394	1.26132
1.38484	0.363865	1.0082
1.28496	0.494579	0.73888
0.991779	0.229613	2.52785
1.06502	0.768607	0.497025
0.69995	0.911526	1.42433
0.410992	1.25505	2.11476
1.52906	0.250995	1.24661
1.01183	0.288631	2.2382
0.490473	0.245078	3.82092
0.829539	0.374468	2.44385
0.628326	0.350645	2.81261
1.57259	0.404555	0.256189
0.501209	1.8162	0.431421
0.397253	2.02694	0.900533
0.49868	1.68501	0.805424
0.515659	1.72536	0.708845
0.717458	0.269069	2.94219
0.911183	0.34022	2.29138
0.313402	2.65802	0.248986
1.32425	0.333802	1.27261
0.490615	1.74508	0.725203
1.48716	0.529043	0.262345
1.00884	0.732916	0.947792
0.339393	1.22207	2.36441
0.397399	1.44081	1.43114
0.983187	0.231856	2.55274
0.3798	1.95238	1.22824
1.20733	0.262148	1.51464
0.587695	1.52722	0.479579
1.15402	0.704562	0.716885
0.371784	2.55407	0.218028
0.355693	0.291258	4.20971
0.648092	0.956205	1.42832
0.421374	0.196418	4.1703
0.61186	0.232361	3.67948
1.00618	0.897131	0.291682
0.198632	3.75783	0.466968
1.23588	0.467546	0.981545
1.77703	0.250232	0.351355
0.234828	2.28308	2.31475
0.199716	3.73677	0.502933
1.03917	0.275328	2.19928
0.42535	1.32809	1.81124
0.470864	0.207123	3.91324
0.922744	0.390731	1.79998
0.895589	0.426511	1.82944
0.402572	1.29297	1.91203
0.505742	1.94303	0.277053
0.629167	0.270519	3.40762
1.44027	0.350227	0.882655
1.07157	0.602023	1.03159
0.371675	0.262988	4.06043
1.05099	0.82601	0.364759
1.11408	0.777341	0.296315
0.319724	2.70609	0.235708
1.89059	0.223928	0.203521
0.89887	0.423859	1.78262
0.971213	0.288292	2.44588
0.930942	0.435644	1.55125
0.721481	1.14226	0.707468
0.333471	2.48499	0.418076
1.86468	0.233709	0.206167
1.85516	0.264981	0.22881
1.67745	0.234332	0.615207
0.596878	1.55283	0.377166
0.681573	1.06967	1.18145
1.71213	0.171008	0.986977
0.586361	0.352523	2.99487
0.221135	2.65882	1.56564
0.366471	0.206807	4.51219
0.529496	1.90011	0.277639
0.289715	2.95739	0.206251
0.443648	2.01981	0.415559
0.200782	3.26219	1.29643
1.78688	0.216261	0.449382
0.374399	1.94682	1.14555
1.54101	0.309774	0.60953
0.285907	2.75063	0.40346
0.638112	0.250311	3.17964
0.718286	0.248624	2.81106
0.858792	0.794395	1.6623
0.466165	1.81983	0.787789
0.595947	0.224836	3.48561
0.51063	0.966051	1.89169
1.30168	0.358338	1.24562
0.230391	2.2908	2.28717
0.240818	2.45904	1.96794
0.620005	0.229315	3.34682
0.738631	1.02096	1.0536
0.565138	0.236998	3.65364
0.341081	2.54361	0.402603
0.672249	0.216645	3.2578
0.585434	0.231843	3.60176
0.549564	0.217615	3.73163
0.358758	0.236007	4.17957
1.44272	0.319984	0.925565
0.603032	1.53557	0.630787
0.490497	1.47914	1.30381
0.398287	2.20656	0.390879
0.481165	0.911568	2.44475
1.75257	0.277093	0.29117
1.02348	0.258745	2.35028
0.565609	1.76686	0.258022
1.63575	0.294057	0.340208
1.31671	0.507441	0.600564
1.26551	0.460435	0.77767
0.321558	2.33163	1.05075
1.51985	0.276369	0.716415
0.308555	0.202983	4.91454
1.19947	0.394519	1.32966
0.294113	2.4971	0.791143
0.584476	1.64994	0.256972
0.418336	1.45122	1.40889
1.0101	0.23727	2.51213
1.07518	0.689209	0.813625
0.983626	0.312722	2.0875
0.2777	2.60244	0.745466
1.57992	0.401181	0.203249
0.65836	0.247857	2.88476
0.453112	1.30509	1.51773
0.668547	1.27786	1.01159
0.400693	0.204301	4.15894
1.47673	0.348501	0.453427
1.00377	0.280736	2.1059
0.398945	0.222563	4.04975
0.897004	0.89668	0.777814
1.08967	0.655944	0.73412
0.868847	0.259733	2.62315
0.459753	0.23494	3.8463
0.478676	1.05045	2.14987
0.632454	1.38947	0.559493
0.879576	0.336501	2.38835
0.470079	1.6181	1.36707
0.413375	0.274099	3.9435
0.649925	0.262096	2.9534
0.703091	0.293721	2.76102
0.373845	0.203551	4.40523
0.373586	0.205104	4.38545
1.12176	0.558815	1.20193
0.202186	3.56663	0.821162
0.963936	0.650361	1.46031
0.20162	3.31802	1.2371
0.282681	2.90177	0.214923
0.67377	0.209923	3.48716
1.18481	0.638082	0.377527
0.500666	2.05955	0.212082
0.483662	1.6948	0.839063
0.460893	1.41915	1.3985
0.945656	1.25003	0.267074
0.283887	2.71338	0.476629
0.660373	1.35027	0.761884
0.712426	0.818657	1.72696
0.822456	1.0963	0.472078
0.791523	0.29447	2.67284
0.312108	0.22991	4.82797
0.20214	3.71582	0.544086
0.415014	0.25145	3.93132
1.13458	0.614539	0.737685
0.623751	0.223303	3.34399
0.61272	1.54713	0.365209
0.20657	3.73571	0.522694
0.974863	0.632235	1.26396
0.413667	0.212738	4.02689
0.402986	1.67776	1.36864
0.84166	0.788417	1.69844
0.472536	0.229931	3.84695
0.776465	0.238033	2.71737
0.416372	1.79175	1.2012
0.709111	0.407378	2.62779
1.20778	0.277317	1.40473
0.609718	0.197827	3.73162
1.33697	0.505662	0.608739
0.704281	1.15813	1.09113
0.640564	1.72188	0.234276
1.34435	0.438852	0.67333
1.01822	0.711693	0.870958
1.15044	0.486597	1.15198
1.41178	0.366262	0.649502
0.431408	1.14122	2.01878
0.674544	0.242555	2.92326
0.93378	0.933438	0.443147
1.09859	0.245198	2.24897
0.230194	2.42015	2.01752
0.194243	3.35557	1.16982
0.523618	1.14991	1.74898
0.301799	2.63091	0.451975
0.683972	1.29787	0.865158
1.0366	0.910401	0.619687
1.05133	0.729799	0.792543
1.17523	0.29282	1.49057
0.204323	3.59306	0.776363
0.455212	1.11833	1.98543
0.349392	2.72257	0.223527
0.307484	0.235355	4.82887
0.279431	2.59551	0.771917
0.925125	0.332563	2.21924
1.66202	0.238982	0.744793
1.68677	0.298656	0.220642
0.49939	1.23626	1.43133
0.173324	3.72884	0.447339
1.83876	0.193672	0.687095
0.261891	0.204312	5.03902
0.43369	0.199721	4.0314
0.228505	2.41115	2.0315
0.365661	0.207942	4.49075
0.47123	1.35046	1.47983
0.17718	3.71718	0.475649
0.311088	0.209091	4.86613
1.43614	0.341009	1.0173
0.378619	2.24814	0.574971
0.569797	0.33408	3.44071
0.287865	2.67624	0.448425
1.02621	0.694141	0.938973
0.69032	0.283178	2.95946
0.175568	3.61216	0.656181
0.869814	0.467949	1.95448
0.44783	2.03887	0.356483
0.348186	0.206101	4.55651
0.857882	0.957314	0.972464
0.585209	1.44754	0.498984
0.578407	0.287141	3.55972
0.730885	1.38766	0.285655
0.289528	2.7488	0.316049
0.553364	1.70658	0.333738
0.549284	1.58758	0.838281
0.619006	0.266155	3.56216
0.500829	1.65533	1.07044
1.5878	0.233244	0.970258
0.196576	3.84015	0.350744
1.68339	0.292185	0.223445
1.71531	0.203766	1.18591
1.07854	0.74605	0.61872
0.837886	1.18153	0.208193
0.290913	2.63294	0.564596
0.367744	0.215632	4.24548
0.647369	0.300281	3.03396
0.626657	0.288239	3.16171
0.515069	0.931644	1.71066
0.671894	0.229062	3.41522
0.495894	1.77064	1.14261
0.192332	3.57411	0.77781
1.55692	0.311632	0.533658
0.732586	1.22199	0.761373
0.532666	0.898903	2.2856
1.14922	0.594394	0.714952
0.843911	0.461554	2.18897
0.643999	0.235041	3.35023
0.292569	2.58541	0.7018
0.30676	2.8667	0.232905
0.696755	0.366599	2.66816
0.194411	3.35272	1.1743
1.90995	0.220878	0.224484
1.4797	0.218483	1.3916
0.690941	0.655801	2.44915
0.24485	2.14925	2.54202
0.633462	0.838746	1.56145
1.35607	0.23681	1.39842
0.669871	0.295185	2.85975
0.364425	2.06914	1.18889
0.905232	0.321362	2.36848
0.454952	1.11617	1.94509
0.649298	1.28787	0.88624
1.31032	0.399536	0.928195
0.97474	0.827711	0.805522
1.37668	0.415423	0.666458
0.361076	1.52679	1.86439
1.61365	0.225851	0.9133
0.565811	1.75717	0.221955
0.988881	1.09339	0.261579
0.648925	0.295566	2.85271
0.402148	1.02063	2.62622
1.20648	0.272579	1.57163
0.278745	2.40862	1.13962
1.64064	0.284684	0.391896
1.22961	0.402426	1.20832
0.521715	1.77748	0.461225
0.89685	0.508108	1.59891
1.04442	0.606312	1.11183
0.193865	3.24723	1.29706
1.77787	0.269294	0.215204
0.527437	1.67233	0.488668
1.32743	0.63331	0.257135
0.763641	0.233071	2.97031
1.24317	0.249517	1.4514
0.926194	0.478227	1.6185
1.52231	0.278237	1.03209
1.40766	0.231645	1.43526
0.316505	2.18465	1.31403
0.395849	1.22808	2.22751
0.808457	0.540676	1.91208
0.968693	0.878029	0.534819
0.773345	1.25654	0.416281
0.449309	1.50433	1.38176
1.18066	0.239502	1.76894
0.751885	1.05595	0.807811
0.947484	0.808591	0.910791
1.12731	0.563101	1.10709
1.37352	0.581443	0.244727
0.573924	1.82487	0.195698
0.596301	1.00399	1.42776
0.601614	0.326122	3.10079
1.03278	0.434451	1.69001
0.196413	3.55175	0.83299
0.351076	0.208607	4.55245
1.27492	0.419085	0.991498
0.416083	2.34553	0.196963
1.53616	0.333376	0.360967
0.601902	0.276988	3.36209
0.918144	0.779857	1.18231
1.19444	0.739343	0.250824
1.59961	0.252075	0.652877
1.26092	0.432892	1.0604
1.48076	0.264091	1.22532
1.09461	0.230241	2.2338
0.508818	0.852152	2.49604
0.668416	0.728606	2.06366
1.65029	0.35187	0.251412
1.03796	0.279704	1.81081
0.880641	0.296149	2.59345
0.82287	0.915331	1.31772
0.426641	1.35311	1.43993
0.956167	0.81154	0.905861
0.757323	0.413962	2.64819
1.11688	0.564458	1.19565
0.184586	0.184586	6.18459
1.78952	0.265575	0.187423
1.49147	0.247824	1.19945
0.602979	0.211809	3.6618
0.312488	0.220452	4.84588
0.478736	0.214863	3.8097
0.300558	1.70652	1.92911
0.189837	3.98353	0.223003
0.243293	2.51872	1.8528
0.361681	2.79232	0.261293
0.703737	0.203175	3.21135
0.502873	1.66231	0.93373
0.236211	2.59195	1.69872
0.522281	0.251836	3.59372
0.714456	0.214882	2.99968
0.388584	0.201204	4.23679
0.663688	0.260419	2.81917
0.442651	2.10978	0.399438
1.29012	0.455334	0.687307
0.569707	0.338656	3.26159
0.297203	2.70913	0.447565
0.317758	2.05147	1.33266
0.384544	0.217627	4.15034
0.594111	0.276476	3.40195
1.2604	0.425885	0.947079
0.558054	1.53456	0.855236
0.521811	1.45723	1.10419
1.87788	0.203573	0.264949
0.967573	0.239637	2.38303
0.324732	1.39419	2.33412
0.993952	0.386743	1.756
0.59259	0.28376	3.3454
0.944102	0.484871	1.48233
0.377567	0.200287	4.3397
0.641124	0.265131	3.09629
0.843166	0.263955	2.60834
0.69181	0.646904	2.15677
0.225053	2.48113	1.87347
1.37859	0.523869	0.4344
0.949508	0.242238	2.51736
1.83924	0.193116	0.640067
0.254946	0.206061	4.99681
0.384157	0.229099	4.07097
1.61032	0.204258	1.26684
0.368578	0.211772	4.32127
0.279553	2.61429	0.621768
1.34429	0.198266	1.52296
1.09086	0.595463	1.05667
0.224024	2.16918	2.47174
0.542101	1.77178	0.276353
0.36173	0.197136	4.55607
0.824458	1.11898	0.397747
0.331282	1.44509	2.13254
0.579696	0.856718	1.97272
0.47252	0.219696	3.838
0.426889	2.25829	0.345115
1.05118	0.926542	0.534464
1.71387	0.234296	0.388009
0.339057	0.201052	4.64674
0.192991	3.49279	0.935504
1.03898	0.326311	1.53896
1.75639	0.199042	0.865323
0.896215	0.368056	2.21228
0.563056	0.906399	2.03491
0.280115	1.80319	1.62334
0.787583	0.95177	1.39297
0.393296	2.14911	0.602106
0.628976	0.248286	3.48968
1.22502	0.539331	0.572672
0.356394	0.214769	4.43522
0.357058	2.03001	1.3207
1.68673	0.289757	0.242978
0.621941	1.63015	0.239472
0.406013	1.9103	0.840451
0.853099	0.203268	2.75007
0.679328	0.213498	3.07093
1.4223	0.233261	1.40119
0.648435	1.43461	0.513019
1.39157	0.452757	0.395215
0.457739	1.0772	2.42609
0.74986	1.27468	0.324095
0.280604	2.64543	0.542892
0.671455	1.15904	1.18654
0.899165	0.395801	2.05808
0.781058	0.235692	2.68154
0.199607	3.32631	1.22217
0.495491	1.58619	1.03046
1.86541	0.237455	0.187431
0.881967	0.988777	0.830308
1.73249	0.230042	0.569332
1.24524	0.420943	0.969875
0.288125	2.66823	0.512142
0.928971	1.0672	0.188208
1.00696	0.798943	0.7967
0.428041	1.11607	2.06059
0.250741	0.197689	5.04072
0.412716	2.31806	0.298483
0.714363	0.706376	1.7883
0.359046	1.59935	1.70939
1.59063	0.218298	1.24173
0.399599	0.210965	3.93165
0.770231	0.302067	2.6745
0.758091	0.84438	1.47885
0.498806	1.95049	0.201476
0.813	0.207274	2.76835
0.217081	2.41288	1.9919
0.760096	1.23026	0.726883
0.243108	2.46993	1.9521
0.802977	0.577262	1.76683
0.879319	1.30451	0.243588
0.43683	0.192605	4.02545
1.17105	0.763032	0.329782
0.967155	0.46306	1.55501
0.349969	0.200461	4.58007
1.22119	0.218277	1.74537
0.345667	1.9701	1.36069
1.1453	0.272977	1.49155
0.35394	1.88344	1.36523
0.345155	0.217644	4.43372
0.846425	0.348202	2.4108
0.641785	1.57995	0.239055
1.24375	0.382639	1.18251
1.8173	0.194615	0.646028
0.587136	0.778388	2.15152
1.17566	0.258665	1.67722
0.40272	2.21724	0.421123
0.407638	0.2317	3.93116
0.698233	0.807778	1.48682
0.401547	2.42845	0.204241
1.17129	0.523606	0.890106
0.623678	1.3689	0.743246
1.13032	0.41507	1.37559
1.16034	0.403513	1.32875
0.873954	1.19818	0.309063
1.02027	0.566692	1.31914
1.471	0.450203	0.219118
0.928154	0.223933	2.57943
0.221534	2.38746	2.06037
0.471631	1.21276	1.46575
1.18194	0.731448	0.224806
0.173324	3.72884	0.447339
1.99305	0.186456	0.172755
2.11466	0.174369	0.173437
0.176041	4.04249	0.185315
2.03019	0.173224	0.1994
0.385605	0.765535	3.48601
0.608829	0.308261	3.29858
0.410843	0.859234	3.00737
0.796038	0.23398	2.81311
2.06543	0.177201	0.172865
0.185166	3.19364	1.32458
0.196331	2.36144	2.03693
0.215937	2.43717	1.93672
0.175077	3.77808	0.380223
0.668542	0.232055	3.22132
1.98109	0.189062	0.211202
0.387161	0.200527	4.31817
0.174595	3.65206	0.57988
0.311205	0.262734	4.46153
1.82679	0.20556	0.258978
0.398942	0.85151	3.08348
0.737842	1.21576	0.396339
0.180921	3.99113	0.20695
0.716375	0.587475	1.88349
1.92558	0.183928	0.42616
0.321758	0.256493	4.39742
0.420853	1.17286	1.7562
0.179047	3.52556	0.832653
1.24635	0.530434	0.669988
0.550211	1.06681	1.71004
0.374643	2.07697	0.727792
1.38555	0.293851	1.23772
0.98971	0.248251	2.40359
0.404608	1.96748	0.721674
0.327077	0.275149	4.21531
1.45695	0.373196	0.414338
0.488307	1.05215	2.33382
0.17742	3.0447	1.37245
0.219474	2.59513	1.65001
0.292871	0.273102	4.79223
0.887829	0.251885	2.52664
0.288525	1.76608	1.59219
1.69894	0.222971	0.807611
0.391272	1.26621	1.94318
0.541285	1.54562	0.687422
0.18047	3.48785	0.908741
1.62408	0.352339	0.26182
1.78773	0.21789	0.201133
1.20815	0.3946	1.13017
0.728551	1.00227	0.942843
0.35794	2.01633	1.01592
0.75698	1.28666	0.188795
0.197295	2.29782	2.1741
0.828095	0.41101	2.24728
0.913976	0.243078	2.58355
0.264456	0.212233	5.00449
2.11352	0.175255	0.174163
0.45838	0.9479	2.64972
1.01083	0.708466	1.19255
1.27274	0.548228	0.512886
0.382766	2.25228	0.319425
0.354642	2.64818	0.298321
0.592696	1.60989	0.618211
0.206477	2.55138	1.6872
0.429246	1.75779	1.30241
1.60618	0.213174	1.10671
0.694577	1.31838	0.413627
0.786304	0.787197	1.49908
0.814811	1.09483	0.872596
0.676871	1.41467	0.612039
0.177348	3.92111	0.239124
1.19864	0.637067	0.37963
0.996185	0.972644	0.448291
1.17854	0.492566	1.12104
1.64111	0.281728	0.35363
1.72579	0.230218	0.528216
0.415448	0.920688	2.73418
1.35507	0.213596	1.40329
0.178219	2.90161	1.37853
0.175666	2.75172	1.40561
0.518819	0.301352	3.80419
0.337446	0.237427	4.56861
0.862537	0.310555	2.55584
1.88973	0.186277	0.35093
1.48629	0.361768	0.396904
0.319872	0.268588	4.23228
0.817892	1.14389	0.359749
0.299381	1.64086	2.02196
1.85645	0.22711	0.179726
0.850218	0.486262	1.83513
0.83819	0.428029	2.09795
0.204037	2.48376	1.80506
1.0822	0.598814	1.17062
0.736204	0.500897	2.28182
0.2073	2.51363	1.75718
0.873211	0.984848	0.338168
0.183142	3.46013	0.96784
0.20823	2.56985	1.66109
0.674159	0.887366	1.50268
0.349314	2.18574	1.09248
0.179816	3.63756	0.621013
0.468951	1.92939	0.477234
1.42663	0.36658	0.537769
1.52394	0.338218	0.396202
0.17742	3.0447	1.37245
0.396403	1.90322	0.996385
0.178443	3.35659	1.1293
0.317381	0.251069	4.54219
0.396897	1.71491	1.39021
0.935728	0.941081	0.850415
0.501226	1.53089	1.19026
0.689924	1.35467	0.401999
0.430766	1.01751	2.68106
0.899133	0.544649	1.77651
0.529665	1.46509	0.822407
1.58583	0.219602	0.890454
0.464984	1.83394	1.07619
0.327612	1.38203	2.14864
1.55026	0.243357	1.14265
0.703044	1.48621	0.324443
0.578243	1.05138	1.51849
1.11652	0.712662	0.492931
0.517919	1.67082	1.06098
0.767753	0.491242	2.45247
0.659164	0.28945	2.7604
0.960953	0.630736	1.32299
1.92558	0.183928	0.42616
0.386709	0.853792	3.14836
0.365428	0.862154	2.75326
0.780018	0.311111	2.67069
1.01814	0.689396	0.78487
1.43826	0.305804	0.885187
0.353097	1.38816	1.53497
1.36307	0.265722	1.36365
0.385801	2.13603	0.690346
0.331116	2.29601	0.95507
0.303294	0.250161	4.63917
1.12686	0.329702	1.44699
1.73524	0.192537	0.736091
0.923733	0.425924	1.61613
0.838201	0.287593	2.69867
1.67909	0.301292	0.231745
0.182596	3.42455	1.02974
1.88608	0.194555	0.259611
0.30553	1.35478	2.2723
1.40379	0.36351	0.654391
1.16023	0.662245	0.421655
1.56032	0.255471	0.764569
0.574536	1.51381	0.811852
0.264456	0.212233	5.00449
0.460654	1.06515	2.04942
0.433611	0.193072	4.03777
1.29116	0.528396	0.537318
1.84908	0.203149	0.202568
0.440242	1.62798	1.35282
0.945839	0.578094	1.42309
0.180613	3.40842	1.05198
1.14269	0.621479	0.643449
0.305415	2.76337	0.348045
1.14764	0.67915	1.01059
0.53622	0.941882	2.45792
0.585561	0.892111	1.76338
1.68033	0.268864	0.406235
0.661665	1.27027	1.15946
0.642936	0.403153	2.85278
1.10148	0.279062	1.77885
1.8217	0.232615	0.301923
0.334151	2.22852	0.870429
0.507676	1.62006	0.891085
0.396016	1.91776	1.14075
1.44997	0.511548	0.303119
0.4423	0.238054	3.96383
0.705195	1.06743	1.22275
1.57852	0.339915	0.276022
0.802863	0.645933	1.80156
0.48498	1.16289	1.74119
0.532156	1.69503	0.577973
0.471139	1.65364	1.11748
0.384004	2.26264	0.47256
1.52179	0.518312	0.265149
0.435999	0.239001	3.96237
0.833416	1.21319	0.210525
0.294904	1.98701	1.42461
0.55391	0.770602	2.15339
0.470557	1.22462	1.57414
1.65196	0.247871	0.802961
1.48813	0.3919	0.37749
1.09802	0.272181	2.28142
1.77672	0.267173	0.239514
0.44291	1.72934	1.29955
1.51129	0.312361	0.962706
0.200123	3.29423	1.26179
0.516941	1.38242	1.36395
0.432523	1.80537	1.15459
0.66192	0.232796	3.49481
0.384964	1.29631	2.20007
0.859615	0.83803	1.47116
0.205685	3.72629	0.535958
0.579866	1.44597	1.01662
0.354853	2.16023	0.847507
1.47723	0.280042	1.20355
0.477482	1.84541	0.707827
0.287576	2.0958	1.40396
1.79249	0.239433	0.400607
0.948597	0.261566	2.54361
0.238685	2.34768	2.19804
1.04654	0.575373	1.37394
0.40563	2.02289	0.782491
1.07797	0.398673	1.51298
0.305628	2.71142	0.446678
0.39655	2.20557	0.435485
1.00172	0.293034	1.97425
0.376465	0.233263	4.13612
0.938449	0.276363	2.56436
1.60894	0.265668	0.806747
1.28967	0.60198	0.47079
0.4287	2.15213	0.415663
0.550645	0.947604	1.92494
0.668564	1.01553	1.44037
0.868508	0.637479	1.63155
0.529227	1.50022	1.25994
1.31291	0.590485	0.27534
1.38586	0.387225	0.593505
1.01366	0.708157	1.34402
1.43924	0.367689	0.60265
1.05088	0.285104	2.05789
0.458221	1.94174	0.455404
0.682218	1.33772	0.693349
1.02291	0.543639	1.45353
1.15541	0.324177	1.40813
0.758354	0.270778	2.70168
1.3087	0.445505	0.623176
0.632763	1.51009	0.526045
0.783748	0.270373	2.65592
1.63634	0.255569	0.617792
1.25562	0.481958	0.927556
0.415341	1.35592	1.53395
0.522917	1.57825	1.13061
0.730859	0.288804	2.76922
1.40472	0.490885	0.478196
0.72412	1.0998	1.04159
1.06523	0.523684	1.24841
0.290955	1.95374	1.43227
0.526624	0.800649	2.58375
1.7475	0.262586	0.275231
0.690807	0.971161	1.45024
0.967761	0.367553	1.99313
1.62468	0.263038	0.798637
0.801984	1.12785	0.784014
0.893099	0.817468	1.33628
1.35462	0.375526	1.05201
1.35758	0.345971	1.18825
1.3683	0.290709	1.36816
0.299356	2.67458	0.510346
2.0368	0.172331	0.168613
0.167579	4.09545	0.169063
1.71213	0.171008	0.986977
2.00642	0.179125	0.167951
0.225605	0.179472	5.05159
0.167841	3.50014	0.848753
1.62711	0.232045	0.555769
0.412838	1.19363	2.04459
0.631392	1.25775	1.09
0.35222	0.197734	4.1624
1.8196	0.177423	0.421755
0.191417	3.61074	0.704734
0.437289	0.857886	3.07851
0.878135	0.289522	2.22766
1.2401	0.366072	1.11642
0.21238	2.20202	2.39463
0.499775	0.432766	3.72225
0.477869	1.51226	1.12857
0.408326	0.842747	3.64247
0.852955	0.605248	1.69588
0.359485	0.206094	4.1037
0.175143	3.13075	1.34487
0.840195	0.307198	2.5925
0.200039	2.63981	1.54203
0.284781	2.69061	0.39385
1.00723	0.242657	2.38473
0.465548	0.862285	2.99251
0.172194	3.89935	0.245979
0.313998	1.58201	2.08988
0.338003	0.2004	4.38165
0.173652	4.06025	0.179364
0.180697	3.35221	1.14144
0.932267	0.821909	0.789227
0.784339	0.309458	2.46911
1.85352	0.19245	0.266664
0.585813	0.458237	2.87383
1.91124	0.192119	0.196498
0.309056	0.19199	4.72453
0.41685	1.84327	0.681594
0.203674	2.57032	1.64843
0.400499	1.00967	2.32772
0.672322	1.0705	1.05315
0.800033	0.576971	1.9087
0.383855	0.180526	4.28514
0.450496	0.778028	3.5799
0.817037	0.346941	2.15421
0.442563	0.778961	3.4911
1.10967	0.583318	0.978579
0.711936	0.229469	3.15598
0.275998	0.199701	4.95136
0.438497	1.98611	0.257433
0.986435	0.516368	1.42672
0.299801	0.209821	4.54378
1.58888	0.288635	0.332362
0.245749	2.0919	1.38174
1.07778	0.266243	1.54931
0.176125	3.07101	1.36614
1.95978	0.171914	0.206746
1.11417	0.202451	1.8843
0.174918	2.82024	1.38261
1.94805	0.190788	0.17301
1.7869	0.201991	0.272734
0.175153	2.89207	1.37563
0.180185	2.75113	1.41257
0.417967	0.688369	3.89726
0.824548	1.16613	0.530326
0.168558	3.78268	0.358977
0.369	2.41289	0.327554
0.484476	0.948989	2.74308
1.75752	0.250239	0.178074
0.527627	0.215053	3.80216
1.98769	0.176904	0.192773
0.173633	2.97412	1.37341
0.282148	2.52655	0.814424
0.678734	0.525098	2.68911
0.177689	3.2417	1.27083
1.03665	0.313317	1.6162
1.44888	0.287249	0.768564
0.758173	0.555086	2.09495
0.329955	2.1543	0.877161
1.29736	0.388848	0.666046
0.269655	2.37558	1.22315
1.37987	0.28183	1.11358
0.972157	0.23553	2.51044
0.97764	0.72469	0.995688
0.259752	2.48881	0.91293
0.178079	3.19802	1.30918
0.346293	0.181392	4.6105
0.962344	0.37394	1.61836
0.173458	3.47007	0.921918
0.665965	1.36905	0.383044
1.47315	0.292806	0.602483
0.371591	1.33884	1.69714
0.254716	2.34839	1.23078
0.53725	1.75441	0.237193
0.177689	3.30667	1.19733
0.210159	2.12114	2.50005
0.204219	2.22574	2.33285
1.05472	0.769239	0.422543
0.520763	1.74309	0.249881
0.918541	0.294689	1.96862
0.592587	0.238885	3.5127
1.2195	0.515269	0.493675
0.170171	3.97448	0.198627
1.55136	0.353335	0.280569
0.321656	1.91321	1.41246
1.87348	0.172664	0.390463
0.394522	0.17758	4.02336
0.294876	0.184247	4.8321
1.31501	0.38247	1.0317
0.264622	0.192628	4.96168
1.1853	0.64272	0.451233
0.28828	2.60643	0.608748
1.50274	0.272769	1.08999
0.170811	3.4176	1.00953
0.666101	0.249594	3.27248
0.411334	1.70377	1.16803
1.48945	0.351065	0.307129
0.252179	2.31413	1.27919
0.175493	2.92287	1.37551
0.559718	1.60374	0.635353
0.31869	1.62695	1.93833
0.463658	1.81118	0.774111
0.303519	0.184107	4.83472
0.398144	1.79248	1.29241
0.327328	0.190717	4.66484
0.909911	0.340773	1.76631
0.506749	0.965299	2.26277
0.172528	3.75203	0.410581
0.56081	0.425298	3.33365
0.909689	0.667484	1.15931
1.2745	0.404249	0.804034
0.391715	2.00584	0.704894
0.921506	0.616456	1.49635
0.171295	3.84749	0.290094
0.94468	0.875726	0.593867
1.13471	0.307765	1.37925
1.39957	0.33383	1.09802
0.34565	0.185132	4.45342
0.218971	0.181129	5.0505
0.481579	1.30087	1.35509
0.170171	3.97448	0.198627
1.17403	0.491316	0.757276
1.16099	0.472325	0.877551
0.646414	0.863615	1.55018
0.325356	2.27299	1.076
1.35953	0.458652	0.470537
0.920263	0.66379	1.47234
0.604377	1.43912	0.730871
0.809595	0.315531	2.36522
0.46682	2.05155	0.18009
0.173454	3.28259	1.21773
0.507752	0.221435	3.8009
1.52618	0.396575	0.190848
1.57773	0.21749	0.963277
0.495053	0.986208	1.80253
0.610296	1.36381	0.81109
0.178143	3.61184	0.664202
0.324182	0.215982	4.29267
0.310322	0.204496	4.47506
0.396127	0.924324	3.32355
1.35398	0.334123	0.940244
0.548299	1.42485	0.97525
0.260432	2.54717	0.74733
1.3973	0.411583	0.584055
0.33988	2.47169	0.426287
1.04257	0.507754	1.20291
0.730662	1.31407	0.34454
0.38548	0.180767	4.02336
2.0094	0.175483	0.173514
1.65656	0.290854	0.202466
0.393272	0.89106	3.50571
0.178207	3.71316	0.484834
0.751176	1.35707	0.239854
0.291825	2.28844	0.857669
0.676976	0.550878	2.6387
0.173628	3.0721	1.36282
0.402887	2.03418	0.348886
0.3717	2.1048	0.650229
1.69014	0.277873	0.34454
1.43405	0.354186	0.428768
1.28093	0.244438	1.4076
1.56421	0.291121	0.301738
1.06029	0.716054	0.495551
1.7293	0.210561	0.395289
0.544153	1.08684	1.58885
1.52764	0.233242	1.12635
1.68264	0.288269	0.182555
1.65309	0.287807	0.493807
1.85711	0.241619	0.190597
0.807302	0.233456	2.7839
0.214186	2.67064	1.53691
0.192215	3.89071	0.289787
0.665459	0.218553	3.31313
0.260238	1.51542	2.44676
1.69684	0.252243	0.475424
0.306795	2.73126	0.249146
0.705539	0.279273	2.65105
1.42983	0.372065	0.561478
0.378966	2.22208	0.477272
0.369819	2.04696	0.859331
0.696835	0.228611	2.89949
0.446961	1.18025	1.7402
0.264665	1.62509	2.15518
0.197146	3.59607	0.749547
0.464028	1.9695	0.277495
0.375961	2.16406	0.66203
0.926559	0.419403	1.6851
0.628937	0.220598	3.41173
0.388685	0.197808	4.40104
0.937412	0.897643	0.506945
0.67529	0.2321	3.02795
1.25985	0.436631	0.90458
1.01461	0.748099	0.887903
1.73969	0.213963	0.953329
1.47985	0.32285	0.730731
0.499202	0.292179	3.78919
0.202615	3.33703	1.21519
1.29422	0.52691	0.299786
0.711711	0.219315	3.24542
0.467275	0.249768	3.85001
0.436777	0.192872	4.05662
0.283483	2.05547	1.40268
1.56806	0.238536	1.18829
0.537035	0.258613	3.70005
0.893017	0.255084	2.56967
0.570884	0.271221	3.46023
0.351049	2.62448	0.483233
0.530688	0.299674	3.65351
0.340141	0.227229	4.5593
0.291385	2.3918	1.00953
1.58434	0.248699	1.02715
0.301963	2.54075	0.608426
0.64186	1.35914	0.702496
0.448593	1.8812	0.703021
0.417088	1.92731	0.840058
0.541958	1.55846	0.844999
0.293386	2.31537	1.20886
0.426861	1.08316	2.03175
0.197323	3.28408	1.26709
0.318167	2.52135	0.635927
1.40317	0.279694	1.26176
0.611642	0.267334	3.53523
0.334533	0.310348	4.07479
0.91079	0.781769	1.11145
0.574585	0.265933	3.57031
0.362428	1.28493	1.94641
0.220226	2.45431	1.91403
1.50872	0.36172	0.284858
0.579296	0.335363	3.17964
0.214183	2.42072	1.96609
1.60803	0.295652	0.5134
0.558918	0.956995	1.61589
1.34663	0.457638	0.598901
0.312753	2.58325	0.532811
0.391044	2.09869	0.716095
0.454363	0.239214	3.94298
0.974762	0.303428	2.14461
0.326899	1.48348	2.00125
0.564581	0.352044	3.14305
0.330395	2.4671	0.63786
0.399404	1.14598	2.07397
0.415504	0.194891	4.23572
0.988679	0.817443	0.503615
0.337681	1.83848	1.40751
1.88287	0.22017	0.233117
0.799451	0.488963	1.81786
0.46834	1.05473	2.50602
0.197764	3.50365	0.92886
0.777936	0.672921	1.84627
1.37083	0.213062	1.48379
0.452618	0.223888	3.97767
0.656978	1.32022	0.539682
0.414918	0.198386	4.16957
0.865112	1.20844	0.294675
0.212697	2.27238	2.27087
0.472055	1.77854	0.672348
0.835886	0.380888	2.29264
1.68168	0.213174	1.16619
0.955968	0.718186	0.965346
0.354699	0.226969	4.33532
0.621855	1.45975	0.451839
0.345085	0.226616	4.47828
0.495465	1.71871	0.566809
0.536503	1.8055	0.256991
1.46338	0.334497	0.840533
0.403846	1.94691	0.924123
1.23755	0.264939	1.44409
0.290654	0.274905	4.78626
1.62123	0.286849	0.66209
0.602746	1.59567	0.494502
1.12329	0.320681	1.46627
0.473788	2.12106	0.194945
0.971198	0.807087	0.783757
0.312929	1.38612	2.17316
1.11339	0.267476	1.58834
1.09082	0.216591	2.38077
0.502405	1.40851	1.34856
0.685529	0.91954	1.48623
1.20846	0.637464	0.342663
1.10232	0.666282	0.579938
0.792634	1.19031	0.502437
0.654038	0.250091	3.03524
1.46355	0.413165	0.417573
0.877599	0.395129	1.88741
0.817022	0.693349	1.42651
0.843006	1.24199	0.197629
0.592867	1.67585	0.31331
0.561102	1.66006	0.382084
1.32148	0.231927	1.423
0.64779	1.1036	1.3287
1.15469	0.764653	0.433595
0.477722	1.07193	2.32341
1.25619	0.549577	0.490938
0.717472	1.29193	0.344647
0.726299	0.242645	2.8605
0.997654	0.311907	2.08792
1.76017	0.275434	0.205811
0.753292	1.12556	0.913166
1.90834	0.237063	0.199757
0.394549	2.28336	0.386207
0.819301	1.23626	0.291855
1.08247	0.547503	1.23216
1.64219	0.290738	0.359581
0.947538	0.968029	0.298469
0.29391	0.278107	4.78512
1.29763	0.440944	0.794726
1.07699	0.578638	1.11242
0.587845	1.31294	1.44737
0.699288	1.43673	0.326589
1.35187	0.376048	0.844723
0.998606	0.416937	1.50566
0.352539	1.2461	2.47335
0.543079	0.759537	2.2744
0.17718	3.71718	0.475649
1.99819	0.193784	0.183648
0.182807	4.10104	0.184965
1.53056	0.190026	1.36866
1.85781	0.222678	0.181196
0.246443	2.11691	2.57672
0.207875	2.60888	1.6007
1.49133	0.318035	1.02325
0.352425	1.67359	1.50697
0.188658	2.51613	1.69982
0.580202	0.389703	3.09838
0.180808	3.46486	0.952561
0.609466	0.371484	3.10378
0.190626	2.70978	1.4551
0.198406	3.27353	1.28045
0.180981	3.39445	1.07622
1.26212	0.247359	1.54786
1.77645	0.209661	0.543627
0.18934	2.64209	1.5162
0.18397	4.04224	0.195023
0.950204	0.913203	0.379635
0.202461	3.77806	0.446201
0.808985	0.479212	2.05931
1.81779	0.206274	0.306442
0.647915	0.348992	2.98249
1.96317	0.195053	0.19196
1.10773	0.712753	0.354565
0.708827	0.985221	1.32826
1.23923	0.663316	0.241751
1.87226	0.195397	0.30532
0.816687	0.410937	2.35996
0.361996	1.31737	1.66557
1.09617	0.728166	0.735965
0.502435	1.70769	0.702468
0.373166	1.97804	1.04154
0.319163	2.34096	0.767905
0.47102	1.90432	0.394298
0.397851	1.58596	1.36965
0.483791	1.86845	0.610382
0.86937	0.397189	2.2659
0.193015	3.82858	0.35665
0.990645	0.351845	1.82305
1.29259	0.361034	1.27861
1.19823	0.639775	0.287135
0.970757	0.50628	1.43905
0.390528	2.06701	0.511025
0.5581	0.876064	2.0526
0.681055	1.09983	1.10782
1.34778	0.470324	0.362316
1.7486	0.22441	0.339952
1.61543	0.238922	0.715171
0.183086	3.9629	0.223118
0.327407	1.47206	1.71187
0.18847	3.89479	0.279159
0.345766	1.20068	2.16772
0.789295	0.470191	2.20658
0.491979	1.43179	1.30987
0.602297	1.35549	0.81961
0.520956	0.821124	2.39257
0.23384	2.36095	2.15531
1.32393	0.582432	0.208074
0.454417	1.0584	2.25407
0.194752	2.80651	1.41086
1.40356	0.321541	1.12549
1.42706	0.461887	0.321921
1.72384	0.259307	0.332911
0.719635	1.49854	0.262998
1.58923	0.300075	0.381194
1.00751	0.500883	1.38152
0.221802	2.39375	2.04772
0.188019	2.75998	1.41991
0.199354	3.5931	0.761732
1.17793	0.526064	0.826344
0.194423	3.65093	0.637906
0.694088	1.12125	1.00149
0.1837	3.98388	0.213933
0.249649	2.06146	2.62027
0.478591	1.83851	0.724762
0.399058	1.06736	2.5113
1.80364	0.265293	0.301847
1.70149	0.290098	0.186634
1.3886	0.442165	0.440172
0.386124	2.02369	0.918256
0.833794	0.788668	1.28557
0.296525	2.90401	0.2362
0.443974	1.25773	1.41401
0.943241	0.326244	2.12962
1.90909	0.214249	0.18603
0.53686	0.371726	3.53953
1.67933	0.275807	0.206767
0.745909	1.02068	1.28987
0.228561	2.49434	1.85734
0.619624	1.75296	0.216198
0.661718	1.43814	0.438127
0.636715	0.354763	2.97846
1.99005	0.195427	0.183963
0.201264	3.54232	0.865369
0.567982	1.78142	0.240588
1.14717	0.541929	1.00527
0.928222	0.797681	0.986718
0.552352	0.764033	2.39807
1.4622	0.372773	0.382383
1.37886	0.406003	0.895895
1.73684	0.224959	0.453694
1.56388	0.271695	1.14197
0.930893	0.894429	0.549421
0.186671	3.33676	1.1781
0.608744	0.832423	1.4541
0.182083	3.36364	1.12778
0.181017	3.16097	1.33837
0.422626	1.38878	1.50874
0.193193	3.67466	0.591299
1.32572	0.416861	0.535462
0.504873	1.5737	0.947317
1.21117	0.267891	1.40082
1.45505	0.375189	0.421673
1.25783	0.537641	0.359739
0.432376	1.49966	1.35836
0.186004	3.14992	1.3518
1.31293	0.559645	0.303631
0.408683	1.17407	1.66124
0.529991	1.25563	1.39119
0.417236	1.80029	1.19116
1.57513	0.304801	0.704125
1.2267	0.466468	0.922204
0.544782	0.783022	2.40166
0.1964	2.73758	1.44555
0.508002	1.94468	0.374686
0.594509	1.08508	1.41198
1.54707	0.303438	0.842944
1.63845	0.309415	0.308692
0.412633	2.3997	0.278099
0.180808	3.46486	0.952561
1.66698	0.337484	0.202696
1.49923	0.214737	1.39869
0.304706	0.441482	4.44602
0.31706	0.482269	4.11375
0.880666	0.487495	1.93058
0.272507	2.58505	1.81083
1.52147	0.331076	0.490018
1.26548	0.289798	1.42668
0.769305	1.44715	0.276098
0.657171	1.64436	0.316015
1.1101	0.398666	1.59697
1.20961	0.618134	0.716649
0.445135	2.30025	0.255434
0.494298	0.989622	2.50329
1.30092	0.654753	0.306468
0.905896	0.502063	1.85927
0.268115	0.373455	4.82516
1.00562	0.896345	0.656863
1.46942	0.471051	0.251582
1.12587	0.900308	0.384199
0.574492	1.26449	1.44977
0.62314	0.335668	3.26064
1.42575	0.470663	0.496694
0.759449	0.334922	2.74195
0.309998	0.463284	4.23675
1.14029	0.584376	1.21689
0.646937	1.73072	0.236253
0.345182	1.62831	2.15912
1.14842	0.685104	0.925201
0.588291	1.06718	1.87976
0.273834	0.388009	4.72079
0.346982	1.61864	2.20208
0.810006	0.537406	2.41594
1.59197	0.299702	0.462921
0.821873	1.17613	0.707933
0.9263	0.659149	1.49659
0.939579	0.957931	0.749302
0.630314	1.12539	1.53639
1.08313	0.402632	1.57369
0.520128	1.62924	1.10453
1.19421	0.806981	0.380697
0.564265	1.27185	1.729
0.220485	0.164028	5.0366
0.182857	4.16324	0.182887
0.184221	0.184221	6.18422
2.01126	0.195353	0.181785
0.182857	4.16324	0.182887
0.288619	0.195319	4.9387
0.630112	0.235018	3.48105
1.55713	0.287234	0.74738
1.33518	0.339864	1.12142
0.21684	2.59396	1.64511
0.266078	2.09747	2.62553
0.39438	0.855529	2.85001
0.207206	2.51331	1.75751
0.190571	3.29656	1.23858
0.936339	0.613369	1.50333
0.337227	0.202913	4.44678
0.516183	0.261639	3.66925
0.329596	0.187821	4.79903
0.221401	2.63332	1.59907
0.750081	0.208803	2.98373
1.68706	0.2673	0.347822
1.66526	0.221255	0.790237
0.280542	1.83926	1.73351
0.671473	0.218424	3.38826
0.309142	0.781343	4.3615
1.15777	0.654175	0.538556
0.184207	3.86717	0.296312
0.590869	1.73647	0.182434
2.02634	0.188724	0.191245
0.386655	0.220913	3.93374
1.50963	0.292034	0.57198
0.962031	0.260999	2.52545
1.71485	0.265095	0.455009
0.229148	2.33014	2.205
0.983935	0.75429	0.672219
0.350592	2.12967	1.01619
0.469472	0.375496	3.30057
1.82512	0.191716	0.754787
0.296919	1.81185	1.8763
0.188449	3.37255	1.13027
0.372933	0.200968	4.14111
0.324379	0.210776	4.60834
0.211747	3.61016	0.765131
0.197196	3.50938	0.916394
0.609953	0.293493	2.90717
0.191989	3.44381	1.02187
0.53563	0.282031	3.24088
1.73405	0.206858	0.776375
0.186174	3.54422	0.817527
0.356766	2.18393	0.852967
0.188815	3.70394	0.528316
0.34372	0.191838	4.58157
1.03871	0.240021	2.45183
0.299984	2.79697	0.237145
0.201647	2.34611	2.08637
0.623948	0.255993	3.44109
0.18864	3.64014	0.641392
0.297011	2.84266	0.207574
1.86185	0.234278	0.281732
1.13799	0.488931	1.31724
1.27732	0.357392	1.27519
0.657012	0.48576	2.70513
1.58042	0.254692	1.08617
0.877984	0.40333	1.94137
0.529898	0.25858	3.77121
0.680609	0.772673	2.27825
0.768563	1.14468	0.518283
0.640228	1.32044	1.19683
1.63191	0.248993	0.634427
0.441176	1.35364	1.40471
0.727527	1.26172	0.388843
0.72377	1.44168	0.184918
0.574078	1.80028	0.224691
0.686964	0.230532	3.15123
0.330239	0.222041	4.27656
0.377394	2.05632	0.981159
0.457285	1.93515	0.617877
0.296497	2.90802	0.195174
0.544627	0.241785	3.68159
0.538851	1.53708	1.00123
1.11825	0.311956	1.55618
1.21931	0.537715	0.552504
0.431067	0.20672	3.96551
1.47966	0.559978	0.25719
0.337807	1.21276	2.41287
0.774801	0.186717	2.96886
1.7849	0.25098	0.30576
0.459311	1.98525	0.430059
0.366432	0.216751	4.0489
1.44595	0.388526	0.407248
0.192032	3.14323	1.36372
0.922028	0.883322	0.636964
0.550134	1.58242	0.8355
0.863493	0.993275	0.396836
0.241347	2.25195	2.38891
1.60334	0.295833	0.476427
0.324134	2.44544	0.824026
0.480946	1.68058	0.968264
1.2246	0.502982	0.76462
0.434515	0.265773	3.81622
0.526411	1.65899	0.707919
1.09271	0.242518	1.68609
0.422951	1.11472	2.18063
0.848715	0.491028	2.05342
1.36923	0.254148	1.40393
0.885176	0.664709	1.46671
0.790779	1.13978	0.388448
0.708014	1.09377	0.895615
1.30404	0.337307	1.24148
0.816182	0.257386	2.57808
0.190763	3.80646	0.379152
0.413284	2.21335	0.24852
0.466671	1.57265	1.29477
0.734241	1.07456	0.94058
0.643685	0.295047	2.77299
0.832149	0.978246	0.870465
1.01507	0.802671	0.408114
0.39026	1.9592	1.21975
0.380016	0.211229	4.0421
0.645342	0.238738	3.14372
1.43044	0.365878	0.633692
1.41072	0.472231	0.265942
0.998522	0.810034	0.587984
0.343785	0.200321	4.38646
0.534905	1.6255	0.727479
1.02143	0.306237	2.01421
1.46913	0.296409	1.03813
1.20909	0.422112	1.13371
0.701661	0.682546	1.66996
1.49753	0.325293	0.656768
0.567215	0.873685	1.94151
1.29868	0.43291	0.575619
0.330239	0.222041	4.27656
0.881812	1.03673	0.283238
0.279019	2.03579	2.6701
0.232341	2.2595	2.35096
0.355945	0.212745	4.14103
0.438701	1.41069	1.3805
0.803208	0.277019	2.56048
0.699525	0.294539	2.75014
1.75991	0.243021	0.367585
0.912935	0.320302	2.32993
0.524589	1.77339	0.324744
1.3903	0.357072	0.677265
1.18553	0.477936	1.04722
0.506316	1.72292	0.461731
0.678268	0.237051	3.06672
1.1148	0.718046	0.521782
0.187482	3.11835	1.36718
0.990101	0.947759	0.241833
0.771848	0.907627	1.24683
1.24041	0.583137	0.474739
0.652563	0.249961	3.06656
0.71084	0.834978	1.38481
0.651934	1.38409	0.933113
0.362429	2.27262	0.566758
0.220485	0.164028	5.0366
2.13412	0.16425	0.164074
0.164291	4.15168	0.164299
0.164291	4.14801	0.164308
0.218543	0.165232	5.03735
1.91429	0.192182	0.162867
0.221975	2.18896	2.43901
0.167015	2.9822	1.3664
0.232842	0.371643	4.86568
0.478852	0.229425	3.82715
0.165033	3.08224	1.3492
0.606425	0.25294	3.11685
0.596295	1.39102	0.697709
0.683053	0.225923	3.00052
1.36495	0.46438	0.404527
1.84187	0.180801	0.497287
0.546489	0.201027	3.73994
1.18536	0.204265	1.90225
0.355352	0.183317	4.52101
0.499657	0.768903	2.62061
0.172483	3.64039	0.595072
1.41324	0.384587	0.953145
0.175809	2.91295	1.3759
0.313241	2.78161	0.204294
0.186928	3.82699	0.345208
0.629302	0.223198	3.32587
0.17179	3.14334	1.33371
0.206143	2.36416	2.06192
0.173081	3.22814	1.27472
0.398434	1.05695	2.52958
0.373796	2.04016	0.660388
0.26819	0.208501	4.71564
0.604921	0.24468	3.26337
0.556285	0.26133	3.58042
0.332743	0.214715	4.1056
0.19823	2.32091	2.12902
0.747031	0.603591	1.93486
0.709131	0.225266	2.72213
0.679013	0.271983	2.74081
2.01686	0.174639	0.16503
0.385031	1.28154	1.85854
1.2891	0.532621	0.410615
0.721142	1.36031	0.265992
0.243196	0.44494	4.3029
0.696645	1.51724	0.330053
1.51206	0.258727	0.888904
2.08283	0.164265	0.170458
1.94807	0.175425	0.415262
0.416749	2.2507	0.349495
1.14049	0.195899	2.22307
0.791627	0.924082	0.874903
0.655639	0.270323	2.81019
0.185379	2.59483	1.56642
0.934187	0.278816	2.32549
0.212004	2.69075	1.51148
0.49883	1.47281	1.10995
0.251815	0.413544	4.04582
0.361195	1.32303	2.00939
0.406082	1.03853	2.26531
0.165686	3.89458	0.238155
0.491416	1.72361	0.427546
0.570311	0.733351	2.0976
0.169878	4.07642	0.173091
0.178755	3.99184	0.203654
0.174821	3.92995	0.229116
0.429496	1.11832	1.96863
0.707404	0.820459	1.44352
0.762954	1.20473	0.24451
1.79933	0.209582	0.305774
0.425539	1.22506	1.61811
0.324062	0.185424	4.63905
1.32617	0.481242	0.510569
1.02084	0.247577	2.14545
0.555328	0.24885	3.66722
0.247849	0.465489	4.17712
0.17133	3.77758	0.372123
1.66203	0.238775	0.560617
0.217845	2.42412	1.97032
1.89116	0.188644	0.186089
0.2952	2.63303	0.469749
0.777466	0.486825	2.26941
2.12471	0.164927	0.164468
1.86944	0.236428	0.205089
0.982812	0.716483	0.82413
2.03937	0.164264	0.198968
0.311641	0.205822	4.33948
0.826222	0.26598	2.4958
1.76869	0.200799	0.796822
0.337475	0.190553	4.42276
0.419633	1.16861	1.85686
0.180432	3.19886	1.31267
0.975574	0.361083	1.62877
0.208589	2.56067	1.67718
0.575455	1.45102	1.17614
0.368499	1.41568	1.60969
0.843039	0.989327	0.326217
1.24619	0.42608	0.646695
1.58884	0.2974	0.277397
0.647608	0.197921	3.42541
0.293855	0.191024	4.9342
0.249706	0.380364	4.2372
1.04384	0.286961	1.97209
0.181001	3.7276	0.468965
0.450876	1.94839	0.269315
0.273025	0.194404	4.78928
0.535272	1.65874	0.516869
0.630096	0.195838	3.5013
0.165762	2.70969	1.41318
0.814677	0.982032	0.741978
0.640315	0.957723	1.35931
1.46719	0.330866	0.360168
0.956246	0.317745	2.17889
0.584322	1.77686	0.210491
0.282641	2.10192	1.34869
2.06628	0.168978	0.164866
0.214196	2.46778	1.86771
0.510928	1.61995	0.76239
0.171648	4.0348	0.181615
1.62558	0.246293	0.480228
0.994696	0.272723	2.24695
0.769386	0.875802	1.41008
0.435824	1.91117	0.469741
0.619585	0.304374	2.8143
1.98017	0.180201	0.17457
0.184177	3.46076	0.96962
0.299319	2.92345	0.197649
0.169029	3.6047	0.651382
1.19985	0.540229	0.574907
0.448794	0.217627	3.91515
0.618271	0.243265	2.95783
0.846371	0.58454	1.54348
0.645251	0.223268	3.18509
1.15032	0.553932	0.522991
0.427977	1.62949	1.21204
0.261844	1.55786	2.28987
0.735527	0.62022	2.00269
1.55965	0.384397	0.210998
0.627068	0.195603	3.51642
0.343031	1.1363	2.58045
0.298106	2.37391	0.991195
0.192653	3.52843	0.86689
1.6829	0.204202	0.954337
0.448329	0.229245	3.92329
0.182748	3.56422	0.768805
0.463863	1.84027	0.365701
1.05467	0.667653	1.09173
0.289734	2.50899	0.550801
0.386211	2.27663	0.178561
0.523718	1.67115	0.54763
0.351508	2.15612	0.978253
0.183745	3.33065	1.17956
1.00886	0.903472	0.216685
1.53854	0.229392	1.19122
0.417287	1.7467	1.16233
0.707514	0.21552	2.88846
1.7554	0.236061	0.222822
1.11619	0.266572	1.47871
0.888917	0.287823	2.35269
0.168269	4.14089	0.16835
0.615181	0.212693	3.4276
0.32462	0.184014	4.77725
1.43614	0.407789	0.408049
0.363925	1.14907	2.41562
0.186277	3.4227	1.04295
0.196801	2.5347	1.68959
1.30889	0.563752	0.315672
0.739875	0.686697	1.65558
1.92395	0.175424	0.490829
0.16496	2.78001	1.38006
0.169335	3.48962	0.87318
1.59861	0.197378	1.25363
0.397661	1.79835	0.915824
0.816068	1.05463	0.610098
0.348842	1.98078	1.04807
0.612157	0.236481	3.17689
1.97646	0.170346	0.176518
0.443675	1.70721	1.14751
0.310763	0.237348	4.00835
0.874671	0.281496	2.38984
1.23981	0.182661	1.821
1.09441	0.690602	0.833803
1.49434	0.245866	1.38619
0.285383	0.192587	4.93249
1.22828	0.455905	0.855266
0.302949	0.231214	4.4428
1.07451	0.592099	1.00082
1.26392	0.434611	0.607138
0.619133	0.291016	2.90525
0.90314	0.380788	2.18501
0.952572	1.12441	0.226431
0.324062	0.185424	4.63905
1.08351	0.743826	0.391356
0.55878	0.201976	3.68639
1.01165	0.299992	1.59425
0.457271	1.33182	1.49344
0.389281	1.80746	1.02677
0.176925	3.39062	1.07179
1.79924	0.236969	0.170088
1.73521	0.21469	0.483783
