0.1809	4.00986	0.200111
0.459528	1.24276	1.65484
0.562965	0.796828	2.28943
0.187734	3.74209	0.463542
0.818296	0.231618	2.72402
0.52199	0.229594	3.81646
0.552056	1.50698	1.097
0.898861	1.07526	0.174455
0.597646	0.43816	3.00491
1.63223	0.244048	0.531042
1.30887	0.39985	0.952995
0.632897	0.218817	3.61191
0.229708	2.67774	1.56196
1.22942	0.333907	1.49595
0.246705	2.47021	1.96268
0.260004	1.89005	2.66005
0.412541	2.04755	0.737324
0.533552	1.02879	1.73696
0.975965	0.286712	2.22267
1.19033	0.749816	0.238051
1.81834	0.213325	0.225704
1.02351	0.313051	1.77391
0.622624	1.2117	1.30938
0.83328	0.552393	2.12816
1.6688	0.258445	0.470904
0.261208	2.19703	2.52117
1.0257	0.707939	0.857641
0.511306	1.67404	0.702484
0.99871	0.285727	2.06946
0.771097	1.1352	0.858189
1.85332	0.191374	0.376298
0.438805	2.13713	0.23644
0.451638	0.927206	2.42181
0.285049	2.17068	1.40889
0.423159	1.67859	1.33091
0.49626	2.00835	0.243634
1.16524	0.236286	1.95195
0.506279	0.236842	3.80504
1.28049	0.593143	0.292946
0.431053	1.14212	1.92225
1.11621	0.810533	0.306342
0.313234	2.39869	1.21096
0.328605	1.77946	1.7961
1.25591	0.379997	1.25359
1.55454	0.370138	0.37779
0.493015	1.05788	1.69263
0.686997	1.43455	0.206106
1.12239	0.879785	0.258715
0.910735	0.424637	1.89809
0.282381	2.08563	1.41317
0.849587	0.434058	1.91861
0.865066	0.481488	1.73003
0.803277	0.326184	2.58093
0.686813	0.30001	2.78468
0.662479	0.862131	1.62256
1.12575	0.299873	1.52624
0.640078	0.217013	3.53892
0.876276	0.992936	0.618606
0.959604	0.308606	2.06926
0.40187	1.94121	0.976229
0.395228	1.37413	2.10251
1.04477	0.231287	2.47125
1.20797	0.519602	0.552053
1.38651	0.367266	0.849428
0.693473	0.801371	1.61374
0.833094	0.60581	1.82645
0.632866	0.271143	3.22123
0.825965	0.970927	0.877644
0.418845	1.83849	1.13697
1.20462	0.524121	0.55278
1.6157	0.198646	1.22805
1.42095	0.461527	0.245616
0.580768	0.258087	3.54804
1.54059	0.239649	1.15486
1.70979	0.216158	0.590977
0.499527	0.730046	2.58136
1.36618	0.358348	0.915458
1.76202	0.237722	0.236802
1.09388	0.233713	2.02813
0.602708	1.40097	1.04636
0.660109	0.277245	3.12336
0.651232	1.64235	0.203809
1.79005	0.216608	0.265912
0.374738	1.48676	1.65633
1.68941	0.24146	0.411456
0.880373	0.298656	2.52887
1.60647	0.331017	0.204076
0.476477	1.35139	1.41612
1.39103	0.361299	0.909282
0.984847	0.231583	2.51206
1.46813	0.325902	0.88171
1.58586	0.257789	0.56914
0.384408	1.39551	2.15942
0.169495	4.03759	0.178434
0.701352	1.4234	0.169783
0.174027	3.57783	0.717047
0.588246	0.776116	2.16346
0.27704	1.97654	1.37174
0.177327	3.69784	0.507752
0.827194	0.555324	1.83667
0.291834	0.242885	4.69585
0.434768	0.828949	3.03749
0.189166	2.75593	1.42365
0.409083	0.856504	3.29345
0.57055	0.941899	1.72943
0.598408	1.25118	0.977484
0.170536	3.7681	0.383085
1.42477	0.413434	0.222541
1.21444	0.219128	1.66529
0.307997	0.266172	4.37827
0.514671	0.223947	3.82279
0.324791	1.58127	1.49953
0.233515	2.25924	2.35469
0.187185	2.54279	1.64992
0.234502	2.27714	2.32491
0.538344	1.77397	0.180708
1.68554	0.233276	0.392769
0.189818	2.41947	1.89289
0.446637	1.46902	1.37023
0.343821	2.16965	0.923003
0.417411	0.176486	4.05679
1.0623	0.688021	0.432797
0.396621	0.746105	3.65494
0.401932	1.3024	1.55032
0.459771	1.69217	0.904622
0.469108	1.89913	0.361007
1.79934	0.210366	0.241653
1.38218	0.227114	1.37856
0.358278	2.03845	0.926938
0.247436	2.13204	2.56481
0.650262	1.09407	1.17032
0.712488	0.971613	1.16278
0.744801	0.450512	2.24454
0.801781	1.13573	0.277867
0.304524	0.257268	4.51803
0.433683	1.8157	0.805651
0.382015	1.35393	1.47733
1.75957	0.252474	0.194241
1.08403	0.478586	1.19771
0.180732	3.33691	1.16363
1.50193	0.249978	1.10762
0.983623	0.666241	1.28289
0.375802	1.16176	1.91313
0.862626	0.441706	1.98868
1.70081	0.19335	0.6589
0.176022	2.58572	1.55672
1.72927	0.212398	0.637783
0.761787	0.45873	2.11955
1.46586	0.310183	0.541456
0.544374	1.70827	0.333785
0.492252	1.50758	1.06559
1.65058	0.221424	0.916701
0.253876	2.05623	2.62911
0.384245	2.38542	0.181641
1.52703	0.284167	0.609752
0.504989	1.39962	1.19426
0.314969	0.261813	4.29263
0.178818	2.69131	1.44844
0.183016	3.51966	0.855583
0.508958	1.37243	1.3228
0.958254	0.489572	1.46032
1.19786	0.422143	1.02668
0.334903	2.49192	0.339466
1.30276	0.229804	1.61994
0.783327	1.11736	0.4694
1.55148	0.263591	0.78671
1.88708	0.193724	0.196638
0.169495	4.03759	0.178434
0.274776	0.22572	4.81726
0.723895	1.14549	0.603936
0.84146	0.64377	1.58693
1.72248	0.18597	0.73856
0.302918	0.26458	4.52081
0.322606	2.34347	0.700296
0.350727	1.85042	1.36856
1.12718	0.648399	0.48613
0.564391	1.54832	0.623609
0.323109	2.34055	0.709722
0.383349	0.899781	3.27659
1.62036	0.229505	0.918297
1.15823	0.508912	0.819854
0.435195	1.89385	0.459147
1.14303	0.539102	0.827275
1.57304	0.306662	0.306967
1.44473	0.271237	1.05349
0.391065	1.03976	2.62318
0.472479	1.43666	1.27315
1.11452	0.715556	0.220414
0.183016	3.51966	0.855583
0.69309	0.500885	2.32007
1.26416	0.407097	1.23095
1.5584	0.218537	1.07848
0.73684	1.22747	0.358848
0.86426	0.427079	1.56551
0.918724	0.196848	2.58465
1.77432	0.182364	0.56462
0.524765	0.825644	1.94228
0.416895	1.20256	1.46611
1.36139	0.314805	1.03407
0.188489	2.62483	1.53464
1.48489	0.279844	0.791174
0.484565	1.53961	1.00793
0.17838	3.92827	0.236052
0.558973	0.728116	2.52945
1.23516	0.444571	0.822596
1.57991	0.280859	0.406599
0.538554	1.61663	0.680101
1.09693	0.677479	0.449847
0.186784	3.21059	1.31494
0.744699	0.581385	2.30482
0.882988	1.04771	0.275346
0.640039	0.909146	1.46462
0.499647	1.51728	1.05999
1.25532	0.323684	1.24635
1.2839	0.449257	0.678046
1.53626	0.239461	1.30473
1.243	0.323484	1.40651
0.192629	3.18281	1.34399
1.00988	0.383177	1.95101
0.342095	2.45532	0.235335
0.184038	3.89021	0.274852
0.530477	1.8466	0.207189
0.188489	2.62483	1.53464
0.178528	2.69732	1.44327
0.169649	3.71729	0.45596
1.14159	0.546925	0.831099
0.169495	4.03759	0.178434
0.249861	0.200088	5.05902
0.278976	2.60871	0.864559
0.69697	0.245546	2.94439
0.318751	2.68745	0.295511
0.645375	0.231408	3.33847
0.447793	1.74921	1.13974
0.686328	1.27536	0.647684
0.623967	0.256011	3.30278
0.349255	2.26079	0.843797
0.465332	0.236005	3.83506
0.483496	1.99786	0.226707
0.741064	1.21765	0.551818
1.22549	0.604326	0.378373
1.65788	0.262353	0.475663
0.883068	1.13584	0.251991
0.196007	3.19166	1.34396
0.521964	1.49326	1.20717
0.564551	0.822039	2.25866
1.44899	0.428286	0.325227
0.541768	0.947893	2.12909
0.763139	0.225442	2.72761
1.00834	0.736409	0.800538
0.904559	0.32662	2.42435
0.26913	2.32415	1.38015
1.69132	0.31633	0.223
1.58461	0.247875	1.04683
0.819095	0.525138	2.07167
1.13941	0.659188	0.413072
0.197809	3.66716	0.617758
0.595588	1.52385	0.542894
0.453008	0.214462	3.91819
1.35672	0.464266	0.501358
0.591944	0.992916	1.61076
1.02771	0.234414	2.40628
0.498366	1.78423	0.898995
0.668001	0.232832	3.20332
0.406277	1.55637	1.54788
0.506933	1.29479	1.59299
0.585089	1.18455	1.34615
0.985491	0.241361	2.48478
0.440188	2.10972	0.313529
1.31365	0.324632	1.3724
0.419871	2.03	0.708343
0.948846	0.349651	1.75699
0.846048	0.89563	1.00889
0.342837	2.38187	0.634346
0.992392	0.699521	1.09615
0.289096	3.02374	0.210127
0.933824	0.852478	0.807467
1.56404	0.254135	0.985839
0.807588	1.01628	1.04282
1.1326	0.678396	0.492161
0.488009	1.93645	0.267553
1.12042	0.267802	1.71008
0.788537	0.860262	1.4582
1.09572	0.224819	2.18316
0.814835	0.37388	2.54255
0.246927	0.200525	5.05851
0.204895	3.59789	0.76872
0.576756	1.57791	0.600993
0.273298	2.47323	1.18634
0.822761	1.05829	0.548472
1.60798	0.361229	0.214596
0.426547	2.28926	0.456723
1.1615	0.245009	1.56945
0.776486	1.39359	0.321748
0.8451	0.41599	2.32574
1.25497	0.2516	1.52942
1.07742	0.253761	1.93776
0.649019	1.43654	0.358977
1.04835	0.243605	2.22413
0.288067	3.02442	0.208903
1.37515	0.497343	0.437453
0.310502	2.49617	0.708909
0.672391	1.044	1.35867
1.08119	0.510761	1.47326
0.77682	0.255889	2.62792
0.641372	0.228241	3.51892
0.963349	0.23821	2.55974
1.53242	0.265311	1.00152
1.70778	0.25718	0.391726
0.893811	1.19362	0.224136
1.06631	0.760353	0.390494
1.01681	0.776783	0.708626
1.17951	0.607735	0.566298
0.669794	0.241556	3.10263
1.34189	0.552594	0.265578
0.498938	1.59242	0.964055
0.282897	2.79431	0.408536
0.918904	0.250384	2.5741
1.03577	0.243222	2.29034
0.440153	2.10952	0.313864
0.953585	0.794051	0.982539
0.465463	1.82564	0.754084
0.653143	1.39936	0.588869
1.467	0.23799	1.41438
0.654515	0.808187	1.86045
0.408753	1.9289	1.06917
0.870823	0.240632	2.60469
0.8451	0.41599	2.32574
0.172858	3.83019	0.311492
0.244835	0.215561	5.09572
0.627711	0.240113	3.44947
0.59464	0.290049	3.11369
1.20399	0.421584	1.35276
0.228563	2.27401	2.31374
1.11435	0.324145	1.54308
0.745291	1.03951	0.938547
0.635717	0.221462	3.56131
1.0759	0.941975	0.39488
0.22374	2.34918	2.14874
0.597505	0.851906	1.77115
0.958826	0.285358	2.47378
0.974002	0.809458	0.765981
1.50805	0.266633	1.06231
0.232018	2.23927	2.38529
0.535267	1.56095	0.828934
1.39651	0.269023	1.41707
0.720769	0.716159	1.94994
0.78203	0.775809	1.74733
0.727725	1.30588	0.366209
1.15306	0.593549	0.68382
1.01232	0.246983	2.44385
0.479441	1.3865	1.40629
0.369009	2.03284	1.18327
1.32083	0.371243	1.11724
0.434943	1.1527	2.02012
0.62283	0.288609	3.15352
1.25835	0.353894	1.33528
0.284911	1.98337	2.68401
0.563829	0.902798	1.94062
1.182	0.624199	0.420122
1.2209	0.584749	0.420122
1.06621	0.654595	1.03629
0.550806	0.305147	3.5928
1.13779	0.241456	1.90376
1.34816	0.363726	1.12327
0.910027	0.297728	2.3935
0.573448	1.52401	0.620475
0.606302	0.258534	3.38561
0.505223	1.10337	1.85848
0.534007	1.66416	0.513371
0.490246	1.50344	1.25496
1.17202	0.322982	1.44053
0.442824	1.77552	1.08315
0.625846	0.284672	3.2322
0.553252	1.41933	1.32367
0.637788	0.331668	2.82966
0.924949	0.898831	0.774287
0.634843	0.33339	2.83033
0.803954	0.994327	1.03069
0.377937	1.81474	1.36674
0.61593	0.755038	1.8929
0.862306	1.07443	0.527151
1.69837	0.209155	1.0448
0.234444	2.39429	2.08631
0.87109	0.616748	1.42359
1.29722	0.461103	0.656124
1.61698	0.359252	0.213796
0.869113	1.33487	0.250247
0.227633	2.52209	1.80001
1.28217	0.453585	0.7346
0.231332	2.40374	2.05627
0.776489	0.690138	1.76431
0.842169	0.678569	1.65986
0.363909	1.98899	1.37787
0.551253	1.46226	1.15994
0.568876	1.55573	0.717941
0.69224	1.18659	1.01075
0.225088	2.36303	2.12367
1.04714	0.987037	0.396903
0.398542	1.87749	1.27513
0.143663	0.143663	6.14366
1.77528	0.209277	0.144995
0.165372	4.13144	0.165527
1.96954	0.168467	0.153471
0.210389	0.174234	5.03194
0.174565	3.08581	1.36047
0.168186	2.90365	1.36829
1.84315	0.192619	0.148952
0.470127	0.96848	2.11209
1.12118	0.524548	1.00465
1.91459	0.174045	0.148958
1.04289	0.681953	0.506619
0.441307	2.02033	0.214511
1.6784	0.213606	0.608475
0.889552	0.323465	1.98756
0.457751	1.39426	1.35997
0.199665	2.44376	1.87268
0.169867	3.15444	1.32457
0.665634	0.213935	3.24642
0.286241	0.205268	4.67192
0.319521	0.203863	4.57144
0.821718	0.280973	2.48355
1.7578	0.22531	0.174725
0.744121	0.203628	2.80356
0.383761	0.176873	4.00425
0.383078	0.172238	4.1215
0.290648	0.173213	4.77599
0.692341	1.30359	0.400013
1.15286	0.243597	1.72967
0.755899	0.188259	2.89499
0.166926	4.01362	0.180856
0.32435	0.173111	4.40632
0.510243	1.52409	0.898761
0.398535	2.0847	0.4285
0.175963	3.2305	1.27808
0.707123	0.312196	2.59772
0.26223	2.48619	0.907795
0.694533	0.247486	2.69682
0.166237	4.07779	0.168963
0.647328	1.4731	0.43147
0.271155	0.169875	4.93129
0.564702	1.43694	0.676839
0.38832	1.92531	0.747772
1.91784	0.172338	0.148274
0.879364	1.00795	0.243898
0.687292	1.66284	0.229838
0.336761	2.16177	0.643538
0.174556	3.33407	1.15274
0.373473	1.60036	1.3662
0.757694	0.718344	1.48387
0.171919	3.89107	0.25195
0.339121	0.198188	4.28996
0.516548	1.05854	1.90747
0.636921	0.229574	3.34719
0.172836	3.55138	0.764566
0.734615	0.837853	1.31615
1.09598	0.557112	1.04627
0.656713	1.1449	0.940649
1.78253	0.19483	0.271952
0.596204	0.917025	1.66176
0.534055	0.224637	3.65955
1.51443	0.257232	0.958539
0.240778	2.1858	1.36223
0.592847	0.762344	2.17785
1.23241	0.432735	0.880144
0.979782	0.81391	0.469231
1.46481	0.34356	0.457273
0.170468	3.49848	0.859575
0.359469	0.175264	4.17252
0.770588	0.873375	1.08735
1.39482	0.337624	0.826084
0.317482	2.26625	0.708471
0.920036	0.333611	1.96667
0.781056	1.19008	0.248794
0.490897	1.76803	0.601901
0.385001	0.223339	3.79725
0.18255	3.5987	0.701931
1.64656	0.23259	0.637547
1.82289	0.195956	0.146718
0.171079	2.79794	1.3829
0.858281	0.285051	2.26315
0.610656	0.296006	2.95504
0.437523	1.70288	0.966937
1.0606	0.7974	0.252485
0.6843	0.194522	3.07303
0.410623	0.207475	3.927
0.680034	0.182265	3.29615
0.541817	0.99755	1.65708
1.08622	0.563113	1.12869
0.957166	0.970784	0.276785
1.71631	0.196344	0.6406
1.17235	0.403759	1.10227
0.794408	0.441766	2.32078
0.311467	2.22815	0.737145
0.254905	2.41822	1.06406
0.39557	2.06774	0.473353
0.549832	1.55088	0.361491
0.614718	0.79976	1.76496
0.168909	3.29487	1.19242
0.63404	0.278624	2.95501
0.497537	1.58198	0.642704
0.362418	0.207818	3.90892
0.576524	0.194676	3.62288
0.449538	1.84554	0.354807
0.34762	0.17845	4.25636
0.459087	0.18827	3.80099
0.46422	0.292524	3.53722
0.256228	0.18587	4.93681
1.43106	0.300973	0.583111
0.834575	1.08741	0.362054
0.531868	0.254111	3.43201
0.17471	3.70862	0.483029
1.28658	0.230562	1.37692
0.939436	0.22966	2.32776
0.446168	1.86729	0.386087
0.271654	2.1802	1.40228
0.388561	2.51672	0.238885
1.21169	0.503956	0.425569
1.02127	0.656701	0.612661
1.56441	0.191456	1.20947
0.710052	0.888722	1.32005
0.947828	0.200659	2.53008
1.71631	0.196344	0.6406
0.173041	3.25693	1.24589
1.36094	0.253224	1.27777
0.935302	0.238168	2.26307
0.247	2.34239	1.20619
0.338843	0.175376	4.39729
0.924831	0.473744	1.83128
0.32981	0.211295	4.22931
1.18896	0.571974	0.658188
0.79359	1.12496	0.344286
1.53379	0.298644	0.446268
0.313284	0.191121	4.60131
1.06865	0.625329	0.536651
1.2057	0.633899	0.198428
0.272391	2.67164	0.439025
0.186209	3.63078	0.651865
0.307902	0.17565	4.76053
0.221408	2.54806	1.73405
0.174699	3.63394	0.613146
0.899672	0.925142	0.656412
0.513979	0.372023	2.75119
0.174832	3.83652	0.308731
0.557524	0.213724	3.41815
0.221408	2.54806	1.73405
0.604703	0.246466	3.13559
1.41117	0.362174	0.416668
0.674797	0.200136	3.07471
0.170695	3.43064	0.986181
0.855851	0.277905	2.40908
0.956037	0.738456	0.630286
1.60894	0.217666	0.81704
0.165394	3.94819	0.203881
1.34394	0.344422	0.731026
0.366771	1.24432	2.32115
0.173238	3.76832	0.389202
0.167029	3.95944	0.200797
0.607625	1.04484	1.35247
1.34118	0.478056	0.324674
0.49207	0.26786	3.538
0.172791	3.37778	1.0818
0.906413	0.550765	1.38728
1.2653	0.492618	0.372981
0.297116	2.30271	0.752435
1.15948	0.590915	0.336652
0.415046	2.3721	0.255318
1.019	0.26577	1.77546
0.7249	0.223279	2.57548
1.62551	0.194367	1.03115
0.848715	0.538159	1.62672
0.175324	3.3909	1.0671
1.01193	0.954133	0.272415
0.518385	0.2249	3.61654
1.57868	0.303013	0.248903
0.984459	0.289803	1.61934
0.183219	3.47814	0.934829
0.181675	3.82531	0.335774
0.174566	2.63994	1.48764
1.07478	0.581719	0.742777
0.172701	3.71172	0.472749
0.176375	3.46329	0.942853
0.726972	1.1048	0.613916
1.18305	0.651857	0.195325
0.929257	0.876677	0.791598
0.168278	2.8848	1.36877
0.725677	1.26744	0.575421
1.24313	0.38843	1.23323
0.174884	3.7725	0.387355
0.555565	0.327443	2.73223
0.446765	1.79833	0.5366
1.00371	0.288281	1.57397
0.143663	0.143663	6.14366
0.143663	0.143663	6.14366
0.143663	0.143663	6.14366
0.146167	4.04322	0.150453
1.99441	0.150824	0.145131
0.214582	0.175676	5.03169
0.853867	1.02536	0.569096
0.148208	3.58719	0.624318
0.415843	1.34624	1.51446
0.153969	3.02437	1.34854
1.48699	0.439741	0.263829
0.326795	1.27415	2.05534
0.57162	0.743448	1.95326
0.157447	3.69398	0.46151
0.150254	3.4861	0.824361
0.401609	1.18314	1.7096
0.558439	0.219075	3.31058
0.34263	0.153224	4.25842
0.57909	0.190488	3.50975
1.05552	0.616317	0.500247
0.237646	0.193104	4.85424
0.651846	0.20572	2.76213
0.150696	2.93756	1.35064
1.83291	0.169262	0.261448
0.19224	2.27918	2.19668
0.152877	2.66889	1.41975
1.95311	0.150257	0.157982
0.354419	0.170833	3.9637
0.662787	0.172001	3.07061
0.380984	1.23943	1.74786
0.217916	1.9915	2.60431
0.637167	0.225534	2.84297
0.627021	0.885299	1.81212
0.319159	0.163921	4.35854
1.89797	0.162428	0.195403
0.387072	1.97039	0.801755
0.164302	3.36601	1.07859
1.93264	0.157941	0.194846
0.297889	1.87258	1.43368
1.69318	0.222086	0.179747
0.563613	0.270472	3.12278
0.14997	3.79243	0.30544
0.154296	2.72079	1.38892
0.162161	3.41685	0.986991
0.719568	0.422116	2.31074
1.41612	0.229396	1.03976
0.397515	1.53837	1.39315
0.449696	0.191846	3.76777
0.195153	2.50045	1.74696
0.457117	0.958389	1.85217
1.53287	0.207202	0.836321
0.603705	0.169167	3.40116
0.55601	0.171045	3.5875
0.334361	0.162553	4.15507
1.07208	0.561951	1.07918
0.880832	0.662676	1.18182
1.44756	0.380263	0.29994
0.694847	0.995756	1.19683
0.355789	2.06893	0.514827
1.18037	0.482967	0.52492
0.700846	0.159792	3.20349
0.394556	1.05687	2.42339
0.672617	1.37404	0.35584
0.98881	0.581997	0.976243
0.441691	2.03168	0.159408
1.75577	0.22027	0.201667
0.163364	3.74548	0.397638
0.505914	0.852684	1.85214
0.197952	2.3692	2.02538
0.322237	2.17773	0.543497
1.71869	0.198637	0.42411
1.60212	0.364371	0.238413
0.158349	2.82567	1.36252
0.680473	0.217955	2.66468
0.471221	1.46362	1.02974
0.160126	3.17252	1.29676
0.339621	2.11972	0.678566
0.965618	0.707575	0.645675
0.279906	0.161201	4.73025
0.521968	1.63397	0.320433
0.244246	2.4561	0.737436
0.416484	1.91155	0.398092
0.377564	0.159146	4.05951
0.822197	0.677562	1.39923
0.146185	3.94932	0.175138
0.414869	1.78968	0.76415
0.165336	3.24674	1.24083
0.747259	1.11929	0.938487
1.21067	0.39026	0.91806
0.146942	4.00014	0.159204
0.288323	2.61797	0.162781
1.10023	0.458071	1.34337
0.474933	1.42057	1.3386
0.146562	3.91463	0.193043
0.374621	1.83164	0.871739
0.464542	0.904825	2.11707
0.181204	2.34104	2.03309
1.99395	0.151489	0.145851
0.18568	2.59213	1.57086
0.146095	3.27862	1.16114
1.38812	0.288332	0.717435
0.940309	0.70175	1.15345
0.225959	0.165743	4.97983
1.80554	0.184199	0.242252
0.155774	3.08689	1.33539
1.08382	0.545491	0.720563
0.39002	1.1664	2.14623
0.15466	2.78141	1.36651
0.431421	1.8635	0.346585
0.895272	0.774858	0.751457
0.309285	0.149874	4.55618
1.73062	0.188869	0.252568
0.256471	2.8062	0.156148
0.278521	2.53198	0.208545
0.284142	2.31753	1.245
0.791979	0.217233	2.58508
0.30571	0.173344	4.44329
0.489207	0.221657	3.67481
0.246351	0.195625	4.72361
0.930938	0.245812	2.50217
0.437878	1.67134	0.893307
0.145576	3.86813	0.222913
0.622374	0.182616	3.20537
0.225615	2.24744	2.35371
0.48173	1.70331	0.606553
0.600056	0.20443	3.43309
0.327444	2.23282	0.401505
0.496966	1.76311	0.20908
0.81679	1.08737	0.637451
0.343594	1.61691	1.39931
1.38311	0.354327	0.323287
0.307347	0.160211	4.55012
1.34719	0.294772	0.939304
1.3571	0.331075	0.623842
0.514972	1.58008	0.590972
0.317845	0.154454	4.4344
1.77598	0.188295	0.158854
0.627976	0.813895	1.61523
0.24196	2.57806	0.394733
0.541889	1.55698	0.929386
0.37087	1.56407	1.53044
0.6133	0.165402	3.55963
1.16113	0.261316	1.89787
0.981415	0.245042	2.23589
0.979746	0.264079	1.68941
0.460102	0.239959	3.67265
0.38914	1.74889	1.25111
0.901777	0.835609	0.433666
0.393796	0.162474	3.8687
1.66777	0.21688	0.400521
0.632861	0.202283	2.97212
0.469573	0.178435	3.7525
0.162524	3.46217	0.905324
0.15592	2.89803	1.35597
0.738378	0.181633	2.6993
1.54395	0.270541	0.339412
0.175653	3.64435	0.596801
0.175653	3.64435	0.596801
1.87573	0.165089	0.235203
0.157415	3.20008	1.27015
0.810098	0.322715	2.28638
0.473537	0.800008	2.3362
1.44277	0.314209	0.389126
0.335547	2.12392	0.643655
1.16458	0.527154	0.325458
0.295466	2.39687	0.256845
1.13627	0.603341	0.43346
1.86669	0.171928	0.14528
1.11923	0.502088	1.01178
1.51142	0.194351	1.23336
0.288416	0.179421	4.64201
1.57782	0.22685	0.53194
1.1488	0.450219	1.12267
1.1283	0.176896	2.28478
1.42316	0.276967	0.718863
0.917361	0.613511	1.18024
0.736176	1.16804	0.293712
0.599083	1.45256	0.218656
1.32652	0.380213	0.588066
0.380489	0.172941	3.8721
1.25026	0.198928	1.38248
1.22424	0.418566	0.806478
0.26432	0.165012	4.8869
1.2828	0.271607	1.28149
0.534979	0.93692	1.36702
1.04655	0.219525	2.16452
0.302529	0.173804	4.64102
0.245227	0.167132	4.93121
1.02743	0.243752	2.0189
1.62375	0.24872	0.245239
1.56157	0.275988	0.242673
0.955967	0.522296	1.38719
1.79273	0.189698	0.149572
0.193572	2.41764	1.90837
0.349632	1.9071	0.954264
0.147453	3.37343	1.0219
0.657143	0.186824	2.89074
1.07604	0.503922	1.13157
0.632861	0.202283	2.97212
0.1809	4.00986	0.200111
0.703434	1.55878	0.300986
0.292937	1.83893	1.6684
1.28186	0.583341	0.355293
0.978627	0.390498	1.81553
0.659646	0.27635	3.20583
1.2475	0.289241	1.50409
0.84701	0.523037	1.88731
0.922336	0.326352	2.37743
0.74299	0.748656	1.97968
0.715205	0.726143	2.25088
0.392164	2.46378	0.497634
0.834667	1.23867	0.256634
1.05913	0.411596	1.54247
1.08743	0.94812	0.239169
0.688414	1.44227	0.511593
0.890588	0.428517	2.0383
0.790369	1.15451	0.610042
1.29633	0.676525	0.259132
0.669288	1.37052	0.781163
1.17409	0.305734	1.56139
0.393586	1.94126	1.35064
1.16486	0.264568	1.84443
0.528219	1.42358	1.39391
0.894754	1.02443	0.79171
0.604908	1.00163	1.54707
1.17409	0.305734	1.56139
1.14025	0.756186	0.490308
0.160297	3.18652	1.28658
1.88971	0.173375	0.398425
0.235634	0.199905	5.15889
1.86701	0.203187	0.166978
0.250764	2.52127	1.87006
0.908126	0.973721	0.881343
1.82571	0.19858	0.174281
0.293691	0.443966	4.5914
0.550005	0.316304	3.58126
0.456667	1.24142	1.92121
0.641636	0.297734	3.04825
0.618654	0.34657	2.95958
0.181165	3.27704	1.24084
0.267159	0.487054	4.32895
0.538961	0.341606	3.49164
0.737373	0.740555	1.7498
1.288	0.359223	1.0358
0.680841	1.34425	0.570894
0.520424	1.50555	1.13321
0.189907	3.55896	0.799983
0.289779	0.40519	4.79542
0.170256	3.04873	1.36353
0.464954	1.84937	0.6782
0.603542	0.278517	3.27616
0.49266	2.04287	0.215088
0.858647	0.439082	2.30386
0.183202	3.32954	1.17979
0.630143	1.56546	0.312365
0.896562	0.391941	2.1473
0.577086	0.337024	3.3511
0.425496	2.16323	0.367391
1.46934	0.452921	0.201805
0.343909	1.6201	1.37428
0.494887	0.343702	3.74451
0.332739	2.57681	0.366159
1.51003	0.297732	0.42098
1.13109	0.361581	1.5391
0.985343	0.254042	2.38875
0.17275	3.6736	0.5367
0.195804	2.78669	1.41933
1.32425	0.3888	1.02859
0.404709	1.3869	1.58258
0.765981	0.694672	1.70378
0.359097	2.11031	0.932204
0.171364	3.10954	1.34838
0.595693	0.900998	1.83262
1.17562	0.80542	0.363799
0.660375	0.230641	3.20851
0.610872	0.931328	1.64278
1.26025	0.492713	0.470419
1.9067	0.176773	0.333974
1.22236	0.594981	0.294642
0.829717	0.605057	1.7135
0.446516	1.32181	1.46261
1.37553	0.530913	0.224465
0.322355	2.38761	1.07114
0.180724	3.14798	1.34485
0.668869	0.313727	2.81955
1.34746	0.304878	1.40739
1.08116	0.959266	0.320598
1.72265	0.256626	0.1895
0.870906	0.306614	2.55572
0.302018	0.45031	4.41672
0.382443	1.94635	0.901479
0.432779	1.41158	1.56821
0.4019	1.82161	1.26894
0.818077	1.13312	0.251943
1.68615	0.282856	0.175837
0.693001	0.304556	2.7362
0.289213	2.48927	0.638024
1.76315	0.196181	0.378881
0.334095	1.52662	1.39806
0.798002	1.08059	0.461307
0.174159	3.4472	0.966051
1.25264	0.431906	0.708344
1.23518	0.42047	1.28671
0.501218	1.89341	0.26535
0.386718	2.23094	0.374507
0.990845	0.454385	1.49907
1.64034	0.352652	0.228671
0.19131	3.6172	0.692152
1.19015	0.564126	0.735831
0.78181	0.497158	2.14278
0.286696	2.70876	0.272142
0.847421	0.314662	2.59254
0.186447	3.48315	0.934737
0.98506	0.376632	2.00921
0.356546	2.07905	1.03144
0.169377	3.4203	1.00084
0.411706	1.90244	0.803188
0.511276	1.45122	1.32103
0.787966	0.62214	1.78893
0.436908	1.76451	1.19644
0.768362	0.666876	1.79778
0.632634	0.240486	3.42863
0.73059	1.00181	1.05743
0.378412	2.27265	0.338665
0.400024	0.243463	3.96335
0.175983	2.64554	1.4847
0.644419	1.00138	1.44964
0.18207	3.87367	0.285949
0.868624	0.653337	1.65919
0.305279	0.453655	4.38446
1.40124	0.370011	0.425343
1.41463	0.349357	0.519028
1.11489	0.284566	1.76733
0.32042	2.73989	0.239611
0.303255	1.70254	1.46552
0.229015	0.201459	5.15743
0.974424	0.293284	2.43924
1.45375	0.266391	1.2902
0.376809	2.33108	0.194136
1.33324	0.572063	0.226201
1.18808	0.479907	1.10309
1.38288	0.437609	0.347342
0.427123	2.29397	0.248233
1.53091	0.393084	0.292391
0.5785	1.4583	0.695191
0.294584	2.66678	0.326526
0.841711	0.387126	2.46781
1.55011	0.38249	0.324953
0.322734	2.80859	0.212936
1.20286	0.649641	0.343411
0.287397	0.52074	4.17362
0.16135	0.16135	6.16135
0.913301	0.958568	1.05413
0.929554	0.422694	1.89409
0.776514	0.683288	1.98579
0.766748	0.660733	2.07067
0.899561	0.719282	1.52445
1.41142	0.292487	1.40972
0.436632	2.22263	0.409289
0.489308	1.86054	0.627112
0.809502	1.16884	0.396582
1.31956	0.565749	0.369596
0.518717	0.833347	2.57197
0.877756	0.703387	1.56139
1.11088	0.783442	0.464407
1.02132	0.873377	0.377688
1.38395	0.429865	0.767862
0.6851	1.19851	1.33592
0.312165	2.27696	1.34658
0.664067	0.986083	1.55223
0.385631	1.5277	2.13197
0.979626	0.3652	2.21055
1.07876	0.349327	1.60332
1.34802	0.510159	0.544199
0.714076	1.26775	0.959264
1.07414	0.348762	1.66474
0.471111	1.61547	1.37643
0.160297	3.18652	1.28658
2.10159	0.169691	0.168077
0.667423	0.258516	2.89649
0.44424	0.190821	3.78964
0.735386	0.218582	2.75248
0.631994	0.240548	3.34588
1.90821	0.17089	0.400374
1.30536	0.379676	1.05447
0.313018	0.185538	4.72458
0.364747	0.197877	4.01281
0.705385	0.220513	3.01595
0.237532	2.22669	2.42056
0.579737	0.239156	3.55711
0.42173	1.94176	0.931668
0.255821	2.13082	2.5821
0.22373	2.49601	1.83949
1.66141	0.331519	0.191206
0.811278	1.15759	0.285134
0.323003	0.204215	4.45489
0.555922	1.06529	1.52507
0.431278	1.34234	1.72835
0.530693	1.70626	0.692643
1.04858	0.280184	1.60306
0.366664	0.192532	4.12977
1.76474	0.186717	0.657882
0.379327	2.28218	0.592764
0.925218	0.241086	2.51341
1.33454	0.427302	0.376191
1.59547	0.237325	0.559343
0.760315	0.256504	2.68654
1.84578	0.176055	0.638174
1.34852	0.339001	1.13359
1.38948	0.394353	0.498117
0.788717	1.11099	0.485633
0.728041	0.546178	2.10472
0.308066	2.41873	1.0865
0.438045	1.20019	1.94645
0.397418	2.10765	0.66446
1.79859	0.216516	0.185916
0.197555	3.6558	0.637828
0.998083	0.874236	0.392621
1.26034	0.266232	1.45019
0.478419	1.16959	1.78633
0.224958	2.40885	2.02528
0.633805	0.699217	2.22672
0.870769	0.973723	0.746615
1.0768	0.602228	1.19948
0.832926	0.214072	2.60775
0.4653	0.785053	2.65959
0.384287	1.2613	2.30663
0.654873	1.08479	1.32219
0.440463	1.26766	1.74713
0.543469	0.94372	1.86265
0.612523	1.39331	1.00002
0.194755	3.81804	0.373466
1.49664	0.451989	0.225714
0.477732	1.5728	1.09754
1.28756	0.326918	1.3519
0.553494	1.89679	0.24042
0.455834	2.04882	0.226731
0.98123	0.836275	0.670319
0.444311	1.61815	1.38058
1.43262	0.276799	1.25033
0.25055	0.198192	5.05783
0.569753	1.79763	0.199315
0.990079	0.86737	0.435253
1.21432	0.25149	1.6481
0.716691	0.537617	2.17049
1.11894	0.619521	0.909326
1.24153	0.482366	0.815684
0.846934	0.516945	2.04917
1.98572	0.170471	0.229648
0.328402	0.194793	4.39431
1.62119	0.242846	0.435814
0.284274	2.54145	0.636239
0.38911	1.23478	2.21913
0.602972	0.197518	3.4563
1.73946	0.207459	0.397748
0.484824	1.99292	0.259417
0.643629	1.65825	0.195042
1.68473	0.278032	0.303049
0.833863	0.547858	2.0572
1.79495	0.248355	0.176247
1.0643	0.443763	1.45591
2.06357	0.17223	0.173296
0.334158	0.212395	4.17852
1.72626	0.295812	0.189386
0.618723	1.78647	0.234426
0.490173	1.52928	1.27221
0.337644	0.207778	4.23436
0.358858	2.38262	0.615707
0.286812	2.55721	0.60131
0.304915	2.83882	0.209173
0.399807	1.12385	2.57933
2.06522	0.172316	0.172941
0.521525	1.73705	0.384361
0.943677	0.355014	2.26874
0.664641	0.610246	2.17258
0.371955	1.21994	2.42557
0.913804	1.02827	0.220944
0.952225	0.209127	2.47166
0.971273	0.470286	1.43239
0.783256	1.01776	1.13114
0.525531	0.227007	3.7136
1.57216	0.361972	0.203002
0.602972	0.197518	3.4563
0.509181	1.82976	0.30634
1.51683	0.263108	0.689299
1.09791	0.601759	0.977647
1.47119	0.220762	1.27461
0.446304	2.18292	0.204064
0.904659	0.22403	2.57723
0.857199	0.829895	1.33079
0.549473	1.73359	0.32928
0.77165	1.00178	1.22031
0.681424	1.5861	0.262427
1.40783	0.292808	0.979276
1.02233	0.944151	0.221379
0.388513	1.4931	1.41778
0.505152	1.84643	0.507606
0.508096	0.245708	3.71822
0.722191	0.233879	2.71319
0.172858	3.83019	0.311492
0.521344	0.804536	2.38771
0.219051	2.48892	1.83963
0.284453	2.79305	0.198756
0.801923	0.907076	1.03366
0.57754	0.286149	3.55382
0.33007	1.61084	2.29499
1.78595	0.224015	0.185451
1.85972	0.182467	0.319745
0.27813	1.55927	2.48589
0.96453	0.405851	1.90633
0.194464	3.37313	1.14454
0.363274	2.11254	0.755874
0.846628	0.994191	0.31086
0.407625	2.03846	0.563705
0.664809	0.221008	3.27336
1.02704	0.387114	1.63628
0.486666	1.38663	1.46716
1.53181	0.256001	0.838907
0.435953	2.26856	0.203501
0.532896	1.06071	1.58841
0.301076	2.61762	0.495379
1.26398	0.526336	0.524337
0.182607	3.1988	1.3165
0.508558	0.965346	2.0068
1.73291	0.219061	0.367793
1.0542	0.289617	1.70522
1.45289	0.440941	0.220813
0.222425	2.21829	2.39462
0.899732	0.381091	2.00126
0.366745	1.22366	2.34013
0.572342	0.239916	3.64323
0.637055	1.24481	0.886547
0.433252	0.214867	3.91283
0.611002	0.838155	2.16216
0.949201	0.41672	1.86908
0.4922	1.1624	1.58139
0.780118	0.879644	1.30874
0.593558	0.221663	3.61986
1.12726	0.772784	0.491203
0.197566	2.39504	1.9688
0.569417	0.411577	3.38906
1.16552	0.735601	0.383609
0.758556	1.0109	0.82691
1.22378	0.304491	1.44427
0.944547	0.856948	0.709406
0.225407	2.35998	2.13113
0.291055	2.86419	0.188042
0.7236	0.356403	2.58552
1.01922	0.629414	1.33189
1.00548	0.438608	1.72505
0.387949	1.96948	0.746443
1.44386	0.466921	0.358009
0.426796	1.8271	0.938594
0.227984	2.58821	1.68312
0.307761	2.32323	1.28813
0.17608	3.58635	0.706685
0.217628	2.52816	1.75967
0.376125	1.19692	2.40473
1.39731	0.279713	1.26776
0.409455	1.86801	1.17336
0.401896	1.09733	2.44428
1.14222	0.456071	1.38585
0.538226	0.478587	3.12766
0.670225	0.314636	2.81689
0.344142	1.44142	1.95175
0.583265	1.35534	1.24149
0.188633	2.73706	1.43329
0.920311	0.372233	2.04035
0.654372	0.257431	3.20859
1.57983	0.288512	0.547684
0.815195	0.737295	1.36762
0.840382	0.304227	2.61774
0.175003	3.85615	0.288881
0.438561	1.08044	2.52328
0.605115	1.30404	1.11651
0.323158	2.65636	0.477731
0.189646	3.53139	0.852429
1.31726	0.580128	0.400485
0.876596	0.244678	2.59899
0.67621	1.34707	0.300035
1.64226	0.20289	1.06017
0.707166	1.32044	0.463689
1.08231	0.23084	2.30354
1.69566	0.215528	0.839195
0.44085	1.70806	1.37674
1.83385	0.183751	0.426738
0.921778	0.30211	2.2561
0.752955	0.564307	1.9575
1.38526	0.333326	0.955583
0.459247	2.01157	0.264925
0.479691	1.98295	0.280841
0.652789	0.221736	3.44913
0.182698	3.32399	1.18613
1.33206	0.485335	0.270358
0.449506	1.06199	2.67298
1.76156	0.204122	0.56736
0.183934	3.54037	0.818388
1.85278	0.194712	0.330374
0.604653	0.429825	3.0661
1.17599	0.613126	0.464208
0.503782	1.26991	1.44639
0.71074	0.30759	2.68867
1.64226	0.20289	1.06017
0.989631	0.448432	1.64893
1.714	0.222817	0.782723
0.421732	1.25311	1.763
0.88775	0.477841	1.66657
1.28581	0.440409	0.793476
0.23647	2.42765	2.02118
0.544238	0.225062	3.80079
0.195645	3.76271	0.452052
0.542994	0.69683	2.52063
0.42013	1.99478	0.894272
0.479904	0.915616	2.42997
0.402706	1.44651	2.06278
0.414617	2.23026	0.331413
0.56175	0.280333	3.57715
0.899402	0.485899	1.62207
0.371434	1.89357	1.26274
0.510682	1.7265	0.764917
0.995472	0.608154	1.35301
0.84967	0.420719	1.9164
0.356139	1.22729	2.63811
1.31782	0.571703	0.232533
1.21318	0.239937	1.69158
0.759731	0.505635	2.35553
0.405829	1.12337	2.31047
0.760517	1.01568	1.21093
0.915575	0.43867	1.53625
0.393739	2.06495	0.692047
0.79624	0.474496	2.08301
1.14718	0.521471	1.15359
0.528393	1.77892	0.469154
0.816697	0.543394	1.80759
0.296439	2.50731	0.834961
0.291466	2.32883	1.26959
1.47584	0.269017	1.28086
1.16602	0.680256	0.365081
0.283999	2.47449	0.956013
0.963077	0.937891	0.409864
1.05137	0.715164	0.740628
0.957797	0.665953	1.31964
0.475777	1.09416	1.8071
1.22878	0.437533	1.30109
0.218802	2.28557	2.26326
0.887285	0.961529	0.601552
1.30663	0.222134	1.52441
1.20778	0.227133	1.76351
0.424334	2.10317	0.538369
0.771129	1.29261	0.287748
0.436499	2.11108	0.339232
0.657754	1.39198	0.623334
0.507296	1.67918	0.900525
0.868473	0.293815	2.56566
0.735071	1.42306	0.461816
0.40889	2.15204	0.468846
0.363359	0.260513	4.11755
1.10717	0.384723	1.46884
0.65036	1.36451	0.715911
0.980115	0.340544	2.21857
0.555035	0.808174	2.21277
0.453939	1.70402	1.17194
0.410534	1.14784	2.19893
0.810955	1.38446	0.251695
1.05794	0.576882	1.20992
0.506546	1.82009	0.403821
0.29018	2.38933	1.19451
0.578376	1.441	0.851328
0.382376	2.28973	0.572373
0.92824	0.246003	2.57583
0.575023	0.842029	2.02279
0.636517	0.920375	1.76954
0.704266	1.16988	0.988475
0.925842	0.412383	1.85546
0.947565	0.83479	1.06503
0.627129	0.238484	3.47568
0.779556	1.03639	1.12005
1.19286	0.521099	0.856069
1.17225	0.395216	1.3631
1.19539	0.245455	1.97649
1.13078	0.243811	2.12724
0.497383	1.37329	1.41797
0.611902	0.795767	1.84048
0.93744	1.06375	0.240136
1.45549	0.223192	1.43942
0.630928	1.32254	1.00396
0.67859	0.45444	2.64324
0.304814	2.46085	1.00341
