0.462116	0.291856	3.89578
0.329601	1.53441	2.12953
1.25093	0.550185	0.649071
0.939853	0.411049	1.88578
0.512566	0.954225	2.31768
0.886205	0.48163	2.08646
0.427127	1.42351	1.80341
0.735601	0.291379	2.8752
0.333357	1.61801	2.07291
0.251577	2.64529	1.65489
0.636745	0.353436	3.02107
0.775626	0.577881	1.90176
1.32368	0.25601	1.65448
1.12513	0.642294	0.910641
1.06706	0.613833	1.27304
0.248897	2.45959	1.99198
0.827128	1.01771	0.965253
1.49457	0.469287	0.427176
0.375445	1.35164	2.45133
0.402222	2.29124	0.466588
0.35683	2.33703	0.848721
0.482793	1.38334	1.45157
0.552	0.793014	2.70088
0.24731	2.25159	2.40558
0.963678	0.805428	1.03025
1.26686	0.687706	0.267956
0.619894	0.426193	2.73062
1.35631	0.469022	0.72437
0.538703	1.73756	0.705973
0.760149	1.46451	0.246045
1.22427	0.313377	1.54645
0.595191	0.31516	3.57278
1.1771	0.333535	1.59668
0.980422	0.848605	0.923799
0.437143	1.22209	1.9911
0.338264	2.50515	0.825392
0.658858	0.918456	1.93949
0.970485	0.392822	1.835
0.652262	0.305473	3.24345
0.368459	2.40738	0.614232
1.29329	0.513885	0.791754
1.06286	0.752352	0.753678
0.68609	1.30793	0.851535
0.391315	1.6549	1.51101
0.786902	0.961762	1.3312
1.16399	0.703665	0.494495
0.419241	0.99029	2.67766
0.237036	2.5972	1.69227
1.11064	0.833702	0.402259
0.568081	0.254731	3.84486
0.490869	1.51095	1.38949
0.245378	2.05922	2.61494
0.662548	1.4679	0.611562
0.237036	2.5972	1.69227
0.906322	0.434529	1.93811
1.04524	0.405022	1.52178
0.652262	0.305473	3.24345
1.09766	0.747679	0.617966
0.607585	0.911329	2.19272
0.569604	2.00078	0.241079
0.852743	1.04763	0.759599
0.446237	1.28664	1.91988
1.70727	0.322452	0.206418
0.382274	1.45399	2.00962
0.660666	0.91314	1.59411
0.477581	1.29563	1.58921
0.562885	1.8586	0.321932
0.703543	0.336307	2.82091
0.525525	1.22804	1.43552
0.471182	2.11679	0.261046
1.46739	0.385949	0.478495
0.408987	1.04965	2.89352
0.779158	0.596127	2.13347
0.923322	0.5014	1.5087
0.437403	2.33733	0.236229
0.387007	1.51112	1.79146
1.15206	0.616214	1.21752
0.800404	0.488469	2.4587
1.2568	0.427931	1.2419
0.628602	0.255588	3.60944
0.429807	1.00669	2.9621
1.58808	0.275695	1.00461
0.419329	0.750382	3.84735
0.621723	1.52652	0.724928
0.626756	0.764376	2.68824
0.836124	0.529909	2.18425
1.12637	0.362223	1.6367
1.61221	0.315424	0.299573
0.456616	0.858156	3.11451
0.866175	1.14254	0.310834
0.463011	0.856264	3.18999
0.456019	2.07235	0.458336
0.601324	1.75504	0.242704
0.42663	0.897363	3.29299
1.32576	0.450603	0.905791
1.66417	0.370064	0.225002
0.461259	0.888317	2.94918
0.813317	0.532431	2.22422
0.734729	0.266448	2.90592
0.603437	0.269105	3.77414
0.394366	2.48659	0.292879
0.371864	1.35738	2.35835
0.443898	0.780556	3.65415
0.886265	0.715206	1.46636
0.989031	0.467862	1.85741
0.426723	0.729265	3.84661
0.431402	2.39567	0.295312
0.502015	1.38198	1.42737
0.943762	0.271852	2.63856
1.20552	0.897685	0.336787
1.0514	0.405618	1.72432
0.599437	0.276931	3.7781
1.57126	0.309905	0.880722
0.853031	0.592512	1.75255
0.971349	0.481021	1.73187
0.859572	0.443919	2.23466
0.422912	2.19226	0.814218
0.191089	0.191089	6.19109
1.60404	0.312163	0.590785
0.261297	2.15181	2.5729
0.64104	1.36692	0.919451
1.31529	0.32481	1.50311
0.867853	1.0073	0.672202
0.400392	2.23104	0.635352
0.259669	2.24852	2.44318
0.854452	0.283577	2.67722
1.05917	0.872127	0.540593
0.459072	0.925924	2.64
0.735977	1.14806	1.16019
1.12364	0.530206	1.29305
0.395313	1.45128	1.83075
1.00257	1.058	0.383696
0.252989	2.15627	2.55136
0.685198	1.2384	1.04015
0.810987	1.0739	0.79496
0.675339	1.53174	0.400656
1.02213	0.403778	1.80533
1.19122	0.609674	0.883638
0.614205	0.838806	2.11991
0.952459	1.11277	0.220063
0.905477	0.824661	1.3365
1.53242	0.424628	0.265459
0.470066	1.92499	0.737896
1.16698	0.456609	1.39533
1.21935	0.464721	1.17531
1.50082	0.412601	0.297895
0.671944	0.961612	1.87037
1.2532	0.4013	1.34029
1.30895	0.390528	1.25225
0.584008	1.88609	0.233853
0.657621	0.945906	1.87864
0.728627	1.22582	0.851405
1.4785	0.284053	1.43904
0.980092	0.911274	0.582581
0.435634	2.37856	0.232879
0.562756	1.68358	0.637521
0.466206	1.32236	1.61583
1.12849	0.656185	0.876034
0.760331	0.887251	1.41356
0.239995	0.212533	5.03386
0.257769	0.199969	5.03246
0.393171	0.781417	3.87374
0.396608	0.213538	4.13612
1.29355	0.577929	0.224802
1.89718	0.238659	0.222388
1.5575	0.366812	0.385929
0.479438	1.00713	2.46947
0.634385	1.04686	1.43749
0.435602	0.879621	3.31091
0.242098	2.62435	1.6625
0.417838	0.822658	3.74347
0.818772	0.237129	2.76965
1.1403	0.355489	1.52229
1.02627	0.400972	1.84915
0.705883	0.727912	1.6323
0.445563	1.13675	2.25974
0.407181	1.20937	2.3801
0.99204	0.341411	2.0307
0.427375	0.205408	4.03594
0.932152	0.273887	2.74492
0.885137	0.535525	1.99927
1.97446	0.208676	0.204601
0.239167	2.71347	1.54305
0.272602	0.219546	5.00176
0.666876	0.285393	3.12557
0.308103	0.228425	4.81907
0.345324	0.243233	4.46162
0.423259	0.785091	3.63502
0.402513	0.858694	3.58057
0.534559	1.45029	1.37164
0.766139	1.09623	0.88563
0.405435	0.720898	3.89692
1.53304	0.238069	1.23115
1.26903	0.564981	0.306816
1.35253	0.469177	0.687311
0.85081	0.444321	2.31581
0.325098	0.232322	4.61648
1.71857	0.27513	0.364848
1.65661	0.269201	0.516465
0.593853	1.84643	0.214032
0.457668	2.07341	0.449475
0.452677	2.03615	0.654082
1.64234	0.238478	0.902121
0.427563	1.18252	2.23701
1.23426	0.449496	1.00372
0.559007	1.71961	0.546687
0.803026	1.15914	0.418828
1.05303	0.637161	1.12887
0.786622	0.338971	2.53854
0.976694	0.272081	2.56855
0.835649	0.355835	2.34665
0.886	0.43365	2.10451
0.378535	2.47444	0.501124
1.73573	0.309771	0.205766
0.384997	1.16375	2.63663
0.443815	0.816906	3.29305
0.40094	0.837321	3.69104
1.68725	0.260635	0.403501
0.41691	1.22962	2.13807
1.09319	0.297241	2.04442
0.389239	1.21221	2.45523
1.4398	0.425134	0.671984
0.762321	1.30119	0.426552
0.489838	1.67068	1.16981
1.78302	0.253197	0.267663
0.724654	1.59057	0.280292
0.495563	1.49963	1.40988
0.221206	3.51075	0.982807
0.475135	1.28826	1.59323
1.61947	0.312188	0.506382
1.80364	0.266103	0.232156
1.38719	0.432602	0.776107
0.514813	1.97688	0.286944
1.20696	0.656867	0.412244
0.412577	1.40004	1.81851
0.335842	0.244677	4.40489
0.83909	0.677302	1.46811
0.448782	1.61851	1.42879
0.591869	1.75613	0.306169
1.05745	0.355223	1.69692
0.949533	0.479138	1.52718
0.441566	2.3093	0.247987
0.650352	1.4168	0.736492
1.07465	0.403277	1.40124
1.17732	0.80115	0.484111
0.746251	0.956538	1.48096
1.45373	0.385945	0.790109
0.894424	0.968146	0.755628
0.307287	0.221037	4.88221
1.63243	0.255924	0.597501
1.46355	0.407913	0.693825
0.875175	0.370578	2.20482
1.68593	0.261386	0.451714
0.532451	1.69029	0.745729
0.419789	0.801145	3.53564
0.614185	1.25721	1.26384
1.19832	0.576497	0.862319
1.08929	0.370672	1.56292
0.483203	1.64832	1.20115
0.317925	2.78329	0.276692
0.891634	0.495576	1.81055
0.730993	1.37924	0.386069
1.09804	0.502029	1.38542
0.465432	2.18614	0.24341
0.874252	0.561789	1.94176
0.895303	0.36179	1.93314
0.498124	2.21828	0.232037
0.434758	1.38511	1.61705
0.191089	0.191089	6.19109
0.191089	0.191089	6.19109
1.91428	0.215288	0.188012
2.06875	0.194004	0.191673
1.71101	0.219088	1.01581
1.99676	0.199324	0.189122
0.661015	0.191883	3.61727
0.288067	2.29226	1.35836
0.4286	0.228391	4.01118
2.06011	0.196553	0.193345
0.689993	0.202608	3.44026
0.518797	2.00501	0.206216
1.65395	0.251967	0.602507
0.733722	0.254592	2.93205
0.895055	0.344809	2.18085
1.12808	0.193387	2.37479
0.600943	0.83017	2.2523
0.950395	0.894895	0.89352
0.701239	0.215998	3.04775
1.44264	0.365853	0.477154
0.422119	1.92531	0.868241
1.15716	0.520282	1.17922
0.208171	3.49027	0.983517
0.588561	1.40767	0.933208
0.538887	0.392242	3.34774
0.879583	0.407898	1.83005
0.205919	3.66527	0.644161
0.448983	1.26958	1.69402
1.50951	0.304742	0.759896
0.553525	0.264863	3.51822
1.19631	0.604104	0.366428
0.571476	0.874182	2.32163
0.314443	0.252617	4.54472
0.40524	2.04767	0.704889
0.219409	2.64555	1.57831
0.371319	2.37718	0.292569
0.824383	0.449064	1.99971
0.271748	2.09427	1.40547
0.210285	3.36906	1.18952
0.836316	0.199859	2.77569
1.77654	0.234107	0.505301
0.96832	0.428104	1.78167
0.199703	3.26233	1.29419
0.699893	1.31305	0.4573
0.524819	0.440784	2.84
1.58011	0.245458	1.02891
0.611514	0.455925	2.63791
1.2326	0.559087	0.412626
0.340649	0.245091	4.35102
1.55242	0.310015	0.717269
0.513897	0.398393	3.26592
1.07815	0.631027	1.1988
0.280882	2.23929	1.38802
0.401972	1.89109	1.06406
1.97577	0.213702	0.197109
1.14492	0.805393	0.469428
0.233444	2.69992	1.54537
0.504779	1.62266	0.828497
1.04052	0.250956	2.5124
0.37427	2.49881	0.199126
0.192569	3.53827	0.847724
1.41024	0.373551	0.724274
0.865232	0.430114	2.04426
0.466154	0.368076	3.65618
1.02564	0.195789	2.58118
0.738618	1.06278	0.992471
0.977606	0.773968	1.15648
0.300323	2.8795	0.21604
0.193047	3.83857	0.344959
1.47088	0.429762	0.452189
1.1008	0.229022	2.29597
0.680683	0.220917	3.21168
0.198591	3.16663	1.36233
1.60327	0.347221	0.286591
0.410162	0.211382	4.20959
0.381876	1.26343	2.11119
0.320944	0.201465	4.84047
1.86066	0.224376	0.236376
0.731746	1.04233	1.23055
0.49813	1.59176	0.966896
0.326674	0.242877	4.58654
1.04809	0.707015	0.586149
0.537508	1.802	0.255287
0.396172	0.21391	4.1705
0.923772	0.997962	0.689583
0.341604	0.206383	4.72304
0.197488	3.7335	0.502396
0.472734	1.70866	0.851571
0.43532	2.14241	0.242387
0.199481	3.59935	0.750054
0.962442	0.348769	1.89725
0.616905	0.97278	1.6207
0.633136	0.756194	2.29936
0.45249	2.19219	0.225726
1.32971	0.266006	1.42488
0.71324	1.09963	0.969495
0.348799	0.261556	4.29627
1.88764	0.220045	0.279849
0.345638	0.206232	4.72462
0.370787	2.20676	0.777485
0.636002	0.876416	1.94683
1.3512	0.323379	1.15254
0.617384	0.200616	3.74236
0.999957	0.521554	1.53669
1.08686	0.650086	0.693017
0.918574	0.724436	1.29948
1.22369	0.283723	1.48467
1.21242	0.669294	0.216889
1.06068	0.273625	2.06794
0.552523	0.842364	2.46824
0.544466	1.85748	0.200678
0.74841	0.929085	1.28857
0.815878	0.574304	1.55345
0.327478	1.49067	2.11623
0.465649	0.234804	3.9213
0.377126	1.52284	1.59258
0.200861	3.71528	0.541556
0.911152	0.697853	1.44381
1.00976	0.270167	2.40838
0.28254	2.41114	1.13911
0.78917	0.978508	1.11305
0.547257	0.279181	3.76167
1.94684	0.197672	0.298505
0.811174	1.00429	0.815786
0.499106	1.74282	0.632439
0.563944	0.405328	3.10209
0.206098	2.81114	1.4244
1.9411	0.203709	0.269411
0.193643	3.27844	1.26553
1.31191	0.255435	1.46711
1.83442	0.21161	0.357423
1.2054	0.229181	1.65714
0.897685	0.241114	2.617
1.01789	0.692909	0.76424
0.460541	1.42881	1.38157
0.287538	2.58054	0.686829
0.199717	2.87901	1.40252
0.482568	0.220296	3.91406
1.80829	0.253508	0.192869
0.480032	1.5515	1.36788
0.719379	1.10596	0.958171
0.36171	0.254183	4.26753
1.38101	0.476605	0.336129
0.490119	1.35665	1.47117
0.298229	2.60633	0.654818
0.299327	0.232279	4.86926
0.646778	1.15364	1.21009
0.19856	3.16626	1.36247
1.36266	0.435717	0.616263
0.727604	0.925318	1.37701
1.53271	0.404564	0.222164
0.556356	1.54236	0.660582
0.193026	3.58884	0.751419
0.523618	1.38529	1.34289
0.222	2.44236	1.9446
0.430468	1.2168	1.86539
1.89786	0.202828	0.354558
0.432334	2.11831	0.273012
0.447042	1.18369	1.79407
1.4594	0.265347	1.27251
0.76356	1.18483	0.426419
1.52498	0.352492	0.433636
0.222	2.44236	1.9446
0.717237	1.35	0.305586
1.40199	0.48929	0.216561
1.30126	0.511647	0.718729
1.24786	0.325696	1.41925
0.406136	0.165642	4.04881
1.95143	0.183411	0.163361
0.165973	4.1501	0.165989
0.165973	4.1501	0.165989
0.173391	0.173391	6.17339
1.75448	0.244187	0.163215
0.236972	0.198688	5.04136
0.173391	0.173391	6.17339
0.168718	2.88837	1.36912
1.17773	0.708883	0.194815
0.176119	3.06491	1.36744
1.6974	0.234313	0.344897
0.25209	0.190123	4.94416
0.193265	3.24448	1.29842
0.672466	0.203235	3.15582
0.185157	3.6674	0.581867
0.227516	2.33474	2.19052
0.313288	0.179836	4.77089
0.504191	0.764862	2.44983
0.431666	1.67615	0.979795
0.34122	0.191366	4.2381
0.233001	2.25386	2.3628
0.177566	3.83562	0.315413
0.222419	2.42086	1.99159
1.05152	0.516976	1.22408
0.427806	1.72264	0.876257
1.82184	0.210959	0.172179
0.354778	1.98072	1.05588
0.313929	0.215441	4.36579
0.419069	0.207072	3.87128
0.168161	3.89613	0.241323
0.170066	3.33829	1.13565
1.92231	0.185588	0.171929
0.73138	1.28482	0.220147
0.997444	0.74816	0.431965
1.0158	0.238251	2.08937
0.687102	1.37718	0.212805
0.844826	0.562591	1.82736
1.07717	0.65818	0.565394
1.89425	0.187674	0.190134
0.30453	2.63905	0.201726
1.73016	0.229622	0.476298
0.450102	1.78021	0.641114
0.663883	0.234418	2.86704
0.560866	0.86377	1.89413
0.582168	0.201904	3.60912
0.171599	3.96046	0.207066
0.850084	1.08444	0.721089
0.170022	2.76178	1.3932
0.254336	0.176277	4.97213
0.443693	1.22925	1.52324
1.39605	0.321962	0.756795
0.525371	0.970236	1.60451
0.371268	0.210852	3.94731
0.171487	3.51564	0.829623
0.169427	4.00732	0.185841
0.318545	2.04298	1.09572
0.344078	2.11613	0.784729
0.322899	0.182547	4.61821
0.819477	0.599473	1.95922
0.770429	0.196845	2.77444
0.496123	0.906493	1.92221
1.44812	0.337283	0.548053
0.758901	0.223185	2.65477
0.172878	3.14513	1.33443
0.213898	2.67888	1.52739
0.564882	0.223338	3.61835
0.172878	3.43792	0.979236
0.18549	2.72557	1.43535
0.276978	2.47731	0.792859
1.65677	0.21447	0.517784
0.331389	0.16998	4.69149
1.46887	0.214524	1.21008
1.23806	0.407088	0.82952
0.391293	0.172824	4.13267
0.170106	3.41371	1.01438
0.791418	1.12503	0.323808
0.227276	2.37391	2.10737
0.176209	3.71907	0.470105
1.03156	0.264176	1.73294
0.625915	0.188321	3.52434
1.14392	0.414118	1.15229
0.174048	3.78823	0.364391
0.271773	2.51188	0.669123
0.32937	0.190979	4.49673
0.601052	1.24707	1.31796
1.85856	0.191272	0.23231
0.364901	1.81738	1.18484
0.372183	2.0605	0.775851
0.790298	1.17458	0.190157
0.527902	0.806051	2.22877
0.549675	1.62135	0.295666
0.906358	0.253494	2.48829
0.351213	1.42562	1.67441
0.176119	3.06491	1.36744
0.226927	2.52725	1.78812
0.330206	0.190533	4.41611
0.470164	1.03948	1.47061
0.317864	0.184165	4.55093
0.637711	0.206799	3.43546
0.813025	1.15973	0.216446
0.639203	0.279859	2.71235
1.79759	0.232401	0.18034
0.484383	0.216565	3.78686
0.541666	1.00715	1.48013
1.01175	0.67681	0.741897
0.588873	0.232925	3.28714
1.20486	0.322857	1.38899
0.594158	0.198902	3.52419
0.168843	3.60036	0.659025
0.74524	0.810935	1.49199
0.173087	3.14307	1.33582
0.534116	0.198593	3.78885
0.438107	1.90541	0.371521
0.232093	2.14641	2.51819
1.10953	0.543379	0.946707
0.170301	3.54601	0.767504
1.42379	0.397859	0.417178
0.58875	0.25929	3.33651
0.467155	1.94579	0.21128
0.281833	2.5902	0.419811
0.187797	3.59211	0.729829
0.65115	1.45359	0.263955
1.48677	0.4224	0.179572
0.203007	2.53623	1.70397
0.604587	0.245944	3.00329
0.379312	1.59388	1.42041
1.19706	0.485815	0.679464
0.168635	4.0756	0.171805
0.17218	2.83525	1.37692
0.333513	2.14657	0.806534
0.417709	1.31797	1.52675
0.654525	0.234681	2.93268
0.167878	4.14446	0.167929
0.960759	0.253823	2.15588
0.512096	0.943403	1.70053
1.63048	0.296848	0.173587
1.66342	0.246424	0.237922
0.506968	1.48237	1.12924
0.215728	2.27344	2.27769
0.561458	0.858587	1.91456
0.972944	0.65346	1.0355
0.980728	0.211998	2.32018
1.87062	0.197655	0.172473
0.719565	0.208841	2.6947
0.17358	3.75952	0.402381
0.408857	0.17072	4.01326
1.57214	0.327484	0.172491
0.494249	1.74094	0.3266
0.556075	0.229074	3.39279
0.706822	0.995276	1.09112
0.743426	0.641047	2.21539
0.95066	0.250397	2.27278
1.5558	0.353513	0.184206
0.319455	2.43727	0.828079
0.30559	2.21865	0.831059
0.441438	1.07623	1.54548
0.169176	3.29657	1.19085
0.865828	0.257462	2.55464
1.78299	0.212531	0.60271
0.175761	4.06353	0.181299
0.342561	1.90037	1.28335
0.29436	1.87876	1.38523
0.888714	0.9251	0.407428
1.36897	0.501386	0.170946
0.272862	2.39072	0.952429
0.306245	0.181761	4.75618
1.32721	0.435582	0.467938
1.50172	0.235983	1.01271
0.552067	0.212839	3.70824
0.637359	0.321494	2.91064
1.63269	0.231142	0.573608
0.660261	0.220735	3.03732
0.619025	1.39386	1.01817
0.870842	0.583524	1.48663
1.54236	0.305538	0.239
0.555911	0.202773	3.70242
1.12527	0.249419	1.61927
1.37735	0.258433	1.28705
1.7755	0.239214	0.219657
0.514162	1.52247	0.940489
1.00595	0.624598	1.14677
1.13955	0.54569	0.700479
0.898492	0.307578	1.94976
1.94933	0.184416	0.164467
1.28181	0.393443	0.912238
0.941344	0.206547	2.57535
1.06406	0.416689	1.33102
0.384297	1.84572	0.921559
0.780467	1.14997	0.298529
1.35968	0.245038	1.29438
0.388611	1.85821	0.903717
1.34045	0.319609	1.06821
0.471828	1.49773	1.30126
0.770682	0.259485	2.5935
0.171144	3.28029	1.21541
1.73632	0.276729	0.195391
0.769661	0.449079	2.46086
1.60776	0.275039	0.205292
0.217353	2.27002	2.28894
0.641588	1.47779	0.760389
0.45838	1.40738	1.54271
0.450362	1.15365	2.01275
0.418366	1.31313	2.07742
0.409001	0.298489	4.087
0.672306	0.326682	2.88565
0.233406	2.65701	1.59557
0.878857	0.648447	1.5827
0.773515	0.767784	1.66686
1.03732	0.814349	0.632429
0.310814	1.83686	1.71558
0.339361	2.75747	0.308011
0.404053	2.21681	0.74378
0.483587	0.946939	2.53148
0.840974	0.54603	1.95502
0.754111	1.52308	0.23869
0.658549	0.3008	3.11799
0.658199	0.269816	3.34899
0.436221	2.46856	0.240353
0.526637	1.12688	1.75024
0.59002	0.478062	2.78136
0.612322	0.33731	3.18801
0.322912	1.78614	1.91176
0.570897	1.84193	0.320825
0.927939	0.344942	2.56009
0.328189	2.10655	1.4542
0.465818	2.18303	0.366151
1.09033	0.566791	1.4097
0.71786	0.530848	2.60543
0.459141	1.02045	2.46828
0.313849	1.81237	1.79481
0.589664	1.00466	1.61537
0.594531	0.392171	3.4469
0.799606	0.307636	2.74011
1.38314	0.384789	1.13108
1.56865	0.407372	0.286101
0.941031	0.270404	2.65083
1.2238	0.623154	0.668145
0.54744	0.44955	3.44961
0.966941	0.923303	0.75644
0.351531	2.68136	0.486469
0.656097	0.815627	1.91587
0.597457	0.330429	3.52504
0.893333	0.446874	2.08932
1.36245	0.44156	0.962411
0.420804	1.35784	1.85473
1.07297	0.39776	1.53838
0.742162	0.428646	2.67817
0.446584	2.02707	0.824822
0.750391	0.376837	2.70909
0.821376	1.366	0.232322
0.793363	1.37669	0.260439
0.450909	1.06238	2.48715
1.20152	0.332609	1.49726
0.686151	1.19754	1.26618
1.11703	0.287003	1.96864
0.587313	1.0122	1.53061
1.68617	0.303537	0.422029
0.910906	0.840266	1.28385
0.29046	0.209328	5.0029
1.85208	0.244873	0.193739
0.2421	2.17301	2.5083
0.199468	3.73167	0.510565
0.228323	2.50054	1.84422
0.329575	2.70318	0.327938
0.396906	0.727948	3.57018
0.230411	2.29695	2.2753
0.45838	0.959577	2.74482
0.509032	1.70344	0.708937
0.641859	0.352079	3.0323
1.03242	0.455558	1.56614
0.200482	3.20136	1.34505
0.236937	2.43607	2.00464
0.456271	0.797533	3.21082
0.20136	3.62503	0.706418
0.203589	3.28868	1.27516
0.317569	0.203385	4.95839
0.717103	1.16612	0.988645
0.500657	0.902151	2.83821
0.421209	0.810526	3.43491
0.228086	2.57123	1.71181
1.4271	0.426136	0.767434
0.433732	0.762222	3.33402
0.444323	0.801327	3.07479
0.467929	0.843157	2.93809
0.239099	2.20162	2.46264
0.601878	1.57045	0.739902
0.415449	1.13108	2.2197
0.834403	0.993979	0.977195
1.40648	0.359866	0.846183
0.236147	2.64148	1.62288
0.203733	3.33802	1.21647
0.574321	0.344319	3.71119
1.89065	0.197999	0.481772
1.73386	0.2405	0.420422
0.194953	4.0501	0.206741
0.421948	0.714984	3.65686
0.22426	2.44852	1.93865
0.540015	1.74906	0.353734
0.68716	0.511106	2.60955
1.06768	0.830832	0.609851
0.954024	0.581247	1.42129
1.01538	0.275851	2.157
0.881604	1.00788	0.933334
0.359889	0.568447	3.91087
1.1255	0.249437	1.7799
1.48954	0.287268	1.06864
0.200932	2.9032	1.40202
0.483636	1.63475	1.28353
0.675093	1.39021	0.491057
1.60121	0.396175	0.217285
0.218728	2.36104	2.10803
0.584636	0.360248	3.35877
0.393831	2.10608	1.27139
1.20256	0.521709	0.673302
0.387884	0.23823	4.20088
0.295262	2.14273	1.42003
1.51395	0.32611	0.811184
0.348606	0.594368	3.9092
0.200011	3.38843	1.13519
0.195664	3.93807	0.258373
0.403519	1.46333	1.67532
1.15037	0.499237	1.41461
0.988775	0.287544	2.32279
0.929037	0.285315	2.42757
0.22692	2.33263	2.19306
1.00289	0.963438	0.390417
0.457889	2.00717	0.697189
0.611195	0.267308	3.78717
1.4608	0.420545	0.563184
0.726297	1.25488	0.651056
0.97386	0.935239	0.440994
0.385609	1.4797	1.54635
0.20641	3.41303	1.11281
0.571801	0.923541	1.87277
0.406665	0.212183	4.10027
1.11411	0.674889	0.908854
0.912859	1.08964	0.350327
1.53643	0.431905	0.245084
1.66992	0.281529	0.432375
0.514942	1.8378	0.327489
0.395782	2.052	1.3861
1.09111	0.777485	0.532034
0.197183	3.15948	1.36377
0.501393	1.88059	0.359623
1.2619	0.473028	0.820336
0.218753	2.66129	1.55744
0.492884	1.10301	2.0811
0.666423	1.33578	0.926799
0.394692	0.221471	4.11692
0.593513	1.58303	0.593199
0.823145	0.302184	2.66619
0.21821	2.38733	2.05021
0.545209	1.82581	0.345519
1.11874	0.342864	1.47685
0.452365	1.96538	0.848634
0.213619	2.23841	2.33645
0.855378	1.02346	0.798539
0.47029	1.01831	2.68781
0.576448	0.284958	3.78717
0.631113	1.23277	1.25667
1.85451	0.244081	0.193739
0.887989	0.281415	2.5621
0.896696	1.07047	0.462283
0.780864	0.37091	2.55321
0.688493	0.504519	2.88072
0.388364	1.41077	1.74195
0.934888	1.18641	0.243233
0.419708	1.51997	1.41635
0.448801	0.898515	2.91421
0.651374	0.536541	2.87491
0.484218	1.42251	1.42898
0.495074	0.883091	2.8862
0.741999	1.21606	0.637827
0.412424	1.07969	2.3971
0.392919	0.221316	4.23324
0.583019	1.36772	1.15074
0.753719	0.755156	2.14511
1.12793	0.303483	1.62833
1.45395	0.289942	1.39929
0.427816	1.78281	1.2115
1.65308	0.244016	0.637065
0.558015	1.47504	1.03216
1.32781	0.297778	1.34918
1.27521	0.645127	0.315228
0.628446	1.3519	0.809784
0.800263	1.09767	0.701873
1.25059	0.293227	1.46918
0.74571	0.747513	2.37765
1.08114	0.619314	1.10318
1.91757	0.202064	0.388602
1.10997	0.552125	1.31676
0.858559	1.02277	0.80026
0.406136	0.165642	4.04881
0.161384	3.72629	0.421035
2.00226	0.177373	0.16788
0.162979	4.11799	0.16334
0.233521	0.196544	5.06513
0.348504	0.189699	4.69384
1.96036	0.174414	0.17389
0.776293	0.58321	2.26746
0.644965	1.30198	0.648515
1.92554	0.182588	0.211201
1.21837	0.558703	0.364797
0.622752	0.271109	3.65815
1.50568	0.440947	0.246052
0.295334	2.42751	0.484949
0.797919	0.632426	1.88919
1.17306	0.200608	2.18321
0.563425	1.3748	1.21628
0.815934	0.510439	2.46974
0.167923	3.52353	0.803991
0.316305	1.72819	1.96172
0.187998	3.2077	1.31928
0.190358	2.96074	1.39036
0.200009	3.15851	1.3684
1.13889	0.929873	0.281597
1.54017	0.413468	0.242339
1.17641	0.369001	1.44156
0.430429	0.786789	3.28071
0.418374	0.689547	3.88436
0.450338	1.1866	1.64424
1.06831	0.314266	1.52786
0.36165	0.232955	4.28695
0.170975	3.61928	0.629667
0.539968	0.299827	3.74327
0.74797	0.218266	3.16325
0.18104	3.024	1.3788
0.836092	0.619943	1.75922
0.508553	1.50316	0.892864
0.707947	0.217696	3.39873
0.393555	0.624532	3.91674
0.250786	2.38408	2.15921
0.291601	2.50183	0.602218
0.512296	1.52766	0.774897
0.380296	0.80356	3.49621
0.202594	2.69124	1.49265
0.190595	3.2686	1.26966
0.300129	2.2324	1.10767
0.27412	0.210026	4.95075
0.296668	0.227189	4.79445
1.35806	0.308392	1.30529
0.35471	0.196423	4.35424
0.236467	0.185318	5.05823
0.576966	1.90919	0.238515
0.586631	1.58912	0.471394
0.288942	2.33515	0.742125
0.662424	1.25065	0.416228
0.414252	1.85707	0.810383
1.30889	0.537182	0.393582
0.327789	0.211092	4.54887
0.766554	1.04087	0.772723
0.374331	0.173532	4.18507
0.877057	0.315606	2.42694
1.43266	0.477617	0.190927
0.474059	1.16267	1.85409
0.838852	0.313341	2.56636
0.39443	0.1693	4.15684
1.88846	0.195642	0.183768
1.29687	0.283648	1.56428
0.305764	2.25468	1.06867
0.477387	1.12923	2.33397
0.919702	0.702633	1.33517
1.01286	0.242319	2.09391
1.00549	0.276621	2.02148
0.977476	0.878962	0.525873
0.425559	0.797577	3.12144
0.661745	1.32443	0.60684
1.39131	0.339361	0.771085
0.684703	1.21699	0.450015
1.67989	0.232067	0.447543
0.196612	3.44579	1.03114
1.72064	0.200092	0.503946
0.190575	3.30927	1.22322
0.869574	0.567311	1.62276
1.47945	0.280173	0.814515
0.398141	2.06298	0.823983
0.3411	2.01726	0.856532
0.386377	0.779639	3.49491
0.199243	3.48032	0.976464
0.25003	2.52582	1.85881
1.41749	0.312207	0.814512
0.32706	0.192768	4.84849
1.3742	0.269427	1.27646
0.453716	0.888789	2.77554
1.10282	0.401665	1.37019
0.388972	0.752171	3.57979
1.23142	0.434484	0.997224
0.219197	2.5446	1.73407
0.409289	0.923277	3.04132
1.74487	0.193186	0.535174
0.162984	3.85042	0.270783
0.699323	0.296672	2.82814
0.887141	0.835224	0.840857
0.209534	2.64972	1.55102
1.81562	0.210999	0.294451
1.03227	0.240271	1.99045
0.177454	3.69881	0.506472
0.318917	0.190242	4.91112
0.198596	2.83057	1.40915
0.5324	1.44349	1.14776
1.70693	0.212477	0.70731
0.948838	0.218291	2.6101
0.789344	0.221394	2.94828
0.467731	1.66131	0.624184
0.521837	1.10451	1.40912
0.371175	0.949959	3.02449
0.180488	3.07911	1.36964
0.368569	2.57281	0.399991
0.19373	3.41588	1.07459
0.530166	1.43964	1.15463
0.161395	3.97064	0.187815
0.453688	1.94835	0.189129
0.278253	2.60814	0.305615
0.568362	1.062	1.42862
0.171111	3.6623	0.551945
0.26702	2.85752	0.177436
1.80316	0.187443	0.523125
0.910973	0.722498	1.16325
0.301909	2.78094	0.1826
0.330377	2.29839	1.00537
1.10665	0.221634	1.90084
0.275589	2.01415	1.4013
0.445798	0.849438	2.90433
1.04207	0.220016	2.12438
0.717512	0.290677	2.63706
0.392218	0.796425	3.40766
0.857636	0.313558	2.50027
0.168823	3.87994	0.255431
0.403846	1.8101	0.973139
0.333428	0.207905	4.50215
0.388363	0.762539	3.59702
0.26701	2.30522	1.04797
0.162979	4.11799	0.16334
1.33635	0.448879	0.344904
0.161634	4.04061	0.168562
0.371509	2.17236	0.322598
0.431421	2.12783	0.44544
0.675508	0.250702	2.98349
0.336225	2.12737	1.26054
0.167734	3.80213	0.332775
0.355114	2.37941	0.561233
0.960924	0.54771	1.44839
0.164345	3.78801	0.342587
0.728474	1.38353	0.175542
1.44972	0.26964	1.11715
0.492353	0.289091	3.83451
1.46468	0.257936	1.44189
1.66321	0.220266	0.688498
0.456552	2.08998	0.172862
0.188136	3.33819	1.1796
1.28448	0.448993	0.540645
1.27157	0.42844	0.763241
0.824823	0.738869	1.53615
0.601915	1.61996	0.173384
0.167945	3.37367	1.07577
1.33078	0.305127	1.35963
0.724156	1.15286	0.784776
0.161634	4.04061	0.168562
0.607369	1.20836	1.15548
1.83858	0.194558	0.231959
0.161574	3.73726	0.405184
0.851979	1.00036	0.800113
1.05442	0.62079	1.34768
1.86445	0.194653	0.210733
0.442897	0.917292	2.92003
1.63155	0.230559	0.644662
0.181106	3.07736	1.37081
0.498034	1.69365	0.429183
1.12605	0.538846	1.08017
1.24784	0.524409	0.547967
1.26294	0.340325	1.14345
0.405889	1.82488	0.918377
0.363139	0.190888	4.43985
1.65133	0.192174	0.940522
0.73385	1.11099	0.459232
0.972635	0.303974	2.02675
0.459567	1.63195	1.11767
0.281006	2.65101	0.227951
0.165065	3.9559	0.199582
0.552221	0.444597	3.75649
0.253042	2.52398	1.87148
0.314285	2.5919	0.665533
0.491625	1.15046	1.76824
0.497604	1.16643	1.7019
0.245933	2.65232	1.6312
0.369339	0.265879	4.26111
1.08948	0.819198	0.327258
0.861852	0.360287	2.44028
1.41671	0.490732	0.377708
0.831126	0.284328	2.68129
1.11572	0.294233	1.90545
1.05573	0.772589	0.642817
0.250312	2.47118	1.97185
1.07594	0.549973	1.43948
0.444297	2.19491	0.367899
0.877577	0.854594	1.40657
1.35472	0.412205	0.9854
0.481831	1.11804	1.94002
0.918068	1.02837	0.546033
1.47315	0.318267	1.215
0.57435	1.51007	1.01371
0.440115	2.10659	0.730102
1.16093	0.663315	0.59512
0.954821	0.993595	0.543688
1.15096	0.63678	0.704306
0.463102	1.99833	0.784332
1.19413	0.689632	0.370733
0.925225	0.890291	1.14897
0.605236	0.500483	3.30897
0.658288	0.681007	2.2703
0.430799	2.3565	0.25393
0.556191	1.4006	1.39966
0.646444	0.7328	2.10811
0.418348	1.21403	2.30335
1.33413	0.48164	0.669419
0.386263	2.24516	0.776314
0.685429	0.70881	2.16001
0.943993	1.05781	0.397197
0.743867	0.658904	2.14865
0.631179	1.47001	0.904384
0.981004	0.793819	0.987968
0.889911	0.917135	1.17631
0.972498	0.934994	0.705561
0.475473	1.90797	0.775668
0.969031	0.426056	1.65408
0.464906	1.31745	1.44727
0.294731	1.43169	2.59853
0.384337	1.27209	2.2943
1.04003	0.757965	0.654363
1.26545	0.253827	1.57324
1.01479	0.845247	0.758656
0.90023	0.382067	2.34604
0.593188	0.965352	2.22868
0.341182	2.7863	0.275899
0.56704	1.43606	1.23482
0.644704	1.57335	0.433328
0.714805	1.51408	0.346133
0.346469	1.78636	1.80504
0.892038	0.927224	1.14458
0.901616	0.579758	1.53947
0.718551	0.680854	2.11643
0.904439	0.417874	2.08784
0.391911	0.262406	4.14641
1.38549	0.434426	0.949121
0.949254	0.392637	2.02923
0.333159	1.82909	1.81373
1.32353	0.386696	1.24606
0.424175	0.195421	4.13529
2.05679	0.198125	0.193463
0.256403	0.231876	5.12277
0.668899	0.267726	3.34929
0.370367	0.805223	3.18544
0.387206	0.851047	3.022
0.458304	0.252158	3.91161
0.194991	4.05431	0.205804
1.82035	0.252376	0.354324
0.409541	1.37979	1.81787
0.472267	1.96171	0.475748
0.38276	0.218156	4.27446
1.37637	0.268836	1.61955
1.77883	0.257658	0.27567
1.9552	0.208592	0.216808
0.379944	0.793863	3.54092
0.450647	2.04679	0.627666
1.49579	0.273751	1.15606
1.69547	0.339982	0.244732
0.236211	2.14513	2.52841
1.16048	0.659569	0.475695
0.367373	0.69686	3.83899
0.394072	0.834353	3.15599
0.206733	2.72955	1.46848
0.739538	0.310121	2.79676
0.919619	0.41903	1.78511
0.296132	2.67363	0.561771
0.371753	0.22886	4.23021
0.402742	0.938358	2.71149
1.53569	0.409122	0.333606
0.615035	0.320777	2.97478
0.271631	0.21354	5.02309
1.10228	0.670363	1.00453
0.198706	3.19489	1.34632
0.718043	1.47372	0.203612
0.445054	1.43072	1.4157
0.409921	2.25024	0.337867
1.28559	0.522043	0.580268
0.337559	1.50909	2.26521
0.504197	1.90071	0.348063
0.551354	0.973038	1.59711
0.972086	0.43609	1.55507
0.36325	2.64654	0.214761
0.193794	3.46753	0.984428
1.26266	0.426577	1.02646
1.06153	0.890265	0.377406
0.234949	2.32562	2.23185
0.199251	2.92978	1.39942
1.13228	0.590706	0.83113
0.24309	2.50162	1.88651
0.332311	0.619283	3.85126
0.561892	1.0375	1.44308
0.516157	1.44973	1.30285
1.03496	0.232487	2.57179
1.3086	0.446932	0.644132
1.87502	0.239782	0.220952
1.89661	0.207683	0.293192
0.94313	0.866438	0.690941
1.3629	0.448667	0.511182
1.05987	0.230273	2.5099
0.200405	2.8904	1.40228
1.21826	0.273721	1.5013
1.07899	0.237727	2.28972
0.372735	2.4499	0.261869
1.73004	0.241438	0.620586
0.554773	1.56822	0.789441
0.415348	0.249223	4.07452
0.746974	1.11293	0.878228
1.51034	0.28759	0.971956
1.4292	0.343646	0.888304
0.859901	0.482311	2.10938
1.55367	0.36768	0.236059
0.397232	0.91142	2.93212
0.213378	3.89306	0.328704
0.728459	0.512147	2.42806
0.205015	2.7865	1.43249
0.587307	1.67697	0.308266
0.197986	3.2435	1.30824
0.646933	0.313323	2.88937
0.498141	1.93061	0.255021
0.753255	1.13821	0.763774
0.686417	0.934261	1.61087
0.397372	0.762009	3.45957
0.380934	0.716633	3.66305
0.844296	0.423937	2.44319
0.321432	1.595	2.00233
0.32965	1.75386	1.55381
0.621637	1.35805	0.944614
0.652409	1.24646	1.10577
0.241421	2.49614	1.8926
0.913155	0.301457	2.38436
0.367839	0.729293	3.70385
1.04778	0.394837	1.46177
1.2107	0.540944	0.937052
1.2378	0.228805	1.70036
0.3289	0.220194	4.83284
0.246955	2.36739	2.18246
0.778028	0.235363	2.86472
0.421223	1.84905	1.08732
0.822332	0.997108	0.810596
0.838719	0.511121	2.01914
0.534127	1.82193	0.381053
0.193891	3.57919	0.772564
0.43088	1.19301	2.20438
0.628533	0.280244	3.40459
0.962552	0.815949	0.952102
0.506431	1.6949	1.05303
1.18325	0.318398	1.4464
0.691929	1.20512	0.86531
0.888647	1.0835	0.259957
1.61834	0.281943	0.546206
0.602262	0.289244	3.40134
0.52525	1.79821	0.427151
0.272045	2.11955	2.6206
1.59164	0.327175	0.394198
0.955522	0.355629	1.94274
1.14888	0.244539	1.91402
0.762415	1.06256	0.905478
1.19315	0.766309	0.388119
1.75082	0.213137	0.603123
1.63791	0.218745	1.10614
0.516161	1.65012	0.732065
0.548602	1.63128	0.623461
0.349961	2.09343	1.36966
0.211465	2.76757	1.45166
0.753556	0.247041	2.76017
1.47923	0.361341	0.575707
0.195265	3.52474	0.881583
0.903095	0.510901	1.99915
1.0079	0.754457	0.951326
0.355342	2.07333	1.31058
0.581967	0.850993	2.08214
0.232995	2.28693	2.30217
0.877541	0.443416	2.10726
0.989801	0.460682	1.44783
0.393787	1.22379	2.15299
0.355238	2.33842	0.5286
0.198706	3.21066	1.33566
1.33846	0.418748	0.643564
0.290616	2.54819	0.891678
0.29046	0.209328	5.0029
0.231607	2.28745	2.29715
1.33063	0.326343	1.39701
1.45463	0.323487	0.750295
0.378665	1.76298	1.38865
0.204282	3.56648	0.827609
0.802531	1.21973	0.247709
0.352092	0.77655	3.70314
1.63843	0.27932	0.652999
1.56328	0.297773	0.629798
0.193047	3.83857	0.344959
0.408857	0.17072	4.01326
2.10735	0.192427	0.190467
0.249716	0.204366	5.01782
1.44636	0.350255	0.750976
1.93121	0.209335	0.224248
1.85609	0.213318	0.34669
0.400754	0.220962	4.08808
0.420734	1.50065	1.60428
1.76108	0.262314	0.320508
1.49192	0.241047	1.2979
0.534982	0.491508	3.71866
0.197978	3.60914	0.726877
0.235787	2.33464	2.21602
0.624459	0.637168	2.85181
1.63936	0.267494	0.635362
0.519852	0.531228	3.44959
0.197835	3.18019	1.35382
1.02084	0.42304	1.80033
0.319895	0.2091	4.901
0.438373	1.13727	2.32369
0.64462	0.244493	3.54059
0.463361	1.93202	0.341171
0.432756	0.250467	3.85285
0.713731	0.605924	2.69348
0.198795	3.64844	0.654995
0.41388	1.85767	1.18969
1.97709	0.207736	0.21275
2.03819	0.19811	0.22116
0.376786	1.41653	2.41607
1.61618	0.242915	0.981996
0.196091	3.89915	0.289607
0.330927	0.212635	4.83976
0.199154	3.24654	1.30775
0.230049	2.15506	2.50351
0.459822	0.815871	2.56522
0.69727	1.2859	0.510034
0.891325	0.525202	2.00936
0.523557	0.535814	3.36629
1.05238	0.681863	0.90183
0.405837	1.5843	1.44789
1.56843	0.24987	1.08128
1.30745	0.260587	1.54677
1.09997	0.692281	0.421345
0.986228	0.353324	1.88617
0.767223	0.307984	2.64155
0.880302	0.995823	0.352642
1.15839	0.377873	1.42657
0.670852	0.263086	3.21962
0.225363	2.45149	1.93582
1.80147	0.214764	0.484404
0.299999	2.77474	0.321165
1.94939	0.197097	0.365507
0.784638	1.10627	1.15903
0.279276	2.30762	1.28372
0.287841	2.17088	1.41192
1.39005	0.345411	1.03083
0.613171	0.565192	3.17849
1.3363	0.466433	0.781023
0.362761	2.24854	0.846336
0.336402	0.258144	4.35928
0.392435	0.217239	4.30815
0.294236	2.56237	0.672963
1.83201	0.20465	0.822801
0.197349	3.76603	0.45133
0.762498	0.236395	3.11611
0.614011	0.325381	2.98562
0.750794	1.24603	0.359929
0.874575	0.844124	1.51987
0.38683	1.68085	1.72363
0.57571	0.801614	2.13347
0.24605	2.61605	1.68546
0.245876	2.49739	1.90361
0.396531	2.01002	0.999245
0.238295	2.38796	2.11192
0.423862	0.291554	3.97502
1.12915	0.261216	1.62857
0.251842	2.42828	2.06813
0.545382	1.04022	1.69538
1.51044	0.295001	0.934684
2.06652	0.19102	0.195231
1.28902	0.516444	0.429963
0.411826	1.36998	2.25824
0.936033	0.330369	2.09543
1.41624	0.311475	1.17577
1.1892	0.560222	0.616834
0.643073	0.575006	2.7638
0.499282	0.257984	3.79785
1.38014	0.48513	0.401415
0.852522	0.616896	1.60608
1.21142	0.539562	0.683896
0.676957	0.882027	1.39573
0.670127	1.32644	0.670146
0.836476	0.930988	1.36684
0.801096	0.252772	2.75044
1.3638	0.399463	0.844596
0.380574	2.12389	0.83001
0.802171	1.17795	0.505936
0.361281	2.35993	0.475264
0.293946	2.46682	0.964206
0.428974	0.96943	2.38845
0.591975	0.945655	1.64282
0.451477	0.977563	2.24894
0.599205	1.73846	0.290542
2.10133	0.193036	0.191073
0.475094	2.04829	0.274804
0.937576	0.442588	1.77358
1.19856	0.453755	1.24515
1.36071	0.612675	0.250872
0.249716	0.204366	5.01782
0.49111	1.82998	0.517118
1.08048	0.746093	0.641944
0.297052	2.71065	0.427278
0.508363	0.485961	3.76607
0.469446	0.883277	2.45474
0.204466	3.23814	1.32478
1.1204	0.69018	0.617492
0.300013	2.70724	0.443784
0.63588	0.245742	3.62488
0.583379	0.598956	2.90212
1.52443	0.366927	0.447244
0.729593	1.19705	0.790864
2.07071	0.191025	0.193946
0.199984	3.53505	0.875595
1.78551	0.27377	0.209792
1.0365	0.61825	1.19228
0.583379	0.598956	2.90212
1.62276	0.310661	0.529231
0.633133	1.19739	1.23256
1.07907	0.746377	0.628053
0.727	1.06407	1.17798
0.568431	1.64175	0.427402
0.426769	2.10202	0.552815
0.357825	1.44436	2.13376
1.54968	0.313027	0.446891
0.619025	1.03988	1.40281
0.204652	3.51121	0.934475
0.286798	2.22993	1.34486
1.25395	0.48225	0.909543
1.2765	0.373846	1.28877
0.743528	1.30477	0.363008
0.825531	1.2691	0.199537
0.318656	2.7908	0.197417
0.56399	0.925921	1.65817
0.434244	1.73132	1.32493
0.524558	1.63102	0.822128
0.760744	0.243391	3.13857
0.786431	1.24992	0.230921
1.26144	0.316943	1.43458
