0.307921	0.164898	4.77218
0.161684	3.2732	1.2031
1.7274	0.249201	0.163216
2.0179	0.172032	0.164267
0.162293	4.07581	0.164843
0.2316	0.194223	5.0742
0.55753	0.35501	3.35665
0.532233	0.351135	3.68522
1.53258	0.297287	0.379539
0.437644	0.226986	3.86362
0.590375	1.5633	0.758372
0.211875	2.52912	1.74154
0.275687	2.99376	0.199518
1.92942	0.18673	0.164249
0.218705	0.194566	5.06892
0.740048	0.448863	2.24911
0.785597	1.05136	0.746342
0.394161	1.22711	1.67251
0.187252	2.55894	1.62399
0.769382	0.22565	2.68322
1.00142	0.233172	1.91507
0.166494	2.82088	1.37256
0.923307	0.909351	0.608501
1.67977	0.263885	0.263052
0.29026	0.196922	4.80218
0.395593	0.176236	4.04974
0.271524	0.197248	4.91467
0.448537	1.40003	1.35839
0.713953	0.794646	1.51621
0.554279	0.885894	2.03843
0.991647	0.221941	2.32626
1.66066	0.269598	0.235945
0.17549	3.5233	0.826581
0.291844	0.193746	4.74443
0.167222	3.66066	0.5441
0.890679	0.473706	1.75817
1.62375	0.248507	0.287003
0.16815	4.05023	0.174565
0.161684	3.34985	1.09725
0.637112	0.542162	2.80065
0.521396	0.46439	3.20031
0.484423	1.68598	0.663258
1.90098	0.170633	0.237354
1.49261	0.30087	0.498524
0.905467	0.27188	2.48597
0.169238	3.57464	0.709187
0.164785	3.22049	1.26582
0.176213	3.46859	0.932561
0.690615	0.312562	2.72837
0.163247	3.17774	1.29838
0.162337	3.83729	0.282389
1.87861	0.191375	0.177099
0.364362	1.20013	1.96841
0.469171	1.45243	1.3144
1.17117	0.566506	0.506612
1.71099	0.219027	0.239824
1.05444	0.667842	0.724157
1.84172	0.213747	0.16739
0.294868	0.181141	4.91243
0.211954	2.69538	1.5069
0.162098	3.77707	0.351424
0.238037	2.22717	1.30991
0.588044	1.35881	0.783407
0.435056	0.988313	2.07934
1.56932	0.23134	0.846835
0.329467	0.186559	4.60616
0.507432	0.527235	2.95473
0.191011	2.28121	2.18887
0.163406	3.62525	0.597075
0.680954	1.11498	0.956051
0.245292	2.3445	1.13854
0.184465	2.12972	2.43206
0.351132	1.78435	1.2929
0.162653	3.40935	1.00154
0.835275	1.30244	0.265921
0.618121	0.295231	2.85692
0.937473	0.958434	0.214955
1.30502	0.337422	0.876573
0.755485	0.63326	1.42358
0.532917	0.232217	3.81486
0.430967	2.41245	0.234602
1.37212	0.437073	0.229821
1.07198	0.554767	0.860347
1.13925	0.775283	0.207862
1.13618	0.271965	1.80436
0.456241	1.99009	0.222996
0.702789	0.318931	2.59383
0.258409	2.44927	0.914711
0.162294	3.04049	1.35561
0.190332	2.2667	2.21591
0.825022	1.02109	0.505913
0.177344	2.76505	1.40216
0.92948	0.494505	1.61049
1.97268	0.175294	0.175947
0.265527	2.88069	0.243236
0.661248	0.243319	3.09754
0.562296	0.25011	3.46584
0.32486	1.08597	2.52565
1.74141	0.200852	0.285198
0.353259	2.61917	0.425665
0.162485	3.96692	0.190886
0.314194	0.194131	4.5217
1.39154	0.356174	0.811849
1.98384	0.173986	0.171164
0.161803	3.12177	1.3295
0.166811	3.70373	0.470252
1.11132	0.813412	0.273716
0.377661	1.49716	1.38594
1.7696	0.239972	0.191048
0.165872	3.08953	1.34802
0.190599	2.3746	1.99068
1.24479	0.381321	1.11235
0.859076	0.303548	2.56927
0.58264	1.32984	0.948206
0.433975	2.06917	0.234778
0.623998	1.46327	0.303339
0.409255	1.88651	0.493524
0.521396	0.46439	3.20031
0.653301	0.241055	3.11382
1.32913	0.247493	1.3426
0.187974	2.32043	2.09817
1.80819	0.200355	0.240763
1.29068	0.586882	0.358164
0.17805	3.90797	0.249745
1.15464	0.483428	1.02521
0.369308	0.175155	4.22046
0.338232	0.189703	4.32877
0.715719	0.224113	2.91006
0.197077	2.70563	1.46986
1.20034	0.320004	1.40767
0.356889	1.81653	1.24137
0.348161	0.175877	4.41386
0.367723	2.15591	0.31566
0.664522	0.36449	2.77501
1.08646	0.844912	0.270755
1.85496	0.179931	0.239046
0.561596	0.335841	3.57614
0.573737	0.227576	3.45627
0.37903	0.167083	4.13743
0.385383	1.9373	0.598857
0.165606	3.74154	0.408859
0.647505	1.27279	0.66721
0.561596	0.335841	3.57614
0.414794	1.73047	1.12276
1.27285	0.420582	0.686478
1.26951	0.204039	1.46778
1.16745	0.202725	1.82678
0.612938	0.335854	3.01044
0.547357	0.389356	2.98108
0.33209	0.227374	4.3133
0.514945	0.944084	2.14347
1.04267	0.346829	1.38265
1.09949	0.712832	0.3135
1.35795	0.317021	1.06751
0.162653	3.42729	0.969725
0.357257	2.61321	0.447615
0.670547	1.25719	0.405245
2.01476	0.172164	0.164357
0.806288	0.325669	2.43783
0.363375	1.8985	1.01398
0.255239	2.38743	1.07039
0.172408	3.96668	0.205306
0.752127	0.839755	1.44184
1.01255	0.408173	1.77411
0.954153	0.831026	1.0177
0.814279	1.08475	0.714167
0.431105	1.7459	0.926957
0.706875	1.14924	0.915004
1.45222	0.427946	0.26955
1.2037	0.500322	0.725351
0.384667	1.61089	1.35749
0.358772	0.177687	4.21544
0.489706	1.65711	0.979092
0.161684	3.2732	1.2031
0.722508	0.737262	1.49692
0.492934	1.68217	0.476663
1.42073	0.404359	0.461872
0.161875	2.92886	1.36187
0.722508	0.737262	1.49692
0.316121	0.189125	4.55902
0.40765	1.83955	0.709822
0.538838	1.6197	0.321014
0.171753	2.737	1.40701
1.6088	0.254867	0.444891
0.868516	0.278434	2.41976
1.59684	0.310991	0.239296
0.386772	0.229518	4.08934
0.794211	0.238648	2.58644
0.27519	2.02244	1.39085
1.089	0.607626	0.722153
1.02547	0.601711	1.38558
0.184408	3.88501	0.280095
1.46757	0.397272	0.335739
0.473841	1.97699	0.399501
0.161684	3.2732	1.2031
0.186299	0.186299	6.1863
1.64378	0.17518	1.10653
2.0075	0.178201	0.1675
0.23794	0.19145	5.04248
0.186299	0.186299	6.1863
0.196826	2.89732	1.39801
0.603174	0.210056	3.48669
0.191325	3.12655	1.36945
0.579602	0.284011	3.58417
0.175309	3.94752	0.219447
0.97534	0.399236	1.82862
0.171922	3.44091	0.971162
0.750968	0.22239	2.7094
0.193564	4.05715	0.203438
0.256186	0.194868	5.00869
0.430118	0.188335	4.03218
0.316162	2.72968	0.253243
1.77317	0.184696	0.611283
0.6085	0.23045	3.3562
1.21717	0.444111	1.23788
0.511567	0.875749	2.34162
0.422313	1.22534	2.10164
0.312951	0.219111	4.75791
0.723683	0.281746	2.83076
0.236882	2.67159	1.58504
0.232304	2.48224	1.89328
1.54304	0.303881	0.473277
0.6713	0.24606	3.10301
0.355386	2.54521	0.393858
0.23269	2.63037	1.63027
0.314377	0.200513	4.88419
0.406431	1.37618	1.88809
0.90296	0.277855	2.40106
0.570128	0.807536	2.26748
0.323732	2.12153	1.21523
1.14954	0.452699	1.22666
0.395126	2.35128	0.211055
0.231926	2.28572	2.30137
0.277034	0.458747	4.66379
0.378331	1.26319	2.15024
0.193032	3.87998	0.301296
1.17056	0.858127	0.244096
1.33323	0.360305	0.98946
0.955074	0.901502	1.02401
0.168898	3.59542	0.668527
1.08774	0.921323	0.224844
0.543973	1.63709	0.484104
0.197176	3.55967	0.819921
0.612777	0.206391	3.63548
0.628149	0.274622	3.16852
0.416352	1.9534	0.794602
0.282794	0.472539	4.42438
1.02122	0.648388	0.700673
1.99016	0.189947	0.176928
1.06593	0.244313	1.98367
0.55897	0.210074	3.70881
0.593807	1.58103	0.317308
0.373618	0.196959	4.22907
0.332407	0.49057	4.12028
1.74322	0.201908	0.848621
0.168186	3.80813	0.326602
0.172852	3.19048	1.30568
0.305823	0.192584	4.93838
0.183643	3.69119	0.536042
0.236254	2.56659	1.74233
0.743666	1.15655	0.328128
0.756135	0.585457	2.03251
0.518382	1.55382	0.851276
0.53064	0.897666	2.20189
1.11057	0.610497	0.948561
1.24319	0.391208	1.29009
0.344179	0.220353	4.32993
0.874271	0.717255	1.37966
0.485212	1.70713	0.740612
0.34861	2.27358	0.888389
1.29982	0.412275	0.704661
0.345036	0.195065	4.52586
1.60427	0.204821	0.90146
0.785661	1.05347	0.639011
0.921234	0.24711	2.50517
0.700212	1.32341	0.615386
1.35772	0.256198	1.35942
0.677316	0.207827	3.2724
0.172969	3.40419	1.03854
0.411753	0.199158	3.93128
0.170395	3.18143	1.308
1.49978	0.27395	0.960707
0.428383	2.23187	0.22097
0.186183	3.53012	0.844734
0.442643	0.956426	2.55432
0.986769	0.76034	1.05214
0.665815	0.248461	2.93032
1.796	0.220971	0.186228
1.38039	0.370963	0.561302
0.699149	0.218339	3.22216
1.03076	0.329431	1.96889
1.9094	0.209082	0.197187
0.172852	3.31999	1.16834
0.653796	0.348671	2.87216
1.59368	0.223908	0.68452
1.48447	0.430164	0.351636
0.327615	1.79533	1.59251
0.278579	0.54696	4.09577
0.690505	1.1872	0.822244
0.935939	1.20587	0.246857
0.288713	2.43911	0.544297
1.4241	0.259373	1.20051
1.32062	0.545937	0.255175
0.845559	0.407191	2.38693
1.72715	0.218247	0.583721
0.493202	0.233234	3.85234
0.294242	0.491963	4.35826
0.639296	0.220631	3.30947
0.362824	2.20184	0.538852
0.538005	1.76137	0.510598
0.535686	1.11925	1.43252
0.71047	1.30313	0.454476
0.389253	1.85751	1.28552
1.45775	0.220002	1.18813
0.335307	0.194511	4.62791
1.88593	0.190177	0.275196
1.09662	0.813409	0.415194
0.687602	0.227245	3.01789
1.66675	0.218179	0.869361
0.963438	0.35759	2.13171
1.876	0.18519	0.295638
0.44992	0.987062	2.44561
0.494244	1.97627	0.260997
1.81951	0.204995	0.198044
0.925511	0.480734	1.64174
0.314366	2.38445	0.398369
1.18972	0.280961	1.52824
0.597284	1.82081	0.210628
0.339072	0.191748	4.70183
0.461906	1.67473	0.761576
0.168992	3.6426	0.581235
1.12916	0.594869	0.398025
0.440699	0.970039	2.55426
1.4066	0.274336	1.27264
1.04446	0.326021	1.67759
0.794643	1.01047	1.13187
0.449247	1.44328	1.51607
0.362949	0.215688	4.21442
1.92966	0.200216	0.240065
1.52032	0.318285	0.487312
0.644845	1.0599	1.34072
0.514622	0.212438	3.79263
1.119	0.679567	0.505467
1.71265	0.229167	0.493299
1.25643	0.546809	0.403156
0.398631	2.1703	0.495324
0.337407	0.197976	4.55596
0.816678	1.09937	0.35645
1.84693	0.222252	0.173074
0.176212	3.66306	0.564728
1.96087	0.181534	0.180896
0.174291	3.90755	0.243515
0.396581	1.98977	0.774744
0.785317	1.4201	0.252117
0.778095	0.359587	2.65302
0.6542	1.49581	0.318029
0.626094	1.46081	0.573001
0.587273	1.52628	0.583486
0.30922	2.1558	1.28427
1.45191	0.224204	1.28941
0.998841	0.685609	1.16263
0.299473	2.8437	0.203177
0.884323	0.83188	1.09142
0.640871	0.25622	2.94199
0.717368	0.379738	2.63651
1.62228	0.390241	0.240728
0.806223	1.0808	0.493525
0.461821	1.50173	1.49491
0.549489	1.88314	0.218087
1.11316	0.282139	1.92066
1.29124	0.330285	1.27318
0.411426	2.4231	0.20902
0.829947	0.231656	2.59508
0.846685	0.436357	2.27989
0.987992	0.758421	1.07564
1.96087	0.181534	0.180896
1.57373	0.376402	0.443414
0.547162	0.20809	3.7648
0.198168	3.8357	0.359453
0.2928	2.96077	0.242308
0.302872	2.78979	0.510657
0.951362	0.881643	0.777325
0.409626	0.850971	3.1275
1.25701	0.474087	0.801855
1.49131	0.278784	1.08869
1.00784	0.617208	1.36169
0.338745	2.23304	1.01881
0.896973	0.508431	1.63492
0.928738	0.430008	1.80289
0.565548	0.737293	2.51581
0.322038	2.3403	0.961824
0.76524	1.04059	0.902927
1.04514	0.241892	2.2867
0.370773	0.240894	4.20875
0.403224	0.791465	3.52805
1.02861	0.326081	2.10246
0.354878	2.40867	0.543341
0.280962	2.88918	0.281373
0.274021	2.63869	0.799639
0.363784	0.239787	4.26104
0.41329	0.705898	3.84838
0.466925	0.898142	2.80868
1.67886	0.24968	0.699358
1.29753	0.556211	0.289298
1.84675	0.221209	0.351398
1.15563	0.588596	0.827402
1.17848	0.49155	0.996667
0.733105	1.47153	0.223627
0.534519	1.20014	1.41698
0.809708	1.29979	0.381744
0.346671	1.65833	1.82074
0.430364	1.14475	2.40111
0.762168	0.785848	1.67802
0.659349	1.32572	1.15616
0.913972	0.457703	1.72042
0.515489	1.52065	1.26724
1.69964	0.290987	0.303761
0.280532	3.0142	0.20585
0.651601	1.40882	0.508003
0.409295	0.837348	3.24969
1.52303	0.336866	0.44935
0.523656	1.73049	0.680105
1.20037	0.484207	1.00866
1.11553	0.280158	1.87948
0.620285	0.488158	2.75737
1.40204	0.417856	0.540203
0.712651	1.08291	1.07378
0.506398	1.54398	1.26187
0.391984	0.809748	3.57965
1.3211	0.419815	1.0605
0.875174	0.44473	1.97944
0.629471	1.09921	1.36948
0.343753	2.10443	1.34699
1.59133	0.338427	0.29837
0.746468	1.12757	0.904296
0.362882	2.43885	0.470479
0.432018	1.01049	2.6937
1.28313	0.51387	0.38382
0.475586	0.960812	2.71476
0.428082	0.764967	3.58196
0.862771	0.440616	2.07037
0.640707	0.297122	3.4405
0.467601	2.04924	0.227563
0.991242	0.429822	1.68144
0.403342	0.826855	3.27871
0.434234	0.919287	2.90224
1.30969	0.370527	1.24572
0.62016	1.4158	0.712131
0.334134	2.57923	0.341922
0.330462	2.01551	1.35541
0.449827	1.74894	1.15795
1.13387	0.252854	1.89026
0.247614	2.13685	2.56048
1.22515	0.563585	0.440415
0.320095	2.28846	1.14933
0.290672	2.80749	0.434693
1.14261	0.653951	0.400035
0.205851	3.71929	0.548199
1.23451	0.319304	1.42544
0.285212	2.53949	1.10509
0.552069	1.92224	0.217272
0.198168	3.8357	0.359453
0.457625	1.86822	0.743846
0.477072	1.77659	0.907106
1.54732	0.265661	1.06852
1.60208	0.281447	0.684253
0.280641	2.84255	0.343693
0.320024	2.31619	1.02703
1.62265	0.289387	0.505166
0.378107	0.239619	4.0941
0.351578	2.29907	0.647958
1.50606	0.378543	0.424745
1.55304	0.271814	0.845072
0.822048	1.12575	0.334049
0.811783	0.943354	1.21623
1.27615	0.561026	0.355099
1.37254	0.490554	0.295635
0.334244	2.47242	0.642159
1.44957	0.40921	0.50444
0.198168	3.8357	0.359453
1.69298	0.33843	0.21331
1.57944	0.267081	1.16351
0.983117	0.753376	1.09471
0.418797	1.45544	1.45599
0.630414	0.999748	1.76225
0.447805	0.23012	3.99925
0.859439	0.557493	1.84625
0.555469	0.353451	3.12192
0.454698	1.18241	2.31161
1.17201	0.285578	1.57163
0.805399	0.953244	1.15564
1.33387	0.513678	0.472445
0.591823	1.48396	1.15355
1.6779	0.376356	0.231156
0.507363	2.02445	0.258202
1.40269	0.458978	0.314849
0.57165	1.54694	0.937935
0.350118	2.60764	0.474979
0.596032	1.85095	0.218483
0.51506	1.3918	1.40435
0.768967	0.244789	2.87562
0.325357	1.65928	2.00449
0.366322	2.73504	0.40875
1.16437	0.261999	1.96676
1.08949	0.883382	0.511398
1.04947	0.782445	0.965231
0.534515	1.28572	1.47312
0.39212	1.51195	1.83069
0.649047	0.701385	2.25099
0.227872	2.70584	1.52811
0.79536	1.03837	1.27068
0.316591	1.87661	1.54766
0.671827	0.377928	2.79866
1.06795	0.867374	0.665315
0.602953	0.281554	3.48673
0.92256	0.981693	0.793618
0.432139	2.25514	0.342061
1.13795	0.271224	1.96677
0.305283	1.57998	2.19412
0.708039	1.16667	1.12807
0.459329	0.258746	3.92603
0.353235	2.85522	0.238454
0.934814	0.848288	1.25466
1.47641	0.397478	0.375427
0.661888	0.279836	3.18027
0.839158	0.44837	2.57392
0.737344	1.05191	1.14864
0.320862	2.21257	1.38847
0.331301	2.84341	0.255624
1.2758	0.643348	0.326273
0.73082	1.09145	1.2174
0.376013	1.22246	2.67826
0.959841	0.921276	0.515686
0.311821	1.72434	1.92145
0.917269	0.546986	1.64341
1.25014	0.469791	1.07152
0.493553	1.68635	1.00705
1.03214	0.28221	2.16599
0.434117	1.75759	1.29652
1.60466	0.379254	0.243006
0.343339	2.14489	1.4006
1.0488	0.613016	1.37049
1.41164	0.340775	1.02398
0.91103	0.328892	2.53549
1.26353	0.651368	0.305537
1.75352	0.299512	0.272178
1.31444	0.541357	0.398627
1.46374	0.456558	0.352586
0.344595	2.19825	1.33347
1.23104	0.485687	0.963223
1.44471	0.33142	1.23979
0.41649	2.54038	0.236229
0.96579	0.311155	2.46515
1.2896	0.44475	0.925879
0.777601	1.1273	0.74154
0.483634	1.11105	2.04594
0.309669	1.70062	1.99779
1.24252	0.280339	1.70511
0.459329	0.258746	3.92603
0.169082	3.64088	0.584585
1.79895	0.25879	0.186832
0.235175	0.202472	5.07745
1.24742	0.503451	0.837589
0.214188	2.50498	1.79362
1.63174	0.328899	0.220491
0.368314	2.36032	0.439337
0.290008	2.75593	0.262224
0.190652	3.0255	1.38903
0.455225	2.01612	0.381613
1.33501	0.456381	0.475899
1.22063	0.556917	0.47637
0.638455	0.259996	3.32136
0.193914	3.6971	0.553817
0.338918	1.76815	1.55057
0.276708	2.41914	1.03425
0.682155	0.206831	3.46229
0.59201	0.914967	1.98741
1.45629	0.367257	0.746978
0.84436	1.07648	0.314325
1.28958	0.607523	0.38226
0.194085	2.89865	1.39506
0.393272	0.207761	4.16718
1.65603	0.227861	0.748398
0.625939	0.322382	2.79783
0.862874	0.475679	2.13088
1.06879	0.223408	2.31251
1.37882	0.299721	1.33093
0.472283	0.198384	3.85903
0.308952	0.223886	4.87729
0.267513	2.09419	1.39725
0.563709	0.361978	2.86066
0.196791	3.31589	1.22893
1.58712	0.286161	0.612364
0.203234	3.50661	0.939036
0.695336	1.25419	0.846979
0.372334	2.15123	0.791063
0.586718	1.1152	1.58177
0.44073	1.78695	1.01041
0.659259	1.1977	1.05644
0.193364	2.80774	1.40866
0.195823	3.76569	0.448032
0.41632	0.215901	4.05965
0.375656	2.27064	0.381898
0.189251	4.01864	0.208322
1.20457	0.218122	1.75858
0.406935	1.32066	1.46738
1.85337	0.215376	0.216888
0.662167	0.25265	3.10863
0.972089	0.332119	1.8775
1.91048	0.219664	0.187563
0.528091	1.84609	0.274227
0.772384	0.346908	2.67306
0.55611	0.254848	3.53328
0.194291	3.62248	0.690763
0.403927	1.66736	1.37883
1.1781	0.572813	0.712249
0.36055	1.1715	2.21925
0.412928	2.08093	0.461866
1.77743	0.279654	0.209544
0.832471	0.478231	2.11359
0.793349	0.938246	1.30557
0.577101	1.50323	0.879566
1.13413	0.292004	1.497
0.200277	3.40505	1.10965
1.48419	0.281911	1.29126
1.31477	0.704193	0.300813
0.914826	0.524078	1.70003
0.509413	0.208126	3.80141
0.193633	2.85604	1.39847
0.934183	0.673078	1.25219
0.663957	1.39278	0.526163
0.402957	1.93097	0.830505
0.633613	1.44521	0.592383
0.39206	2.25856	0.503333
0.321538	1.92477	1.38979
0.671354	0.288127	2.94098
1.14982	0.619063	0.630298
1.52047	0.302919	0.718889
1.00939	0.89116	0.327726
0.294477	0.212362	4.99336
0.368055	0.200734	4.51413
0.192026	4.11441	0.193873
0.554728	0.211265	3.74829
1.75648	0.245138	0.310304
0.982231	0.789532	0.563418
0.819425	0.972137	1.06117
0.72137	0.854833	1.40388
0.639692	0.274334	3.05974
0.237631	2.61713	1.66223
0.28858	0.21927	4.9832
0.570793	0.338685	3.01246
0.395799	1.47978	1.42586
0.349901	1.523	1.9429
0.609542	0.234185	3.62612
0.426577	2.1633	0.390518
0.867816	0.323703	2.42535
1.72159	0.221811	0.597216
0.488456	1.53234	1.19038
0.882219	0.863975	0.994506
0.837007	0.995015	0.842802
1.19718	0.582154	0.589939
0.437742	0.244862	3.96055
0.773873	1.16649	0.438753
0.429734	0.200755	4.05022
0.544311	0.81591	2.55046
0.474952	1.5596	1.18742
1.01733	0.723771	0.952252
0.464425	1.88868	0.558711
1.07651	0.237359	2.19416
0.752181	0.266114	2.72315
0.59861	0.300117	3.19465
0.435178	0.254899	3.966
0.238628	0.198816	5.0765
0.755577	1.05207	0.833012
0.647514	1.0457	1.4596
1.02452	0.226268	2.37125
0.728413	0.247874	2.90934
0.537866	0.310492	3.69355
0.613855	1.41773	0.637013
0.48522	1.3724	1.45077
0.599521	1.35676	1.02574
0.365954	2.2159	1.16109
0.709835	0.225483	3.26335
0.891554	0.725826	1.31595
0.286784	2.65264	0.426492
0.19356	3.284	1.2593
0.530195	1.62684	0.692117
0.194001	3.35597	1.16865
1.55376	0.415332	0.235361
0.984297	0.592948	1.44109
1.43862	0.307222	0.978488
1.04905	0.301712	1.92433
0.873615	0.316155	2.59105
0.90656	0.738031	1.26559
0.195728	3.87768	0.30882
1.32567	0.444957	0.607944
1.05783	0.277269	1.83068
1.42767	0.323236	0.911428
0.500679	1.73745	0.669055
0.678132	0.315694	2.7248
0.366212	1.26945	2.06147
0.805024	1.02267	1.15054
1.03725	0.420394	1.60606
1.69982	0.232872	0.434762
0.604939	0.237125	3.62677
0.28236	2.62777	0.46909
0.953047	0.657285	1.47283
0.366186	1.27043	2.06167
0.998812	0.244519	2.38865
0.470733	1.60806	1.09887
0.272487	2.19939	1.38183
0.302452	1.97388	1.38276
0.527649	0.322977	3.69553
0.669433	0.239643	3.26318
1.16919	0.640387	0.606344
0.169082	3.64088	0.584585
0.170369	4.13964	0.170484
2.08712	0.170648	0.16885
2.03838	0.169974	0.17611
0.2575	0.21341	5.03364
0.314174	0.252997	4.73913
0.348351	0.209888	4.33718
0.19255	2.9427	1.39256
0.363266	0.854861	2.75997
0.75499	1.3188	0.264211
0.194855	2.84941	1.40089
0.517963	0.908091	2.00604
0.182605	3.79034	0.381412
0.58649	0.332642	3.3447
0.752903	0.453559	2.30584
0.813491	0.96152	1.21042
0.263814	0.208504	5.03241
0.198659	2.40964	1.94114
0.302639	2.60931	0.680687
0.176334	4.04161	0.185852
0.413236	1.92176	1.01479
0.467378	1.84539	0.403018
0.309464	2.78768	0.313484
1.10504	0.613752	0.822235
0.653366	0.288553	3.03623
0.207169	2.30081	2.19803
0.973926	0.203851	2.59942
0.950955	0.412703	1.82068
0.843353	0.998989	0.931064
1.67202	0.224998	0.733337
0.203907	3.87428	0.328649
0.781962	0.335218	2.65854
0.398176	2.1554	0.557876
0.910724	0.246481	2.58767
0.393876	0.767592	3.44936
1.01779	0.531981	1.45383
1.26312	0.529501	0.716043
0.399581	1.15032	2.08802
0.439763	1.27019	1.67924
0.355355	0.808024	3.88975
0.218826	2.20152	2.41205
0.364538	2.23822	0.441272
0.73788	1.5639	0.241344
0.28977	2.34773	1.29749
0.551964	1.7264	0.224276
0.560479	0.331076	3.6157
0.173699	3.89502	0.252007
0.354929	1.43082	1.64181
1.35453	0.301832	1.18856
1.83404	0.173212	0.639632
0.374297	0.692111	3.79381
0.228436	2.64989	1.59339
1.45031	0.408942	0.424775
1.50951	0.405866	0.229698
1.30203	0.509688	0.204053
0.381509	0.80938	3.16812
0.306305	1.47284	2.20937
1.2011	0.650399	0.563096
0.693878	0.511141	2.40672
0.5125	0.919065	1.79984
1.85013	0.181971	0.290533
0.541044	1.51403	0.918693
1.00574	0.833307	0.813601
0.171546	3.74149	0.423638
1.48467	0.38565	0.489718
1.52561	0.382041	0.3238
1.69447	0.208028	0.512128
0.199365	2.50692	1.74695
0.990195	0.273359	2.50055
0.355783	2.08859	0.595675
0.192622	3.9637	0.237397
0.178431	3.48917	0.900377
1.55366	0.262992	0.759533
1.81384	0.189528	0.404983
1.33283	0.378023	1.076
1.57702	0.282742	0.447622
0.485848	1.82796	0.70954
0.171532	4.11599	0.172211
0.465692	1.68308	1.11885
0.576567	0.334098	3.48583
0.916619	0.338471	2.14639
0.329615	2.02136	1.36384
0.179749	3.68359	0.538511
1.74128	0.178123	1.02573
0.433448	1.10321	1.74409
0.381358	0.752656	3.6902
0.386128	0.242028	4.05737
0.631066	0.297461	3.25768
0.524425	1.64524	0.615426
0.459917	2.02969	0.240906
1.37385	0.46739	0.387672
0.373888	0.738591	3.75343
2.05258	0.170288	0.174109
0.713697	1.45178	0.399067
1.38646	0.367874	0.778612
0.726174	1.075	1.04887
1.21236	0.429173	1.26032
0.191728	3.61059	0.705923
0.933676	0.493705	1.45609
0.519617	1.37704	1.35749
0.355822	0.248152	4.27378
1.13041	0.323181	1.4327
0.831617	0.696368	1.42913
0.293227	2.45092	1.09266
1.75553	0.222219	0.462373
0.409736	0.241022	3.91094
1.19027	0.488763	1.05436
1.87634	0.206616	0.168999
1.15862	0.454789	1.3253
1.94414	0.193525	0.172464
1.64355	0.321661	0.28811
0.70489	1.48323	0.282876
0.207192	3.38406	1.15997
0.383975	0.711676	3.75416
1.97703	0.185217	0.170122
1.04985	0.409404	1.47963
0.888953	0.385912	2.11793
1.17803	0.522606	0.877438
0.644979	0.287724	3.09911
0.861147	1.24146	0.215748
1.03272	0.328978	1.6766
1.88713	0.200304	0.205371
0.401209	1.51596	1.55907
2.08035	0.171672	0.169786
0.616289	1.2241	1.21123
1.01882	0.769687	1.0811
0.567286	1.63438	0.34948
1.79335	0.19054	0.892728
0.603896	1.61876	0.186736
0.791966	1.23609	0.232832
0.200138	2.4376	1.88689
0.406899	1.02636	2.70759
0.743414	0.87256	1.44157
0.19593	2.47045	1.80724
0.202278	2.66857	1.51439
1.63746	0.233976	0.518355
0.685513	1.17764	0.924347
1.91986	0.19776	0.171469
1.59781	0.22985	1.1712
1.39441	0.388135	0.628595
0.178308	3.58147	0.722549
0.428276	1.9814	0.748425
0.495348	1.13253	1.4353
1.41069	0.477365	0.229164
0.818561	0.814757	1.34573
0.883922	0.430785	2.13982
0.367315	0.823804	3.69942
1.72294	0.294755	0.190514
0.642469	1.19552	1.26871
2.02535	0.1774	0.170207
0.170908	3.69718	0.491761
0.942631	0.329663	1.88642
0.446219	1.01375	2.46684
0.307693	2.74455	0.376483
1.33437	0.423816	0.795938
1.99447	0.175115	0.173808
0.637786	1.04339	1.40857
0.368376	1.53927	1.395
1.27894	0.409398	1.22992
0.194385	3.24783	1.2975
0.3921	0.242375	3.99116
0.506388	1.96446	0.323036
1.59758	0.286331	0.416336
0.184408	3.88501	0.280095
1.83744	0.179336	0.494328
0.187932	0.187932	6.18793
0.541031	1.83641	0.171665
0.255617	0.210908	5.0696
0.187932	0.187932	6.18793
0.196159	3.55184	0.832073
0.6402	0.259152	3.21608
0.300044	2.94804	0.205283
0.783881	1.05173	0.810146
0.360299	1.49442	1.90648
0.661696	0.227212	3.38602
1.81713	0.198945	0.309825
0.746459	0.989403	1.22488
0.395156	2.29688	0.301706
0.771433	1.18043	0.856655
0.191146	3.84279	0.33609
0.570533	0.243404	3.73685
0.374576	0.248621	4.20003
0.189412	4.06023	0.197817
0.863591	1.10985	0.369539
0.322363	2.68768	0.286577
0.64562	0.230311	3.60871
1.91082	0.184755	0.30305
0.272774	2.44755	1.03089
1.62841	0.239513	0.502497
0.195078	3.0944	1.38407
0.846675	0.949496	1.29295
1.10506	0.226542	2.34371
0.619357	0.343814	2.77611
0.5065	2.01861	0.193719
0.691836	0.263866	2.86468
1.00942	0.896456	0.74254
0.293008	2.6599	0.514277
0.468717	0.243451	3.93771
0.287549	2.76525	0.294184
0.382131	0.194251	4.47945
1.08092	0.746066	0.465414
1.57785	0.337443	0.377231
0.277839	2.6107	0.587042
0.351195	1.68012	1.461
0.531062	0.853136	1.97293
0.501783	0.236803	3.85873
1.77535	0.226798	0.320815
0.545623	0.301252	3.38834
0.19706	3.42358	1.07059
0.922421	0.337904	2.1249
0.190017	3.02597	1.38832
0.589625	0.316677	3.16438
0.192076	3.97697	0.229502
0.958994	0.776978	0.87521
0.209638	2.41039	1.97387
1.30918	0.469891	0.663669
0.473325	1.79708	0.640171
0.683486	0.575878	2.5508
0.505411	1.97284	0.221117
0.33686	0.250201	4.57385
0.540944	0.305909	3.50289
0.632475	1.31755	1.02198
0.196295	3.28285	1.26628
0.215784	2.57122	1.6788
1.75161	0.216537	0.752757
1.48661	0.276483	1.17159
1.50486	0.276526	1.12526
0.275498	2.35503	1.24884
1.5367	0.337298	0.593145
1.23949	0.619368	0.294785
1.87348	0.19257	0.419117
0.432531	2.24686	0.210652
1.09596	0.663639	0.681556
0.443793	1.22356	1.62593
0.700782	0.255205	2.90436
0.709256	1.3567	0.574924
0.258088	0.206918	5.06742
0.955944	0.268125	2.48743
0.354087	2.17593	0.932024
0.97644	0.55251	1.40787
1.27953	0.207555	1.60718
0.38442	2.35394	0.224142
0.415888	0.188639	4.19667
0.683677	1.14976	1.16676
1.16229	0.224272	1.77792
1.11589	0.673882	0.67561
1.19843	0.212027	2.18846
0.313268	2.4924	0.689597
0.737334	0.226347	3.00329
0.722866	0.284091	2.70883
0.474496	1.93222	0.250755
0.604454	0.823967	1.68889
0.192272	3.15644	1.35794
0.744633	1.28152	0.501642
0.479484	1.72072	0.600001
0.727725	0.227198	3.0929
0.606692	0.223608	3.78286
0.681587	0.26211	3.01159
0.5233	1.01815	1.75713
0.589209	0.248264	3.51866
0.21383	2.54853	1.71221
1.35245	0.242242	1.41948
1.29292	0.345748	1.28308
0.319185	2.51509	0.659913
1.56011	0.271158	0.785774
1.07396	0.580317	0.987222
0.882426	0.291526	2.58809
0.424972	0.194776	4.07137
0.806669	0.529143	1.58075
0.536751	0.927962	1.73792
0.396402	0.245447	4.1091
0.642985	1.3843	0.801986
0.917429	0.360024	2.04138
0.49343	1.7469	0.570729
0.582609	0.331211	2.8992
0.283949	2.57617	0.706752
1.03282	0.27664	2.04739
1.86575	0.19652	0.433583
0.455961	2.13886	0.206721
0.42035	1.86378	1.05329
0.329144	1.3497	2.19638
0.903706	0.404319	1.85731
1.4772	0.398692	0.281999
1.44404	0.422883	0.443365
0.563858	0.227072	3.81636
0.405045	2.23392	0.488098
0.964041	0.433281	1.69764
0.48139	1.90229	0.313925
0.672289	1.4526	0.268361
0.361356	1.64334	1.42515
0.553472	1.11615	1.47358
0.423015	2.19504	0.235732
0.45833	2.10779	0.220327
0.734049	1.19651	0.624269
1.38612	0.366189	0.958858
0.299609	2.81578	0.285721
1.39624	0.463184	0.392342
0.840564	0.344288	2.48037
1.17127	0.454277	1.34434
0.455227	1.23153	1.52633
1.37726	0.412095	0.536261
0.600265	0.2437	3.64766
0.424155	1.55434	1.39922
1.83869	0.205744	0.18783
1.19089	0.522402	0.922346
0.509195	0.370298	3.10727
0.424155	1.55434	1.39922
1.00498	0.638259	1.13375
0.524113	1.76051	0.205692
0.994466	0.257864	2.45151
1.17627	0.417722	1.36584
1.04038	0.844973	0.695547
1.37373	0.504184	0.248978
0.295791	2.85091	0.227682
0.886487	0.386035	2.04212
1.25954	0.598285	0.250642
1.71193	0.252386	0.190809
0.624886	1.17199	1.38824
0.168186	3.80813	0.326602
1.58938	0.375144	0.193095
0.960485	0.285876	2.53811
1.00324	0.956424	0.496642
0.484611	1.18609	1.76317
0.979846	0.832588	1.21621
1.02766	0.386573	1.8001
1.14924	0.314364	1.6699
0.585268	1.49481	1.33529
0.338086	2.33	1.16118
0.521988	1.17413	1.54442
0.891295	1.04582	0.59169
1.13219	0.714709	0.467216
0.731616	1.44523	0.377208
1.3691	0.499255	0.483104
1.48466	0.363342	0.311907
1.26187	0.744262	0.24643
0.308045	1.96474	1.52316
0.61429	1.61608	0.418618
0.343776	1.83409	1.94599
0.495653	1.67514	1.12828
1.68921	0.266624	0.653479
1.04915	0.625971	1.24689
1.6513	0.292495	0.484868
0.856227	1.29483	0.381084
0.585098	0.284655	3.53133
0.366455	2.72334	0.327286
0.32004	2.19913	1.41516
0.631041	0.317561	3.41371
0.444227	1.41354	1.52799
1.19319	0.78004	0.269663
0.831035	1.1078	0.680895
1.26981	0.612803	0.328552
0.776152	1.13136	0.823275
1.40413	0.378993	0.937994
0.656488	1.08205	1.39925
0.683155	1.47586	0.580546
1.1153	0.314789	1.82793
0.698909	1.12168	1.2463
1.43942	0.430917	0.528874
0.936912	0.508799	1.52286
0.252454	2.3801	2.17281
0.770761	0.363825	2.70548
1.09472	0.64688	0.941098
1.24461	0.63485	0.446959
0.31787	2.14782	1.43322
0.607913	1.27411	1.42703
0.421669	1.09282	2.42047
0.761393	1.10555	1.02508
1.09572	0.842013	0.492066
0.783491	0.220712	3.04204
1.12592	0.841277	0.490407
0.781012	0.678584	2.16035
1.73715	0.33919	0.277715
0.684214	0.414413	2.76799
0.688529	0.220726	3.57637
0.676187	0.308233	2.9021
0.704525	0.226541	3.36293
1.10674	0.69944	0.719362
0.341861	2.6808	0.473224
0.346899	2.86982	0.252567
1.04705	0.79552	0.847464
1.29856	0.389393	1.25876
0.818052	1.42579	0.257584
0.55693	1.09251	1.72164
0.71329	1.24763	0.898992
1.28764	0.507425	0.793431
0.82492	1.03489	0.932327
0.481343	1.99384	0.440773
1.49716	0.281404	1.18715
1.65882	0.275118	0.628137
0.840628	1.14265	0.672859
1.60347	0.370906	0.376865
0.744495	1.4413	0.301168
1.26628	0.419928	1.33288
0.510961	1.15612	1.85572
1.63273	0.350914	0.392713
0.891944	0.955365	1.28275
0.429282	2.38577	0.31895
0.906854	0.365802	2.43537
1.06584	0.406408	1.68262
1.08102	0.804393	0.580535
0.901825	0.966551	1.18235
0.999364	0.462735	1.68639
0.337307	2.6229	0.599871
1.51337	0.351888	0.53026
0.481705	1.993	0.445257
0.456214	2.10569	0.576234
0.525777	1.88015	0.57046
0.954402	0.956865	0.800297
0.635936	1.1827	1.40279
0.389952	2.71189	0.277503
0.441864	0.270602	3.90303
0.498799	0.929032	2.71135
0.188103	3.74455	0.46067
0.477024	2.12097	0.196953
0.221582	2.64274	1.58692
0.233873	2.55704	1.75277
0.348552	0.261381	4.16896
0.486048	0.886765	3.09478
0.493509	1.89562	0.51754
0.905528	0.388845	1.99196
0.385631	0.856109	3.33863
0.410797	0.796208	3.14528
0.808395	0.645335	1.82657
1.83094	0.218528	0.427571
0.2632	2.08002	2.63117
1.46699	0.308064	0.982577
1.00405	0.27515	2.27505
0.575413	0.689114	2.86751
0.729549	0.683191	2.10306
0.272989	2.26442	2.45237
0.935231	0.657691	1.47522
0.439153	0.201118	4.03552
0.203098	3.33378	1.22055
0.401151	0.221822	4.059
1.3721	0.317251	1.32529
1.60802	0.264307	0.890568
1.00695	0.310134	2.20778
1.28348	0.519831	0.403646
0.45292	1.32244	1.45069
0.198328	4.0115	0.223193
0.966593	0.978385	0.237383
1.23451	0.7607	0.385095
0.263248	2.22919	2.48182
0.220969	2.4899	1.84343
1.14016	0.275611	1.73718
1.70914	0.274159	0.347329
0.616256	1.28875	1.06728
0.388998	1.19707	2.29457
0.533533	1.50831	1.20572
0.319748	1.43373	2.34546
0.664721	0.728236	2.33545
0.307118	2.3987	1.22797
0.477626	1.83025	0.684699
0.538782	1.77484	0.306944
0.865028	1.07885	0.39424
0.202324	3.38715	1.14303
0.94667	0.369968	2.01642
0.465725	2.00154	0.304976
0.258477	0.203142	5.07568
0.65769	1.3841	0.714991
0.855744	0.334533	2.52015
1.03103	0.699415	1.11999
0.459909	1.1395	1.87381
0.205589	3.28192	1.28639
0.405041	1.14962	2.06226
0.876931	1.10258	0.21736
0.552712	1.81293	0.277204
1.51082	0.241788	1.24991
1.33738	0.38312	0.935425
0.588305	1.70325	0.326516
1.35018	0.323373	1.33877
1.08233	0.292226	1.65413
0.828169	0.251181	2.60901
0.890983	0.298368	2.54779
1.0239	0.484382	1.60862
0.226517	2.46156	1.91832
1.41222	0.337694	1.11466
0.977362	0.76062	1.36348
1.55081	0.267429	1.02832
1.01944	0.253282	2.38523
0.474882	1.52654	1.36781
0.388185	0.797509	3.7215
0.951988	0.938983	0.94419
1.49377	0.240687	1.30662
0.329695	2.72363	0.450633
0.334678	1.59208	1.67814
1.30557	0.456118	0.650778
0.418711	1.29898	1.85943
0.453014	1.96618	0.591463
0.293459	2.41591	1.14529
0.439343	1.92932	0.884807
0.314145	0.247839	4.65101
0.879985	0.510184	1.69708
1.64457	0.223563	1.18556
0.439673	1.22853	1.72275
0.672225	1.47717	0.289845
1.65184	0.255245	0.689612
0.524173	1.66382	0.792807
1.43198	0.294894	1.24941
0.739941	1.38881	0.307665
0.40612	2.3002	0.328247
1.16335	0.399068	1.43768
0.489951	1.56876	1.22649
1.56196	0.272796	0.779721
0.436333	0.918716	2.78495
1.31372	0.235231	1.41375
0.238129	2.45909	1.95947
0.953308	0.541342	1.45622
0.441145	1.26965	1.5445
1.50084	0.425965	0.311082
0.567735	0.866296	1.84657
1.42159	0.300979	1.29884
0.428596	1.72022	1.31235
0.352764	1.74407	1.49575
0.716922	0.331395	2.76167
0.749988	0.802078	2.25349
0.592462	0.35334	3.13163
0.439849	1.44315	1.56149
1.46261	0.318743	1.18393
0.439062	0.257081	3.94275
0.587106	0.228472	3.73963
0.661195	0.247802	3.33484
0.620063	0.951261	1.8641
0.558628	0.331572	3.81341
0.857647	0.61508	1.57416
0.312936	0.433593	4.78611
0.306185	1.97392	1.47223
0.705902	0.25307	3.03516
0.239844	2.68282	1.57801
0.54888	0.371737	3.47281
0.493206	1.26975	1.4849
0.597674	1.81242	0.28818
0.542764	0.350127	3.54326
0.671939	1.00912	1.6808
0.460008	0.538557	3.23375
1.01159	0.673344	1.39423
0.349678	1.78536	1.79445
0.317204	0.466929	4.42132
1.72621	0.340915	0.25547
0.64495	0.245729	3.59192
0.585529	0.878328	2.15963
0.526885	1.8744	0.286972
1.54699	0.24864	1.20555
0.504677	1.69917	0.794672
0.450504	0.260476	3.90269
1.75363	0.269489	0.380093
0.55866	0.390195	3.25882
0.661733	0.311422	2.95014
1.23443	0.77662	0.258441
0.55504	1.62813	0.900877
1.17611	0.520617	1.30601
0.514506	1.46087	1.40735
0.463655	1.73956	1.28957
0.793599	0.924501	1.43764
0.33668	2.44399	1.09626
0.535182	1.5983	1.04479
0.956002	0.566874	1.4435
0.486562	2.15142	0.22562
0.709344	0.231294	3.02625
0.345686	1.6735	1.97194
0.413554	1.22738	2.28384
1.18539	0.23899	1.86742
0.873982	0.496888	2.06375
0.785968	0.280298	2.64724
0.389284	1.99538	1.23335
0.313225	0.442286	4.68375
0.810714	0.581768	1.71732
0.455608	1.89726	0.830241
0.945356	0.505168	1.94755
0.982855	0.473055	1.62447
0.736995	0.857027	1.44322
0.800815	1.10343	0.594027
0.542212	1.07676	1.93215
1.00069	0.423977	1.78255
1.37852	0.403916	0.803475
1.69412	0.365359	0.261384
1.65552	0.321066	0.312431
0.418235	1.5335	1.53621
0.539386	1.57238	1.00432
0.630138	0.958605	1.68377
0.886092	0.309668	2.582
0.383222	2.12949	1.25364
0.399347	1.63764	1.43914
0.670547	1.30907	1.00817
0.43544	1.48734	1.56788
1.28767	0.278065	1.41099
0.391606	1.92781	1.25216
0.835372	1.01863	1.14093
0.188103	3.74455	0.46067
1.75706	0.191635	1.01108
0.251312	0.199202	5.03483
0.677609	0.336423	2.75213
0.332805	0.199911	4.86776
1.0264	0.797281	0.556361
1.14483	0.282911	1.75665
0.19849	3.28193	1.27182
0.23522	2.27416	2.33246
0.311961	2.60061	0.369364
1.69587	0.198099	1.23225
0.387907	0.257628	4.10148
1.28174	0.477924	0.993339
0.659417	1.23067	0.971068
0.707168	0.210921	3.47761
0.503038	1.29859	1.55925
0.638061	0.323991	2.94031
1.23348	0.426971	1.00087
0.208107	3.73229	0.532426
0.194519	3.07389	1.38763
0.200277	3.78406	0.432147
1.84426	0.206741	0.487575
0.251312	0.199202	5.03483
0.694093	1.13107	1.2602
0.733562	0.713585	1.62349
0.822078	0.937727	1.24952
0.846779	0.502875	2.28164
0.496828	0.244497	3.83455
0.91782	0.392424	2.10293
0.190942	4.01861	0.210581
0.88422	0.569557	1.72097
0.854494	0.976482	0.966393
1.83925	0.207099	0.506637
0.230558	2.51481	1.82269
1.10646	0.705372	0.54137
0.418881	0.948574	2.67477
0.419598	1.41021	1.66619
0.191196	3.64042	0.648165
1.6358	0.377322	0.288796
0.792388	0.592236	2.20132
1.33027	0.287174	1.4327
0.938646	0.914725	0.982013
0.292294	2.36231	1.11131
0.779048	0.728939	1.51106
0.754719	1.50473	0.228994
0.308275	2.73796	0.254188
0.422908	1.99135	0.66304
0.552129	1.36917	1.17914
1.51642	0.464885	0.234915
1.16688	0.290826	1.52903
0.86015	1.07362	0.323449
1.79656	0.24211	0.21149
0.239531	2.17808	2.49598
0.461556	0.205739	3.97955
1.45919	0.335968	0.942188
0.587459	1.7247	0.279925
0.226696	2.46479	1.91213
1.66092	0.369569	0.24299
0.514853	1.59649	1.07266
0.445054	1.87425	0.692597
0.771054	0.223597	2.91818
1.06305	0.214912	2.47521
0.81381	1.04759	0.464875
0.283938	2.10756	1.38835
0.628929	1.25399	1.03989
0.411426	1.7667	1.30798
0.300316	2.51078	0.711228
0.531824	0.860652	2.34036
0.433335	1.94402	0.698758
0.561993	0.875522	1.8572
0.59147	0.836667	1.83893
0.523687	1.60157	1.04055
0.461556	0.205739	3.97955
0.419826	2.14557	0.441756
1.19215	0.522634	0.805765
1.71725	0.208994	1.21337
1.49737	0.311978	0.901395
0.970488	0.201443	2.59767
0.956099	0.888857	0.554346
0.717972	0.276777	2.86969
0.900162	0.402532	2.13842
0.448908	1.68295	1.35507
0.340344	1.34014	2.50024
0.798798	1.02526	0.696172
1.74181	0.342379	0.241694
0.624467	1.49108	0.68396
0.370585	2.0758	0.836834
1.38549	0.451111	0.681978
0.578956	1.54122	0.576039
0.47266	1.35604	1.54769
0.20189	3.43993	1.05579
1.10106	0.285377	1.79157
0.491201	1.96212	0.225001
0.202659	2.78228	1.43097
0.714267	0.205609	3.40474
1.58697	0.350439	0.372103
0.773782	0.625915	1.88498
0.874362	0.958122	1.0573
0.805119	0.678853	1.5053
1.61677	0.20093	1.37605
0.717972	0.276777	2.86969
0.572452	1.38682	1.04075
0.560224	1.46536	0.97262
1.21636	0.513623	0.827292
0.386354	0.221726	4.19948
0.423163	1.91199	0.884925
0.206348	2.71377	1.48005
0.478858	1.31726	1.44418
1.4413	0.502393	0.293767
0.36084	2.21773	0.896007
0.984471	0.260557	2.56008
0.233027	2.44934	1.96418
0.235689	2.48104	1.90611
1.20838	0.639828	0.580105
1.04832	0.351851	1.82019
1.59497	0.231638	1.10761
0.437454	1.44679	1.44607
0.440843	1.02581	2.44449
