0.41124	0.202882	4.27183
0.20081	3.88838	0.308486
0.205362	3.66398	0.644947
0.529445	1.82928	0.502125
0.304852	2.47463	0.937681
1.18337	0.818458	0.235988
1.64111	0.383895	0.333738
0.420095	0.22767	4.01717
1.37229	0.518109	0.311575
0.593465	0.291596	3.45253
0.560409	1.76735	0.256011
0.461182	1.87537	0.864321
1.51965	0.373132	0.397292
0.611865	0.769739	2.08211
0.925296	0.707931	1.22356
1.48582	0.306468	1.05053
0.869272	1.13391	0.610011
1.68842	0.262049	0.583833
0.966109	0.397937	1.59775
0.537865	1.29852	1.49669
0.954979	0.927593	0.910976
0.666188	0.250249	3.25163
0.331718	2.52397	0.703217
0.947089	0.232608	2.60694
0.74949	0.441347	2.71223
0.626163	0.329854	2.95204
0.359483	2.60557	0.240911
0.631609	1.08365	1.66845
1.3282	0.592192	0.251862
0.729194	0.256132	2.86449
0.292068	2.34616	1.22682
1.03315	0.248816	2.43317
1.07279	0.272745	2.2178
1.26487	0.621276	0.284179
0.703567	1.15211	1.0128
0.742224	0.232979	3.16746
1.13264	0.262028	2.11195
0.775367	0.569975	1.90703
0.657376	0.28152	3.12771
0.232245	2.42043	2.02336
0.585047	1.39079	1.30832
0.313369	1.67304	1.8742
1.42916	0.420645	0.591763
0.899529	0.874437	1.35835
0.451892	1.98976	0.446212
0.752161	1.00589	1.17641
0.729622	0.976965	1.27887
1.23881	0.587826	0.481627
0.486166	1.62334	1.26709
0.649455	0.246663	3.39058
1.05319	0.340332	1.76029
0.266837	1.69473	2.01933
0.587374	0.241448	3.76205
0.340412	2.70331	0.240882
0.317457	2.77124	0.280192
0.791494	0.268617	2.65148
0.430998	1.94954	0.887659
0.850334	0.218614	2.77069
0.390584	2.56109	0.230956
0.288797	2.23356	1.37703
1.02102	0.285094	2.03726
0.209854	3.31076	1.26379
1.21538	0.555008	0.684729
0.310595	2.74333	0.298275
0.9394	0.464835	1.549
0.498619	1.72307	0.807591
0.670099	0.608845	2.35652
0.885858	0.532015	1.43837
0.738427	0.273093	2.8018
0.203239	3.27407	1.28964
0.571908	1.74349	0.388783
0.714535	1.4676	0.23786
1.37489	0.483013	0.41992
1.72696	0.263112	0.481548
0.659772	1.25386	0.987076
0.878033	0.44794	1.9246
0.763452	1.16056	0.657525
0.205532	3.62276	0.722846
0.839041	1.40644	0.253306
1.16135	0.343503	1.42791
0.918207	0.297021	2.50837
0.505318	1.54927	1.23608
0.60085	0.264812	3.68829
1.40144	0.264977	1.41871
0.754749	1.22609	0.578652
0.617902	0.252424	3.68537
0.514183	0.904835	2.22135
1.55557	0.291627	0.769148
1.05799	0.230772	2.5126
1.11472	0.28439	1.8565
1.25775	0.23977	1.82482
1.15166	0.21286	2.33519
1.8138	0.217036	0.658558
0.208067	2.8904	1.41058
0.511313	1.27246	1.54102
0.271757	1.71338	1.97883
0.315082	2.84626	0.224087
0.392554	2.10717	0.717241
0.43333	2.38599	0.231764
0.237965	2.26927	2.34913
0.985708	0.266131	2.43947
0.952485	0.726815	1.03769
0.519048	1.20445	1.7769
1.75967	0.246119	0.482224
1.2927	0.214295	1.72778
0.827237	0.573199	1.64423
0.399385	1.98955	1.20813
1.28334	0.493953	1.07339
1.41097	0.313085	1.31997
0.639273	1.0584	1.66559
0.596842	0.750691	2.25257
0.367895	1.57693	1.41508
0.420713	0.25864	3.92594
0.397545	2.03015	1.07105
0.345681	2.24615	1.08772
0.613749	0.32679	3.0478
0.615296	1.4244	0.746099
0.430141	0.221266	4.01583
1.22141	0.419942	1.33794
0.542252	1.52326	0.971062
0.928228	0.355062	2.28602
1.60098	0.319988	0.383213
0.788016	1.03205	0.955654
1.44355	0.318978	1.09845
0.434662	0.25684	3.93051
1.08751	0.415824	1.42947
1.06017	0.319325	1.81984
0.481665	2.03982	0.362775
0.204545	3.41596	1.10315
1.5834	0.2524	1.23901
0.950701	0.280764	2.47572
1.14386	0.245177	2.25463
0.82122	1.06049	0.660786
0.20081	3.88838	0.308486
0.267393	0.212412	5.04655
0.430955	0.761338	3.70695
0.468269	0.927114	2.82132
0.745545	0.66623	2.21207
0.513447	0.419465	3.47275
1.67854	0.255577	0.569898
1.45793	0.382085	0.579125
0.605057	0.459887	3.10643
0.490367	1.28659	1.53414
0.710768	0.465419	2.70017
1.13461	0.218383	2.35649
0.436185	0.931192	2.93414
0.567151	0.407511	3.59077
1.2634	0.593139	0.755455
0.917469	1.1683	0.320034
1.59011	0.297892	0.442939
0.211477	3.30109	1.27813
0.502034	0.455209	3.80085
0.452539	0.830713	2.9704
0.424647	1.86372	1.30592
1.62782	0.277816	0.613533
0.218379	3.51725	0.962621
1.24835	0.287959	1.47131
0.381028	0.226099	4.27327
0.298047	2.82208	0.294976
0.509141	1.56877	1.13683
1.49317	0.332053	0.950756
0.936532	0.872549	0.81327
0.645476	1.42322	0.665119
0.784365	0.551865	2.05845
0.66543	1.36706	0.788387
0.285149	2.33858	1.34418
1.28521	0.244102	1.68584
0.981677	0.260821	2.59423
0.405831	0.904959	3.23929
0.47931	1.13391	1.87742
0.463074	0.996628	2.63456
0.685323	1.05016	1.45334
0.433595	0.211246	4.1335
0.481654	2.16571	0.205156
1.80553	0.226257	0.635033
0.294296	2.54276	0.939529
0.351155	1.90478	1.73424
0.841624	1.05823	0.895794
0.401954	0.936199	3.24332
0.445033	1.08078	2.41664
1.18466	0.704244	0.329039
1.20425	0.250188	1.75885
1.08072	0.280368	2.04127
0.45406	2.28842	0.356559
0.415515	0.947255	3.05891
0.393034	0.241641	4.18338
0.626128	1.7167	0.234764
0.391537	1.21375	2.39115
0.427174	1.20057	2.45501
0.523369	1.74256	0.747971
1.11135	0.572166	1.05678
0.862152	1.34259	0.2625
1.05563	0.755249	1.1633
0.204025	3.47676	0.996469
0.390275	1.30968	2.14365
1.1049	0.781095	0.344775
0.313882	2.57937	0.69828
0.38307	0.242794	4.2255
1.70828	0.304662	0.234711
0.887721	0.294145	2.48443
0.81798	0.572792	1.81788
0.288728	2.47558	1.0987
0.771263	0.685633	1.94464
1.08627	0.300684	1.78754
0.430829	0.767272	3.31748
0.289226	0.2538	4.94369
0.409476	1.10398	2.56637
0.293694	2.50222	1.04812
1.53118	0.31072	0.703289
1.76763	0.228467	0.560718
0.439627	1.93816	0.915561
0.46251	1.80652	0.901176
0.460782	2.04871	0.382224
0.581993	1.80136	0.20779
1.31721	0.531591	0.410788
0.281419	2.26259	1.39901
0.81979	1.13731	0.526306
1.52435	0.343594	0.60075
1.09967	0.606184	1.08537
0.371855	2.08381	1.23022
0.207024	3.97557	0.253233
0.680185	1.18484	1.33352
0.26918	0.209263	5.04445
1.35877	0.35756	1.0178
0.422599	1.60214	1.44729
0.564276	1.68514	0.641571
0.757448	0.735308	1.82799
0.353497	2.12042	1.48551
0.44022	1.05087	2.53737
1.71547	0.298137	0.266517
0.303614	0.239123	4.94972
0.366131	2.03051	1.32947
0.458181	1.13566	2.17736
1.16436	0.509698	1.21268
0.187205	4.11326	0.188803
0.174184	0.174184	6.17418
1.87924	0.223947	0.185147
0.190802	2.97154	1.39078
0.194397	3.10824	1.37956
1.77821	0.224179	0.279434
0.226484	2.7246	1.50805
0.70747	0.190608	3.32533
1.64352	0.245019	0.892946
0.58103	0.358413	3.53735
1.36791	0.380309	1.02667
1.18238	0.570738	0.74432
0.277676	1.86948	1.54337
1.45082	0.29349	1.21679
0.193928	3.63584	0.66456
0.374456	1.99542	1.05297
0.30174	2.78039	0.229648
1.02479	0.279267	2.35822
0.973776	0.450165	1.61615
0.190712	3.77076	0.427968
0.359839	2.45009	0.387488
0.195545	4.01521	0.21797
0.586746	1.80164	0.204891
1.73462	0.213624	0.729781
0.60542	0.317038	3.69978
0.199568	3.5829	0.782044
1.05801	0.216642	2.57677
0.38458	1.27361	2.17501
0.808107	0.499044	1.9059
0.206841	3.32242	1.24333
0.623194	1.49154	0.450325
1.23648	0.54393	0.617255
0.669798	1.12437	1.34232
0.305752	2.67676	0.39997
0.837229	0.306373	2.54182
0.197664	3.92429	0.271848
1.68914	0.278154	0.348601
0.794817	0.197953	2.89963
0.382634	1.33139	1.77304
0.510667	0.988284	1.64074
0.287591	1.71883	1.8497
0.319566	2.50731	0.63689
0.471313	0.980163	2.49761
1.04564	0.280265	2.2693
0.58103	0.358413	3.53735
0.192331	2.88518	1.394
0.437725	1.13986	2.03248
1.04143	0.748808	0.686805
0.602881	0.406784	3.24296
0.773026	1.03549	0.911389
0.202366	3.23249	1.32556
0.492209	1.4354	1.36908
0.337496	1.93549	1.41676
0.421668	2.06881	0.352234
0.190683	4.11122	0.192664
1.22176	0.241699	1.96242
1.26074	0.592836	0.331741
1.70721	0.226236	0.502719
1.91595	0.20532	0.199388
0.717911	1.06513	1.29604
1.95926	0.207695	0.190364
0.219669	2.33853	2.15848
1.86048	0.212131	0.295331
0.267757	1.37131	2.61346
0.852394	0.419591	2.43027
0.312281	2.16633	1.4443
0.202833	3.49226	0.964663
0.344341	2.19322	1.11155
0.722522	0.71872	2.29989
0.217484	2.27257	2.28446
0.469594	1.85079	0.840196
1.95065	0.214327	0.191796
0.749827	1.38379	0.263431
0.680864	1.61709	0.222354
0.299003	2.57305	0.704232
0.308684	2.64184	0.486232
1.08171	0.653555	0.93287
0.286999	2.3894	0.932037
0.552039	1.82951	0.187738
0.43298	1.93138	1.03099
0.797275	0.474873	2.14464
0.429841	2.01867	0.556517
0.455689	1.2079	1.72522
0.198556	3.18141	1.35426
0.190655	3.87319	0.303177
0.560531	0.921984	1.79957
0.3307	2.19905	1.18358
1.33481	0.526216	0.330847
1.14774	0.612604	0.60104
1.39083	0.629281	0.274268
0.207932	3.68614	0.61187
0.691348	1.16808	1.16257
0.205642	3.72904	0.531257
0.49704	0.816421	2.40176
0.999939	0.376749	1.8259
1.66083	0.22258	0.794507
0.50525	0.775226	2.65889
1.72494	0.232741	0.456925
0.705522	0.251118	3.16832
1.32119	0.641759	0.233809
1.91125	0.219742	0.235685
0.380702	1.3042	1.89732
0.428705	2.24811	0.230119
0.352033	2.12201	1.20288
0.933136	0.529031	1.56695
1.13729	0.849024	0.301695
0.324089	2.52835	0.593858
1.55607	0.31695	0.418255
0.197807	3.44336	1.03868
0.19962	3.97852	0.240134
0.283621	1.75134	1.72992
0.820094	0.354574	2.64989
0.32438	2.61611	0.380153
0.391817	2.31168	0.325369
1.88186	0.195834	0.32576
0.447891	1.17922	1.8344
0.784393	1.25501	0.243521
1.29663	0.263011	1.40123
1.58906	0.348442	0.224717
0.616317	1.53866	0.309123
0.672194	1.23076	0.910939
0.501832	1.40632	1.35739
0.455366	0.757302	2.68686
0.87726	0.939594	0.59594
0.211668	3.5185	0.940976
1.21285	0.645661	0.322373
0.944864	0.400654	1.74165
0.60542	0.317038	3.69978
1.40565	0.224034	1.45787
1.11052	0.707756	0.445491
1.61099	0.227268	1.3827
0.954275	0.804194	0.812377
0.652304	0.826699	2.07365
0.31091	2.37026	1.0214
0.615365	0.96924	1.46718
0.581416	0.435411	3.24565
0.981346	0.82689	0.615489
0.508503	1.49571	1.2513
0.790977	0.553645	1.69291
1.1956	0.622872	0.517657
0.579957	1.67188	0.420216
0.385473	2.09599	0.567828
1.12023	0.530719	1.09416
1.53181	0.308551	0.846636
1.288	0.336296	1.26528
1.56777	0.273922	1.0051
0.518521	0.886347	1.98654
0.203368	3.38303	1.15194
1.08992	0.395769	1.6813
1.33023	0.466885	0.700695
0.197721	3.42908	1.06306
0.211908	3.70708	0.585749
0.567073	1.69913	0.306796
1.51834	0.523187	0.260732
1.27237	0.323668	1.5533
0.655514	1.30018	1.06423
0.722066	0.24481	3.16825
1.16473	0.332577	1.72798
0.174184	0.174184	6.17418
0.174184	0.174184	6.17418
2.01652	0.181124	0.172892
0.17287	4.12241	0.17338
2.00327	0.182448	0.17227
0.227727	0.194943	5.0505
0.306313	0.187816	4.88944
0.176058	2.89147	1.37659
0.239567	2.21052	2.45072
0.395694	0.177759	4.05357
0.512021	0.560841	3.11776
0.176079	3.02467	1.37333
1.46091	0.392107	0.305975
1.88712	0.194594	0.298965
0.893486	1.08892	0.209923
0.696171	1.31614	0.329441
1.31648	0.359872	0.898244
0.175999	3.21778	1.28949
1.739	0.20229	0.606903
0.180023	3.99986	0.202385
0.645861	0.193375	3.53812
0.214788	2.37294	2.07028
0.516269	0.541987	3.14332
0.279203	2.81872	0.192351
0.332817	2.30489	0.533253
0.967988	0.900364	0.491121
0.221803	2.73875	1.48795
0.550543	0.564118	2.95341
0.86094	1.0405	0.449326
1.70499	0.208417	0.815115
0.324091	0.263741	4.13694
0.174822	4.07761	0.178436
0.186981	3.31085	1.21314
0.194153	2.53677	1.67878
0.989586	0.272628	2.23386
0.317062	0.198259	4.54419
0.176238	3.90613	0.247956
0.339893	0.184526	4.42101
0.830307	0.778056	1.53949
1.14611	0.710245	0.388173
0.183158	3.38602	1.0956
1.50497	0.199914	1.39129
0.180951	3.70397	0.507195
0.809581	0.240364	2.60829
0.174672	3.52272	0.825318
0.500016	1.26578	1.36581
0.351221	0.19448	4.37149
0.485303	1.76065	0.559335
0.763908	0.736891	1.72799
0.603452	1.50209	0.331255
0.331424	0.180467	4.77049
0.518888	0.851455	2.55287
0.305615	2.69182	0.221351
1.66672	0.275943	0.295811
0.231658	0.187488	5.04735
0.529094	0.371131	3.63744
0.860787	0.554681	1.7946
0.185743	3.18706	1.33002
0.205282	2.45984	1.85679
0.454669	2.08371	0.19669
0.213216	2.445	1.91181
0.405661	1.39621	1.37623
0.5435	1.78632	0.466159
0.925862	0.472178	1.39942
0.386981	1.23229	1.6169
0.282762	2.61909	0.479591
1.95732	0.190426	0.173019
0.710068	0.225712	2.67813
0.845915	0.348335	2.27374
1.12789	0.712669	0.267586
0.623772	0.215119	3.34518
0.377783	1.55905	1.92329
0.176353	3.13177	1.34616
0.723894	0.402999	2.51123
0.471376	1.8707	1.30011
0.179027	3.4454	0.982986
0.418586	1.35636	1.40289
0.175674	3.8005	0.352459
0.364301	0.190495	4.2168
0.430577	0.236762	3.83287
0.531717	1.83493	0.325584
0.538788	0.580622	2.95266
0.632932	0.767437	2.71002
0.427851	1.9098	0.840811
0.479425	1.63838	0.827918
0.749841	1.10357	0.756926
0.179724	3.94484	0.227921
0.468259	1.20147	1.52961
0.501243	0.939272	1.85822
0.176223	3.6565	0.57646
0.548844	0.468543	3.25967
0.307751	2.65062	0.308607
1.83184	0.219492	0.187578
1.5521	0.260004	1.02759
0.177182	3.75874	0.412252
1.44003	0.374197	0.878837
0.373105	1.71645	1.48521
0.878323	0.730569	1.48477
1.58148	0.234311	0.75258
1.30147	0.5088	0.516964
0.183848	3.34158	1.16457
0.17721	3.10149	1.35915
0.320815	0.214984	4.49198
1.16212	0.205548	1.99644
0.441186	0.201996	3.9526
1.41157	0.248768	1.26413
0.187896	2.5804	1.59299
1.42843	0.309823	1.08309
0.204661	3.43998	1.06323
0.616853	0.313118	2.85271
1.26507	0.21581	1.46416
0.38517	0.176062	4.30462
0.539511	0.441018	3.46045
1.35447	0.471559	0.221409
0.31354	0.187705	4.75063
1.24702	0.487557	0.768849
1.40478	0.424251	0.286204
1.75938	0.245421	0.189502
0.773619	0.384439	2.3308
0.734876	0.454929	2.15304
1.05573	0.243403	2.18809
0.200437	3.62597	0.701943
0.257674	2.24854	2.43797
0.450594	0.188872	3.94337
0.803638	0.671652	1.75266
1.21608	0.556021	0.896448
0.462233	2.1161	0.1918
1.61724	0.230855	0.637719
0.583505	1.71829	0.183773
1.09937	0.702221	0.492178
1.19861	0.228778	1.57323
0.191165	3.59853	0.727335
1.53621	0.301881	0.340108
1.80866	0.216165	0.197056
1.60452	0.2315	1.01674
0.999929	0.366554	1.62923
1.38733	0.444625	0.305844
0.730162	1.16061	0.654867
1.77734	0.191843	0.664516
0.944796	0.626706	1.31686
0.177051	3.05114	1.37105
1.05222	0.54455	1.22464
0.296399	2.54703	0.421705
0.443073	1.98056	0.343177
0.720616	0.437971	2.37953
0.214669	2.85382	1.42361
0.789025	0.457164	1.94392
1.63363	0.273583	0.346249
0.358928	1.93275	1.22145
0.660071	0.277996	2.84922
0.431739	2.02774	0.29579
1.8529	0.212943	0.251789
0.7127	0.674953	2.1213
0.452988	1.17076	2.11142
1.92137	0.200845	0.175479
0.779702	0.968051	1.1091
0.292593	2.73468	0.230025
0.732336	1.11783	0.645241
0.323114	0.188212	4.6584
1.21184	0.600338	0.261857
0.63633	0.202775	3.33705
0.566627	0.448839	3.26791
0.31593	0.259633	4.26666
0.370226	2.13927	0.411867
0.48307	1.60382	0.851533
1.92137	0.200845	0.175479
1.28222	0.495889	0.547642
0.273285	2.49577	0.969449
0.517611	0.293765	3.68302
0.620416	1.42722	0.431143
0.418654	2.02578	0.858442
1.11217	0.366233	1.42965
1.52074	0.328954	0.348439
1.06757	0.269773	2.03427
0.181029	3.83523	0.323116
0.19856	3.58415	0.776663
0.843828	0.439438	2.32167
1.37062	0.259974	1.36694
0.268266	2.38138	1.22432
0.258829	2.16469	2.55441
1.79439	0.241795	0.196964
1.97109	0.183347	0.183293
1.98805	0.188266	0.179156
0.367506	2.27003	0.801422
0.965257	1.0108	0.253576
0.187573	3.55509	0.800608
1.35567	0.413771	0.890532
0.323114	0.188212	4.6584
1.5859	0.201507	1.15273
1.01701	0.220061	2.39654
0.562215	1.54419	0.792504
0.186503	3.32392	1.19511
0.448369	0.204182	3.80623
0.939593	0.205771	2.58669
2.05119	0.181701	0.176644
1.75779	0.180491	0.865917
1.93586	0.200006	0.175985
0.242464	2.34642	2.21222
1.85781	0.192258	0.475699
0.365765	1.80027	1.46379
1.04679	0.299868	1.76478
1.32119	0.491797	0.434235
0.237494	2.18831	2.47754
0.289629	2.88407	0.242652
0.369885	0.22756	4.27534
0.233078	2.25963	2.35278
0.513002	1.89538	0.29993
0.422048	0.233167	4.03595
1.97687	0.194831	0.178233
0.430575	0.245634	3.91522
0.196655	3.10475	1.38342
0.60578	0.389269	2.96629
0.531335	1.60688	0.901231
0.64177	0.258087	3.45711
0.540114	1.67332	0.620428
0.292023	2.97542	0.208271
1.51322	0.403971	0.249252
1.47965	0.388816	0.550085
0.341332	0.284495	4.43172
0.456792	2.02458	0.335811
0.386943	1.36441	2.05668
0.316172	2.43774	0.726657
1.02672	0.817402	0.338788
1.34836	0.439103	0.779495
0.695632	0.244319	3.02567
0.195998	3.36151	1.16554
1.81391	0.196857	0.474384
1.90668	0.200356	0.182314
0.195558	3.18377	1.34811
0.19812	3.39847	1.11458
1.45901	0.254481	1.26421
0.426296	1.12354	2.25789
0.646235	0.261386	3.35877
0.681257	0.242619	3.11218
0.375151	2.13041	0.744933
0.242812	2.24555	2.40366
1.24527	0.314288	1.41394
0.422002	2.09844	0.491215
1.07682	0.281268	1.91762
0.857596	0.45696	1.67941
0.197343	3.86359	0.326395
0.352985	2.04409	1.25721
0.404135	1.98092	0.822433
0.206743	3.49199	0.976299
1.83073	0.218922	0.314096
0.497544	0.876973	2.51333
0.201237	3.6681	0.625712
0.598523	1.40881	0.81961
0.334147	2.50379	0.596111
0.711394	0.210221	3.21013
0.545156	0.342968	3.13839
0.392623	0.22111	4.22756
0.5529	1.6966	0.549153
0.282321	2.8104	0.306156
0.328481	0.274724	4.59648
0.345571	1.55504	1.58943
0.824963	0.918748	1.10146
0.582388	0.751108	2.40029
0.471125	0.311283	3.73103
0.488767	1.06363	1.86873
0.197915	3.4433	1.03909
0.619788	1.5054	0.485567
2.03307	0.186055	0.178233
0.206267	3.56357	0.839048
0.238304	2.50663	1.86197
0.939268	0.933726	0.530398
1.94583	0.182956	0.25468
0.755079	0.264875	2.67399
0.613443	0.232186	3.63901
0.200919	3.59737	0.758073
0.743545	0.227315	2.87672
0.653198	0.313513	3.30434
0.58153	0.805381	2.18142
0.919216	0.233857	2.61163
1.08192	0.295033	1.71395
0.279494	2.59919	0.781781
0.196794	3.73637	0.495942
0.50247	1.11586	1.63374
0.591008	1.43183	0.75817
0.894858	0.314638	2.56067
0.877343	1.28627	0.268318
0.779116	1.25089	0.344587
0.370453	0.2815	4.15036
1.35882	0.30849	1.32433
0.615776	1.47229	0.613647
0.199644	3.81683	0.386113
0.640287	1.22718	1.1989
0.197916	3.53089	0.877523
0.311808	0.219071	4.96154
1.42955	0.376656	0.603583
0.666622	0.217332	3.53182
1.41546	0.379948	1.03668
1.12437	0.676867	0.534018
0.196169	3.30692	1.23851
1.39483	0.398651	0.558428
1.06442	0.297487	2.12603
0.616864	0.237567	3.60235
0.300049	2.65308	0.325294
0.609303	0.988242	1.5723
0.196342	4.05858	0.206506
0.482259	1.72986	1.07713
1.27667	0.334293	1.4064
0.198886	3.64467	0.662271
1.6706	0.279217	0.388509
0.721665	0.849333	1.50826
1.77744	0.253299	0.179863
0.957431	0.338256	1.97732
0.905834	0.277562	2.59561
0.319635	2.52819	0.476453
0.684965	0.955121	1.4819
0.584597	0.233299	3.72637
1.29995	0.565703	0.510744
0.956308	0.339043	1.97732
0.386493	1.77368	1.3671
0.444565	1.94779	0.67404
1.72063	0.235843	0.516999
0.614245	0.324199	3.25429
1.10858	0.752136	0.54948
0.883024	0.36896	2.45581
0.65676	1.34902	0.549892
1.19214	0.603438	0.605741
0.309465	2.63861	0.444507
1.72433	0.270332	0.421554
0.812226	1.1816	0.394411
0.80074	1.20654	0.299793
1.69128	0.195521	0.701078
1.75393	0.277625	0.298064
0.281372	2.70687	0.500812
0.785155	0.215324	2.81512
0.634179	0.241641	3.52802
2.00768	0.183084	0.190214
0.851274	0.641561	1.5543
0.775411	0.227245	2.69936
0.195569	4.03002	0.213029
0.291	2.98991	0.205377
0.345544	0.224054	4.68693
0.766942	1.10568	0.914325
0.561228	1.94323	0.219036
0.77752	0.587724	2.06962
1.53862	0.399513	0.237584
0.309629	0.220024	4.97646
0.697385	0.693154	2.06804
1.01254	0.779564	1.04505
1.26716	0.525695	0.913304
1.9068	0.195887	0.332713
1.09533	0.661444	0.887949
1.53335	0.272719	0.955843
1.56247	0.384471	0.237584
0.201408	2.7776	1.43129
0.565916	1.58279	0.637131
0.197877	3.75331	0.472016
0.686271	0.883579	1.52076
0.974019	1.00758	0.486959
1.22176	0.295303	1.43804
0.199295	3.78992	0.421473
0.291491	2.68809	0.582504
1.20526	0.430202	1.27418
1.17802	0.488253	1.15455
0.525151	0.947447	2.15649
0.770955	0.210997	2.87068
1.60368	0.338441	0.366002
0.198644	3.99084	0.232512
0.371789	0.199549	4.58551
0.187612	3.71703	0.503273
0.223088	0.223088	6.22309
1.79388	0.259678	0.192272
0.35811	0.232819	4.28946
1.89106	0.233175	0.20062
0.402085	0.218701	4.03796
0.335424	0.231776	4.4048
0.459412	2.15863	0.224734
0.326614	0.214154	4.76236
0.661399	0.302266	2.83029
0.676768	0.279318	2.78123
0.315396	0.212017	4.94055
0.321662	0.214763	4.87757
0.240755	2.66247	1.60538
0.557907	0.299907	3.29734
0.709968	0.266153	2.91985
0.317281	0.243003	4.49211
0.641833	0.257247	3.26528
0.481721	1.63147	1.3391
1.0918	0.489654	1.25677
1.07276	0.769101	0.624349
0.733483	0.426931	2.42331
1.65155	0.22823	0.846292
0.292469	2.76757	0.384837
0.594825	0.228829	3.73557
0.490896	1.3546	1.51192
0.571023	0.943269	1.68536
0.912322	0.372896	1.8352
0.301352	2.53635	0.609763
0.242667	2.43242	2.03042
0.399056	1.20618	2.36243
0.647746	0.232204	3.50232
1.16011	0.685047	0.292983
0.207977	3.69058	0.604049
1.67545	0.250197	0.71895
0.416297	2.2924	0.215507
0.348305	0.250158	4.17696
0.604741	1.50027	1.01614
0.195923	3.40189	1.10336
0.196695	3.82826	0.365156
0.492227	1.573	1.06279
1.77414	0.254113	0.236504
0.619189	1.09464	1.40134
0.194961	3.47791	0.968734
0.274258	2.4213	1.2
0.588225	0.271806	3.66869
1.13065	0.249033	2.24461
1.85138	0.209634	0.461147
0.645611	0.247709	3.13627
0.753685	1.14174	0.663371
1.3042	0.585562	0.260568
0.789803	1.03646	0.756891
0.702612	0.30965	2.68948
0.200178	3.09718	1.38971
1.33714	0.302164	1.41316
0.195056	3.58698	0.760938
1.41201	0.307723	1.36296
1.82254	0.255788	0.200916
0.958189	0.287622	2.49113
0.285423	2.91389	0.211928
1.19046	0.229924	2.23555
0.390225	1.43549	1.80179
0.523308	1.8612	0.275428
0.194186	3.53609	0.856649
1.14193	0.652693	0.95475
0.642928	0.245079	3.41703
0.437778	1.28799	1.74418
0.824541	1.06171	0.557907
0.971596	0.803211	0.914859
0.517996	1.46901	1.26704
0.277258	2.5128	0.989724
1.03161	0.848136	0.253129
0.587802	1.65977	0.645431
0.719049	1.32418	0.379805
0.461789	2.0417	0.350576
0.425551	1.95068	0.705897
0.925829	0.922792	0.497479
0.277905	2.60441	0.733293
0.201825	3.43061	1.07153
0.341821	0.215801	4.68749
0.371963	0.23376	4.14737
1.26131	0.572492	0.399777
1.49253	0.251463	1.31515
1.2747	0.392747	1.23934
1.24672	0.408674	1.25059
1.02075	0.46244	1.58097
1.46601	0.306605	0.941185
0.432818	0.215898	4.04911
0.614088	0.9075	1.70196
0.622251	0.235521	3.61908
0.547075	1.51563	0.771257
0.477699	1.00524	2.12091
0.197462	3.35852	1.17343
0.852884	0.254587	2.63551
0.613878	0.774091	1.94086
1.30105	0.435135	1.14858
0.278772	2.65607	0.594119
1.6908	0.22474	0.889955
1.01073	0.718933	0.813216
0.736852	1.25171	0.788643
0.436455	1.89394	0.804704
0.93794	0.472661	1.43085
0.30764	2.38425	0.852742
0.473008	2.11806	0.242028
0.56008	0.929154	1.89306
0.970034	0.254788	2.59444
0.211709	3.3062	1.27294
0.416012	1.31049	1.91144
1.74985	0.295656	0.203153
0.372286	2.09141	0.846539
0.915066	0.327341	2.18209
1.44399	0.353774	0.547229
0.705646	0.251899	3.11732
1.70599	0.231636	0.679204
0.199047	3.333	1.21223
1.20779	0.565085	0.532667
1.05277	0.32347	1.81666
0.524157	0.823602	2.3961
0.60803	1.40392	1.11571
1.42132	0.22835	1.40229
0.831874	0.38248	2.54022
0.862858	1.18429	0.199323
0.37214	1.82159	1.36058
1.60797	0.292257	0.736748
0.995141	0.632316	1.20628
1.10609	0.691025	0.417685
0.330679	2.06411	1.20126
0.505023	1.71318	0.603995
1.57348	0.345196	0.233214
0.59615	0.349252	2.72564
0.442669	1.96748	0.479673
0.872359	0.464599	2.31978
0.563538	0.856859	2.1279
0.513272	1.68937	0.616483
1.83588	0.226447	0.268974
0.625235	1.66166	0.436625
0.512126	1.23201	1.75421
0.317817	2.32547	1.07176
1.52253	0.254958	1.17793
0.569116	0.868672	2.0291
0.200178	3.09718	1.38971
0.444434	1.37791	1.40813
0.946922	0.587638	1.38892
0.651854	1.38619	0.568147
0.381198	2.34368	0.545399
0.201011	3.51889	0.909433
0.517384	1.91448	0.225848
1.11081	0.442976	1.40998
0.199582	3.79788	0.411127
1.05044	0.306744	1.98219
0.62351	0.258301	3.41933
0.345747	2.30541	0.588673
0.70747	0.190608	3.32533
1.2235	0.643318	0.737872
1.24914	0.63875	0.627627
1.07341	0.672182	1.20149
0.87178	0.987879	1.13932
0.716966	0.733031	2.37027
0.742055	0.755044	1.94014
1.27494	0.520155	1.234
0.724754	0.709031	2.23853
0.649811	1.75759	0.324795
0.78891	0.771039	1.6867
0.732762	0.620222	2.63424
0.441504	1.53906	1.63868
0.878588	1.24207	0.274136
0.921522	1.07045	0.804023
0.306043	2.1838	2.62983
0.629356	0.963548	1.617
0.608921	0.819078	2.08979
0.298469	0.228114	5.02871
0.590577	0.351674	3.47637
0.327018	2.26407	1.41795
0.566371	0.378665	3.64278
0.419914	1.54094	1.60054
1.48901	0.34007	0.974152
0.4238	2.52141	0.251253
0.847595	1.03504	0.751743
0.352084	2.01925	1.37641
0.486379	1.25534	1.76552
0.831827	0.463956	2.42694
0.977323	0.286515	2.59415
0.481742	0.234187	3.96085
1.2668	0.492307	1.27173
1.20937	0.740267	0.32215
0.458146	1.16029	2.25634
0.585866	0.443009	3.24094
0.967743	0.872779	0.864375
0.921445	0.832692	1.24825
1.07498	0.691567	1.05667
1.15887	0.695086	0.669856
1.14247	0.603944	0.897653
0.648563	0.323623	3.15514
1.13019	0.679474	0.880752
1.05806	0.803309	0.72744
0.571037	1.7703	0.460947
1.19716	0.285694	1.65175
0.388563	2.31034	0.486031
0.84712	1.22101	0.328856
1.45581	0.526386	0.280898
0.229917	2.87999	1.43672
0.532247	1.87031	0.443021
0.627924	0.907911	1.72635
0.229917	2.87999	1.43672
1.5857	0.384207	0.300764
0.431717	1.12832	2.34615
0.995319	0.432878	1.92015
0.716337	1.04523	1.40887
0.510013	2.01656	0.421993
1.30852	0.296272	1.59209
0.338591	1.84273	1.42654
1.00342	0.764694	1.22769
0.448805	1.20423	1.99257
0.697068	0.361916	2.94716
0.828212	1.18658	0.517938
0.672141	0.382632	2.94746
1.61835	0.247606	1.32831
1.253	0.470947	1.3904
0.420158	1.94889	1.31008
1.43224	0.356069	1.07044
0.423259	2.06621	0.848733
0.585267	0.414959	3.27263
0.754291	1.03992	1.21116
0.652851	1.63053	0.292816
1.44567	0.398242	0.825633
0.887648	0.593284	1.53117
0.64398	0.526669	2.72551
0.548828	1.9118	0.434544
0.815003	1.16895	0.582648
1.49583	0.441295	0.286272
1.51211	0.367288	0.487631
0.511504	1.96993	0.292405
1.24285	0.26439	1.68876
0.425136	2.16126	0.483345
0.762678	1.08439	1.16793
1.38536	0.403136	1.02384
0.527852	0.354836	3.76812
0.343736	0.198932	4.80657
0.194862	3.26246	1.28449
0.225792	2.28341	2.28794
0.21505	2.53495	1.73986
0.704683	0.268263	2.79061
0.850331	0.266689	2.65251
0.285148	2.51286	0.824582
0.20971	3.76608	0.482394
0.352041	0.224762	4.50086
0.312027	1.6292	1.80935
1.84022	0.206928	0.435031
1.28292	0.590945	0.886039
0.488631	0.229944	3.8086
0.375244	0.217453	4.28232
0.541295	1.81007	0.298047
0.371329	1.34784	2.05525
1.80806	0.247712	0.22969
0.200273	2.88306	1.40275
0.200087	3.09967	1.38901
0.606295	0.263334	3.66008
0.474517	0.23877	3.87168
0.220119	2.46394	1.89368
1.11523	0.258626	2.17879
0.388071	1.25051	2.40324
0.309776	2.63822	0.563067
0.723365	0.234988	3.14674
0.508445	2.0832	0.204795
0.298112	2.81883	0.231393
0.618493	0.259042	3.5467
1.60892	0.250223	1.15117
0.434317	1.7214	1.16162
0.196517	4.06649	0.205087
0.350648	0.237812	4.24985
0.681885	0.246271	3.3183
0.308439	2.60028	0.661052
0.391109	1.28849	2.04351
1.67294	0.262349	0.446975
0.649876	1.54	0.313622
0.571764	1.42585	1.07991
1.35319	0.322228	1.2342
0.410583	1.9861	0.797295
0.771066	0.696853	1.45433
0.359526	0.208868	4.60651
1.70102	0.330843	0.221211
0.418101	0.201757	4.15343
0.202817	3.51272	0.926331
1.64077	0.227875	0.984746
0.560212	0.28322	3.6305
0.211067	2.70629	1.49516
0.580566	0.277659	3.53521
0.56109	0.293984	3.44198
0.295807	0.206576	4.98261
0.40615	0.256085	3.93897
0.664619	0.972958	1.54762
0.48181	2.1274	0.20928
1.76013	0.260738	0.321348
1.17815	0.421289	1.40609
1.17361	0.269645	1.67175
0.728608	0.249622	2.88275
1.06999	0.857129	0.260683
1.57405	0.261481	0.992977
0.244199	0.212835	5.0471
0.204222	3.5904	0.781185
0.202661	3.91332	0.289657
0.367186	2.17609	0.753046
0.326398	0.225868	4.83503
0.218419	2.70221	1.51302
0.357719	0.224456	4.41723
1.8884	0.24238	0.247332
1.32351	0.249609	1.4305
0.819322	0.465063	2.22136
0.482036	1.00707	2.01786
0.735593	1.09849	0.905144
1.43828	0.334497	0.684114
0.204242	3.6154	0.733147
0.83203	1.18068	0.285222
0.196869	3.86775	0.32109
1.73751	0.228882	0.487692
0.469673	2.02557	0.399156
0.413888	2.38147	0.198411
0.466335	2.22466	0.204826
0.522497	1.94981	0.23153
0.894304	0.342315	2.1209
0.414356	0.217555	4.16484
0.499527	0.859372	2.35296
0.433198	1.02963	2.55657
1.01375	0.3305	2.02306
0.358071	0.200619	4.70051
0.352763	0.212211	4.60686
0.625712	0.307981	2.94447
0.765012	0.226086	3.07933
0.416871	1.86476	1.1763
1.41378	0.37568	0.745239
0.682606	0.283358	3.01444
0.297854	2.94446	0.197914
1.25726	0.765866	0.309571
0.441079	1.70165	1.26043
0.429797	1.89461	1.10744
0.55201	1.50775	1.12945
0.481193	0.886158	2.36948
0.449249	1.82298	0.849798
1.16247	0.233096	2.10763
0.854865	1.16807	0.246424
1.47099	0.31325	1.20171
0.692419	0.751148	1.6176
0.426098	0.224565	4.01673
0.548789	0.897883	2.23501
0.990077	0.722632	0.808638
0.68895	0.280292	3.024
0.529198	1.56336	1.09484
0.698205	0.247561	3.21058
0.924643	0.253489	2.57652
1.48399	0.438397	0.332796
1.61934	0.289261	0.372568
0.907032	0.935255	0.642784
0.671379	1.0598	1.47169
1.53135	0.290049	0.809523
1.14363	0.484781	1.24307
0.405783	0.225467	4.06088
0.5806	0.801678	1.99544
0.306404	1.57984	1.96211
0.468321	2.04058	0.339097
1.35787	0.410458	0.944758
0.531959	1.02948	1.99447
0.585028	1.45507	0.975413
0.338267	1.39142	2.15412
0.217439	2.76586	1.4621
1.77807	0.257646	0.22969
0.368692	2.32683	0.351224
1.40131	0.400049	0.679992
0.667422	0.248457	3.38869
1.12853	0.595902	1.00472
0.199745	3.21278	1.33593
0.449608	1.13401	1.95981
1.05304	0.349913	1.6921
1.07613	0.648704	0.755912
0.959727	0.357783	1.86462
0.446059	0.239015	3.97537
0.947344	0.232216	2.5997
0.301388	0.205699	4.9837
1.23348	0.231053	1.57104
0.204245	3.65335	0.661437
0.572492	0.246514	3.73102
0.198442	3.21934	1.32882
0.557914	1.47422	1.28823
1.21312	0.534898	0.962694
0.979616	0.650591	1.24135
0.713274	0.229785	3.20141
0.797139	1.08191	0.667031
1.09173	0.591755	1.20266
0.985415	0.277206	2.34937
0.199371	3.98546	0.236198
0.93752	0.546581	1.46028
0.258368	2.21084	2.49612
1.66048	0.267871	0.672979
0.753358	0.226476	3.07744
0.338267	1.39142	2.15412
0.642032	0.247933	3.3902
1.48644	0.290547	1.04462
1.91307	0.21571	0.216866
0.196517	4.06649	0.205087
0.907347	0.868788	1.3025
0.9391	0.437657	2.26733
0.752211	0.385546	2.75243
0.961954	0.918852	1.06435
0.807774	1.44454	0.26158
0.555674	1.94281	0.396419
0.591952	1.46988	1.32919
0.588062	1.0005	1.95339
0.976092	0.396072	2.10189
0.722926	1.02626	1.45572
1.10774	0.913394	0.25743
1.06174	0.835842	0.554234
0.859663	0.642201	1.50201
0.402679	2.5515	0.468838
0.365293	1.81617	1.6237
0.70191	1.21531	1.24372
1.07936	0.803916	0.690711
0.875003	0.531957	1.99792
0.363328	1.79607	1.66244
1.28429	0.607915	0.733902
0.603433	1.36582	1.40537
0.187612	3.71703	0.503273
0.242029	0.198424	5.04793
1.91795	0.186705	0.485523
0.413663	0.199485	4.02781
0.463892	0.971977	2.27453
0.193816	4.09731	0.197351
0.231663	2.25226	2.36192
0.305148	0.195842	4.96606
1.0324	0.385496	1.59607
0.196744	3.10317	1.38395
1.45588	0.356909	0.668092
0.197613	3.37424	1.15074
0.38785	0.753184	3.51118
0.912401	0.7081	1.30063
0.251033	2.36931	2.19105
0.191315	3.75472	0.453238
0.339206	0.205752	4.81065
0.381814	0.213878	4.29015
0.376661	0.223155	4.15604
0.647697	0.525855	2.90674
0.189759	3.14568	1.35934
0.350414	0.228564	4.43465
0.383061	2.00706	1.09282
0.18778	3.21379	1.31423
0.430815	2.066	0.354896
0.191013	3.51396	0.889795
0.780374	0.876169	1.63522
0.347361	0.222094	4.5166
1.6939	0.31224	0.193114
1.24442	0.594668	0.741844
0.198864	3.3432	1.19818
1.267	0.463893	0.62807
0.191446	3.88437	0.294091
0.31772	2.59174	0.528433
0.562841	1.61881	0.775538
0.319367	2.80939	0.220604
0.525116	1.15588	1.93229
0.422092	1.25353	1.80495
0.665235	0.393327	2.76146
0.190976	2.896	1.39192
0.20065	2.76775	1.43496
1.0163	0.230616	2.50847
0.190976	3.28463	1.25314
1.50454	0.350811	0.745328
0.954806	0.320601	2.4389
0.394082	0.837709	3.18538
1.62674	0.246215	0.892586
0.33366	0.202833	4.86572
1.1884	0.575297	1.10653
1.07325	0.21664	2.5084
0.226509	2.73035	1.50318
0.893469	0.273331	2.62835
0.686088	0.57453	2.71864
0.190534	2.99152	1.3903
0.366318	0.215218	4.39965
0.239753	2.70603	1.55188
1.41663	0.451284	0.403259
0.200716	3.45208	1.03141
1.22805	0.492815	0.923608
0.190728	3.65511	0.619747
0.396982	0.777662	3.39996
0.424097	2.29278	0.319215
0.36741	1.45547	2.22974
0.820479	0.543071	2.02442
1.66733	0.313555	0.208419
0.434874	2.16288	0.243067
0.449999	1.01427	2.6876
0.653784	1.30892	1.24478
1.19808	0.203932	1.87497
0.348328	0.203161	4.61996
0.297069	2.44563	0.873127
0.883215	0.562415	1.73361
0.839383	0.473206	2.00889
0.702158	0.907518	1.67659
0.963714	0.239992	2.58654
0.639512	1.27702	1.26877
1.38679	0.458583	0.54398
1.11126	0.62125	0.843946
1.14734	0.262172	1.53594
0.211323	2.87598	1.41585
0.793825	1.03982	1.16305
0.466042	1.41779	1.38583
0.554753	1.19085	1.88991
0.336178	0.213251	4.70583
0.409766	0.823718	3.19357
1.59094	0.293363	0.479199
0.504271	1.82699	0.59545
0.681233	1.02566	1.47481
0.190534	2.99152	1.3903
0.307045	2.63368	0.395493
0.515426	1.48129	1.20924
0.44515	1.6562	1.30786
0.447637	1.57943	1.28763
1.72874	0.270224	0.433399
0.427611	1.35129	1.61116
1.75731	0.249541	0.423545
1.47442	0.297677	0.98263
1.28182	0.40823	0.902963
1.53679	0.337607	0.541593
1.88319	0.214992	0.393047
1.79112	0.259136	0.229475
0.73602	0.634918	2.61806
0.20235	3.93656	0.270872
0.474885	1.90072	0.473638
0.295992	2.42015	0.945141
0.71425	1.36902	0.226042
0.590837	1.07451	1.78341
0.243966	0.195709	5.04669
0.395547	1.86779	1.06854
1.82056	0.215892	0.35012
1.35796	0.328415	1.07089
0.317437	2.34088	1.2296
0.564207	1.93299	0.211375
0.624204	1.45894	0.780075
1.64396	0.233365	0.811851
1.13877	0.303073	1.56056
1.29633	0.401078	1.07187
0.194842	3.24315	1.30262
1.08354	0.842504	0.439165
0.977393	0.244902	2.48724
0.91355	1.07107	0.197066
0.720062	1.20133	1.17044
0.409291	2.2074	0.576357
0.608325	0.825632	1.91911
1.31033	0.313906	1.35235
0.457581	0.947573	2.40798
1.78298	0.240551	0.313206
1.96493	0.204072	0.191762
1.494	0.358462	0.394084
0.46461	0.942133	2.82338
1.09378	0.426997	1.37969
0.886896	1.00665	0.855136
0.196282	3.61028	0.719772
0.570828	1.78317	0.380295
0.774683	1.12399	0.596858
0.320074	2.34646	1.22586
0.440477	2.22152	0.205182
0.202167	3.62753	0.703997
0.484599	1.93209	0.373687
0.366719	0.203661	4.33592
0.596223	0.803878	2.19428
1.54197	0.315677	0.517995
1.95123	0.207138	0.192066
0.40233	0.21851	4.13169
1.93264	0.188456	0.470661
0.580628	1.77053	0.273495
0.593772	0.915108	1.74414
1.38958	0.327918	1.0555
1.20877	0.423944	1.23691
0.993271	0.329575	2.06456
1.64433	0.289133	0.332621
0.599825	1.72472	0.423043
0.194186	3.53609	0.856649
0.416583	0.194704	4.27344
0.605425	0.288013	3.3529
0.60515	0.261365	3.4642
0.312731	2.84704	0.228762
0.782129	1.21627	0.636631
0.580159	1.04328	1.78754
0.434272	2.02969	0.413271
0.369106	0.199395	4.72772
0.325922	0.21429	4.84955
0.375397	2.2019	0.609819
0.730628	0.956494	1.29824
1.01952	0.258563	2.35731
0.197405	3.45918	1.00961
0.44937	0.206208	4.03924
0.323366	0.214965	4.87655
0.707015	0.23061	3.22376
0.628504	0.343476	2.84055
0.200684	3.69631	0.573742
0.40451	2.28233	0.339219
0.47545	1.75579	0.92799
0.675978	1.35624	0.890447
0.473522	1.13863	2.02456
1.33457	0.422213	0.739998
0.818162	0.251687	2.67353
1.80778	0.219381	0.509316
1.08711	0.555246	1.34076
1.25081	0.435164	1.06315
0.614008	0.911309	1.85032
0.245347	2.4085	2.09012
0.504148	1.61882	1.09715
1.02385	0.807141	0.45192
0.299728	0.215019	4.99545
0.288998	2.32721	1.2731
0.407401	0.2744	3.92931
0.41415	1.24792	2.07946
0.391574	0.2296	4.22097
1.41086	0.376097	0.853491
0.213811	2.68	1.52603
0.429335	1.95354	0.685786
0.56001	1.89544	0.32005
1.5749	0.294464	0.730992
0.710912	0.267338	2.92266
0.399665	1.19799	2.27248
0.751859	0.534595	2.15894
0.2095	3.75602	0.497577
0.806416	1.08163	0.935375
0.473892	1.56882	1.23658
0.755163	0.670631	1.45946
0.198592	3.92182	0.275401
0.236199	2.5602	1.7536
1.20513	0.510781	0.965143
0.726143	0.285214	2.77519
1.59763	0.229135	1.35277
0.398402	0.19777	4.46147
0.553473	0.879654	1.96597
1.05012	0.572427	1.3469
0.531451	0.311964	3.71776
0.66495	0.326933	2.72126
0.883307	0.266481	2.60789
0.349923	2.61881	0.207313
0.523585	1.53977	0.979389
1.31521	0.491611	0.387579
0.394247	2.0777	0.67868
0.599595	0.3373	3.07917
0.630682	0.235115	3.56063
0.486606	1.31691	1.48008
0.233975	2.4482	1.96957
1.36143	0.312869	1.20288
0.363378	0.201394	4.66469
1.44078	0.361799	0.549314
0.514978	0.279284	3.8065
0.412179	1.27211	1.93632
0.858709	0.285494	2.62534
1.82753	0.234893	0.48472
0.358774	2.51513	0.226424
0.231855	2.38101	2.10657
0.492534	1.47326	1.31692
1.87708	0.204172	0.542198
1.48502	0.326089	0.839742
0.832653	0.352199	2.56666
0.304471	2.80204	0.242678
0.902943	0.472421	1.76399
0.390385	1.18236	2.47929
1.70272	0.31555	0.257199
1.55243	0.25553	1.1267
0.923012	1.28247	0.265527
0.195014	3.12347	1.37556
1.38966	0.351987	0.876653
0.194862	3.26246	1.28449
0.462353	0.259927	3.90558
1.12551	0.382968	1.41967
1.77246	0.246841	0.37247
0.639448	1.19301	1.47886
0.200102	3.55143	0.844413
0.96576	0.448456	1.66921
1.1356	0.525425	1.14003
0.486853	1.7128	1.01562
0.341763	0.227564	4.53798
0.687519	0.256973	3.00446
0.53232	0.316662	3.63
0.538404	0.302467	3.75551
1.10563	0.640198	0.72009
0.975484	0.267166	2.41546
0.210374	2.58969	1.63526
0.30561	0.212366	4.99545
0.665277	0.259439	3.18804
1.11591	0.292517	1.73819
0.707775	0.274122	2.92601
0.219492	2.70741	1.51021
0.194482	3.89362	0.291477
1.006	0.367676	1.68593
1.26914	0.451694	0.719834
0.345398	2.11542	1.1045
0.512529	1.51821	1.03776
0.656059	0.283557	3.01159
1.52089	0.330347	0.784191
0.205848	2.77367	1.43979
0.624789	0.239215	3.56178
1.78046	0.242774	0.30287
1.64254	0.351069	0.226611
0.944805	0.709943	1.34893
1.1796	0.466813	1.34893
0.911519	0.773084	1.10956
0.999381	0.798521	0.591081
0.275523	2.24511	2.4887
0.567215	0.285941	3.62824
0.67079	0.947469	1.39404
0.196385	3.18829	1.34669
1.16629	0.626488	0.946711
0.364898	1.39418	1.7637
1.84368	0.243734	0.251589
1.87346	0.233568	0.2569
0.350714	0.212711	4.56461
0.954561	0.456845	1.54608
1.90356	0.232917	0.224508
1.13231	0.737808	0.259062
1.21409	0.202702	2.13416
0.219935	2.34616	2.14329
0.588009	1.64711	0.689656
0.196385	3.18829	1.34669
1.06301	0.349326	1.64439
0.836643	1.16128	0.432172
0.984578	0.368951	1.98017
1.49735	0.287662	1.0297
1.74564	0.261138	0.426262
1.61734	0.332647	0.316734
1.6235	0.25785	0.67479
0.370389	0.200729	4.61959
0.545931	1.67703	0.579084
0.616653	1.67473	0.641536
