0.434237	0.183216	4.02939
0.229862	0.189113	5.0702
0.24418	2.3988	2.10722
1.11857	0.564947	1.0322
0.326869	0.220826	4.67137
0.437123	2.03832	0.502592
0.283952	2.72856	0.272033
1.08542	0.803662	0.422024
0.365792	0.193165	4.52034
0.274733	2.27001	1.31848
0.18962	3.3652	1.14432
0.191839	3.45715	0.997706
0.431879	1.9717	0.652669
0.383064	0.201389	4.22636
0.747956	0.242978	2.76262
0.682111	0.206743	3.43031
1.04748	0.263633	2.38513
1.696	0.218542	0.794718
0.412986	0.195817	4.15105
0.312087	0.208091	4.79066
1.2388	0.527091	0.704525
1.59704	0.238778	1.14938
0.201747	2.81195	1.41834
0.849576	0.51334	1.77517
1.54995	0.334004	0.462861
0.826035	0.215413	2.58797
0.422353	0.249048	3.95855
0.571375	1.37198	0.989865
0.879453	0.468406	1.86099
0.358862	2.3389	0.535006
0.292031	2.49033	0.871175
0.321779	0.198314	4.93397
0.928821	0.748507	1.42257
1.74197	0.270841	0.308704
1.13721	0.189013	2.33775
0.751832	0.27299	2.64762
0.551574	0.217513	3.81433
0.931545	0.414403	1.64523
0.292765	0.1971	4.97385
1.57808	0.350584	0.233081
0.803907	0.995585	0.660523
0.342376	0.254205	4.35107
1.46445	0.308786	1.13623
0.701004	1.11214	1.06844
0.713179	0.21671	3.03168
0.416023	0.201963	4.03484
0.20244	3.51115	0.9282
0.689446	0.247179	3.04648
0.899854	0.53542	1.51155
0.806608	1.24019	0.21492
0.450235	1.84322	0.849063
0.642005	0.219048	3.39633
0.678209	0.268672	2.96592
0.475497	1.71166	0.74102
0.203314	3.66107	0.644496
0.778812	0.214036	2.85381
1.2745	0.428617	1.05269
0.189919	3.19796	1.32963
0.345922	0.250979	4.35107
0.513284	1.59073	0.756394
0.981697	0.300192	1.98917
0.635409	1.44672	0.438343
1.62641	0.328398	0.249759
1.00718	0.364841	1.86206
0.760978	1.19941	0.323912
0.856006	0.282505	2.55287
0.786829	0.244986	2.70492
0.381127	0.183466	4.45608
0.322571	2.22632	1.17821
0.744993	0.225028	2.85428
0.629757	0.250296	3.20324
0.482732	1.62415	1.08384
1.3536	0.330505	1.17715
0.462586	0.206104	3.90054
1.18901	0.379382	1.35137
0.614481	1.48061	0.88472
0.231757	0.18666	5.06909
0.493057	1.40746	1.49229
0.999217	0.715682	0.780027
0.954034	0.240692	2.55269
0.967012	0.632115	1.45082
1.42948	0.340249	0.81347
0.38682	1.32283	1.55542
0.411351	1.29747	1.94409
0.563375	1.67314	0.275191
0.408288	1.26198	1.9728
0.891974	0.270391	2.52367
1.06262	0.263659	2.21648
0.640428	0.254336	3.13679
0.45513	1.88475	0.708814
1.23532	0.285547	1.40725
0.433527	1.73487	1.22358
0.459034	0.966024	2.47402
1.39105	0.306355	1.25097
0.92826	0.819971	0.886724
0.594919	1.02683	1.41324
1.51669	0.284933	0.908612
1.27081	0.302349	1.40376
0.372202	2.30227	0.448903
0.197104	3.27754	1.27363
0.491905	1.41234	1.4836
0.80045	0.456594	2.42677
1.4484	0.364688	0.507829
0.661431	0.235751	3.1438
1.06539	0.618243	0.837351
1.3332	0.388134	0.941194
1.20286	0.31168	1.4045
1.64011	0.261972	0.588132
0.440888	0.213906	3.9011
1.05143	0.363567	1.66678
1.08434	0.548705	1.37239
0.574232	1.82463	0.210842
0.2878	2.30987	1.29331
0.594634	0.226538	3.68669
0.34249	0.197866	4.72889
0.59419	1.6572	0.259269
0.925164	0.486826	1.60979
0.669211	1.05993	1.28369
0.486372	1.18617	1.74111
0.329302	0.192156	4.85459
0.542572	1.53128	0.908501
0.534978	0.945915	2.11341
0.329302	0.192156	4.85459
0.419354	1.92048	0.905841
0.830436	0.313602	2.49073
0.999217	0.715682	0.780027
0.337418	0.209475	4.48453
1.43047	0.299216	1.22828
0.534994	1.51832	0.936965
0.652369	1.05898	1.34019
0.61657	1.80055	0.213768
0.247223	0.191345	5.04865
0.181309	3.36755	1.11984
1.74361	0.275124	0.19056
0.583655	0.766033	2.43104
0.36243	2.09095	1.17639
0.999819	0.200372	2.56767
0.678853	0.217815	3.18949
0.700283	0.199444	3.2818
1.34247	0.469772	0.482806
0.687144	1.5174	0.29899
0.455301	2.17097	0.199468
0.645143	0.798159	2.11387
0.454315	1.99524	0.352686
0.379907	1.60099	1.74749
1.47919	0.335947	0.527978
0.732215	0.252088	2.68318
0.54424	0.962217	2.06953
0.6015	0.920154	1.63721
0.440258	1.77461	1.02317
0.960113	0.275773	2.35059
0.225024	2.43857	1.96204
0.517129	0.220873	3.80506
0.690614	0.22578	3.12994
0.456766	1.80358	0.911697
0.874852	0.363169	2.37321
0.364484	0.230319	4.1627
0.351179	0.208408	4.58376
1.57826	0.221426	1.35779
1.20793	0.444148	1.03143
0.639855	1.38828	0.844774
0.448144	1.92784	0.60371
1.60522	0.263985	0.63819
0.280709	2.52635	0.942733
0.373969	0.19272	4.50865
1.69403	0.286553	0.211674
1.55375	0.277387	0.581261
0.37126	0.228596	4.2516
0.481562	0.946786	2.25506
0.606376	0.215477	3.62202
0.54743	0.812226	2.42349
0.197125	3.47972	0.971553
0.560642	1.0088	1.71083
0.32629	1.43081	2.15834
0.342419	0.205244	4.71173
0.696202	0.667896	1.7821
1.17525	0.260577	1.54296
0.775782	1.08728	0.880157
0.324426	0.204696	4.91349
1.0134	0.73623	0.902389
0.771381	0.21479	2.90953
0.477582	1.44107	1.36234
0.497425	0.98526	2.00761
0.969444	0.749814	0.986457
0.664543	1.46795	0.42952
1.62023	0.268158	0.591372
0.339969	0.205077	4.74111
0.752401	0.208243	3.00946
0.522163	1.06604	1.85118
0.823743	0.275755	2.62017
1.26206	0.613302	0.225799
0.694319	0.241354	2.9638
1.28523	0.495639	0.650002
0.483815	1.84195	0.53331
0.210792	3.77252	0.475263
1.06962	0.31399	1.57206
1.53526	0.242824	1.26917
0.400533	1.23709	1.95402
0.8099	0.210005	2.75158
0.327213	0.199149	4.85995
0.489944	1.57242	1.10707
0.731094	1.02526	1.21126
1.15596	0.642753	0.920662
1.19416	0.302526	1.4439
0.561739	0.864254	1.86088
0.635275	0.99363	1.43479
1.08161	0.705854	0.677077
0.428493	0.24393	3.95164
1.2952	0.376756	1.22403
0.805928	1.30068	0.295257
0.906201	0.307403	2.35059
0.662488	0.824289	1.87471
0.333275	0.213881	4.64032
0.429714	0.209984	4.03388
1.24663	0.386319	1.33627
1.22488	0.246192	1.48095
1.44947	0.293024	1.0673
0.194846	3.72252	0.51338
1.05486	0.690505	0.804494
1.15139	0.238655	1.90471
0.727333	1.2943	0.359063
0.886172	0.711102	1.39056
0.432966	0.205754	4.03136
0.739605	0.209953	3.04795
1.09754	0.250035	2.22025
1.37584	0.215734	1.41722
0.592281	1.12416	1.37245
0.406375	1.26753	1.823
1.64818	0.265022	0.547654
1.17009	0.576927	0.488138
1.42288	0.315783	0.960667
0.827222	1.17508	0.337819
0.542391	0.824141	2.19237
0.355001	0.209795	4.47386
0.411291	1.8744	1.02322
0.762103	0.229213	2.77493
0.57626	0.210802	3.73826
1.16445	0.619015	0.506311
1.09747	0.716689	0.598589
1.10947	0.243873	1.81602
0.854115	1.19498	0.267368
0.386857	2.41998	0.229018
0.408993	2.05937	0.553629
1.11397	0.306195	1.61072
0.580578	0.208239	3.73803
0.931203	0.382878	2.17197
0.334819	0.233014	4.62687
0.188178	3.58687	0.741019
1.54916	0.19635	1.38626
0.279842	0.225143	5.00692
0.462693	1.4435	1.40766
0.34465	2.6953	0.234307
1.51265	0.345664	0.551652
1.29717	0.431824	0.876862
1.63911	0.262342	0.707348
1.48732	0.300051	0.81192
0.510941	0.49908	3.24103
0.55231	0.306234	3.42714
0.725378	0.274873	2.88038
0.348524	0.226028	4.47693
0.725068	1.35554	0.370685
0.431935	1.83468	0.99916
0.372704	1.48285	1.76771
0.765965	0.581197	2.3504
0.305299	0.227672	4.85681
0.3282	1.18845	2.58773
0.400516	2.45676	0.209334
1.17734	0.523411	0.961257
0.866948	0.544584	1.74759
0.413222	2.28367	0.234445
0.240068	2.14794	2.53343
1.22524	0.624742	0.453183
0.347844	0.232749	4.35427
0.5296	0.909312	1.80073
0.385722	2.21058	0.584548
0.609987	1.56022	0.383058
0.568608	0.311607	3.12754
0.360032	0.292036	4.07219
0.655419	0.361032	2.78747
0.701228	1.01679	1.33527
0.240033	1.92233	2.63976
0.693524	0.380487	2.76158
0.992148	0.967941	0.260884
0.233622	2.62224	1.64445
1.02577	0.463788	1.57314
1.36193	0.327629	1.22658
0.68314	1.08544	1.25799
0.554589	0.255639	3.80411
0.97045	0.719746	1.22626
0.800318	0.47791	2.4942
0.47587	0.78899	2.58988
1.14271	0.223478	2.15733
0.200668	3.78272	0.435028
0.351335	0.246279	4.18139
1.21113	0.273477	1.50411
0.227973	2.60119	1.66232
0.662518	0.305773	2.87542
0.398218	2.05204	0.830005
1.14249	0.68421	0.458872
0.384292	1.96415	1.09206
0.527982	1.51419	1.29212
0.805835	1.15255	0.362727
0.679266	1.08117	1.25819
0.342007	2.59436	0.335271
0.878457	0.658841	1.47318
1.00716	0.338114	1.93617
1.46024	0.447913	0.230128
0.483419	1.70986	1.06216
0.847735	0.486015	2.22005
1.39317	0.353745	0.768989
1.31488	0.38281	1.12526
0.423338	2.35251	0.211368
0.452252	2.11181	0.233786
0.802134	1.12396	0.436264
0.780916	0.336925	2.57173
0.950295	0.363775	1.80519
0.515298	0.485931	3.23971
1.0623	0.592892	1.18919
0.999806	0.737601	0.977712
1.03156	0.3224	1.93572
0.748616	1.52914	0.258027
1.07953	0.814294	0.48377
0.988051	0.536315	1.45871
0.325093	0.223292	4.76433
0.429186	1.93471	0.669564
0.870655	0.841419	1.43668
0.778217	0.507263	2.25533
0.875024	0.576381	1.60129
0.735245	1.31072	0.40834
1.24996	0.314434	1.38284
1.41235	0.46779	0.342356
0.283536	0.222002	5.00671
0.621759	1.76359	0.247514
1.04651	0.248998	2.45376
0.354664	1.52863	1.86599
0.323494	0.263905	4.60692
0.323596	0.22335	4.78031
1.3807	0.511069	0.271713
0.648195	1.14535	1.36969
0.544849	0.269081	3.74119
0.208712	2.16994	2.43411
0.138335	3.99279	0.15029
0.38425	0.142608	4.04595
0.142332	4.0978	0.142683
2.00348	0.150857	0.144375
0.16247	0.16247	6.16247
0.231317	2.91925	0.141728
0.196705	0.154736	5.01502
0.443591	0.847037	2.13325
0.300626	0.161275	4.66486
0.410661	0.978531	2.01999
0.839693	0.267861	2.31299
1.71257	0.150446	0.861436
1.30339	0.58683	0.208634
0.356076	0.195682	3.90616
0.142323	3.94556	0.171232
1.36557	0.310668	0.771225
1.67407	0.153758	1.02467
0.650015	0.159367	3.24095
1.18125	0.627147	0.146979
0.945792	0.764411	0.496343
0.155405	3.69216	0.459108
1.59673	0.252485	0.1924
0.148901	3.01057	1.34469
1.86819	0.169825	0.156473
0.472972	0.959399	1.57803
1.64998	0.245102	0.18072
1.26793	0.557956	0.389669
0.386847	1.56449	1.32222
0.498988	0.24642	3.40808
0.324684	0.162793	4.2408
0.559244	0.239431	3.10176
0.223167	2.58658	0.546004
0.167735	3.55204	0.748318
0.149475	3.22125	1.23493
1.00259	0.709174	1.03154
0.195269	2.69957	1.47155
0.320148	0.168859	4.3242
0.159206	3.59169	0.647567
0.269265	0.15848	4.8987
0.14994	3.28578	1.16064
0.719416	0.234012	2.62901
0.967918	0.180653	2.36181
1.33362	0.326444	1.05227
1.96783	0.156345	0.159206
1.80791	0.186685	0.16974
1.07598	0.659698	0.257698
0.356411	2.03987	0.930187
1.75408	0.188647	0.835439
0.803428	0.355556	1.92065
0.377994	0.163649	3.98557
0.457797	0.880154	1.94318
0.489135	0.236814	3.62796
0.149656	3.49666	0.802305
0.724322	0.922895	1.2301
0.294192	0.166898	4.50838
0.150434	3.12339	1.31161
0.448325	1.86648	0.212008
1.03285	0.509593	1.12962
0.752772	0.206843	2.74174
1.05571	0.643481	0.343905
0.259699	2.29962	1.10226
0.57097	0.213741	3.09131
0.1544	3.4584	0.889038
0.507174	1.38732	1.27358
0.148885	3.63896	0.531697
0.578114	0.259708	2.83628
0.199147	0.152515	5.01429
0.142332	4.0978	0.142683
0.175151	2.71046	1.42813
0.151926	2.46577	1.68783
0.830848	0.412966	1.85638
0.873013	0.408468	1.43549
0.530536	0.203764	3.62427
0.150787	2.86561	1.35134
0.458875	1.47294	1.05434
0.169988	3.42077	1.00171
1.89618	0.155948	0.233723
0.289211	0.153282	4.77338
0.150658	3.17178	1.28086
0.494681	0.242286	3.52385
0.704189	1.0972	0.528338
0.782808	0.313067	2.44442
0.922597	0.372167	1.44014
0.240073	2.73379	0.280567
0.152536	3.8593	0.242841
0.371872	1.29003	1.44226
1.56429	0.243811	0.269035
0.635679	0.204907	2.91975
0.538296	0.810942	1.63108
0.248502	1.88555	1.34897
0.161348	3.76101	0.371026
1.20446	0.472711	0.522749
0.695145	1.13958	0.528995
0.961567	0.338904	1.78486
1.7281	0.226292	0.200899
0.429241	1.59262	1.06535
1.04032	0.497297	1.07876
0.657732	0.227272	2.68842
0.3134	2.36697	0.382541
0.796888	0.241564	2.54251
0.243744	0.169434	4.93874
0.413339	0.913283	2.20955
0.682233	0.17596	2.78682
0.771456	0.987076	0.837959
0.146879	2.94077	1.34675
0.151664	2.791	1.36056
0.906558	0.346957	2.18875
0.308785	2.15023	0.819368
0.426937	1.79966	0.428015
0.325646	2.11155	0.479084
0.332582	0.176354	4.1394
0.41585	0.190731	3.79276
0.265751	2.093	1.2881
0.51932	0.34646	3.36847
0.430637	1.81023	0.403283
0.164361	2.59851	1.51319
0.280168	2.81939	0.167595
0.286567	0.158311	4.75974
0.323108	1.32494	1.82872
1.00926	0.758127	0.412242
0.790506	0.314808	2.41225
1.38526	0.379086	0.452051
0.255189	2.51211	0.379717
0.463559	0.220494	3.72351
0.664102	1.01045	1.34617
0.147087	3.82431	0.26486
1.15575	0.210648	1.39091
0.589949	0.179993	3.31596
0.303222	2.33836	0.419024
0.98776	0.788536	0.41132
0.614645	1.26209	0.464333
0.295614	1.93802	1.28644
0.414726	1.02604	1.74049
0.741087	1.28432	0.375097
0.175124	2.53904	1.62427
0.773992	0.274389	2.50701
0.626792	0.170277	3.24409
0.143018	3.77811	0.307217
1.94882	0.157298	0.142777
1.01686	0.273405	1.96175
1.098	0.436848	0.970045
0.883398	0.84478	0.538482
0.58204	0.202267	3.53241
1.9311	0.152809	0.179211
2.003	0.151781	0.145389
0.39426	1.96424	0.258508
0.341714	2.21629	0.259122
1.83634	0.182408	0.162806
0.311479	0.171138	4.41794
0.583853	0.229402	2.97795
0.236027	2.63962	0.456501
0.32214	1.45302	1.65614
1.25494	0.344627	0.996543
0.890597	0.206587	2.52989
1.77939	0.174996	0.710383
0.146879	3.42938	0.921474
1.47181	0.296156	0.549454
1.65509	0.207911	0.311523
0.511581	0.209124	3.72855
0.618517	1.2163	0.722109
0.603991	1.14559	1.15285
0.498297	1.6472	0.258508
0.345378	0.180518	4.05684
0.43041	1.69241	0.787959
1.16729	0.214101	1.37993
0.989643	0.546451	1.33849
0.153928	3.06871	1.33882
0.14964	3.35939	1.05096
1.58465	0.208244	0.516187
0.349031	2.26946	0.177937
0.820165	1.05693	0.536248
0.419469	1.76063	0.751523
0.317799	0.178346	4.13487
1.13812	0.233039	1.52546
0.315486	2.42163	0.203136
1.83465	0.154779	0.255348
0.577547	1.23009	1.07237
0.392516	1.72183	1.10014
1.78195	0.192609	0.168562
0.320629	1.34343	1.83082
1.11169	0.274507	1.61387
1.20535	0.443928	0.666874
0.63292	1.65422	0.191691
0.226689	2.66375	0.371358
1.4155	0.428139	0.262377
0.466861	1.75101	0.697316
0.282037	2.47074	0.232239
1.31005	0.34594	0.601456
0.29151	0.168417	4.49126
0.56102	0.800087	2.1963
0.680423	1.34152	0.338093
0.466543	2.04845	0.169043
1.54208	0.272808	0.256346
0.298074	0.181332	4.41906
0.659355	1.18129	0.468219
0.70735	0.976747	1.48958
0.148892	3.07244	1.33108
1.14402	0.397658	1.05847
0.532869	0.216691	3.82183
0.258991	2.35788	2.23916
0.897583	0.780501	1.3724
0.316609	1.41283	2.3469
0.539334	0.83313	2.49459
0.200487	2.78867	1.42511
0.289634	2.57188	0.740549
0.251448	2.37956	2.17083
0.202693	3.40996	1.10804
0.36126	2.32519	0.550161
0.638452	0.772878	2.03895
1.13326	0.52349	1.09075
0.406768	0.200799	4.34123
0.457825	1.86432	0.656042
0.567626	0.467879	3.19166
0.240221	0.213404	5.04755
0.37314	1.31184	2.41654
0.63898	0.304758	3.09804
0.705698	0.456067	2.64967
0.422182	1.7832	1.15597
0.618796	0.494472	2.7395
0.429908	2.12471	0.353276
0.334543	2.18059	1.2496
0.433745	1.86967	0.878437
0.921768	1.17144	0.435493
0.623695	0.54482	2.54006
0.438996	1.21772	1.53608
0.672986	0.492537	2.67932
0.96615	0.408203	1.65603
0.426989	0.406146	3.90692
0.194641	3.57467	0.783492
0.303562	0.221602	4.91888
1.55178	0.383537	0.214305
0.443476	1.14524	1.78013
1.2272	0.618528	0.505262
1.05602	0.918432	0.302267
1.20332	0.535623	0.610775
0.55784	1.49248	0.906136
1.23335	0.382209	1.34744
1.08303	0.561758	1.12486
1.66628	0.235928	0.746177
0.847468	1.28445	0.218175
0.718605	0.244403	2.94584
0.357924	1.37918	1.79216
1.04422	0.322578	1.91702
0.398139	1.96671	1.02672
0.825671	1.20965	0.374041
1.52831	0.307775	0.579334
0.447035	2.27069	0.233929
0.319871	1.47403	2.13303
1.50104	0.298932	0.666641
1.26623	0.633829	0.368704
0.695323	1.23399	0.683319
0.746228	0.679095	1.86743
0.511125	0.31605	3.47333
1.62995	0.25906	0.946614
0.59834	1.67132	0.217539
0.322579	0.24345	4.73078
0.344395	2.14469	1.21703
1.146	0.854716	0.285402
1.46725	0.304595	0.919738
1.45036	0.433537	0.364061
0.853494	0.747777	1.44205
0.729692	0.220639	2.9319
0.514536	1.54524	1.11153
0.411189	2.42739	0.210589
0.540321	1.44219	1.17339
0.991809	0.645142	1.24243
1.39259	0.508867	0.240896
0.577207	0.473088	3.05562
1.67612	0.245829	0.492679
1.49255	0.316604	0.715954
1.76337	0.223609	0.465997
0.948377	0.289486	2.39492
1.4127	0.253501	1.39586
0.511998	1.08483	1.7103
0.31149	1.43075	2.34924
1.33204	0.375596	1.18783
0.4989	2.04754	0.196451
1.11931	0.661723	0.954889
0.382179	0.246313	4.09897
1.21417	0.71719	0.378611
1.09602	0.699681	1.01127
0.484726	0.359051	3.48065
0.588212	1.6292	0.539571
0.67716	0.281661	2.83578
0.325373	0.244717	4.62508
0.80475	1.30969	0.219895
0.713317	0.291409	2.68657
0.666683	0.266445	3.10769
0.743498	0.23663	2.89703
0.430152	0.237592	3.91895
0.4677	0.242842	3.82634
0.356877	2.0741	1.26509
0.773965	1.02711	0.99016
0.830886	0.741316	1.48407
0.554458	1.88135	0.215128
0.311516	2.78405	0.246371
0.626194	0.283426	3.15968
0.943496	0.663944	1.45144
1.63105	0.247385	1.09144
0.618699	0.640287	2.45325
0.74324	1.10152	0.821321
1.12288	0.219878	2.39305
0.452718	1.94486	0.523665
0.298973	2.45543	0.944137
0.959552	0.331279	2.19614
1.0133	0.279507	2.14912
0.432222	1.0565	2.49741
0.971151	0.380959	1.78933
0.50621	1.80397	0.549435
0.248019	2.29298	2.3341
0.317203	2.40479	0.928254
0.702834	0.40359	2.65125
1.43804	0.451815	0.244865
1.10794	0.290195	1.69183
1.00736	0.386048	1.62288
1.35014	0.39824	0.806461
0.891473	0.357847	2.26582
0.202947	3.56844	0.819896
1.06771	0.770391	0.338024
0.840184	0.934872	1.20164
1.20133	0.319266	1.42145
0.676252	0.267474	3.0011
0.594974	1.74477	0.254712
1.375	0.589631	0.388834
0.732432	1.6032	0.241884
0.307732	2.68514	0.365323
0.497571	2.12091	0.208324
0.410172	1.13341	2.50144
0.53418	0.43114	3.01336
0.914472	0.83597	1.45665
0.651374	0.237352	3.33436
0.600144	1.49098	0.892185
0.809146	0.468794	2.24577
0.987864	0.87609	0.337065
1.08608	0.919729	0.295678
0.87371	0.413978	1.99836
1.54838	0.347594	0.387767
0.434529	1.2089	1.948
0.926825	0.351232	2.21338
0.248019	2.29298	2.3341
0.85699	0.402468	2.04233
1.06354	0.343199	1.56859
1.63604	0.253845	0.967522
1.17433	0.337924	1.56956
1.42233	0.272304	1.38574
1.55913	0.230988	1.34099
0.597888	0.693723	2.46109
0.34835	2.0387	1.31147
1.03863	0.709571	0.740967
1.33408	0.411234	0.925993
0.431578	2.24223	0.311147
0.455183	0.943591	2.57947
1.57301	0.443391	0.228706
1.27909	0.284172	1.41473
0.523435	1.43458	1.37959
1.18704	0.516478	1.18138
1.09632	0.465104	1.43417
0.181309	3.36755	1.11984
0.250584	0.195144	5.02675
0.464581	1.02747	2.44861
0.761333	1.22922	0.234285
1.72923	0.196422	1.10756
0.188707	3.72669	0.490422
1.0133	0.574523	1.27344
1.55852	0.346867	0.25435
1.59369	0.293524	0.407307
0.510292	1.33647	1.41302
1.04942	0.350128	1.61621
0.39332	1.97923	0.916898
1.37606	0.229984	1.39637
0.897867	0.392605	2.16934
0.681294	0.514809	2.71842
0.552803	1.47992	1.08187
0.184585	3.41447	1.05243
0.385791	1.9044	1.1665
1.09104	0.591148	0.982421
0.418627	0.881857	3.24736
1.16155	0.483062	1.36406
0.243138	2.27553	2.35234
1.12341	0.629868	0.95613
0.329184	0.24438	4.3623
0.649449	0.776609	2.4011
0.512085	1.67882	0.491164
0.1941	3.26797	1.27743
0.697644	0.847652	1.53349
1.32897	0.295946	1.37597
1.62317	0.299655	0.361933
1.18197	0.628843	0.56861
0.190269	3.66379	0.602663
1.49582	0.287785	1.01687
0.448278	1.08229	2.41306
0.183652	3.82265	0.343189
1.2747	0.467533	0.711888
0.31198	0.200992	4.95676
0.819415	0.313424	2.63047
0.959075	0.821223	0.643577
0.31878	2.39981	0.887662
0.851776	0.678097	1.70858
0.530273	0.288474	3.79011
0.347416	1.52982	2.1183
1.32128	0.476107	0.434634
0.186551	3.51407	0.87661
0.91662	0.812117	1.1935
0.403694	0.226102	4.12639
0.354071	0.217835	4.28711
0.803417	0.76123	1.44877
1.0802	0.277153	1.75965
0.274308	2.19815	1.39421
0.997773	0.263982	2.26817
1.39911	0.483834	0.308127
0.476035	1.63704	0.945087
0.281064	2.33557	1.27502
0.409637	2.06412	0.548071
0.580106	1.51668	1.00805
0.428458	0.929771	2.96752
0.541175	1.43593	1.24364
1.23597	0.463283	0.875259
0.861785	0.707643	1.5701
0.289428	2.36726	1.10488
0.592978	1.60889	0.460437
0.354345	0.215653	4.45018
0.250078	2.30221	2.32268
0.370214	2.05871	0.942046
0.684452	1.36859	0.72594
0.574166	0.994759	1.83394
0.487139	1.1261	1.92818
0.433291	1.57901	1.32916
1.05773	0.220709	2.24271
0.482492	0.918118	3.00539
0.59782	1.56103	0.824812
1.64331	0.254055	0.797287
1.65974	0.207024	0.819374
0.963132	0.407945	2.01364
0.29288	2.54621	0.599121
0.861785	0.707643	1.5701
0.402543	0.225931	4.13577
0.311929	2.78844	0.228612
0.19496	3.57593	0.781997
0.316645	2.47139	0.655889
0.727911	1.38673	0.332381
0.386227	2.01154	0.870962
0.331779	2.50295	0.614918
0.196562	2.74158	1.4433
0.335287	0.226332	4.55109
0.274258	2.19214	1.39614
1.53045	0.247797	1.09566
1.46769	0.420153	0.201745
0.40597	1.75012	1.29998
0.797938	1.00858	0.581755
0.609285	0.959622	1.41861
0.413609	1.20293	2.30662
0.506192	1.18838	1.65391
1.44549	0.450528	0.30712
1.47325	0.30358	0.875398
0.987738	0.288389	2.2235
0.338446	1.76038	1.39887
0.438317	1.20493	2.0527
1.0763	0.413496	1.40908
0.791182	0.250463	2.64332
1.44889	0.446056	0.314599
0.926695	1.15885	0.276772
0.409104	1.16568	2.35315
1.42451	0.222306	1.40661
0.640018	1.14996	1.12769
0.138335	4.05022	0.141032
2.02938	0.142576	0.137664
0.138405	4.11826	0.138438
1.83948	0.126207	0.308157
0.162102	0.162102	6.1621
1.78042	0.181789	0.123209
0.194694	0.150828	5.04412
0.162102	0.162102	6.1621
1.98899	0.158933	0.165159
0.319399	1.9513	1.15362
0.510039	0.378221	3.14367
1.91479	0.142291	0.201304
0.400878	2.04785	0.174495
1.41781	0.461258	0.323218
1.02428	0.209245	2.12853
0.442754	0.212243	3.84443
0.149586	3.15315	1.29236
0.542046	0.758744	2.26578
0.583575	0.185581	3.57146
0.259219	2.58497	0.379942
0.781808	0.212457	2.65586
0.741912	0.201213	2.77131
0.608043	0.266364	2.82255
0.27465	0.1487	4.87398
0.370536	0.138912	4.10335
1.05319	0.281559	1.53886
0.290659	1.33262	2.41672
0.652878	0.207985	3.2147
0.314182	0.158106	4.43765
0.687901	1.31507	0.574085
0.72688	1.07074	0.546654
1.55816	0.204511	1.20828
1.73333	0.241096	0.153382
0.944632	0.821186	0.996041
0.869086	0.293962	2.37626
0.149238	3.77355	0.32667
0.143819	3.03959	1.33363
0.148624	3.08935	1.32465
1.34377	0.306164	0.890466
0.149133	3.55734	0.6837
0.58176	0.229678	3.34749
1.27811	0.566541	0.214626
0.754705	0.467146	2.34098
0.151052	3.28707	1.16151
0.6236	0.903114	1.65052
0.31121	0.152575	4.64015
0.149992	3.4235	0.941044
1.60482	0.234598	0.28362
1.37743	0.497358	0.201145
0.188538	2.24998	2.24331
1.88348	0.151843	0.195974
1.65444	0.180858	0.695008
0.466604	1.69653	0.571709
0.144334	3.64325	0.511647
0.228541	2.22082	1.22379
0.187569	2.47828	1.76717
0.538083	1.23007	1.2404
0.197428	2.41828	1.91899
0.205671	2.35898	2.07152
0.561792	0.386315	3.05114
0.172229	2.55526	1.59144
1.44554	0.27301	1.08791
0.247464	2.67051	0.207465
0.17075	2.82506	1.37683
0.163596	2.66388	1.44328
0.562229	0.249884	3.30152
0.211416	0.164918	4.98703
0.138335	3.99279	0.15029
1.80586	0.156434	0.402211
0.143817	3.22182	1.22289
1.11338	0.543697	0.739628
0.411984	1.79602	1.12783
0.376867	2.18459	0.171013
0.146628	3.94572	0.177343
0.142337	2.89103	1.34235
0.224544	2.1218	1.32431
0.619692	0.8456	1.78173
0.349915	0.154202	4.17344
0.19355	2.30681	2.14404
1.84936	0.151567	0.254762
0.249116	2.72889	0.163287
0.328848	1.85496	1.35601
0.57018	0.378685	3.03534
0.391289	1.17177	1.98254
1.63086	0.272774	0.271667
0.146795	3.46872	0.847521
0.377153	1.46592	2.08106
1.67856	0.226936	0.345484
0.15664	3.34475	1.0923
0.475278	1.74495	0.395396
0.613947	0.183376	3.45661
0.922769	0.212624	2.51206
1.71716	0.155051	0.572631
0.814451	0.67639	1.53586
0.294744	0.147577	4.72135
0.520741	0.191563	3.73646
0.356199	0.158091	3.98861
1.16447	0.706249	0.192022
0.308637	0.175611	4.33353
0.654911	1.37523	0.490913
0.18489	2.28646	2.15955
0.474222	0.199373	3.92112
0.833134	1.12885	0.190471
1.10084	0.775592	0.213324
1.20518	0.482639	0.704823
0.373847	1.6585	1.22625
0.142339	3.25304	1.18474
0.67008	1.00631	1.11563
1.3089	0.401938	0.663182
0.177374	2.78853	1.39367
0.180599	3.6146	0.666098
0.149566	3.36615	1.03968
0.749845	0.439351	2.49895
0.419314	1.81445	1.04208
0.661979	0.196096	2.93698
0.973085	0.277131	1.82028
0.197234	2.39069	1.97707
1.00016	0.27043	1.70727
0.772291	0.946559	0.602825
0.140643	2.9725	1.33921
0.46881	0.382858	3.63625
0.383726	1.91881	0.433674
2.00168	0.145605	0.137749
0.358097	1.55504	1.42016
0.89556	0.971329	0.154929
0.139186	3.82149	0.251932
1.51457	0.247422	0.880579
0.736403	1.48587	0.370345
0.614497	0.183176	3.43937
0.569662	0.184731	3.67741
0.909265	0.345519	1.91985
0.341312	2.07778	0.549396
1.36828	0.352342	0.379121
0.337912	0.149272	4.33687
0.865489	0.324268	2.20586
0.28541	0.179272	4.70003
0.198492	2.53395	1.69554
0.485852	1.54948	0.629657
0.461905	1.40148	1.21238
0.491551	1.52742	0.797851
0.661979	0.196096	2.93698
0.66695	1.27574	0.80035
0.370605	1.89823	1.07443
0.335235	0.150221	4.24458
0.362514	1.62592	1.31796
0.141919	3.51122	0.751504
1.23361	0.556222	0.362331
1.83242	0.144771	0.333508
1.52897	0.249764	0.417178
1.61153	0.171037	1.02619
0.314441	0.14676	4.53609
0.836377	0.504789	1.68331
1.21659	0.422942	0.884759
1.30509	0.173626	1.36302
0.791184	0.44276	1.88214
0.787194	1.13199	0.468241
0.26709	2.50509	0.614338
0.139092	3.6991	0.406194
1.08746	0.337035	1.38345
0.313127	0.147558	4.53645
0.64087	1.38427	0.715947
0.962079	0.337212	2.04733
1.7847	0.154267	0.454471
0.75008	0.524339	1.84139
0.427777	1.16149	1.57311
0.195288	2.5062	1.73662
0.140643	2.9725	1.33921
0.172015	2.87627	1.373
0.514921	0.939607	2.19304
0.532563	0.62486	2.59176
0.952749	0.635486	1.20495
0.273792	0.164837	4.79379
0.253587	2.3722	0.956079
0.279338	0.161549	4.79342
0.437958	1.87307	0.352874
0.250117	2.76387	0.150526
0.764993	1.26377	0.153797
1.07289	0.352352	1.42096
0.720456	0.453581	2.5472
0.1388	3.89827	0.190386
0.351908	1.24281	2.18148
1.54774	0.221218	0.784815
1.07094	0.821529	0.192277
0.139001	3.84502	0.22995
0.219898	0.161463	4.98713
0.368517	2.09976	0.279751
1.50224	0.342491	0.273175
0.144375	3.48123	0.816541
1.25652	0.342599	1.09872
0.345576	0.145876	4.24352
1.67829	0.176084	0.648437
0.389811	0.140447	3.97506
0.703263	0.41832	2.59671
0.807937	0.593947	1.76838
0.719935	0.886668	1.01275
0.798078	0.344058	2.40233
1.13748	0.696167	0.253401
1.75313	0.190473	0.995722
0.142323	3.94556	0.171232
0.260177	0.196807	5.02265
0.595275	0.853001	1.71735
1.27133	0.199685	1.81453
0.308067	0.248067	4.81598
0.188178	3.58687	0.741019
0.194882	2.81318	1.40903
0.278611	2.4955	0.911288
0.253263	2.67336	1.62
0.36647	2.14486	0.842468
0.449262	2.04663	0.376093
0.574772	0.836374	1.92961
1.6562	0.247632	0.480579
0.196377	3.78345	0.42357
0.718906	0.204656	3.16169
0.369022	0.207455	4.37328
0.276489	2.40926	1.13252
0.189525	3.48478	0.940528
0.300759	2.44273	0.793626
0.194148	3.54659	0.836311
1.28433	0.244514	1.56528
0.864349	1.057	0.363153
0.950124	0.779374	1.25622
0.344215	2.23843	0.699779
0.426478	2.02408	0.512694
0.539178	1.87589	0.236835
0.283533	2.58338	0.610477
0.290659	2.57467	0.662124
0.563021	0.245963	3.74614
0.699535	1.099	1.00444
0.784933	0.949286	0.974114
1.1069	0.253471	2.18889
0.411574	1.83974	1.02581
1.11937	0.349685	1.47304
1.12618	0.749477	0.496635
0.793856	0.502848	2.26672
0.777663	1.2211	0.557371
1.25431	0.212197	1.95669
1.24695	0.479286	0.818442
1.04163	0.663912	1.1585
1.14345	0.903007	0.253201
0.663769	1.14019	1.24285
0.487864	1.6758	0.740223
0.684085	0.830013	1.39837
0.49946	1.44105	1.38371
0.195708	2.75577	1.43372
0.960059	0.355022	2.08733
1.30324	0.553981	0.406444
0.692573	0.26076	3.04503
0.610829	1.62028	0.678583
0.386551	0.233769	4.12429
0.977838	0.254615	2.30175
0.608132	0.298082	3.11237
0.44688	1.51605	1.42441
0.841148	0.417949	2.3283
0.740078	1.02101	1.02513
0.649751	1.54861	0.262014
0.411439	1.35304	1.43859
0.634915	1.40508	0.699321
0.49834	1.90325	0.383844
0.202769	3.44687	1.04617
0.329837	0.201278	4.77447
1.55654	0.377793	0.237524
1.15702	0.596111	0.58217
1.20843	0.595072	0.321978
0.293436	2.33447	1.08482
1.38675	0.226912	1.40106
1.5193	0.264079	1.30127
1.18087	0.682132	0.549164
0.200063	3.28368	1.27321
0.356403	2.28287	0.600779
0.50822	1.94416	0.2124
0.952946	0.896525	0.730396
0.545387	1.48457	1.0325
0.820934	0.997211	0.595
0.8019	1.17302	0.28733
0.330679	2.30532	0.700463
0.406277	0.20366	4.19953
0.352264	2.36984	0.44073
0.798044	0.227272	2.80398
0.351033	2.35667	0.632458
0.32648	1.99496	1.37181
0.609165	1.24973	1.27565
1.77569	0.236861	0.297128
0.552963	1.80949	0.209397
0.383897	1.98768	0.986017
0.582198	1.75757	0.205115
1.1361	0.691926	0.557633
1.19471	0.547019	0.590771
0.522046	1.32737	1.4679
1.09623	0.96545	0.252677
0.356629	2.15345	0.763738
0.545112	1.76587	0.263578
1.00936	0.637992	1.38674
0.488858	1.60558	1.09366
1.56484	0.266583	0.644612
1.50144	0.342845	0.564415
0.401441	1.79816	1.33882
0.965619	0.352096	2.14367
1.09234	0.493389	1.44231
0.410841	0.197457	4.19824
1.3196	0.456247	0.519516
0.436134	1.54648	1.37323
0.770334	0.478046	2.34184
1.24676	0.538216	0.586963
0.301279	1.66745	2.01502
0.345828	0.292635	4.0819
0.553664	1.46211	1.12903
0.615695	1.63966	0.400774
0.486214	0.971518	2.14216
0.500675	1.02296	1.93496
0.470538	1.42748	1.42558
0.95961	0.979987	0.3279
0.819633	0.501891	1.98047
1.52384	0.246848	1.23395
0.644934	0.321888	2.90651
0.609225	0.791873	1.83291
1.31243	0.396508	1.10252
0.796134	0.758208	1.51751
0.313499	2.27294	1.27788
0.494159	1.54831	1.32221
1.09805	0.703315	0.664516
0.206749	3.71484	0.55821
0.408243	1.28883	1.68271
0.518603	1.81324	0.484772
0.234263	2.68399	1.56457
0.314218	0.258188	4.68937
0.607341	1.50747	0.944333
1.14373	0.662929	0.642479
0.255259	2.68355	1.61143
0.543009	1.43883	1.19069
0.907283	0.260172	2.62833
0.42207	1.16297	2.25332
0.787525	1.08425	0.938943
0.879593	0.390372	2.17134
0.24451	2.43143	2.03833
0.335201	2.10657	1.28705
1.03917	0.361258	1.70412
0.782148	1.1265	0.730223
0.404683	1.77046	1.38881
0.344101	2.21335	1.0017
0.929575	0.9491	0.52433
0.741135	0.492252	2.55365
1.22583	0.600913	0.517881
0.657018	1.10308	1.35444
0.874762	0.474006	1.85686
1.58753	0.343178	0.34613
0.920849	0.328056	2.29656
0.319736	2.73695	0.254111
0.527991	1.8504	0.254698
0.24451	2.43143	2.03833
1.00568	0.373832	1.72555
0.835624	0.509114	1.8543
1.09487	0.849132	0.418146
0.218129	2.57174	1.68417
1.11845	0.555761	1.17251
1.16442	0.288856	1.74064
0.858114	1.04789	0.595296
0.38391	2.48197	0.238867
0.379142	1.58685	1.40985
0.534819	1.17048	1.62217
1.18178	0.681019	0.394491
1.04917	0.367073	1.63567
0.434237	0.183216	4.02939
0.409946	0.979036	2.80179
0.456636	0.915	3.00884
0.263659	1.98562	1.41035
0.317896	1.67217	1.95892
0.381165	0.894148	3.44308
1.49582	0.390248	0.257252
0.372754	2.19109	0.678782
0.396019	0.860812	3.29697
1.55106	0.328193	0.376397
0.387308	0.703099	3.90955
0.410864	0.822137	3.36278
0.181488	3.94558	0.230291
0.835836	0.401864	2.47737
0.796298	1.18982	0.473946
0.38895	2.33703	0.223631
1.58364	0.320331	0.251235
1.70731	0.20112	1.01924
1.42326	0.25713	1.33286
0.455461	1.97936	0.415367
0.551962	1.72484	0.31713
0.503703	1.55087	0.935269
0.311875	2.38998	1.09263
0.195623	3.74481	0.479506
0.316343	2.46819	0.884026
0.87702	0.558926	1.59553
0.5407	1.46676	1.1453
0.183788	3.78638	0.38949
1.07782	0.638091	1.06735
0.198579	2.74135	1.44672
0.200416	3.5379	0.871374
1.38127	0.363246	0.722302
1.69007	0.218797	0.636952
0.188822	3.23388	1.29947
0.440756	2.09745	0.302749
1.34429	0.434426	0.577743
0.905533	0.720551	1.3056
0.327683	1.79994	1.61773
0.420494	1.23638	1.57777
0.968204	0.763938	0.861559
0.188837	3.20905	1.31974
0.524192	1.75547	0.412541
0.529495	1.77105	0.351358
1.29723	0.408565	1.16237
0.307602	2.52021	0.681409
0.927756	0.386713	2.01587
0.673761	0.474627	2.84464
0.293014	2.80694	0.215924
0.292448	2.71239	0.312819
0.706292	1.51207	0.484397
1.37939	0.331639	0.957855
0.48891	1.83307	0.541756
1.75249	0.262216	0.256916
0.658842	1.5378	0.403477
1.02126	0.474281	1.54109
0.187116	3.68289	0.559904
0.430589	1.05886	2.71284
0.393201	2.07189	0.522772
0.951893	0.531595	1.42765
0.76019	0.640403	1.8583
0.747577	1.34665	0.236615
0.286342	2.57834	0.587775
0.721736	0.682523	1.85352
0.423865	0.793127	3.36178
0.196497	3.61108	0.718866
0.48159	2.03042	0.315404
1.05032	0.558585	1.27254
0.45827	2.13597	0.183519
1.49342	0.294473	0.810107
0.408489	0.737719	3.5827
0.612065	1.37093	1.17947
0.265686	2.04231	1.39729
0.293014	2.80694	0.215924
0.496883	1.36985	1.36822
0.28293	2.49547	0.81513
0.408489	0.737719	3.5827
1.24454	0.681785	0.202234
0.399876	0.714769	3.79223
1.3261	0.344117	1.2205
0.280286	2.41845	1.02714
0.396132	0.78735	3.76185
1.46919	0.398633	0.256733
0.438683	1.48434	1.44574
0.236252	2.69865	1.5525
0.306139	2.15725	1.37904
1.37856	0.532172	0.399502
0.620412	0.796249	2.16483
1.29262	0.627747	0.288867
0.588571	1.10088	1.59789
1.1498	0.763925	0.301962
0.38595	0.824768	3.22541
0.365026	0.874836	3.22131
1.52677	0.268477	1.1581
0.252489	2.29993	2.33394
0.698563	1.04805	1.31377
0.513325	1.55049	1.26912
0.39751	0.251296	3.98209
0.889619	0.479844	1.69058
0.418951	0.954326	2.73042
0.390549	0.914728	2.94265
0.396852	0.236163	4.09335
1.46381	0.409338	0.366719
0.668078	1.26219	0.915811
0.721384	1.30452	0.479711
0.537304	1.93257	0.270329
0.609949	0.330278	2.99894
1.4429	0.373405	0.677647
0.404398	0.249085	4.00079
0.404274	0.746079	3.5181
0.930978	0.419001	1.9113
0.682115	1.22216	0.957294
0.389282	1.17396	2.51634
0.416089	1.41334	1.46974
0.481527	1.67947	1.21899
1.05335	0.661389	1.02449
1.02929	0.704387	0.818415
0.490031	1.49411	1.35226
1.33154	0.59846	0.241123
0.495613	1.14866	1.76785
0.631881	0.788123	2.00393
0.301024	2.25679	1.32928
1.27351	0.462452	0.996735
0.366836	0.791024	3.48263
0.961008	0.443162	1.60613
0.842755	1.27381	0.221766
0.662752	0.300422	3.11139
1.21157	0.653252	0.392877
1.03744	0.245551	2.51015
1.0982	0.373565	1.45793
1.40335	0.488491	0.274763
1.2252	0.68177	0.284647
0.581791	0.377777	3.04064
0.388375	0.900101	3.00879
0.981668	0.388866	1.77471
1.13614	0.403733	1.42394
1.172	0.432615	1.41711
0.693975	1.18136	1.03496
0.764762	1.22472	0.452378
0.739484	0.591886	2.48115
1.1881	0.476822	1.22754
1.36415	0.449884	0.721031
1.13085	0.749679	0.331105
