0.164776	3.46017	0.915518
2.01665	0.161183	0.171658
0.171704	4.17036	0.171704
0.179665	0.179665	6.17967
0.535369	1.81583	0.158425
0.179665	0.179665	6.17967
0.372436	0.189966	4.38587
0.487335	1.85961	0.451661
0.569181	0.567516	2.87561
0.287901	0.185316	4.97415
0.68061	0.265409	3.17085
0.281358	2.71836	0.401393
0.297292	2.94708	0.208697
0.901056	0.885097	0.671413
0.978938	0.819174	1.2342
1.82329	0.199771	0.165898
1.10004	0.841073	0.504414
1.79358	0.193317	0.486516
0.918791	0.385074	2.03823
0.324525	2.77553	0.229061
1.89962	0.187202	0.259361
0.398718	0.196007	4.14405
0.176442	3.59538	0.69049
0.346487	2.0889	1.15047
1.68033	0.246352	0.410088
0.444714	2.03187	0.26806
1.46068	0.352918	0.563246
0.615704	1.62931	0.289909
0.190143	3.78761	0.402816
0.304539	2.61334	0.382568
1.60872	0.271429	0.553381
0.348122	0.203396	4.62768
0.514937	1.50621	1.17851
0.299416	2.66425	0.281759
0.415332	0.190976	4.02109
0.471124	1.55359	1.26489
0.510439	0.434559	3.44195
0.5741	0.295152	3.64326
1.13771	0.181014	2.36273
0.182786	3.93631	0.238096
0.183366	3.84335	0.31911
0.933675	0.347966	2.32374
0.585596	0.486685	2.85087
0.186798	2.87644	1.3887
0.667757	0.940954	1.39043
0.696463	1.09757	0.996434
0.171644	4.0108	0.187686
0.660515	0.538135	2.64041
0.508774	0.999224	1.88426
0.781467	0.585105	2.14005
1.76037	0.222512	0.23186
0.439899	1.73622	1.21082
0.330507	2.13724	1.14603
1.64712	0.227529	0.766301
1.55508	0.245611	1.08441
1.06204	0.712762	0.692984
1.9818	0.17439	0.159524
0.891532	0.472879	1.80067
0.405818	1.20546	1.675
0.48105	0.452913	3.73133
1.86905	0.178119	0.344091
0.502705	1.92171	0.407507
0.708859	1.04688	1.2788
1.40925	0.379293	0.638368
0.590644	0.490772	2.69251
0.383545	0.198558	4.32829
0.883353	0.787866	1.46298
0.860925	0.635091	1.5764
1.86151	0.193862	0.203885
1.53845	0.271815	0.895
0.272111	2.5451	0.818627
0.496898	1.68748	0.752454
0.396748	1.98545	0.621989
0.473668	0.405162	3.79881
0.955739	0.527217	1.75318
0.525444	0.396643	3.32265
1.73013	0.248153	0.276639
0.600954	0.324309	3.28391
1.58281	0.280094	0.739427
0.795494	0.968653	0.857184
1.03365	0.281544	2.08962
0.189542	3.72917	0.488612
0.851232	0.629106	1.62233
0.270163	2.51682	0.892404
0.17106	4.09776	0.172617
0.678366	0.392103	2.76788
1.93165	0.193564	0.166859
0.393392	0.187243	4.20361
2.05693	0.16332	0.162468
0.429613	1.77575	1.05051
0.366048	2.27014	0.615631
0.81784	0.451184	2.27835
0.394121	0.221046	4.03854
0.814713	0.651711	1.71309
0.339079	2.15807	1.11864
0.286661	2.36358	1.2065
0.736196	0.586088	2.40313
0.521858	0.849758	2.18092
0.837395	0.749675	1.48443
0.177094	3.99124	0.201581
0.197709	3.58023	0.781738
1.21776	0.376864	1.32774
1.48525	0.308282	0.71493
0.257797	2.17785	1.3901
0.419674	1.33222	1.41846
0.813203	0.768061	1.48973
0.713913	1.34061	0.544238
1.21337	0.852508	0.294919
0.770035	1.0668	0.796692
0.878567	0.492923	1.85078
0.18582	3.13875	1.35675
0.301052	2.25095	1.29476
0.288674	2.58921	0.755576
1.74631	0.255725	0.222739
0.636574	0.185647	3.6676
1.65745	0.199969	0.655483
1.05705	0.250774	2.2528
0.359545	0.211369	4.26392
0.275473	2.4776	0.869088
0.328341	0.199043	4.72013
0.826361	0.205329	2.59524
0.171746	4.17012	0.171746
1.31814	0.492548	0.328395
0.758589	1.41674	0.196908
0.663777	1.2528	0.954243
0.313917	2.48911	0.744781
0.274849	2.44152	0.97077
0.749003	1.11347	0.892731
2.02638	0.169358	0.160912
0.771399	0.61872	1.98849
0.775227	1.15657	0.60251
0.732418	0.280416	2.74007
0.955415	0.309638	2.44584
0.466393	1.74599	0.882882
0.302721	2.20918	1.35663
0.871348	0.677287	1.48476
0.274285	2.39135	1.1021
2.04683	0.164735	0.158789
0.459322	1.43418	1.35768
0.455838	1.95534	0.32694
0.506725	0.986439	1.9916
0.79052	0.966667	0.999944
1.16383	0.630405	0.494495
1.92906	0.185912	0.183362
0.446214	1.25478	1.67021
0.44776	1.37719	1.40149
0.381848	0.20052	4.26392
0.506403	1.46654	1.30136
1.08012	0.263399	1.77943
1.18068	0.507707	0.827537
1.38473	0.340637	0.710484
2.02614	0.17006	0.162918
0.180658	0.180658	6.18066
0.161851	4.11959	0.162151
0.239075	0.190945	5.04825
0.180658	0.180658	6.18066
0.170656	2.86979	1.37192
0.175737	2.68085	1.45135
1.09646	0.687363	0.781834
0.187313	3.53932	0.830314
0.598842	0.188968	3.60442
0.482201	0.4122	3.41911
1.79973	0.221135	0.205686
0.213966	2.62812	1.58861
0.817743	0.451434	2.61633
0.982923	0.216199	2.42322
0.832667	0.999387	0.446862
0.314521	0.197745	4.71206
0.696515	1.29805	0.666296
0.458087	0.204257	3.84627
0.891209	0.308024	2.51943
0.580578	0.247478	3.71999
0.556317	0.187126	3.73695
0.170382	2.97323	1.37011
0.223035	2.34126	2.16316
0.303737	0.189708	4.85334
0.635534	1.53412	0.366394
1.71025	0.190205	0.796132
1.74885	0.222394	0.24816
0.169154	3.13851	1.33221
1.48283	0.30886	0.606775
0.322483	0.201302	4.66044
0.333967	2.46681	0.190813
0.272528	0.204018	4.97673
0.228464	2.61284	1.64564
0.50028	0.956563	1.86376
0.176745	3.50065	0.873699
0.376848	0.186052	4.15046
0.474465	1.14837	1.79163
0.713974	0.919248	1.41565
0.355761	1.85057	1.26248
0.166929	3.99898	0.185141
0.506128	1.45748	1.05821
0.92848	0.315526	2.38826
1.44227	0.266151	0.995436
0.28887	0.202744	4.87509
0.508047	1.23255	1.57628
0.680405	0.193954	3.21944
0.174523	3.88206	0.264163
0.623556	1.35956	0.905498
1.12941	0.649411	0.301172
1.38669	0.280682	1.0462
0.169893	3.06695	1.35941
0.281617	2.3137	0.832019
0.852577	0.439619	2.07891
0.641537	1.3143	0.913039
0.808113	1.03077	0.868232
0.432337	2.19679	0.254936
0.598577	0.299128	3.30178
0.241171	1.74786	1.78256
0.901058	0.327933	2.40509
0.382277	0.200686	4.04871
0.395537	2.11421	0.276538
0.801941	0.573196	1.73526
0.588532	0.279856	3.47661
0.759141	0.199793	2.71043
0.17266	3.58979	0.690166
0.171925	3.64052	0.593254
0.184816	3.76178	0.426561
0.32218	2.55445	0.232516
1.0753	0.323988	1.61058
0.798735	0.828984	1.08434
0.348669	0.201324	4.42622
0.335485	0.225741	4.01722
0.617176	0.330551	2.94522
0.454753	1.10301	2.00017
0.752428	0.241465	2.83825
0.175737	3.25933	1.24891
0.496941	0.949912	1.89626
1.23926	0.59083	0.210938
0.174549	3.67615	0.537197
1.87426	0.207131	0.199585
1.18788	0.217747	1.67662
0.351817	0.180941	4.52306
0.467816	1.78798	0.390178
0.262592	2.43164	0.952589
0.740186	0.53212	2.12799
0.675211	0.294618	2.85396
1.74004	0.20416	0.531016
0.182139	3.72417	0.477352
0.172999	3.31329	1.17778
0.339212	0.195569	4.46633
0.17361	4.05196	0.180645
1.32212	0.314518	1.12251
0.331767	2.38706	0.278775
0.42746	2.0883	0.370731
1.06828	0.295167	1.93986
0.681698	1.12853	0.735961
0.181695	3.37884	1.10322
0.252886	2.22935	1.30953
1.69034	0.249051	0.318278
0.49478	1.58581	0.688306
0.862401	0.726824	1.43643
0.255463	2.24612	1.29468
0.94087	0.608933	1.22407
0.41276	1.0532	2.01767
1.29492	0.465236	0.738369
1.96915	0.176847	0.188188
0.356944	0.19197	4.17963
0.439466	1.70197	0.996341
1.91359	0.171242	0.239583
2.01795	0.170834	0.164146
1.15543	0.421484	1.05234
0.170382	3.81392	0.324596
0.73364	0.874219	1.3886
1.82184	0.203388	0.246716
1.61467	0.211311	1.0906
0.95619	0.239902	2.30804
1.5206	0.334536	0.370131
0.605067	1.67391	0.178425
0.5411	1.63424	0.273093
0.351557	0.205661	4.35154
1.42256	0.391458	0.374218
0.178748	3.80308	0.356152
0.324949	1.62191	2.239
1.05704	0.206878	2.18564
1.57559	0.240503	0.91923
0.78627	0.501973	1.97027
1.21323	0.468983	0.714904
0.173463	3.9501	0.215182
0.17734	3.42782	1.00959
0.725444	0.304493	2.76734
0.543245	0.415843	2.9549
0.84539	0.402447	2.26364
0.361228	0.186887	4.31748
0.271291	2.41672	0.973775
1.0157	0.779137	0.573739
1.28529	0.274942	1.36592
0.183659	3.18494	1.32796
0.602649	1.18112	1.46983
1.36357	0.364205	0.722804
0.171739	4.0871	0.17413
0.333757	1.90431	1.53677
0.995549	0.783586	0.884146
0.175107	3.92423	0.233282
1.35165	0.312378	1.15653
0.549266	1.43224	1.02452
0.65599	1.26236	0.884313
0.268006	2.5587	0.553266
0.404674	1.27009	2.23477
0.29887	2.03351	1.44454
1.00314	0.242752	2.05924
0.170872	3.01018	1.36893
0.475475	1.55098	1.32316
1.5343	0.355932	0.173213
0.277995	2.19785	1.28089
1.85194	0.173403	0.389924
0.526859	1.26711	1.54316
1.66025	0.2375	0.421084
1.04988	0.748511	0.580308
1.49992	0.248844	1.06138
0.334285	1.93056	1.26771
0.416104	1.99403	0.606066
0.386028	2.05323	0.56731
1.50744	0.291026	0.504996
0.415128	1.99079	0.614408
1.1179	0.617631	0.468627
0.603598	0.513654	2.73365
1.56664	0.317768	0.292209
1.21561	0.243588	1.40001
0.180496	3.20066	1.31143
1.00901	0.359535	1.76281
1.94058	0.18337	0.181863
1.40517	0.287596	0.943185
1.63099	0.23485	0.553689
1.13233	0.53719	0.69124
0.545568	1.72609	0.240916
1.17754	0.289972	1.46784
1.59312	0.249253	0.889779
1.55321	0.315288	0.326531
0.168834	3.35042	1.11449
0.169194	3.03889	1.36388
1.43329	0.286724	0.706242
1.95136	0.182219	0.214178
1.25308	0.419029	1.11309
0.354069	0.215619	4.2596
1.6365	0.210518	1.00819
0.657385	1.57962	0.261382
0.343904	0.186902	4.39974
0.186591	3.43984	1.01396
0.256021	0.190912	5.01935
0.339884	0.205086	4.59355
0.695867	0.21224	3.54632
0.751289	0.806347	1.77735
0.326354	0.197871	4.84144
1.18312	0.639367	0.421841
0.919599	0.294674	2.478
0.524114	1.52227	1.03359
0.380264	2.13874	0.857451
0.371672	1.93478	1.04369
0.822635	0.22478	2.78975
1.85892	0.243219	0.195202
0.702433	0.888769	1.60908
0.415177	1.08987	2.30611
0.636581	0.237703	3.28207
0.573865	1.61087	0.366073
0.312351	0.191092	4.93891
0.975701	0.334525	2.05569
0.22817	2.39604	2.06283
1.15202	0.231953	2.18863
0.219427	2.57108	1.68873
0.664173	0.226932	3.39467
0.894849	0.33289	2.42121
1.0021	0.236572	2.55966
0.464958	1.89521	0.723067
0.42655	1.14253	2.25192
0.681415	0.495275	2.72834
0.75989	1.33562	0.219926
0.871426	1.0304	0.31729
0.578513	0.42755	3.0426
0.850716	0.998732	0.712909
0.53338	1.65558	0.650508
0.565069	1.76943	0.23932
0.314495	2.30823	1.07071
0.724296	0.919614	1.53545
1.65876	0.363574	0.216962
0.621721	0.787406	2.10438
0.476375	0.46563	3.64304
0.243053	0.192888	5.01791
0.332893	2.62632	0.225749
0.404449	0.208359	4.12793
0.67529	0.22441	3.29985
0.840178	0.242664	2.65924
0.988178	0.943556	0.223071
1.76621	0.22216	0.534397
0.301045	2.25637	1.16153
1.48703	0.363831	0.505703
0.508412	1.19363	1.63911
0.803599	0.570448	1.73521
0.455673	2.08962	0.331835
1.21401	0.376747	1.40474
0.624069	1.48838	0.545695
0.68579	0.709905	2.12397
0.496756	0.22794	3.83493
0.323768	2.81305	0.252575
0.458055	0.480006	3.63771
0.536961	1.72456	0.335185
0.434867	0.217176	4.01538
0.353755	2.36514	0.609013
0.315535	2.72501	0.331821
0.959764	0.73744	0.931252
0.36759	0.252728	4.14252
0.446588	0.203219	4.00695
0.587564	1.30436	1.28873
1.30946	0.533016	0.43252
0.858347	0.574139	1.73008
0.228866	2.65279	1.59062
1.08818	0.609563	1.10643
1.16907	0.679238	0.333215
0.777497	1.16639	0.406823
1.29089	0.334053	1.261
0.286796	2.50563	0.962342
1.04401	0.308261	1.82
0.794168	1.05122	1.11794
0.489284	1.12296	1.96427
0.535283	1.69886	0.620008
0.714629	0.239403	2.99181
0.627346	1.2298	1.21701
0.433546	0.255261	3.92081
1.34583	0.345608	1.11486
0.487593	1.13349	1.86996
1.36771	0.331919	1.06394
0.440892	1.14738	1.90268
0.352007	2.33718	0.692092
1.33452	0.410488	0.925721
0.887886	0.284448	2.62424
0.192265	3.23835	1.30201
0.652159	1.40412	0.500998
0.295272	2.87174	0.225875
0.299261	2.46448	0.614235
0.307471	2.68962	0.369828
0.57682	0.29961	3.39188
1.09396	0.281114	1.69426
1.37415	0.394722	0.799331
0.187911	3.87788	0.293315
1.60092	0.27903	0.783473
0.439681	0.246294	3.91756
0.940497	0.239215	2.59966
1.0701	0.589533	1.33922
1.52907	0.360722	0.518056
1.07794	0.767397	0.426254
0.198649	3.63611	0.677623
0.931649	0.890419	0.756799
1.25701	0.394685	1.28417
0.326354	0.197871	4.84144
1.11464	0.455009	1.30701
0.771862	0.746257	1.69296
0.716878	1.27867	0.539856
1.11066	0.50373	1.23994
0.82818	0.971254	0.931316
0.806427	1.06908	0.69166
0.51442	1.51648	1.14921
0.422474	1.8418	1.40606
0.78761	0.957833	1.429
1.03484	0.709254	0.656732
0.312691	2.84916	0.218512
0.643094	0.301063	2.87457
0.665943	1.3932	0.541594
0.334396	2.0402	1.42095
1.13878	0.604289	0.774804
1.16822	0.302132	1.56569
0.286796	2.50563	0.962342
0.23252	2.53981	1.78059
0.54885	1.71908	0.39371
0.164776	3.46017	0.915518
2.11259	0.154724	0.154232
2.01272	0.154655	0.194354
1.41973	0.424237	0.153443
0.229503	0.181774	5.06039
0.322411	0.19511	4.84154
1.68171	0.262122	0.242668
0.179208	3.27912	1.23429
0.172491	4.08808	0.174863
0.17833	3.98835	0.204435
1.74758	0.212375	0.345013
0.207163	2.33459	2.12797
0.281814	0.183522	4.96762
0.785177	0.193218	3.10313
0.27995	2.84315	0.183603
0.61504	0.323395	2.9282
0.182837	3.53176	0.831795
0.600602	0.193573	3.7649
0.474976	1.82545	0.589228
0.337181	0.18148	4.65899
0.958217	0.221172	2.53978
0.706783	1.12283	0.839924
1.81485	0.217757	0.232067
1.52592	0.332183	0.368734
1.35448	0.410198	0.677902
0.312505	2.53016	0.458578
0.175439	3.33744	1.15005
0.908741	0.239786	2.60282
1.96621	0.169837	0.163597
0.853776	0.249499	2.64773
0.885557	0.812029	0.947358
0.175455	3.58311	0.711088
0.578096	1.35324	0.978993
0.652378	0.219707	3.24664
0.335651	0.211292	4.12897
0.173675	3.19184	1.3061
0.378307	1.85599	0.866512
1.78195	0.179109	0.269885
1.0144	0.404619	1.6217
1.11407	0.246317	1.86613
1.29455	0.617096	0.278751
0.695112	0.214121	3.48969
0.354835	0.195101	4.35392
0.175536	3.69474	0.508166
0.524658	0.224908	3.83007
0.755578	0.267856	2.7451
0.333274	0.204731	4.43943
0.795002	0.481636	1.75085
0.174061	3.02182	1.37139
0.535861	0.776289	2.05062
0.509855	0.728709	2.43345
0.45466	0.20986	3.90206
0.923543	0.460965	1.91187
0.368169	2.57355	0.397202
0.383337	2.09025	0.532262
0.421012	1.01748	2.20987
0.438666	1.09817	1.77102
0.306747	2.32009	0.914154
0.555391	0.823857	1.98081
0.216655	2.79003	1.44786
0.614589	0.270292	3.38667
1.57026	0.322898	0.155235
0.576875	0.262061	3.68768
0.685314	0.23206	2.83798
1.32207	0.422913	0.537343
0.693043	1.19051	1.21833
0.412674	1.92782	0.572519
1.94221	0.163964	0.199073
0.38783	0.161427	3.9976
0.393025	1.0839	2.17489
1.15351	0.452615	1.20265
0.173724	3.93287	0.225511
0.275794	2.47162	0.855857
0.834584	0.931468	0.861194
2.07447	0.155237	0.15821
1.90247	0.1682	0.225653
0.566389	1.42033	0.713765
2.00373	0.160445	0.158491
0.329236	2.18032	1.18516
0.347109	0.20996	4.29775
1.61616	0.287031	0.255289
0.457199	1.52189	1.35165
0.627384	0.889613	1.68494
0.417309	2.15933	0.275384
2.04206	0.154875	0.17095
0.667296	1.2393	0.641942
0.32338	0.209623	4.54325
0.17445	3.0023	1.37326
0.233715	2.17073	2.49215
1.40397	0.389261	0.410417
0.873548	0.975487	0.542708
0.605745	0.203858	3.62569
0.635837	0.251641	3.52877
0.744233	0.202624	3.10754
0.515534	1.77019	0.351956
1.02478	0.503123	1.40926
0.262116	2.39495	1.02179
0.255158	1.71148	1.84449
0.816209	0.908711	1.15691
0.569526	1.34759	1.06623
0.284925	1.57393	2.30056
0.365283	1.45687	1.46768
0.328892	0.183099	4.65803
0.632816	0.260394	3.38704
0.674482	0.22354	3.20786
0.439799	2.25318	0.217124
0.383685	0.165573	4.18452
0.760151	0.230695	2.85938
0.332583	2.37655	0.563045
1.21697	0.530463	0.65413
1.75644	0.200212	0.483168
0.365909	0.189977	4.24539
0.504866	1.04426	1.66472
0.480728	1.39026	1.33459
1.38063	0.451953	0.467341
0.396396	0.157931	3.99737
1.91894	0.19806	0.180935
1.59423	0.241823	0.773995
1.25706	0.204389	1.74372
0.607965	0.218364	3.56841
1.06436	0.23703	2.05218
2.10679	0.157576	0.156911
1.14102	0.571701	0.661555
0.208219	2.76015	1.45081
0.196101	2.24584	2.27322
1.03712	0.696603	0.668262
1.50997	0.387598	0.207716
0.190571	2.44529	1.84176
1.44733	0.206144	1.39307
0.180966	3.88719	0.271733
0.947064	1.15852	0.276874
0.931434	0.377918	2.25471
0.73904	1.2718	0.210087
0.75023	1.05564	0.512344
0.178441	3.7506	0.427255
1.19532	0.248218	1.52797
0.663144	0.938849	1.39924
0.190333	2.65983	1.49911
0.167679	3.39434	1.04097
0.333446	0.202601	4.53317
0.40312	2.02201	0.533602
0.668155	0.292227	2.92028
0.309065	2.41508	0.620727
1.01131	0.536883	1.51537
1.23681	0.398435	1.05723
0.818832	0.227631	2.68127
1.08189	0.863149	0.417793
0.775961	1.31933	0.180917
1.04713	0.205727	2.3566
1.37026	0.360049	0.886053
0.272085	2.63075	0.40596
1.87307	0.218703	0.186835
0.186725	3.81201	0.362935
0.277979	2.62059	0.44832
2.05822	0.155077	0.163408
0.562498	1.47193	0.749575
0.376906	1.62544	1.36354
1.17769	0.587021	0.444096
0.451924	1.58304	1.04578
0.164776	3.46017	0.915518
0.689324	0.317568	2.69699
0.428581	1.99166	0.332265
0.444351	1.75875	0.713445
1.84635	0.1651	0.323351
0.55625	0.650707	2.39587
0.44869	0.817239	2.47444
0.939387	0.313458	2.22001
1.65431	0.245784	0.295923
0.178642	3.78597	0.377998
1.06208	0.313098	1.7231
1.63458	0.306236	0.246812
0.482994	1.47443	1.15652
0.873548	0.975487	0.542708
1.30959	0.332294	1.12474
0.770171	0.913786	1.33624
1.65614	0.213551	0.32481
0.560164	1.72168	0.246914
1.1282	0.462565	1.40625
1.07566	0.526267	0.850404
1.87199	0.19613	0.21699
0.167539	3.85848	0.272033
0.326663	0.186193	4.87788
1.71979	0.28121	0.184293
0.23046	0.187761	5.06446
1.70575	0.224366	0.578936
1.35225	0.635341	0.243332
0.576559	1.48622	1.01776
0.266824	1.74255	1.84973
0.869382	1.06305	0.345484
0.481243	0.512657	3.69654
0.187137	2.89421	1.38799
0.50255	0.605609	3.37643
0.313855	2.6677	0.270733
0.65476	0.269195	3.45058
0.315919	2.83105	0.227484
0.491209	0.589619	3.51128
0.328261	0.215433	4.49482
0.562229	0.273153	3.55862
0.372429	1.82193	1.49853
0.192611	3.49897	0.922806
0.349776	0.220245	4.31075
0.712912	1.28395	0.731618
0.340517	0.195849	4.6669
1.76748	0.2077	0.576978
0.304547	2.74434	0.27422
0.18798	3.77932	0.409161
0.357002	1.09107	2.47066
0.474207	0.219203	3.86971
0.583999	1.34848	0.988577
0.456767	0.228561	3.95674
0.293453	2.34363	1.1855
0.416525	0.188337	4.09596
1.8151	0.214284	0.332607
0.449202	1.77748	0.829213
0.679999	0.264935	3.23876
0.607834	1.41894	0.610795
0.949573	0.287213	2.0711
1.0084	0.361023	1.96572
0.788096	0.827857	1.80992
0.379573	0.210247	4.10247
0.278041	0.194513	4.99092
1.41006	0.40534	0.464682
0.39126	0.963516	2.65066
0.918898	0.72976	1.46069
0.260311	1.67341	2.0481
0.285139	2.20594	1.38383
0.194853	3.23431	1.31033
0.895939	0.750375	1.54768
1.168	0.564025	0.887362
0.231264	2.55821	1.74338
0.507207	1.53835	1.16909
0.822885	0.263001	2.5608
0.546466	1.85151	0.185207
0.393683	1.40524	1.66996
0.402317	1.974	0.941262
0.25517	1.61319	2.22108
1.07903	0.61943	1.087
0.626141	0.501093	2.83504
1.31693	0.192481	1.53781
0.481529	2.03647	0.216892
1.1411	0.247837	1.72988
0.843897	1.04168	0.353396
1.10618	0.268999	1.92017
0.756861	0.263051	2.79664
0.480984	0.249952	3.81849
1.58648	0.351131	0.287621
1.44712	0.268499	1.25358
0.742722	0.24556	2.91723
0.411046	0.232867	3.95518
0.325038	2.17311	1.16905
0.563582	0.792897	2.31233
0.68344	0.277744	2.93569
1.07647	0.379239	1.60534
1.55625	0.275491	0.842697
1.38459	0.550574	0.240817
1.17078	0.322729	1.62408
0.317475	0.199311	4.76114
0.190162	3.42448	1.05046
0.310961	2.72902	0.30829
0.400802	2.60173	0.239103
0.191087	3.98542	0.223959
1.59694	0.257753	0.800222
0.981257	0.259279	2.34563
0.306799	0.193686	4.95988
0.694344	1.0247	1.30298
0.937808	0.619835	1.4672
1.85401	0.228383	0.199961
0.807164	0.443661	2.41808
0.521244	1.21935	1.40917
0.641402	0.271637	3.0166
0.663812	0.999649	1.36062
1.49472	0.394586	0.309275
0.796821	0.769297	1.79181
0.18604	3.11783	1.36541
0.191163	3.81182	0.373192
0.618598	1.10837	1.39214
0.258052	1.55908	2.38469
0.739895	0.952726	1.31043
0.192877	3.43861	1.03344
0.192751	3.58346	0.760977
1.74011	0.210585	0.514072
0.506201	0.667514	3.09576
0.563777	0.92317	1.98452
0.258598	1.71047	1.91814
0.312993	2.86966	0.207384
1.05532	0.233193	1.98898
0.354278	0.213219	4.2111
0.51596	1.64497	0.708265
1.03061	0.546554	1.3342
1.3757	0.299375	1.34026
1.24785	0.428553	1.16284
0.332494	0.215466	4.39645
0.388382	1.89787	1.03385
0.549793	1.57511	1.0312
1.21282	0.30553	1.38184
0.23046	0.187761	5.06446
0.630255	1.1986	1.25068
1.11572	0.417419	1.47009
0.607085	0.853177	1.74472
1.2978	0.461665	0.639245
1.01579	0.258867	2.22202
1.46898	0.258601	1.28884
0.328587	0.197185	4.66951
0.354278	0.213219	4.2111
0.817763	1.14468	0.55057
0.476912	1.60227	1.13806
1.04062	0.540832	1.45845
0.476637	1.96719	0.356924
0.332388	2.41452	0.452374
0.728979	1.25519	0.357076
1.06204	0.902205	0.237811
0.300857	0.209499	4.79498
0.669969	1.38631	0.785222
0.461938	2.06847	0.309705
1.12905	0.365315	1.51832
0.187786	3.73199	0.47954
0.36471	0.197633	4.469
0.309691	2.11662	1.41748
0.920274	0.307421	2.40254
1.51312	0.343387	0.526044
0.797657	0.886009	1.53995
0.812591	0.281693	2.60775
0.174946	3.6632	0.560964
0.247061	2.62825	1.66908
0.610989	0.288945	3.56364
0.820854	0.279299	2.78248
0.690109	1.40958	0.653786
0.404252	1.30069	1.76732
1.08264	0.334747	1.86465
0.912523	0.857908	1.35972
0.449632	1.75242	1.18738
1.22975	0.37087	1.38794
0.578898	1.59619	0.697802
1.39043	0.294204	1.36456
1.1109	0.364251	1.59022
1.36218	0.440852	0.897093
0.840661	1.02478	0.83284
1.04057	0.38281	1.78487
0.615147	1.55008	0.736061
0.401094	2.47048	0.326742
1.5875	0.244992	1.33371
0.581749	1.14493	1.49054
0.649133	0.89115	1.72147
1.26666	0.255886	1.56691
0.525849	1.50025	1.25886
0.871656	1.2543	0.336258
1.30837	0.576835	0.467064
1.72922	0.314628	0.228629
0.769819	1.1087	1.01261
0.672945	1.35332	0.834599
1.01261	0.625664	1.399
0.968957	0.517002	1.58679
0.588721	1.50964	0.813736
0.744597	1.06743	1.26494
0.381645	2.31616	0.586388
0.806442	0.42271	2.61299
0.371713	1.91985	1.43783
0.560191	1.68704	0.640439
0.532737	1.81682	0.359484
1.35528	0.340684	1.24349
0.705922	0.965663	1.47221
0.578355	1.64334	0.763478
0.816228	0.378593	2.67741
1.21103	0.248395	1.73545
1.12177	0.355162	1.5554
0.553112	0.289031	3.79679
1.11446	0.830481	0.345132
1.30282	0.602802	0.308317
1.43642	0.265803	1.48673
0.597535	1.65469	0.440606
0.180872	2.95154	1.38087
1.79616	0.233804	0.178417
0.263132	0.207603	5.03654
0.330997	0.19799	4.55466
1.32789	0.214799	1.39353
1.68652	0.220182	0.616015
0.371791	0.203902	4.28741
0.343904	0.186902	4.39974
0.237745	2.43575	2.00786
1.56848	0.264041	0.966083
0.936651	0.260744	2.5687
0.182621	3.77073	0.408341
0.621968	0.858414	1.78396
0.608566	0.31311	3.21409
0.220829	2.53466	1.75677
0.758016	1.31843	0.292285
0.758112	0.584794	2.26947
1.45103	0.363078	0.366356
0.517554	0.409226	3.75596
0.247941	2.1884	2.5019
0.315008	0.201239	4.77729
0.398153	0.689705	3.67918
0.407453	0.900605	2.87182
0.197237	2.36538	2.03133
0.200339	3.58332	0.783486
0.83657	0.968597	0.604283
1.75797	0.217198	0.298289
0.64828	0.946919	1.62312
1.479	0.303405	0.70522
0.970922	0.252122	2.40956
1.27238	0.391012	1.09722
0.5877	0.344186	3.37075
1.13461	0.461628	1.28187
0.869969	1.04734	0.524226
0.183098	3.87912	0.282899
0.707865	1.27191	0.420892
0.431601	0.808055	2.93144
0.194856	3.49237	0.941634
0.381998	0.203587	4.13905
0.190042	3.4101	1.07439
0.200947	2.71805	1.46698
0.366533	1.98391	1.08929
0.596376	0.509218	2.81244
1.51989	0.253768	0.969335
1.21776	0.610026	0.45434
0.410993	0.191256	4.16173
0.318623	0.209564	4.67977
0.349753	2.12677	0.897475
0.199427	2.67141	1.50565
0.819973	0.930495	0.902871
0.776246	1.07226	0.680934
1.64867	0.218785	0.790565
0.36708	2.04954	0.865346
0.555064	0.329584	3.57572
0.983186	0.668408	1.30399
0.455174	1.62338	1.24517
0.465596	1.46289	1.34447
0.612945	0.291905	3.44189
0.202723	2.76711	1.43843
1.04448	0.347927	1.40846
0.533378	0.37667	3.74868
0.345038	2.25233	1.17319
1.0161	0.380626	1.95022
0.299904	0.213425	4.85704
0.433765	1.82778	0.852558
0.496103	1.58114	1.04668
1.11102	0.639596	0.803119
0.803699	1.11462	0.395325
0.48484	1.54618	1.14735
0.293961	2.63061	0.51661
0.671852	0.338531	2.78814
1.50025	0.36155	0.500511
0.417012	1.18083	1.71696
0.653964	1.39485	0.660896
0.307786	2.15964	1.30711
0.747716	0.520814	2.67096
0.773846	0.523922	2.47864
1.05605	0.704767	1.22993
1.01689	0.777074	0.561537
1.30004	0.313822	1.29398
0.854672	1.19091	0.204868
1.83372	0.199254	0.419894
0.192926	3.31497	1.22139
1.32752	0.528593	0.217441
0.205955	2.29084	2.21453
1.59516	0.287197	0.387076
1.24802	0.50524	0.472673
0.721106	1.40887	0.18986
0.316341	0.223188	4.6868
0.192453	2.83429	1.40083
1.11954	0.255028	1.62561
0.892502	0.297356	2.60512
0.566342	0.498754	2.98346
1.30842	0.2424	1.53621
0.391455	1.87351	1.08626
0.192242	3.26995	1.27162
0.302892	2.84044	0.223471
1.42374	0.274485	0.981592
0.980896	0.501428	1.83409
0.572563	0.791973	2.09051
0.61057	1.49721	0.479913
1.78688	0.208551	0.353734
1.18889	0.592071	0.568231
0.735119	1.02228	0.965058
0.604196	0.301697	3.31732
0.629184	0.280481	3.44109
0.586648	0.744599	2.10756
0.946732	0.994566	0.409174
0.287904	0.196731	4.9314
0.443146	0.886278	2.70328
0.566311	0.429325	3.30943
0.348523	2.2208	0.706916
0.448184	1.93251	0.459865
0.48317	1.20583	1.47309
0.544539	1.80018	0.458654
1.16697	0.240964	1.70945
0.426511	0.932368	2.74085
1.08515	0.25499	1.865
1.16985	0.273855	1.55687
1.31961	0.394324	0.766619
0.287826	0.201532	4.93439
1.06938	0.772525	0.525018
0.477851	1.72315	0.817156
1.24105	0.270428	1.38905
0.333903	0.215135	4.35705
1.17109	0.430452	1.31338
0.951482	0.355481	2.06467
0.528585	1.5666	1.06602
0.398741	1.38227	1.7096
0.629036	0.872336	1.6667
1.517	0.257438	0.998029
1.21822	0.283202	1.42527
0.41265	0.865266	2.93287
1.60778	0.349428	0.224735
0.740128	1.01669	1.1017
1.96862	0.190058	0.180935
0.336373	2.0228	1.51648
0.339631	2.2673	0.710336
0.227193	2.55161	1.74384
1.19826	0.595666	0.512237
0.167539	3.85848	0.272033
2.02001	0.152359	0.146669
0.168378	4.11672	0.168925
2.05411	0.149531	0.146979
0.232649	2.42869	2.00696
0.272674	3.02018	0.191134
0.459667	2.07957	0.320556
0.340217	1.98516	1.03202
0.956665	0.996978	0.665277
0.401755	0.799337	3.4817
1.98096	0.162539	0.151308
0.205446	2.37787	2.03035
0.467121	0.226673	3.98194
1.88917	0.17237	0.237515
0.178402	3.13127	1.34936
0.289177	2.83943	0.336431
0.992581	0.550537	1.40952
0.177584	3.64058	0.609127
0.175394	4.06002	0.181405
1.25383	0.250572	1.73068
0.517511	1.76248	0.555379
0.695356	0.247223	3.14101
1.64461	0.22862	0.543323
1.48302	0.213006	1.3888
1.95445	0.167167	0.189996
0.922729	0.646351	1.7224
1.68748	0.178332	0.962211
1.06603	0.772126	0.298181
0.901619	0.849211	0.945249
0.483241	1.31266	1.4461
1.5038	0.329474	0.443138
0.885025	1.18912	0.377535
0.321981	1.38826	2.28342
1.76192	0.211256	0.605588
1.60539	0.214055	0.773361
0.215699	2.63781	1.57981
1.52913	0.239418	1.18918
0.349141	2.57833	0.379959
0.541606	1.23982	1.3917
1.11904	0.581656	0.833233
0.937248	0.649007	1.59471
0.798487	0.938955	0.750915
1.2683	0.630006	0.313913
0.178483	4.00575	0.198256
0.194491	3.5618	0.807935
1.44656	0.267993	1.35131
0.435067	1.10772	2.12696
0.177616	3.52154	0.836199
0.227242	2.65936	1.57859
1.85009	0.170658	0.302983
0.41179	0.781183	3.29802
1.043	0.725331	0.509026
1.31073	0.348308	0.897451
1.92502	0.169502	0.21645
0.625062	1.49086	0.870798
1.73438	0.232371	0.229942
0.667504	1.01454	1.23643
1.28587	0.262784	1.50013
0.216829	2.3257	2.17643
0.354492	2.13442	0.550823
0.180095	3.15074	1.34249
0.18717	3.30331	1.22297
0.866956	0.232984	2.66388
0.560932	0.871665	2.03766
0.472624	1.60962	1.1329
0.231623	2.16124	2.49943
0.223519	2.21769	2.39848
0.185187	3.23984	1.2872
1.13207	0.506247	1.14576
0.424529	1.89616	0.686447
0.445368	1.53264	1.36177
1.41511	0.294231	0.985817
0.85818	0.896077	1.00201
0.453338	1.06646	2.70716
0.523675	1.55247	0.939377
1.22068	0.3783	1.24935
1.7188	0.236667	0.334643
0.620459	1.15454	1.39304
1.38835	0.316132	1.00475
0.180872	2.95154	1.38087
0.390261	1.13411	2.31841
1.00791	0.955781	0.316443
0.173091	3.35698	1.11524
1.81986	0.25006	0.189986
0.531703	1.57215	0.554397
1.29646	0.607932	0.501157
0.283933	2.94585	0.222645
0.359205	1.22962	2.46474
0.807902	0.431833	2.23843
2.05169	0.150986	0.148605
0.225577	2.19131	2.44445
0.175641	3.75251	0.417525
1.846	0.188028	0.390674
1.34821	0.322971	1.37489
0.711097	1.35661	0.430366
0.298451	1.62634	2.05219
0.545578	0.235902	3.84072
1.63113	0.257989	0.487503
1.56765	0.196009	1.16347
0.219654	2.26353	2.30775
1.24	0.418876	1.22878
0.192968	3.42895	1.0504
1.19447	0.571935	0.524664
0.826056	0.223602	2.70613
0.363657	1.43461	1.90773
0.184671	3.32736	1.18622
1.05331	0.301867	1.91792
0.555068	0.928463	2.09152
0.500691	1.5086	1.1275
0.786177	0.916726	1.27351
0.449536	1.07015	2.20318
1.02339	0.399265	1.4934
1.08235	0.639932	0.569584
0.588332	1.65613	0.431744
0.523346	1.67524	0.461608
0.17291	3.273	1.22779
0.167723	3.6931	0.490059
1.36584	0.489013	0.39111
0.228872	2.23397	2.38577
0.576388	0.660797	2.44367
1.32756	0.481407	0.464591
0.171668	3.69184	0.502671
0.610356	0.802688	1.95594
1.80636	0.234039	0.208651
0.632383	0.723195	1.89796
1.07589	0.521407	1.14684
0.972686	0.84103	0.519363
1.69896	0.297141	0.248398
1.43039	0.341024	0.814566
0.168255	3.96059	0.202058
1.43837	0.437205	0.392848
0.419489	1.93601	0.577037
0.216829	2.28656	2.25548
0.822626	0.273224	2.72947
0.193789	3.81168	0.379348
0.639422	1.41433	0.54004
0.273535	2.86234	0.270042
0.75444	0.233875	3.21594
0.646577	0.263673	3.60106
0.708175	0.355272	2.70777
0.947004	0.612816	1.4467
0.615295	0.829458	2.0375
0.925796	0.339178	2.40598
0.443455	1.44328	1.50255
0.904163	0.395705	2.42962
0.890832	1.14204	0.296233
0.820911	0.288083	2.62797
1.32876	0.640534	0.259485
1.20117	0.25263	1.97615
0.91991	0.520023	1.7746
0.845836	0.73027	1.43762
0.40102	1.26918	2.07388
0.856183	0.334188	2.55621
0.879664	0.294305	2.61083
0.662127	0.907182	1.54526
0.376973	2.35958	0.558242
0.555781	1.07519	1.8654
0.588537	1.64573	0.660877
0.943148	0.347988	2.21452
0.604882	0.289055	3.70173
1.11749	0.315413	1.6613
0.593594	1.7497	0.325506
0.68176	1.46904	0.382206
0.750806	0.981535	1.38679
1.56073	0.435442	0.237065
0.425624	1.3732	1.64524
0.42031	1.34409	1.8116
1.36711	0.384168	1.07687
0.443038	2.13052	0.531734
0.322526	2.82189	0.307226
1.09078	0.522329	1.42591
0.658122	0.364079	2.805
1.04926	0.335334	1.94677
1.34847	0.595726	0.254761
0.722195	0.330853	2.76555
0.554771	1.57145	0.883464
1.40913	0.420902	0.54983
0.560306	0.291283	3.793
0.625325	1.09561	1.55483
1.00271	0.459503	1.78243
1.43471	0.510748	0.249283
1.14713	0.281336	1.87525
0.409605	2.3721	0.299393
1.156	0.825125	0.360773
1.30575	0.432808	1.05993
0.393417	1.61568	1.45707
0.525298	1.60548	1.01939
0.439191	1.28559	1.8118
0.701715	0.344423	2.76474
1.1318	0.498644	1.38131
1.37288	0.584783	0.282665
0.180658	0.180658	6.18066
0.172068	4.12138	0.172585
1.45729	0.419506	0.171899
1.62101	0.175991	1.27793
1.51049	0.252358	1.05883
0.866003	0.37575	2.21762
0.311941	0.197445	4.84772
0.689227	0.220903	3.22099
0.330443	0.200313	4.53954
0.267584	2.64755	0.525372
1.56173	0.267362	1.02809
0.178374	3.11735	1.35508
0.290202	0.18499	4.97174
0.371116	1.31474	2.37555
0.464989	1.5044	1.33622
0.564163	0.243552	3.76116
1.38369	0.276267	1.13608
1.84336	0.189361	0.445355
0.59823	1.64274	0.458423
0.515351	1.75373	0.423519
0.616089	1.15417	1.19231
0.273555	2.73118	0.359993
0.504893	0.939641	2.34328
1.73045	0.245685	0.29806
0.833988	0.398149	2.00649
0.62079	0.270586	3.37597
1.41645	0.331101	0.656469
0.490157	1.27544	1.69759
0.777043	0.540096	1.8792
0.19294	2.48712	1.76586
0.298142	0.201227	4.78324
0.357547	1.24098	2.43999
0.728573	0.225208	2.91691
1.25744	0.459588	1.05463
0.182231	3.53903	0.815986
0.177662	3.19266	1.31242
0.823711	0.53607	1.93121
0.631456	0.295029	2.70326
1.78847	0.272659	0.197886
0.57866	0.719761	2.19402
0.551605	1.81772	0.178636
0.278604	2.94827	0.188505
0.586624	0.336184	3.03376
1.11226	0.648154	0.540224
0.931891	0.322307	2.00668
0.39574	2.08637	0.389034
0.185827	3.34499	1.16451
0.340717	0.20489	4.417
1.3461	0.492536	0.43215
0.46048	0.236065	3.93294
0.41295	1.98436	0.552669
0.449118	1.89205	0.929712
0.212346	2.56814	1.67476
0.275542	2.58986	0.71154
0.735474	0.442361	2.51421
0.348212	2.28918	0.281012
0.416645	0.184019	4.07255
0.543345	0.336301	3.58347
0.172068	4.12138	0.172585
0.530059	0.296816	3.6668
0.323682	0.263271	4.11582
0.318216	0.260392	4.19288
0.315073	0.205351	4.61445
0.403551	2.33636	0.187384
0.754805	1.17958	0.537842
0.877628	0.314302	2.55965
0.199142	2.45229	1.85354
0.851937	0.90783	0.784999
0.557866	0.366985	3.03507
0.710064	0.227945	3.13538
1.63956	0.20074	0.993501
0.609251	0.244653	3.5503
0.186018	3.91832	0.255945
1.17951	0.564007	0.642833
0.916064	0.792852	1.22653
0.177179	3.06113	1.36945
0.446289	1.36033	1.37197
0.51937	1.08955	1.64473
0.181506	3.46303	0.957902
0.744968	0.446722	2.4692
0.64229	0.266759	2.78343
0.266642	2.52107	0.875027
0.249854	0.213876	5.04151
0.374537	2.0438	0.732857
1.04745	0.431363	1.55943
1.12589	0.679957	0.343549
0.380504	1.84047	1.26055
0.954607	0.593929	1.39199
1.16232	0.673453	0.295419
1.89463	0.202768	0.183847
0.809678	0.393561	2.10395
0.189232	3.42904	1.04008
0.180088	3.18424	1.32247
0.333539	0.213247	4.32162
0.177263	3.84932	0.300265
0.294766	2.75818	0.220022
0.661782	0.411445	2.62736
0.645817	1.20691	0.998528
0.400274	1.94542	0.827922
0.178086	3.50617	0.867057
1.76684	0.223714	0.358853
0.492874	1.56302	0.944838
1.14146	0.699041	0.281644
1.87639	0.207389	0.196153
0.967909	0.927258	0.633633
0.485802	1.4692	1.26882
1.02233	0.315429	1.8168
0.675613	0.601106	2.14579
0.662322	0.263329	2.92072
0.343084	2.20464	0.479626
0.796533	0.904847	1.08827
0.545026	0.296298	3.45554
0.352276	0.20281	4.23899
0.385611	0.187294	4.29422
0.291446	2.81479	0.189909
1.27034	0.497299	0.457374
0.956296	0.740598	1.31278
0.383034	1.45162	1.64781
1.09273	0.302573	1.61722
0.977998	0.99167	0.500066
0.495896	1.60608	0.772279
1.57205	0.264667	0.61787
1.15072	0.621759	0.667554
1.00895	0.236385	2.61209
0.626676	0.269076	2.77825
0.659447	0.228173	3.45469
1.41088	0.356443	0.923144
0.819983	0.873136	1.09034
0.696714	0.234387	3.13652
0.607212	0.977826	1.41136
0.501294	1.68608	0.51867
1.3137	0.346937	1.21766
0.183823	3.90113	0.265339
0.184189	3.37857	1.11007
0.650266	1.40704	0.694316
0.479416	2.12006	0.269554
1.91833	0.197813	0.194805
0.30132	1.59237	1.78032
0.973551	0.807808	0.89743
0.999408	0.765904	0.533172
0.663987	1.2585	0.585361
1.65769	0.294138	0.171899
0.698471	1.08194	1.18378
0.672097	0.223006	3.21794
1.06895	0.778178	0.204351
0.344517	2.25118	0.352782
1.19702	0.217487	1.59828
0.340936	0.187717	4.68237
0.28058	2.84423	0.2298
0.402259	2.14571	0.266292
1.4849	0.371755	0.345855
1.07671	0.520396	1.22049
1.05274	0.486999	1.45945
0.906001	0.312905	2.17358
0.421709	2.13325	0.189157
0.805918	0.554708	1.63877
1.71025	0.2004	0.678736
1.08667	0.659363	0.563309
1.61727	0.203935	1.00696
1.00127	1.00605	0.230199
1.77338	0.180653	0.79624
1.59966	0.265237	0.383079
0.398509	2.40732	0.198276
0.769615	1.32428	0.185299
1.69831	0.254583	0.255816
0.437806	1.56348	1.27891
0.358581	2.50738	0.184067
0.283711	2.38094	1.07606
1.28483	0.575615	0.176314
1.59194	0.289844	0.479256
0.797847	0.849059	1.25611
1.22183	0.474285	0.73677
0.259747	2.39824	1.1661
0.529267	1.58471	0.861114
0.174946	3.6632	0.560964
0.286502	0.191265	4.98643
0.372825	0.203039	4.01582
0.587503	0.349004	3.56371
0.595929	0.40689	3.0469
0.189454	3.31939	1.20786
0.17605	3.90153	0.251116
0.274402	2.63512	0.502854
0.248565	2.03335	2.63111
1.51182	0.265597	0.848235
1.67625	0.205675	1.03575
0.321369	0.234093	4.50005
0.393372	1.51601	1.39235
0.194674	3.59365	0.746976
1.72781	0.217404	0.643238
1.04383	0.808058	0.553131
1.76708	0.22577	0.265846
0.276537	2.91847	0.181489
1.83098	0.176123	0.703613
1.17205	0.452871	1.18663
0.345766	2.11256	0.882124
0.333473	2.41401	0.748448
0.183455	3.14165	1.35199
1.2456	0.613966	0.399856
1.0028	0.425474	1.6894
0.429953	1.92134	0.784104
1.41294	0.284833	1.13072
0.480782	1.73095	0.959165
0.460146	1.87008	0.424004
0.369221	0.210462	4.28777
0.211333	2.66155	1.54107
1.0881	0.499982	1.25065
0.449046	1.35835	1.63261
0.462699	2.0058	0.214351
0.269585	2.72291	0.306992
1.61695	0.253265	0.475738
0.68029	1.4856	0.200078
0.287997	2.78311	0.268276
1.91764	0.193204	0.176976
0.220511	2.27395	2.29063
0.503819	0.898089	2.42886
0.184327	3.17622	1.33464
1.8855	0.185311	0.272185
1.43724	0.340788	0.559861
0.578429	0.514942	2.93511
1.47729	0.281416	1.06785
0.276124	2.54075	0.568154
0.238089	2.16932	2.50387
0.876487	0.362636	2.05282
0.215296	2.34523	2.13082
1.59975	0.283722	0.383265
0.217223	2.81483	1.43816
0.178211	3.72848	0.460385
1.20754	0.655219	0.282871
0.180546	3.23828	1.27968
0.619682	1.39032	1.15369
0.358444	1.94344	1.01712
1.86587	0.186525	0.325639
1.54609	0.300876	0.27648
0.234817	2.38245	2.11279
0.17779	3.82186	0.331389
1.28818	0.424623	0.753993
0.360286	1.32409	2.17758
0.798388	0.267365	2.78701
0.310114	0.298821	4.16136
1.13819	0.324899	1.65834
0.737681	1.25701	0.278208
1.57304	0.378762	0.212689
0.437925	1.19985	2.08729
0.962754	0.694488	1.17796
0.374122	1.81362	1.41928
0.924829	0.299232	2.59344
1.7421	0.177402	1.05162
0.268729	2.69491	0.353284
0.179553	3.775	0.395013
0.278213	2.8481	0.200139
0.409007	1.2476	1.9772
0.325423	1.84048	1.37039
0.356641	1.28629	2.33313
0.496561	1.41023	1.22802
0.18765	3.51551	0.877047
0.543746	0.833085	2.24653
0.177669	3.00083	1.37672
0.736039	1.22195	0.572033
0.515859	1.44149	1.19117
1.38877	0.477121	0.236143
1.45509	0.448125	0.18485
0.304117	0.235638	4.70878
1.02039	0.685828	0.80396
0.352018	0.223114	4.11229
0.522722	0.928857	2.15686
0.941577	0.723772	1.02514
1.84172	0.174734	0.653418
1.27182	0.348569	1.28079
0.444049	0.869497	2.64514
0.701061	1.15818	0.892967
1.30627	0.418947	0.566984
0.317467	0.243967	4.44162
0.473268	1.02616	2.55541
1.25721	0.391475	1.25718
0.468286	0.932069	2.58443
0.547982	1.07047	1.42267
0.402367	1.60136	1.35374
0.519655	0.999477	1.59404
0.537108	1.12356	1.51637
0.177669	3.00083	1.37672
0.407305	1.19088	2.36396
1.34981	0.318255	1.00777
0.56568	0.729998	2.6009
1.02878	0.838926	0.213865
0.314825	0.229828	4.6646
0.384084	1.30574	1.99711
0.532865	1.75933	0.32555
0.995895	0.96461	0.206358
0.307443	0.204334	4.75863
0.310889	0.199543	4.87844
0.291359	0.221699	4.88543
1.18789	0.547733	0.43937
0.660689	1.1923	0.781016
0.588539	0.764945	2.43847
0.382615	1.38232	2.02738
1.32212	0.366816	1.15125
1.21535	0.528474	0.571459
1.06695	0.776276	0.214711
0.382032	1.56197	1.42831
0.298108	0.189831	4.9561
1.91174	0.192253	0.184969
0.214545	2.29721	2.22757
0.344396	0.262714	4.04867
1.0605	0.629655	0.85468
0.180393	3.80832	0.353329
0.95099	0.669824	1.31931
0.250113	0.192227	4.97483
0.180546	3.23828	1.27968
1.07327	0.335361	1.76142
0.98908	0.536932	1.47718
0.669795	0.457219	2.76372
0.564829	1.63199	0.253586
0.300487	0.220748	4.79718
1.63631	0.270054	0.443894
0.552093	1.77264	0.28455
0.234864	2.52793	1.80992
0.858479	1.01987	0.6129
0.182694	3.38326	1.0988
0.586725	1.58571	0.662415
0.276677	2.31628	1.30891
1.47528	0.251089	1.1345
0.353458	2.19408	0.618282
0.322521	0.19617	4.83226
0.17106	4.09776	0.172617
0.248672	0.197116	5.05865
0.191267	3.34128	1.18279
0.589972	0.300641	3.10565
0.423669	0.220926	3.90795
0.192209	3.66713	0.60207
1.28734	0.678437	0.223646
0.734546	0.240079	2.98156
1.71744	0.267621	0.23874
1.09109	0.222232	2.22881
0.248672	0.197116	5.05865
1.062	0.246524	1.90869
0.354559	2.65894	0.257408
0.811677	0.454162	2.46164
0.301421	2.81918	0.357367
1.6884	0.273978	0.273279
0.621466	0.246464	3.53227
1.33767	0.271472	1.42545
0.477958	1.22003	1.7732
0.386102	2.34568	0.475437
0.614433	0.297312	3.17568
0.406022	2.15331	0.695943
0.519165	0.291188	3.71428
0.352044	0.200344	4.56663
0.890202	1.10569	0.206208
1.84242	0.214479	0.259577
0.968063	0.883317	0.612574
1.56668	0.242585	1.13175
0.395182	2.20706	0.527223
0.360183	2.5995	0.339137
1.782	0.314464	0.220995
1.51032	0.294698	0.620874
0.547003	0.972003	2.05982
0.483662	1.78771	0.454956
1.10595	0.293671	1.82378
1.23043	0.593887	0.510031
0.520539	0.249955	3.82468
0.404904	2.45602	0.277108
0.898723	0.485996	1.85864
1.17762	0.736617	0.262606
0.988632	0.830939	1.10364
0.655765	1.16364	1.27624
1.36652	0.591102	0.242356
1.54743	0.367363	0.331006
0.639204	0.232537	3.55356
1.52967	0.358151	0.422807
0.66457	0.249521	3.28701
0.910665	0.480767	1.87614
0.404343	1.41837	2.10602
0.934716	0.85573	1.07458
1.02362	0.757393	1.0735
0.31381	1.90177	1.50456
1.07269	0.443947	1.43401
1.39971	0.524902	0.226839
0.631421	1.55546	0.557709
0.758117	1.36764	0.218553
0.71208	0.25607	2.84302
0.749233	1.20808	0.438925
1.19876	0.533674	0.871619
0.497312	0.285941	3.78936
1.15912	0.270955	1.72971
0.700146	1.62508	0.225047
0.837713	0.299882	2.62048
0.792902	0.515629	2.3998
1.01119	0.33147	2.17373
1.12811	0.553729	1.12313
0.579621	0.350877	2.94598
1.80605	0.27684	0.237371
1.0982	0.734598	0.537571
1.14642	0.400313	1.41468
0.725285	1.39446	0.2887
0.6559	0.914303	1.71564
1.31196	0.563135	0.433579
0.684331	0.27331	2.84405
0.983485	0.501016	1.44817
1.30147	0.665668	0.222514
0.948304	1.01072	0.319083
0.362583	2.57063	0.397414
0.791904	1.25399	0.28672
1.49209	0.368909	0.48437
0.655996	0.863413	1.65587
0.585627	0.255739	3.62143
1.20954	0.64376	0.3244
0.772093	0.283089	2.64593
0.407742	2.52388	0.255224
0.550629	0.2941	3.63051
1.10186	0.33694	1.60848
0.534498	1.5428	0.997911
0.417584	1.58519	1.41044
1.44364	0.280482	1.38501
0.45818	1.0186	2.75849
0.819703	1.29851	0.228622
0.959745	0.976055	0.471457
0.872818	0.802789	1.33064
0.517093	2.02022	0.24932
0.608451	0.958443	1.89245
0.650843	1.65279	0.251252
0.444347	1.69674	1.25885
1.49221	0.270673	1.16531
1.83101	0.247437	0.198353
0.53997	1.95843	0.231225
0.575602	1.43021	1.25839
1.19118	0.346112	1.45028
0.568682	1.51714	0.908532
