0.411538	0.192373	4.24611
1.8215	0.224173	0.171146
0.195567	0.195567	6.19557
0.243368	0.204426	5.06109
0.677455	0.232538	3.20395
0.995973	0.29656	2.17601
0.50994	1.61853	1.02587
1.72625	0.249447	0.182269
0.314533	2.29154	0.962261
1.86286	0.217882	0.28799
1.03931	0.244518	2.42964
0.475734	0.43118	3.62119
0.633723	0.295982	3.00909
1.17505	0.222088	1.86713
0.917816	0.85914	0.822209
0.490295	1.67113	1.01574
0.567254	0.320513	3.4912
1.0614	0.297574	1.7696
0.810597	0.771436	1.4484
0.81957	1.04761	0.853429
1.31789	0.390556	0.76076
0.759453	1.50804	0.25822
1.77394	0.216686	0.76062
0.556058	0.248318	3.74553
0.944314	0.385306	1.70561
1.69057	0.210784	1.07092
0.196983	3.46985	0.989186
1.53089	0.286579	0.956067
1.26615	0.476935	0.831413
0.191305	3.83183	0.349048
1.88417	0.201915	0.375092
1.20766	0.46903	1.11252
0.2865	0.212873	4.97241
1.50558	0.210539	1.37319
0.40737	0.202601	4.1627
0.867394	0.469646	2.30567
1.10043	0.238577	2.10587
0.791433	0.308564	2.63498
0.793963	0.892058	1.19738
0.342961	2.40076	0.728232
0.219521	2.64397	1.5806
0.648725	0.246444	3.40812
0.338717	2.34995	0.771356
0.670779	0.318696	2.83729
1.08006	0.369971	1.61982
1.22985	0.647788	0.24013
1.12751	0.622668	0.550757
0.532595	1.57928	0.909372
0.199135	3.42055	1.08123
0.464521	0.224255	3.85309
0.41873	1.47726	1.41507
0.539513	1.5571	0.790657
0.835745	0.942038	0.844703
0.20392	3.52437	0.90744
0.618003	0.824591	1.74213
1.66334	0.253801	0.528124
1.58154	0.317047	0.448903
0.954128	0.793759	0.792134
0.891397	1.10986	0.247737
0.387268	1.9879	1.10807
0.426573	2.16613	0.25882
0.198226	2.77316	1.4287
0.358553	0.22206	4.30733
0.441839	0.242675	3.85764
0.432364	0.206085	4.04363
0.472177	1.70309	0.881966
0.19942	3.68348	0.592901
0.720007	0.283698	2.82688
1.78535	0.214611	0.467683
0.56549	0.255767	3.70622
0.737657	0.239868	2.69689
0.341825	2.68881	0.207777
0.203607	3.56736	0.823926
0.447199	2.2374	0.204873
1.29334	0.252358	1.44255
1.81343	0.212535	0.396537
0.9656	0.672702	1.2043
0.422925	2.03949	0.488086
1.45544	0.349737	0.927333
1.01181	0.376983	1.49418
0.67503	0.264561	2.955
1.23703	0.198307	1.9134
1.24873	0.58489	0.421226
0.658787	1.41419	0.352853
0.780421	0.73024	1.52874
0.519771	1.74723	0.349423
0.689918	0.320189	2.75309
1.70623	0.220438	0.291649
0.922984	0.839173	1.1674
0.309749	2.48955	0.641585
0.77398	0.72405	1.53538
1.90774	0.204366	0.313615
0.676259	0.240367	3.36681
1.61727	0.305503	0.185943
0.493643	1.82898	0.6076
1.02436	0.279395	2.00691
0.586461	0.286409	3.29309
0.552329	0.264255	3.6441
0.855793	1.1815	0.426556
0.891378	1.10354	0.343064
0.517154	1.91008	0.203259
1.37992	0.315575	1.20755
0.841421	0.299529	2.49091
1.41428	0.362391	0.898272
0.407123	1.3701	1.75239
0.754086	1.14201	0.572206
1.47423	0.341875	0.913477
0.601428	1.10961	1.40296
0.192804	3.26995	1.27276
1.35404	0.535555	0.225677
1.34631	0.356788	1.33455
0.330193	0.224795	4.49329
0.975747	0.238142	2.58555
0.744098	1.01739	1.31
0.302689	0.205954	4.97372
0.443995	1.77527	1.10655
0.752013	0.703981	1.64129
0.431397	0.226332	3.966
0.379073	0.230485	4.07561
0.981452	0.911125	0.582101
0.714064	1.41367	0.455055
0.348734	2.20611	1.00766
1.39132	0.334197	1.15144
1.15942	0.687555	0.276514
0.456022	1.19291	2.058
1.30995	0.523649	0.320814
0.294092	1.85954	1.40398
1.11113	0.209296	2.45873
0.416507	2.05742	0.465619
0.196924	3.71385	0.533369
0.652275	0.968704	1.55111
0.19465	3.73484	0.492823
0.336357	2.46658	0.485028
1.06545	0.211042	2.52788
0.494579	1.1608	1.98758
0.34585	0.198552	4.86714
0.45686	1.23238	1.42385
0.419753	1.24518	2.36599
0.30117	1.72548	1.46983
0.636254	0.249834	3.2932
0.615835	1.30355	1.28362
1.60227	0.362922	0.226283
1.6551	0.273193	0.355725
0.368942	2.21005	0.795553
0.545103	0.353558	3.55281
0.342448	2.62727	0.235776
0.863757	1.19371	0.344171
0.192266	3.62647	0.677373
0.429936	0.194612	4.07674
0.278264	0.210293	5.00219
1.89945	0.207013	0.260093
0.62867	0.277428	3.26399
1.15047	0.473665	1.23515
1.60602	0.273835	0.642015
1.01559	0.283669	2.02381
0.293058	0.225602	4.94823
0.59628	0.259018	3.64481
1.44622	0.289003	1.17492
0.61807	0.265232	3.41589
0.639981	0.730119	2.20578
0.541713	0.304216	3.40644
0.397994	1.48245	1.69698
1.65469	0.319593	0.360982
1.77348	0.230151	0.336309
1.9558	0.197256	0.286028
0.196396	2.79416	1.41727
0.43048	1.93651	0.769509
1.22698	0.595726	0.312956
0.764797	0.217882	3.06786
1.20495	0.272952	1.55465
1.24847	0.387794	1.28355
0.670907	0.594263	2.68943
0.739066	0.628675	2.59689
0.381614	2.04118	0.912509
0.768829	0.67256	2.11758
0.410303	1.85719	0.960499
0.19727	3.59053	0.760577
0.465865	2.10599	0.26554
0.363781	2.3157	0.618403
0.202229	2.71664	1.47034
0.862219	0.828336	1.32381
1.46883	0.342831	0.478005
0.436895	1.98903	0.576646
1.56264	0.217231	1.36947
1.54618	0.307493	0.744123
0.341867	0.223278	4.53899
0.720894	0.232046	3.03855
0.213965	2.66743	1.54002
0.769538	0.242212	2.85576
0.661329	0.214257	3.577
0.785129	0.237174	2.75425
0.541251	1.79417	0.272155
0.532902	0.239625	3.84215
1.29622	0.391639	1.05144
0.253943	2.2129	2.4826
0.567073	0.244211	3.7294
0.475541	1.60706	1.16493
0.810578	1.22851	0.435694
0.973724	0.32567	1.99217
0.562801	1.51994	0.925812
0.358002	0.216327	4.40787
0.872803	1.28843	0.271565
0.396915	2.13939	0.58805
0.195622	3.3501	1.18093
1.13394	0.561855	0.868968
1.36677	0.550191	0.204337
0.718329	0.277547	2.86432
0.450311	1.81704	0.868622
0.704162	0.249805	3.172
0.396939	2.23279	0.326418
0.474015	1.74741	0.935343
0.982359	1.15183	0.252747
0.403575	1.55253	1.52301
0.65499	0.954285	1.47647
0.207602	3.53368	0.900415
0.465719	1.16505	1.82277
0.932676	0.21202	2.62829
0.912246	0.328766	2.45155
0.782035	0.897135	1.48889
0.511545	2.01286	0.237901
1.0632	0.612078	1.3842
0.801133	0.564564	1.71767
0.4047	1.37912	1.8649
1.47666	0.490202	0.22184
0.580548	1.49607	0.811269
0.751975	1.26165	0.371424
1.58443	0.241409	1.00111
0.699252	0.801661	1.75594
0.355827	1.18728	2.65251
0.843981	1.24614	0.308109
0.867722	1.00731	0.557378
1.39379	0.316945	1.14733
0.491411	1.63371	1.1316
0.412895	1.34081	1.54315
1.41133	0.218131	1.39479
0.829141	1.11775	0.337006
0.496289	1.20982	1.62826
1.28488	0.653281	0.216668
0.796544	1.08845	0.463662
0.822643	0.956317	1.1907
1.33241	0.435337	0.523109
0.736763	1.34689	0.510948
0.70166	0.266438	3.18785
1.68364	0.221899	0.679974
0.195566	3.46467	0.994593
0.456216	1.70478	1.20314
0.45352	1.1246	2.28517
0.742825	0.235459	2.94551
0.612587	0.698111	2.52138
1.34574	0.386959	1.10155
0.706818	1.37302	0.6644
0.607536	0.808483	2.1943
0.403038	1.502	1.66424
1.25987	0.256386	1.73132
0.456232	1.56892	1.31332
0.501382	1.68432	0.924659
1.04868	0.265173	2.46884
0.442263	2.24624	0.197703
0.246352	0.207112	5.08995
0.293361	2.96539	0.202124
0.427098	1.94978	0.76721
0.422134	2.05788	0.427943
0.361577	1.31967	2.30111
0.349845	0.244713	4.27949
0.232462	2.36139	2.15011
0.785746	1.18489	0.379404
1.31075	0.317587	1.40558
0.713389	0.229619	2.89518
0.213938	3.61733	0.757753
1.21107	0.668576	0.240308
0.516776	1.88486	0.255201
0.693451	0.27297	2.76796
0.232638	2.29046	2.2944
0.75237	1.57375	0.251374
0.411532	0.522354	3.49088
0.292464	2.79357	0.302436
0.448883	0.238098	3.93274
0.500896	0.945185	2.38614
1.39828	0.392736	0.537606
0.417182	0.211196	4.07322
0.89648	0.60891	1.58577
0.194965	3.77165	0.437117
0.370104	2.19918	0.752596
1.34384	0.635725	0.253703
0.954615	0.262114	2.47742
0.467323	0.631445	2.96067
0.343831	2.10706	1.23274
0.766416	1.13602	0.700779
0.939321	0.653698	1.47126
0.921171	0.73883	1.3447
0.871814	0.594818	1.70027
0.586926	0.239869	3.66167
0.399012	0.532136	3.58836
0.608571	0.905345	1.61537
1.0336	0.583323	1.47061
0.206687	3.53083	0.903178
0.496212	0.214837	3.80339
0.657454	1.07689	1.37148
0.52478	0.851471	2.52909
1.48281	0.367685	0.3557
1.53857	0.33269	0.37108
1.66799	0.228533	0.869012
1.0581	0.265866	2.02737
0.723878	1.23803	0.931821
0.803769	0.273322	2.68013
0.630267	0.275966	3.17829
0.286874	2.74791	0.359356
0.38554	0.226126	4.08983
1.74633	0.257024	0.31671
0.400908	0.55941	3.01586
1.37574	0.34542	1.0109
0.243253	0.20735	5.08897
0.623989	0.255755	3.33452
0.320016	2.58901	0.671643
1.10911	0.286944	1.75299
0.999744	0.484136	1.57387
0.743467	0.232287	2.75839
0.297836	0.214751	4.96165
0.29599	0.216626	4.96208
1.50727	0.283576	1.13918
0.295503	2.92105	0.211466
1.12682	0.792845	0.371136
1.18166	0.270085	1.81941
0.449049	0.220503	3.92047
0.709466	0.220511	3.27401
0.669226	1.42994	0.377131
0.914616	0.347249	2.02443
1.23938	0.311451	1.47811
0.83446	1.2155	0.334678
0.679911	0.264232	3.08031
1.25963	0.508437	0.521688
1.28398	0.247198	1.41148
0.524374	1.62187	0.790675
0.374463	0.231957	4.20458
0.814873	0.216356	2.71267
0.478075	1.79327	0.623427
0.852895	0.719336	1.89426
0.865632	0.590078	1.79354
1.08251	0.703229	0.955489
0.707268	1.02121	1.35513
0.283629	2.71393	0.415298
1.41841	0.311008	1.10057
0.40537	2.07717	0.514043
0.547095	0.301138	3.40338
0.237597	2.16399	2.50938
0.487104	0.783633	2.62249
0.848963	1.00033	0.633738
0.727945	1.22155	0.562561
0.559332	0.933444	1.91496
0.652899	1.4005	0.603029
0.685325	1.27447	1.1095
0.818063	0.583079	1.93678
0.42852	1.66453	1.37776
0.642106	0.292019	2.92462
0.199855	3.68781	0.586403
0.413656	1.77601	1.2901
1.1668	0.469662	1.27839
1.07279	0.841228	0.702007
1.01078	0.273871	2.08885
1.09244	0.233843	2.24927
0.634911	0.250353	3.33486
1.7135	0.304159	0.232968
0.674825	1.45531	0.376572
0.603722	1.49222	0.813408
0.972714	0.593987	1.61628
0.278975	2.5165	0.924542
0.452846	2.14973	0.250201
1.09184	0.240333	2.43318
0.576468	1.71534	0.280985
0.416965	0.516383	3.74204
0.571678	1.53426	0.591073
1.02426	0.868817	0.292604
0.481379	0.809094	2.62679
0.565322	0.849154	2.1267
0.886771	1.29431	0.248828
1.35322	0.406763	0.765129
1.65052	0.327132	0.229045
0.504909	0.211279	3.80321
0.380724	0.228887	4.20512
0.682149	0.373563	2.61214
1.19575	0.416132	1.36441
1.4618	0.434526	0.304143
1.20693	0.569917	0.669366
1.24473	0.305721	1.41496
0.688412	0.977295	1.43566
1.15666	0.519363	0.948462
1.14313	0.458988	1.3649
0.97184	0.259321	2.4902
0.647765	0.232285	3.44132
1.4984	0.412684	0.306047
1.18173	0.285654	1.7747
2.08798	0.169243	0.168117
0.166549	4.05648	0.171777
1.85468	0.168376	0.601768
0.187684	0.187684	6.18768
1.85886	0.208966	0.167694
0.187684	0.187684	6.18768
0.38057	0.204615	4.30247
0.185148	3.52944	0.843029
0.646546	0.204663	3.53225
0.664725	0.219429	3.3915
1.59577	0.29949	0.253005
0.169205	3.29051	1.1986
1.14208	0.57473	0.561902
0.971523	0.310416	2.32442
0.25328	0.216045	5.07271
0.191265	3.62408	0.678997
0.31235	2.12119	1.34622
0.370661	1.18997	2.45661
0.40337	0.19387	4.09036
0.722513	0.216272	2.9896
0.450872	1.05362	2.00852
0.499984	1.94475	0.173484
0.178894	3.45548	0.96433
0.620744	0.285165	3.14075
0.279463	2.57842	0.472036
0.872107	0.650358	1.47052
1.77114	0.247731	0.242579
0.835565	1.28209	0.277629
0.538705	0.365669	3.70332
0.670983	0.19224	3.64079
0.370557	2.0208	0.658947
1.08923	0.209852	1.97487
2.04951	0.170418	0.177973
0.349554	0.191694	4.74876
0.677806	0.213527	3.26016
0.168146	3.75758	0.392002
1.53628	0.204054	1.38707
0.523692	1.77561	0.255106
1.34042	0.446349	0.592836
0.178912	3.96526	0.215612
0.998255	0.487894	1.53599
0.372009	0.192706	4.37768
0.490608	0.196185	3.83773
0.47806	1.70668	0.672285
2.02401	0.168533	0.193974
0.170677	3.40952	1.0232
0.283207	2.30724	1.31112
1.67378	0.210167	1.15429
0.211656	2.62149	1.59217
1.80212	0.1689	0.806434
0.798795	0.211256	2.75249
0.732963	0.452678	2.67693
0.207395	2.69507	1.49835
1.20794	0.390512	1.24776
1.31764	0.451611	0.627523
1.70725	0.199538	1.053
1.02781	0.630308	1.0742
1.28565	0.521534	0.259117
1.06979	0.281638	2.21853
1.72252	0.195206	0.534765
0.174651	4.01333	0.190833
0.170674	3.1358	1.33587
0.378178	2.01154	0.521885
0.436923	0.271555	3.95032
0.631612	0.395863	2.89513
0.847233	0.19774	2.81327
0.470379	1.10104	1.65733
0.701831	1.0238	1.31839
0.193719	2.82338	1.40483
0.731793	0.195925	3.08149
0.729896	0.204871	3.31992
1.38621	0.358898	0.514124
0.422899	0.191967	4.07734
0.270279	2.34669	1.0959
1.43014	0.506034	0.284865
0.383044	1.24155	2.02863
0.766601	0.970963	1.08892
0.201002	2.52636	1.71597
0.181536	3.2184	1.2992
0.210274	2.50631	1.77964
0.201002	2.42077	1.92486
0.167567	3.83963	0.290567
1.99592	0.179292	0.168297
1.24884	0.234766	1.66629
0.972061	0.811618	0.599925
1.8365	0.205199	0.208801
0.946632	0.325016	2.26034
0.951648	0.600022	1.3784
0.552674	0.780445	2.06256
0.90567	0.408507	2.09451
0.36213	1.39046	1.72609
0.931712	0.335835	2.41266
1.88101	0.179671	0.338589
1.93831	0.168611	0.323017
0.861533	0.594996	1.60784
0.893158	0.211037	2.59964
1.16926	0.419992	1.32219
1.08099	0.222781	2.17856
0.697544	0.849159	1.38941
0.300105	0.195317	4.96093
0.275358	2.37517	1.03987
0.292205	2.73513	0.236534
0.171216	3.9105	0.236104
0.687931	0.230536	2.94597
0.564079	1.33678	0.862062
2.0858	0.170704	0.169378
0.287576	2.46705	0.972213
0.318346	2.22197	1.174
0.654553	0.900859	1.36179
0.172719	3.34937	1.12582
0.292948	2.64995	0.357929
1.18904	0.222901	1.83455
0.611786	1.5207	0.600684
0.594645	1.35709	0.741215
1.96463	0.187561	0.171008
0.441045	0.199474	3.94518
0.428282	2.14779	0.180745
0.386409	1.2946	1.87627
1.03974	0.300042	1.84463
1.29197	0.412085	0.660985
1.40832	0.367932	0.292788
0.548805	1.5846	0.53553
0.752515	1.14312	0.715575
1.46574	0.257984	1.14679
0.602325	0.923413	1.38434
0.803741	0.217462	2.63968
1.91427	0.187292	0.207392
0.202658	3.64894	0.665108
1.48857	0.322262	0.932604
0.17017	3.16045	1.32147
1.1601	0.598192	0.493329
0.590314	0.731693	1.9093
0.514445	1.49481	0.897092
0.342362	0.202387	4.69071
1.61774	0.23394	0.673561
0.399543	2.25333	0.180817
0.626901	0.699015	1.76877
0.170705	3.72414	0.447939
0.582682	0.200111	3.78741
0.692451	0.437106	2.69874
0.398406	1.84531	0.970605
0.312292	2.18865	1.2344
0.556727	1.15871	1.42176
1.40391	0.490159	0.299734
0.180593	3.2055	1.30789
1.97734	0.168594	0.251215
0.412745	1.87728	0.883612
0.46708	1.89778	0.496568
1.89118	0.202109	0.169325
0.433201	1.81077	0.833683
0.306483	2.3962	0.948444
0.925157	0.509687	1.69382
1.44698	0.225075	1.29745
1.62871	0.211533	0.903919
0.574699	1.31209	0.862062
1.05848	0.177085	2.54896
0.295902	2.67815	0.316735
0.168485	3.3516	1.11181
1.1288	0.663742	0.621021
0.477815	1.54661	1.16167
1.01976	0.32543	2.12862
0.934702	1.00575	0.654449
0.315765	2.1968	1.22463
0.19164	2.7822	1.4153
1.65519	0.265458	0.20381
0.26512	2.47116	0.73432
0.591777	1.12741	1.26622
1.12614	0.667548	0.630858
1.92463	0.169615	0.366355
0.288279	2.76896	0.187281
1.36413	0.215955	1.40489
0.862019	0.965578	0.723482
1.64213	0.203389	1.26716
1.86014	0.168447	0.58155
0.638791	0.710301	1.68207
0.168032	3.86611	0.265979
0.581232	0.816192	1.77964
0.44411	1.90171	0.290598
1.01205	0.25881	2.41284
1.23112	0.432829	0.73879
0.267404	2.25667	2.45025
0.329796	0.511757	4.41936
0.904726	1.11701	0.652319
0.643831	0.441517	2.95007
0.382519	1.33521	2.08871
0.6012	0.478411	3.05061
0.784746	1.04231	1.223
0.389565	2.46996	0.409769
0.44227	1.76693	1.35477
1.34683	0.632875	0.252241
0.998482	0.864923	0.921785
0.62688	1.5858	0.601549
0.452622	1.24017	1.73711
1.11678	0.858652	0.285146
0.391283	1.38812	1.87694
0.415726	1.9409	1.16774
0.58477	1.86943	0.264469
0.687538	0.498063	2.7281
0.542661	1.20674	1.79836
0.737569	1.61923	0.347823
0.39479	1.35601	2.05819
0.337205	0.551757	4.13676
0.653359	1.41098	0.747028
1.01309	1.0524	0.320927
1.10268	0.533808	1.50488
0.376992	1.29155	2.2689
0.987076	0.854373	0.956247
0.806483	0.619015	2.15789
0.336982	0.480768	4.47502
0.972826	0.926545	0.625024
0.861123	0.709473	1.84094
1.14904	0.770209	0.404176
0.954438	0.827028	1.18772
1.06127	0.896976	0.270954
0.511457	1.79583	0.796101
0.802767	0.622232	2.16724
0.659221	1.48486	0.594231
1.06175	0.653758	1.25366
0.860025	0.710162	1.89653
0.431867	1.24391	1.96051
0.818118	0.581793	2.25337
1.15742	0.731904	0.521832
0.939961	0.950787	0.761876
0.889691	0.473693	1.97002
0.17735	3.63827	0.612701
0.275376	0.226052	5.01271
0.576042	0.424817	3.30284
0.405667	0.194693	4.02258
0.243494	2.38709	2.13005
0.682255	0.669778	1.937
0.318622	0.271164	4.43132
0.378755	0.200343	4.32382
0.367463	1.33471	2.29701
0.184632	3.25634	1.27015
0.449634	2.07495	0.200253
1.74894	0.204799	0.529303
1.5355	0.278061	0.874214
0.669918	0.310769	2.7464
1.40357	0.333844	0.842831
0.604685	0.387173	3.10497
0.311553	0.26723	4.55207
0.422867	1.83409	0.927578
0.187059	3.53798	0.832152
0.723652	1.06769	0.977703
1.55411	0.262767	0.725867
0.190096	3.47508	0.960137
0.900395	0.31301	2.44191
0.393735	1.39982	1.78952
0.571823	0.436654	3.25422
0.287065	2.62672	0.435272
0.438496	1.98174	0.374475
1.78182	0.210731	0.420823
0.879416	0.572756	1.75655
0.489266	1.8713	0.400508
1.42248	0.318142	1.09202
0.190924	3.80282	0.384256
0.385383	0.252132	4.0655
0.19008	4.09678	0.193278
1.20703	0.481643	0.903738
0.344689	2.29637	0.439597
0.358014	1.37511	2.36089
0.206744	3.50544	0.95132
0.290585	2.50254	0.598909
0.304853	0.273492	4.55656
0.696091	1.42442	0.248966
0.649073	0.400433	2.89267
0.852766	0.49139	2.25541
0.280192	2.57747	0.557762
0.288571	1.58767	2.37409
0.620261	0.397975	3.08003
0.370088	2.2534	0.32118
1.72838	0.207237	0.781498
1.06874	0.289096	2.2189
0.184715	3.95552	0.229644
0.507307	1.76536	0.502909
0.369841	0.209153	4.20999
0.192426	3.69913	0.546275
1.49782	0.289533	1.02186
0.739591	0.226437	2.96886
1.91534	0.211643	0.187059
1.06124	0.68463	0.717642
1.46622	0.289321	1.0558
0.551833	0.923766	2.03796
0.408894	1.21319	1.88673
0.945459	0.92852	0.514415
0.358236	0.2471	4.37932
0.361092	2.20545	0.619613
0.663165	0.970539	1.44805
1.04342	0.764955	0.469902
0.694134	0.481467	2.67455
0.19245	3.35302	1.16912
0.183298	3.84566	0.316478
0.199218	3.91552	0.281546
0.191981	3.11822	1.37328
1.30745	0.321318	1.23885
0.395539	1.53541	1.60409
0.917774	0.520544	1.66975
0.461396	1.7103	1.10431
1.58161	0.239869	0.864877
0.471134	1.748	0.934445
0.717586	1.12698	1.28729
0.25012	2.15899	2.54238
0.296211	2.85718	0.209979
1.13873	0.590617	0.579118
0.296179	2.55769	0.469735
0.394368	1.95129	1.3162
1.4935	0.369663	0.363614
0.183416	4.03617	0.195786
1.92814	0.20396	0.211124
0.71051	0.223301	3.00667
1.85327	0.221987	0.209441
0.325251	2.35938	0.59269
1.6192	0.206586	1.148
1.37361	0.203857	1.40121
0.538696	1.60728	0.448534
0.268527	1.7301	1.65066
0.645956	1.03602	1.40232
0.591482	0.313955	3.21527
0.516089	1.79492	0.491559
0.553133	0.798932	2.55447
0.186029	4.00961	0.207064
0.991343	0.782917	0.590694
0.382225	1.29812	2.22056
1.1894	0.256933	1.96921
0.184728	3.39146	1.09094
1.28383	0.527586	0.367094
0.591754	0.775061	2.66826
0.401113	2.32195	0.191539
0.788217	0.621806	1.71157
0.266859	1.70336	1.72036
0.907242	0.236243	2.61732
0.419465	1.90489	0.661694
0.870644	0.863524	1.02256
1.69483	0.241815	0.398093
0.454218	2.04429	0.248447
1.22184	0.556853	0.572486
1.12153	0.637012	0.796534
1.82436	0.226572	0.23935
0.388542	0.207877	4.13587
0.971842	0.705287	1.27503
0.962189	0.812442	0.637347
0.557035	1.66136	0.30648
1.66369	0.284453	0.34473
1.06662	0.727093	0.395855
0.454411	1.64578	1.2805
0.18432	3.32916	1.18295
1.2732	0.638166	0.285664
0.696996	1.18972	0.806249
1.88228	0.194003	0.223716
0.533084	1.29117	1.55075
1.14348	0.308188	1.62855
1.16375	0.518283	0.758727
1.66596	0.243629	0.557433
0.480074	1.28049	1.57978
0.580665	1.38377	1.00984
0.444505	1.51319	1.41229
1.24921	0.496242	0.697774
0.53961	1.9181	0.191085
1.84126	0.221147	0.213045
0.560929	1.15773	1.74582
1.63998	0.232551	0.823292
0.362987	2.22896	0.547835
0.181221	3.74206	0.447052
0.770407	0.38573	2.62561
0.75269	1.09184	0.813428
0.801054	1.22407	0.273379
1.16601	0.89435	0.274301
0.564696	0.884607	1.69082
1.88228	0.194003	0.223716
1.81014	0.212123	0.398698
0.301009	2.82834	0.209979
1.46106	0.295781	1.06445
0.845749	0.907565	1.02495
1.18442	0.453333	1.46737
0.193856	4.00439	0.219755
1.77124	0.198812	0.989893
0.272088	0.209058	5.01883
1.53821	0.36037	0.342213
1.31669	0.49361	0.560387
1.47015	0.436855	0.237747
0.549116	0.963799	2.21983
0.532064	1.03052	2.33494
1.66043	0.227546	1.38174
1.12906	0.26995	1.91411
0.289538	2.7432	0.467635
0.847228	0.233289	2.7109
0.301296	2.30101	1.37323
0.419201	0.215	4.04293
0.361926	0.236021	4.29273
0.232305	2.19484	2.45582
0.44862	2.23196	0.205998
1.27302	0.637285	0.225094
1.04535	0.711067	0.92284
0.921273	1.06645	0.672121
0.713021	1.13645	0.949906
0.920505	0.546456	1.85741
0.445869	2.08042	0.459694
0.410031	0.2188	4.13558
0.857263	0.877223	1.01407
0.35302	2.15713	1.15374
0.624235	0.28232	3.31749
0.440293	1.99463	0.586165
0.287268	2.88514	0.24689
0.378508	1.49181	1.58736
0.953132	0.32887	2.41608
1.08805	0.484143	1.39268
0.2787	2.62401	0.735508
0.524749	1.73617	0.612886
0.398736	2.55407	0.22658
0.286285	2.94674	0.211584
1.59512	0.317053	0.363288
0.751965	1.16501	0.690258
1.16585	0.464374	1.32228
0.586104	1.00247	2.03064
0.202595	3.68344	0.601817
0.760679	1.27806	0.317086
0.39793	1.42128	1.50146
0.429616	1.18499	1.79801
0.32778	2.0877	1.37514
1.61982	0.317029	0.463101
0.795269	0.389443	2.49429
0.369792	0.211091	4.47713
0.568968	0.813965	2.08032
0.930956	0.854429	0.892592
0.655688	0.268748	3.18891
0.507716	0.311057	3.78216
1.37945	0.473263	0.388343
0.512657	0.30579	3.71395
1.18754	0.323732	1.45231
1.7035	0.239495	0.632287
0.993678	0.736775	1.06873
0.782046	1.32007	0.220936
0.225031	2.34215	2.16748
0.583756	0.255199	3.6641
1.03156	0.39483	1.52075
0.311589	2.66582	0.537357
0.482556	0.233541	3.88269
0.771757	1.31151	0.255551
0.816529	0.97472	0.896709
0.228403	2.38823	2.08032
0.427672	1.86547	1.25255
0.969939	0.310798	2.41079
0.709513	0.24306	3.19337
0.560431	0.965803	2.12498
0.342419	2.48978	0.419245
0.532358	0.272139	3.83723
0.878833	0.636545	1.59035
0.615586	0.907384	1.51634
0.918982	0.290337	2.59901
0.680973	0.287396	3.07657
0.903508	0.59208	1.68425
0.414079	0.207746	4.12859
0.219722	2.52806	1.76583
0.333849	2.3512	0.792301
0.284996	2.98567	0.201728
0.304884	2.5194	0.783816
0.673272	0.776683	1.46717
0.82815	1.19649	0.549716
0.6779	1.3537	0.71673
1.22886	0.515322	0.796414
1.5634	0.323089	0.487311
0.495431	1.65708	0.964085
1.06008	0.290051	1.91079
1.40814	0.517544	0.256923
0.735428	0.98798	1.42469
1.2524	0.401729	1.32514
0.50224	1.6405	0.884692
0.604905	0.337292	2.91464
0.704752	1.36878	0.359804
1.7294	0.291792	0.299233
1.01977	0.686071	1.06034
0.57301	0.39408	2.92721
1.06338	0.45051	1.43669
0.899345	0.420495	1.95622
1.42498	0.328882	0.884907
0.972857	0.818466	1.05505
0.578521	0.298179	3.60732
0.662982	0.295482	3.07472
1.0111	0.836496	0.375588
0.280284	2.67602	0.599208
1.0194	0.28235	2.3529
0.664447	0.76575	1.62269
0.407886	0.286072	3.9444
0.506783	1.67526	0.710976
0.394748	1.24682	2.18119
0.722089	1.40477	0.242026
0.540014	0.310838	3.57757
0.719739	0.281823	2.85478
1.34922	0.439027	0.791085
1.21124	0.581536	0.653814
1.10627	0.347397	1.48109
0.264534	0.209362	5.01682
0.574079	0.303814	3.50792
1.20752	0.349057	1.44474
0.921394	0.427119	1.7019
1.11068	0.58236	0.946795
1.43832	0.478441	0.251889
0.375449	1.49902	1.56133
0.195699	3.44922	1.02259
0.245077	0.207812	5.07385
0.681629	0.234411	3.31992
1.3076	0.452886	0.615716
0.765685	1.11048	0.848421
0.427793	1.28941	1.58622
0.710668	0.232206	3.17823
0.265966	0.289185	4.75405
0.339285	0.251923	4.3739
0.603337	0.250653	3.49744
0.327927	0.236836	4.61446
0.984645	0.678622	1.20819
0.71873	0.243008	3.02266
0.231322	2.40797	2.04716
0.196603	2.77273	1.42651
0.539067	1.80957	0.310434
0.679902	0.253518	3.25453
0.205839	3.507	0.945795
0.439508	1.15155	1.64883
0.4113	1.3633	1.43015
0.227582	2.34904	2.16095
0.450156	1.3351	1.52959
0.64791	0.750062	2.11378
0.238098	2.3184	2.25585
0.800904	1.14517	0.38167
0.576591	0.289045	3.44338
0.199176	3.81893	0.382353
0.477393	2.08389	0.246452
0.37358	2.04543	0.913409
0.697648	0.998633	1.40242
0.416366	1.96489	0.744842
0.746183	0.240632	2.85965
1.3359	0.288237	1.42003
1.07326	0.535062	1.26772
0.493644	1.64995	1.05963
0.348641	0.218905	4.52658
0.328725	1.42443	2.21765
1.55405	0.411071	0.262457
1.71589	0.276326	0.319988
0.632925	0.218336	3.66737
0.632925	0.218336	3.66737
0.398884	1.47629	1.76604
1.81661	0.248631	0.24439
0.55594	0.292016	3.57181
0.748277	0.472702	2.30723
1.38185	0.349843	1.18582
0.22035	2.55596	1.71714
0.771046	0.248747	2.76346
0.897481	0.266146	2.61444
0.283112	0.281282	4.69225
0.229096	2.4207	2.0129
0.929913	0.481099	1.86811
0.72768	1.05721	1.08047
0.297643	0.209284	4.98319
1.282	0.328103	1.39169
0.362987	1.19984	2.42685
0.466251	1.84784	0.678489
0.596311	0.267219	3.57332
1.60674	0.283641	0.591564
0.730412	0.50142	2.54198
0.819946	0.260418	2.68006
0.619649	0.829816	1.67134
1.02696	0.408686	1.75333
0.353283	1.5741	1.95829
0.327558	2.61628	0.622507
0.94537	0.70243	1.17527
0.230795	2.2836	2.30212
1.24606	0.647859	0.26521
0.372237	0.223758	4.21485
0.738817	1.57631	0.27464
0.875169	0.897875	0.783518
0.316151	2.19572	1.36943
1.44528	0.335995	1.00813
0.892788	0.297281	2.46529
0.714242	1.03426	1.22218
0.206582	3.63443	0.703706
1.01719	0.246838	2.38532
0.513933	0.924324	1.97047
1.4157	0.263754	1.36532
0.348161	0.227021	4.41386
0.235662	0.210746	5.07147
0.272124	0.296472	4.69326
0.724622	0.223103	3.09362
0.64325	0.743795	2.18731
0.209949	2.47501	1.84018
0.733318	0.237049	2.94984
0.492391	0.326249	3.85449
1.36378	0.418124	0.737222
0.200901	3.57351	0.8041
0.300507	0.207663	4.98299
0.916141	0.362553	1.91915
0.348732	0.283613	4.15497
0.310553	0.307993	4.10648
0.737824	0.508418	2.52523
0.200618	3.62218	0.709677
0.523514	0.959312	1.82123
0.815181	0.476576	2.00194
1.35994	0.374687	0.836339
1.1232	0.797856	0.392015
1.92097	0.202789	0.340736
1.04915	0.610228	1.13873
0.319824	2.24986	1.30147
0.6002	0.301118	3.11428
1.15767	0.601643	0.551784
0.507411	1.89627	0.375398
0.425386	2.00533	0.591473
0.674571	0.266525	2.83647
0.381017	0.227579	4.12252
0.368301	2.38097	0.337953
0.395952	2.17892	0.788299
1.21508	0.601319	0.419076
0.582254	1.39108	0.974584
0.692638	1.17015	0.978635
0.853475	0.250412	2.61674
0.344192	2.13152	1.12743
0.559346	1.92874	0.218529
1.773	0.271616	0.208843
0.288816	0.251457	4.88336
1.10708	0.423904	1.48914
1.49473	0.307046	1.00515
0.987704	0.851636	0.441061
0.5308	1.86848	0.222612
0.722123	0.242719	2.95069
0.336541	2.69162	0.273072
0.404488	2.00583	0.767201
0.955171	0.427431	1.5571
0.527714	1.68113	0.630956
0.509125	1.24546	1.41277
1.11003	0.775359	0.690884
0.862438	0.554299	1.6773
1.45194	0.302316	1.1791
1.20225	0.236315	1.73177
0.667871	1.74766	0.27475
0.305711	2.64918	0.433152
0.204277	2.57054	1.64964
0.355334	2.24298	0.96809
0.57352	0.293702	3.44575
0.956955	0.892941	0.438042
0.781114	0.950523	1.13426
0.676122	0.785349	1.80668
0.429936	0.194612	4.07674
0.195567	0.195567	6.19557
1.83468	0.246528	0.187545
0.253147	0.199373	5.05373
1.66505	0.299034	0.239928
0.334892	0.201374	4.80581
0.719515	0.211051	3.11817
1.59909	0.33265	0.287645
1.02699	0.361678	1.86194
0.20107	3.82458	0.379505
1.21892	0.668754	0.283448
0.289547	2.3341	1.23808
0.835105	0.596441	1.68824
1.71301	0.220811	0.645754
0.521096	0.880553	2.16281
1.26323	0.403473	1.15355
0.718807	0.219038	3.17911
0.198697	3.7609	0.462451
0.542079	1.53262	0.870015
0.331871	1.98562	1.49213
0.660345	0.285956	2.99521
0.20639	2.48908	1.80159
0.755559	0.24312	2.77161
0.198762	3.57522	0.794523
0.525028	0.218908	3.79432
0.209809	2.37807	2.04365
1.05676	0.232112	2.48331
0.561865	0.230829	3.6919
0.248467	0.199949	5.05299
0.446347	0.852779	2.50468
1.15565	0.214396	2.34265
0.553691	1.57038	0.750968
0.813535	0.395688	2.39948
0.473463	1.91105	0.559733
0.649103	1.41551	0.394563
1.57015	0.330485	0.33216
0.943862	0.956312	0.333349
0.210593	2.25688	2.29421
0.987571	0.817716	0.551971
0.903281	1.1087	0.212654
0.924448	1.13644	0.211412
0.646036	1.61202	0.502753
0.655927	0.218282	3.39672
1.21081	0.545769	0.758475
0.310063	2.28544	1.30957
0.636876	0.211066	3.56338
0.195733	3.71809	0.523076
0.826132	0.342074	2.51188
1.43503	0.316777	1.06478
1.00401	0.72593	0.995819
0.607424	1.29153	1.1136
0.198256	3.28807	1.26468
1.75757	0.230817	0.304618
0.63226	0.255147	3.33208
0.193036	3.99645	0.22187
0.411145	0.272208	3.85693
1.63368	0.321331	0.291777
0.595497	0.256494	3.47934
0.959821	0.504404	1.71014
1.45382	0.258915	1.29531
0.582917	0.282997	3.25027
0.222745	2.6871	1.53691
0.197594	3.52138	0.894769
1.05066	0.669078	0.91877
0.571462	0.224672	3.71326
0.395945	0.285318	3.89142
0.371414	2.14624	0.794093
0.862907	0.210915	2.60253
0.855012	0.772573	1.68138
0.456315	0.939913	2.24146
0.306717	2.66132	0.338361
0.434868	1.27612	1.57904
0.209434	2.39829	1.99911
0.616933	0.228669	3.46848
1.72299	0.263788	0.318049
0.283634	2.05671	1.40681
0.734397	1.06453	1.1042
1.35282	0.444523	0.685479
1.16753	0.644742	0.518882
1.88531	0.233768	0.190509
0.513014	1.81027	0.298465
0.294495	2.45789	0.946254
0.504734	1.0765	1.60719
0.37035	0.218052	4.18632
0.357965	0.237306	4.30335
1.29606	0.529391	0.432087
1.82514	0.247749	0.236173
0.422617	0.214364	4.04013
0.673217	0.274854	2.99329
0.504012	1.74432	0.619514
1.29188	0.5233	0.479336
0.509445	1.75982	0.472823
0.396679	1.7023	1.42141
1.78789	0.27176	0.192824
0.687201	0.223044	3.28816
0.194863	3.66676	0.6102
0.488488	1.44336	1.37691
0.427575	1.22759	2.08346
0.299576	1.96183	2.69956
0.3415	0.224161	4.5704
0.361038	0.205647	4.50861
1.74715	0.291358	0.197757
0.62449	0.292445	2.93662
0.400513	2.07937	0.561666
1.46709	0.370768	0.522948
1.87263	0.205371	0.351429
1.10444	0.417126	1.39814
1.1797	0.482697	1.04619
0.196051	3.47358	0.97977
0.584486	1.24182	1.32553
0.752212	0.495105	2.63054
0.286844	2.19128	1.37116
0.793734	0.599249	1.85026
1.11438	0.603585	0.689775
0.884106	0.901364	1.27541
0.780679	0.239217	2.84992
0.574447	0.349017	2.92397
1.13413	0.677523	0.517122
0.559662	0.788258	1.99732
0.599737	1.37337	0.952513
0.775665	1.23926	0.462809
0.196411	3.5418	0.852177
0.972937	0.688386	1.17124
0.223402	2.61463	1.63037
0.391483	2.57618	0.220541
0.388164	2.22396	0.295947
1.37426	0.455542	0.47908
0.193502	3.95567	0.243456
1.48283	0.463022	0.200627
0.819551	1.00737	0.60802
0.967144	0.739034	1.00941
0.465159	1.58625	1.22461
1.01577	0.754381	0.844565
1.80106	0.266618	0.193379
1.48727	0.280857	1.00675
0.400377	1.64176	1.42335
0.282391	2.0574	1.40548
0.888053	0.479928	1.74082
0.258453	2.06754	2.63045
1.91739	0.203423	0.259034
0.367379	0.239411	4.19789
0.738431	1.0507	1.37268
0.38072	1.49993	1.49972
1.52292	0.324878	0.535434
0.742809	1.17426	0.907679
1.51106	0.299779	0.912046
0.389368	0.182038	4.25934
0.173645	3.98066	0.200972
1.93154	0.198951	0.178854
0.18118	4.09776	0.18347
0.251534	0.203617	4.98641
2.00708	0.18768	0.180435
0.180284	3.56205	0.765777
0.290383	0.2161	4.80059
0.305017	0.212533	4.69301
0.565218	0.783639	2.03299
1.62458	0.226329	0.713341
1.0213	0.685427	0.621527
1.65834	0.236895	0.601515
0.186619	2.58395	1.5847
0.36456	0.19826	4.33595
0.4153	0.877914	2.58153
0.312201	0.199314	4.60941
1.06579	0.721147	0.616424
0.331025	2.51419	0.237316
1.4789	0.271715	1.03123
0.177611	3.1129	1.35571
0.385732	1.94609	1.04522
0.192163	3.76541	0.43936
0.195973	2.41758	1.91596
0.657641	0.474977	2.85101
0.578616	0.476575	2.90516
0.840671	0.806899	1.11066
1.57461	0.260713	0.524032
0.18256	3.83029	0.331946
1.40232	0.509798	0.452416
1.97757	0.189806	0.195333
0.612681	0.756676	1.92641
0.190419	2.62686	1.53644
0.234463	2.33872	2.2036
0.178647	2.83189	1.3849
0.869793	0.376973	1.78754
0.177784	4.01048	0.195791
0.17735	3.63827	0.612701
1.59342	0.310795	0.259573
0.387393	2.12052	0.39847
0.187396	3.87957	0.290741
1.78458	0.226849	0.201582
0.543225	0.800049	2.2483
0.347629	2.0658	1.1542
0.390862	2.14982	0.326331
0.260247	1.80384	1.56272
1.29164	0.337725	1.19934
1.82596	0.205465	0.317692
1.90996	0.188383	0.265563
0.202699	3.25673	1.30528
0.381229	0.201734	4.13985
0.181499	2.90488	1.38181
0.181907	3.04788	1.37712
0.80936	0.403587	2.35871
1.11827	0.550674	0.842466
1.24429	0.427773	0.853708
0.188752	3.38067	1.1185
0.346516	0.203975	4.54078
1.85268	0.20056	0.421796
1.80622	0.252532	0.192649
1.43974	0.35473	0.512249
0.554981	1.03107	1.51554
1.37379	0.372043	0.575058
0.51314	1.51656	0.947647
1.01031	0.941162	0.365058
0.180202	3.00391	1.37923
1.76629	0.189017	0.729556
0.232648	2.20225	2.44581
0.184332	3.91596	0.254751
0.215619	2.23919	2.34062
0.187831	2.67008	1.48391
0.334558	2.35478	0.551801
0.267403	2.31459	1.20588
0.40904	0.185043	4.13243
0.180746	2.94469	1.38075
1.68886	0.225539	0.467147
0.662211	0.418197	2.75337
0.232561	2.27946	2.31501
0.621218	0.513894	2.78914
1.13531	0.195736	2.15384
0.338998	1.3298	2.28765
0.400894	0.976693	2.56004
0.987752	0.644569	0.964187
0.246569	2.04977	1.39267
0.206488	2.74786	1.45551
1.22877	0.495513	0.523859
1.30624	0.442563	0.499053
0.491576	1.04569	2.07522
0.263949	0.220934	4.94823
0.749917	1.12235	0.810067
1.4992	0.32595	0.778259
0.186475	3.35452	1.15233
0.325912	0.210029	4.40745
0.182957	3.18527	1.32657
0.18118	4.09776	0.18347
0.533943	1.47823	1.03353
0.181709	3.17661	1.33013
1.73962	0.225565	0.429297
1.44159	0.309424	1.2386
1.1517	0.4556	1.07085
1.10769	0.321603	1.72935
1.09469	0.538613	1.09094
0.32331	2.00717	1.22176
0.373476	1.85851	1.27082
0.834549	1.38033	0.253318
0.337501	2.4122	0.404961
0.182916	3.29694	1.2213
0.185499	2.69288	1.45923
0.187201	2.78571	1.40781
0.6757	1.21337	0.90947
0.194648	3.48327	0.957959
1.534	0.234675	1.1887
0.474023	1.36881	1.36962
1.88978	0.213822	0.182889
0.382356	1.98658	1.10914
0.417511	1.57854	1.44236
0.429221	1.70675	1.0106
0.977148	0.261691	2.10338
0.264902	1.88654	1.40042
0.524338	0.957615	1.85404
0.638826	0.498411	2.70121
0.184339	3.66532	0.583312
0.772925	1.16249	0.541735
0.355088	1.53194	1.64269
0.735429	1.2157	0.670131
0.858691	0.693609	1.4665
0.617865	0.362467	3.23713
1.17246	0.261061	1.42908
0.523258	1.42627	1.25004
0.481215	1.45766	1.30156
0.54153	0.504797	3.22703
1.34242	0.402142	0.96951
0.924637	0.394797	1.72226
0.664732	0.3969	2.62344
0.744075	0.587634	2.41853
0.281771	2.25484	1.19761
0.762885	1.09769	0.901591
1.00428	0.26025	2.50268
1.16855	0.46329	1.00169
0.377027	1.84278	1.31289
0.186393	3.71983	0.495477
0.936784	1.17043	0.306251
0.908209	0.244721	2.52843
1.08024	0.200844	2.4035
0.290077	0.206743	4.88931
0.328809	1.60404	1.63559
0.441818	1.27119	1.41596
0.981795	0.664182	0.98453
0.590985	0.728504	2.15854
0.894393	0.476312	1.6842
0.318289	2.7567	0.309119
0.388278	1.81592	1.13676
0.804774	0.772589	1.29232
0.785913	1.17961	0.427697
0.69713	1.25451	0.53402
1.71434	0.203744	0.640829
1.51222	0.307496	0.488651
1.20026	0.393914	1.39664
0.418946	1.39273	1.64463
0.947846	0.911215	0.664173
0.948751	0.345403	1.62304
0.183808	3.69954	0.522268
1.6982	0.238003	0.422815
0.184798	3.44173	1.00564
1.20846	0.514994	0.563675
0.302029	0.235219	4.47218
0.965909	0.617983	1.21119
1.94873	0.197986	0.180993
1.20757	0.194248	1.8123
0.296812	1.60246	2.17707
0.966162	0.419396	1.61721
0.466829	2.22424	0.249606
0.173645	3.98066	0.200972
2.05296	0.179145	0.175478
1.94035	0.192976	0.173891
0.176849	4.12377	0.177442
1.82237	0.176294	0.628379
1.83878	0.188803	0.385497
0.176041	2.82391	1.38325
0.187637	3.38559	1.10789
0.224653	2.41255	2.01639
0.666126	0.233281	3.09305
0.998831	0.726537	0.998407
0.261201	2.19286	2.52645
0.200205	3.5383	0.870006
0.678182	0.212626	3.24677
0.745979	0.21459	2.72756
0.175555	4.04977	0.183323
0.567446	0.206749	3.7111
0.427695	1.90183	0.587656
1.45971	0.264368	1.03928
1.07898	0.32577	1.63126
0.189214	3.63748	0.647978
0.769526	0.189883	2.83682
0.529535	0.205838	3.79972
0.63276	0.218366	3.39636
0.255117	2.26763	2.39942
0.317669	2.74489	0.205478
1.69884	0.196879	0.765074
0.403616	0.199755	3.90323
0.179064	3.91748	0.244565
1.04995	0.521184	1.42829
0.21912	2.30909	2.21743
0.190006	3.8679	0.307108
0.57409	0.781963	2.41286
1.74611	0.216012	0.277577
0.312325	0.204097	4.63471
0.187371	2.63698	1.51781
0.175357	2.70938	1.4292
0.176086	3.14654	1.33858
0.187226	3.4972	0.910607
0.410764	1.17322	1.9565
0.717354	0.215903	3.00379
1.7198	0.236032	0.429234
0.373957	0.203535	4.05367
0.376851	1.9636	0.869805
0.580847	0.230418	3.4818
0.381212	0.181711	4.21662
0.176161	2.46323	1.76281
0.626374	0.208392	3.5881
1.67826	0.313907	0.234161
0.176793	3.00955	1.37531
0.181165	2.90417	1.38148
0.181642	3.5798	0.735504
0.175089	3.08735	1.3607
0.45988	1.5897	1.12946
1.33941	0.33008	1.22025
0.552581	0.290449	3.57935
0.311296	0.207485	4.91623
0.383249	1.24871	2.0907
0.387194	1.21546	1.6868
0.180469	3.30548	1.20519
1.4139	0.262527	1.20597
0.520982	1.0291	1.72063
2.01916	0.179988	0.184006
0.696956	0.287616	2.78451
0.831585	0.24737	2.59869
0.373957	0.203535	4.05367
0.73471	1.0182	1.20363
0.961253	0.491062	1.47429
0.8919	0.26102	2.4474
0.197617	3.28882	1.26251
0.27505	2.37183	0.895081
1.19699	0.257266	1.44595
0.797705	0.425503	2.31907
1.35822	0.370851	0.738413
1.29032	0.353693	1.12708
1.61227	0.27325	0.988039
0.182039	3.81261	0.351715
0.489142	1.84532	0.33062
0.352584	1.99371	1.18736
1.50453	0.326347	0.368178
0.921326	0.705728	1.15783
0.466934	1.74448	0.728469
0.337427	0.189595	4.55345
0.757389	1.12405	0.618837
0.345189	1.36411	1.72687
0.359088	2.0482	1.04383
1.24151	0.404121	1.07624
0.507989	1.69668	0.561724
0.436968	1.44417	1.36663
0.378652	0.189977	4.47169
0.62185	0.852689	1.88971
0.418337	1.6362	1.31229
1.55849	0.285503	0.508688
1.18072	0.568401	0.612658
0.327598	2.59267	0.208082
0.177875	2.56278	1.59426
0.217475	2.36561	2.09436
0.19705	3.21975	1.32606
1.98373	0.187942	0.176161
0.811984	0.971094	0.801477
0.869994	0.943046	0.478663
0.301439	2.53687	0.511118
0.22083	2.08303	2.55807
1.26928	0.603691	0.41983
0.317189	0.201768	4.77727
0.304988	2.49534	0.557801
0.544992	0.905434	2.26944
0.312758	1.80147	1.56158
1.51384	0.312577	0.483539
0.655682	0.223452	3.33784
0.368155	2.01804	0.837419
0.307661	2.15374	1.23452
0.476128	1.63141	1.02055
0.791587	1.46165	0.275407
0.175847	2.92491	1.37586
0.703398	0.271195	2.9205
0.17593	2.98557	1.37549
0.493015	1.85376	0.320283
0.192537	3.44936	1.01358
0.195336	2.45128	1.84402
0.936591	0.456207	1.52759
0.349585	0.19884	4.30497
0.685975	0.211233	3.07793
0.395011	1.50279	1.41606
0.785141	0.24065	2.61394
0.193322	3.22119	1.31831
1.31018	0.567036	0.184873
1.37692	0.266643	1.28298
0.615154	0.212761	3.45243
1.12255	0.456991	1.20749
0.980209	0.345033	1.95131
1.54457	0.290919	0.469998
1.65398	0.252834	0.462077
0.177904	4.11327	0.178973
0.415156	1.81319	0.928295
0.809675	1.20198	0.227896
0.185442	3.43388	1.02128
0.391125	2.09804	0.41851
0.286318	2.3423	1.28151
0.655682	0.223452	3.33784
0.189842	3.69308	0.549661
0.426675	1.27636	1.62668
1.13927	0.560029	0.702587
0.417687	0.19184	3.90205
0.188369	3.73985	0.468651
1.03309	0.956318	0.232005
1.08823	0.256229	1.61409
0.727395	0.882605	1.35509
0.329194	0.196872	4.72328
0.932907	0.340572	2.26893
0.814714	0.378048	2.51073
1.01204	0.540418	1.27329
0.173645	3.98066	0.200972
0.576214	0.202229	3.72553
2.03149	0.180511	0.174653
0.344362	0.197771	4.40189
1.58662	0.206399	1.19902
1.16994	0.681509	0.411164
0.603717	1.69674	0.399343
1.01814	0.86348	0.448308
0.194965	3.77165	0.437117
0.460842	1.51196	1.25871
0.284704	0.19387	4.99317
1.7724	0.277756	0.236762
0.341938	2.1407	0.798511
0.510551	1.14995	1.38321
1.96453	0.181649	0.207374
1.39081	0.478098	0.188516
1.02891	0.66333	0.986045
0.615771	0.230064	3.26138
0.509231	1.41528	1.34395
0.620068	1.72787	0.307976
0.854071	0.229212	2.59898
0.533579	1.55498	0.642869
0.862009	0.558614	2.22636
0.79712	0.585044	2.37645
0.551703	0.874771	2.29018
0.45285	1.77801	0.66729
1.47626	0.313696	0.551539
0.350946	0.182625	4.5317
1.16663	0.62162	0.430419
0.320394	2.62908	0.208082
0.35797	0.193285	4.37127
1.25489	0.479576	0.674153
0.698313	0.219851	3.01503
1.1031	0.536459	1.30017
0.176853	3.10623	1.35708
0.79635	0.391831	2.47358
0.364761	0.190308	4.32365
0.381212	0.181711	4.21662
0.193856	4.00439	0.219755
0.256155	0.208481	5.04569
2.08798	0.169243	0.168117
0.457967	0.240597	3.86695
0.224256	2.61996	1.62468
0.734972	0.222178	2.98831
0.284789	2.25358	1.37602
0.728062	0.672577	1.66975
0.229423	2.11581	2.54508
0.639788	0.348319	2.72496
0.546244	0.863857	2.42818
1.47904	0.373562	0.496665
0.298417	2.91729	0.201067
0.710802	0.20833	3.35143
0.563322	0.283283	3.69299
0.228699	2.27142	2.31895
0.234529	2.34906	2.18238
0.476333	1.22663	1.64743
0.208375	2.69988	1.49581
0.209854	3.44704	1.06522
0.502491	2.06471	0.20527
0.234718	2.18078	2.48123
0.433962	0.889895	2.65214
1.1505	0.506806	1.11663
0.677431	0.244535	3.09156
1.81791	0.211364	0.478775
1.06233	0.569234	1.19811
0.30988	0.232853	4.89175
0.626683	1.35806	0.858741
0.444451	0.921158	2.64545
0.55411	0.74577	2.39304
0.613964	0.237769	3.53265
0.314278	1.6012	1.91443
0.478935	1.91665	0.374793
0.76447	0.230682	2.93329
0.688967	0.218607	3.28668
0.921516	0.993131	0.701739
0.680568	0.212269	3.43291
0.583705	0.222799	3.75773
1.10111	0.698973	0.935776
1.62826	0.243412	0.9684
0.502623	2.00575	0.248346
0.20706	3.70312	0.579357
0.757066	0.216881	3.09051
0.238441	2.32218	2.24932
0.775057	1.26005	0.282444
1.3261	0.381877	1.13258
1.69008	0.284294	0.396226
1.09105	0.552802	1.25959
1.03941	0.770161	0.934842
0.363102	1.67356	1.8802
1.28443	0.37031	1.31368
1.12977	0.520703	1.24074
0.427974	2.19482	0.293682
0.953743	0.416452	1.59266
0.590508	0.802934	1.86572
1.58509	0.286811	0.719483
0.826802	1.02132	0.757037
0.516321	1.50821	1.28231
1.07394	0.311425	1.73457
0.377353	1.46641	1.78867
0.783641	0.234574	2.83656
0.231261	1.99145	2.62149
0.496505	1.81078	0.646025
0.741738	1.39209	0.239903
0.421203	1.3237	1.61248
0.698649	0.973713	1.35709
0.75975	0.236179	2.89062
1.30631	0.401279	1.23294
0.457994	0.240345	3.86154
0.468972	1.83098	0.566401
0.197917	3.79864	0.406145
0.964595	0.258522	2.56749
0.613149	0.840482	1.57152
0.350816	2.45541	0.603363
1.44237	0.339131	0.805411
1.01233	0.3561	2.00776
0.897207	0.89868	0.898288
0.751697	0.211754	3.29167
0.571253	0.280061	3.61531
0.301368	1.72695	1.64148
0.372872	1.41678	1.94405
0.609792	0.831278	1.76231
0.799174	1.15564	0.599431
0.698934	0.238853	3.20628
1.22925	0.432927	1.14636
1.34207	0.399334	1.02302
1.08123	0.24753	2.3471
0.593082	0.261294	3.61209
0.721953	0.274046	2.8157
0.464908	1.44366	1.39357
1.56288	0.275724	0.738813
1.59592	0.244799	0.835516
0.21139	3.50411	0.967111
0.596157	1.86014	0.224103
0.842119	0.339657	2.52868
0.871876	0.349291	2.45744
0.193856	4.00439	0.219755
1.05554	0.632478	1.28658
1.52207	0.283148	1.05132
0.848435	0.449646	1.98683
0.456795	1.5015	1.40224
0.566471	0.760523	2.28138
1.46658	0.27842	1.29738
0.377814	1.17725	2.47516
0.939015	0.361009	2.0505
0.811787	0.230104	2.76391
0.973416	0.728027	1.13813
1.00194	0.303202	2.08208
0.304646	2.73595	0.346783
1.19462	0.259526	1.75608
0.835734	0.442749	2.23889
0.52741	0.717944	2.5353
0.604459	1.42022	0.911445
0.894281	0.383983	2.2425
1.39055	0.333934	1.27649
1.40959	0.383138	0.735818
0.482197	1.69908	1.07691
1.11725	0.369163	1.44751
0.530679	1.10896	2.21103
0.430448	1.13125	2.25649
0.384521	1.28984	2.08644
1.24634	0.239719	1.81373
1.22162	0.505146	0.993402
