0.0930613	0.276919	0.13003
0.0333	0.424435	0.0422724
0.0953351	0.0112986	0.393369
0.483243	0.00584252	0.0143494
0.459583	0.0341049	0.0063158
0.218445	0.193182	0.0883757
0.0820141	0.403054	0.0149362
0.190797	0.288692	0.0205224
0.468891	0.0161393	0.0149737
0.161887	0.0612685	0.276852
0.476758	0	0.0232444
0.0750327	0.411916	0.0130552
0.0449314	0.363099	0.091975
0.0612355	0.300384	0.138386
0.492374	0.00153773	0.00609146
0.374706	0.116175	0.00912288
0.00374585	0.396762	0.0994958
0.365648	0.123989	0.0103663
0.382158	0.0475505	0.074821
0.116599	0.0746244	0.30878
0.00828073	0.454348	0.0381547
0.131831	0.159576	0.208599
0.405674	0.0267522	0.0675773
0.0904311	0.303985	0.105588
0.041234	0.0252636	0.433508
0.280037	0.0778569	0.142111
0.211119	0.0640946	0.224792
0.283769	0.181014	0.0352229
0.0497208	0.342656	0.10763
0.0587488	0.0162553	0.425762
0.0550355	0.27287	0.172098
0.227509	0.0866674	0.185863
0.0751016	0.021975	0.402933
0.044238	0.258247	0.197525
0.388917	0.0980931	0.0129942
0.204725	0.0567309	0.238549
0.0856559	0.0602773	0.354073
0.0491864	0.217278	0.233539
0.153459	0.185757	0.16079
0.0623125	0.0186871	0.419004
0.140689	0.170299	0.189019
0.0392462	0.243407	0.217351
0.00796191	0.022413	0.469632
0.00889568	0.488089	0.0037992
0.349918	0.142995	0.00709079
0.198947	0.0135323	0.287525
0.0249252	0.371196	0.103889
0.0233593	0.140368	0.336278
0.0353363	0.022631	0.442042
0.323908	0.00111032	0.174987
0.144305	0.222948	0.133461
0.418363	0.0705833	0.0110577
0.0753832	0.0669291	0.357691
0.451915	0.0302884	0.0178059
0.240502	0.210668	0.0488342
0.104514	0.0123864	0.383102
0.268527	0.0832799	0.148198
0.0396582	0.213545	0.2468
0.411972	0.0477127	0.041032
0	0.497432	0.0025739
0.0203807	0.32306	0.156564
0.0838552	0.118033	0.298116
0.397843	0.0406123	0.0615483
0.00646926	0.0438184	0.449715
0.0489019	0.268463	0.18264
0.193796	0.056116	0.250093
0.135618	0.00282585	0.361563
0.302615	0.195797	0.00159246
0.0154898	0.0690917	0.415422
0.019134	0.0931362	0.387734
0.00375357	0.428494	0.0677566
0.0303393	0.461738	0.00792778
0.106063	0.0690403	0.3249
0.0970699	0.252792	0.150143
0.334293	0.103378	0.062335
0.184731	0.0560989	0.259174
0.275717	0.0873216	0.136966
0.0568067	0.332397	0.110801
0.0462358	0.203675	0.250092
0.355746	0.0005971	0.14366
0.0186412	0.466834	0.016742
0.0633974	0.33711	0.0994957
0.165433	0.0502326	0.284341
0.00394323	0.0160592	0.48
0.148037	0.239855	0.112117
0.000797585	0.0210591	0.478148
0.0659351	0.377039	0.060698
0.00672683	0.450352	0.042925
0.0326602	0.164641	0.302712
0.0115888	0.47037	0.0180444
0.441316	0.00151278	0.0571761
0.0274966	0.00761383	0.464896
0.0791698	0.367895	0.0529475
0.0434247	0.0278111	0.428772
0.0372549	0.0238597	0.438891
0.339815	0.128337	0.0318532
0.232973	0.150738	0.116293
0.00614587	0.0422042	0.451655
0.333619	0.136334	0.0300508
0.0434401	0.132622	0.328451
0.00926179	0.293223	0.197525
0.392684	0.0553337	0.0519866
0.427574	0.00220402	0.0747334
0.174946	0.0612481	0.26381
0.0771255	0.235463	0.191924
0.170488	0.151673	0.177842
0.182352	0.161902	0.15575
0.220146	0.156078	0.12378
0.243885	0.000756379	0.255363
0.0699173	0.411534	0.0185555
0.0213024	0.477335	0.00136566
0.177989	0.0540739	0.267942
0.0173798	0.105222	0.377403
0.367455	0.124308	0.00824261
0.249291	0.0150363	0.235675
0.019974	0.316612	0.163417
0.234184	0.0635669	0.202252
0.155064	0.0717867	0.273153
0.00943025	0.000763735	0.489818
0.25491	0.162991	0.0821025
0.0324982	0.00909015	0.458416
0.114224	0.38572	5.98767e-05
0.0675677	0.0909361	0.345179
0.223739	0.249913	0.0263512
0.156728	0.0505698	0.292707
0.141863	0.148026	0.213564
0.165784	0.013574	0.320646
0.289036	0.183788	0.0271811
0.097633	0.0603777	0.342008
0.0562587	0.436654	0.00709079
0.444369	0.0152952	0.0403401
0.057385	0.146522	0.296097
0.189491	0.265831	0.044682
0.225334	0.219162	0.0555104
0.150904	0.233145	0.120046
0.121465	0.30992	0.0686209
0.0322173	0.246426	0.22136
0.111051	0.355013	0.0339396
0.430722	0.010083	0.0591992
0.157503	0.176573	0.165929
0.403128	0.0195678	0.0773091
0.237839	0.0725175	0.189648
0.124807	0.314801	0.0603962
0.00328165	0.347594	0.149128
0.0628872	0.351526	0.0855948
0.246046	0.101303	0.152655
0.371727	0.113341	0.0149362
0.00600151	0.0328016	0.461209
0.159095	0.228794	0.112116
0.296861	0.0108612	0.192285
0.275102	0.2059	0.0190036
0.319032	0.097267	0.0837078
0.0293046	0.264047	0.206653
0.290774	0.0831969	0.126039
0.271667	0.173294	0.0550459
0.0308469	0.15686	0.312297
0.13657	0.0484356	0.314998
0.309989	0.090704	0.0993167
0.251221	0.0961281	0.152655
0.214748	0.0947013	0.190555
0.321957	0.0594906	0.118559
0.0704355	0.355646	0.0739253
0.0260876	0.139765	0.334151
0.395704	0.0320472	0.0722605
0.211446	0.0641939	0.224365
0.301698	0.0367714	0.162297
0.0299905	0.444051	0.0259643
0.025604	0.44199	0.0324095
0.233971	0.151943	0.114089
0.0996787	0.276816	0.12689
0.128206	0.109534	0.262264
0.449181	0.00791602	0.0429086
0.274319	0.178544	0.0471433
0.305571	0.000294448	0.19418
0.0868857	0.222346	0.190772
0.1031	0.311121	0.0857839
0.0109853	0.481093	0.00792778
0.329988	0.0928183	0.0771974
0.020018	0.119975	0.364319
0.101396	0.3296	0.0733565
0.261843	0.232478	0.00568453
0.416881	0.0571782	0.0259453
0.108895	0.343323	0.0485003
0.0461123	0.358605	0.0952863
0.175987	0.0536003	0.270418
0.0355932	0.0911643	0.373246
0.307613	0.0337865	0.158605
0.19904	0.120793	0.180173
0.0176187	0.112958	0.369427
0.260707	0.231469	0.00782835
0.337527	0.00765036	0.154828
0.165305	0.0920036	0.242693
0.0328926	0.390398	0.076713
0.0482634	0.130156	0.321591
0.0472272	0.382068	0.0707095
0.137613	0.0488056	0.313584
0.199207	0.0548056	0.248204
0.480786	0.00809603	0.0111387
0.0671546	0.00900443	0.423855
0.363336	0.0596325	0.0770418
0.17197	0.297983	0.0300548
0.375557	0.0363023	0.088156
0.468536	0.0126057	0.018867
0.0373684	0.156877	0.305778
0.0340158	0.0542597	0.411746
0.146489	0.344116	0.00940263
0.16464	0.0988739	0.236497
0.425098	0.016106	0.0588034
0.395816	0.0385143	0.0656857
0.419819	0.015906	0.0642816
0.0327845	0.0919999	0.37525
0.434533	0.0444175	0.0210558
0.0730115	0.401454	0.0255426
0.382971	0.0183454	0.0986924
0.00609823	0.486155	0.00775658
0.162496	0.0104164	0.327095
0.405098	0.0868632	0.00804921
0.45226	0.00887704	0.0388752
0.0515065	0.15015	0.298356
0.446443	0.0038539	0.0497089
0.264053	0.178669	0.0572859
0.131922	0.190714	0.177372
0.0617178	0.00542118	0.43287
0.0452652	0.182394	0.272355
0.310387	0.115582	0.0740515
0.0313049	0.420993	0.0477264
0.00183007	0.0123027	0.485873
0.066033	0.427453	0.00652843
0.0996312	0.352248	0.0481328
0.193835	0.283337	0.022839
0.133475	0.272179	0.0943516
0.038993	0.0621991	0.398821
0.0108856	0.000533478	0.494144
0.104213	0.292127	0.103672
0.331211	0.055853	0.11295
0.0384021	0.460888	0.000722479
0.114226	0.0201345	0.36565
0.0739724	0.0887555	0.337278
0.153677	0.316714	0.0296155
0.00223563	0.365335	0.132442
0.0818679	0.331606	0.0865428
0.0568536	0.382199	0.0609525
0.391198	0.0206585	0.0881554
0.0529654	0.356956	0.0900906
0.300416	0.00195922	0.197635
0.0502619	0.147135	0.302618
0.137047	0.222541	0.140425
0.00139927	0.13641	0.362204
0.0180028	0.0954408	0.386564
0.0468621	0.206259	0.246906
0.102903	0.173151	0.223957
0.186979	0.266457	0.0465879
0.135105	0.0508247	0.314076
0.488196	0.00726792	0.00454741
0.284259	0.210599	0.00515136
0.0861232	0.361556	0.0523366
0.0751234	0.232158	0.192732
0.101351	0.370056	0.0286246
0.380024	0.047725	0.0722673
0.0257267	0.259508	0.214778
0.438205	0.0196277	0.0421798
0.130082	0.181295	0.188632
0.0869205	0.0209763	0.392136
0.0919376	0.134389	0.273697
0.251524	0.0794293	0.169067
0.228706	0.144063	0.127239
0.327137	0.0518351	0.121039
0.115316	0.161884	0.222808
0.322573	0.0854969	0.09194
0.0344551	0.012854	0.452716
0.224181	0.190942	0.0848871
0.123192	0.0840226	0.292795
0.338033	0.124616	0.0373598
0.354103	0.00961109	0.136303
0.256768	0.00320493	0.240039
0.143686	0.241624	0.114698
0.0260996	0.0172574	0.45665
0.120636	0.338528	0.0408634
0.00713798	0.43925	0.0536269
0.0636449	0.000138835	0.436228
0.220613	0.0401328	0.23928
0.0795451	0.404818	0.0156471
0.0916795	0.39484	0.0134955
0.360542	0.106092	0.0333776
0.177471	0.162399	0.160142
0.31757	0.0778651	0.104577
0.161178	0.153011	0.185834
0.0300499	0.445983	0.0239775
0.340778	0.0079406	0.151292
0.288348	0.06643	0.145236
0.349014	0.0320052	0.118992
0.304796	0.114945	0.0802777
0.156099	0.0748505	0.269065
0.0452902	0.202321	0.252417
0.492713	0.00291634	0.0043829
0.0495099	0.00501954	0.445482
0.07743	0.305778	0.116798
0.160257	0.107426	0.23233
0.211249	0.217109	0.0716473
0.0597633	0.123166	0.317081
0.0295426	0.00741242	0.463053
0.0581205	0.409085	0.0328035
0.272135	0.0733575	0.154524
0.0231176	0.0310256	0.44588
0.0481538	0.432864	0.0189969
0.00537703	0.477336	0.0173063
0.140606	0.00338798	0.356021
0.17761	0.256719	0.0656854
0.086583	0.127153	0.286272
0.100671	0.0182747	0.381092
0.277175	0.0679605	0.154881
0.0250889	0.208534	0.266393
0.276221	0.0677267	0.156067
0.118696	0.0349272	0.346388
0.0513601	0.125725	0.322927
0.107929	0.181608	0.210473
0.0162049	0.474072	0.00973581
0.181444	0.250197	0.0683668
0.0873525	0.0617517	0.350904
0.461096	0.0245859	0.0143321
0.292884	0.0814351	0.12569
0.155687	0.279417	0.0649087
0.345572	0.121407	0.033037
0.110886	0.160276	0.228853
0.0535337	0.413671	0.0328034
0.152041	0.104042	0.243926
0.187857	0.0193562	0.292794
0.294576	0.0819057	0.123526
0.113641	0.105038	0.28135
0.0835907	0.130145	0.286272
0.289359	0.0620458	0.148612
0.0491475	0.0460574	0.404801
0.0263564	0.456331	0.017325
0.411542	0.0278289	0.0606365
0.174896	0.243753	0.081359
0.0680331	0.324788	0.107193
0.141608	0.30869	0.049709
0.0010321	0.33609	0.16289
0.0151002	0.484912	0
0.148704	0.101758	0.249563
0.0023758	0.321968	0.175662
0.0698883	0.261914	0.168203
0.0405992	0.118954	0.340457
0.0835237	0.374909	0.0415795
0.241252	0.0508822	0.207877
0.232955	0.139813	0.127239
0.108851	0.111655	0.279523
0.24763	0.235081	0.0173062
0.234228	0.245269	0.020511
0.459986	0.0245267	0.0154983
0.0322078	0.0903817	0.377444
0.217207	0.0579899	0.224823
0.0676665	0.248948	0.183395
0.00671649	0.327936	0.165361
0.125287	0.198713	0.176014
0.260255	0.238153	0.0016075
0.267794	0.226304	0.005914
0.0967344	0.389787	0.0134956
0.352119	0.132631	0.0152593
0.0421806	0.288627	0.169197
0.0200633	0.435849	0.0440962
0.313338	0.11551	0.0711621
0	0.237483	0.262528
0.0486634	0.450286	0.00106449
0.030786	0.2136	0.255628
0.00814459	0.104412	0.38747
0.0293357	0.469956	0.000722482
0.0662777	0.108856	0.324876
0.0565698	0.239398	0.204041
0.132383	0.0233288	0.344298
0.148926	0.221185	0.129896
0.355874	0.0641361	0.0799992
0.126838	0.0223576	0.350815
0.0245856	0.00120489	0.474221
0.333402	0.0852463	0.0813588
0.316452	0.0763687	0.107193
0.328173	0.0281605	0.14368
0.0419309	0.4139	0.0441819
0.11635	0.168882	0.214776
0.0208051	0.0714365	0.407775
0.213596	0.214761	0.0716473
0.357262	0.0135359	0.129209
0.111548	0.0327958	0.355667
0.130965	0.301198	0.0678477
0.00481621	0.0277763	0.467417
0.269547	0.135475	0.0949943
0.028739	0.453946	0.0173249
0.181682	0.114286	0.204042
0.197704	0.247889	0.0544206
0.409555	0.0298203	0.0606371
0.285313	0.000622381	0.214077
0.202372	0.071098	0.226544
0.0236571	0.281306	0.195049
0.00299743	0.00733586	0.489688
0.0059427	0.188516	0.305558
0.0646818	0.0202414	0.415102
0.129601	0.270148	0.100297
0.0556209	0.0196056	0.424792
0.0901191	0.251016	0.158882
0.0857611	0.0316302	0.382647
0.406684	0.0857622	0.0075739
0.241747	0.0357604	0.222569
0.0570991	0.103491	0.33945
0.0105303	0.470863	0.0186489
0.338429	0.107088	0.0545021
0.314778	0.0124098	0.172848
0.0971652	0.0309247	0.371973
0.0700492	0.39965	0.0303212
0.33154	0.0417243	0.126757
0.156472	0.1409	0.202642
0.0204369	0.0460154	0.433574
0.0742589	0.0553279	0.370527
0.0477611	0.0472802	0.404997
0.0199796	0.0354373	0.444623
0.0599293	0.264118	0.175984
0.0284359	0.160331	0.311256
0.375067	0.0882938	0.0366999
0.153059	0.154069	0.192896
0.00825054	0.0385714	0.453225
0.425845	0.0539188	0.0209045
0.174182	0.096225	0.229627
0.0771361	0.42291	9.40239e-06
0.00177722	0.375041	0.123253
0.392304	0.0489563	0.0587645
0.211698	0.133124	0.155312
0.275032	0.03435	0.190666
0.0509503	0.0857136	0.363358
0.0934489	0.267157	0.13998
0.225162	0.257204	0.0176561
0.442749	0.0561705	0.00108771
0.214077	0.0477816	0.238172
0.293223	0.11607	0.0907451
0.122935	0.119821	0.257301
0.248782	0.0628781	0.19843
0	0.490144	0.00986586
0.231591	0.235562	0.0328626
0.0879315	0.230866	0.181233
0.0210065	0.00234276	0.476675
0.0345846	0.0257679	0.439724
0.481029	0.00899596	0.0100004
0.0761583	0.0301837	0.393673
0.279888	0.0708898	0.149257
0.00204469	0.429328	0.0687087
0.257813	0.237186	0.00505277
0	0.256217	0.243788
0.186656	0.182204	0.131152
0.127973	0.110073	0.261971
0.35908	0.0614611	0.0795074
0.067323	0.0238216	0.408875
0.0177307	0.480805	0.00147301
0.432015	0.0526423	0.0153761
0.0306746	0.112181	0.357187
0.151964	0.316764	0.0313251
0.458814	0.00485373	0.0363961
0.145236	0.327012	0.0277802
0.00421481	0.0270757	0.468732
0.0282022	0.0744338	0.39741
0.452963	0.00479183	0.0422993
0.0983431	0.360503	0.0411656
0.0839522	0.392478	0.0236138
0.38812	0.0683781	0.0435456
0.0216863	0.381313	0.0970641
0.0391329	0.0741897	0.386731
0.252789	0.20776	0.0394907
0.00671996	0.4157	0.0776236
0.00742229	0.0123963	0.480206
0.0367008	0.345745	0.117563
0.472734	0.0169727	0.010307
0.135015	0.301072	0.0639566
0.229559	0.0909438	0.179535
0.378968	0.0653718	0.0557479
0.0168339	0.437852	0.045324
0.268702	0.224089	0.00725063
0.139196	0.296359	0.0644789
0.0778187	0.215151	0.207061
0.249909	0.157153	0.0930738
0.00597275	0.370034	0.124066
0.205103	0.00746567	0.287442
0.307825	0.173791	0.0184359
0.00397482	0.198215	0.297827
0.0170447	0.1372	0.345767
0.48909	0.00914672	0.00178914
0.0535371	0.0835985	0.362915
0.496234	0.00379182	0
0.182932	0.0453217	0.27178
0.304464	0.125935	0.0696442
0.420478	0.0719702	0.00757393
0.369311	0.0908705	0.0398574
0.17708	0.176378	0.146581
0.261117	0.178764	0.0601656
0.0215584	0.465394	0.0130994
0.0544952	0.162143	0.283409
0	0.493453	0.00656215
0.0393071	0.27486	0.185869
0.00515178	0.344134	0.150747
0.0465622	0.321218	0.132286
0.018555	0.155317	0.326185
0.109347	0.0604079	0.330278
0.168216	0.116957	0.214851
0.365722	0.1343	0
0.159888	0.0245171	0.315651
0.0559353	0.101436	0.34269
0.026801	0.395612	0.0776223
0.0616791	0.169275	0.269061
0.163324	0.129315	0.207413
0.207765	0.195435	0.0968603
0.0806535	0.0653451	0.354057
0.347018	0.0996644	0.053339
0.0447542	0.245883	0.209418
0.218564	0.0488942	0.232575
0.00725475	0.242418	0.250339
0.350329	0.123961	0.0257236
0.0622787	0.148394	0.289368
0.00304048	0.434776	0.0622007
0.146348	0.151006	0.202682
0.195331	0.0326554	0.281112
0.299149	0.0160824	0.184822
0.117778	0.0486367	0.333619
0.00548765	0.477388	0.0171556
0.170262	0.308597	0.0211901
0.288782	0.023945	0.187321
1.1467e-06	0.31275	0.187292
0.0297911	0.443972	0.0263012
0.462695	0.0223762	0.0149467
0.284559	0.212109	0.00338105
0.0331685	0.334591	0.132279
0.0415936	0.291519	0.166923
0.485452	0.0123599	0.00221156
0.32267	0.0941625	0.0831769
0.0153132	0.134657	0.350112
0.438249	0.0468225	0.0149467
0.0415336	0.457988	0.000527721
0.247037	0.114869	0.138132
0.060518	0.166088	0.27343
0.220645	0.203399	0.0759948
0.00893564	0.0296534	0.46145
0.0434512	0.238725	0.217859
0.348751	0.0780179	0.0732752
0.0315749	0.220792	0.24767
0.414815	0.0226251	0.0625711
0.353891	0.00270415	0.143437
0.0313472	0.388536	0.0801555
0.102325	0.238808	0.158881
0.104186	0.354042	0.0417846
0.245688	0.0373102	0.217076
0.0383255	0.32943	0.132277
0.11032	0.114235	0.275455
0.0694185	0.164006	0.266599
0.242801	0.199552	0.0576783
0.176823	0.2128	0.11042
0.0305424	0.384764	0.0847446
0.208887	0.191763	0.0993736
0.197854	0.206417	0.0957706
0.00772756	0.463304	0.0290044
0.00445908	0.362674	0.132894
0.327203	0.082352	0.0904874
0.0268524	0.446911	0.0263012
0.211606	0.118243	0.170181
0.18903	0.197973	0.113045
0.179651	0.318641	0.00174738
0.237099	0.0951342	0.167813
0.0151605	0.0268898	0.457992
0.134657	0.280596	0.0847838
0.143422	0.339451	0.0171556
0.392243	0.0490341	0.0587668
0.22339	0.232275	0.0443676
0.342432	0.0766044	0.0810079
0.106143	0.351612	0.0422994
0.017166	0.306722	0.176152
0.307409	0.126623	0.0660111
0.382781	0.0731609	0.0440961
0.275932	0.0697399	0.164421
0.00717083	0.405883	0.0870228
0.385111	0.00294271	0.111979
0.354021	0.0978197	0.048187
0.195139	0.0532736	0.251593
0.328521	0.0896188	0.0818752
0.265894	0.2269	0.00725067
0.0415109	0.136037	0.322461
0.100793	0.27867	0.120592
0.141241	0.294316	0.0644792
0.355364	0.0981907	0.0464659
0.236131	0.0947457	0.169167
0.264281	0.120877	0.114885
0.417996	0.0637833	0.0182503
0.0815617	0.171384	0.247114
0.191944	0.201025	0.107075
0.0129504	0.409466	0.077623
0.30141	0.0784576	0.120141
0.10396	0.0750712	0.321011
0.0818101	0.388357	0.029872
0.0363253	0.423808	0.0399029
0.0132175	0.405869	0.0809307
0.00370672	0.478614	0.017713
0.0265473	0.414614	0.0588688
0.490086	0.000126546	0.00982725
0.025856	0	0.474175
0.0137112	0.468524	0.017797
0.033048	0.373764	0.0932283
0.293649	0.15241	0.053971
0.0111679	0.11841	0.370454
0.310113	0.155246	0.0346672
0.00243803	0.488604	0.00898984
0.0601004	0.365137	0.07481
0.229724	0.27017	0.000133301
0.13443	0.0354439	0.330141
0.217321	0.24385	0.0388717
0.358301	0.137577	0.00415158
0.410947	0.0875421	0.00153543
0.350922	0.0455292	0.103568
0.47436	0.0103455	0.0153218
0.073082	0.238497	0.188468
0.018136	0.358599	0.12329
0.275123	0.162961	0.0619669
0.287686	0.074183	0.13817
0.254348	0.148433	0.0972797
0.0931247	0.238289	0.168623
0.0831171	0.216156	0.200776
0.456344	0.00995258	0.0337413
0.417401	0.0181867	0.0644409
0.161533	0.0244666	0.314031
0.000720428	0.0930219	0.40629
0.0999968	0.272572	0.127462
0.048618	0.38346	0.0679694
0.281548	0.202565	0.0159295
0.155451	0.221947	0.122629
0.0144146	0.433792	0.0518378
0.0857871	0.0612326	0.353034
0.178974	0.107345	0.213735
0.0969724	0.250651	0.15241
0.0631192	0.174819	0.262086
0.098457	0.231335	0.170238
0.127634	0.0972686	0.27512
0.384603	0.0647816	0.050641
0.0198769	0.000391779	0.479754
0.0589316	0.296089	0.145003
0.466698	0.00444966	0.0289051
0.343442	0.0227756	0.133821
0.235571	0.0883092	0.176155
0.0378514	0.437646	0.0245412
0.207405	0.0818606	0.216586
0.185435	0.202399	0.1122
0.218584	0.0961262	0.18533
0.032601	0.018584	0.44886
0.0790559	0.22628	0.194713
0.168912	0.255478	0.0756486
0.0700699	0.0192701	0.410698
0.0218976	0.446284	0.0318471
0.148094	0.0150721	0.336879
0.396452	0	0.103568
0.0852578	0.0375001	0.377261
0.3002	0.179087	0.0207506
0.0269996	0.00894712	0.464103
0.00299769	0.495098	0.00194219
0.126069	0.0885553	0.285406
0.057156	0.262707	0.180162
0.0223918	0.315417	0.16224
0.201039	0.122842	0.176155
0.063738	0.0354993	0.400796
0.237729	0.024255	0.238043
0.13994	0.0807148	0.279395
0.224056	0.159554	0.116423
0.429847	0.02106	0.0491295
0.374639	0.125157	0.000228459
0.0599091	0.292443	0.14767
0.146151	0.157606	0.196276
0.0164818	0.281897	0.201655
0.0829308	0.0573888	0.359705
0.0658442	0.182366	0.251814
0.00913317	0.0985161	0.392387
0.0441583	0.104678	0.351202
0.0132821	0.40785	0.0789011
0.05596	0.0776765	0.366395
0.367324	0.0501712	0.0825298
0.017283	0.0426772	0.440084
0.444118	0.0364106	0.0195226
0.120098	0.331494	0.0484623
0.100927	0.0600595	0.339059
0.00575982	0.068868	0.425417
0.0821818	0.318414	0.0994266
0.114196	0.323456	0.0623989
0.330645	0.0129655	0.15647
0.0883661	0.247873	0.163796
0.0143855	0.219501	0.266141
0.0344611	0.458047	0.00750476
0.0466955	0.0373155	0.416056
0.0774049	0.193106	0.229523
0.0897167	0.338135	0.0721745
0.0163416	0.0196032	0.464078
0.0119804	0.127024	0.361026
0.125579	0.327889	0.046551
0.347887	0.0268293	0.125326
0.246983	0.183946	0.0691023
0.0116796	0.00654178	0.485865
0.482933	0.00460445	0.0125147
0.0388012	0.448628	0.0126075
0.322483	0.0325392	0.145004
0.171679	0.108613	0.219756
0.22708	0.139163	0.13397
0.0686241	0.30975	0.121651
0.0287094	0.0160367	0.455326
0.24226	0.143451	0.114316
0.403832	0.00499671	0.091205
0.320374	0.103632	0.0760809
0.104969	0.0743462	0.320728
0.13565	0.0205463	0.343835
0.111968	0.260601	0.127462
0.109681	0.325359	0.0649928
0.202983	0.263327	0.0337422
0.33423	0.0300101	0.135768
0.344973	0.128623	0.0264454
0.14549	0.0851595	0.269417
0.037887	0.453001	0.00915692
0.190887	0.258779	0.0503488
0.0552563	0.236349	0.208481
0.0492883	0.225671	0.225147
0.063959	0.203108	0.232957
0.0356689	0.134433	0.329925
0.0614467	0.251472	0.187117
0.26011	0.151228	0.0887108
0.372207	0.110389	0.0174296
0.333304	0.0248261	0.141903
0.186992	0.0491809	0.26384
0.0207262	0.0998202	0.379468
0.116833	0.0820671	0.301132
0.106979	0.283965	0.10909
0.247655	0.010165	0.24221
0.391122	0.0493521	0.059579
0.192229	0.0506832	0.257115
0.2675	0.144826	0.0877119
0.0576282	0.124036	0.318358
0.0282625	0.0770279	0.394741
0.0147072	0.283287	0.202031
0.268237	0.091777	0.140008
0.0653086	0.00433099	0.430402
0.479023	0.008151	0.0128592
0.253139	0.194675	0.0522325
0.244181	0.178156	0.0776914
0.22131	0.12301	0.155734
0.262017	0.131294	0.106712
0.0993069	0.0542646	0.346485
0.424953	0.013894	0.0611993
0.166094	0.320289	0.0136602
0.371612	0.116653	0.0117749
0.0355642	0.168825	0.295642
0.298198	0.1984	0.00342968
0.0430244	0.34251	0.11451
0.174764	0.130391	0.194888
0.381579	0	0.118441
0.0747131	0.188752	0.236568
0.00618883	0.211477	0.282358
0.307174	0.170157	0.0226979
0.0306631	0.0140809	0.455305
0.316248	0.181119	0.00268136
0.00922074	0.446796	0.0440268
0.32526	0.141421	0.0333419
0.165331	0.0879416	0.246775
0.0429307	0.349133	0.10806
0.467292	0.0079514	0.024793
0.336575	0.0470364	0.116423
0.21139	0.129686	0.158959
0.272291	0.0909654	0.136765
0.0735953	0.040215	0.386246
0.0695989	0.348126	0.0822987
0.0100502	0.00562918	0.488405
0.016389	0.0408866	0.442836
0.137605	0.036281	0.326147
0.198277	0.0100261	0.291725
0.14961	0.0524606	0.297955
0.163872	0.11518	0.221049
0.421557	0.0183678	0.0601231
0.122108	0.304628	0.0733004
0.393099	0.0364999	0.0704465
0.0761462	0.336275	0.087618
0.307189	0.171048	0.0217901
0.121336	0.0693819	0.309307
0.0741947	0.00301139	0.42283
0.452584	0.0273857	0.0201119
0.150148	0.0394905	0.310375
0.203876	0.053754	0.2424
0.215351	0.165811	0.118885
0.0334132	0.377894	0.0887314
0.0974318	0.146885	0.255713
0.046041	0.37961	0.0743832
0.00624779	0.0747026	0.419102
0.437737	0.0562874	0.00600139
0.194659	0.229326	0.0760769
0	0.500002	0
0.37636	0.0627574	0.0608872
0.0900877	0.0385305	0.371387
0.36383	0.0345293	0.101646
0.0476483	0.110769	0.341589
0.0429337	0.440807	0.0162623
0.436842	0.0376873	0.0254749
0.0286057	0.452982	0.0184204
0.214324	0.0953979	0.190286
0.152934	0.0771532	0.269915
0.301119	0.0996561	0.0992306
0.00582395	0.475759	0.0184202
0.0207052	0.0579013	0.421397
0.01799	0.0503084	0.431707
0.0726899	0.182759	0.244556
0.00182024	0.0441146	0.454069
0.160976	0.248983	0.0900609
0.00528468	0.493051	0.00167341
0.169826	0.318362	0.0118222
0.474189	0.0195528	0.00626339
0.318254	0.0937814	0.0879681
0.297105	0.198193	0.00470395
0.279374	0.0228147	0.197816
0.0705011	0.178459	0.251043
0.0210965	0.00499035	0.473922
0.0107375	0.174545	0.314731
0.268566	0.0239582	0.207478
0.425644	0.0384196	0.0359425
0.00377691	0.431168	0.0726528
0.393715	0.0371981	0.0691001
0.101346	0.225566	0.173097
0.0600895	0.0834519	0.356471
0.290981	0.107377	0.101645
0.231686	0.164591	0.103725
0.00844207	0.279544	0.212021
0.360087	0.0730069	0.0745583
0.463155	0.0316118	0.00523514
0.15699	0.234509	0.10852
0.0793998	0.186376	0.234231
0.158925	0.289673	0.0514073
0.0667623	0.0203678	0.412873
0.144987	0.0731436	0.281873
0.111124	0.0267626	0.362119
0.255489	0.0874528	0.157065
0.00753835	0.0428383	0.449643
0.120741	0.330258	0.0490034
0.0854109	0.139727	0.274866
0.125343	0.342847	0.0318126
0.149493	0.0381274	0.312385
0.00148	0.0917542	0.406773
0.200214	0.0734415	0.226352
0.00777862	0.00210207	0.490156
0.0118128	0.0456961	0.442504
0.0229304	0.212367	0.264706
0.248117	0.206545	0.0453436
0.13074	0.364793	0.00447321
0.196866	0.273406	0.0297325
0.223495	0.145506	0.131004
0.0166225	0.133918	0.349463
0.209858	0.110388	0.179757
0.140474	0.348403	0.0111303
0.0533809	0.127624	0.319002
0.0458817	0.425254	0.0288679
0.104085	0.00746536	0.388458
0.340805	0.131021	0.0281931
0.346586	0.133244	0.0201804
0.400552	0.076166	0.0232884
0.0378996	0.215373	0.246731
0.097273	0.0231647	0.379568
0.132849	0.360315	0.00684067
0.0255844	0.0109948	0.463424
0.203099	0.296903	0
0.0333727	0.406446	0.0601872
0.0510638	0.118709	0.330234
0.323208	0.119165	0.0576312
0.063901	0.0359316	0.400172
0.173187	0.0305626	0.296254
0.0244953	0.389782	0.0857256
0.103446	0.259773	0.136786
0.351543	0.00309368	0.145372
0.0128247	0.00419846	0.48298
0.0555535	0.158388	0.286063
0.227257	0.166629	0.106116
0.0699144	0.421133	0.00895812
0.00487781	0.380527	0.114599
0.418373	0.0666558	0.0149761
0.0712726	0.384645	0.0440861
0.383418	0.116584	0
0.0866517	0.334908	0.0784767
0.306493	0.130279	0.0632331
0.262281	0.221963	0.0157594
0.194416	0.270003	0.035599
0.250747	0.202485	0.0467742
0.387112	0.0365742	0.0763277
0.257625	0.171856	0.0705209
0.311834	0.0215422	0.166632
0.0524175	0.123543	0.324052
0.331659	0.00171495	0.16663
0.0037456	0.482978	0.013288
0.354323	0.0688016	0.0768811
0.190499	0.275315	0.0341897
0.235759	0.153091	0.111159
0.460401	0.00789591	0.0317421
0.280903	0.218076	0.00102499
0.0624846	0.398207	0.0393148
0.207515	0.148781	0.14374
0.0276969	0.00302155	0.469296
0.123111	0.31163	0.0652624
0.406162	0.0788675	0.0149761
0.0531903	0.293506	0.153337
0.38006	0.023662	0.0962837
0.128285	0.291082	0.0806694
0.114645	0.252804	0.132555
0.098126	0.240508	0.161369
0.490755	0.00924689	0
0.453554	0.0428516	0.00360803
0.449634	0.00846028	0.0419258
0.481689	0.00564705	0.0126708
0.0547218	0.301956	0.143356
0.185938	0.125834	0.188232
0.0625027	0.370036	0.0674663
0.028957	0.352667	0.118382
0.276106	0.0487121	0.175196
0.0560965	0.283571	0.16034
0.306999	0.136648	0.0563603
0.307188	0.106536	0.0862825
0.245272	0.0466392	0.208095
0.446199	0.0320032	0.0218062
0.220116	0.0251457	0.254745
0.267249	0.110095	0.122664
0.166033	0.0701687	0.263802
0.100161	0.00805208	0.391792
0.217332	0.171519	0.11116
0.00375273	0.483897	0.0123621
0.493038	0.00696685	0
0.0906761	0.117513	0.291814
0.0739887	0.188289	0.23773
0.108713	0.241654	0.149643
0.0339151	0.314101	0.151989
0.0967192	0.0797032	0.323584
0.230373	0.149983	0.119648
0.085204	0.0685827	0.346222
0.181462	0.150919	0.167621
0.131564	0.308253	0.060187
0.0157789	0.467963	0.0162623
0.483957	0.015022	0.00102499
0.0316164	0.468391	0
0.136743	0.33967	0.0235923
0.105093	0.263908	0.131003
0.177067	0.135438	0.187497
0.112495	0.165659	0.22185
0.0504435	0.00411941	0.445441
0.0272094	0.39124	0.0815561
0.325782	0.00706466	0.167158
0.253558	0.0122191	0.234232
0.00460955	0.376602	0.118794
0.0377517	0.103261	0.358998
0.0964448	0.305506	0.0980512
0.0705711	0.199683	0.229751
0.219624	0.157287	0.123091
0.0587177	0.0249588	0.416331
0.423691	0.0575882	0.0187258
0.116603	0.0212823	0.362117
0.172096	0.0654648	0.262443
0.0357238	0.06331	0.400978
0.0493369	0.287206	0.163494
0.251696	0.209484	0.0388312
0.141467	0.356816	0.00172298
0.0348471	0.280816	0.184342
0.188177	0.117956	0.193869
0.0863834	0.121809	0.291819
0.0221847	0.462928	0.0148935
0.134393	0.188556	0.177057
0.0335665	0.408806	0.0576312
0.286416	0.191261	0.0223255
0.411653	0.0652625	0.0230896
0.181494	0.0207336	0.297779
0.0369894	0.0278664	0.435147
0.00474971	0.299461	0.195806
0.017878	0.413943	0.0681945
0.139328	0.0588827	0.301799
0.0258264	0.0674077	0.406772
0.343899	0.117715	0.0383962
0.0256929	0.324673	0.149642
0.0753298	0.0476431	0.377033
0.0993398	0.251025	0.149642
0.412331	0.0835993	0.0117216
0.441565	0.0160284	0.0424141
0.162954	0.00191038	0.335142
0.0629644	0.37277	0.0642706
0.163421	0.229324	0.107273
0.272134	0.0197779	0.208095
0.0391013	0.45849	0.00241082
0.176429	0.0487227	0.274883
0.165308	0.255684	0.0790269
0.403081	0.0287404	0.0681944
0.0739337	0.168085	0.257989
0.475177	0.0195935	0.00523517
0	0.500001	0
0	0	0.5
0.500001	0	0
0.479631	0.0125545	0.00781542
0.438869	0.0576511	0.00348017
0.323717	0.050885	0.125398
0.174777	0.172197	0.153027
0.408933	0.0624482	0.0286801
0.00892676	0.490692	0.000383688
0.401808	0.0321208	0.0660822
0.144635	0.0746258	0.28074
3.19202e-05	0.165184	0.334786
0.113741	0.384747	0.0015173
0.152688	0.0206551	0.326661
0.278911	0.143287	0.0778039
0.0568597	0.309829	0.133313
0.0404146	0.437686	0.0219001
0.345012	0.0129109	0.142079
0.0955963	0.304107	0.100297
0.100173	0.160423	0.239906
0.19058	0.260023	0.0493974
0.0729929	0.130084	0.296925
0.0764691	0.325889	0.0976428
0.129265	0.0143431	0.356393
0.0461524	0.359219	0.0946295
0.0315061	0.122801	0.345694
0.350889	0.0698133	0.0792984
0.20343	0.13938	0.157253
0.284146	0.155081	0.060837
0.308374	0.15721	0.0344182
0.011303	0.112833	0.375865
0.166006	0.255922	0.0780728
0.00363773	0.0855244	0.41084
0.253669	0.186024	0.0603082
0.0704658	0.250284	0.18904
0.229325	0.25352	0.0171555
0.135136	0.245832	0.119035
0.13647	0.129307	0.234224
0.160041	0.0174981	0.322464
0.339074	0.00718394	0.153744
0.449511	0.0020405	0.048451
0.156444	0.147794	0.195766
0.12285	0.00852284	0.368638
0.0568682	0.0543982	0.388737
0.121189	0.2311	0.147712
0.427523	0.0431529	0.0293254
0.311909	0.00325742	0.184837
0.416523	0.0122869	0.0711911
0.0209603	0.00320085	0.4759
0.362294	0.0982367	0.0394696
0.246234	0.193233	0.0605352
0.0815088	0.332473	0.0860198
0.187515	0.0918216	0.220664
0.082605	0.366857	0.0505406
0.227336	0.181881	0.0907867
0.182032	0.0309951	0.286975
0.0852207	0.350778	0.0640027
0.0116141	0.277975	0.210417
0.0346312	0.0343347	0.431035
0.00521181	0.286486	0.208305
0.296702	0.0851215	0.118179
0.142146	0.175223	0.182632
0.118773	0.0890283	0.2922
0.334334	0.0393186	0.126349
0.24373	0.0379587	0.218326
0.0615158	0.0104979	0.427988
0.0218921	0.452865	0.0252471
0.20722	0.211102	0.0816788
0.0194083	0.336649	0.143943
0.228775	0.226192	0.0459442
0.302065	0.0447264	0.15321
0.129248	0.108903	0.26185
0.0533544	0.446463	0.000187379
0.149483	0.119595	0.230924
0.0926	0.377714	0.02969
0.31611	0.0966965	0.0897394
0.178438	0.300869	0.0206973
0.235058	0.179161	0.0857845
0.0902934	0.345706	0.0640029
0.422431	0.0770648	0.000508762
0.335634	0.00265485	0.161718
0.451802	0.00403642	0.0441624
0.00859651	0.472538	0.0188677
0.0161182	0.482854	0.00102901
0.209854	0.233216	0.0569326
0.389856	0.0379502	0.0721951
0.193734	0.137744	0.168523
0.26223	0.199872	0.0378996
0.328943	0.05601	0.11506
0.0166837	0.479595	0.00372152
0.0166359	0.0289579	0.45441
0.126237	0.197983	0.17578
0.183136	0.151921	0.164947
0.236524	0.00852311	0.254954
0.425833	0.0472501	0.0269177
0.0587562	0.0430878	0.398157
0.0272132	0.282538	0.190257
0.0242077	0.362172	0.113626
0.0766071	0.320072	0.103321
0.0764576	0.372826	0.0507184
0.0109989	0.105996	0.383009
0.0270329	0.204935	0.268034
0.0527024	0.318712	0.128586
0.0379755	0.0264992	0.435527
0.027443	0.135743	0.336815
0.0156894	0.0015703	0.482741
0.0300733	0.425695	0.0478611
0.0343519	0.026183	0.439467
0.00712181	0.459521	0.0333581
0.0414891	0.110295	0.358006
0.267169	0.00810391	0.224728
0.180571	0.00537703	0.314055
0.0785263	0.0189021	0.402576
0.387242	0.00503184	0.107729
0.17673	0.00526265	0.318019
0.0189941	0.207964	0.273044
0.0610439	0.294899	0.14406
0.148364	0.213465	0.138176
0.460258	0.0267948	0.0129481
0.0556339	0.0810335	0.366034
0.0639486	0.268578	0.167479
0.224687	0.229454	0.0458608
0.0331978	0.354598	0.112204
0.0801456	0.142831	0.277025
0.196136	0.0231244	0.28074
0.0815428	0.40334	0.0151183
0.256903	0.219891	0.0232077
0.162613	0.274186	0.0632051
0.382305	0.00996817	0.107728
0.0104702	0.239859	0.249672
0.373146	0.126472	0.000383688
0.369174	0.0591985	0.071628
0.00584638	0.193969	0.300187
0.00101342	0.0203692	0.478618
0.00277485	0.103066	0.394162
0.112047	0.141436	0.24652
0.0111578	0.0226854	0.466177
0.392663	0.0655134	0.0418821
0.0134203	0.315515	0.171068
0.365792	0.094694	0.0395152
0.250137	0.244209	0.00565529
0.06558	0.321413	0.113008
0.255026	0.234197	0.0107789
0.0323936	0.124971	0.342645
0.0218216	0.114119	0.364089
0.220955	0.168412	0.110635
0.476134	0.0123225	0.0116093
0.104011	0.198344	0.197645
0.126168	0.11605	0.257782
0.0443067	0.151128	0.304567
0.0236761	0.44784	0.0284892
0.0425549	0.011283	0.446165
0.290895	0.00752845	0.201578
0.143421	0.176795	0.179787
0.00380517	0.0787147	0.417485
0.0814053	0.410534	0.00806172
0.00715619	0.46174	0.0311051
0.012415	0.291882	0.195704
0.184788	0.0904859	0.224728
0.199086	0.270374	0.030541
0.108794	0.121925	0.269283
0.274039	0.0801275	0.145835
0.271676	0.028243	0.200083
0.0872961	0.38769	0.0250149
0.317354	0.0979006	0.0847536
0.0134283	0.195653	0.29093
0.00670193	0.0331501	0.460149
0.074402	0.395815	0.0297834
0.357649	0.0800455	0.0623079
0.240246	0.0660987	0.193657
0.0818884	0.405049	0.0130633
0.110972	0.0834988	0.305534
0.0305136	0.160642	0.308854
0.0675237	0.389493	0.0429841
0.000308789	0.000982307	0.498719
0.032838	0.0607675	0.406395
0.000420586	0.0106694	0.488912
0.133048	0.118436	0.248518
0.00480426	0.11219	0.383007
0.270054	0.111859	0.118088
0.0413875	0.396307	0.0623079
0.0825606	0.411769	0.00567117
0.202322	0.215377	0.0823016
0.00296379	0.239262	0.257775
0.00616649	0.18473	0.309113
0.468362	0.0168774	0.0147609
0.0476023	0.427151	0.0252469
0.457978	0.0171383	0.0248845
0.217884	0.170533	0.111602
0.0370049	0.417136	0.0458607
0.417325	0.0571633	0.025519
0.13911	0.0171711	0.343729
0.0199336	0.218251	0.261826
0.100909	0.185381	0.213719
0.0110506	0.343115	0.145835
0.0263087	0.470026	0.00367468
0.0974046	0.198751	0.203845
0.397578	0.0667085	0.0357154
0.377778	0.0689186	0.0533046
0.0362763	0.00100315	0.462722
0.0152702	0.00925685	0.475475
0.124016	0.236163	0.139824
0.0138467	0.144239	0.341928
0.195271	0.14034	0.164393
0.186645	0.30415	0.0092092
0.225521	0.146491	0.127993
0.0788472	0.128486	0.292671
0.00296775	0.00835467	0.488682
0.0435821	0.218338	0.238084
0.126715	0.290544	0.0827492
0.328504	0.000879376	0.17062
0.172039	0.124236	0.203728
0.019612	0.443407	0.0369833
0.159774	0.284431	0.0557981
0.24121	0.140153	0.118641
0.0315768	0.408043	0.0603837
0.451791	0.0370719	0.0111428
0.0489739	0.438194	0.0128382
0.323898	0.13651	0.0395979
0.00990351	0.483847	0.00625498
0.440009	0.0494576	0.0105411
0.0617691	0.420653	0.017581
0.0129365	0.309213	0.177853
0.470906	0.00997647	0.0191497
0.0310982	0.0218185	0.447086
0.079736	0.390037	0.0302313
0.0658706	0.395451	0.0386859
0.0737971	0.00605546	0.420153
0.0600415	0.229778	0.210184
0.0529882	0.0371071	0.409911
0.201587	0.0963579	0.202064
0.361131	0.10461	0.034261
0.120238	0.246141	0.133627
0.0857352	0.254953	0.159314
0.488776	0.00212955	0.00909805
0.111004	0.26103	0.128
0.134384	0.0426773	0.322942
0.383914	0.0588572	0.0572332
0.0822993	0.0584011	0.359303
0.213026	0.243466	0.0435143
0.176853	0.00330478	0.319846
0.0833301	0.415361	0.00131219
0.0686553	0.0615831	0.369768
0.312318	0.0776129	0.110073
0.365572	0.0560454	0.0783846
0.147933	0.0676942	0.284375
0.139669	0.0907239	0.269612
0.019153	0.477404	0.00345157
0.081752	0.334772	0.0834805
0.305226	0.181312	0.0134673
0.0896791	0.192665	0.217758
0.0325244	0.367181	0.100308
0.332111	0.0985645	0.0693282
0.233293	0.0361496	0.230568
0.0351413	0.314426	0.150437
0.140578	0.0997566	0.259669
0.073712	0.270844	0.155451
0.0265924	0.0487778	0.424633
0.261506	0.0268672	0.211634
0.16898	0.0871201	0.243904
0.163611	0.0818574	0.254538
0.0410896	0.0274612	0.431456
0.26886	0.175332	0.055811
0.0839584	0.0208642	0.395183
0.377912	0.0463712	0.0757206
0.0133464	0.02393	0.462728
0.0185922	0.463426	0.0179902
0.276034	0.199335	0.0246358
0.0230409	0.372575	0.104391
0.0221381	0.280055	0.197811
0.472407	0.0184975	0.00909805
0.369136	0.0388627	0.0920085
0.0589132	0.209045	0.232048
0.275074	0.197409	0.0275227
0.254966	0.0497285	0.195315
0.0339976	0.115608	0.350399
0.181647	0.000410145	0.317949
0.0562507	0.113354	0.330407
0.317069	0.173542	0.00939257
0.106873	0.239229	0.153935
0.0862034	0.204314	0.209486
0.346733	0.112648	0.0406218
0.0296255	0.459048	0.0113308
0.221064	0.0303786	0.248561
0.18371	0.18659	0.129705
0.372802	0.0751668	0.052035
0.0991662	0.0146164	0.38622
0.132166	0.321484	0.046354
0.13035	0.0333675	0.336287
0.249926	0.0256774	0.224403
0.0643437	0.212877	0.222784
0.154119	0.22283	0.123055
0.0213197	0.299533	0.179152
0.341799	0.115441	0.0427643
0.464729	0.0192382	0.0160365
0.0940468	0.364013	0.0419426
0.0752229	0.118239	0.306544
0.00832354	0.249449	0.242233
0.0872342	0.206757	0.206012
0.207303	0.0214105	0.271298
0.337177	0.108733	0.0540956
0.182996	0.294034	0.0229725
0.103662	0.383718	0.0126268
0.152935	0.155393	0.191678
0.136294	0.331234	0.0324753
0.498749	4.13328e-05	0.00121312
0.481563	0.000454097	0.0179901
0.0174572	0.381114	0.101432
0.0355355	0.401175	0.0633031
0.0406094	0.15726	0.302135
0.407762	0.0861836	0.00606298
0.0717985	0.153026	0.275179
0.00261433	0.454192	0.0431961
0.0238752	0.356684	0.119446
0.0654943	0.121422	0.313088
0.0575718	0.132006	0.310431
0.166129	0.277934	0.0559427
0.0366693	0.317648	0.145687
0.0686206	0.130674	0.300709
0.0287956	0.434224	0.0369833
0.235104	0.137034	0.127865
0.0330762	0.0921172	0.374809
0.459637	0.0398406	0.000528565
0.0393571	0.0780339	0.383122
0.399968	0.00561561	0.0944206
0.266501	0.0279345	0.205571
0.288905	0.0172899	0.193809
0.0223507	0.118921	0.358733
0.00582754	0.492039	0.00213587
0.399285	0.060994	0.039727
0.0264058	0.0160073	0.45759
0.146878	0.00272786	0.350399
0.00155393	0.0436547	0.454798
0.0729164	0.0245571	0.40253
0.0918818	0.337606	0.0705166
0.151016	0.0691049	0.279882
0.242638	0.167277	0.0900952
0.391298	0.0656694	0.0430398
0.216845	0.0722287	0.210993
0.30884	0.0810898	0.110073
0.278688	0.00440252	0.216912
0.234071	0.163861	0.102073
0.0234663	0.0420748	0.434463
0.35215	0.113661	0.0341916
0.313107	0.171374	0.015523
0.168592	0.0954758	0.235943
0.282152	0.0317195	0.186168
0.166552	0.189488	0.143963
0.428176	0.0528916	0.0189358
0.0985309	0.293699	0.107775
0.00741557	0.492506	8.18967e-05
0.0540014	0.0396325	0.406374
0.11941	0.244445	0.13615
0.246622	0.0259645	0.22742
0.051064	0.403355	0.0455956
0.103083	0.331575	0.065348
0.162973	0.327808	0.00922228
0.0656495	0.251508	0.182847
0.131763	0.265524	0.102725
0.143719	0.0937234	0.26256
0.0778967	0.298202	0.123904
0.118862	0.0843469	0.296794
0.141635	0.325198	0.033172
0.0557759	0.42819	0.0160365
0.142334	0.267616	0.0900616
0.295811	0.0306158	0.173578
0.10872	0.110608	0.280677
0.483463	0.0021064	0.0144359
0.157082	0.0663617	0.276561
0.0970025	0.35949	0.0435144
0.0273722	0.346268	0.126364
0.300276	0.0804149	0.119314
0.0516159	0.196805	0.251583
0.0112431	0.0198215	0.468941
0.0925567	0.0149934	0.392468
0.0549566	0.429038	0.0160374
0.243957	0.178697	0.0773553
0.00454298	0.185528	0.309934
0.109166	0.361169	0.0296685
0.0282678	0.470514	0.00122107
0.354417	0.102675	0.0429111
0.0649507	0.214885	0.220171
0.0512502	0.182938	0.265816
0.334367	0.165127	0.000509998
0.218532	0.0320664	0.249406
0.292989	0.0335958	0.173418
0.129147	0.0374104	0.333445
0.284727	0.0291441	0.186168
0.0979234	0.0158627	0.386232
0.390385	0.0442737	0.0653482
0.205889	0.0230012	0.271122
0.113935	0.0761358	0.309934
0.0021623	0.375662	0.122179
0.0701183	0.268629	0.161267
0.00606053	0.053217	0.440758
0.299654	0.0966323	0.10372
0.375587	0.0302665	0.0941523
0	0.426102	0.0739038
0.0655058	0.27209	0.162427
0.0398005	0.147463	0.312806
0.252078	0.0920635	0.155879
0.274681	0.12706	0.0983107
0.145303	0.186834	0.167929
0.0962514	0.37607	0.0277475
0.0272296	0.336193	0.136656
0.0317083	0.0370199	0.431293
0.011493	0.465733	0.0228318
0.149808	0.201889	0.148336
0.112035	0.342008	0.0460289
0.216877	0.264128	0.0190284
0.264531	0.198927	0.0365753
0.42843	0.0279847	0.0436171
0.223455	0.257531	0.0190277
0.0174362	0.0388055	0.44378
0.0845942	0.0506917	0.364745
0.0366537	0.00264034	0.460778
0.0906798	0.384085	0.0252801
0.118594	0.139766	0.241661
0.420933	0.0140201	0.0651132
0.193313	0.114022	0.196675
0.0596126	0.229069	0.211331
0.12631	0.151882	0.221828
0.167972	0.0577873	0.274266
0.00813856	0.249795	0.242096
0.136794	0.0448287	0.318532
0.183744	0.0596409	0.257008
0.100386	0.371935	0.0277474
0.208437	0.206024	0.0855642
0.00367614	0.195175	0.301192
0.205015	0.210922	0.0841075
0.0421924	0.0874391	0.370384
0.133007	0.0193059	0.347709
0.340682	0.101818	0.0575336
0.12847	0.265299	0.10628
0.0126553	0.474033	0.013334
0.402125	0.0403792	0.0575453
0.362606	0.1307	0.00699556
0.00419095	0.423798	0.0720322
0.434343	0.0314513	0.0342735
0.159264	0.0547913	0.285975
0.11649	0.293361	0.0901537
0.245042	0.0208361	0.234188
0.0141651	0.46001	0.0258496
0.0340298	0.0837886	0.382199
0.00270789	0.488171	0.00913997
0.300584	0.0898338	0.109615
0.092063	0.328395	0.07956
0.198936	0.113014	0.188083
0.303828	0.191645	0.0045544
0.0573078	0.238038	0.204676
0.249126	0.236844	0.0141237
0.382978	0.106288	0.0107792
0.110598	0.0823769	0.30705
0.17286	0.136091	0.191067
0.0487418	0.160781	0.290546
0.161051	0.244346	0.0946632
0.233315	0.251265	0.0154896
0.00230821	0.0052961	0.492406
0.16447	0.00395158	0.331598
0.0806072	0.286438	0.132988
0.00247164	0.435744	0.0618264
0.0599363	0.432549	0.00754577
0.0729327	0.35633	0.0707744
0.0213402	0.00133814	0.477362
0.294042	0.0846059	0.12136
0.204867	0.291178	0.00397849
0.278043	0.0800025	0.141968
0.178071	0.226348	0.0956045
0.014948	0.447332	0.0377871
0.350188	0.0968316	0.0530371
0.256739	0.165908	0.0773748
0.485741	0.00293419	0.0113845
0.358252	0.112108	0.029663
0.197156	0.300962	0.00190461
0.368992	0.0153031	0.115725
0.0472041	0.15747	0.295348
0.0678752	0.296943	0.135215
0.0300215	0.415161	0.0548443
0.317909	0.0802628	0.101864
0.0245081	0.0808431	0.394683
0.229	0.0716603	0.199368
0.0535975	0.316856	0.129596
0.3058	0.177534	0.016685
0.0870878	0.025065	0.387919
0.00955156	0.39394	0.0965675
0.0748076	0.413119	0.0121168
0.028146	0.000542288	0.471348
0.189218	0.0493923	0.261532
0.12521	0.311676	0.0631481
0.134037	0.180635	0.185345
0.0168791	0.348639	0.134545
0.0802712	0.388035	0.031723
0.0507719	0.322885	0.126356
0.0167718	0.062989	0.42025
0.0144395	0.00344315	0.482166
0.412375	0.00172933	0.0859414
0.409737	0.0425805	0.0477948
0.120937	0.0183285	0.360751
0.0153747	0.032064	0.452574
0.379294	0.00911298	0.111607
0.0938388	0.0705667	0.33563
0.0643609	0.0201403	0.415513
0.0488937	0.241306	0.209823
0.019235	0.0425221	0.438259
0.106635	0.165371	0.228096
0.180896	0.215847	0.103288
0.174709	0.213368	0.111935
0.0423842	0.0953903	0.362234
0.00545758	0.287676	0.206913
0.0375194	0.139011	0.32354
0.10342	0.363017	0.03359
0.310753	0.115947	0.0733188
0.0364406	0.154349	0.309259
0.290985	0.0672459	0.141791
0.423079	0.0341487	0.0428024
0.374723	0.0306732	0.0946629
0.0702199	0.0849305	0.344869
0.0798988	0.0110952	0.409022
0.0862138	0.407075	0.00699531
0.101045	0.367247	0.0317221
0.142183	0.00473572	0.353153
0.227301	0.253686	0.0190278
0.310905	0.170081	0.0190277
0.0772941	0.325985	0.0967625
0.394918	0.057698	0.0474152
0.0630887	0.0623581	0.374579
0.140465	0.00467849	0.354929
0.331373	0.0239951	0.144656
0.282178	0.0324979	0.185347
0.0849939	0.330472	0.0845777
0.035857	0.0844631	0.3797
0.0477869	0.404541	0.047796
0.0759429	0.398793	0.0252785
0.492303	0.00465783	0.00308355
0.154154	0.173736	0.172137
0.038547	0.281757	0.179731
0.328131	0.0671243	0.104788
0.0177579	0.0585767	0.4237
0.468103	0.0251917	0.0069954
0.449131	0.048996	0.00190465
0.163791	0.16747	0.168773
0.0135729	0.398685	0.0877619
0.324122	0.0725525	0.10334
0.12417	0.306923	0.0689309
0.327213	0.0568509	0.11596
0.0264954	0.454498	0.0190381
0.0504767	0.321008	0.128529
0.319451	0.0806522	0.0999301
0.0552969	0.195309	0.249448
0.392393	0.0562437	0.0513867
0.297513	0.0577215	0.144874
0.0366325	0.0687871	0.394596
0.186399	0.0989771	0.214638
0.463558	0.00634695	0.0301251
0.00268472	0.483994	0.0133337
0.293188	0.184933	0.0219101
0.213231	0.278047	0.0087476
0.186943	0.058989	0.254107
0.112963	0.012484	0.374578
0.138402	0.0200889	0.341532
0.0683743	0.25679	0.174848
0.151632	0.200049	0.148329
0.123748	0.126053	0.250476
0.0298139	0.0185911	0.451621
0.248361	0.0137255	0.238012
0.43914	0.00826006	0.0526192
0.344659	0.0491131	0.106282
0.473759	0.0254961	0.000759272
0.173892	0.0569861	0.269182
0.00909005	0.022882	0.468032
0.0206557	0.0774362	0.401913
0.371641	0.0126468	0.115723
0.352938	0.0408366	0.106282
0.45105	0.0468738	0.00209006
0.361092	0.119381	0.0196126
0.400976	0.0442069	0.0548443
0.39032	0.0130005	0.0967355
0.0544514	0.0343462	0.41123
0.208033	0.283236	0.00874742
0.00346849	0.171237	0.325304
0.237459	0.0456022	0.216948
0.0377408	0.0744065	0.3879
0.178995	0.227523	0.0935032
0.022992	0.306097	0.170953
0.0288107	0.36382	0.107394
0.061818	0.101965	0.336229
0.000703755	0.0942813	0.405031
0.0387077	0.0593841	0.401912
0.334017	0.075069	0.0909579
0.00621291	0.452267	0.0415427
0.190497	0.0447672	0.264777
0.166118	0.157149	0.176744
0.104554	0.123543	0.271934
0.190511	0.112369	0.201131
0.0327917	0.399334	0.067885
0.477045	0.00999428	0.0129699
0.0171573	0.466292	0.0165666
0.01416	0.00967228	0.476178
0.00883481	0.475811	0.015367
0.467841	0.0199723	0.0128593
0.00182794	0.166663	0.331517
0.0215632	0.448801	0.0296499
0.406278	0.0413077	0.0524513
0.11287	0.224513	0.16265
0.0861812	0.00343374	0.410409
0.486757	0.0127727	0.000477608
0.038949	0.456988	0.00410699
0.0406088	0.172069	0.287343
0.136797	0.30094	0.0622884
0.00301954	0.254472	0.242522
0.00788621	0.263685	0.228434
0.460257	0.00269211	0.0370595
0.414194	0.046908	0.0389089
0.431706	0.0438931	0.0244171
0.00849514	0.192059	0.299452
0.0530816	0.410284	0.0366441
0.422022	0.0750292	0.00299932
0.374451	0.0980935	0.0281733
0.0732494	0.00514164	0.421615
0.206697	0.024879	0.268475
0.286382	0.143684	0.0699714
0.110191	0.272221	0.1176
0.0117489	0.375047	0.113216
0.102721	0.393269	0.00402205
0.452643	0.0290673	0.0183098
0.0108719	0.206688	0.282447
0.0768355	0.423182	0
0.00300312	0.0105783	0.48643
0.0365421	0.311924	0.151546
0.37863	0.0860284	0.0353598
0.0497624	0.145988	0.304256
0.0695006	0.381183	0.0493414
0.320087	0.0357886	0.144134
0.0943648	0.0217415	0.383903
0.0292498	0.43281	0.0379463
0.492977	0.00665075	0.000374212
0.205736	0.0896321	0.204649
0.360498	0.064171	0.075368
0.00952414	0.439968	0.0505293
0.147991	0.121992	0.230034
0.168519	0.276026	0.0554664
0.0255353	0.00599314	0.468511
0.162784	0.230486	0.106749
0.253856	0.204366	0.041785
0.0599675	0.257604	0.182474
0.440302	0.0526046	0.00712642
0.201547	0.239133	0.059337
0.128618	0.0172511	0.356403
0.215725	0.117212	0.167068
0.127293	0.212444	0.160292
0.196232	0.0910396	0.212735
0.000923824	0.414018	0.0850834
0.00474513	0.317336	0.177944
0.21903	0.0592233	0.22176
0.176266	0.216997	0.106747
0.133802	0.0177403	0.350668
0.220889	0.0201268	0.258987
0.180195	0.02645	0.29337
0.352519	0.0298947	0.1176
0.053252	0.0155966	0.431157
0.39945	0.0862231	0.0143476
0.261318	0.0821572	0.156546
0.223287	0.00105082	0.275685
0.448154	0.0423108	0.0101894
0.334199	0.076641	0.0891771
0.252333	0.072675	0.174997
0.0622845	0.346644	0.0910963
0.20338	0.0462099	0.250422
0.110548	0.219895	0.169578
0.209473	0.186642	0.103898
0.153866	0.319926	0.0269256
0.00787351	0.178005	0.314779
0.0326139	0.130597	0.336801
0.197907	0.0398625	0.262234
0.12248	0.197093	0.18047
0.191528	0.306355	0.00214642
0.0555441	0.429318	0.0151512
0.140433	0.359245	0.000337435
0.00229955	0.247105	0.250608
0.00633099	0.484127	0.00954786
0.0639431	0.24994	0.186124
0.0225128	0.0181239	0.459367
0.00164312	0.0446558	0.453713
0.384363	0.0826348	0.0330057
0.119532	0.242935	0.137546
0.443614	0.0327693	0.0236256
0.435721	0.0541709	0.0101518
0.00703648	0.00197904	0.490989
0.246248	0.189392	0.0643742
0.0929652	0.363381	0.0436591
0.0577866	0.177144	0.265086
0.142433	0.279184	0.0783939
0.0404954	0.0114181	0.448095
0	0.49144	0.00856781
0.364485	0.102513	0.0330058
0.13095	0.00784465	0.361953
0.0705285	0.35592	0.0735829
0.0246882	0.07369	0.401659
0.170155	0.282247	0.0476289
0.242069	0.0773712	0.180578
0.418991	0.0381772	0.0428393
0.17555	0.0165403	0.307925
0.275025	0.0298869	0.1951
0.0904282	0.184041	0.225541
0.366977	0.113763	0.0192764
0.158523	0.253564	0.08792
0.230739	0.0560536	0.213902
0.129295	0.18161	0.189116
0.0632005	0.351742	0.0850836
0.0454387	0.38941	0.0651582
0.0824644	0.295985	0.121563
0.212713	0.161009	0.126288
0.0234627	0.459983	0.0165665
0.382875	0.0961216	0.0210244
0.1517	0.119872	0.228435
0.0115545	0.0454161	0.443041
0.239376	0.0800607	0.180576
0.0873829	0.326702	0.0859225
0.144516	0.293216	0.0622877
0.086545	0.0196639	0.393802
0.369264	0.0925818	0.0381668
0.231418	0.11666	0.151945
0.0269946	0.322653	0.150358
0.0860059	0.0433575	0.370645
0.00663979	0.444043	0.0493413
0.0998423	0.306065	0.0941106
0.390434	0.0366645	0.0729335
0.0698163	0.0285672	0.401681
0.344723	0.0506003	0.104687
0.298093	0.0109265	0.190996
0.155985	0.0228963	0.321129
0.0197764	0.245822	0.234406
0.0208802	0.00857728	0.470552
0.116948	0.237688	0.145377
0.130657	0.0650925	0.304255
0.0123658	0.286199	0.201443
0	0.10665	0.393355
0.0357897	0.143314	0.320908
0.0201384	0.345603	0.134272
0.247189	0.140788	0.112487
0.322261	0.0757137	0.102034
0.281493	0.02411	0.194435
0.00849405	0.20262	0.288897
0.271309	0.0689257	0.159783
0.0442459	0.387886	0.0678861
0.395879	0.0896437	0.0145009
0.293233	0.0890563	0.117736
0.0769936	0.338424	0.0846358
0.265975	0.124924	0.109119
0.0441959	0.370744	0.0850831
0.00292078	0.000906329	0.49619
0.308657	0.0441644	0.147188
0.268851	0.134796	0.0963586
0.0473431	0.107749	0.34492
0.292254	0.0243592	0.183394
0.163128	0.0239448	0.312934
0.0893023	0.333878	0.0768343
0.313802	0.0905506	0.095664
0.301444	0.068491	0.13008
0.0483287	0.108126	0.343556
0.329747	0.0230785	0.14719
0.0668831	0.388123	0.045
0.0155154	0.0519496	0.432541
0.0496167	0.112246	0.338144
0.0351771	0.138039	0.326792
0.117898	0.232815	0.149295
0.134446	0.0395427	0.326019
0.00212683	0.157196	0.340693
0.313548	0.162835	0.0236256
0.0764203	0.00537073	0.41823
0.0159527	0.0637926	0.420265
0.346928	0.152749	0.000337434
0.221118	0.00104061	0.277865
0.0973093	0.0273403	0.375357
0.0960621	0.0218262	0.382131
0.0269616	0.0142743	0.458785
0.228934	0.0574744	0.213616
0.105149	0.23223	0.162648
0.3019	0.117885	0.0802318
7.67606e-05	0.49994	0
0.0785939	0.291134	0.130291
0.310744	0.00454786	0.184728
0.0104431	0.0512928	0.438276
0.194504	0.104069	0.201449
0.0962319	0.0277159	0.376057
0.003657	0.344419	0.151944
0.112088	0.0205905	0.367337
0.108039	0.331193	0.0607762
0.0816284	0.365768	0.0526113
0.189706	0.0880123	0.222288
0.272229	0.128342	0.099454
0.392037	0.0686729	0.0393006
0.382524	0.0353442	0.0821479
0.00249274	0.273507	0.224018
0.049171	0.0381866	0.41266
0.136878	0.0654559	0.297683
0.0890205	0.36605	0.0449417
0.338366	0.032212	0.129445
0.312284	0.131516	0.0562092
0.151404	0.254583	0.0940253
0.145752	0.0640619	0.290216
0.00934729	0.0361789	0.454486
0.0914382	0.404407	0.00416655
0.0476892	0.447168	0.00515025
0.079655	0.41436	0.00599761
0.00830578	0.466853	0.0248492
0.00850125	0.00126118	0.490241
0.472276	0.00957128	0.0181593
0.353118	0.00334948	0.143543
0.0386197	0.040729	0.420661
0.187255	0.248481	0.0642773
0.373882	0.0408437	0.0852829
0.450095	0.0325319	0.0174077
0.00289219	0.485948	0.0111676
0.0424271	0.442076	0.0155074
0.0293475	0.455493	0.0151768
0.0413173	0.0341619	0.42454
0.166232	0.170643	0.16314
0.0168184	0.240552	0.24264
0.265341	0.0767879	0.157915
0.404337	0.0704715	0.0252073
0.160602	0.191487	0.147922
0.267049	0.121016	0.111985
0.0363764	0.280255	0.183391
0.326693	0.0573393	0.115982
0.370378	0.0800861	0.049547
0.175019	0.0246281	0.300368
0.1734	0.194445	0.132171
0.274794	0.0910298	0.13419
0.435704	0.0172328	0.0470787
0.00757638	0.0542132	0.438235
0.0224654	0.337224	0.140333
0.033674	0.00317316	0.463176
0.0771207	0.332753	0.0901316
0.0895164	0.341512	0.0689783
0.021686	0.0828732	0.39545
0.181839	0.0332685	0.284918
0.222713	0.135526	0.141776
0.257629	0.211492	0.0308957
0.0150365	0.145673	0.339308
0.127126	0.213761	0.159124
0.0232518	0.206245	0.27051
0.040506	0.377362	0.0821478
0.171052	0.162577	0.166384
0.358753	0.10345	0.0378184
0.321298	0.0694736	0.109239
0.0682329	0.345417	0.086362
0.0304174	0.137974	0.331618
0.304299	0.186666	0.0090521
0.0121816	0.176884	0.310952
0.129854	0.156326	0.213828
0.0309	0.426688	0.0424149
0.213452	0.263182	0.0233878
0.0640891	0.00288871	0.433036
0.344274	0.0299751	0.125758
0.27756	0.167373	0.055083
0.258893	0.205172	0.0359496
0.0991405	0.302503	0.0983809
0.0456925	0.421824	0.0325002
0.0443964	0.182557	0.273059
0.0436534	0.357987	0.0983801
0.441129	0.0505869	0.00829465
0.00235534	0.395746	0.101906
0.135574	0.0870022	0.277441
0.0679631	0.29558	0.136477
0.0191452	0.0409396	0.43992
0.0141447	0.307434	0.178434
0.318032	0.124846	0.0571275
0.140316	0.0932353	0.26646
0.134715	0.310825	0.054478
0.189804	0.233182	0.0770314
0.0725174	0.277297	0.150195
0.0201264	0.476564	0.00332247
0.112324	0.149939	0.237753
0.0156418	0.0361431	0.448222
0.105512	0.0192734	0.37523
0.36329	0.128247	0.0084718
0.0169726	0.159921	0.32312
0.0618385	0.0474318	0.390802
0.00506591	0.261141	0.2338
0.14053	0.167019	0.192476
0.243606	0.106029	0.1504
0.418355	0.0430149	0.038636
0.211888	0.0988545	0.189268
0.157688	0.188013	0.154304
0.00660482	0.370963	0.122444
0.058076	0.0939345	0.348003
0.163939	0.217541	0.118534
0.125632	0.0108626	0.363524
0.254818	0.155063	0.0901333
0.411821	0.0636476	0.0245428
0.019451	0.460571	0.0199924
0.247826	0.193142	0.0590434
0.109056	0.00509425	0.385859
0.458127	0.041881	0
0.349205	0.147342	0.00346508
0.079492	0.22274	0.197783
0.466017	0.0217688	0.0122233
0.0836485	0.350298	0.0660643
0.0602698	0.435278	0.00446634
0.00447137	0.495537	0
0.28503	0.0255716	0.189417
0.193137	0.23518	0.0716967
0.2026	0.0159123	0.281506
0.184939	0.256914	0.0581554
0.0925467	0.400716	0.00675299
0.0350515	0.142846	0.322115
0.235912	0.188301	0.0758178
0.492453	0.000712085	0.0068581
0.100016	0.382212	0.0177816
0.0821802	0.293181	0.124659
0.0698593	0.325779	0.104375
0.102246	0.0173441	0.380448
0.215785	0.175993	0.10823
0.192383	0.246384	0.061243
0.0116608	0.169321	0.319034
0.367971	0.108067	0.0240058
0.428685	0.0437446	0.027582
0.0060356	0.320464	0.173502
0.0125626	0.00649014	0.480958
0.11857	0.199372	0.182072
0.024848	0.0851456	0.390017
0.240426	0.111664	0.147922
0.0961917	0.372312	0.0315052
0.296277	0.0282475	0.175492
0.13108	0.0239438	0.344995
0.10823	0.0219775	0.369806
0.332764	0.149464	0.0177816
0.431441	0.0440259	0.0245427
0.330141	0.0579445	0.111929
0.0652669	0.0753879	0.359354
0.0816805	0.0597013	0.358683
0.124123	0.286808	0.0891104
0.12951	0.217768	0.152729
0.195164	0.0929148	0.21193
0.025691	0.385642	0.0886892
0.026966	0.41853	0.0545209
0.0293498	0.22802	0.24264
0.44531	0.0481066	0.00659168
0.122663	0.172901	0.204457
0.0219653	0.00320362	0.474859
0	0.490182	0.0098267
0.0224593	0.477403	0.000143285
0.147854	0.01574	0.336411
0.0718902	0.324258	0.103865
0.000251633	0.0309729	0.468798
0.169429	0.0275035	0.303086
0.301044	0.101254	0.097707
0.209239	0.254823	0.0359494
0.14435	0.186616	0.169059
0.298579	0.0305549	0.170902
0.110897	0.186254	0.202862
0.0677921	0.0795403	0.352682
0.218164	0.0198638	0.261983
0.226547	0.0955884	0.177877
0.13272	0.160003	0.207289
0.00243644	0.26733	0.230246
0.229486	0.0198426	0.25069
0.0319959	0.136264	0.331763
0.0838688	0.354749	0.0613901
0.232305	0.0221739	0.245531
0.0539481	0.390985	0.055083
0.0195704	0.17418	0.30625
0.119197	0.179306	0.201515
0.219171	0.0223519	0.258504
0.183327	0.000265091	0.31643
0.228321	0.0261587	0.245531
0.0858444	0.389392	0.0247734
0.317156	0.140083	0.0427737
0.479808	0.0187677	0.00144209
0.0257703	0.202168	0.272077
0.0022127	0.269408	0.228386
0.0553077	0.43234	0.012368
0.249893	0.246653	0.00346508
0.0451875	0.0476555	0.407165
0.0943923	0.0238675	0.381753
0.00589595	0.286897	0.207218
0.112099	0.0204575	0.36746
0.132196	0.0121907	0.355629
0.359926	0.0778261	0.0622633
0.115841	0.267672	0.116526
0.272026	0.224916	0.00307408
0.486615	0.0080013	0.00540566
0.0193922	0.315099	0.165536
0.200381	0.015738	0.283897
0.226306	0.0182844	0.25542
0.0955787	0.0510537	0.353379
0.0562004	0.0438055	0.400007
0	0.500001	0
0.500002	0	0
0	0	0.5
0.0228569	0.0337037	0.443453
0.159659	0.0723998	0.268862
0.140682	0.208779	0.150577
0.0942635	0.00723936	0.3985
0.128666	0.0388002	0.332538
0.304732	0.140831	0.0544432
0.118327	0.0392006	0.34248
0.0538115	0.0118538	0.434341
0.142189	0.211015	0.146835
0	0.226584	0.318766
0.123884	0.156082	0.220052
0.150644	0.3061	0.043273
0.175853	0.0491708	0.331164
0.239537	0.0158691	0.244601
0.0683485	0.10692	0.324737
0.436988	0.0171991	0.0458208
0.0334455	0.465624	0.000935434
0.100166	0.147175	0.25267
0.146848	0.284843	0.0683117
0.0697487	0.00653655	0.423719
0.447319	0.0332444	0.0194408
0.0493271	0.339866	0.11083
0.207737	0.135986	0.156278
0.370768	0.0317146	0.097523
0.22465	0.0832519	0.192124
0.383447	0.0227371	0.0938505
0.427458	0.0398494	0.0327092
0.0218831	0.37077	0.107351
0.0172954	0.0238645	0.458866
0.227041	0.094003	0.178974
0.00307171	0.483709	0.0132198
0.109774	0.358016	0.032252
0.21274	0.110479	0.176799
0.390491	0.0843167	0.0251933
0.0298836	0.34462	0.125512
0.184092	0.266213	0.0497042
0.311279	0.178765	0.00997354
0.0101101	0.302329	0.187563
0.316007	0.0951578	0.088841
0.49192	0	0.00808204
0.200088	0.0741496	0.225787
0.0915999	0.152794	0.255621
0.0434249	0.290423	0.166174
0.00298744	0.0443114	0.452702
0.103621	0.135996	0.260387
0.36261	0.0798773	0.0575168
0.19092	0.258641	0.0504467
0.000169783	0.00237714	0.497479
0.387024	0.0507047	0.0622941
0.199768	0.161578	0.13866
0.435344	0.0258144	0.0388747
0.074029	0.0775557	0.348428
0.000818383	0.0126322	0.486578
0.378532	0.0352883	0.0861954
0.253071	0.184287	0.0626436
0.20355	0.160186	0.136267
0.249346	0.0409002	0.209759
0.0987818	0.105565	0.295655
0.0763979	0.113378	0.310262
0.137202	0.203756	0.159049
0.0146957	0.295855	0.189454
0.102305	0.333518	0.0641859
0.0442833	0.180231	0.275491
0.111845	0.362557	0.025605
0.206685	0.000275896	0.293044
0.258927	0.119091	0.121985
0.0621387	0.0274893	0.410377
0.477969	0.0105992	0.0114378
0.0853325	0.377525	0.0371536
0.0104112	0.0143656	0.475243
0.0262454	0.415427	0.0583537
0.245557	0.0379948	0.216452
0.416078	0.053651	0.030278
0.125411	0.149632	0.225
0.0430011	0.243009	0.213998
0.333968	0.0813174	0.0847167
0.35614	0.109778	0.0340937
0.0141037	0.162645	0.323281
0.263977	0.119705	0.116334
0.118305	0.252533	0.129165
0.326574	0.100665	0.0727737
0.014174	0.409705	0.0761219
0.319854	0.151275	0.0288996
0.472223	0.0214608	0.00632081
0.421649	0.0670958	0.0112732
0.166629	0.229409	0.10397
0.193704	0.0728955	0.233411
0.15373	0.0581252	0.288152
0.399814	0.0863298	0.0138802
0.485616	0	0.0144018
0.00890559	0.00297463	0.488142
0.060579	0.427605	0.0118307
0.017876	0.475538	0.0065875
0.265108	0.120218	0.11469
0.270721	0.0285145	0.20077
0.276187	0.187934	0.0358809
0.0272018	0.270995	0.201819
0.0980342	0.012641	0.389346
0.028072	0.388434	0.083498
0.0801141	0.221137	0.198754
0.122018	0.174166	0.203827
0.00200466	0.0297343	0.468276
0.179362	0.27879	0.0418512
0.0193348	0.0167701	0.463897
0.219203	0.0204131	0.260386
0.0750407	0.00556782	0.419395
0.0472475	0.0876856	0.365071
0.19675	0.170652	0.132602
0.106334	0.328733	0.0649542
0.0129588	0.246632	0.240416
0.0876024	0.133328	0.279073
0.411062	0.0293858	0.0595538
4.13747e-05	0.146636	0.353329
0.0384742	0.456818	0.00471209
0.105121	0.112122	0.282759
0.2832	0.130797	0.0860057
0.0752811	0.139712	0.285012
0.114529	0.0834004	0.302076
0.406462	0.0632393	0.0303238
0.339716	0	0.160286
0.0358372	0.365725	0.0984399
0.0458744	0.43322	0.0209331
0.24284	0.127454	0.129707
0.0384285	0.460281	0.00129532
0.00568383	0.394011	0.100316
0.18197	0.275311	0.0427192
0.232408	0.0649843	0.202614
0.295067	0.0888525	0.116097
0.0710409	0.348108	0.080864
0.0342407	0.438465	0.0272967
0.00516346	0.0598033	0.435057
0.0751706	0.117156	0.307681
0.0787399	0.213323	0.20794
0.0079084	0.416828	0.0752659
0.16875	0.263001	0.0682528
0.0290337	0.449366	0.0216177
0.297408	0.192551	0.0179484
0.330215	0.145672	0.0241192
0.254112	0.123911	0.121987
0.256775	0.069912	0.173328
0.0274303	0.0894238	0.383155
0.301903	0.0993167	0.0987899
0.323043	0.0976506	0.0793112
0.0069725	0.191834	0.301208
0.194212	0.16845	0.137341
0.0821839	0.336971	0.0808653
0.0620246	0.0274388	0.410541
0.00571316	0.218752	0.275541
0	0.490447	0.00955387
0.0327751	0.383731	0.083498
0.346181	0.0760466	0.0777772
0.27894	0.0859816	0.13508
0.0137316	0.198125	0.288153
0	0.497121	0.00288778
0.115762	0.175776	0.208484
0.162185	0.327317	0.0105013
0.219102	0.194895	0.0860058
0.154787	0.322279	0.0229364
0.00193677	0.440893	0.057196
0.00238145	0.421773	0.0758489
0.189081	0.237912	0.073014
0.000161178	0.315754	0.184091
0.000280655	0.317064	0.182659
0.412939	0.0165089	0.0705548
0.0205282	0.236733	0.242744
0.123059	0.0061106	0.370836
0.288816	0.0378639	0.173325
0.0887994	0.0403693	0.370833
0.132957	0.189612	0.17744
0.0350916	0.114447	0.35049
0.155405	0.229668	0.114935
0.469024	0.00434559	0.0266366
0.0769207	0.398305	0.0247787
0.0409681	0.374988	0.084066
0.242273	0.215651	0.0420759
0.0125119	0.444231	0.043273
0.287401	0.121186	0.0914402
0.373247	0.10297	0.0237926
0.162722	0.247862	0.0894214
0.323066	0.0298049	0.147131
0.0976038	0.351099	0.0513273
0.135245	0.200709	0.164085
0.330062	0.122399	0.0475656
0.481312	0	0.0186898
0.282584	0.125764	0.0916695
0.12145	0.0181377	0.360421
0.352846	0.126234	0.0209325
0.0292775	0.453138	0.0175924
0.0532909	0.430282	0.0164513
0.167482	0.310825	0.0216971
0.289369	0.0373125	0.173325
0.360106	0.0416259	0.0983055
0.258532	0.224239	0.0172328
0.136162	0.202285	0.161554
0.452775	0.0424321	0.00479876
0.350359	0.0165344	0.133123
0.460547	0.00426705	0.0351883
0.00785566	0.489256	0.00290892
0.113101	0.27896	0.107945
0.0671401	0.0178111	0.415082
0.454023	0.0415023	0.00448533
0.465379	0.0111793	0.0234688
0.343104	0.0298545	0.127077
0.139954	0.0942408	0.265837
0.0385419	0.107398	0.354069
0.0620156	0.00925491	0.428746
0.174436	0.0185841	0.30701
0.0153484	0.393807	0.0908537
0.0416694	0.407751	0.0505889
0.144299	0.0658275	0.289903
0.00963274	0.172538	0.317855
0.0653683	0.403106	0.0315554
0.028418	0.169039	0.302573
0.247221	0.159687	0.0950533
0.235885	0.0253452	0.238787
0.0550314	0.0102876	0.434701
0.00246505	0.0918694	0.405704
0.388132	0.0567362	0.0551554
0.469475	0	0.0305347
0.0115959	0.0247242	0.463688
0.106454	0.319784	0.0737719
0.0234124	0.198193	0.278402
0.159395	0.0831744	0.257443
0.107665	0.32342	0.0689271
0.0885787	0.216051	0.195384
0.165818	0.118649	0.215548
0.169848	0.0179023	0.312281
0.234479	0.160831	0.104726
0.248928	0.145261	0.105818
0.151239	0.335414	0.0133648
0.0970875	0.236987	0.165935
0.486567	0.0122448	0.0011958
0.0106115	0.0330485	0.456369
0.329866	0.0471806	0.122963
0.217321	0.0821566	0.200538
0.393926	0.0587876	0.0473025
0.0149027	0.375022	0.110097
0.493189	0.00329555	0.0035332
0.0500036	0.30857	0.141446
0.0969038	0.057897	0.345233
0.419118	0.0437157	0.0371773
0.14599	0.0160731	0.337961
0.0306493	0.225173	0.244198
0.130152	0.288647	0.0812341
0.0334273	0.415994	0.050589
0.446392	0.0491467	0.00448545
0.479774	0	0.0202474
0.225298	0.022704	0.252038
0.017208	0.00321687	0.479594
0.0231628	0.10385	0.372996
0.210336	0.149854	0.139834
0.0997761	0.0178706	0.382382
0.05646	0.382698	0.0608772
0.116704	0.344185	0.0391459
0.026936	0.211456	0.261618
0.186121	0.102857	0.211041
0.355561	0.00807919	0.136401
0.281087	0.0994775	0.119457
0.103725	0.250826	0.145467
0.412934	0.0499002	0.0371773
0.0264688	0.455254	0.0182909
0.00977477	0.340134	0.150128
0.264835	0.181668	0.0535149
0.0726635	0.228873	0.198496
0.436365	0.0468861	0.0167678
0.0523442	0.388361	0.0593114
0.205545	0.255341	0.0391457
0.045991	0.299337	0.154682
0.125978	0.347044	0.0270011
0.0366874	0.437868	0.025459
0.238924	0.231977	0.0291188
0.28719	0.194533	0.018291
0.374293	0.0372041	0.0885336
0.149822	0.078179	0.272011
0.0231733	0.476835	0
0.335531	0.0291955	0.135309
0.124095	0.354052	0.021861
0.380324	0.00158146	0.118124
0.0200433	0.359008	0.120958
0.182777	0.223755	0.093494
0.0264657	0.000299431	0.47328
0.1188	0.0145047	0.366704
0.21273	0.132602	0.154684
0.0986617	0.00994248	0.391435
0.0118847	0.164506	0.323639
0.0718674	0.367291	0.0608773
0.173053	0.12106	0.205906
0.169074	0.0887653	0.242214
0.0252073	0.137763	0.337056
0.305403	0.0789307	0.115676
0.131764	0.292224	0.0760305
0.198311	0.25726	0.044451
0.291783	0.201851	0.00638422
0.0632926	0.0760524	0.360692
0.00751847	0.0234155	0.469098
0.299865	0.0541259	0.146023
0.0763963	0.0926493	0.330982
0.122927	0.329785	0.0473023
0.106992	0.0141897	0.378863
0.0905066	0.110697	0.298815
0.155299	0.0171167	0.327619
6.68652e-05	0.00447218	0.49547
0.0627832	0.371467	0.0657605
0.0174734	0.0393988	0.443136
0.215357	0.139661	0.14499
0.0826691	0.0201538	0.397207
0.371138	0.10421	0.0246725
0.424961	0.0750444	9.09249e-06
0.252523	0.0195773	0.227915
0.151961	0.179684	0.168391
0.269494	0.184848	0.0456962
0.163977	0.0834243	0.252609
0.410741	0.0733122	0.015992
0.244754	0.0317719	0.223492
0.0429597	0.261809	0.195243
0.0815142	0.186851	0.231645
0.0478483	0.278	0.17416
0.136233	0.312232	0.0515536
0.227446	0.147501	0.125061
0.134292	0.167425	0.198298
0.0138404	0.0344276	0.451739
0.057658	0.0411172	0.401242
0.0191125	0.447332	0.0335865
0.0214195	0.433669	0.0449307
0.185127	0.245383	0.0695083
0.188241	0.0792152	0.23256
0.383364	0.0688427	0.0478086
0.443133	0.00926762	0.0476143
0.0509667	0.259289	0.189756
0.0203212	0.266603	0.213093
0.201613	0.114346	0.184052
0.428478	0.0715307	0
0.258306	0.162673	0.0790657
0.30763	0.180912	0.0114842
0.0533002	0.276224	0.170486
0.252124	0.157157	0.090734
0.138044	0.207915	0.154066
0.0959305	0.274062	0.130018
0.0835018	0.128	0.288527
0.148556	0.0174465	0.334009
0.184909	0.0198137	0.295292
0.0712095	0.205311	0.223488
0.317173	0.17528	0.0075655
0.366455	0.0479068	0.0856515
0.310385	0.0456068	0.144066
0.325663	0.173507	0.000849787
0.22883	0.116418	0.154759
0.289586	0.129062	0.0813646
0.0083587	0.460951	0.0307063
0.129269	0.0096716	0.361099
0.0141788	0.428979	0.0568573
0.0679221	0.418854	0.0132543
0.076288	0.421081	0.00264981
0.0471649	0.0105452	0.442334
0.19193	0.214603	0.093494
0.155884	0.233187	0.110953
0.0199535	0.129189	0.350868
0.00843701	0.0619847	0.429598
0.000187999	0.0129149	0.486904
0.209839	0.272216	0.0179533
0.352968	0.0337516	0.11331
0.283728	0.0575145	0.158763
0.405512	0.0723789	0.0221372
0.0257213	0.470266	0.0040213
0.00645412	0.264889	0.228663
0.0534138	0.325637	0.120958
0.275286	0.0388313	0.185911
0.0471319	0.273838	0.179039
0.399484	0.052724	0.0478088
0.0161233	0.364559	0.119336
0.360556	0.0538077	0.0856519
0.189302	0.0273126	0.283414
0.182732	0.242208	0.075078
0.18148	0.0197209	0.298811
0.323491	0.164578	0.0119396
0.0191283	0.447703	0.0331994
0.0172707	0.31589	0.166861
0.383048	0.0512008	0.0657603
0.00399623	0.248888	0.247126
0.273283	0.0358386	0.190925
0.277845	0.190829	0.0313405
0.0855042	0.0611817	0.353323
0.0799793	0.269916	0.150122
0.138859	0.0795998	0.281551
0.0797046	0.243948	0.176356
0.232887	0.0167351	0.250421
0.0861838	0.210372	0.20347
0.348721	0.0388951	0.112409
0.314355	0.0416909	0.143992
0.217199	0.0639075	0.21894
0.25154	0.196176	0.0523252
0.363522	0.130128	0.0063679
0.43233	0.0494487	0.0182567
0.0718099	0.42556	0.00264981
