0	0.500002	0
0.500002	0	0
0	0	0.500001
0.0519554	0.419857	0.0281946
0.170483	0.159748	0.169787
0.1994	0.102557	0.198049
0.271782	0.135304	0.0956178
0.394431	0.0611413	0.0444361
0.00558507	0.480654	0.0137681
0.435385	0.0426869	0.0219487
0.119128	0.336629	0.0442526
0.183762	0.0885192	0.227724
0.0406941	0.0939723	0.365368
0.13147	0.0269888	0.341543
0.16687	0.115236	0.2179
0.00493875	0.0359947	0.45907
0.259891	0.124086	0.118726
0.00926337	0.112691	0.378047
0.188774	0.308051	0.00318393
0.219733	0.163344	0.116925
0.0585484	0.209897	0.231558
0.444476	0.0216419	0.0338842
0.292744	0.197798	0.00946239
0.366832	0.070844	0.0623279
0.0141258	0.281484	0.204393
0.215505	0.0286675	0.255831
0.0498833	0.445518	0.00460332
0.384877	0.0109859	0.10415
0.400008	0.0782596	0.0217411
0.358378	0.0580619	0.0835739
0.0209074	0.460207	0.0188963
0.477169	0.00160171	0.0212459
0.0211175	0.274918	0.208114
0.356721	0.0137878	0.129494
0.152914	0.167341	0.17975
0.101144	0.358381	0.0404872
0.324252	0.154816	0.0236791
0.0669847	0.187851	0.245169
0.178903	0.239796	0.081305
0.0197345	0.433152	0.0471165
0.0382789	0.00931581	0.452407
0.497401	0.00117675	0.00142629
0.253402	0.226005	0.0205953
0.249035	0.233354	0.0176301
0.198113	0.106141	0.195752
0.0445898	0.0326196	0.422796
0.0158478	0.261064	0.223092
0.487047	0.00764592	0.00530917
0.00209441	0.0520328	0.445885
0.00820838	0.473802	0.0180024
0.0363488	0.38065	0.0830049
0.11442	0.0738732	0.311714
0.212674	0.245449	0.0418881
0.243254	0.162106	0.0975629
0.0713626	0.0185968	0.412533
0.448919	0.0123998	0.0390584
0.0021948	0.0159962	0.481812
0.0254175	0.05749	0.417098
0.313074	0.0642694	0.122665
0.149846	0.212968	0.13719
0.181416	0.288909	0.0296925
0.304062	0.145176	0.0507953
0.233088	0.193714	0.07353
0.116156	0.101097	0.282754
0.054263	0.0389954	0.407775
0.245844	0.120863	0.133296
0.144255	0.0802525	0.275496
0.0616054	0.174735	0.263665
0.226136	0.202166	0.0717037
0.162408	0.032083	0.305513
0.336885	0.00318551	0.159937
0.00529837	0.0189947	0.475709
0.316886	0.0960751	0.0870417
0.0378375	0.410758	0.0514092
0.177094	0.26635	0.0565701
0.111208	0.216183	0.172618
0.192617	0.250058	0.0573295
0.26626	0.128227	0.105525
0.000351969	0.0302907	0.469365
0.0911906	0.0254908	0.383322
0.274995	0.141438	0.0835725
0.0997895	0.0669032	0.333323
0.15813	0.148034	0.193847
0.0395424	0.0894641	0.371792
0.085274	0.30215	0.112578
0.0762466	0.329746	0.0940119
0.0490612	0.284452	0.166497
0.111912	0.312002	0.0760897
0.0460071	0.0616665	0.392331
0.257051	0.229183	0.013768
0.407978	0.00191824	0.0901133
0.00361331	0.0310233	0.465368
0.139943	0.219916	0.140149
0.186284	0.166539	0.147185
0.239819	0.024221	0.235985
0.128894	0.0844113	0.286698
0.00563397	1.33166e-05	0.494355
0.227339	0.203242	0.069424
0.115338	0.109404	0.275261
0.230291	0.268439	0.00127639
0.129442	0.207358	0.163208
0.212481	0.0482088	0.239315
0.00544713	0.468783	0.0257811
0.00561562	0.324143	0.170251
0.204869	0.118915	0.176233
0.461734	0.001767	0.036501
0.0783825	0.171645	0.250196
0.00281853	0.488815	0.00836861
0.0318322	0.400744	0.0674293
0.0308765	0.290581	0.178547
0.302421	0.15048	0.0471042
0.326687	0.0178318	0.155484
0.0136366	0.0991644	0.3872
0.0349672	0.453996	0.0110437
0.48462	0.0103005	0.00508062
0.427187	0.0256498	0.0471723
0.0328273	0.406184	0.0610118
0.379196	0.0194095	0.101398
0.0207696	0.185068	0.29417
0.210833	0.0205716	0.268602
0.151376	0.342388	0.00624075
0.0811356	0.365575	0.0532944
0.235744	0.188759	0.0758286
0.286498	0.106688	0.106821
0.0744443	0.101054	0.324506
0.011842	2.80158e-05	0.488134
0.0734287	0.390611	0.0359665
0.421618	0.005934	0.0724559
0.0330298	0.138666	0.328309
0.00287962	0.496781	0.000341625
0.133545	0.317313	0.049145
0.0341418	0.251258	0.214606
0.134922	0.0676123	0.297477
0.296837	0.0894146	0.116461
0.350478	0.0233025	0.126222
0.415317	0.0643436	0.0203411
0.0801937	0.0655923	0.35422
0.0882772	0.376092	0.0356475
0.0974158	0.03075	0.372546
0.280952	0.0462525	0.172805
0.0284078	0.253716	0.217883
0.0180133	0.434886	0.0471041
0.00209995	0.351398	0.146508
0.0694803	0.00150378	0.429021
0.417443	0.0168217	0.0657409
0.332345	0.00948642	0.158177
0.25675	0.236302	0.00695148
0.106765	0.315022	0.0785715
0.0429541	0.112486	0.344561
0.264575	0.0437519	0.191676
0.0296485	0.264796	0.205561
0.186667	0.256302	0.0570356
0.309963	0.0345568	0.155485
0.268442	0.128169	0.106093
0.341767	0.00536525	0.152869
0.0490958	0.0552508	0.395657
0.429834	0.00443076	0.065741
0.00236181	0.226633	0.271009
0.240726	0.0376879	0.221593
0.212122	0.0317661	0.256114
0.12902	0.186291	0.184694
0.065672	0.372116	0.0622267
0.0805248	0.169393	0.250086
0.000285673	0.0972555	0.402463
0.0367023	0.4162	0.0471044
0.403529	0.00817833	0.0912265
0.0445098	0.396605	0.0588888
0.0541211	0.0839853	0.362264
0.37188	0.0190351	0.109089
0.28538	0.072287	0.142336
0.0847982	0.300464	0.11474
0.347405	0.000827136	0.151773
0.468515	0.00792975	0.0235597
0.122887	0.348838	0.0282812
0.310137	0.0461098	0.143761
0.00202786	0.0613179	0.436658
0.261192	0.218518	0.0202984
0.125705	0.0600186	0.316973
0.145489	0.265762	0.0887537
0.190681	0.247545	0.0617794
0.0422758	0.395127	0.062601
0.076381	0.297049	0.126572
0.105272	0.316551	0.078578
0.0938453	0.0484943	0.357685
0.0898721	0.376481	0.03365
0.122001	0.346324	0.0316876
0.142098	0.0372148	0.320697
0.00171008	0.451176	0.0471165
0.000794816	0.320665	0.178549
0.0200354	0.178526	0.301442
0.315341	0.0495702	0.135099
0.0205234	0.267183	0.212295
0.0193068	0.179254	0.301442
0.160428	0.150185	0.189397
0.0684991	0.00248492	0.429021
0.0494589	0.00766249	0.442882
0.0769436	0.387096	0.0359666
0.0607864	0.17422	0.265005
0.0224624	0.149233	0.328309
0.151255	0.276296	0.0724559
0	0.500002	0
0.0957354	0.0251664	0.379125
0.0719641	0.215649	0.21241
0.470753	0.017847	0.0114268
0.0248093	0.0495684	0.425646
0.0259496	0.472848	0.00120648
0.0855751	0.121586	0.292843
0.0193085	0.00479414	0.475923
0.335518	0.00715725	0.157351
0.24594	0.117064	0.137021
0.369446	0.111002	0.0195563
0.0218475	0.0309581	0.447222
0.127627	0.152918	0.219462
0.049702	0.3893	0.0610025
0.0794197	0.000960434	0.419646
0.296098	0.056277	0.147649
0.118925	0.12393	0.257161
0.0445049	0.357491	0.098039
0.432697	0.0142694	0.0530589
0.0119103	0.0936718	0.394444
0.410294	0.0726301	0.0171009
0.0519741	0.0751906	0.372842
0.165932	0.238183	0.0959332
0.385474	0.0205885	0.0939595
0.132498	0.158709	0.208796
0.313869	0.0805113	0.105625
0.0602666	0.0743655	0.365371
0.220357	0.104826	0.174824
0.0231421	0.0112856	0.465602
0.158351	0.0772225	0.26446
0.344027	0.155563	0.000431512
0.0145056	0.450829	0.0346957
0.209841	0.101113	0.189082
0.00319397	0.493286	0.00352765
0.358732	0.0674979	0.0737973
0.286949	0.0433005	0.169762
0.00548126	0.174164	0.320364
0.440576	0.0593485	8.31035e-05
0.427306	0.0639022	0.00879654
0.10607	0.106197	0.287767
0.063616	0.190294	0.246118
0.239293	0.115381	0.145335
0.009271	0.146958	0.343792
0.461809	0.0209599	0.0172604
0.143313	0.0786137	0.278101
0.390789	0.0688826	0.0403499
0.101563	0.398457	0
0.0559895	0.438547	0.00546674
0.0779122	0.348317	0.0737972
0.397218	0.0774219	0.0253863
0.0421325	0.274437	0.183453
0.0473991	0.0199262	0.432699
0.062471	0.355299	0.0822338
0.0282645	0.0330341	0.438727
0.0928848	0.0549328	0.352201
0.377241	0.113394	0.00939362
0.00652638	0.479533	0.0139666
0.494438	0.00228936	0.00328129
0.0693917	0.414686	0.0159445
0.178906	0.211904	0.109217
0.271628	0.130972	0.0974061
0.0291947	0.00823195	0.462596
0.0761571	0.395624	0.0282416
0.130698	0.369322	0
0.372986	0.0894455	0.0375892
0.417125	0.0149145	0.0679865
0.0221004	0.194438	0.283488
0.132229	0.0533204	0.314458
0.0119917	0.32663	0.161402
0.0641856	0.254176	0.18166
0.0161329	0.262664	0.221206
0.17538	0.0479806	0.276666
0.089666	0.0123145	0.39804
0.268831	0.129623	0.101564
0.0649549	0.257222	0.177844
0.108364	0.301728	0.0899285
0.212237	0.221513	0.0665581
0.164045	0.314025	0.0219356
0.405118	0.0230658	0.0718369
0.222784	0.111731	0.165493
0.206815	0.241714	0.0514783
0.0236541	0.205875	0.270479
0.0176747	0.463694	0.0186498
0.318676	0.144852	0.0364741
0.477851	0.0181162	0.00406264
0.276503	0.0366654	0.186842
0.115551	0.0284177	0.356077
0.259828	0.00228485	0.237897
0.487176	0.00555352	0.00727722
0.18471	0.160627	0.15467
0.010949	0.0839362	0.405119
0.0531048	0.205085	0.241842
0.0434843	0.374929	0.0815897
0.234818	0.138676	0.126531
0.0127093	0.0999564	0.387362
0.0376578	0.337876	0.124488
0.153388	0.299811	0.0468077
0.200483	0.171177	0.128343
0.000787008	0.381894	0.117331
0.00910576	0.486851	0.0040611
0.137129	0.198752	0.164141
0.128231	0.0648226	0.30697
0.190598	0.279449	0.0299579
0.0433033	0.0427878	0.41393
0.0142037	0.00320492	0.482617
0.422042	0.0754224	0.00254255
0.0545213	0.421009	0.0244927
0.155263	0.266481	0.0782815
0.261741	0.124295	0.113983
0.0629087	0.117881	0.319216
0.0737793	0.286661	0.139596
0.282122	0.12792	0.0899643
0.038923	0.407284	0.0538163
0.0351668	0.269964	0.194874
0.2495	0.197391	0.0531141
0.159559	0.040901	0.299562
0.0357138	0.402346	0.0619914
0.0344419	0.13639	0.329189
0.117719	0.184087	0.198201
0.168503	0.245077	0.0864402
0.20955	0.0374483	0.253006
0.00454194	0.00434937	0.491139
0.0655029	0.34291	0.0916095
0.400668	0.0271564	0.0721964
0.14979	0.3062	0.0440366
0.0208773	0.445554	0.0335994
0.195664	0.232504	0.0718526
0.0151363	0.414446	0.0704404
0.303886	0.165732	0.0304081
0.00746426	0.166826	0.325722
0.173532	0.205169	0.121319
0.0252275	0.163646	0.311132
0.093329	0.0820423	0.324655
0.0458249	0.0452794	0.408915
0.130986	0.0656928	0.303329
0.140009	0.135474	0.224548
0.00467348	0.22818	0.267151
0.310101	0.150397	0.0395064
0.033331	0.0665945	0.400099
0.0829451	0.165722	0.25136
0.0161966	0.443478	0.0403502
0.00400331	0.010516	0.485501
0.403015	0.0694698	0.0275404
0.31124	0.179822	0.00896033
0.129768	0.0344721	0.335788
0.0414172	0.427532	0.0313603
0.4598	0.0026218	0.0376072
0.148475	0.00627384	0.345276
0.306428	0.180412	0.0131833
0.00980447	0.483715	0.00648471
0.045849	0	0.454179
0.225753	0.0393939	0.234874
0.327126	0.00188707	0.171012
0.304495	0.0863155	0.109217
0.0204158	0.183176	0.29643
0.0413141	0.00593741	0.452764
0.0478739	0.309742	0.142409
0.289838	0.140569	0.0695954
0.0419952	0.384239	0.0737981
0.444307	0.00889303	0.0468078
0.0295169	0.332532	0.137981
0.201537	0.248981	0.0494862
0.279581	0.0595761	0.160867
0.213716	0.223057	0.063233
0.121275	0.0173728	0.361382
0.203103	0.203348	0.0935793
0.193514	0.229949	0.07654
0.103505	0.309615	0.0869081
0.16344	0.319814	0.0167793
0.26104	0.0334574	0.205525
0.183687	0.187605	0.128732
0.325703	0.0289818	0.145339
0.253426	0.114909	0.131686
0.111234	0.106047	0.282756
0.207299	0.226066	0.0666566
0.216075	0.264387	0.0195568
0.449227	0.0453778	0.0054041
0.0431348	0.434616	0.0222541
0.00199997	0.00791991	0.4901
0.0323093	0.341929	0.125785
0.189264	0.288996	0.0217682
0.123744	0.0168337	0.359454
0.33281	0.0887016	0.0785101
0.0372346	0.457726	0.00504569
0.347553	0.00214665	0.150304
0.0187116	0.282605	0.199015
0.138871	0.136612	0.224548
0.170379	0.243209	0.086442
0.147493	0.294688	0.0578451
0.0544047	0.210105	0.23552
0.0362291	0.432315	0.0314789
0.230649	0.041095	0.22826
0.419531	0.0619013	0.0185862
0.017377	0.28111	0.201536
0.320225	0.0480599	0.131735
0.187458	0.247554	0.0650093
0.352354	0.133466	0.01421
0.129916	0.0343234	0.335786
0.476428	0.00519945	0.0183942
0.00387352	0.0291438	0.467018
0.0381584	0.0327227	0.42913
0.0147133	0.0740377	0.411265
0.0561044	0.0253574	0.418553
0.107484	0.10827	0.284262
0.0386905	0.0172782	0.444078
0.208592	0.114803	0.176625
0.00722889	0.0150158	0.477784
0.222501	0.124371	0.153158
0.00383703	0.493707	0.00247565
0.0250259	0.316807	0.158298
0.0286006	0.36206	0.109471
0.491393	0	0.00861932
0.144215	0.292978	0.0628209
0.138089	0.0397433	0.322246
0.0353156	0.439143	0.0255896
0.140898	0.19099	0.168252
0.330477	0.0533439	0.116203
0.0486781	0.138014	0.313314
0.0957829	0.267696	0.136536
0.191657	0.201896	0.10646
0.302227	0.159013	0.0387656
0.150267	0.0597943	0.290057
0.182669	0.175225	0.142134
0.0237697	0.240324	0.235921
0.289446	0.0119329	0.198634
0.284619	0.158539	0.0568538
0.0689585	0.216957	0.214116
0.0235768	0.458836	0.0176093
0.195797	0.260583	0.0436443
0.131154	0.286992	0.0823313
0.15022	0.303174	0.0467828
0.450376	0.00911918	0.0405173
0.00819523	0.298846	0.192996
0.0336715	0.311359	0.15499
0.268492	0.103155	0.12839
0.0750483	0.194636	0.23035
0.293803	0.105663	0.10056
0.272053	0.00888599	0.219091
0.00329264	0.0373953	0.459318
0.177009	0.182988	0.140019
0.0626555	0.333035	0.104317
0.174043	0.22877	0.097208
0.0337825	0.402391	0.0638403
0.355033	0.136549	0.00852657
0.0118406	0.471267	0.0169129
0.0992359	0.281357	0.119413
0.0349583	0.451618	0.0134429
0.00677775	0.464891	0.0284512
0.112486	0.113309	0.274246
0.0484299	0.348674	0.102918
0.0530155	0.354628	0.0924411
0.390151	0.0347271	0.0751641
0.203861	0.282618	0.0135402
0.115136	0.262555	0.122342
0.0439075	0.44572	0.0103821
0.257916	0.00205155	0.240045
0.40014	0.0913686	0.00852531
0.407244	0.0812896	0.0114748
0.152304	0.307379	0.0404614
0.0107842	0.484069	0.00517626
0.170715	0.231408	0.0980375
0.116013	0.0213776	0.362702
0.443938	0.0476521	0.00852671
0.0044833	0.137928	0.35774
0.11817	0.370359	0.0114815
0.279093	0.154981	0.06594
0.0594138	0.427753	0.0128542
0.0215036	0.168181	0.310336
0.114316	0.05166	0.334046
0.102849	0.0457405	0.351449
0.0988747	0.00852084	0.392613
0.00705154	0.0541347	0.438934
0.404499	0.00340237	0.0922049
0.322964	0.175797	0.00126625
0.110989	0.145241	0.243789
0.0840801	0.113015	0.30292
0.232766	0.0807151	0.18656
0.0422632	0.207144	0.250607
0.0849402	0.118078	0.296998
0.415193	0.0828763	0.00194303
0.168305	0.149652	0.182157
0.316773	0.181156	0.00208473
0.231476	0.0889691	0.179595
0.0272686	0.0379071	0.434836
0.0765833	0.198617	0.224843
0.156285	0.219033	0.124696
0.0272813	0.20565	0.267198
0.263032	0.0268579	0.210141
0.216551	0.117883	0.165586
0.126342	0.0455884	0.328079
0.264673	0.235341	9.95021e-05
0.0658845	0.0383144	0.395817
0.119972	0.325839	0.0541963
0.0833727	0.0392467	0.377385
0.0361654	0.0769875	0.386865
0.229983	0.067323	0.20277
0.362007	0.0604436	0.0775564
0.466096	0.0255676	0.00834028
0.44281	0.0199758	0.037222
0.0583972	0.13305	0.30856
0.160165	0.278155	0.0616915
0.0494961	0.0636549	0.386859
0.136562	0.121427	0.242146
0.0351022	0.418111	0.0468184
0.177213	0.0695639	0.25334
0.239323	0.256346	0.00437558
0.13346	0.284972	0.0815767
0.309035	0.17419	0.0168053
0.0313361	0.21142	0.257266
0.367344	0.102621	0.0300676
0.155963	0.341279	0.00345255
0.0745807	0.396421	0.0290162
0.0320177	0.170997	0.296993
0.0779979	0.422012	1.26793e-05
0.383666	0.0230438	0.0933107
0.0905585	0.38163	0.0278397
0.0526816	0.251228	0.19617
0.181302	0.246274	0.0724403
0.235906	0.227276	0.0368304
0.343896	0.00728939	0.148858
0.128554	0.0369816	0.334542
0.128308	0.00325632	0.368474
0.461262	0.0220233	0.0167357
0.0226484	0.406604	0.0707716
0.0956615	0.000983393	0.403393
0.109097	0.369043	0.0218721
0.16181	0.317878	0.0203358
0.434142	0.0574616	0.00842403
0.492893	0	0.0071108
0.155682	0.33156	0.0127741
0.106672	0.365211	0.0281387
0.123327	0.0354781	0.341274
0.380732	0.0848012	0.0345129
0.370325	0.12801	0.00171165
0.375072	0.0755635	0.0493981
0.471574	0.020016	0.00852671
0.0787119	0.277129	0.144181
0.0113897	0.0363405	0.452276
0.327478	0.106212	0.0663903
0.227288	0.066534	0.206194
0	0.0064624	0.493544
0.363482	0.0426863	0.0938584
0.00687229	0.378152	0.114995
0.213387	0.120996	0.165622
0.19895	0.270388	0.0306755
0.0890537	0.00759158	0.403395
0.246928	0.0709683	0.182123
0.0764097	0.413125	0.0105013
0.343338	0.0705082	0.0861658
0.00161667	0.0108949	0.487492
0.0682971	0.204737	0.227004
0.0499181	0.14153	0.308561
0.350476	0.0719739	0.0775562
0.0400392	0.0852338	0.374744
0.00804105	0.320774	0.171224
0.053179	0.336872	0.109958
0.253439	0.224928	0.0216564
0.304444	0.171602	0.0239838
0.179853	0.234697	0.0855505
0.304148	0.0615917	0.134268
0.0357494	0.410626	0.0536367
0.277331	0.00719052	0.215521
0.250124	0.00338684	0.246522
0.111065	0.225631	0.163385
0.364658	0.0859796	0.0493982
0.0245862	0.0590767	0.416373
0.0180154	0.0287703	0.453257
0.0464115	0.129712	0.323898
0.0835246	0.0869239	0.329585
0.0309361	0.0138401	0.455403
0.241481	0.253295	0.00524502
0.073967	0.393159	0.0328885
0.0882964	0.0305215	0.381226
0.00528316	0.148294	0.346441
0.0107257	0.481442	0.00786346
0.0878838	0.0314899	0.380643
0.455751	0.009228	0.0350437
0.0329469	0.387712	0.0793464
0.307169	0.176058	0.0168053
0.262422	0.233339	0.00425519
0.14541	0.254061	0.100561
0.142041	0.192539	0.165552
0.291557	0.164646	0.0438199
0.0307068	0.0990548	0.370259
0.432043	0.058555	0.00941859
0.420517	0.0794917	1.26793e-05
0.273452	0.0945243	0.132069
0.164602	0.153354	0.182157
0.0596466	0.427515	0.012854
0.198276	0.201071	0.100676
0.228093	0.00969715	0.262235
0.0888143	0.151679	0.259521
0.000349017	0.384671	0.114993
0.423383	0.0187119	0.057918
0.22483	0.00969112	0.265509
0.47583	0.0188003	0.00538198
0.211002	0.175684	0.113345
0.0871537	0.23417	0.178699
0.486809	0	0.0132064
0.289575	0.0972704	0.11321
0.170921	0.161969	0.167143
0.0143459	0.227647	0.25822
0.0887907	0.136643	0.274748
0.15439	0.248241	0.0973959
0.214366	0.0762239	0.209589
0.0269519	0.171571	0.301575
0.335588	0.129624	0.0348401
0.00770189	0.364352	0.127991
0.0920495	0.00609582	0.401867
0.202265	0.0605062	0.23728
0.101744	0.0915821	0.306739
0.0204963	0.0408373	0.438715
0.0303429	0.192775	0.277062
0.0274155	0.153466	0.319139
0.354996	0.143454	0.00175624
0.167041	0.179236	0.153741
0.312856	0.0287611	0.158411
0.263422	0.0882336	0.148372
0.271033	0.067108	0.161886
0.0130458	0.287833	0.199145
0.243833	0.0346054	0.221589
0.28257	0.105308	0.112154
0.131828	0.0231908	0.345005
0.27361	0.0108014	0.215615
0.0122473	0.295784	0.192055
0.0793498	0.396759	0.0239088
0.236801	0.0302392	0.233014
0.248778	0.198659	0.052594
0.120163	0.297873	0.0819895
0.3277	0.0997927	0.0725297
0.25796	0.0553322	0.186724
0.00735377	0.491824	0.00085914
0.003445	0.245347	0.251237
0.104792	0.110582	0.284727
0.0135322	0.414678	0.0718203
0.000495934	0.0483772	0.451179
0.0716752	0.214471	0.214036
0.106257	0.277942	0.115831
0.376831	0.0345829	0.0886121
0.360386	0.0579341	0.081704
0.00483	0.000670438	0.494516
0.2407	0.222381	0.0369608
0.130705	0.126126	0.243203
0.0140617	0.407124	0.0788398
0.196887	0.0489062	0.25424
0.388924	0.00515127	0.105943
0.135396	0.167601	0.197106
0.0595581	0.37121	0.0692595
0.297465	0.0573937	0.145179
0.125545	0.203029	0.17146
0.221954	0.253745	0.0244858
0.156278	0.34351	0.000312207
0.0138589	0.015844	0.470332
0.367931	0.0132441	0.118848
0.30114	0.0638865	0.1352
0.0983833	0.226316	0.17534
0.403117	0.0311397	0.0657674
0.410978	0.0278527	0.0611868
0.013463	0.0788041	0.407792
0.0240526	0.182845	0.293273
0.0419455	0.122404	0.335674
0.0341848	0.241147	0.224984
0.437741	0.0105605	0.051744
0.0434218	0.128062	0.328546
0.0715664	0.355176	0.0732774
0.466077	0.012643	0.0213341
0.0459511	0.303238	0.150826
0.174055	0.011796	0.314168
0.402741	0.068894	0.0283883
0.278528	0.0513855	0.170116
0.164036	0.330086	0.00599546
0.176144	0.0334056	0.290484
0.0686728	0.00271331	0.429601
0.0978677	0.0406944	0.361471
0.0510932	0.317877	0.131048
0.370198	0.0444754	0.0853591
0.00882639	0.418249	0.0729673
0.190741	0.0265166	0.282773
0.182292	0.0370177	0.280736
0.0691962	0.00273399	0.428247
0.378711	0.0740869	0.0472156
0.417807	0.0206771	0.0615388
0.116854	0.210817	0.172451
0.229566	0.064469	0.205986
0.281186	0.0952732	0.123565
0.319078	0.158552	0.0224141
0.458679	0.0164196	0.0249605
0.424614	0.0236975	0.0517451
0.0326529	0.00935247	0.45803
0.140469	0.321555	0.0379982
0.0114286	0.460311	0.0282882
0.0438094	0.440392	0.0158253
0.12448	0.326228	0.0499605
0.0169862	0.428179	0.0548785
0.341086	0.0844531	0.0744862
0.350861	0.147415	0.00175563
0.283693	0.0419202	0.17442
0.00836955	0.426162	0.0655019
0.183815	0.0255538	0.290672
0.0162068	0.094865	0.388987
0.0539961	0.261357	0.184663
0.228831	0.215708	0.0554767
0.0128837	0.222151	0.264993
0.0322681	0.0928163	0.374937
0.249917	0.0443173	0.205792
0.429033	0.0429104	0.0281396
0.0661004	0.186492	0.24744
0.0607531	0.0242481	0.415018
0.0582566	0.085633	0.356155
0.00574268	0.482844	0.0114373
0.0547178	0.385303	0.0600013
0.107065	0.350034	0.0431051
0.162561	0.0275154	0.309946
0.181511	0.266809	0.0517461
0.203644	0.107901	0.188636
0.191822	0.20859	0.0996018
0.00280663	0.27378	0.223465
0.199604	0.166791	0.133626
0.0219038	0.00067015	0.477452
0.0139473	0.403812	0.08228
0.0833866	0.00316996	0.41347
0.26544	0.0470699	0.187514
0.0292156	0.00836796	0.462449
0.157849	0.011265	0.330938
0.253449	0.217279	0.029305
0.346969	0.153044	0
0.0585335	0.302701	0.138785
0.465191	0.0135317	0.0213342
0.0878779	0.135239	0.277061
0.0548601	0.382128	0.0630354
0.0486684	0.00615927	0.445203
0.193073	0.263145	0.0438475
0.138847	0.062554	0.2987
0.0353173	0.114345	0.350356
0.332706	0.0484757	0.11885
0.0769378	0.281818	0.14128
0.0246908	0.0800869	0.395246
0.0120472	0.290951	0.197106
0.356772	0.0564704	0.0867844
0.0497525	0.434446	0.0158252
0.0313124	0.00209005	0.466625
0.381107	0.0783127	0.0405965
0.00522433	0.349406	0.145409
0.319123	0.0832551	0.0976501
0.147298	0.313526	0.0391928
0.111216	0.309274	0.0795432
0.108664	0.121857	0.270142
0.431365	0.00534984	0.0633126
0.450913	0.0300977	0.0191731
0.00191223	0.127891	0.370234
0.179916	0.31034	0.00975157
0.0598692	0.391303	0.0488591
0.00852516	0.00433333	0.487168
0.0251556	0.374313	0.100563
0.0942369	0.0893008	0.316495
0.0155195	0.101497	0.383008
0.00285849	0.495027	0.00213743
0.391402	0.0522465	0.0563835
0.442048	0.0576806	0.000294434
0.0190978	0.467427	0.0135053
0.016958	0.474981	0.00807664
0.00234459	0.406032	0.0916472
0.0179342	0.435922	0.0461988
0.305674	0.112865	0.081481
0.0638675	0.0160421	0.42012
0.126026	0.324118	0.049898
0.398027	0.0181791	0.0838197
0.0647398	0.376975	0.0583087
0.147124	0.33914	0.013777
0.306718	0.113251	0.080049
0.0178803	0.116936	0.365208
0.0670244	0.185569	0.247441
0.143648	0.0647169	0.291664
0.455574	0.0195225	0.0249604
0.00601183	0.470075	0.0239384
0.0960209	0.0357963	0.368218
0.0541863	0.17986	0.265988
0.493477	0.00340919	0.00314234
0.384247	0.0751698	0.0405962
0.0379898	0.00233224	0.459891
0.151364	0.332107	0.0166486
0.0816195	0.2193	0.199101
0.247838	0.0224556	0.229747
0.00775149	0.367313	0.124978
0.218237	0.150476	0.131319
0.492979	0.00340575	0.00364523
0.29861	0.109759	0.0916452
0.0432937	0.116324	0.340473
0.0590256	0.0536939	0.387314
0.0753772	0.258893	0.16592
0.062845	0.311892	0.125287
0.0761628	0.25808	0.165907
0.00261289	0.0975476	0.399848
0.0370966	0.0937343	0.36918
0.121496	0.34443	0.0340818
0.271529	0.144098	0.0843855
0.388326	0.0548877	0.0567954
0.336279	0.0641098	0.0996228
0.200863	0.00321718	0.295951
0.398217	0.0649158	0.036876
0.379334	0.021474	0.0992008
0.0337432	0.0898435	0.376425
0.441077	0.0468256	0.0121081
0.0318109	0.227995	0.240204
0.0115167	0.0204226	0.468067
0.227951	0.0710709	0.200986
0.0110866	0.02937	0.459553
0.415372	0.0466109	0.0380262
0.0891926	0.348601	0.0622168
0.0390582	0.107103	0.353848
0.146632	0.0155776	0.337804
0.16414	0.0598646	0.276018
0.206238	0.159496	0.134274
0.0716929	0.0213688	0.406946
0.371847	0.121741	0.00641918
0.068698	0.309811	0.121497
0.195537	0.140731	0.163746
0.168119	0.0273881	0.304505
0.0563286	0.119898	0.323791
0.0954306	0.247018	0.157558
0.149146	0.332646	0.0182164
0.0615168	0.413236	0.0252552
0.115717	0.38429	0
0.298181	0.00549902	0.196328
0.167512	0.25346	0.0790355
0.31476	0.114856	0.0704067
0.255957	0.20997	0.034082
0.0793926	0.177443	0.243173
0.448232	0.050493	0.00128241
0.0839671	0.105907	0.310136
0.110445	0.116374	0.27319
0.187263	0.100806	0.21194
0.355154	0.0677084	0.0771466
0.173755	0.183084	0.143169
0.0423343	0.27382	0.183861
5.95725e-05	0.0241056	0.475844
0.0278324	0.451596	0.0205888
0.139229	0.319369	0.0414074
0.0220123	0.0870315	0.390964
0.15446	0.328774	0.0167832
0.127246	0.265139	0.107628
0.176362	0.130848	0.192797
0.420856	0.0313971	0.0477564
0.0188191	0.164092	0.317102
0.268447	0.212477	0.0190832
0.494133	0.00458499	0.00129351
0.11641	0.175268	0.208333
0.0715084	0.014055	0.419135
0.0925849	0.150219	0.257221
0.0138151	0.0421687	0.444027
0.12583	0.35956	0.0146233
0.00411143	0.45787	0.0380261
0.131578	0.309906	0.0585263
0.208954	0.124465	0.166587
0.404356	0.0657447	0.0299089
0.118069	0.233375	0.148565
0.242847	0.0395881	0.217578
0.193462	0.133541	0.17301
0.0963525	0.298794	0.104863
0.15546	0.33506	0.00948216
0.141484	0.292138	0.0663889
0.464629	0.0345551	0.000823425
0.0764909	0.00960093	0.413917
0.347924	0.0662694	0.08582
0.000433185	0.314586	0.184989
0.361333	0.108717	0.0299827
0.383234	0.0362141	0.0805644
0	0.492705	0.00730261
0.343377	0.107515	0.0491185
0.0268373	0.0205351	0.452636
0.308367	0.0387023	0.152938
0.012332	0.0380618	0.449613
0.0108714	0.446831	0.042309
0.180055	0.0360927	0.283891
0.0353556	0.0809746	0.388091
0.00444187	0.46963	0.0259364
0.0622244	0.188872	0.248939
0.0729251	0.192789	0.234296
0.050583	0.323193	0.12624
0.114548	0.380407	0.00505303
0.000129877	0.169037	0.330845
0.00356678	0.479343	0.0170984
0.431821	0.044995	0.0232035
0.0537093	0.372795	0.0735065
0.469136	0.0265577	0.00431491
0.106176	0.216735	0.177096
0.117144	0.271463	0.111406
0.45155	0.0251536	0.0233048
0.211546	0.0336242	0.254837
0.31837	0.102387	0.0792557
0.030919	0.351813	0.117286
0.181443	0.0613616	0.257222
0.0197923	0.474798	0.00541952
0.235901	0.029813	0.234296
0.0636303	0.206579	0.2298
0.1777	0.0324818	0.289829
0.216942	0.154927	0.128144
0.0935316	0.363114	0.0433622
0.047408	0.306637	0.145969
0.191614	0.256985	0.0514073
0.184986	0.0202987	0.294728
0.0460976	0.2892	0.164712
0.100086	0.0192677	0.380658
0.306772	0.0447336	0.148505
0.0484891	0.138558	0.312966
0.0808413	0.280762	0.138415
0.263509	0.0982655	0.138239
0.013803	0.410436	0.075774
0.264312	0.00799162	0.227705
0.360239	0.0725142	0.0672579
0.106724	0.237905	0.155378
0.178111	0.0195443	0.302357
0.247466	0.0471782	0.205366
0.295949	0.0341203	0.16994
0.488268	0.0116011	0.000133023
0.0203017	0.0427625	0.436943
0.132753	0.353687	0.01357
0.14293	0.013044	0.344036
0.0178744	0.12076	0.361374
0.162792	0.167278	0.16994
0.105184	0.394111	0.000715127
0.239948	0.0362544	0.22381
0.218604	0.0163085	0.265096
0.00270162	0.00888399	0.488424
0.136303	0.296999	0.0667095
0.289398	0.194839	0.0157756
0.276517	0.0552247	0.168269
0.110546	0.218505	0.170961
0.244805	0.139537	0.115666
0.133433	0.0427918	0.323787
0.0522142	0.421858	0.0259364
0.108632	0.214722	0.176659
0.0297236	0.0860429	0.384241
0.106518	0.19509	0.202724
0.045198	0.419462	0.0353515
0.0581772	0.403807	0.0380263
0.425778	0.0467225	0.0275125
0.252066	0.0410909	0.206854
0.124686	0.154018	0.221306
0.017721	0.0582738	0.424015
0.325731	0.041346	0.132929
0.350585	0.0788971	0.0705306
0.0905164	0.114168	0.295326
0.232186	0.0532265	0.2146
0.205724	0.0642661	0.230042
0.299916	0.0571775	0.142916
0.122836	0.225272	0.151903
0.279207	0.0827202	0.138084
0.174546	0.058974	0.266507
0.158914	0.0284662	0.31263
0.0111355	0.484558	0.0043149
0.456495	0.0166189	0.0268935
0.0856623	0.20176	0.212587
0.0282532	0.442356	0.0294016
0.0252581	0.427811	0.046944
0.255376	0.184262	0.0603841
0.0386874	0.372025	0.0892918
0	0.497493	0.0025174
0.0307824	0.220623	0.24863
0.36872	0.0444503	0.0915277
0.479176	0.011344	0.00948215
0.00133288	0.000407648	0.498266
0.00432745	0.43531	0.0603841
0.0157757	0.00259014	0.481646
0.207909	0.260443	0.0316591
0.458094	0.0259326	0.0159827
0.331377	0.0584463	0.110189
0.483563	0.0114893	0.00494957
0.0236121	0.399931	0.0764695
0.174791	0.0626398	0.262603
0.0171185	0.0689738	0.413919
0.00608914	0.0122767	0.481647
0.0675599	0.169795	0.262655
0.0766912	0.285086	0.13824
0.000325927	0.487577	0.0121081
0.146959	0.0194373	0.333616
0.224036	0.0609167	0.215056
0.104811	0.143446	0.251752
0.474906	0.00875815	0.0163469
0.00905777	0.464378	0.0360934
0.192523	0.261996	0.0454878
0.281782	0.0317426	0.186483
0.32041	0.0201133	0.159479
0.0302696	0.243808	0.225933
0.00734667	0.00120621	0.491454
0.0673231	0.301208	0.131475
0.366197	0.0719762	0.061838
0.330446	0.128151	0.0414073
0.288538	0.200881	0.0105923
0.0689936	0.344064	0.0869781
0.480083	0.0048738	0.0150635
0.492547	0.000436778	0.00705293
0.0608339	0.352211	0.0869753
0.145138	0.0100334	0.344933
0.0851223	0.330386	0.0845096
0.0632544	0.162179	0.274624
0.450975	0.0303311	0.0187248
0.0451375	0.0161412	0.438752
0.321675	0.129007	0.0493288
0.108296	0.223328	0.168396
0.134462	0.212137	0.153498
0.18048	0.115783	0.204275
0.132014	0.0478611	0.320184
0.260427	0.0585975	0.180993
0.254009	0.189613	0.056485
0.121531	0.181761	0.196798
0.115145	0.155377	0.229512
0.0461362	0.379397	0.0744904
0.313593	0.12064	0.0657923
0.471047	0.00339582	0.0255998
0.111974	0.308777	0.0792713
0.157402	0.00879327	0.333813
0.0282608	0.455448	0.0163758
0.0205882	0.447285	0.0321458
0.463198	0.0258766	0.0118037
0.0339002	0.139211	0.326905
0.064952	0.361721	0.0734132
0.233104	0.175871	0.091056
0.202125	0.257675	0.040225
0.363516	0.119524	0.0169727
0.0373375	0.169404	0.293282
0.139963	0.14553	0.214556
0.177694	0.228042	0.0942875
0.273215	0.0761896	0.150678
0.0762631	0.324239	0.0995108
0.335489	0.0039087	0.160629
0.265825	0.110726	0.123497
0.11677	0.372776	0.0104731
0.0135631	0.0568516	0.42963
0.442769	0.0450311	0.0122262
0.184378	0.232959	0.0827513
0.0165599	0.386623	0.096838
0.188261	0.249488	0.0623515
0.289835	0.00861067	0.208279
0.0816501	0.000889965	0.417497
0.0419823	0.000320672	0.457713
0.343332	0.10603	0.0506618
0.376523	0.0958476	0.0276557
0.214828	0.0276223	0.257581
0.43368	0.0194873	0.0468579
0.278894	0.0812548	0.139938
0.192546	0.124347	0.183135
0.0658658	0.285941	0.148226
0.0530525	0.236511	0.210449
0.0453716	0.0721377	0.382693
0.262684	0.0668688	0.170467
0.00390681	0.46659	0.0295356
0.0967685	0.0372271	0.366033
0.39425	0.0460385	0.0597299
0.359194	0.137255	0.00356723
0.0584629	0.0211478	0.420418
0.0718042	0.0884784	0.339738
0.197533	0.044918	0.257582
0.0147748	0.269383	0.215901
0.123795	0.0670889	0.30919
0.0393149	0.180941	0.279774
0.0365809	0.165971	0.297473
0.256361	0.0530409	0.190626
0.113052	0.0830708	0.303933
0.107355	0.0410375	0.351626
0.000568295	0.477316	0.0221429
0.139446	0.298681	0.0621362
0.274412	0.108279	0.117382
0.0426745	0.421097	0.0362499
0.386013	0.0517592	0.0622483
0.153896	0.0626479	0.283478
0.118823	0.00663809	0.374566
0.03123	0.00195446	0.466825
0.0158302	0.244991	0.239295
0.00584568	0.472037	0.0221429
0.0944019	0.301002	0.104621
0.130725	0.194173	0.175127
0.105185	0.0331415	0.361701
0.0185689	0.433529	0.0479233
0.208425	0.028541	0.263068
0.248908	0.0647081	0.186406
0.0250791	0.00219476	0.472748
0.0238566	0.106354	0.369859
0.0818106	0.407981	0.0102462
0.370011	0.0238061	0.106238
0.005494	0.4157	0.0788812
0.41158	0.0142364	0.0741988
0.0646498	0.290691	0.144709
0.172528	0.0390477	0.288458
0.0438558	0.170985	0.285195
0.152098	0.142428	0.205543
0.000433059	0.00940832	0.490171
0.353508	0.0185191	0.128571
0.00557632	0.484559	0.00989037
0.221007	0.216741	0.0623513
0.070024	0.195732	0.234356
0.16177	0.274308	0.0640135
0.0078153	0.101483	0.390729
0.296649	0.190231	0.0137178
0.0225276	0.292524	0.185481
0.0596297	0.0906583	0.349743
0.349373	0.0408589	0.10979
0.459076	0.0310683	0.00989055
0.0764773	0.320565	0.102988
0.099963	0.0995931	0.300477
0.0234944	0.283322	0.193208
0.12571	0.0430953	0.33124
0.426965	0.0126574	0.0604471
0.238798	0.215299	0.0460003
0.437443	0.0237672	0.0388089
0.102082	0.153158	0.244784
0.00281867	0.274079	0.223136
0.380095	0.0943235	0.0255985
0.0714396	0.00177788	0.426814
0.0274353	0.460365	0.0131267
0.112617	0.277341	0.110134
0.190503	0.267226	0.0423095
0.0526745	0.0698056	0.377621
0.0443722	0.204216	0.251431
0.300203	0.14997	0.0499019
0.278262	0.0859343	0.135815
0.00928088	0.0138142	0.476967
0.168093	0.222526	0.109398
0.339277	0.00296747	0.157772
0.053386	0.131187	0.315444
0.0868602	0.00297245	0.410336
0.00320099	0.365713	0.131114
0.332546	0.0891665	0.0787075
0.057678	0.367856	0.0744905
0.0496094	0.0694543	0.38096
0.119951	0.179398	0.200833
0.078283	0.390389	0.0313766
0.149386	0.327994	0.0234505
0.00175516	0.0156343	0.482627
0.0949269	0.253845	0.15124
0.211611	0.271439	0.0169731
0.283286	0.111781	0.105007
0.416748	0.0288099	0.0544622
0.165546	0.24188	0.0925949
0.407067	0.0140803	0.0788725
0.077058	0.198282	0.22477
0.307045	0.124297	0.0686796
0.384769	0.00447007	0.110785
0.163555	0.216519	0.119999
0.399463	0.0289485	0.0716683
0.269295	0.192405	0.0383255
0.227368	0.012134	0.260515
0.035182	0.401765	0.0631358
0.267068	0.207375	0.0255998
0.0458292	0.198957	0.255254
0.185395	0.0637915	0.250898
0.30202	0.130808	0.0672382
0.240749	0.230318	0.0290131
0.0739261	0.312387	0.113706
0.00323373	0.369455	0.127341
0.00384368	0.442776	0.0534046
0.325495	0.104432	0.0701062
0.378482	0.0331117	0.0884391
0.105949	0.261353	0.132718
0.073095	0.284012	0.142984
0.0893217	0.39077	0.0200105
0.28797	0.0733055	0.138836
0.0255335	0.462325	0.0122277
0.396066	0.0442218	0.0597298
0.0709857	0.315347	0.113712
0.230361	0.264446	0.00521729
0.0398111	0.428832	0.0313773
0.234518	0.219608	0.0460032
0.0894568	0.3955	0.0150635
0.282925	0.181504	0.0361161
0.150865	0.0356938	0.31345
0.305835	0.123807	0.0703789
0.043123	0.425523	0.0313775
0.0557917	0.254923	0.189306
0.0924893	0.135136	0.2724
0.401881	0.0126192	0.0855692
0.336103	0.00671745	0.157253
0.243403	0.121595	0.135064
0.0306531	0.0025319	0.466833
0.331063	0.0887688	0.0805917
0.0130602	0.0350675	0.45189
0.165572	0.218695	0.115759
0.0915984	0.13743	0.270995
0.224685	0.0286339	0.246889
0.372789	0.0209985	0.10623
0.245101	0.0689603	0.18596
0.0033564	0.138406	0.358256
0.0144392	0.0394051	0.446174
0.0974389	0.0231322	0.379468
0.127585	0.327197	0.0452433
0.228748	0.0286338	0.242654
0	0.495071	0.00494053
0.27693	0.0976925	0.125416
0.0475162	0.0774276	0.380684
0.329262	0.142809	0.0279525
0.178325	0.26866	0.0530434
0.0734782	0.29588	0.130676
0.00915402	0.203738	0.287834
0.0359496	0.428347	0.0357802
0.0860704	0.354569	0.0594
0.0533523	0.227875	0.218796
0.0201518	0.435674	0.0441987
0.0649954	0.402988	0.032074
0.208183	0.279291	0.0125593
0.394777	0.102941	0.00234789
0.4102	0.0353905	0.054452
0.0324595	0.0410091	0.426551
0.443754	0.03426	0.0220109
0.285507	0.184442	0.0300814
0.104067	0.233877	0.162084
0.069399	0.360917	0.0697327
0.0406217	0.0271582	0.432283
0.460498	0.0297917	0.00972936
0.128691	0.280341	0.0947053
0.403101	0.00601914	0.0909199
0.133784	0.21478	0.151454
0.0159954	0.459362	0.025815
0.084411	0.0637889	0.353773
0.0247367	0.129038	0.346247
0.0963902	0.0692124	0.334431
0.166713	0.311306	0.0220111
0.100384	0.209979	0.189677
0.175361	0.245575	0.0790809
0.00124156	0.0541985	0.44459
0.0125642	0.0496195	0.437833
0.155408	0.315766	0.0288408
0.205284	0.292636	0.00216408
0.186144	0.115069	0.198858
0.0242147	0.0181573	0.457662
0.218245	0.145911	0.135878
0.0846098	0.0492715	0.366164
0.00303018	0.485228	0.011782
0.161229	0.303627	0.03516
0.223181	0.191681	0.0851528
0.425916	0.0143402	0.0597677
0.159187	0.112431	0.228413
0.0112719	0.0945071	0.394246
0.420667	0.0400559	0.0392986
0.0869522	0.0728269	0.340256
0.0305173	0.0782375	0.391268
0.0634123	0.36913	0.0674766
0.266093	0.170493	0.06343
0.262179	0.0244649	0.213402
0.0185548	0.469706	0.011782
0.336773	0.0062354	0.157019
0.00785602	0.009682	0.482506
0.183245	0.00206364	0.314723
0.099652	0.0423738	0.358015
0.322306	0.00493741	0.1728
0.363602	0.094352	0.0421083
0.0778262	0.393224	0.0289677
0.484589	0.0115211	0.00393598
0.449775	0.0266896	0.0236234
0.200029	0.299006	0.00105288
0.095385	0.155716	0.248932
0.172628	0.0608432	0.267966
0.26648	0.135331	0.0982229
0.212127	0.18482	0.104332
0.0923091	0.144498	0.264444
0.011668	0.0127335	0.475631
0.0435042	0.364752	0.0917746
0.14949	0.322217	0.0283126
0.416881	0.014036	0.0691065
0.000129672	0.0128373	0.487054
0.0814022	0.418571	5.04176e-05
0.058706	0.123724	0.317603
0.122462	0.199552	0.178029
0.312896	0.0464205	0.140709
0.121665	0.262242	0.116115
0.0487414	0.079424	0.371871
0.00494354	0.22404	0.271116
0.157053	0.338121	0.00487374
0.0760193	0.372089	0.0519435
0.0355651	0.455113	0.00935962
0.320365	0.0589258	0.120738
0.0613115	0.346944	0.0917744
0.0204135	0.0156079	0.464006
0.0227973	0.174155	0.303065
0.0872407	0.158218	0.255792
0.0144023	0.332406	0.1544
0.167612	0.257845	0.0745812
0.345281	0.00639293	0.148402
0.0113742	0.082361	0.406298
0.454663	0.0206577	0.0247044
0.088372	0.160269	0.252625
0.0746392	0.388911	0.0364718
0.115985	0.219107	0.164936
0.0828208	9.68846e-05	0.417118
0.144433	0.22152	0.134085
0.304647	0.107113	0.0882633
0.173165	0.266387	0.0604905
0.238996	0.189616	0.071419
0.170181	0.113777	0.216074
0.0010649	0.176637	0.322335
0.13717	0.261191	0.101671
0.0856782	0.00502372	0.409343
0.0836534	0.344612	0.0717575
0.233886	0.0902211	0.175924
0.357288	0.093341	0.0494427
0.241802	0.0865805	0.173056
0.0595744	0.0385371	0.401925
0.0232868	0.126133	0.35061
0.435618	0.0146668	0.0497391
0.308012	0	0.192002
0.357617	0.0550214	0.0873772
0.244992	0.0141192	0.24091
0.233757	0.0979907	0.168284
0.250551	0.0462709	0.203193
0.351764	0.131417	0.0168513
0.295617	0.110441	0.0939807
0.0679083	0.137395	0.295381
0.149495	0.249696	0.100835
0.384905	0.079575	0.0355735
0.434773	0.04055	0.0247045
0.0267941	0.28357	0.189678
0.340009	0.00629532	0.153733
0.15181	0.0185425	0.329694
0.0441563	0.377725	0.078135
0.00535847	0.407611	0.0870508
0.0554787	0.136007	0.308555
0.301142	6.51206e-05	0.198853
0.020882	0.466611	0.0125387
0.0784784	0.0478346	0.373716
0.00686572	0.478112	0.015118
0.380382	0.00524608	0.114412
0.291415	0.0210676	0.187539
0.0973253	0.384526	0.0181783
0.0684897	0.0448228	0.386714
0.191855	0.120629	0.18754
0.00274381	0.302457	0.194831
0.0661764	0.410311	0.0235432
0.111156	0.156978	0.231894
0.352423	0.00354638	0.145256
0.113875	0.242291	0.143849
0.107856	0.107989	0.284242
0.000836477	0.196066	0.303115
0.229942	0.149083	0.121005
0.0358561	0.186473	0.277716
0.288798	0.180491	0.0307311
0.193338	0.121387	0.185298
0.196661	0.0191642	0.284216
0.00227618	0.188169	0.309579
0.110278	0.153638	0.236113
0.231258	0.19369	0.0751046
0.180765	0.138324	0.18095
0.0126593	0.253236	0.234144
0.0375508	0.447425	0.0151179
0.114742	0.162043	0.223243
0.0133881	0.443016	0.0436247
0.248757	0.0459395	0.205324
0.0628387	0.0994295	0.337782
0.0404486	0.197982	0.261605
0.0626077	0.327337	0.110104
0.24606	0.171999	0.0819797
0.389195	0.0593006	0.0515231
0.0897564	0.0522686	0.358013
0.00450497	0.201928	0.293612
0.348142	0.0035033	0.149581
0.106042	0.1484	0.245593
0.188187	0.0319756	0.279874
0.368061	0.0360591	0.0959195
0.215439	0.101456	0.183179
0.248969	0.168028	0.083036
0.14098	0.200901	0.158149
0.226706	0.0846806	0.188667
0.00773768	0.105578	0.386725
0.256202	0.165685	0.0781361
0.163552	0.335955	0.000508343
0.492147	0.00527749	0.00261255
0.143074	0.302777	0.0556915
0.214395	0.134178	0.151458
0.152355	0.328006	0.0196839
0.474367	0.0110556	0.0146003
0.371054	0.0967548	0.0322535
0.117405	0.193049	0.190785
0.139206	0.150452	0.21037
0.466629	0.0301884	0.00320227
0.14076	0.216537	0.14274
0.00250494	0.0529349	0.444588
0.114352	0.124794	0.260925
0.150159	0.239616	0.110257
0.258358	0.163523	0.078135
0.152003	0.240514	0.107518
0.0261144	0.236961	0.236959
0.0209967	0.00809945	0.470935
0.0085418	0.0718653	0.419644
0.0568447	0.224381	0.218795
0.500001	0	0
0.00556201	0.119069	0.375393
0.469564	0.000225392	0.0302223
0.490168	0.00858536	0.00125144
0.0610339	0.431764	0.00720927
0.0472131	0.366796	0.0860003
0.453778	0.0462258	0
0.0499455	0.440829	0.00927793
0.00992523	0.0491409	0.44094
0.0945721	0.329097	0.0763462
0.0913482	0.359302	0.0493695
0.0806031	0.0544408	0.364964
0.0162706	0.417121	0.0666143
0.000736646	0.0217014	0.477565
0.439782	0.0582808	0.00194086
0.44991	0.0458317	0.00426318
0.00942712	0.152837	0.337744
0.0651025	0.337058	0.0978757
0.115427	0.132572	0.25202
0.0785749	0.0186665	0.402771
0.305369	0.0902045	0.104449
0.161733	0.111744	0.226527
0.194327	0.281216	0.0244647
0.105341	0.0719623	0.322711
0.0061442	0.374408	0.119456
0.188297	0.304024	0.00768577
0.00160569	0.211363	0.287047
0.0707923	0.40394	0.0252889
0.0337113	0.423971	0.0423758
0.0462138	0.343412	0.110382
0.157606	0.108893	0.233506
0.412757	0.0508732	0.0363751
0.0132523	0.00276537	0.483987
0.402746	0.0350874	0.0621764
0.352544	0.142131	0.00533268
0.0123493	0.155893	0.331764
0.0196767	0.469292	0.0110375
0.0586511	0.0964526	0.3449
0.00486995	0.475465	0.0196781
0.00890885	0.486957	0.00414196
0.23161	0.250115	0.0182878
0.0545226	0.255606	0.189892
0.00919195	0.295985	0.194828
0.0309225	0.0127051	0.456379
0.0290402	0.00357927	0.467386
0.335325	0.0813125	0.0833673
0.368656	0.0868202	0.0445355
0.392205	0.103391	0.00440754
0.268087	0.175518	0.0564172
0.0631919	0.31287	0.123944
0.0718693	0.0177802	0.410363
0.087156	0.102098	0.310766
0.172749	0.293299	0.0339617
0.377033	0.0696328	0.0533372
0.324155	0.0286293	0.147226
0.213602	0.272347	0.014058
0.0306546	0.162653	0.306715
0.048733	0.0628586	0.388411
0.11331	0.13014	0.256567
0.156688	0.320479	0.0228417
0.0105153	0.20475	0.284794
0.259909	0.0310956	0.209
0.199666	0.0598764	0.24048
0.110114	0.31765	0.0722518
0.100249	0.184509	0.215251
0.140683	0.268687	0.0906367
0.0132075	0.062015	0.424783
0.21323	0.0238699	0.262908
0.191679	0.140568	0.167766
0.00508735	0.494506	0.000417643
0.176894	0.286465	0.0366502
0.481489	0.0185156	0
0.0327657	0.00605138	0.461187
0.199339	0.00450754	0.296204
0.298575	0.0145173	0.186968
0.21954	0.252148	0.028366
0.0985384	0.352812	0.0486596
0.0206841	0.118039	0.361287
0.294577	0.0728302	0.13263
0.279428	0.220576	0
0.15462	0.229141	0.116246
0.125117	0.216294	0.158599
0.254428	0.171495	0.0740882
0.358294	0.00439795	0.137353
0.234681	0.158369	0.106962
0.272153	0.0670403	0.160844
0.420055	0.0370992	0.0428793
0.228243	0.0255505	0.24624
0.0373137	0.18282	0.279874
0.289058	0.194836	0.0161171
0.0354521	0.0809939	0.383559
0.186202	0.278486	0.0353327
0.00557811	0.00105043	0.493374
0.244566	0.168119	0.0873332
0.216412	0.023227	0.260371
0.016826	0.482763	0.000417639
0.167001	0.114799	0.218216
0.0575986	0.0949679	0.347436
0.102462	0.160607	0.236941
0.340232	0.0175001	0.14227
0.266433	0.0833484	0.150238
0.204293	0.188053	0.10766
0.385192	0.0337364	0.0811046
0.0914079	0.231729	0.1769
0.247779	0.0400593	0.212183
0.118476	0.223755	0.157776
0.332001	0.0986175	0.0694155
0.263515	0.0651505	0.171369
0.164706	0.11406	0.221241
0.136091	0.259916	0.10401
0.15049	0.222675	0.126837
0.177588	0.117551	0.204865
0.111608	0.189894	0.198504
0.025273	0.410779	0.0640267
0.00280544	0.0469065	0.450302
0.0629021	0.325666	0.111469
0.133936	0.265195	0.100885
0.0126626	0.159849	0.327493
0.017503	0.447184	0.0353326
0.183826	0.126858	0.189319
0.0834836	0.0206536	0.395868
0.0401918	0.0270646	0.432747
0.0752633	0.389664	0.0351146
0.285074	0.0213341	0.193599
0.397894	0.0422475	0.0598658
0.00705816	0.26287	0.230075
0.24102	0.238672	0.0203263
0.497523	0.00248166	0
0.308474	0.150333	0.0412014
0.0120943	0.0567881	0.431123
0.344891	0.139045	0.0160799
0.311198	0.015131	0.173718
0.0283316	0.052108	0.419614
0.3218	0.0240825	0.154124
0.360267	0.107014	0.0327487
0.223286	0.0926417	0.184079
0.166461	0.306833	0.0267523
0.143643	0.225724	0.130656
0.382934	0.100947	0.0161212
0.431873	0.0328153	0.0353328
0.274448	0.180121	0.0454496
0.0864889	0.333634	0.0798924
0.153701	0.1036	0.242705
0.122432	0.234379	0.143196
0.121755	0.200149	0.178112
0.237932	0.243793	0.0182878
0.068444	0.0162409	0.415332
0.474184	0.0191894	0.00663312
0.315262	0.145874	0.0388737
0.011497	0.194876	0.293684
0.109197	0.0753569	0.315453
0.37792	0.0687463	0.0533373
0.0524697	0.146639	0.3009
0.365568	0.0868454	0.0476235
0.182989	0.266262	0.0507534
0.0208553	0.0137405	0.46542
0.286209	0.0845447	0.129264
0.0741852	0.384082	0.0417743
0.0277702	0.464312	0.0079318
0.179143	0.293149	0.0277138
0.126929	0.209279	0.163793
0.330896	0.074857	0.0942636
0.108811	0.207185	0.18402
0.130496	0.17548	0.194032
0.208295	0.0223557	0.26936
0.204912	0.0180978	0.276995
0.00911408	0.458158	0.0327482
0.10421	0.195253	0.200541
0.145258	0.13728	0.21747
0.307751	0.0141663	0.178119
0.40763	0.000804983	0.0915979
0.0132641	0.133472	0.3533
0.0101406	0.0939962	0.395867
0.106136	0.393455	0.000417641
0.426426	0.05285	0.0207323
0.0772722	0.343971	0.0787614
0.00241853	0.384391	0.113197
0.0326191	0.352645	0.114744
0.1078	0.310975	0.081241
0.397962	0.0421776	0.0598656
0.0135675	0.449905	0.036541
0.318549	0.0163849	0.165088
0.0520027	0.145333	0.302682
0.0759173	0.399541	0.0245583
0.4763	0.018316	0.00539071
0.249303	0.0403057	0.210403
0.0384675	0.397571	0.0640247
0.0857304	0.0628707	0.351412
0.147331	0.198119	0.154558
0.153166	0.144754	0.202088
0.127585	0.17839	0.194032
0.207922	0.242715	0.0493681
0.344863	0.13878	0.0163598
0.0102331	0.377907	0.111863
0.420728	0.0315037	0.0477766
0.362949	0.0931597	0.0439013
0.0234055	0.41325	0.0633625
0.00972565	0.0554944	0.43479
0.106383	0.306799	0.0868375
0.0027978	0.436135	0.0610904
0.0272594	0.0493049	0.423479
0.126713	0.00539733	0.367916
0.22943	0.265075	0.00551739
0.431888	0.0120142	0.0561083
0.0644738	0.090121	0.34543
0.493982	0.00499168	0.00104017
0.381662	0.11363	0.0047214
0.274453	0.0258684	0.199718
0.0369476	0.396841	0.0662352
0.213456	0.274034	0.012528
0.0233005	0.0311511	0.446533
0.0984844	0.350381	0.0511684
0.0523766	0.0840341	0.363605
0.152681	0.0382315	0.30911
0.365817	0.126974	0.00726591
0.116216	0.149101	0.234703
0.329019	0.012343	0.15867
0.200392	0.190196	0.1108
0.173004	0.0229187	0.304108
0.120605	0.187798	0.191637
0.169366	0.0676364	0.263039
0.138489	0.26775	0.0937784
0.0624622	0.295701	0.141859
0.056068	0.403459	0.0405295
0.300646	0.052686	0.146687
0.196247	0.100165	0.203621
0.159238	0.216832	0.123953
0.426155	0.0257027	0.0481543
0.070464	0.0927555	0.337748
0.0354735	0.391151	0.0734567
0.0844829	0.385148	0.0303988
0.10252	0.0399126	0.35758
0.0552824	0.0692447	0.375502
0.323154	0.124217	0.0526721
0.0270687	0.357777	0.115172
0.279793	0.00380435	0.21644
0.149544	0.281542	0.0689306
0.0334971	0.407166	0.0593704
0.176569	0.254358	0.0704522
0.0401254	0.445464	0.0144386
0.059816	0.00416282	0.436049
0.000403164	0.151445	0.354214
0.318315	0.143556	0.0381874
0.269237	0.0984574	0.132358
0.0146221	0.427892	0.0585559
0.265615	0.0966771	0.137733
0.417745	0.0396161	0.0426699
0.0192044	0.261447	0.219365
0.0449496	0.0716751	0.383391
0.0100863	0.0725797	0.417389
0.247702	0.0815995	0.170716
0.000664818	0.0351043	0.46424
0.375837	0.113197	0.0160043
0.0789948	0.14296	0.278061
0.00204116	0.0269706	0.471001
0.45359	0.0180176	0.0284617
0.401882	0.0586756	0.0394777
0.243883	0.231474	0.0260435
0.00431826	0.115413	0.380286
0.333461	0.139837	0.0267204
0.237252	0.0323113	0.230467
0.439083	0.0122143	0.0487116
0.0413467	0.11924	0.34046
0.0821972	0.171353	0.246502
0.0144295	0.482965	0.00261813
0.314848	0.077603	0.107595
0.0670182	0.322784	0.110218
0.0236626	0.0568628	0.419498
0.13345	0.224855	0.141721
0.326149	0.00907273	0.164793
0.241113	0.0474781	0.211425
0.140656	0.341061	0.0182997
0.1881	0.247097	0.0648516
0.304619	0.0315611	0.163854
0.0839359	0.382654	0.0334408
0.337742	0.085468	0.0768393
0.00272874	0.0152654	0.482031
0.0714636	0.0278149	0.400748
0.480813	0	0.0192002
0.390139	0.0436494	0.0662352
0.371322	0.116975	0.0117338
0.00100176	0.489381	0.00964806
0.467117	0.0281733	0.00472477
0.0816048	0.316374	0.102038
0.361378	0.0444089	0.0942303
0.00196364	0.2854	0.212653
0.209486	0.105255	0.185284
0.0428636	0.00119237	0.455953
0.038774	0.309928	0.151336
0.110331	0.138812	0.2509
0.121659	0.18632	0.192046
0.0162108	0.448438	0.0353676
0.0722329	0.102686	0.325108
0.482731	0.0162391	0.00104017
0.291747	0.0360787	0.172211
0.260082	0.0658156	0.174141
0.000152669	0.453495	0.0463781
0.0117385	0.291278	0.197009
0.00610282	0.104597	0.390224
0.0575695	0.109908	0.332555
0.0332916	0.0581423	0.408624
0.251885	0.239069	0.0104251
0.00606556	0.465094	0.0288556
0.163598	0.206755	0.129676
0.00597786	0.45837	0.035667
0.0825962	0.152408	0.265008
0.110914	0.147171	0.241929
0.0207932	0.335889	0.143353
0.092182	0.110364	0.297472
0.0489002	0.155145	0.296023
0.000518946	0.495119	0.00975145
0.263189	0.0875698	0.149263
0.00963401	0.174131	0.316259
0.0614728	0.108763	0.329781
0.161982	0.330946	0.00710215
0.395442	0.0238503	0.0807284
0.287929	0.0356066	0.176485
0.0676581	0.319923	0.112442
0.218459	0.194882	0.0866783
0.0132504	0.414746	0.0730529
0.001943	0.272456	0.225617
0.0434631	0.00200842	0.454537
0.392832	0.0514105	0.0557838
0.00842025	0.468468	0.0231475
0.0309603	0.063255	0.405814
0.13122	0.367907	0.00088463
0.0460348	0.131348	0.322642
0.226741	0.090549	0.182754
0.257181	0.220104	0.022754
0.149045	0.329253	0.0217175
0.0469613	0.214091	0.238978
0.0549637	0.237399	0.207696
0.0890089	0.345079	0.0659275
0.222454	0.203159	0.0744117
0.310279	0.0764768	0.113295
0.184407	0.025317	0.290311
0.0925061	0.164999	0.242508
0.0114292	0.312111	0.176487
0.0403153	0.0646828	0.395033
0.00118049	0.475361	0.0234796
0.105354	0.159963	0.234704
0.0962694	0.179344	0.2244
0.0198468	0.477549	0.00261814
0.0966774	0.168376	0.234968
0.0301743	0.3428	0.127043
0.221064	0.0967993	0.182202
0.182078	0.164561	0.153389
0.155169	0.0752042	0.26965
0.446184	0.0375695	0.016265
0.210925	0.00793601	0.281168
0.0253103	0.378764	0.0959541
0.142769	0.258375	0.0988749
0.17179	0.289338	0.0389033
0.472687	0.00180332	0.0255251
0.45039	0.00463925	0.0449841
0.179527	0.236321	0.0841887
0.0294967	0.373646	0.0968908
0.283455	0.130426	0.0861405
0.44431	0.0351804	0.0214308
0.100572	0.175734	0.223712
0.0527465	0.421613	0.0256766
0.255946	0.00731005	0.236753
0.044363	0.199206	0.256452
0.088507	0.157866	0.253635
0.307547	0.118067	0.079892
0.206844	0.00778249	0.285417
0.12349	0.230055	0.146468
0.192733	0.076968	0.230324
0.295021	0.133777	0.0712136
0.472296	0.0135394	0.0141919
0.0284265	0.33606	0.135552
0.0182942	0.208348	0.273382
0.125177	0.226538	0.148303
0.414872	0.0466714	0.0384923
0.0197134	0.360024	0.120279
0.15707	0.213879	0.129081
0.0877814	0.151655	0.260578
0.179716	0.0244755	0.295838
0.405508	0.00705465	0.0926688
0.153675	0.0270733	0.319283
0.352286	0.042973	0.104767
0.00857463	0.000972596	0.490476
0.223479	0.0943891	0.182205
0.0758864	0.10788	0.316261
0.00816067	0.218109	0.273749
0.0906941	0.378959	0.0303697
0.459976	0.0277426	0.0122998
0.460719	0.0277874	0.011515
0.345969	0.129482	0.0245747
0.00332767	0.00296853	0.493719
0.0954463	0.172734	0.231835
0.146868	0.243884	0.109271
0.34894	0.135425	0.0156616
0.338845	0.146741	0.0144386
0.323793	0.164505	0.0117338
0.500001	0	0
0.327041	0.154155	0.0188421
0.266444	0.228875	0.00468825
0.00787751	0.492129	0
0.245326	0.00984164	0.244835
0.168859	0.0385593	0.292588
0.122364	0.0550687	0.322574
0.138792	0.0334774	0.327741
0.153096	0.126398	0.220527
0.172221	0.217189	0.110732
0.375161	0.0949653	0.0298899
0.361201	0.0913115	0.0475084
0.00328556	0.0636747	0.43306
0.0377133	0.30828	0.154011
0.111091	0.0323801	0.356536
0.300461	0.0536106	0.145941
0.118344	0.211624	0.170056
0.163709	0.0647215	0.271576
0.23797	0.259513	0.00252102
0.31627	0.178124	0.0056172
0.213759	0.250878	0.0353647
0.20154	0.0453469	0.253133
0.0901291	0.111194	0.298689
0.0582719	0.43636	0.00537251
0.108583	0.301607	0.0921405
0.45279	0.0143587	0.032868
0.0230843	0.397954	0.0789884
0.272535	0.121099	0.1064
0.261926	0.141774	0.0963176
0.365378	0.0841844	0.0504567
0.312051	0.164459	0.0234933
0.0990716	0.143271	0.257676
0.33523	0.098796	0.0660123
0.057298	0.0618622	0.380849
0.0870787	0.0711685	0.341762
0.14665	0.0506289	0.302738
0.390583	0.0329392	0.0765086
0.132123	0.0158232	0.35209
0.292681	0.00404619	0.203292
0.380379	0.110513	0.00914709
0.0328114	0.446766	0.0204466
0.0943266	0.149914	0.255794
0.209863	0.187535	0.102642
0.0227896	0.0521936	0.425023
0.127711	0.0318298	0.340464
0.04207	0.0119347	0.446
0.161226	0.205763	0.133017
0.340807	0.0190488	0.140161
0.190646	0.25596	0.0534135
0.227454	0.184004	0.0885479
0.0377309	0.342587	0.119713
0.398535	0.0771551	0.0243389
0.308327	0.172847	0.0188412
0.127133	0.00774148	0.365132
0.0218695	0.107104	0.37107
0.280962	0.112669	0.1064
0.0287968	0.222639	0.248573
0.0176626	0.298824	0.183535
0.0468431	0.373266	0.0798975
0.0808407	0.409156	0.0100431
0.232449	0.0673635	0.200195
0.287142	0.144925	0.067957
0.0125115	0.00312941	0.484382
0.169349	0.213521	0.117272
0.347586	0.151256	0.00116834
0.0520795	0.134825	0.313119
0.00547901	0.48087	0.0136649
0.157756	0.164941	0.17731
0.43771	0.0211	0.0412301
0.0511649	0.420149	0.0287107
0.0472972	0.294196	0.158524
0.0788666	0.214413	0.206746
0.151394	0.0832875	0.265338
0.00653803	0.33108	0.162411
0.495522	0.00321371	0.00128994
0.482275	0.00876099	0.00898638
0.287583	0.0224544	0.189969
0.0735652	0.0246295	0.401809
0.15725	0.129828	0.212947
0.248495	0.0119934	0.239577
0.487895	0.0108486	0.00128996
0.0447405	0.0148361	0.440453
0.140959	0.234849	0.124228
0.00914179	0.277833	0.213059
0.0626158	0.428276	0.00914709
0.0102045	0.084188	0.405619
0.0775366	0.197984	0.224494
0.179072	0.145757	0.175193
0.233585	0.266056	0.000367012
0.222618	0.274648	0.00274476
0.036161	0.324442	0.139404
0.105589	0.0492245	0.345188
0.41685	0.0239664	0.0592002
0.0692703	0.366808	0.0639522
0.388381	0.0945127	0.0171081
0.0405823	0.329451	0.129981
0.0562593	0.418212	0.0255378
0.00688751	0.405989	0.087145
0.0410268	0.454509	0.00448849
0.472418	0.0050183	0.0225759
0.296565	0.126591	0.0768812
0.00694791	0.409549	0.0835251
0.463377	0.0303358	0.00629067
0.108212	0.238816	0.152985
0.0530481	0.280907	0.166054
0.194967	0.023069	0.281971
0.113942	0.207595	0.178503
0.0223881	0.442841	0.0347778
0.0742406	0.347577	0.0782016
0.208588	0.0263094	0.265126
0.117528	0.352882	0.0296171
0.0497902	0.289279	0.160981
0.0368451	0.284085	0.179081
0.41824	0.0244308	0.057474
0.470376	0.0167728	0.0128772
0.218838	0.268803	0.0123618
0.180097	0.00108293	0.318857
0.000207433	0.475498	0.0243052
0.0591356	0.0757395	0.365133
0.147235	0.0198386	0.332929
0.185621	0.0880358	0.226365
0.32641	0.0816425	0.0919697
0.0392592	0.336551	0.124229
0.0163325	0.315119	0.168555
0.0689934	0.365342	0.0657107
0.0607415	0.0682295	0.371062
0.0506045	0.140563	0.308859
0.0206624	0.361145	0.118218
0.0343652	0.00663579	0.45903
0.0257752	0.200537	0.273693
0.0490563	0.32464	0.126326
0.447483	0.0215711	0.0309619
0.00848297	0.0772427	0.414297
0.0253109	0.00824207	0.466451
0.000920089	0.106954	0.392156
0.0148506	0.286527	0.198628
0.40313	0.0418909	0.0549878
0.135816	0.170778	0.193415
0.189422	0.105596	0.204993
0.14181	0.0252646	0.332931
0.0988318	0.116317	0.284876
0.0162892	0.317663	0.166053
0.00117373	0.039827	0.459027
0.0972858	0.117862	0.284876
0.319483	0.116881	0.0636589
0.247801	0.10031	0.151894
0.0713165	0.377644	0.0510888
0.425074	0.0204909	0.0544687
0.133628	0.243131	0.123303
0.00584989	0.00184402	0.492339
0.278379	0.220193	0.00143687
0.253714	0.0101352	0.236204
0.439521	0.0281126	0.0324183
0.212567	0.260599	0.0268375
0.344402	0.0225866	0.133017
0.338218	0.147723	0.0140946
0.11539	0.357472	0.0271586
0.0259054	0.390681	0.083454
0.250682	0.0564042	0.192932
0.104371	0.29627	0.0993939
0.0979531	0.216177	0.185884
0.460774	0.0301955	0.00903468
0.410597	0.016961	0.0724673
0.0460528	0.428589	0.0253851
0.189529	0.0780672	0.232426
0.0201243	0.392843	0.0870557
0.0898217	0.097078	0.313111
0.0368379	0.172466	0.290712
0.323919	0.170714	0.00537251
0.077097	0.0690753	0.353834
0.406684	0.074164	0.0191572
0.352883	0.0862755	0.0608601
0.142894	0.327261	0.02985
0.0143536	0.07047	0.415179
0.137099	0.194351	0.168554
0.0464764	0.00219902	0.45139
0.233409	0.24403	0.0225761
0.314563	0.112983	0.0724774
0.0165924	0.00517171	0.478274
0.258577	0.205	0.0364382
0.429949	0.0134882	0.0565777
0.0298779	0.381564	0.0885612
0.06519	0.349301	0.0855153
0.102352	0.320797	0.0768799
0.322468	0.0211482	0.156386
0.0100544	0.103397	0.38656
0.206873	0.184863	0.108301
0.356426	0.0220414	0.12154
0.445236	0.0136452	0.0411304
0.433028	0.059132	0.0078441
0.000582347	0.0785747	0.420857
0.0715274	0.378761	0.0497576
0.0520484	0.0103614	0.437639
0.0184127	0.0859444	0.395684
0.0244079	0.00788433	0.467731
0.361235	0.0573621	0.0814176
0.443959	0.0296114	0.0264352
0.0145631	0.27307	0.212398
0	0	0.500002
0	0.500002	0
0.33221	0.0869106	0.0808857
0.34393	0.0738266	0.0822453
0.0173977	0.194167	0.28844
0.00233957	0.423525	0.0741375
0.309582	0.0490688	0.141366
0.19942	0.129966	0.170625
0.0121374	0.483807	0.00407608
0.235726	0.211569	0.0527121
0.214388	0.236995	0.0486227
0.0619092	0.07846	0.359634
0.428917	0.0686546	0.00243093
0.274269	0.115671	0.110068
0.0810883	0.290994	0.127925
0.0608699	0.133595	0.30554
0.114913	0.124521	0.260571
0.133624	0.067706	0.298675
0.298656	0.0680638	0.133301
0.0063581	0.493644	0
0.276798	0.15406	0.0692887
0.225202	0.164106	0.1107
0.404199	0.0041638	0.0916524
0.0438372	0.274706	0.181462
0.152006	0.107272	0.240725
0.196297	0.0534076	0.250297
0.222667	0.242299	0.0350348
0.263238	0.177685	0.0590864
0.034525	0.00886915	0.456612
0.370715	0.0903621	0.0389277
0.0788484	0.0565181	0.36464
0.00471481	0.438243	0.0570456
0.00810468	0.0266419	0.465255
0.0304868	0.416813	0.0527126
0.0877344	0.0228921	0.389375
0.0739627	0.0804836	0.345564
0.0944702	0.0348511	0.370687
0.0319351	0.390233	0.0778341
0.0210072	0.29667	0.182332
0.29151	0.0637304	0.144762
0.301985	0.0625894	0.135435
0.306826	0.0191743	0.174004
0.362555	0.0367589	0.10069
0.247352	0.0482149	0.204439
0.390292	0.0180693	0.091652
0.105565	0.20759	0.186849
0.259043	0.182809	0.0581571
0.084717	0.399317	0.0159714
0.252003	0.0399425	0.208071
0.130152	0.134697	0.235156
0.0602765	0.099164	0.340567
0.10858	0.239069	0.152357
0.0683055	0.000484839	0.431213
0.0905914	0.0964635	0.312956
0.229968	0.0434381	0.230696
0.169652	0.173687	0.156665
0.321657	0.0575536	0.120796
0.264736	0.0692835	0.165984
0.101554	0.0669033	0.331566
0.383223	0.00286513	0.113917
0.244344	0.156498	0.0991604
0.353665	0.0806002	0.0658821
0.454696	0.00453779	0.0407712
0.226945	0.0442371	0.22882
0.189599	0.123226	0.187207
0.450812	0.00198733	0.0472038
0.00905403	0.476728	0.0142201
0.123858	0.253798	0.122352
0.157958	0.315984	0.0260629
0.219371	0.271063	0.00956926
0.00344552	0.28194	0.214621
0.0609931	0.325126	0.11389
0.48629	0.0083162	0.00539819
0.039098	0.36239	0.0985142
0.306244	0.104351	0.0894089
0.194378	0.0379948	0.267634
0.0356865	0.347081	0.117236
0.0449913	0.445018	0.00999593
0.0578973	0.101543	0.340567
0.0365195	0.37885	0.0846328
0.069425	0.366876	0.0637026
0.127825	0.205136	0.167047
0.0143586	0.229531	0.256157
0.0318026	0.0656619	0.402538
0.04451	0.362209	0.0932876
0.271994	0.195228	0.0327801
0.0067571	0.0518059	0.441455
0.409203	0.0290738	0.061726
0.0190806	0.260402	0.220536
0.211701	0.00980112	0.278501
0.142827	0.311878	0.0452991
0.0167085	0.396219	0.0870755
0.231448	0.264496	0.00407608
0.31734	0.0383057	0.144369
0.000363698	0.00539886	0.494254
0.147598	0.249056	0.103352
0.0727918	0.000306906	0.426904
0.205951	0.0128704	0.281183
0.47228	0.0234674	0.00425931
0.254864	0.225931	0.0192101
0.0832491	0.0218514	0.394902
0.179101	0.30579	0.0151125
0.0540798	0.0917978	0.354126
0.168547	0.119545	0.211915
0.053844	0.321311	0.124851
0.377466	0.110106	0.0124316
0.00735019	0.331047	0.161606
0.0233569	0.357739	0.118909
0.0769114	0.406438	0.0166543
0.111455	0.0590034	0.329546
0.165252	0.0669516	0.267805
0.156806	0.310213	0.0329858
0.0663305	0.108392	0.325281
0.493881	0.00115743	0.00496438
0.180993	0.290461	0.0285649
0.462099	0.0260939	0.0118298
0.00223525	0.453201	0.0445662
0.0988472	0.337831	0.063326
0.0249892	0.218902	0.256158
0.136886	0.0829845	0.280132
0.115849	0.189796	0.194359
0.287845	0.013659	0.198511
0.0541436	0.00653561	0.439337
0.421388	0.0769934	0.0016241
0.437302	0.00709635	0.0556134
0.153677	0.100155	0.246179
0.118451	0.255551	0.126002
0.174185	0.28464	0.0411777
0.125988	0.220609	0.153408
0.209341	0.127858	0.162804
0.36618	0.0892565	0.0445691
0.478149	0.0190281	0.00284531
0.112737	0.385305	0.00196317
0.41358	0.0263552	0.0600685
0.146624	0.247413	0.105971
0.202574	0.0493775	0.248054
0.00510896	0.0438516	0.451047
0.395414	0.00481744	0.0997723
0.104748	0.200291	0.194964
0.191785	0.17413	0.1341
0.147827	0.1605	0.191678
0.13116	0.215436	0.153408
0.0503288	0.343898	0.105782
0.328059	0.0718216	0.100125
0.0685958	0.409602	0.0218095
0.0760223	0.0158509	0.40813
0.028751	0.151935	0.319318
0.0146794	0.00502726	0.480295
0.28221	0.14872	0.0692186
0.445875	0.043799	0.0103295
0.000879136	0.0110235	0.488099
0.145574	0.144433	0.210001
0.148119	0.0780825	0.273803
0.0188783	0.00325052	0.477874
0.119972	0.0292432	0.35079
0.0323078	0.449411	0.0182835
0.139969	0.138872	0.221167
0.103789	0.172245	0.223972
0.012823	9.58698e-05	0.487085
0.0405668	0.0765597	0.382876
0.00911785	0.458729	0.0321588
0.13253	0.0671514	0.300325
0.0515727	0.383358	0.0650878
0.0941169	0.00588159	0.400006
0.0484141	0.000343648	0.451245
0.010468	0.0200598	0.469477
0.217717	0.120609	0.161676
0.0415963	0.372505	0.0859047
0.0607072	0.352189	0.0871067
0.141524	0.11144	0.247047
0.137546	0.17078	0.191677
0.441447	0.0317644	0.0267913
0.348618	0.101435	0.0499553
0.0170637	0.2695	0.21344
0.0407216	0.139175	0.320109
0.240299	0.259703	0
0.0107848	0.0940863	0.395136
0.0922925	0.151623	0.256088
0.0435227	0.379692	0.0767921
0.35737	0.141453	0.00117842
0.319579	0.0971713	0.083255
0.183098	0.299909	0.0169965
0.281535	0.0163157	0.202161
0.0551338	0.0937267	0.351142
0.0173899	0.472618	0.0099959
0.0235743	0.00565351	0.470775
0.17728	0.172731	0.149993
0.04222	0.144296	0.313489
0.0702005	0.0503193	0.379482
0.122729	0.0510275	0.326248
0.00731065	0.278286	0.214411
0.287923	0.185288	0.0267913
0.301418	0.187951	0.0106333
0.282571	0.0163757	0.201063
0.162738	0.0634615	0.273801
0.182461	0.30243	0.0151125
0.00349354	0.28587	0.210643
0.0085632	0.467837	0.0236018
0.098593	0.336963	0.0644497
0.0895816	0.194785	0.215718
0.109843	0.362808	0.0275045
0.345817	0.00416808	0.150128
0.0608823	0.426195	0.0130164
0.243454	0.253653	0.00295814
0.030526	0.0465367	0.423105
0.361683	0.0327039	0.105673
0.00695726	0.0581331	0.434957
0.18555	0.291289	0.0232106
0.00963072	0.442888	0.0475428
0.486287	0.00657626	0.00723738
0.369492	0.0107604	0.119815
0.444352	0.0484139	0.00732488
0.069888	0.416608	0.0135499
0.0600495	0.351065	0.0889869
0.130454	0.236412	0.133211
0.157001	0.0832701	0.259775
0.00639895	0.181935	0.311729
0.230201	0.161225	0.108619
0.107027	0.185284	0.207776
0.00537873	0.00420861	0.49044
0.349906	0.13628	0.0139512
0.286183	0.145902	0.0679982
0.417063	0.0313947	0.0516059
0.0521291	0.407557	0.0403807
0.139169	0.0429981	0.317895
0.33706	0.140171	0.0305138
0.363766	0.0347257	0.101847
0.252256	0.0453921	0.202421
0.00388774	0.492406	0.00373736
0.0116821	0.24046	0.24793
0.0162748	0.0190312	0.464893
0.0842239	0.256243	0.159624
0.292959	0.126929	0.0801877
0.105544	0.0967804	0.297724
0.375909	0.0358848	0.0884087
0.335265	0.0925842	0.0723011
0.209053	0.151911	0.139118
0.074644	0.0522805	0.373132
0.327232	0.0887147	0.0841662
0.116659	0.214068	0.169461
0.000217887	0.0476611	0.45217
0.00316087	0.486438	0.0104816
0.0803628	0.373874	0.0458114
0.474792	0.0102917	0.0150733
0.169336	0.12086	0.20984
0.0281705	0.432891	0.0391688
0.422831	0.0758945	0.00135864
0.450608	0.0399879	0.016375
0.124625	0.0385045	0.336974
0.434807	0.0218496	0.0434452
0.204243	0.0639665	0.231893
0.00499478	0.111191	0.383863
0.395676	0.0431105	0.0612973
0.264532	0.158	0.0776042
0.0385979	0.0625278	0.399005
0.0154339	0.300097	0.184528
0.0127189	0.015373	0.472046
0.0944211	0.230488	0.175156
0.0313292	0.00865388	0.460179
0.500001	0	2.7877e-05
0.156523	0.0147023	0.328812
0.19578	0.107269	0.19706
0.0134185	0.0101945	0.47654
0.268327	0.205201	0.0265278
0.391121	0.108464	0.000521377
0.0430558	0.387894	0.0690914
0.299996	0.0275161	0.172568
0.189685	0.00461824	0.305762
0.427015	0.0296299	0.043444
0.467771	0.0198759	0.0124108
0.220676	0.0565429	0.222834
0.0482543	0.160156	0.291628
0.0779603	0.170501	0.251593
0.13562	0.332157	0.0323911
0.00930824	0.414026	0.0767606
0.017996	0.447492	0.0345565
0.236064	0.261445	0.00255944
0.0455312	0.0476036	0.406935
0.0409996	0.0664717	0.392579
0.0192974	0.0606776	0.420106
0.0584207	0.312262	0.129391
0.331628	0.136556	0.0318624
0.00472313	0.116599	0.378746
0.214482	0.222215	0.0634121
0.48154	0.018044	0.000555392
0.463355	0.0262332	0.0104814
0.276164	0.211195	0.0127043
0.382577	0.00554123	0.111944
0.0322999	0.458986	0.008783
0.31736	0.0345776	0.148122
0.215759	0.220947	0.0634135
0.283753	0.203584	0.0127038
0.431322	0.0387562	0.0300613
0.105094	0.271206	0.123835
0.0237048	0.453479	0.022968
0.0128918	0.468527	0.01865
0.153391	0.24849	0.0983131
0.125344	0.224891	0.149855
0.181117	0.0150796	0.303855
0.297567	0.189511	0.0130164
0.161465	0.269495	0.0690929
0.073768	0.180671	0.245748
0.24742	0.127202	0.12548
0.0285897	0.0549699	0.416504
0.221025	0.247672	0.0313834
0.100235	0.173527	0.226324
0.405384	0.00328396	0.091526
0.150116	0.158598	0.191387
0.0960299	0.166246	0.237813
0.164921	0.012209	0.322942
0.0500356	0.391189	0.0588448
0.0650693	0.380411	0.0545809
0.0555873	0.0835684	0.360903
0.252783	0.0472432	0.200023
0.0821695	0.0625233	0.355376
0.0325989	0.227621	0.239856
0.0261833	0.237801	0.236052
0.0692086	0.394832	0.0361251
0.152584	0.276516	0.0709788
0.0283699	0.198598	0.273108
0.0836896	0.06368	0.352689
0.111077	0.308813	0.080188
0.13965	0.0131174	0.347479
0.000254625	0.000189899	0.499613
0.146468	0.177032	0.176622
0.207413	0.150719	0.141943
0.129947	0.365235	0.00489204
0.0572456	0.400737	0.0420936
0.0874075	0.141598	0.271129
0.0921269	0.0624655	0.345503
0.0347679	0.0825061	0.382779
0.314222	0.164381	0.0214952
0.168426	0.281346	0.0502849
0.0201545	0.4788	0.00111888
0.122618	0.284829	0.0926076
0.0149114	0.00167213	0.48351
0.0125678	0.146835	0.340739
0.401148	0.0437067	0.0552482
0.321423	0.156034	0.0305282
0.0767575	0.401897	0.0214195
0.0504114	0.122799	0.326836
0.0338289	0.0202376	0.445984
0.115893	0.382789	0.00142239
0.114522	0.217882	0.167673
0.144485	0.342869	0.0127042
0.259789	0.188723	0.0516122
0.133223	0.100731	0.266116
0.0952512	0.244864	0.159983
0.407788	0.00848042	0.0838453
0.0252207	0.294665	0.180263
0.0494829	0.207458	0.243107
0.258796	0.0701614	0.171192
0.134712	0.0841283	0.281306
0.304171	0.119787	0.0760938
0.0230872	0.326875	0.150118
0.168156	0.0779232	0.25397
0.0988797	0.31534	0.0858561
0.218305	0.165995	0.115733
0.180253	0.0650963	0.254718
0.309741	0.153365	0.036998
0.13265	0.100298	0.267133
0.101219	0.322799	0.0760606
0.110898	0.36629	0.0229682
0.385371	0.00901507	0.105672
0.280776	0.179444	0.0399983
0.410289	0.0732915	0.0165215
0.305413	0.127403	0.0745421
0.231644	0.159792	0.108622
0.381553	5.71043e-05	0.118434
0.0278791	0.0796013	0.392612
0.270842	0.193307	0.0358811
0.457559	0.0359927	0.00657778
0.00070396	0.336432	0.162906
0.0796283	0.00680357	0.413637
0.19702	0.107948	0.195126
0.0267278	0.431431	0.041903
0.0208463	0.464069	0.0151486
0.131403	0.337419	0.0312851
0.0127297	0.0851095	0.402245
0.459964	0.0195442	0.0205372
0.114738	0.296095	0.0892341
0.196012	0.207087	0.0970279
0.0245396	0.471791	0.00373764
0.102394	0.278978	0.118742
0.175954	0.288061	0.0361232
0.0990072	0.101482	0.299551
0.25785	0.18737	0.0548924
0.0545299	0.0819787	0.363539
0.0467797	0.112744	0.340552
0.099532	0.172309	0.228258
0.322641	0.132856	0.0445411
0.0151917	0.379168	0.105665
0.0936549	0.266854	0.139547
0.235975	0.261528	0.00255941
0.453606	0.0106113	0.0358561
0.178439	0.0669072	0.254715
