0	0	0.500001
0.0156312	0.0361682	0.448209
0.0692999	0.000384935	0.430321
0.445313	0.0271544	0.0275396
0.246808	0.175645	0.0775495
0.002872	0.477373	0.0197656
0.0526997	0.038449	0.408853
0.0029299	0.486999	0.0100829
0.0322036	0.464815	0.00298828
0.0448427	0.113339	0.341829
0.00174364	0.411727	0.0865341
0.030935	0.357195	0.111873
0.191469	0.138897	0.169643
0.143117	0.318355	0.0385363
0.163141	0.242643	0.0942209
0.028437	0.364862	0.106712
0.0238377	0.0194139	0.456755
0.242953	0.220363	0.0366894
0.1285	0.0601189	0.31139
0.0869253	0.227877	0.185205
0.135929	0.0170501	0.347029
0.041148	0.235599	0.223263
0.0777544	0.00250052	0.41975
0.00777826	0.296074	0.196155
0.11624	0.247341	0.136422
0.000524916	0.216103	0.28338
0.380051	0.0673887	0.0525721
0.348322	0.100793	0.0508888
0.0136782	0.427899	0.0584334
0.0280452	0.45073	0.0212268
0.134247	0.12754	0.238219
0.0420841	0.392229	0.0656938
0.0732505	0.22391	0.202862
0.122802	0.330311	0.0468945
0.100337	0.383459	0.0162202
0.200165	0.0931015	0.206741
0.0147712	0.152748	0.332501
0.361484	0.068205	0.0703188
0.179379	0.000727891	0.319896
0.165443	0.0704422	0.264123
0.0189081	0.305339	0.17578
0.195804	0.167027	0.137172
0.0661287	0.134034	0.299843
0.435879	0.0493764	0.014752
0.273798	0.163476	0.0627529
0.341137	0.156558	0.00231298
0.215143	0.119394	0.165473
0.0384748	0.438386	0.023148
0.167516	0.151422	0.181072
0.209766	0.171954	0.118287
0.455702	0.0404283	0.00387738
0.0579137	0.0279688	0.414159
0.159636	0.0679697	0.272402
0.0194624	0.349117	0.131423
0.324392	0.102438	0.0731782
0.0156625	0.0884071	0.395933
0.0510412	0.418331	0.0306417
0.22586	0.156716	0.11743
0.396789	0.074704	0.028522
0.239802	0.0693909	0.190815
0.359832	0.016355	0.123838
0.0760194	0.1691	0.2549
0.0265439	0.274489	0.198987
0.260613	0.0839923	0.155402
0.22207	0.158148	0.125615
0.251511	0.023093	0.225411
0.091758	0.160169	0.24808
0.0973463	0.372028	0.0306419
0.133049	0.0972402	0.269717
0.0910158	0.0336506	0.375347
0.303821	0.194383	0.00180962
0.0250929	0.28971	0.185205
7.18e-05	0.499961	0
0.254864	0.117438	0.127704
0.367665	0.115784	0.0165861
0.327751	0.0148969	0.157377
0.218336	0.121159	0.160513
0.285866	0.0691782	0.144962
0.0239919	0.0514536	0.424582
0.00679113	0.0065865	0.486633
0.308413	0.144088	0.047505
0.0746382	0.0639363	0.361431
0.0562407	0.0835311	0.360234
0.414392	0.0531002	0.0325166
0.00955614	0.484128	0.00634936
0.0628226	0.430527	0.006659
0.141477	0.335875	0.0226526
0.0342291	0.303869	0.16191
0.486894	4.72853e-05	0.0130674
0.157282	0.0903732	0.252358
0.01202	0.0106254	0.477362
0	0.400586	0.0994181
0.114603	0.377798	0.00761889
0.352655	0.0438005	0.103547
0.290082	0.20108	0.00884744
0.118491	0.308988	0.0725277
0.140193	0.136418	0.223396
0.0222688	0.457979	0.0197658
0.110061	0.238364	0.151592
0.0826077	0.183756	0.233644
0.00728229	0.262827	0.229899
0.426622	0.013262	0.0601509
0.0431884	0.212526	0.244295
0.371619	0.0815007	0.0468952
0.388335	0.00702941	0.10464
0.0267305	0.01217	0.461106
0.278256	0.0889273	0.132819
0.0370108	0.173974	0.28903
0.228187	0.20798	0.0638465
0.335271	0.0154975	0.14924
0.297445	0.0953793	0.107182
0.0313127	0.256242	0.212453
0.09099	0.0967744	0.312243
0.172028	0.113573	0.214405
0.104899	0.0913497	0.303759
0.0126987	0.0112253	0.476081
0.332365	0.14059	0.0270605
0.26918	0.189465	0.0413664
0.125271	0.302093	0.0726416
0.0875206	0.397063	0.0154303
0.0132745	0.281051	0.205692
0.00783151	0.188417	0.30376
0.00117489	0.444248	0.0545846
0.148061	0.269789	0.0821545
0.186961	0.174078	0.138968
0.0183252	0.339765	0.141939
0.00909417	0.147679	0.343228
0.312046	0.131995	0.0559656
0.306864	0.0143423	0.178798
0.39126	0.0561795	0.0525721
0.108092	0.0026199	0.38929
0.471069	0.0250651	0.00387741
0.11932	0.0556677	0.325018
0.176517	0.0726415	0.250868
0.0308516	0.252468	0.216692
0.23346	0.116676	0.149882
0.239574	0.0412667	0.219166
0.349302	0.0388282	0.111873
0.413346	0.0778212	0.00884755
0.0132244	0.190876	0.295905
0.0389682	0.444008	0.0170314
0.180945	0.106426	0.212634
0.100116	0.031996	0.367893
0.00547818	0.287636	0.20864
0.232052	0.187109	0.0808514
0.492265	0.00224838	0.00549232
0.269479	0.217287	0.0132455
0.406282	0.0506618	0.0430663
0.110371	0.0961155	0.29352
0.0682606	0.19942	0.232331
0.153199	0.00281376	0.343996
0.0268474	0.461585	0.0115757
0.0194094	0.202684	0.277912
0.012422	0.276029	0.211558
0.40916	0.0523921	0.0384563
0.421024	0.0467476	0.0322374
0.182996	0.107632	0.209377
0.459906	0.0394471	0.000680143
0.356424	0.102223	0.0413665
0.0888919	0.322505	0.0886161
0.025712	0.0062222	0.468072
0.295243	0.195919	0.00884744
0.42967	0.0421793	0.028178
0.207946	0.0491447	0.242915
0.373583	0.0643498	0.0620793
0.316541	0.0882056	0.0952597
0.00704971	0.126458	0.366498
0.169598	0.000688201	0.329717
0.494169	0.00545132	0.000384379
0.00561814	0.405456	0.0889326
0.317897	0.153648	0.0285
0.278959	0.111902	0.10915
0.0305464	0.11599	0.353475
0.464477	0.0073717	0.028178
0.0161668	0.0990398	0.384799
0.0995974	0.0771023	0.323311
0.0949682	0.00910143	0.395933
0.33166	0.0314508	0.136898
0.0608455	0.179835	0.259324
0.0258011	0.196783	0.277423
0.207181	0.057732	0.235097
0.00203619	0.000934185	0.497032
0.422221	0.0466548	0.0311415
0.259903	0.1826	0.0575057
0.377119	0.10792	0.0149643
0.322675	0.155957	0.021413
0.00732551	0.264386	0.228295
0.46825	0.00353145	0.0282245
0.126337	0.283001	0.0906712
0.131181	0.17419	0.194648
0.131056	0.124661	0.244297
0.151449	0.0186764	0.329883
0.474576	0.00494371	0.0204891
0.0589618	0.404068	0.0369788
0.02486	0.417666	0.0575172
0.112514	0.032558	0.354935
0.000381613	0.0100112	0.489611
0.0228326	0.375118	0.102053
0.500002	0	0
0.0301076	0.3061	0.1638
0.012291	0.393206	0.0945054
0.162564	0.250082	0.0873556
0.146723	0.0489919	0.304289
0.457617	0.0366705	0.00571408
0.0350948	0.276149	0.188759
0.0970058	0.401494	0.00150226
0.0213141	0.153828	0.324879
0.0123546	0.021919	0.465731
0.00916471	0.00793052	0.48324
0.300821	0.0900479	0.110046
0.0616725	0.159145	0.279185
0.219081	0.0216956	0.259227
0.0325048	0.376599	0.0908989
0.00506075	0.413268	0.0816744
0.17794	0.2669	0.0551644
0.184887	0.209902	0.105213
0.285467	0.101977	0.11256
0.421893	0.000731759	0.0773769
0.110183	0.182442	0.207378
0.210184	0.0468744	0.242948
0.351737	0.11662	0.0316549
0.24459	0.135915	0.119509
0.0478961	0.00241935	0.449686
0.130981	0.0300853	0.338941
0.186317	0.289623	0.0243725
0.222706	0.0052615	0.272041
0.0174325	0.00702144	0.475561
0.278933	0.200935	0.0201339
0.194046	0.0586675	0.247288
0.149242	0.164302	0.18646
0.166244	0.0957375	0.238021
0.0224065	0.475194	0.00240141
0.230196	0.234979	0.0348424
0.173418	0.257318	0.0692712
0.41348	0.0418153	0.0447219
0.490219	0.00578543	0.0040006
0.0223478	0.0190477	0.458611
0.0888923	0.406696	0.00466614
0.290621	0.0869949	0.122387
0.0433441	0.436524	0.020134
0.0746056	0.214048	0.211359
0.26004	0.109805	0.130408
0.118657	0.334041	0.0477177
0.481429	0.00959432	0.00898165
0.027276	0.128138	0.344588
0.397513	0.0288923	0.0738456
0.100203	0.166549	0.233251
0.378956	0.0826981	0.0383546
0.10938	0.0802551	0.310369
0.347509	0.0666587	0.0858346
0.237825	0.25346	0.0087303
0.0645766	0.299433	0.135993
0.273789	0.111503	0.114712
0.0865658	0.126989	0.286449
0.102478	0.0984695	0.299057
0.0811762	0.347649	0.0711777
0.198341	0.271484	0.0301776
0.0309026	0.0537219	0.415378
0.363907	0.120655	0.0154441
0.160045	0.174293	0.165666
0.0820531	0.195477	0.222472
0.250318	0.0328533	0.216837
0.0151699	0.032001	0.452832
0.0450588	0.387377	0.0675677
0.0775651	0.204278	0.218159
0.307636	0.000282596	0.192083
0.343635	0.0230036	0.133366
0.372083	0.123366	0.00456279
0.0672615	0.259955	0.172785
0.190995	0.178281	0.130728
0.00812904	0.449439	0.0424334
0.449787	0.0301096	0.0201685
0.158131	0.262832	0.0790394
0.0201102	0.426339	0.0535538
0.206229	0.282281	0.011503
0.47776	0.000828659	0.0214142
0.0847847	0.0198456	0.395377
0.193138	0.0434365	0.263703
0.292695	0.0293268	0.177981
0.331999	0.104515	0.0635021
0.00443688	0.315487	0.180079
0.020773	0.327463	0.15178
0.00540912	0.217958	0.27664
0.0252193	0.455777	0.0190222
0.119459	0.0461536	0.334392
0.327506	0.169037	0.00346597
0.154314	0.242725	0.102963
0.281989	0.205687	0.0123266
0.200682	0.269144	0.0301776
0.40313	0.0933511	0.00352176
0.239494	0.145324	0.115196
0.0927192	0.358345	0.0489389
0.0356658	0.321294	0.143043
0.472056	0.00707804	0.0208738
0.0740865	0.0221771	0.403738
0.234271	0.0307472	0.234984
0.0528818	0.289518	0.157603
0.0640385	0.02487	0.411094
0.269328	0.053819	0.176855
0.310912	0.0621285	0.126961
0.250952	0.065252	0.183798
0.0185804	0.442255	0.0391658
0.336966	0.0250134	0.138022
0.465306	0.00887326	0.0258231
0.155969	0.242448	0.101591
0.13745	0.0388215	0.323732
0.16892	0.231214	0.0998809
0.44198	0.0133152	0.0447219
0.0687571	0.0687701	0.362475
0.0519973	0.0209434	0.427062
0.340772	0.0209043	0.138326
0.138958	0.139878	0.221165
0.368316	0.00755275	0.124133
0.358964	0.113003	0.028036
0.0118037	0.127248	0.360952
0.107228	0.339325	0.0534535
0.311856	0.106398	0.0817594
0.49461	0.00139331	0.00400059
0.116918	0.0928866	0.290199
0.158859	0.0478201	0.293323
0.0288261	0.0504011	0.420775
0.133581	0.219483	0.146944
0.122278	0.0227526	0.354977
0.315279	0.0577608	0.126961
0.0819582	0.384687	0.0333575
0.38649	0.0760125	0.0375138
0.0320821	0.325321	0.1426
0.124759	0.35122	0.0243128
0.115975	0.132428	0.251599
0.0258574	0.420717	0.0534293
0.212252	0.0585699	0.229435
0.0286849	0.466721	0.00459747
0.254667	0.033424	0.211913
0.152476	0.0740257	0.2735
0.121361	0.0488624	0.329792
0.191627	0.297876	0.0104992
0.206279	0.282233	0.011503
0.0957067	0.0859089	0.318389
0.0183604	0.126501	0.355145
0.406794	0.0266468	0.0665624
0.0620046	0.340464	0.0975349
0.3566	0.138489	0.00491331
0.0579407	0.344538	0.0975373
0.239986	0.00492119	0.255095
0.00380646	0.460116	0.0360794
0.13425	0.353565	0.0121875
0.0559475	0.0723771	0.371677
0.0226686	0.0333605	0.443974
0.113258	0.365878	0.0208739
0.00863189	0.431209	0.0601659
0.112282	0.185761	0.201963
0.392538	0.0752961	0.0324026
0.141323	0.211155	0.14753
0.00357246	0.316364	0.180086
0.0264884	0.0674394	0.406075
0.0394805	0.421333	0.0391877
0.0296399	0.156885	0.313479
0.410058	0.0247621	0.0651826
0.214172	0.0498702	0.235967
0.120024	0.197207	0.182771
0.114307	0.130524	0.255171
0.121453	0.321624	0.0569255
0.0817492	0.0194922	0.398768
0.175422	0.221412	0.103168
0.383691	0.025685	0.0906289
0.150069	0.225096	0.124839
0.0698612	0.270002	0.160138
0.0143782	0.00555736	0.480068
0.0948819	0.028475	0.376646
0.0247106	0.0398619	0.43543
0.264911	0.190385	0.044722
0.0319913	0.370487	0.0975374
0.261803	0.0343606	0.203839
0.304786	0.040002	0.155215
0.255865	0.234802	0.00933627
0.0247171	0.0398553	0.43543
0.00758093	0.144365	0.348071
0.0249978	0.469308	0.0056964
0.430303	0.0288052	0.0408972
0.000454133	0.488156	0.0113968
0.0412943	0.0390719	0.419647
0.267627	0.0352677	0.197108
0.329724	0.0604313	0.109846
0.136099	0.0482977	0.315608
0.19236	0.13857	0.169072
0.155874	0.177548	0.166583
0.00938646	0.430455	0.0601659
0.0600321	0.0608731	0.379097
0.440187	0.0206452	0.0391704
0.375667	0.119781	0.00456278
0.243689	0.229935	0.0263774
0.112582	0.0893058	0.298115
0.0937536	0.362343	0.0439061
0.126956	0.189689	0.183357
0.226258	0.0445667	0.229438
0.0869235	0.02399	0.389089
0.00166607	0.370793	0.127553
0.00161891	0.360298	0.138105
0.158704	0.220597	0.120702
0.324908	0.00756433	0.167539
0.317823	0.0103831	0.171801
0.0468245	0.399512	0.0537063
0.0296226	0.310063	0.160323
0.333515	0.0152387	0.151267
0.0176539	0.448931	0.033426
0.180665	0.278593	0.0407488
0.0242225	0.36772	0.108071
0.453601	0.0138563	0.0325548
0.0890618	0.0862568	0.324702
0.33866	0.139123	0.0232052
0.0932305	0.0660301	0.340745
0.403728	0.0321373	0.0641497
0.155233	0.305207	0.0395855
0.238588	0.259786	0.00162985
0.098104	0.352397	0.0495057
0.438652	0.016313	0.0450592
0.363093	0.0372348	0.0996815
0.0241099	0.0587444	0.417162
0.068285	0.430249	0.00148035
0.312493	0.119793	0.0677243
0.0638165	0.120687	0.315506
0.207463	0.0674975	0.225047
0.0715371	0.166078	0.262392
0.00433389	0.392923	0.102755
0.445542	0.00808003	0.0463892
0.282791	0.141317	0.0759104
0.483847	0.00168952	0.0144843
0.0989819	0.377849	0.0231742
0.410891	0.0120632	0.0770792
0.144175	0.143826	0.212008
0.0549527	0.44022	0.00483421
0.0105271	0.0089191	0.480559
0.266317	0.226252	0.00744773
0.123747	0.192397	0.183871
0.0115274	0.0160356	0.472443
0.0742256	0.0401974	0.385624
0.0589487	0.384055	0.057
0.0958364	0.020475	0.383701
0.459822	0.0206361	0.0195498
0.191478	0.236295	0.0722364
0.223355	0.190121	0.0865287
0.0572792	0.421874	0.0208539
0.246821	0.0724555	0.180736
0.208963	0.254567	0.0364905
0.050973	0.437381	0.0116712
0.00775036	0.171026	0.321248
0.112454	0.270224	0.117343
0.0371893	0.0525233	0.410289
0.371509	0.035892	0.092619
0.0664707	0.150673	0.282868
0.100874	0.0226585	0.376476
0.0753364	0.206691	0.217983
0.389426	0.0301952	0.0804045
0.234897	0.0510323	0.214077
0.00420027	0.266676	0.229137
0.140334	0.33411	0.0255627
0.131849	0.0231734	0.345002
0.431529	0.019717	0.0487737
0.000777495	0.00774892	0.491488
0.145113	0.123716	0.231179
0.00790293	0.183344	0.308758
0.150552	0.128353	0.221112
0.465447	0.0332427	0.00131942
0.135117	0.338517	0.0263763
0.374029	0.0361356	0.0898483
0.160751	0.175551	0.16373
0.231617	0.0184371	0.249962
0.227963	0.0811356	0.190994
0.0882512	0.169352	0.242423
0.240057	0.0521533	0.207795
0.293987	0.102741	0.103288
0.0589149	0.0439824	0.39711
0.115093	0.0129791	0.371935
0.106252	0.100321	0.293433
0.0450613	0.15454	0.300407
0.0305892	0.456963	0.0124595
0.177055	0.29722	0.0257282
0.0415998	0.0943919	0.36407
0.0691255	0.156691	0.2742
0.185954	0.00331428	0.31076
0.0142769	0.0349226	0.450814
0.398424	0.092259	0.00932777
0.165087	0.133045	0.201879
0.16328	0.134852	0.201879
0.202444	0.0530479	0.24452
0.306329	0.050642	0.143045
0.152043	0.232466	0.115499
0.041063	0.201358	0.257593
0.00218091	0.485374	0.0124596
0.0478841	0.408553	0.0436057
0.130458	0.176734	0.192815
0.198935	0.283978	0.0171172
0.0193991	0.0484014	0.432223
0.0361936	0.330393	0.133419
0.0323044	0.467551	0.000166417
0.298694	0.0200263	0.181313
0.0751331	0.153026	0.271903
0.222501	0.0791917	0.198414
0.0124777	0.478154	0.00937947
0.080231	0.403145	0.0166343
0.0559072	0.164528	0.279572
0.382239	0.112305	0.00547047
0.146095	0.127565	0.226346
0.393928	0.012245	0.0938446
0.0832722	0.0628804	0.353909
0.194275	0.00346258	0.302276
0.169485	0.088926	0.241597
0.0121588	0.346586	0.141261
0.12914	0.0228542	0.348026
0.385247	0.0306662	0.0841005
0.119973	0.317732	0.0623199
0.303452	0.0172891	0.179273
0.102399	0.209662	0.187962
0.0311305	0.465932	0.00295695
0.10769	0.386831	0.00548545
0.198812	0.187713	0.113484
0.011458	0.251381	0.237177
0.000475837	0.1059	0.393644
0.039458	0.349691	0.110869
0.349822	0.113814	0.0363803
0.330662	0.00902327	0.160323
0.415376	0.00500045	0.0796414
0.00554105	0.494463	0
0.292143	0.0640656	0.143796
0.0270298	0.140332	0.332704
0.0518939	0.0782691	0.369862
0.0611122	0.115573	0.323324
0.162262	0.315183	0.0225697
0.053701	0.162641	0.283668
0.0397389	0.0551544	0.405119
0.276601	0.0899913	0.133421
0.228838	0.0754814	0.19569
0.059577	0.0502883	0.390144
0.186228	0.239979	0.0738004
0.49249	0.00344944	0.00406807
0.0160722	0.037138	0.446803
0.0132731	0.0324672	0.454272
0.130701	0.114902	0.254413
0.344155	0.00650513	0.14936
0.020625	0.0178502	0.461551
0.219441	0.000627977	0.279956
0.295165	0.0274757	0.177397
0.0832282	0.0629233	0.353906
0.0375017	0.342334	0.12017
0.49108	0.00575507	0.00317175
0.254965	0.21737	0.0276719
0.165735	0.0374486	0.296822
0.37763	0.0075993	0.114784
0.0241153	0.472908	0.00298277
0.270215	0.0961738	0.133621
0.212891	0.174429	0.112698
0.179337	0.301049	0.019618
0.0212631	0.459445	0.019298
0.00474371	0.320513	0.174749
0.2394	0.202075	0.0585291
0.0527851	0.159811	0.287417
0.425041	0.00549743	0.0694648
0.0280506	0.0274582	0.444499
0.275574	0.00570141	0.218735
0.0276015	0.1433	0.329163
0.108287	0.19728	0.194445
0.213042	0.250622	0.0363489
0.261916	0.212359	0.0257282
0.354936	0.032805	0.112278
0.125541	0.107345	0.26712
0.128552	0.274472	0.0969817
0.0386832	0.0596513	0.401805
0.00685926	0.00738141	0.485764
0.126878	0.198379	0.174749
0.346661	0.0561663	0.0971807
0.421085	0.032226	0.0466957
0.203528	0.290534	0.00595056
0.215154	0.267771	0.0171176
0.000464833	0.0779923	0.421561
0.173026	0.03788	0.289101
0.0110438	0.238675	0.250288
0.0766595	0.275367	0.147982
0.0367066	0.328857	0.134442
0.174939	0.323647	0.00142286
0.0098405	0.00249545	0.48767
0.00286202	0.286607	0.210555
0.269626	0.229063	0.00131942
0.25548	0.209588	0.034942
0.187174	0.00629694	0.306535
0.293262	0.0606665	0.146079
0.0504784	0.11844	0.331145
0.358101	0.110564	0.0313473
0.0117585	0.0287622	0.459488
0.120794	0.00368992	0.375528
0.171453	0.0377239	0.290831
0.0347632	0.0246802	0.440567
0.150514	0.0489692	0.30053
0.169185	0.293548	0.0372807
0	0.493685	0.00631568
0.486434	0.0135687	0
0.059996	0.244724	0.195291
0.0632034	0.0917549	0.345048
0.134758	0.10772	0.257625
0.0072694	0.0808558	0.411885
0.0670371	0.361947	0.0710233
0.086749	0.161296	0.251964
0.0623284	0.428305	0.00937308
0.137553	0.209241	0.153209
0.439737	0.0429054	0.0173681
0.0828722	0.21447	0.20266
0.478795	0.00495919	0.0163452
0.469533	0.0226657	0.00780455
0.00966608	0.153983	0.336355
0.0376805	0.0147638	0.447679
0.209407	0.127317	0.163285
0.103811	0.0350381	0.361157
0.362912	0.121791	0.0153024
0.239028	0.188037	0.0729401
0.0971387	0.140593	0.262277
0.216092	0.258585	0.0253299
0.00363431	0.000837181	0.495533
0.0207021	0.473229	0.00607216
0.155898	0.282627	0.0614817
0.234295	0.176556	0.0891557
0.0488424	0.0153527	0.435811
0.306002	0.144352	0.0496498
0.101113	0.0476987	0.351194
0.0525534	0.219139	0.228312
0.275437	0.0164476	0.208124
0.0108988	0.183389	0.305719
0.323533	0.0684848	0.107984
0.0174649	0.00587895	0.476658
0.121059	0.230642	0.148312
0.0260159	0.00825435	0.465734
0.400717	0.0848229	0.0144657
0.0357807	0.00976667	0.454455
0.227762	0.252154	0.0200992
0.0253128	0.418043	0.0567244
0.16412	0.0543311	0.281553
0.02844	0.326274	0.145306
0.447904	0.0437023	0.00840249
0.0263043	0.105048	0.368661
0.010216	0.171899	0.317895
0.0886607	0.0288806	0.382465
0.169525	0.293679	0.0368002
0.0848875	0.401628	0.01349
0.00601482	0.0626207	0.431372
0.0121212	0.200957	0.286928
0.0993958	3.91563e-06	0.400603
0.0318652	0.155761	0.312383
0.0205961	0.214427	0.265102
0.111611	0.368768	0.0196247
0.204435	0.0775787	0.217988
0.124773	0.206002	0.169228
0.056363	0.345613	0.098027
0.408193	0.0511585	0.0406513
0.454955	0.0402776	0.00478088
0.0951047	0.130827	0.274077
0.0793827	0.0478595	0.372765
0.140309	0.315395	0.0443093
0.0304914	0.0101535	0.459358
0.257418	0.179056	0.0635293
0.143611	0.180985	0.175414
0.0755887	0.037701	0.386717
0.354983	0.0959125	0.0491143
0.110788	0.0121474	0.377074
0.0166502	0.483355	0
0.0136666	0.195871	0.290472
0.388279	0.000700595	0.111109
0.308466	0.060753	0.130792
0.0393476	0.270387	0.19028
0.0225083	0.320366	0.157133
0.231545	0.09923	0.169228
0.182104	0.289273	0.0286294
0.33113	0.130131	0.0387469
0.153278	0.249625	0.0971024
0.171377	0.296888	0.0317388
0.425582	0.019022	0.0554018
0.311788	0.0659986	0.122223
0.373361	0.10107	0.0255747
0.0322612	0.461044	0.00670703
0.0341088	0.112697	0.353201
0.0872372	0.335515	0.0772591
0.149556	0.118388	0.232157
0.00771188	0.173125	0.319168
0.020849	0.467261	0.0118941
0.0738884	0.123552	0.302562
0.33693	0.134442	0.0286291
0.247144	0.166175	0.0866938
0.292219	0.196483	0.0113027
0.242683	0.0173208	0.240004
0.0183719	0.308895	0.172741
0.199495	0.0825183	0.217988
0.433487	0.0193753	0.0471433
0.263164	0.0231459	0.213699
0.0108255	0.4858	0.00337686
0.0247883	0.394883	0.0803323
0.25989	0.123069	0.117047
0.316915	0.148645	0.0344499
0.0280401	0.446138	0.0258263
0.353128	0.0864256	0.0604536
0.378709	0.0630193	0.0582764
0.0406905	0.226412	0.232903
0.161393	0.0397395	0.298873
0.419228	0.0525414	0.028234
0.202869	0.278611	0.0185326
0.0347678	0.410336	0.05492
0.192355	0.0643454	0.2433
0.0131372	0.300302	0.186568
0.415729	0.00949342	0.0747834
0.00188112	0.104836	0.393293
0.00808463	0.0063876	0.485539
0.0116369	0.00264788	0.485724
0.383662	0.057971	0.0583786
0.126031	0.126275	0.2477
0.159587	0.289314	0.0511081
0.0442036	0.0672504	0.388553
0.226052	0.0625998	0.211357
0.244198	0.0211569	0.23466
0.367352	0.123281	0.00937306
0.316331	0.149225	0.0344496
0.197876	0.0271849	0.274947
0.031546	0.17496	0.293503
0.131839	0.0123717	0.355792
0.223507	0.0952171	0.181284
0.128735	0.230082	0.141197
0.127906	0.34036	0.0317388
0.422064	0.0316533	0.0462964
0.463233	0.0210789	0.0156994
0.341033	0.00576518	0.153212
0.0912261	0.132036	0.276747
0.142018	0.255482	0.102606
0.393829	0.0305204	0.0756577
0.2817	0.162584	0.0557995
0.099276	0.0718686	0.328865
0.0423967	0.235121	0.222487
0.0726225	0.268114	0.159272
0.163758	0.025772	0.310473
0.219279	0.264057	0.0166788
0.0522464	0.0239835	0.423773
0.184558	0.128508	0.186939
0.115627	0.383676	0.000709344
0.293117	0.11957	0.0873179
0.288048	0.114854	0.097102
0.0347063	0.37324	0.0920617
0.0473028	0.43824	0.0144658
0.00426461	0.453781	0.0419585
0.212978	0.266937	0.0200992
0.243723	0.190109	0.066187
0.394295	0.000711452	0.105081
0.089676	0.390233	0.0200989
0.0239971	0.341556	0.134455
0.146325	0.222585	0.131094
0.0956932	0.0774721	0.326839
0.30013	0.130531	0.069343
0.432142	0.0120542	0.0558067
0.00689266	0.0766653	0.416448
0.0628658	0.358373	0.0787685
0.0422925	0.033807	0.423905
0.0346519	0.408653	0.0567179
0.0593428	0.432049	0.008625
0.0296499	0.0513645	0.41899
0.253023	0.022254	0.224806
0.0701403	0.347701	0.082164
0.285804	0.0898372	0.124364
0.187164	0.0657899	0.247052
0.165154	0.239761	0.0950898
0.140553	0.213804	0.145646
0.269307	0.113652	0.117047
0.174434	0.30548	0.0200991
0.311417	0.152925	0.035662
0.347957	0.0940144	0.0580376
0.0590314	8.08507e-06	0.44104
0.164827	0.00384532	0.331334
0.2856	0.0744916	0.139916
0.191234	0.127808	0.180966
0.0471615	0.436656	0.0162664
0.116696	0.222329	0.160992
0.220473	0.27785	0.00168239
0.0871728	0.354275	0.0585605
0.119903	0.379078	0.00103907
0.0186305	0.313244	0.168133
0.222038	0.0740719	0.203894
0.327086	0.0566132	0.116305
0.177626	0.0354519	0.286927
0.248865	0.165583	0.0855532
0.272136	0.134059	0.0938094
0.252067	0.00261082	0.245416
0.131046	0.237573	0.13139
0.013705	0.399013	0.0873065
0.0928383	0.163425	0.24374
0.113129	0.379855	0.00703864
0.0693487	0.0327143	0.397943
0.131833	0.00524056	0.362932
0.344018	0.114116	0.0418713
0	0.500001	0
0.0217722	0.000665911	0.477566
0.00343039	0.0278607	0.470509
0.0158731	0.475594	0.00854208
0.416499	0.0820312	0.00352295
0.0358622	0.0389328	0.425211
0.459414	0.0233513	0.0172374
0.00949726	0.0748178	0.415693
0.35062	0.00188212	0.147499
0.016176	0.276115	0.207716
0.133391	0.0445205	0.322095
0.078286	0.300931	0.122629
0.140363	0.0564636	0.303188
0.0526998	0.369661	0.0776449
0.42557	0.0456431	0.0287933
0.00987963	0.485145	0.00498342
0.0601475	0.379196	0.0606603
0.0330072	0.102986	0.364011
0.0987168	0.318692	0.0825943
0.366814	0.000342596	0.132845
0.493808	0.0011812	0.00501663
0.00464583	0.0942405	0.401121
0.039235	0.00120002	0.459569
0.129972	0.270099	0.099935
0.0295873	0.0309377	0.439481
0.00716235	0.13655	0.356296
0.0908228	0.24367	0.165509
0.061464	0.261236	0.17731
0.144098	0.0155947	0.340312
0.332424	0.0108035	0.15678
0.000541597	0.104953	0.394512
0.376989	0.0621011	0.0609162
0.048817	0.000387407	0.450801
0.128499	0.26704	0.104465
0.428716	0.0459806	0.0253067
0.180573	0.0653038	0.254125
0.00822906	0.00167363	0.490099
0.232018	0.253046	0.0149497
0.208764	0.109082	0.182157
0.228389	0.0582837	0.213333
0.156717	0.0330091	0.310279
0.0939311	0.29813	0.107942
0.0362886	0.263356	0.200359
0.243455	0.0780515	0.1785
0.200383	0.171277	0.128365
0.0712581	0.0237831	0.404961
0.175967	0.0520624	0.271976
0.0512606	0.433697	0.0168421
0.185204	0.0664627	0.249892
0.0976207	0.286679	0.115723
0.0499306	0.161193	0.288879
0.211557	0.0192707	0.269178
0.123856	0.139393	0.236757
0.0150949	0.0520082	0.432901
0.0280663	0.17857	0.293872
0.394397	0.0218013	0.0838045
0.21513	0.14842	0.136456
0.101874	0.326083	0.0720464
0.206201	0.196525	0.0972964
0.0743976	0.015471	0.410134
0.344789	0.146338	0.0107267
0.271584	0.0862935	0.142125
0.160574	0.0319388	0.307495
0.104882	0.329041	0.0660899
0.307025	0.0990172	0.0939737
0.0116406	0.0448662	0.443542
0.122159	0.117194	0.260647
0.470072	0.0177212	0.0122107
0.383294	0.0117232	0.104988
0.249584	0.020556	0.229863
0.435364	0.0495651	0.0150732
0.181345	0.239122	0.0795395
0.171876	0.050852	0.277275
0.409894	0.0576748	0.0324371
0.00339015	0.419925	0.0766946
0.0847905	0.0892817	0.32593
0.184847	0.173718	0.141438
0.187555	0.236487	0.075962
0.107496	0.335399	0.0571088
0.0457764	0.390079	0.0641472
0.033555	0.294486	0.171964
0.373318	0.0279381	0.0987494
0.150279	0.0075272	0.346248
0.310517	0.18212	0.0073663
0.477103	0.0229049	0
0.0711273	0.0476692	0.381206
0.313457	0.130901	0.0556461
0.189522	0.184802	0.125701
0.369681	0.0608973	0.0694232
0.211164	0.0728633	0.217471
0.106357	0.385287	0.0102666
0.0558799	0.440213	0.00395638
0.294293	0.0112568	0.195315
0.449751	0.0330142	0.0172374
0.152288	0.103339	0.244375
0.201173	0.0796133	0.219218
0.0578296	0.209452	0.23272
0.108289	0.00229112	0.389422
0.119853	0.0419712	0.338184
0.162762	0.0568718	0.280371
0.147312	0.187181	0.165509
0.0316765	0.467822	0.000503932
0.149987	0.304185	0.0458356
0.00568122	0.00422147	0.490099
0.0374346	0.449118	0.0152966
0.238194	0.246024	0.015787
0.0123272	0.313129	0.174549
0.442962	0.0103809	0.0466593
0.00601627	0.119943	0.374047
0.240184	0.169811	0.0900105
0.0323201	0.465501	0.00218408
0.26808	0.1898	0.0421257
0.13125	0.216495	0.152261
0.0507936	0.164797	0.284414
0.0989774	0.333008	0.0680265
0.12659	0.0759363	0.297479
0.197499	0.0681484	0.23585
0.109197	0.345417	0.0470419
0.169744	0.0141697	0.316091
0.177878	0.232549	0.0895777
0.204316	0.159234	0.136456
0.0122998	0.402365	0.087687
0.0882354	0.059691	0.352078
0.122111	0.365438	0.0124552
0.484762	0	0.0152411
0.28955	0.0882774	0.122179
0.0659485	0.41374	0.0203177
0.264526	0.142266	0.0932091
0.114669	0.0573177	0.328017
0.0648452	0.415165	0.0199954
0.175511	0.207259	0.117294
0.318773	0.15934	0.0218911
0.000976344	0.49271	0.0063157
0.141894	0.09405	0.264068
0.195712	0.115836	0.188485
0.218141	0.229029	0.0528305
0.0502148	0.395583	0.0542106
0.118239	0.342052	0.0397105
0.360769	0.119244	0.0199956
0.0232101	0.191973	0.284823
0.3061	0.00975034	0.184154
0.452379	0.00150166	0.046122
0.273899	0.00251953	0.223591
8.00262e-05	0.29221	0.207715
0.0421072	0.28059	0.177309
0.0390144	0.457532	0.00345711
0.0109167	0.154633	0.33446
0.000483149	0.0696052	0.429918
0.255434	0.0213552	0.22322
0.240742	0.226247	0.0330133
0.336075	0.0109222	0.153011
0.164771	0.218558	0.116677
0.284867	0.199385	0.0157517
0.261471	0.180392	0.0581432
0.175892	0.121045	0.203068
0.223017	0.111476	0.165509
0.00726904	0.175718	0.317016
0.0722872	0.393579	0.0341383
0.0574838	0.425503	0.0186775
0.0445698	0.285353	0.170087
0.102101	0.308644	0.0892579
0.010734	0.152046	0.337229
0.246957	0.148061	0.104988
0.259866	0.185933	0.0542106
0.275904	0.179909	0.0441899
0.321588	0.0661102	0.112303
0.0881922	0.0619993	0.349812
0.400993	0.0132588	0.0857525
0.11266	0.351511	0.0358975
0.342876	0.155707	0.00142234
0.100676	0.31412	0.0852706
0.00987084	0.404793	0.0876869
0.0251095	0.356501	0.118394
0.0475437	0.451784	0.000677841
0.282392	0.163657	0.0557897
0.00521818	0.126142	0.368643
0.123987	0.133311	0.242705
0.0856787	0.0903063	0.324017
0.482633	0.0126036	0.00477242
0.40767	0.0146898	0.0776446
0.254503	0.208319	0.0371832
0.322689	0.103703	0.0736136
0.0752452	0.409684	0.0150732
0.278355	0.202809	0.0188421
0.381991	0.00720331	0.110812
0.193598	0.292415	0.0139923
0.358861	0.107003	0.0341382
0.439143	0.0392776	0.0215861
0.326265	0.0106033	0.163139
0.0391698	0.459485	0.00134859
0.470433	0.0177348	0.0118362
0.0577183	0.427238	0.0168421
0.025621	0.177153	0.297844
0.00506845	0.122522	0.372412
0.353864	0.112437	0.0336999
0.167612	0.222327	0.110133
0	0.493685	0.00631568
0.302083	0.00361688	0.195411
0.194866	0.033814	0.271324
0.210806	0.189001	0.100195
0.475385	0.0246186	0
0.201357	0.205955	0.0926931
0.462662	0.00951611	0.0278252
0.0133517	0.401757	0.0849173
0.0876037	0.280522	0.13188
0.0210908	0.413464	0.0654785
0.481468	0.00116161	0.0173726
0.146402	0.213551	0.14005
0.493935	0.00312996	0.00293781
0.066436	0.0147712	0.4188
0.215232	0.250439	0.0343358
0.411906	0.0128477	0.0752771
0.0655499	0.146546	0.287931
0.0171918	0.473502	0.0093341
0.175855	0.226477	0.0976977
0.161991	0.221298	0.116741
0.049206	0.350276	0.100523
0.0718723	0.274474	0.153657
0.401779	0.0301884	0.068044
0.0237617	0.177713	0.29855
0.285147	0.113212	0.10168
0.395093	0.0368698	0.0680434
0.454868	0.0410494	0.00408517
0.105323	0.154356	0.240349
0.385396	0.0846364	0.0300002
0.0075101	0.492093	0.000430212
0.191889	0.289028	0.0190901
0.0831847	0.0969109	0.319907
0.377131	0.0950496	0.0278254
0.00679299	0.294763	0.19845
0.226304	0.247437	0.0262637
0.0183326	0.356097	0.125576
0.107409	0.161576	0.23104
0.261525	0.0584243	0.180084
0.216994	0.0325747	0.250436
0.140278	0.320797	0.0389604
0.355843	0.138864	0.00533267
0.238361	0.00329383	0.258351
0.329389	0.0877972	0.0828172
0.135021	0.330046	0.0349676
0.315423	0.0392273	0.145378
0.00752349	9.8637e-05	0.492379
0.0200952	0.392683	0.0872475
0.0711649	0.266463	0.162384
0.165043	0.14865	0.186313
0.38919	0.0311777	0.0796376
0.00123357	0.484031	0.0147439
0.122172	0.150566	0.227294
0.249727	0.0428321	0.207445
0.0532489	0.435653	0.0111163
0.159628	0.0320172	0.308387
0.290208	0.193259	0.0165622
0.110111	0.389673	0.000240867
0.185869	0.200245	0.11389
0.198855	0.299142	0.00200546
0.157729	0.18353	0.158748
0.17738	0.159761	0.162865
0.0404807	0.337377	0.122145
0.0842406	0.384449	0.0313429
0.291986	0.0113978	0.196624
0.171947	0.000765274	0.32732
0.0280867	0.0701646	0.401785
0.0348815	0.101647	0.3635
0.344002	0.00635606	0.149643
0.179639	0.236213	0.0841541
0.132028	0.129598	0.238377
0.0640071	0.42206	0.013959
0.00115222	0.013613	0.485238
0.372105	0.0817176	0.0462051
0.340887	0.00574509	0.15337
0.0785997	0.271455	0.149949
0.153575	0.168662	0.177789
0.128144	0.135502	0.23636
0.444267	0.0161769	0.0395842
0.0274737	0.0300052	0.442534
0.0427486	0.0768114	0.380474
0.155435	0.169974	0.174596
0.23227	0.26181	0.00594885
0.123334	0.0462347	0.330435
0.440453	0.016038	0.0435367
0.0649983	0.0982406	0.336765
0.303296	0.0129392	0.18379
0.114408	0.323534	0.0620615
0.234669	0.209967	0.0553944
0.0463444	0.0656845	0.387997
0.0359124	0.0527	0.411393
0.08149	0.372103	0.0464398
0.0448233	0.0805392	0.374669
0.0971429	0.13206	0.270825
0.065188	0.00833482	0.426481
0.366025	0.121555	0.0124272
0.094799	0.327402	0.0778289
0.0393748	0.0080747	0.452553
0.0853039	0.00924594	0.405478
0.137348	0.125605	0.237051
0.0787928	0.173917	0.2473
0.276861	0.00495605	0.21821
0.000334114	0.257947	0.241722
0.0265177	0.441681	0.0318048
0.00508984	0.0207251	0.474188
0.0902373	0.344609	0.0651814
0.220506	0.241097	0.0384275
0.296981	0.0733995	0.129624
0.326412	0.083561	0.0900304
0.101632	0.375173	0.0232
0.0570498	0.231646	0.21134
0.00270634	0.141094	0.356203
0.319156	0.0850696	0.0957778
0.0162386	0.433808	0.0499805
0.435399	0.00173436	0.062899
0.0748757	0.233282	0.191896
0.0065289	0.485219	0.00828037
0.116641	0.0226542	0.360734
0.0384681	0.0513856	0.410152
0.0241012	0.469151	0.00677375
0.135169	0.0210327	0.343802
0.0480306	0.361943	0.0900306
0.0248328	0.185724	0.289488
0.311861	0.078243	0.10993
0.0129337	0.0477447	0.439334
0.0918753	0.317305	0.090849
0.230207	0.243534	0.0262637
0.41484	0.00766492	0.0775233
0.0662167	0.0629862	0.370822
0.335654	0.0600266	0.104326
0.0772863	0.30541	0.117314
0.120828	0.164258	0.214941
0.0638203	0.311762	0.124423
0.0905161	0.0120492	0.39744
0.169748	0.00296485	0.32732
0.323544	0.175296	0.00119156
0.0243086	0.210875	0.264842
0.348266	0.0604325	0.0913061
0.279044	0.0530964	0.167865
0.133834	0.122392	0.243781
0.0241635	0.465124	0.0107468
0.0750829	0.109521	0.3154
0.266224	0.230927	0.00285043
0.00542984	0.455642	0.0389601
0.00283624	0.131237	0.36593
0.244837	0.231834	0.0233343
0.307458	0.0804363	0.11211
0.00753612	0.460662	0.0318048
0.00808019	0.0622047	0.429721
0.270061	0.104579	0.125387
0.00405183	0.445975	0.0499783
0.0686361	0.207675	0.223717
0.0395277	0.110969	0.349509
0.272323	0.105521	0.122184
0.433867	0.0226241	0.0435367
0.221197	0.207409	0.071427
0.113389	0.162453	0.224161
0.332011	0.0636922	0.104332
0.247049	0.0923817	0.160597
0.116492	0.143567	0.239973
0.15865	0.181061	0.160293
0.358805	0.0447474	0.0964753
0.0575607	0.396974	0.0454682
0.0903322	0.0750917	0.334605
0.126483	0.109356	0.264195
0.0991991	0.397925	0.00291164
0.42781	0.0199612	0.0522338
0.0631117	0.314009	0.122886
0.309192	0.0808899	0.109924
0.00813956	0.033126	0.458738
0.0251428	0.00515611	0.469704
0.257289	0.0546268	0.18812
0.0623671	0.00266071	0.434975
0.00294192	0.0487549	0.448332
0.424085	0.0651051	0.0108158
0.1888	0.000455507	0.310777
0.0408664	0.165934	0.293237
0.00928514	0.0108783	0.479864
0.257896	0.0710228	0.171093
0.0605633	0.417683	0.0217564
0.418467	0.0406828	0.0408691
0.118357	0.378949	0.00269772
0.137704	0.0211402	0.341161
0.0110407	0.053934	0.435038
0.0824208	0.120224	0.297394
0.191698	0.133937	0.174396
0.300557	0.0716478	0.1278
0.0182107	0.0192221	0.46257
0.218663	0.177677	0.103689
0.0545446	0.258346	0.187115
0.250878	0.196047	0.0531101
0.148665	0.0587303	0.292636
0.429126	0.00370802	0.0671997
0.082094	0.306846	0.111064
0.241742	0.0903973	0.167864
0.000953044	0.0186235	0.480449
0.449932	0.0303926	0.0196777
0.0762425	0.363921	0.0598413
0.0295376	0.340885	0.129616
0.0441531	0.0625789	0.3933
0.121006	0.100634	0.278364
0.179701	0.0175553	0.302746
0.0634393	0.0292558	0.407311
0.225065	0.104773	0.170168
0.0261762	0.203165	0.270665
0.0399368	0.395841	0.064227
0.0183626	0.26873	0.212912
0.0953013	0.0935704	0.311133
0.251097	0.189468	0.0594393
0.0116529	0.0115052	0.476845
0.106164	0.326339	0.0675063
0.194705	0.0210384	0.284263
0.338166	0.0812473	0.0805933
0.487895	0.00465248	0.00745916
0.14195	0.126975	0.23108
0.219343	0.0229847	0.257677
0.175456	0.258871	0.065679
0.152603	0.149724	0.197679
0.293587	0.135391	0.0710283
0.412158	0.0345358	0.0533102
0.0553361	0.403844	0.0467467
0.332324	0.0969693	0.0707171
0.0571301	0.225785	0.217091
0.0324414	0.220402	0.247161
0.00825338	0.0497597	0.442002
0.316615	0.154012	0.0293787
0.0459816	0.37684	0.077183
0.00606793	0.264067	0.22987
0.265271	0.131586	0.103164
0.0409924	0.274023	0.184994
0.0102125	0.331717	0.158076
0.287941	0.0682407	0.143826
0.471879	0.00977143	0.0183594
0.0925381	0.283286	0.124181
0.187587	0.311842	0.000575735
0.0633704	0.0464955	0.390139
0.22045	0.248754	0.0308035
0.118146	0.0668494	0.31501
0.359337	0.0966852	0.0439832
0.00772548	0.0578714	0.434432
0.328575	0.146513	0.0249612
0.134374	0.0365508	0.32908
0.282147	0.161006	0.0568523
0.167869	0.139606	0.192529
0.103046	0.0528109	0.344149
0.30242	0.178674	0.0189125
0.147113	0.0169555	0.335935
0.346621	0.143569	0.00981507
0.0301822	0.0204255	0.449398
0.24906	0.0151271	0.235817
0.313306	0.0087705	0.17794
0.069795	0.189098	0.241111
0.127233	0.256834	0.115938
0.0959058	0.199291	0.204821
0.0714111	0.417021	0.0115712
0.19062	0.170217	0.139168
0.0148028	0.475716	0.00948553
0.0214282	0.0250155	0.45356
0.119845	0.0886577	0.291502
0.00591813	0.0255409	0.468545
0.0439881	0.107609	0.348407
0.381739	0.0336101	0.0846543
0.204027	0.0305818	0.265397
0.0594477	0.0257068	0.414851
0.00215014	0.347066	0.150788
0.447896	0.0188005	0.0333068
0.100851	0.0594926	0.339662
0.06542	0.423014	0.0115712
0.0604975	0.365584	0.0739345
0.0994322	0.0467462	0.353825
0.0775711	0.301106	0.121328
0.240103	0.20857	0.0513322
0.0432808	0.382018	0.0747064
0.0496408	0.337252	0.113124
0.310777	0.15743	0.0317986
0.258626	0.223528	0.0178674
0.0228505	0.318021	0.159133
0.35488	0.0426662	0.109051
0.19604	0.0870281	0.223056
0.0485567	0.351185	0.100265
0.0169084	0.356263	0.126832
0.201677	0.176937	0.121403
0.0867147	0.0158267	0.397463
0.29687	0.200967	0.00216752
0.277341	0.185	0.037668
0.0681398	0.411766	0.0201088
0.451675	0.0409694	0.00735866
0.244472	0.16372	0.0918136
0.0125654	0.404777	0.0826615
0.236241	0.174764	0.0889998
0.482949	0.000813231	0.016241
0.403829	0.0206401	0.0755357
0.324331	0.14868	0.0269951
0.039478	0.432623	0.0279065
0.211684	0.0306441	0.257678
0.499938	0	6.65321e-05
0.387774	0.0877167	0.0245165
0.183745	0.0223523	0.293908
0.000606844	0.491667	0.00772924
0.16512	0.0107991	0.324088
0.00396994	0.12895	0.367085
0.245045	0.243394	0.0115714
0.0836582	0.0377862	0.378561
0.261719	0.108403	0.136476
0.124416	0.304361	0.0712267
0.368866	0.107632	0.0235061
0.0902958	0.0886558	0.321053
0.156916	0.117516	0.225573
0.0712368	0.0308047	0.397965
0.268802	0.175972	0.0552309
0.0345261	0.391554	0.0739343
0.0247212	0.463955	0.011341
0.352953	0.14201	0.00504107
0.0822727	0.25237	0.165375
0.0124608	0.123507	0.364037
0.460522	0.0344408	0.00504106
0.00731714	0.0315787	0.461111
0.00795907	0.305029	0.187047
0.238771	0.209903	0.0513324
0.0786047	0.00658649	0.414812
0.305088	0.01485	0.180078
0.0136038	0.38812	0.098286
0.418735	0.0254327	0.0558368
0.379321	0.0340632	0.08662
0.22794	0.116819	0.155246
0.441701	0.00531664	0.0529878
0.0353504	0.456606	0.00804751
0.0141727	0.28817	0.197689
0.00102657	0.0721743	0.426804
0.0272112	0.280281	0.192539
0.0807247	0.0364612	0.382819
0.246364	0.214563	0.0390774
0.0238831	0.435969	0.0401532
0.098387	0.220927	0.18069
0.00695548	0.489014	0.00403445
0.0374266	0.295839	0.166741
0.000294714	0.238779	0.260958
0.00360231	0.0035454	0.492855
0.14839	0.297539	0.0540756
0.110237	0.0708526	0.318917
0.375387	0.0905108	0.0341061
0.0378774	0.0236333	0.438495
0.0602238	0.427956	0.0118264
0.0160919	0.44852	0.0353926
0.0520212	0.445888	0.00209399
0.231184	0.193911	0.0749166
0.0206349	0.443977	0.0353926
0.233787	0.192269	0.0739502
0.169211	0.167067	0.163725
0.171582	0.085265	0.243157
0.0742546	0.0669965	0.358753
0.157732	0.0110072	0.331266
0.375528	0.11224	0.0122376
0.10959	0.0924445	0.29797
0.262917	0.0785172	0.158571
0.432339	0.0627886	0.00488031
0.353095	0.102926	0.0439831
0.143303	0.229869	0.126832
0.319883	0.087126	0.092994
0.422371	0.0533059	0.0244636
0.0331989	0.34313	0.123674
0.0293543	0.322362	0.148287
0.126202	0.275277	0.106394
0.478749	0.0137963	0.00745913
0.0647162	0.279296	0.155991
0.0237903	0.053036	0.423177
0.161407	0.0758752	0.262723
0.155517	0.238083	0.106404
0.276074	0.184155	0.0397775
0.439462	0.00329752	0.0572449
0.267882	0.217639	0.0144855
0.0364742	0.386347	0.077183
0.454824	0.00826867	0.0369108
0.435537	0.062072	0.00239587
0.0209649	0.438887	0.0401532
0.00272824	0.0124642	0.484811
0.0859062	0.0391703	0.374928
0.00894913	0.48366	0.00739812
0.00318489	0.0120076	0.484811
0.212951	0.0293772	0.257678
0.113324	0.0127049	0.374017
0.39837	0.0061798	0.0954531
0.364244	0.111123	0.0246371
0.474685	0.00696494	0.0183593
0.0595463	0.233712	0.206745
0.284911	0.0850853	0.130008
0.0754982	0.0657528	0.358753
0.3434	0.0826823	0.0739347
0.1631	0.120324	0.216581
0.0475599	0.411298	0.0470677
0.285292	0.0676129	0.147103
0.00878926	0.359422	0.131814
0.395375	0.0563482	0.0482816
0.189049	0.156784	0.154174
0.426429	0.0607739	0.0128019
0.0772485	0.308816	0.113951
0.022254	0.371346	0.106404
0.500002	0	0
0.0984466	0.267655	0.133933
0.430382	0.00563741	0.063991
0.037446	0.446017	0.016551
0.296814	0.180019	0.0231727
0.0641065	0.367393	0.0685432
0.485602	0.0139805	0.000420914
0.0646724	0.433168	0.00896484
0.377768	0.0200892	0.102166
0.343617	0.0462151	0.110204
0.0588428	0.423722	0.0174416
0.027499	0.216623	0.2559
0.0270237	0.468376	0.00460905
0.104688	0.0052497	0.390082
0.0071432	0.0288632	0.464047
0.00274748	0.409446	0.0878357
0.00566037	0.458882	0.0354832
0.140035	0.114266	0.245711
0.37334	0.104147	0.0225231
0.00625141	0.0157917	0.477979
0.00586935	0.475823	0.0183424
0.0973465	0.0023525	0.400345
0.0142505	0.203077	0.282749
0.110166	0.234956	0.154916
0.075969	0.16709	0.256944
0.443554	0.0132943	0.0431596
0.0519897	0.416831	0.0312073
0.238329	0.174506	0.0871737
0.0395353	0.316977	0.143515
0.0561279	0.294939	0.148935
0.0149885	0.0134751	0.471544
0.0792493	0.0891982	0.331579
0.328833	0.0108422	0.160333
0.0170368	0.482966	0
0.178489	0.00894776	0.3126
0.465559	0.0259697	0.00851191
0.175755	0.12319	0.201103
0.0597543	0.13267	0.307603
0.26423	0.147178	0.0886163
0.0291819	0.0661126	0.404735
0.0460504	0.291759	0.162198
0.253587	0.160919	0.0855183
0.386641	0.0490554	0.0643239
0.49853	0	0.00151182
0.00592927	0.00195302	0.492148
0.366433	0.126658	0.00693953
0.184302	0.0231911	0.29254
0.0880277	0.245038	0.166996
0.19258	0.116413	0.191054
0.0313285	0.459126	0.00959661
0.0129065	0.185937	0.301166
0.0724149	0.0411567	0.386433
0.0425925	0.320206	0.140777
0.0343914	0.23035	0.235294
0.0485377	0.314205	0.137342
0.229288	0.159953	0.110823
0.284258	0.184283	0.0315028
0.397582	0.0606363	0.0418132
0.459128	0.0401293	0.000797146
0.31386	0.178381	0.00776675
0.224251	0.0633561	0.212417
0.0586067	0.4406	0.00507105
0.269052	0.0775994	0.153424
0.203825	0.00244208	0.293762
0.211116	0.28318	0.00571148
0.131685	0.0373993	0.330942
0.148974	0.275192	0.075869
0.0102568	0.489326	0.000420914
0.21809	0.197265	0.0846766
0.0384196	0.139049	0.322566
0.0501596	0.335963	0.113905
0.0299686	0.376472	0.093611
0.212816	0.0917501	0.19544
0.0597767	0.402279	0.037974
0.0216428	0.384794	0.0936102
0.335971	0.0652647	0.098789
0.320922	0.0969865	0.0821274
0.0963724	0.139381	0.264296
0.391089	0.0659013	0.0430211
0.221238	0.154337	0.124456
0.357202	0.0996456	0.0431595
0.0120493	0.136088	0.351903
0.176168	0.106336	0.21751
0.0427958	0.0832064	0.374034
0.307927	0.00933491	0.182769
0.421334	0.0261311	0.0525724
0.24137	0.218963	0.0397079
0.277634	0.193176	0.0291936
0.260468	0.239544	0
0.121706	0.347677	0.031065
0.10302	0.323315	0.0736675
0.0346544	0.339533	0.129078
0.472219	0.00702563	0.0207627
0.0100717	0.0327196	0.457295
0.272462	0.150152	0.0774112
0.126385	0.144811	0.228841
0.323892	1.78525e-05	0.176119
0.300959	0.0798741	0.1192
0.168258	0.0441831	0.287608
0.0659097	0.0158851	0.418249
0.0698822	0.381807	0.0483497
0.0193814	0.0720643	0.408589
0.000238977	0.0501208	0.44965
0.19852	0.00513473	0.296353
0.287913	0.210812	0.00128401
0.424548	0.0503522	0.0251288
0.0676421	0.207558	0.224848
0.119957	0.107616	0.272461
0.453963	0.0372977	0.00874687
0.00014807	0.496165	0.00412398
0.257143	0.02118	0.221684
0.0249362	0.187468	0.291165
0.0980674	0.141833	0.260122
0.129061	0.313045	0.0579233
0.107808	0.0304582	0.361759
0.0850143	0.260755	0.15426
0.140204	0.00159756	0.358226
0.415805	0.0363303	0.0479028
0.00926449	0.168193	0.322546
0.0956571	0.0870757	0.31729
0.0582693	0.0136174	0.428146
0.0637769	0.389834	0.0464581
0.0815194	0.00197002	0.416552
0.0553025	0.00369997	0.441047
0.157742	0.10877	0.233526
0.160152	0.289506	0.0503816
0.0626124	0.400113	0.0373347
0.136398	0.122625	0.240984
0.13865	0.358658	0.00271759
0.412899	0.0360764	0.0510638
0.207816	0.191532	0.100676
0.130801	0.306656	0.0625755
0.474928	0.00853263	0.0165509
0.0510762	0.249926	0.199073
0.14205	0.356901	0.00105804
0.0919142	0.310593	0.0975273
0.232774	0.0813587	0.185901
0.114928	0.0193695	0.36571
0.0740466	0.345437	0.0805976
0.18238	0.109604	0.20804
0.223852	0.0553888	0.220762
0.0110238	0.142661	0.34639
0.055515	0.371833	0.0726864
0.360741	0.0853687	0.053915
0.208245	0.286404	0.0053771
0.21786	0.278534	0.00361254
0.106486	0.0122139	0.381341
0.228581	0.0755877	0.195842
0.0535964	0.328048	0.118868
0.448707	0.0272473	0.0240471
0.00095014	0.00693217	0.492149
0.273887	0.213066	0.0130917
0.16243	0.300049	0.0375526
0.352135	0.0176291	0.130272
0.113676	0.00504472	0.381312
0.400819	0.0360385	0.0631535
0.0940551	0.0856175	0.320359
0.30334	0.0235653	0.173151
0.118468	0.0164746	0.365066
0.143935	0.116391	0.239678
0.0432038	0.0316341	0.425172
0.38439	0.0586244	0.0570195
0.285833	0.1836	0.0306054
0.0497522	0.333234	0.117041
0.407414	0.0105378	0.0820605
0.111593	0.0188075	0.369624
0.0452653	0.329955	0.124805
0.09079	0.130381	0.278909
0.30543	0.0214768	0.173152
0.216002	0.240141	0.0438647
0.0701091	0.243687	0.186237
0.156539	0.341179	0.0022886
0.445089	0.038925	0.0159933
0.145951	0.304683	0.0493772
0.0079617	0.057994	0.434075
0.24123	0.0729025	0.185901
0.00537476	0.03901	0.455712
0.00790033	0.0575469	0.434965
0.0117371	0.14416	0.344167
0.382184	0.020324	0.0975274
0.247844	0.225269	0.0269133
0.142972	0.0881748	0.268876
0.274754	0.0943098	0.130973
0.0407492	0.190101	0.269227
0.169376	0.329312	0.0013496
0.226171	0.273412	0.000420915
0.363377	0.12473	0.0119309
0.0232883	0.275706	0.20105
0.113735	0.0321329	0.354155
0.181576	0.0212554	0.297203
0.316026	0.10213	0.0818849
0.0848425	0.00376514	0.411438
0.0849315	0.256177	0.15892
0.350017	0.0603179	0.0896956
0.0703214	0.0169483	0.412773
0.345478	0.00459143	0.149968
0.195268	0.0283636	0.276401
0.216554	0.257735	0.0257516
0	0.500001	0
0.374435	0.102405	0.0231668
0.0411192	0.068067	0.390822
0.0203266	0.317812	0.161866
0.298519	0.135526	0.0659595
0.0751074	0.117359	0.307536
0.0679765	0.0539089	0.378122
0.471019	0.015983	0.0130025
0.126412	0.188226	0.185365
0.0103093	0.431423	0.0582728
0.400448	0.0853914	0.014176
0.303845	0.136968	0.059194
0.282046	0.202611	0.0153603
0.255533	0.224456	0.0200176
0.014472	0.475272	0.0102601
0.0634444	0.337381	0.0991804
0.0237764	0.362948	0.113293
0.228536	0.00173114	0.269737
0.190617	0.178679	0.13071
0.00358827	0.0349021	0.461522
0.136302	0.226746	0.136956
0.352458	0.113163	0.0343982
0.265833	0.0797009	0.154473
0.0391793	0.44031	0.0205179
0	0.415733	0.0842696
0.195555	0.217256	0.0871928
0.095676	0.254426	0.149903
0.106671	0.146956	0.246378
0.163218	0.107253	0.229536
0.186941	0.244319	0.0687604
0.0598564	0.10567	0.334477
0.0269818	0.0460923	0.426933
0.0719434	0.406522	0.0215437
0.290922	0.0050389	0.204044
0.389339	0.0480107	0.0626561
0.461827	0.0294182	0.008763
0.00490291	0.196983	0.298117
0.0273229	0.349941	0.12274
0.15848	0.0495872	0.291937
0.0345262	0.388017	0.0774627
0.329859	0.0954389	0.0747126
0.310768	0.107886	0.0813549
0.336541	0.0314313	0.132034
0.413346	0.0407561	0.0459021
0.170425	0.277498	0.052086
0.00716709	0.491614	0.00122371
0.108782	0.127127	0.264096
0.113061	0.127555	0.259391
0.207194	0.174226	0.118587
0.476537	0.0132073	0.0102601
0.156123	0.261427	0.0824543
0.0727094	0.124865	0.30244
0.104563	0.268042	0.127439
0.00857955	0.0454541	0.445975
0.0894821	0.291419	0.119106
0.16148	0.269154	0.0717428
0.407613	0.064157	0.0282375
0.340587	0.109496	0.0499191
0.119763	0.169322	0.210924
0.262196	0.00464051	0.233171
0.274215	0.191366	0.0344295
0.212109	0.0926138	0.195287
0.0865699	0.379646	0.0337881
0.3918	0.107154	0.00105101
0.0165486	0.0275294	0.455928
0.0406896	0.422145	0.0371713
0.216521	0.167159	0.116341
0.429513	0.000596801	0.069904
0.124579	0.185497	0.192679
0.0207935	0.35607	0.123141
0.0871498	0.0986202	0.314251
0.0389962	0.0592316	0.401775
0.167774	0.0122181	0.320028
0.325327	0.0933247	0.0813545
0.012424	0.485064	0.00251694
0.102682	0.14146	0.255873
0.289068	0.00500679	0.20593
0.0940711	0.133009	0.272926
0.127698	0.0305233	0.341781
0.36323	0.0610354	0.0757379
0.0176543	0.465568	0.0167833
0.116616	0.142504	0.240884
0.378709	0.0109074	0.110388
0.221766	0.0702943	0.207948
0.0270882	0.397025	0.0758923
0.198835	0.0868181	0.214358
0.06594	0.162249	0.278681
0.00433485	0.0421639	0.453512
0.0783775	0.0633208	0.358309
0.0223852	0.30454	0.173087
0.243689	0.242615	0.0137062
0.0221573	0.309398	0.168455
0.0146735	0.481887	0.00344335
0.00848632	0.0147004	0.476819
0.0347664	0.447617	0.0176206
0.406613	0.0451418	0.0482516
0.01836	0.279963	0.201684
0.0252039	0.458331	0.0164713
0.0659905	0.109779	0.326412
0.00545935	0.00932606	0.485222
0.0512915	0.0824277	0.368658
0.384238	0.0803746	0.0353924
0.435973	0.0561041	0.00793053
0.182581	0.225828	0.091614
0.253409	0.0116425	0.234952
0.363632	0.0606337	0.0757381
0.118752	0.0963323	0.284935
0.000564679	0.00966961	0.489771
0.203295	0.0887655	0.207948
0.0108046	0.0172129	0.47443
0.194878	0.285708	0.0194197
0.134701	0.248889	0.116415
0.381561	0.0109895	0.107454
0.0284282	0.4269	0.0446791
0.236654	0.208319	0.0550405
0.233305	0.232277	0.0344296
0	0.373872	0.126131
0.416984	0.0759109	0.0071215
0.441574	0.0255114	0.0329255
0.238821	0.0604176	0.20077
0.0452156	0.445708	0.00908724
0.321034	0.114974	0.0639955
0.122177	0.138257	0.239588
0.244392	0.0584161	0.197195
0.219274	0.0657419	0.214991
0.0331763	0.32512	0.14172
0.0934851	0.154751	0.251772
0.0488495	0.0396981	0.41147
0.152032	0.343808	0.00416456
0.148713	0.251937	0.101822
0.333268	0.00252448	0.164211
0.000258024	0.000599713	0.499144
0.00279856	0.497203	0
0.0186086	0.325758	0.155637
0.44705	0.0211193	0.0318456
0.496306	0.00370292	0
0.144361	0.322349	0.0333112
0.160279	0.0189458	0.320796
0.0636136	0.0876373	0.348755
0.0560415	0.00885318	0.435108
0.0397383	0.115299	0.344971
0.451162	0.0413712	0.00747305
0.0568814	0.0908058	0.352318
0.315979	0.0367001	0.14733
0.0912998	0.258803	0.149904
0.0177558	0.259611	0.222638
0.0570439	0.0254452	0.417515
0.209714	0.286938	0.00335088
0.142048	0.0433803	0.314582
0.192224	0.298716	0.00907671
0.0775938	0.121244	0.301164
0.0805263	0.0225592	0.396923
0.491173	0.000944508	0.00788797
0.0885176	0.164363	0.247129
0.345382	0.136147	0.0184766
0.108354	0.149561	0.242091
0.179937	0.149836	0.17025
0.025402	0.0516292	0.422978
0.0800736	0.0242615	0.395669
0.1306	0.369218	0.000186941
0.0311001	0.390305	0.0786016
0.092485	0.153854	0.253667
0.0304705	0.464631	0.00490343
0.421165	0.0754962	0.00334428
0.181865	0.238436	0.0797185
0.272029	0.00761074	0.220371
0.0880105	0.247007	0.164989
0.22337	0.212638	0.0639956
0.246449	0.0623474	0.191218
0.0543327	0.0328097	0.412862
0.278794	0.0310582	0.190155
0.196176	0.294829	0.00900361
0.17569	0.228488	0.0958531
0.145193	0.328343	0.0264686
0.148984	0.275281	0.0757379
0.1535	0.018085	0.328439
0.150025	0.237761	0.11222
0.0915095	0.304248	0.104253
0.44408	0.0151798	0.0407555
0.147956	0.129962	0.222087
0.423726	0.0511814	0.0250977
0.0289103	0.0671947	0.403897
0.270155	0.06781	0.162041
0.00341446	0.234209	0.262381
0.0465076	0.0145519	0.438954
0.0218832	0.00993488	0.468187
0.0421918	0.105495	0.352317
0.222727	0.181562	0.095723
0.455721	0.0442863	0
0.0118973	0.0197537	0.468358
0.0697434	0.19877	0.231492
0.433937	0.0221618	0.0439054
0.0261435	0.334836	0.139028
0.0851545	0.158118	0.256741
0.0655519	0.330046	0.104412
0.0602884	0.169203	0.270515
0.0219617	0.0375165	0.440529
0.121993	0.344887	0.0331243
0.0378537	0.414392	0.0477922
0.00243672	0.0602517	0.437313
0.331803	0.142889	0.0253489
0.0769179	0.0712842	0.351824
0.090911	0.321736	0.0873774
0.399135	0.0551086	0.0457898
0.438331	0.0434825	0.0182234
0.448633	0.0217491	0.02965
0.10916	0.193951	0.196923
0.0696772	0.407966	0.0224094
0.452603	0.0371133	0.0103088
0.0222481	0.475167	0.00260981
0.0300884	0.0528804	0.417064
0.0865612	0.00613978	0.407351
0.10054	0.382042	0.0174428
0.168634	0.297758	0.033641
0.0412659	0.0138844	0.444885
0.122509	0.0433545	0.334162
0.114161	0.156697	0.22918
0.409661	0.0772441	0.0131266
0.293757	0.0407499	0.165522
0.242485	0.140447	0.117101
0.247053	0.137999	0.114978
0.336146	0.131843	0.0320369
0.105185	0.187723	0.207131
0.278899	0.161137	0.0599957
0.0531647	0.367237	0.0796304
0.192603	0.208861	0.0985751
0.478209	0.0018297	0.0199976
0.380991	0.0325785	0.0864345
0.355475	0.0790231	0.0655281
0.46099	0.00392269	0.0351168
0.151525	0.330639	0.0178722
0.32286	0.00662675	0.170539
0.0594499	0.0791328	0.361445
0.296355	0.0650994	0.138578
0.426504	0.0261712	0.0473618
0.00390002	0.0689851	0.427148
0.494126	0.00186316	0.00403384
0.0446243	0.0894862	0.365926
0.034412	0.437039	0.0285819
0.0117415	0.254268	0.234015
0.0450815	0.215333	0.239612
0.120719	0.110846	0.268472
0.0597102	0.100522	0.339802
0.0847663	0.157901	0.257368
0.00872764	0.0346297	0.456679
0.081289	0.0938632	0.324884
0.0887265	0.164205	0.247109
0.107812	0.20537	0.186864
0.0279094	0.237171	0.23497
0.129874	0.266169	0.103991
0.25395	0.150885	0.0951961
0.0335841	0.0666969	0.399721
0.20261	0.173833	0.123589
0.146522	0.290652	0.0628504
0.0160122	0.0334884	0.450523
0.212856	0.245781	0.0413976
0.164843	0.326959	0.00819987
0.190935	0.00910844	0.299995
0.0542649	0.106583	0.33918
0.433542	0.0515047	0.0149861
0.206505	0.00392725	0.289608
0.371403	0.0279262	0.100672
0.00970942	0.483361	0.00697146
0.156458	0.29377	0.0498108
0.0164506	0.110351	0.373246
0.230236	0.0898669	0.17995
0.375314	0.0300511	0.0946622
0	0.492081	0.00792086
0.197542	0.0190976	0.28339
0.274818	0.155661	0.0695515
0.236829	0.24185	0.0213496
0.0204847	0.00839227	0.471147
0.422037	0.00161478	0.0763831
0.391256	0.0535007	0.0552795
0.0414731	0.454014	0.00455316
0.0715051	0.33701	0.0915208
0.0391536	0.0752872	0.385595
0.0391895	0.0704817	0.390356
0.111808	0.198656	0.189574
0.300645	0.189711	0.00967104
0.0110169	0.39954	0.0894698
0.365458	0.00556009	0.129007
0.182009	0.170095	0.147928
0.174154	0.307811	0.0180626
0.308076	0.0571629	0.134788
0.180336	0.316194	0.0034932
0.0637016	0.0807726	0.355551
0.261252	0.230546	0.00820718
0.117201	0.225363	0.157469
0.0757796	0.146846	0.277409
0.127273	0.123131	0.249633
0.021537	0.465061	0.0134354
0.0725746	0.120613	0.306837
0.0118299	0.00132468	0.486883
0.0319685	0.18467	0.283389
0.118143	0.179868	0.202038
0.00843295	0.182098	0.309502
0.134733	0.279187	0.0860847
0.26164	0.0228688	0.215497
0.0608341	0.424213	0.0149862
0.343758	0.0163359	0.139956
0.415389	0.049131	0.0355059
0.0468273	0.375894	0.0773043
0.306523	0.0316131	0.161866
0.149956	0.313622	0.0364454
0.180402	0.195405	0.124226
0.0711329	0.00686477	0.422054
0.210888	0.113858	0.175287
0.0470291	0.0734903	0.379516
0.315894	0.0497502	0.134381
0.085367	0.402343	0.0123128
0.130977	0.151281	0.217774
0.187833	0.0104594	0.301762
0.270481	0.167708	0.0618354
0.0803288	0.0927545	0.326954
0.0648741	0.435175	0
0.148393	0.29431	0.0573332
0.0146895	0.441681	0.0436648
0.0074792	0.27124	0.221316
0.00157878	0.104356	0.394116
0.285748	0.208661	0.00559526
0.0866403	0.100042	0.313353
0.0564867	0.115533	0.328008
0.017043	0.300159	0.182837
0.00656675	0.000352583	0.493133
0.0136011	0.0259617	0.460473
0.396637	0.0857456	0.0176436
0.0637493	0.42763	0.00866055
0.26855	0.00840818	0.22308
0.0958551	0.126378	0.277794
0.0174362	0.307085	0.175514
0.0659694	0.155889	0.278167
0.00504557	0.251182	0.243817
0.0425253	0.347689	0.109825
0.220317	0.200374	0.0793412
0.237994	0.218377	0.0436648
0.0157051	0.3401	0.144245
0.00979421	0.487582	0.0026663
0.0159896	0.393498	0.0905494
0.244585	0.141663	0.113784
0.218508	0.203555	0.0779631
0.143692	0.282549	0.0737939
0.466363	0.0173095	0.016361
0.361094	0.00610633	0.132838
0.239854	0.0088182	0.25136
0.0463096	0.371738	0.0819777
0.282622	0.0633924	0.154012
0.184296	0.212803	0.102934
0.337228	0.0160872	0.146723
0.4858	3.22663e-05	0.0141718
0.182922	0.112637	0.204467
0.223906	0.276119	0
0.060924	0.361798	0.0773044
0.10973	0.390111	0.000160002
0.0766168	0.148468	0.274944
0.023388	0.3861	0.0905495
0.0056213	0.0291434	0.465239
0.134846	0.232355	0.132838
0.0304083	0.458508	0.0111149
0.267611	0.0855688	0.146827
0.0637092	0.352846	0.0834499
0.225483	0.272978	0.001579
0.139705	0.0887755	0.271556
0.138124	0.0837344	0.278167
0.387967	0.0731537	0.0389105
0.00139023	0.00311629	0.495499
0.311301	0.0133915	0.175342
0.270454	0.0588666	0.170714
0.303368	0.0311236	0.165514
0.00799206	0.0164715	0.475573
0.231659	0.0884438	0.17995
0.202252	0.00384635	0.293943
0.012513	0.0236683	0.463842
0.00582025	0.0959326	0.398284
0.185849	0.202932	0.111254
0.207678	0.185897	0.106462
0.157719	0.287836	0.0544735
0.0503575	0.447793	0.00188844
0.364105	0.128852	0.00706787
0.00482537	0.24022	0.254998
0.014042	0.274137	0.211882
0.175487	0.00754911	0.316997
0.251768	0.15361	0.0946652
0.320154	0.178831	0.00104557
0.351286	0.0760994	0.0726402
0.413381	0.0466617	0.0399894
0.485132	0.000991763	0.0139079
0.0275492	0.238904	0.2336
0.0253342	0.328256	0.146438
0.467171	0.0203589	0.012503
0.472435	0.0033927	0.0241997
0.0109277	0.357644	0.13143
0.00410126	0.10093	0.395005
0.150042	0.302367	0.0476293
0.00585799	0.0120732	0.482106
0.206087	0.00681088	0.287149
0.126471	0.0525421	0.320999
0.281331	0.11817	0.100505
0.0142732	0.426895	0.0588706
0.088905	0.244846	0.166292
0.459534	0.00572305	0.0347845
0.0549965	0.411674	0.0333657
0.374872	0.0792634	0.0459104
0.00626844	0.464547	0.0292161
0.0798881	0.417378	0.00278032
0.0201823	0.394959	0.0849034
0.0131323	0.00727298	0.479601
0.262285	0.0423088	0.195434
0.381166	0.105324	0.0135624
0.0936879	0.302746	0.103603
0.108141	0.354489	0.0373765
0.0399134	0.0109752	0.449171
0.0330219	0.258291	0.208735
0.130603	0.0549764	0.314472
0.312646	0.00716797	0.180194
0.0859842	0.237163	0.176899
0.151435	0.309105	0.0395045
0.0352517	0.0937466	0.371054
0.0415023	0.386552	0.0719558
0.386997	0.0913716	0.0216766
0.0204333	0.399871	0.0797353
0.425056	0.0640658	0.010899
0.287668	0.165203	0.0472098
0.0509426	0.445733	0.00338345
0.350592	0.133936	0.0155229
0.252745	0.222371	0.0249301
0.23011	0.0379568	0.231974
0.0193727	0.43398	0.0466561
0.0664562	0.179663	0.253927
0.109986	0.347635	0.0423929
0.0163225	0.0654792	0.418273
0.117395	0.325422	0.0572236
0.110698	0.0487755	0.340568
0.0856274	0.0672624	0.347149
0.292302	0.139914	0.0678784
0.24316	0.191008	0.0658702
0.0596981	0.22704	0.213302
0.00637199	0.472221	0.0214133
0.102193	0.333622	0.0641991
0.0496905	0.441592	0.008768
0.408807	0.0160232	0.0751932
0.00166387	0.00993463	0.488421
0.0575818	0.403316	0.039148
0.233752	0.248744	0.0175511
0.188001	0.0836901	0.228393
0.0694293	0.0186258	0.411949
0.1137	0.359374	0.0269742
0.319894	0.0267914	0.153356
0.133618	0.274817	0.0916145
0.436499	0.0331307	0.0304067
0.167516	0.172951	0.159587
0.0467226	0.381157	0.0721867
0.451884	0.0474763	0.000666779
0.0305905	0.196423	0.273023
0.0356586	0.00991722	0.454433
0.190102	0.0418435	0.268095
0.344743	0.150226	0.0050385
0.161614	0.181903	0.156492
0.136854	0.0609382	0.302249
0.12983	0.343863	0.0263402
0	0.2515	0.248507
0.224801	0.119546	0.1557
0.26641	0.11257	0.121076
0.12939	0.0587774	0.311887
0.277134	0.135232	0.0877306
0.173844	0.311341	0.0148683
0.116649	0.0531804	0.330208
0.241894	0.109884	0.148244
0.403658	0.0615622	0.0348668
0.441398	0.028231	0.0304067
0.14112	0.214726	0.144164
0.100941	0.329536	0.0695358
0.354164	0.0216591	0.124197
0.0207419	0.0102011	0.469099
0.432111	0.0616926	0.0062134
0.392719	0.00678411	0.100505
0.0764754	0.0133933	0.410174
0.219784	0.107734	0.172509
0.123982	0.129349	0.24669
0.169766	0.320975	0.00930242
0.101621	0.283499	0.114894
0.118055	0.319225	0.0627697
0.0965888	0.294885	0.108565
0.0778552	0.296094	0.12609
0.183439	0.193739	0.122878
0.254365	0.0258134	0.21987
0.0100049	0.490002	0
0.0303314	0.0924251	0.377251
0.30554	0.179104	0.0153901
0.197541	0.0626186	0.239899
0.194734	0.112009	0.19329
0.00714401	0.0532617	0.43964
0.30026	0.0158661	0.183921
0.23139	0.0961306	0.172511
0.398328	0.0243707	0.0773196
0.00747664	0.0200529	0.472516
0.134727	0.0117945	0.353518
0.468789	0.0300772	0.00114087
0.0828053	0.300709	0.116529
0.24878	0.212122	0.0391484
0.0601038	0.160453	0.27948
0.361513	0.116848	0.0216762
0.297297	0.0797558	0.122953
0.0366602	0.0986397	0.364712
0.0571811	0.152651	0.290224
0.239316	0.254666	0.00606354
0.0270542	0.0886084	0.384376
0.17736	0.122155	0.201939
0.139634	0.0615236	0.298881
0.370464	0.0237688	0.105774
0.0035687	0.290543	0.205892
0.082486	0.269519	0.148008
0.0812818	0.219744	0.199022
0.155117	0.0657891	0.279136
0.329863	0.032088	0.138135
0.0228061	0.19971	0.277517
0.479416	0.0187931	0.00180358
0.00923028	0.0301335	0.460687
0.214607	0.125799	0.159641
0.00300344	0.139072	0.357976
0.447327	0.00240903	0.0502731
0.323336	0.147456	0.0292147
0.00242508	0.263744	0.233874
0.0124314	0.454152	0.0334295
0.336166	0.14285	0.0209916
0.0607934	0.169599	0.269646
0.4176	0.0293599	0.0531143
0.0188571	0.0895626	0.391626
0.0645044	0.0122499	0.423313
0.00258056	0.280654	0.216807
0.213381	0.127024	0.159641
0.490967	0.00904792	0
0.357866	0.0207726	0.121381
0.182426	0.186834	0.130785
0.13227	0.364273	0.00353501
0.122101	0.370154	0.00777225
0.335787	0.153893	0.0103645
0.272284	0.216657	0.0111088
0.270074	0.128133	0.101804
0.146537	0.287266	0.0662473
0.221423	0.0350123	0.243601
0.079347	0.376861	0.0438389
0.00767393	0.256708	0.235663
0.0492873	0.207143	0.243646
0.250005	0.158817	0.0912246
0.0122388	0.0906862	0.397134
0.239396	0.00126156	0.259422
0.0103723	0.0500332	0.439637
0.013868	0.456946	0.029216
0.153724	0.0693491	0.276934
0.00272555	0.0353992	0.461919
0.315033	0.177284	0.00774685
0.0813496	0.0155623	0.403127
0.196332	0.208925	0.0947862
0.34138	0.145066	0.0135605
0.198459	0.0364852	0.265063
0.12032	0.0720063	0.307718
0.00259027	0.232912	0.264507
0.00440597	0.479179	0.0164498
0.0718249	0.0285155	0.399668
0.25693	0.136632	0.106475
0.476247	0.0166209	0.00713549
0.366647	0.121777	0.0116188
0.121385	0.0495756	0.329072
0.258626	0.235305	0.00608014
0.0652558	0.428282	0.00652003
0.469772	0.0233558	0.00691575
0.164406	0.333096	0.00253472
0.0940088	0.0156375	0.390424
0.39805	0.00739713	0.0945649
0.168084	0.230627	0.1013
0.127917	0.101541	0.270623
0.288709	0.0351299	0.176172
0.365556	0.11411	0.0203469
0.413283	0.0867258	0
0.027703	0.0705226	0.401815
0.180251	0.182446	0.137352
0.486385	0.0111512	0.00250413
0.124124	0.00889318	0.366993
0.017064	0.0496135	0.433357
0.303224	0.170034	0.0267806
0.203335	0.0368182	0.259926
0.046853	0.382228	0.0709856
0.146615	0.156018	0.19742
0.0081708	0.266242	0.225653
0.0535019	0.0151609	0.431345
0.416967	0.0755009	0.007615
0.177656	0.18342	0.138979
0.189884	0.0845283	0.225652
0.446788	0.0514497	0.00180369
0.000750818	0.365309	0.133953
0.31645	0.145031	0.0385648
0	0	0.500001
0.0231463	0.0973011	0.379565
0.0208187	0.324026	0.155161
0.367286	0.11865	0.0140792
0.257018	0.203611	0.0393799
0.192629	0.220154	0.0872187
0.104158	0.31314	0.0827146
0.00540948	0.296948	0.197652
0.0406897	0.453652	0.00566435
0.272587	0.102462	0.124985
0.17709	0.0756233	0.247288
0.310097	0.0216244	0.168285
0.452379	0.0345833	0.0130407
0.0647263	0.415735	0.0195433
0.0985286	0.177281	0.224195
0.0750178	0.0177579	0.407233
0.138677	0.0683699	0.292963
0.0907445	0.0193607	0.389901
0.115167	0.047131	0.337705
0.015584	0.173886	0.310537
0.00711336	0.0953203	0.397577
0.00358544	0.0376204	0.458811
0.0120084	0.117265	0.370731
0.377582	0.0249423	0.0974827
0.311497	0.0109144	0.177624
0.442291	0.0146822	0.0430558
0.000681129	0.0488248	0.450497
0.0587188	0.377149	0.0641369
0.398405	0.0930832	0.00851705
0.0363617	0.405399	0.0582419
0.063263	0.300588	0.136151
0.147422	0.212018	0.140563
0.0151957	0.00621866	0.478591
0.278524	0.0895556	0.131923
0.351015	0.0940546	0.0549318
0.184284	0.189522	0.126209
0.0151752	0.184351	0.300486
0.129528	0.244268	0.126206
0.282762	0.0281438	0.189096
0.0275864	0.115966	0.356459
0.220556	0.0597313	0.219715
0.461233	0.0307181	0.00805646
0.302876	0.112783	0.0843441
0.0213047	0.328665	0.150034
0.185978	0.215519	0.0985188
0.0850107	0.158323	0.256672
0.0428676	0.249984	0.207158
0.361679	0.132777	0.00556928
0.319547	0.0421552	0.138301
0.158078	0.312455	0.0294712
0.10973	0.0359015	0.354375
0.267711	0.158627	0.0736755
0.0067465	0.0904043	0.402852
0.0778249	0.39904	0.023143
0.355486	0.143298	0.00122005
0.118086	0.147833	0.234089
0.0325061	0.462165	0.00534403
0.259993	0.0544659	0.185552
0.142527	0.277714	0.0797657
0.335744	0.0117347	0.152531
0.40543	0.086059	0.00851708
0.0175698	0.472205	0.0102339
0.123647	0.239142	0.137213
0.209832	0.0718189	0.218356
0.227076	0.212126	0.0608124
0.0678546	0.270863	0.161286
0.242224	0.0469438	0.210838
0.239167	0.0463512	0.214489
0.012561	0.486176	0.00127099
0.0153191	0.186099	0.298593
0.0382465	0.426412	0.0353475
0.163297	0.224395	0.112332
0.174732	0.180737	0.14454
0.0249836	0.00380587	0.47124
0.0366134	0.410297	0.0530912
0.42581	0.0409783	0.0332278
0.160428	0.0695298	0.270055
0.374179	0.037333	0.0903231
0.220742	0.130796	0.148474
0.119877	0.0360291	0.344122
0.0380088	0.234281	0.227715
0.14996	0.281308	0.068736
0.0187527	0.391954	0.0892961
0.466836	0.00857975	0.0245989
0.0560861	0.166335	0.277593
0.423438	0.0157354	0.0608383
0.415107	0.0139126	0.0709843
0.138627	0.127293	0.23409
0.0118212	0.383501	0.104681
0.0279473	0.351751	0.12031
0.0716386	0.0141082	0.414256
0.180441	0.0770413	0.242519
0.0165567	0.447147	0.0362993
0.23475	0.260296	0.00496852
0.17518	0.0708821	0.253944
0.0166829	0.38441	0.0989108
0.00822848	0.105537	0.386239
0.291207	0.0780289	0.130766
0.021576	0.335476	0.142956
0.326642	0.125521	0.0478427
0.20755	0.00613252	0.286331
0.431355	0.00717227	0.0614827
0.0131427	0.173567	0.313307
0.203424	0.287135	0.00945546
0.0321291	0.466595	0.00128056
0.285604	0.106453	0.107946
0.27456	0.123381	0.102064
0.216	0.137541	0.146463
0.345886	0.0120892	0.142062
0.134619	0.171484	0.193904
0.437917	0.0237408	0.0383481
0.0689567	0.257211	0.173872
0.24903	0.227164	0.0238218
0.0707249	0.255006	0.174272
0.0077748	0.252228	0.24
0.00155426	0.47852	0.0199279
0.0880693	0.340464	0.0714769
0.146272	0.275843	0.077888
0.264087	0.0556149	0.180311
0.197136	0.0338923	0.268978
0.402903	0.0885955	0.00851723
0.47587	0.0167699	0.00736507
0.0502953	0.0103276	0.439381
0.0225926	0.215077	0.262333
0.0108446	0.371707	0.117452
0.0973682	0.038574	0.364063
0.21325	0.0792186	0.207541
0.0247366	0.0183723	0.456898
0.248262	0.226463	0.0252848
0.0785055	0.137838	0.283665
0.055259	0.354927	0.0898189
0.231295	0.0615622	0.207162
0.0443241	0.434186	0.0214937
0.481707	0.00885305	0.00945546
0.0204155	0.0448704	0.434723
0.0439593	0.0295074	0.426544
0.250486	0.244885	0.00463267
0.487983	7.23796e-05	0.0119485
0.0475225	0.00554786	0.446933
0.145866	0.309001	0.0451404
0.126306	0.0544215	0.319276
0.062035	0.373837	0.0641375
0.00484184	0.0648816	0.430283
0.472426	0.00791723	0.0196639
0.0159691	0.431278	0.052754
0.207461	0.265842	0.0267325
0.0141222	0.064139	0.421746
0.103792	0.312038	0.084177
0.0250825	0.0037071	0.471241
0.0175705	0.367245	0.115188
0.265469	0.112282	0.122251
0.0600677	0.358696	0.0812398
0.000415073	0.00475044	0.494855
0.25367	0.0819466	0.164399
0.390823	0.0843701	0.0248134
0.412507	0.0793019	0.00819646
0.145696	0.348463	0.00584695
0.16632	0.23604	0.0976653
0.330147	0.0165105	0.153354
0.0471697	0.421823	0.0310099
0.390766	0.0158714	0.0933702
0.087036	0.304975	0.107994
0.0816309	0.000749504	0.417629
0.135871	0.170542	0.193593
0.0389472	0.43645	0.0246041
0.121988	0.14989	0.228128
0.323214	0.11055	0.0662428
0.0323561	0.135931	0.331716
0.0947815	0.0570948	0.34813
0.200102	0.0326983	0.267204
0.0202694	0.362441	0.117294
0.385356	0.0134711	0.101174
0.146329	0.154022	0.199655
0.115107	0.105	0.279903
0.0478802	0.345731	0.106393
0.0520718	0.122339	0.325597
0.340148	0.00982125	0.150034
0.082346	0.193465	0.224197
0.031324	0.419747	0.0489316
0.494396	0.00550303	0.000103904
0.0119145	0.00232084	0.485794
0.45611	0.0438943	0
0.140341	0.19673	0.162935
0.169394	0.0547217	0.2759
0.113726	0.146278	0.24
0.0123557	0.358204	0.129449
0.00603904	0.492035	0.00192963
0.0336726	0.136882	0.329453
0.288915	0.0523467	0.15875
0.104091	0.192658	0.203255
0.0183146	0.395376	0.0863105
0.485642	0.00291288	0.0114479
0.16487	0.305562	0.02957
0.0465917	0.282809	0.170604
0.0151907	0.0439058	0.440914
0.0870964	0.366131	0.0467868
0.296313	0.198028	0.00566435
0.112689	0.143232	0.244109
