0.251839	0.150081	0.0981062
0.0189062	0.0610793	0.420075
0.00103955	0.479113	0.0198637
0.261501	0.156868	0.0816494
0.0506422	0.00143003	0.447941
0.0179011	0.356563	0.125572
0.0392829	0.0241582	0.436585
0.239893	0.00385984	0.256264
0.0226658	0.248024	0.229351
0.426447	0.0581916	0.015385
0.0553642	0.124583	0.320056
0.0898256	0.16848	0.241723
0.0309712	0.450499	0.01855
0.0526009	0.0575296	0.389889
0.00234667	0.08671	0.410969
0.0324343	0.459694	0.00790184
0.10381	0.0337722	0.362426
0.336107	0.113434	0.0505246
0.285033	0.209943	0.00504622
0.00188317	0.397794	0.100343
0.0141384	0.178203	0.307686
0.128743	0.293268	0.0779931
0.10597	0.256221	0.137838
0.012922	0.0163912	0.470716
0.143711	0.182293	0.174016
0.0911996	0.0547085	0.354109
0.186463	0.200393	0.113149
0.0757349	0.121055	0.303232
0.278046	0.0412836	0.183045
0.120968	0.0966338	0.282423
0.22266	0.145118	0.132244
0.30339	0.0984981	0.098128
0.453542	0.042377	0.00409901
0.00620614	0.493073	0.00074034
0.0732346	0.191183	0.23561
0.163427	0.270233	0.0663807
0.12322	0.261468	0.115337
0.341443	0.101525	0.0570544
0.172598	0.170016	0.157394
0.32953	0.0213583	0.149135
0.14524	0.21451	0.140271
0.219019	0.0702213	0.210788
0.024094	0.303685	0.172248
0.0425069	0.0568505	0.400668
0.362053	0.117341	0.0206254
0.000103448	0.487103	0.0128128
0.0956973	0.334422	0.0699022
0.0859879	0.162016	0.252021
0.16978	0.0805328	0.249722
0.0770583	0.186317	0.236664
0.368325	0.0196464	0.112035
0.0992369	0.0745168	0.326249
0.2035	0.222831	0.0737102
0.493568	0.00025834	0.00618182
0.00909159	0.0849766	0.40596
0.097147	0.13396	0.268935
0.383935	0.0285604	0.0875302
0.0469515	0.425717	0.0273628
0.353336	0.0167686	0.129918
0.000867454	0.466929	0.032225
0.0376334	0.411809	0.0505988
0.311366	0.0849965	0.103677
0.0437589	0.0984682	0.357777
0.000218219	0.0394903	0.460313
0.000693763	0.0148379	0.484472
0.0627325	0.00931438	0.427964
0.142176	0.266872	0.0909697
0.0267712	0.349045	0.124202
0.357667	0.140556	0.0017847
0.484953	0.0128227	0.00222721
0.131341	0.0783958	0.290289
0.460285	0.0300862	0.00965255
0.0265749	0.387954	0.0854877
0.158869	0.300152	0.0409817
0.0298535	0.279032	0.191143
0.0280479	0.318997	0.152964
0.200508	0.281462	0.0180496
0.269946	0.225165	0.00489576
0.122323	0.0342481	0.34345
0.155439	0.289845	0.054742
0.00340988	0.365281	0.131328
0.297141	7.64089e-06	0.202873
0.4743	0.0202624	0.00546144
0.300979	0.0954262	0.103632
0.389189	0.0476337	0.0632025
0.320756	0.10435	0.0749141
0.290051	0.067557	0.14242
0.211869	0.227965	0.0601926
0.147628	0.297111	0.0552707
0.119028	0.0339466	0.347047
0.193446	0.230708	0.0758715
0.118482	0.000749411	0.380773
0.00658967	0.180547	0.312866
0.00723984	0.372446	0.120354
0.0170101	0.416634	0.0663783
0.00988293	0.310822	0.179321
0.0613539	0.0512829	0.387385
0.421139	0.0515441	0.0273393
0.0234376	0.445264	0.0313285
0.177777	0.194664	0.127603
0.191526	0.192378	0.116121
0.266743	0.222494	0.0107708
0.0360055	0.402944	0.0610763
0.0966617	0.137912	0.265455
0.011468	0.344153	0.144395
0.196622	0.173482	0.129918
0.133434	0.0800335	0.286555
0.0540136	0.0453438	0.400668
0.156257	0.146494	0.197253
0.0576418	0.129708	0.312653
0.000560501	0.439882	0.0595785
0.0291824	0.27276	0.198086
0.0487543	0.228388	0.222882
0.346246	0.108332	0.0454513
0.230709	0.0293641	0.23995
0.0108842	0.342313	0.146826
0.0953853	0.104155	0.300499
0.267525	0.0643056	0.168195
0.0459084	0.0780092	0.376102
0.326685	0.102552	0.0707832
0.0830265	0.405953	0.0110456
0.0590623	0.110132	0.330829
0.113605	0.0921973	0.294224
0.373042	0.124906	0.00211652
0.181939	0.3073	0.0107708
0.00109921	0.0345705	0.464357
0.0616235	0.114908	0.323494
0.236848	0.216572	0.0466053
0.346909	0.108539	0.0445878
0.314431	0.0230476	0.162539
0.464975	0.0345888	0.000462143
0.0761287	0.0871513	0.336737
0.124627	0.101142	0.274256
0.277282	0.0790804	0.143657
0.414042	0.0536633	0.0323179
0.181318	0.315885	0.00281932
0.117532	0.0710456	0.311425
0.136578	0.19848	0.164962
0.381027	0.116918	0.00211651
0.028231	0.32108	0.150698
0.323937	0.0904072	0.0856954
0.138017	0.252018	0.109986
0.160771	0.276087	0.0631645
0.216443	0.136537	0.147042
0.255659	0.233773	0.0106179
0.0077725	0.383418	0.108832
0.433282	0.0114565	0.0552707
0.0910473	0.0722326	0.336737
0.000716237	0.00717826	0.492115
0.0806294	0.0895304	0.329859
0.109058	0.38111	0.00985812
0.0736192	0.378463	0.0479387
0.44875	0.0499667	0.00129166
0.4862	0.0059248	0.00790179
0.00496027	0.287315	0.207754
0.0409975	0.00125191	0.457774
0.00412025	0.00564669	0.49026
0.0636497	0.142076	0.294293
0.0357818	0.420857	0.0433814
0.023435	0.435589	0.040982
0.00506556	0.293415	0.201548
0.0409064	0.0265979	0.432522
0.149486	0.165526	0.185021
0.168291	0.0820376	0.249738
0.213489	0.0101317	0.276404
0.470311	0.0249794	0.00474219
0.409035	0	0.0909703
0.00784925	0.0144006	0.477768
0.404829	0.0533088	0.0418846
0.450979	0.0125504	0.0364863
0.294495	0.0955364	0.109985
0.175691	0.196747	0.127602
0.401226	0.0491069	0.0496924
0.00140508	0.367286	0.131328
0.0297613	0.462356	0.00790166
0.068193	0.324801	0.10703
0.1812	0.201203	0.117618
0.0388667	0.203216	0.257936
0.399224	0.0825952	0.0181978
0.041974	0.39232	0.0657354
0.0658142	0.163722	0.270504
0.395515	0.0137086	0.0907895
0.112509	0.0153526	0.372158
0.0314516	0.41007	0.0584926
0.0771804	0.0462185	0.376627
0.0655746	0.172066	0.262384
0.114677	0.0156484	0.3697
0.0298535	0.35113	0.119037
0.435558	0.0631585	0.00129166
0.0072643	0.126773	0.365981
0.0708538	0.324717	0.104457
0.259115	0.24089	0
0.000382745	0.000840717	0.498783
0.111275	0.118737	0.270014
0.441533	0.0571843	0.00129166
0.00402383	0.197995	0.298006
0.227762	0.0645118	0.207753
0.00131876	0.0148954	0.483788
0.00896411	0.480494	0.0105477
0.319235	0.039616	0.141159
0.439903	0.0385333	0.0215722
0.0338764	0.414998	0.0517485
0.00858858	0.464618	0.026804
0.105693	0.215717	0.178598
0.422944	0.00765448	0.0694157
0.00378422	0.426235	0.0751476
0.0210006	0.237203	0.241805
0.00735211	0.138346	0.354307
0.371124	0.0261867	0.102699
0.475406	0.0177478	0.00685178
0.188946	0.247247	0.0638167
0.0312843	0.38292	0.0858012
0.0198815	0.270917	0.209209
0.0261874	0.109195	0.364626
0.0626147	0.354154	0.0832399
0.147798	0.00445082	0.347754
0.077482	0.328069	0.094458
0.065076	0.126115	0.308821
0.0209012	0.393303	0.0858011
0.0980616	0.169307	0.233135
0.334239	0.150835	0.0149319
0.00981213	0.451364	0.038835
0.0926841	0.39739	0.00993722
0.195856	0.198005	0.106151
0.152158	0.281804	0.066047
0.430576	0.0111775	0.0582531
0.328607	0.156467	0.0149319
0.412584	0.0683684	0.0190537
0.237414	0.0699372	0.192665
0.360674	0.0906342	0.0486971
0.226894	0.156201	0.11691
0.0808084	0.163445	0.255755
0.224467	0.222006	0.0535332
0.248662	0.00342637	0.247915
0.000853422	0.140732	0.358427
0.157234	0.297146	0.0456258
0.107438	0.204765	0.187813
0.456993	0.00144333	0.0415686
0.273318	0.0941258	0.132565
0.199449	0.201637	0.0989254
0.464855	0.00797442	0.0271737
0.0353443	0.145838	0.318825
0.347115	0.0738021	0.0790895
0.312884	0.0881993	0.0989247
0.0276078	0.335948	0.136458
0.281825	0.0803551	0.137827
0.0753358	0.404469	0.0208199
0.13787	0.291169	0.0761289
0.000692896	0.0063381	0.492976
0.0820152	0.166711	0.251277
0.243468	0.0253014	0.23124
0.0294648	0.0556282	0.414913
0.0477639	0.0221635	0.430079
0.00429257	0.483493	0.0122258
0.0119637	0.0674543	0.420593
0.100556	0.130765	0.268686
0.0679478	0.133491	0.29857
0.0391729	0.157354	0.303488
0.0100222	0.461029	0.0362428
0.0876626	0.115968	0.296376
0.470376	0.000159113	0.0294698
0.0100098	0.405841	0.0893169
0.12438	0.253191	0.122435
0.209096	0.0222258	0.268687
0.119608	0.035301	0.345102
0.0247728	0.0998838	0.375352
0.268826	0.005475	0.225797
0.136275	0.0760431	0.287694
0.00419668	0.492263	0.00354441
0.356967	0.104208	0.0388349
0.0615567	0.12332	0.315135
0.00517203	0.195321	0.299515
0.0808387	0.342282	0.0768864
0.264077	0.0657517	0.170175
0.254388	0.079264	0.166352
0.26042	0.021106	0.224117
0.0245679	0.0325007	0.442939
0.0226963	0.106188	0.371128
0.11358	0.226471	0.159958
0.385478	0.113554	0.000979675
0.0189388	0.00645967	0.474607
0.0288568	0.445185	0.0259603
0.00478309	0.278141	0.217084
0.0307167	0.059468	0.409824
0.155209	0.144135	0.200663
0.100839	0.213762	0.185404
0.307689	0.0306552	0.167315
0.0538798	0.42024	0.0258853
0.0438249	0.054528	0.401655
0.377145	0.0838508	0.0390111
0.176563	0.259628	0.0638164
0.388455	0.00324463	0.108306
0.284721	0.0249402	0.190348
0.450092	0.0290693	0.0208455
0.0457843	0.087368	0.366854
0.219212	0.018501	0.262292
0.00172701	0.0667597	0.43157
0.0421026	0.433911	0.0239989
0.481724	0.000739855	0.0175408
0.251564	0.00582245	0.242625
0.167371	0.315287	0.0173481
0.097198	0.357314	0.0454952
0.350827	0.0361238	0.113096
0.0709799	0.0247698	0.404256
0.331798	0.021489	0.146721
0.277378	0.0489988	0.173629
0.488551	0.000404523	0.0110516
0.144631	0.30804	0.0473342
0.133586	0.211205	0.155216
0.300533	0.135625	0.0638487
0.211789	0.179769	0.108451
0.184036	0.0124905	0.303488
0.294243	0.0732033	0.132565
0.338211	0.0272498	0.140202
0.278451	0.0160211	0.205536
0.129592	0.0381964	0.332226
0.0900716	0.186747	0.223187
0.0148575	0.164341	0.320813
0.0584193	0.4367	0.00488763
0.0176435	0.0163596	0.466012
0.145785	0.232414	0.128929
0.0376609	0.319692	0.142653
0.12575	0.34727	0.026984
0.289926	0.0513642	0.158721
0.341763	0.143311	0.0149319
0.118887	0.177563	0.203558
0.446323	0.0408654	0.0128147
0.131107	0.302856	0.0660472
0.115749	0.212554	0.171707
0.164721	0.31	0.025292
0.170634	0.277653	0.0517236
0.0217594	0.089784	0.388465
0.341466	0.0958202	0.0627199
0.0168776	0.100597	0.382541
0.288958	0.0846711	0.126376
0.159196	0.242616	0.0981945
0.163613	0.0606761	0.275722
0.172948	5.85026e-05	0.327001
0.299711	0.0431398	0.157157
0.380997	0.118714	0.000290888
0.409019	0.0567619	0.0342242
0.0533823	0.00851493	0.438108
0.29434	0.0469498	0.158721
0.030071	0.360129	0.109809
0.0375962	0.182516	0.279896
0.0944942	0.00666755	0.398848
0.0405995	0.000734773	0.458678
0.00934663	0.0180952	0.472564
0.122924	0.114146	0.262939
0.168692	0.286664	0.0600468
0.00129097	0.049904	0.454591
0.161381	0.303714	0.0349138
0.0498279	0.0444673	0.405714
0.0999925	0.203602	0.196418
0.0410593	0.164505	0.294448
0.406301	0.0577526	0.0359545
0.15751	0.00285062	0.339651
0.231713	0.040932	0.227361
0.016882	0.317673	0.16545
0.0367543	0.43979	0.0234586
0.188404	0.0295239	0.282077
0.0921605	0.380275	0.0275699
0.0482642	0.378161	0.0735808
0.140593	0.183973	0.175444
0.102617	0.209439	0.187951
0.427947	0	0.0720575
0.112692	0.00275359	0.384604
0.304322	0.0245194	0.176817
0.113953	0.220217	0.165837
0.395244	0.0862787	0.0184838
0.0561975	0.11955	0.324261
0.49596	0.000834134	0.00321085
0.0518964	0.000101819	0.448008
0.102859	0.17741	0.220252
0.121743	0.228485	0.149778
0.134224	0.345241	0.0205417
0.163995	0.266601	0.0694153
0	0.495992	0.00401083
0.0193023	0.363216	0.117487
0.163185	0.333056	0.00376672
0.486415	0.00074706	0.0128426
0.0976504	0.370904	0.0314559
0.0542149	0.115332	0.335599
0.0376615	0.0111005	0.451253
0.121005	0.180726	0.198274
0.174919	0.0738091	0.251278
0.205711	0.17186	0.12244
0.353879	0.0364381	0.10973
0.359864	0.0914443	0.0486971
0.0305078	0.36614	0.104045
0.398532	0.045283	0.0561957
0.129062	0.199492	0.177105
0.0281858	0.188714	0.283108
0.397893	0.101139	0.000979676
0.000968841	0.2324	0.266684
0.146849	0.163832	0.189327
0.221447	0.124294	0.154269
0.264889	0.15682	0.0783293
0.160629	0.00192738	0.337452
0.0751752	0.076753	0.34819
0.351077	0.115889	0.0334476
0.110373	0.0638045	0.325837
0.344727	0.00836857	0.146913
0.0377344	0.251951	0.210473
0.082148	0.344501	0.0733943
0.0472149	0.30588	0.146913
0.0890913	0.0133644	0.397553
0.203201	0.243104	0.0539723
0.401172	0.0802902	0.0185691
0.420105	0.0566067	0.0232965
0.104722	0.0352219	0.360259
0.0104366	0.0105567	0.479053
0.00287831	0.00440878	0.492717
0.355118	0.0523632	0.0925513
0.331277	0.164292	0.00444613
0.324297	0.0622194	0.113575
0.272994	0.197748	0.0292665
0.00985148	0.485289	0.00494263
0.367895	0.00416646	0.127967
0.00658061	0.397929	0.0955105
0.0307594	0.01483	0.454459
0.153271	0.0287929	0.31795
0.0416447	0.392643	0.0657477
0.237069	0.257888	0.00505771
0.0399418	0.216883	0.243182
0.164231	0.0498723	0.286115
0.11961	0.360039	0.0203965
0.0306396	0.000478652	0.468887
0.171725	0.152543	0.175753
0.40522	0.0364052	0.0583916
0.217424	0.0424502	0.240204
0.438656	0.0428056	0.0185691
0.0553229	0.385243	0.0594683
0.0680946	0.429237	0.00267167
0.0935488	0.374898	0.0315862
0.0244511	0.107583	0.367985
0.193071	0.055479	0.251456
0.336924	0.073296	0.0898022
0.138873	0.348209	0.01312
0.025888	0.405192	0.0689798
0.0954038	0.0302127	0.374399
0.0895873	0.245927	0.164495
0.000895735	0.0709405	0.428245
0.212155	0.0916748	0.196239
0.41483	0.0404806	0.0447146
0.00530643	0.41846	0.076317
0.0533445	0.380086	0.0665877
0.0671937	0.364861	0.0679474
0.242112	0.156021	0.101901
0.431365	0	0.0686427
0.194591	0.29983	0.0056032
0.209235	0.227609	0.0631699
0.0118098	0.189747	0.298456
0.10358	0.312256	0.0843556
0.0219085	0.0172749	0.460825
0.23	0.171395	0.0986172
0.251913	0.0245825	0.223531
0.108045	0.296173	0.0958125
0.0230393	0.0611205	0.415876
0.384821	0.0389475	0.0763173
0.361897	0.0898886	0.0482348
0.425427	0.0745906	0
0.16863	0.050671	0.28451
0.0626361	0.436169	0.00120342
0.213519	0.0883123	0.19825
0.222366	0.259196	0.0188417
0.0098297	0.102475	0.387707
0.0705526	0.0199376	0.409534
0.0557172	0.276358	0.16794
0.392457	0.0397204	0.0678263
0.320771	0.0474638	0.131874
0.0639285	0.179036	0.257042
0.291629	0.13583	0.0725518
0.14427	0.340369	0.0153918
0.259279	0.12586	0.114898
0.339682	0.0688215	0.0915379
0.12803	0.166649	0.205331
0.138311	0.102207	0.259491
0.263706	0.221394	0.014957
0.112666	0.321	0.0663795
0.124585	0.147583	0.227868
0.0984975	0.120148	0.281365
0.0497649	0.00294014	0.447323
0.0115036	0.353869	0.134645
0.179429	0.0481202	0.272666
0.176515	0.183654	0.139908
0.00915506	0.450983	0.0399451
0.313456	0.150174	0.0364507
0.362843	0.0182661	0.118954
0.258147	0.203322	0.0385817
0.469066	0	0.0309409
0.130349	0.141795	0.227871
0.244673	0.247488	0.00788677
0.298524	0.0933888	0.108425
0.141012	0.0675575	0.291511
0.0350963	0.111089	0.353884
0.286495	0.133439	0.0800736
0.0299384	0.311767	0.158502
0.390027	0.0394744	0.0705039
0.294184	0.0264296	0.179402
0.0136123	0.174487	0.311907
0.158558	0.00875069	0.332776
0.447269	0.0353366	0.0174094
0.00561787	0.444925	0.0494725
0.0422751	0.26514	0.203739
0.150924	0.112463	0.236626
0.204656	0.0953008	0.200125
0.0281523	0.440632	0.0312741
0.460093	0.0399347	0
0.0185824	0.463728	0.0177256
0.230456	0.12935	0.140252
0.477403	0.0035165	0.0196965
0.231879	0.130888	0.137239
0.19639	0.06862	0.235031
0.1848	0.290709	0.0245056
0.00343586	0.0112462	0.485348
0.409602	0.00804996	0.0823584
0.31871	0.153908	0.027423
0.207304	0.0965337	0.196244
0.0537603	0.193216	0.253031
0.0764522	0.338634	0.0850306
0.132373	0.0616364	0.306012
0.0149673	0.308564	0.176485
0.191129	0.00743673	0.301462
0.281467	0.138202	0.0803377
0.178358	0.136567	0.185679
0.48555	0.00357651	0.010965
0.116052	0.325089	0.0588897
0.200811	0.278066	0.0211416
0.0251343	0.0716109	0.403265
0.24809	0.00942857	0.242517
0.0273565	0.409877	0.062788
0.452987	0.0204168	0.0266045
0.182863	0.145686	0.171947
0.188756	0.284445	0.0268266
0.300575	0.146704	0.0528032
0.0262906	0.45714	0.0165809
0.492927	0.00562098	0.00146653
0.0683754	0.194811	0.236823
0.274877	0.140859	0.0843351
0.0562589	0.279045	0.164712
0.0984778	0.120168	0.281366
0.0790714	0.0266916	0.394246
0.30826	0.146927	0.0449023
0.379425	0.0125206	0.108089
0.071476	0.106907	0.321704
0.111446	0.328353	0.0602385
0.15499	0.082301	0.262721
0.179232	0.198555	0.122348
0.0558604	6.70713e-05	0.444076
0.262005	0.0255674	0.212517
0.0817064	0.128034	0.290278
0.019982	0.208314	0.271719
0.232778	0.182922	0.084351
0.0462605	0.0339947	0.419889
0.059391	0.0470603	0.393557
0.0171975	0.0460235	0.436875
0.0117696	0.176342	0.311927
0.00185412	0.284059	0.21412
0.18667	0.258485	0.0548597
0.10678	0.333017	0.0602382
0.157099	0.0834207	0.259493
0.486445	0.00383098	0.00982372
0.0736937	0.0208419	0.406071
0.00856171	0.483692	0.00775785
0.015815	0.326039	0.158166
0.0221318	0.185736	0.292194
0.0723503	0.206136	0.221551
0.304474	0.0853267	0.110291
0.0304238	0.00909287	0.464744
0.189846	0.262882	0.0472865
0.0151302	0.476921	0.00796827
0.106179	0.059596	0.334283
0.0462124	0.0340428	0.419889
0.0228047	0.470138	0.00706203
0.44288	0.0324655	0.024664
0.0940382	0.112253	0.293913
0.04158	0.225779	0.232646
0.0583574	0.423206	0.0188417
0.41298	0.00645157	0.0805722
0.100853	0.354015	0.0452245
0.293432	0.14559	0.0610648
0.201779	0.211028	0.0873633
0.0737553	0.0753032	0.350956
0.00876489	0.453291	0.0379801
0.1815	0.291925	0.0267059
0.00453569	0.0107008	0.484814
0.12898	0.355657	0.0153917
0.0175629	0.0516628	0.430891
0.0731109	0.208303	0.218621
0.122988	0.370206	0.00685535
0.0548885	0.192427	0.252739
0.486044	0.00446983	0.00952886
0.201597	0.00609887	0.292482
0.430525	0.0325745	0.0372661
0.355317	0.081751	0.0629369
0.0346934	0.120752	0.344582
0.336492	0.113481	0.0500702
0.455215	0.0414249	0.00337352
0.0511819	0.226468	0.222549
0.00526638	0.0435479	0.451196
0.0126659	0.0149176	0.472432
0.0296334	0.11747	0.352907
0.314716	0.169135	0.0161624
0.481002	0.0137591	0.0052506
0.461762	0.0374538	0.000794261
0.0397011	0.38809	0.072234
0.0435516	0.296882	0.160017
0.0044315	0.186354	0.309218
0.0019107	0.235258	0.263045
0.122535	0.0798079	0.29785
0.108687	0.15797	0.233368
0.379519	0.0341797	0.0863108
0.16165	0.258346	0.0800191
0.0899016	0.0863096	0.323792
0.157749	0.057122	0.285148
0.240001	0.129982	0.130021
0.442315	0.0338307	0.0238915
0.203988	0.252656	0.0433677
0.0584845	0.380455	0.0611061
0.149483	0.180594	0.169947
0.198978	0.293511	0.00751328
0.194367	0.230248	0.0756014
0.0631475	0.0733251	0.363538
0.15295	0.0533606	0.317964
0.13647	0.162195	0.201362
0.499951	0	5.44351e-05
0.102572	0.127228	0.270206
0.173514	0.117068	0.209659
0.127555	0.220137	0.152321
0.210702	0.266777	0.022531
0.14085	0.164031	0.19513
0.0190509	0.478645	0.00230927
0.00621583	0.0073209	0.486479
0.471382	0.0233777	0.00525058
0.0338094	0.046691	0.419506
0.0423761	0.0125751	0.445243
0.449051	0.0362702	0.0146823
0.319815	0.174308	0.00592886
0.0148233	0.0247821	0.4604
0.0168463	0.0187483	0.46441
0.255556	0.0479564	0.196494
0.249958	0.0952027	0.155
0.0989298	0.258442	0.142638
0.0534496	0.325947	0.121075
0.116196	0.274812	0.109
0.305157	0.100831	0.0940563
0.0953889	0.0915777	0.313037
0.39633	0.0320119	0.071661
0.31284	0.176877	0.010306
0.0100894	0.350357	0.139576
0.0781346	0.0484359	0.373829
0.272795	0.103901	0.123503
0.0266582	0.46386	0.00948519
0.362907	0.0838957	0.0533889
0.0808044	0.017923	0.401438
0.0164678	0.472179	0.011456
0.24152	0.0819538	0.176919
0.403196	0.0121978	0.084825
0.130419	0.085043	0.284561
0.469176	0.0168951	0.0139414
0.267271	0.00955595	0.223189
0.00322591	0.138728	0.358079
0.0410871	0.455506	0.00343147
0.0294593	0.038221	0.432544
0.226069	0.00106752	0.27312
0.0363688	0.42225	0.0413936
0.301106	0.141314	0.057599
0.18597	0.288691	0.0253432
0.0314512	0.411974	0.0566036
0.0269371	0.0349486	0.438281
0.150205	0.159543	0.190275
0.387726	0.00700717	0.10527
0.34145	0.10096	0.0576029
0.2789	0.0327569	0.188348
0.331881	0.0500095	0.118115
0.228123	0.148579	0.123505
0.174452	0.220303	0.105276
0.070813	0.213335	0.215862
0.213309	0.246246	0.0404689
0.0340235	0.301312	0.164678
0.283004	0.06971	0.147341
0.220264	0.262009	0.017996
0.231531	0.152597	0.116052
0.324934	0.120157	0.0550706
0.23265	0.0547185	0.21267
0.0642431	0.330512	0.105276
0.15507	0.310108	0.0348277
0.20542	0.271309	0.0232826
0.118081	0.209542	0.172741
0.0474495	0.40744	0.0451672
0.0322456	0.321935	0.145888
0.345519	0.0177936	0.136727
0.0870491	0.0468445	0.366505
0.00568352	0.108934	0.385414
0.347032	0.13117	0.0218126
0.0915619	0.305873	0.102586
0.296695	0.0559091	0.147427
0.0207643	0.241078	0.238167
0.000129103	0.00332647	0.496556
0.00846231	0.00900227	0.482539
0.0747042	0.0463094	0.379405
0.0862574	0.310988	0.102759
0.351129	0.103822	0.0450612
0.105257	0.282999	0.111946
0.00509586	0.315887	0.179036
0.00054766	0.0939383	0.405679
0.216307	0.263708	0.0200186
0.0303705	0.336698	0.132959
0.00845742	0.0146001	0.476961
0.165799	0.200306	0.133909
0.292315	0.197202	0.0104946
0.114508	0.0745803	0.315598
0.021445	0.139504	0.339096
0.111604	0.144651	0.243749
0.171183	0.161267	0.167974
0.0118917	0.345152	0.143138
0.186396	0.0465203	0.267299
0.176142	0.0951195	0.228762
0.413601	0.0298011	0.0566007
0.260895	0.0932804	0.145886
0.112584	0.14068	0.246788
0.245293	0.203286	0.051426
0.0321908	0.419916	0.0478961
0.329627	0.100205	0.0704999
0.425529	0.043806	0.0309909
0.144253	0.184634	0.172075
0.144679	0.136314	0.219023
0.023657	0.406175	0.0704999
0.0788949	0.00861911	0.412492
0.0336605	0.365852	0.100502
0.0149439	0.428485	0.0566042
0.0598039	0.00342	0.436782
0.110264	0.138654	0.251136
0.0692801	0.0210609	0.409991
0.190334	0.280761	0.0289071
0.265029	0.00947579	0.225501
0.00782425	0.485016	0.00721159
0.00384164	0.492345	0.00388986
0.0305764	0.400908	0.0685361
0.248556	0.0663959	0.18522
0.262606	0.171037	0.0665256
0.107096	0.149158	0.243748
0.0914093	0.0277881	0.381134
0.0781647	0.393548	0.0282925
0.0161614	0.108774	0.375097
0.0226344	0.449517	0.0278529
0	0.34204	0.157963
0.129468	0.35738	0.0131731
0.182848	0.0783186	0.238845
0.183065	0.216859	0.100284
0.141906	0.0218466	0.33625
0.290124	0.195724	0.0141656
0.152399	0.0128577	0.334746
0.275862	0.148452	0.0757022
0.116387	0.0785171	0.305248
0.428073	0.038955	0.0329775
0.0328526	0.446373	0.0207949
0.0681405	0.00487359	0.426993
0.0518912	0.376432	0.0718603
0.0213337	0.39698	0.0817053
0.365685	0.122962	0.011456
0.00545801	0.102182	0.392384
0.236009	0.178619	0.0854123
0.37403	0.0901587	0.035852
0.0732849	0.379994	0.0467265
0.408219	0.0147	0.0770843
0.111222	0.290555	0.0982644
0.0188638	0.204492	0.2769
0.332888	0.101197	0.066247
0.287172	0.0309222	0.181963
0.372655	0.0454294	0.0819265
0.0419166	0.371214	0.0869242
0.189799	0.0473698	0.263046
0.0317384	0.371975	0.0963031
0.422852	0.00388869	0.0732977
0.0338674	0.441787	0.0243521
0.0941234	0.337403	0.0684796
0.144599	0.136223	0.219602
0.00703402	0.486884	0.00613242
0.0714125	0.32851	0.100284
0.409833	0.0613781	0.0288181
0.157447	0.249241	0.0933217
0.1355	0.0380676	0.326436
0.218163	0.277179	0.00499468
0.0574365	0.140916	0.301823
0.367434	0.0819537	0.0536978
0.037846	0.163614	0.298543
0	0.500001	0
0.47684	0	0.0231686
0.00234284	0.490757	0.00690373
0.115224	0.0606808	0.324099
0.147701	0.115329	0.236993
0.275514	0.127499	0.0969962
0.0751414	0.0153443	0.410928
0.467224	0.0187964	0.0139844
0.0498403	0.387832	0.0623391
0.0847167	0.330764	0.0845228
0.0241698	0.162443	0.313391
0.00583837	0.483357	0.0108092
0.282618	0.0113697	0.206017
0.462578	0.0256317	0.0117922
0.0399688	0.00675966	0.45455
0.038036	0.0232515	0.438715
0.151162	0.278066	0.0707766
0.206093	0.214121	0.0797889
0.167648	0.133581	0.198781
0.0186533	0.33832	0.143032
0.120489	0.0718442	0.307674
0.301489	0.0457362	0.15278
0.0212735	0.00198224	0.476748
0.493719	0.00418196	0.00210758
0.105362	0.124084	0.270569
0.0996813	0.292444	0.107879
0.139218	0.110778	0.250011
0.0418131	0.0102801	0.447912
0.0687252	0.326061	0.105218
0.0620454	0.0874526	0.350507
0	0.0749188	0.425085
0.103016	0.121321	0.275678
0.0345806	0.208371	0.25705
0.0547996	0.44481	0.000393223
0.293137	0.154376	0.0524911
0.31163	0.0428889	0.145487
0.158535	0.120053	0.221425
0.410652	0.0812333	0.00815887
0.0827469	0.0493395	0.36792
0.0475429	0.0656048	0.386889
0.258699	0.0159657	0.22534
0.198205	0.235622	0.066177
0.361662	0.103951	0.0343907
0.190394	0.0996866	0.209924
0.0594212	0.0837538	0.356837
0.0122787	0.192688	0.295038
0.023924	0.462867	0.0132156
0.0402668	0.455721	0.00403847
0.117429	0.189036	0.19355
0.0208916	0.236166	0.242968
0.0103409	0.127374	0.362289
0.0133067	0.353772	0.132925
0.0565256	0.0916146	0.351867
0.133467	0.36546	0.00107775
0.0991534	0.289699	0.111149
0.0355405	0.411033	0.0534326
0.172157	0.137432	0.190416
0.16426	0.0173887	0.31837
0.297752	0.0523783	0.149876
0.0567475	0.433777	0.00947863
0.169564	0.289394	0.0410696
0.183596	0.101167	0.215243
0.00148361	0.0165953	0.481931
0.00762598	0.396386	0.0959994
0.0294328	0.202722	0.267852
0.0743935	0.296206	0.129403
0.0037529	0.436554	0.059697
0.230865	0.109847	0.159293
0.0269446	0.307333	0.165736
0.0171049	0.052652	0.430249
0.201785	0.281851	0.0163692
0.0651586	0.37485	0.0601454
0.123839	0.145845	0.230331
0.0259014	0.424834	0.0492685
0.349092	0.0801372	0.0707768
0.0811155	0.0470107	0.371878
0.245844	0.104218	0.149988
0.0806535	0.3149	0.104451
0.0538204	0.0649057	0.381312
0.089564	0.0143743	0.396111
0.000707567	0.00791467	0.491394
0.104591	0.0187232	0.376709
0.284607	0.0580319	0.157373
0.0099026	0.224097	0.266003
0.333105	0.0481978	0.118699
0.0100524	0.227487	0.262464
0.0325657	0.371448	0.0959998
0.140051	0.239355	0.12061
0.340124	0.0674112	0.092476
0.109512	0.359972	0.0305211
0.136203	0.247749	0.116064
0.0659743	0.413546	0.0204854
0.0776621	0.418681	0.00366601
0.217458	0.25418	0.0283809
0.128561	0.208368	0.163084
0.376581	0.0226818	0.100747
0.177381	0.158054	0.164572
0.0127111	0.199473	0.287827
0.308139	0.142596	0.0492685
0.0144615	0.0510531	0.434494
0.163058	0.00365805	0.33329
0.381582	0.0551596	0.0632621
0.0553227	0.217588	0.227103
0.0570673	0.152317	0.29062
0.15591	0.010805	0.333289
0.269071	0.220127	0.0108093
0.00659712	0.00540523	0.488001
0.0947797	0.00915484	0.396097
0.0551369	0.105916	0.338953
0.240742	0.181645	0.0776346
0.163774	0.251262	0.0849722
0.227001	0.0312417	0.241763
0.199991	0.112999	0.187021
0.180584	0.0235531	0.295867
0.222254	0.0206978	0.257051
0.184916	0.315085	0
0.0259072	0.0045574	0.469543
0.454579	0.0399653	0.00547242
0.0185221	0.306177	0.175304
0.236228	0.18797	0.0758069
0.390063	0.0292482	0.0806914
0.357298	0.00828497	0.134425
0.0155025	0.346095	0.138414
0.093242	0.227588	0.179181
0.398841	0.0440359	0.0571271
0.0926491	0.105399	0.301958
0.188867	0.0972638	0.213872
0.0519451	0.321193	0.126911
0.0312319	0.00263191	0.466145
0.288529	0.176378	0.0350963
0.0277447	0.085403	0.386889
0.485256	0.0129097	0.00183687
0.136251	0.247837	0.115927
0.400857	0.0560991	0.043048
0.386976	0.111227	0.00180136
0.226388	0.262454	0.0111604
0.108022	0.271383	0.12061
0.266865	0.232901	0.00023894
0.138859	0.358624	0.00253622
0.427493	0.0670631	0.00547255
0.00362841	0.422072	0.074304
0.347197	0.0938956	0.0589132
0.415009	0.07649	0.00850481
0.200785	0.196143	0.103075
0.209404	0.168059	0.122562
0.053529	0.380548	0.0659317
0.344395	0.0966967	0.058913
0.444348	0.0256182	0.0300382
0.484587	0.0110053	0.00442473
0.177302	0.139745	0.182972
0.180561	0.0174878	0.301958
0.118594	0.380821	0.000588389
0.0457165	0.39459	0.059697
0.249728	0.177496	0.0727808
0.145212	0.0690924	0.2857
0.272165	0.206251	0.0215952
0.0777723	0.239268	0.182968
0.440908	0.0215627	0.0375339
0.052257	0.0408972	0.406858
0.0855253	0.270773	0.143706
0.00127302	0.283764	0.214965
0.16616	0.256639	0.0772097
0.381991	0.109794	0.00822042
0.434394	0.0601618	0.00547254
0	0.467152	0.032849
0.262675	0.168862	0.0684671
0.322407	0.0331056	0.144491
0.00907321	0.361827	0.129105
0	0.475704	0.0242971
0.096601	0.0583463	0.345057
0.000223658	0.154643	0.345137
0.0151813	0.343465	0.141358
0.367949	0.0514937	0.080561
0.0732731	0.405529	0.0212018
0.253891	0.0487088	0.197406
0.024579	0.0756585	0.399794
0.0264192	0.301341	0.172254
0.36968	0.0714112	0.0589129
0.236307	0.185733	0.0779721
0.107039	0.0638238	0.329143
0.150748	0.110231	0.239037
0.0603918	0.349605	0.0901564
0.251869	0.229948	0.0182279
0.206973	0.258648	0.0343913
0.146453	0.185098	0.16846
0.0224324	0.267648	0.209924
0.390613	0.0620769	0.0473357
0.374003	0.041478	0.0845229
0.435333	0.0250985	0.0395712
0.404183	0.0374031	0.0584211
0.426738	0.067818	0.00547255
0.0620395	0.0346092	0.403355
0.039248	0.402334	0.0584206
0.317292	0.166128	0.0165842
0.00976223	0.468654	0.0215897
0.00921207	0.0428832	0.44793
0.060708	0.0975297	0.341771
0.022752	0.392689	0.0845672
0	0	0.500001
0.5	0	0
0.0847087	0.376879	0.0384157
0.196944	0.24417	0.0589523
0.0128131	0.215605	0.271584
0.467058	0.012387	0.0205614
0.207213	0.245872	0.0469171
0.0670134	0.389823	0.0431672
0.478104	0.00722372	0.0146764
0.0230593	0.459263	0.0176788
0.0807376	0.0041512	0.415114
0.0179675	0.430078	0.0519572
0.0625374	0.0280289	0.409438
0.113873	0.260652	0.125479
0.0453158	0.0630739	0.391679
0.0801622	0.182252	0.237589
0.00502525	0.305323	0.189663
0.000378296	0.0734268	0.4262
0.31141	0.155053	0.033541
0.451681	0.0173553	0.0309666
0.291746	0.0963117	0.112003
0.0877064	0.228267	0.18403
0.192174	0.296408	0.0114236
0.263734	0.125	0.111271
0.164355	0.197383	0.138274
0.187367	0.055088	0.257548
0.0427061	0.442622	0.0146764
0.100353	0.155245	0.244404
0.214497	0.265932	0.019636
0.211097	0.038043	0.250866
0.0666204	0.0800081	0.353383
0.00920282	0.420338	0.0704683
0.154992	0.00106757	0.343942
0.49195	0.00473903	0.00331395
0.0618638	0.161224	0.276914
0.0282853	0.454041	0.0176789
0.306319	0.0890459	0.104637
0.170768	0.180409	0.148825
0.405854	0.0719585	0.0221892
0.0555952	0.323402	0.121006
0.161637	0.203991	0.134378
0.0917651	0.115814	0.292473
0.157848	0.0234329	0.318725
0.447068	0.0394804	0.0134572
0.109048	0.0160746	0.374885
0.485541	0.0114158	0.00304331
0.25764	0.112627	0.129738
0.379769	0.10014	0.0222866
0.040809	0.210335	0.248857
0.0900037	0.369924	0.0400763
0.414977	0.0589337	0.0260902
0.319462	0.0103128	0.170229
0.00345895	0.256533	0.240012
0.00659869	0.250561	0.242847
0.440586	0.0452124	0.0142072
0.150569	0.340455	0.00898115
0.0504489	0.136144	0.313413
0.00225667	0.344449	0.153297
0.0351402	0.364207	0.100656
0.107266	0.163896	0.228844
0.334921	0.0497199	0.115366
0.177601	0.283247	0.0391559
0.0772793	0.389855	0.0328708
0.24365	0.142088	0.114263
0.0004915	0.0196941	0.479817
0	0.470497	0.0295233
0.0960693	0.120644	0.283348
0.00213534	0.44731	0.0505583
0.226786	0.0706291	0.202586
0.368387	0.018941	0.112675
0.0502568	0.43507	0.0146763
0.138736	0.220808	0.140464
0.111373	0.00359532	0.385035
0.374784	0.0951714	0.0300524
0.0306523	0.201009	0.268342
0.143755	0.240417	0.115831
0.013374	0.0327578	0.453879
0.396378	0.0454168	0.0582078
0.349191	0.0334949	0.117317
0.232311	0.0599207	0.207771
0.421156	0.00434704	0.0745109
0.00410682	0.35139	0.144505
0.128931	0.293129	0.0779426
0.0704781	0.423522	0.00601173
0.320998	0.131227	0.0477787
0.0720259	0.0910838	0.336892
0.229693	0.111918	0.158399
0.0442703	0.0548862	0.40091
0.248667	0.0781373	0.173198
0.296873	0.140706	0.0624241
0.135368	0.331564	0.0330786
0.283365	0.0428807	0.173757
0.0138801	0.0148861	0.471238
0.0138464	0.273097	0.213058
0.236613	0.0426414	0.220749
0.139236	0.0659927	0.294775
0.357424	0.0514923	0.091091
0.0463118	0.145713	0.308065
0.282128	0.150799	0.0670756
0.0734536	0.0990585	0.327496
0.386664	0.104719	0.00863005
0.186008	0.278472	0.0355226
0.132266	0.302753	0.0649849
0.360658	0.0592793	0.0800682
0.14954	0.171853	0.178609
0.00237908	0.492978	0.00464563
0.146192	0.185478	0.168343
0.182672	0.030861	0.286474
0.339301	0.152073	0.00864944
0.00638267	0.125887	0.367733
0.0577315	0.355944	0.0863278
0.398285	0.0601696	0.0415493
0.324255	0.00996119	0.165786
0.0786669	0.403659	0.0176789
0.240446	0.0433322	0.216227
0.13331	0.00635812	0.360336
0.15388	0.0861269	0.259996
0.459414	0.0304767	0.010111
0.0246965	0.139632	0.335674
0.41215	0.0700983	0.0177545
0.174702	0.290428	0.0348727
0.300835	0.0945297	0.104637
0.118768	0.0112262	0.370008
0.16606	0.199572	0.134379
0.384659	0.0682022	0.0471447
0.0218803	0.317198	0.160927
0.0171057	0.025451	0.457452
0.123257	0.231866	0.144881
0.147153	0.0218452	0.331011
0.0262762	0.312803	0.160927
0.0185892	0.168004	0.313413
0.168703	0.301729	0.029572
0.0602216	0.397333	0.042448
0.429342	0.00823671	0.0624241
0.119471	0.358753	0.0217779
0.0341577	0.0199195	0.445924
0.122693	0.191755	0.185558
0.0110414	0.208535	0.280427
0.461118	0.0205602	0.0183272
0.0517899	0.0133331	0.434881
0.0483251	0.109647	0.34203
0.00289797	0.414264	0.0828435
0.35343	0.0270179	0.119608
0.0715062	0.130441	0.298054
0.280391	0.0881974	0.131418
0.00873194	0.400184	0.0910911
0.0871708	0.288096	0.124738
0.20725	0.178489	0.114263
0.0825325	0.189464	0.228006
0.110604	0.0285285	0.36087
0.106584	0.234869	0.158551
0.104498	0.115651	0.279852
0.126166	0.192774	0.181073
0.277473	0.0816056	0.140923
0.13659	0.334559	0.0288614
0.304536	0.16661	0.0288612
0.00853885	0.0220135	0.469451
0.00211806	0.00226257	0.495621
0.0467498	0.147698	0.305579
0.42636	0.0367358	0.0369081
0.364662	0.130389	0.00495135
0.107716	0.128713	0.263574
0.0605227	0.157729	0.281757
0.327708	0.0479042	0.124394
0.00686716	0.00179315	0.491342
0.217688	0.1873	0.0950235
0.233099	0.0725952	0.194307
0.0152556	0.410895	0.073863
0.0329972	0.174529	0.292479
0.00792885	0.409424	0.082655
0.00684637	0.26858	0.22642
0.12567	0.0703379	0.303995
0.0602166	0.00879257	0.430996
0.120987	0.373482	0.00553409
0.342628	0.140069	0.017305
0.251629	0.0845737	0.1638
0.0384362	0.0298941	0.431742
0.346951	0.0299746	0.123077
0.354841	0.0569041	0.0882562
0.26555	0.0401171	0.194339
0.223423	0.057628	0.218952
0.255753	0.0804505	0.163801
0.00923266	0.0280128	0.462757
0.158538	0.0460864	0.295379
0.0005327	0.103396	0.396075
0.391814	0.0844071	0.0237853
0.0146454	0.480844	0.00451442
0.115851	0.00355896	0.380592
0.0961758	0.1234	0.280426
0.267891	0.0853939	0.146717
0.0604957	0.363535	0.0759825
0.1374	0.075171	0.287437
0.218137	0.186853	0.095024
0.434867	0.0504966	0.0146371
0.0166739	0.0824704	0.40086
0.232513	0.0419024	0.225588
0.433184	0.0503011	0.0165161
0.137691	0.311336	0.0509761
0.273275	0.127836	0.0988933
0.087394	0.388468	0.025531
0.0286729	0.0541603	0.417183
0.332395	0.0304968	0.137139
0.0480125	0.418385	0.0336232
0.376882	0.0791938	0.0439284
0.0170431	0.00784866	0.475118
0.0210763	0.233162	0.245779
0.0115584	0.00259275	0.485872
0.386059	0.0470693	0.0668976
0.123151	0.153009	0.223854
0.428783	0.0609065	0.0103214
0.0276398	0.471009	0.00138022
0.322462	0.0567499	0.120811
0.0438046	0.313163	0.14304
0.45519	0.00384329	0.0409874
0.246435	0.233782	0.0197907
0.0727323	0.0240871	0.40319
0.00259488	0.122663	0.374838
0.327458	0.0187283	0.153836
0.0283446	0.455372	0.0163036
0.439206	0.0164483	0.0444561
0.00535634	0.14628	0.348412
0.112578	0.101429	0.286038
0.0770075	0.342299	0.0807113
0.221927	0.0602979	0.217811
0.0545636	0.0178986	0.427625
0.232471	0.195566	0.0719868
0.0789598	0.383773	0.0372908
0.142416	0.333144	0.02446
0.0275111	0.462596	0.00991531
0.156577	0.0258342	0.317591
0.0363503	0.329939	0.133735
0.0349257	0.17294	0.292191
0.0100986	0.359111	0.130797
0.187945	0.306469	0.00561516
0.0822468	0.141849	0.275917
0.167618	0.158647	0.173739
0.0786388	0.0128027	0.40859
0.296425	0.0187279	0.184856
0.462532	0.0328766	0.00460937
0.0794768	0.162734	0.257808
0.3587	0.0437337	0.0975683
0.198974	0.199484	0.101558
0.318572	0.0769841	0.104463
0.397068	0.0538399	0.049097
0.0195441	0.117148	0.363325
0.0274718	0.164382	0.308149
0.164745	0.284132	0.0511374
0.256203	0.0183056	0.225509
0.116338	0.269955	0.113749
0.0852042	0.406622	0.00819854
0.267967	0.0201374	0.211915
0.404452	0.0421054	0.0534555
0.0248636	0.0338252	0.441317
0.468789	0.0214118	0.00983866
0.44662	0.0502053	0.00319219
0.0922066	0.216447	0.191376
0.087263	0.408255	0.00449913
0.000976093	0.00443139	0.494597
0.341511	0.0666983	0.0918154
0.244118	0.0936933	0.162222
0.0309935	0.36571	0.103314
0.200364	0.18964	0.110002
0.176168	0.27476	0.0490993
0.0536594	0.438952	0.00744554
0.00100864	0.478872	0.0201264
0.491023	0.00901214	0
0.336212	0.111173	0.0526247
0.00196542	0.00747549	0.490599
0.0133974	0.398019	0.0885905
0.414162	0.0683337	0.0175076
0.0664047	0.424761	0.00886641
0.28036	0.129264	0.0903977
0.406619	0.0806394	0.0127566
0.223911	0.0448146	0.231295
0.482163	0.0116937	0.00619444
0.0558616	0.350679	0.0934678
0.139905	0.12882	0.231294
0.00808851	0.137836	0.354103
0.100576	0.230078	0.169414
0.299604	0.0137839	0.186705
0.102493	0.185611	0.211915
0.00648719	0.0242533	0.469263
0.0635296	0.354348	0.0821349
0.150523	0.168772	0.180713
0.265948	0.0867827	0.147297
0.0711638	0.345881	0.0829773
0.00963092	0.0478601	0.443881
0.108125	0.150861	0.241046
0.259637	0.0112838	0.229125
0.0257127	0.145152	0.329167
0.0985594	0.225464	0.176044
0.302907	0.0382308	0.158888
0.0360629	0.399557	0.0643976
0.0599926	0.324856	0.115157
0.474871	0.00934992	0.0158474
0.120491	0.282283	0.0972358
0.136408	0.0273014	0.336316
0.284627	0.0123699	0.203065
0.424	0.0448603	0.0312008
0.318164	0.0577611	0.124098
0.0195398	0.212514	0.267958
0.0678894	0.000177705	0.43197
0.273031	0.0630411	0.163954
0.0138026	0.428182	0.0580211
0.0233137	0.29783	0.17889
0.128572	0.159745	0.211696
0.369015	0.0465745	0.0844372
0.0935213	0.0128891	0.393661
0.0736229	0.380287	0.0461079
0.190291	0.0237889	0.285969
0.0148089	0.0324424	0.452823
0.0587539	0.293228	0.148046
0.0342112	0.20548	0.260335
0.064793	0.109812	0.325408
0.0480891	0.447426	0.00449911
0.38933	0.0405311	0.0701522
0.132376	0.272025	0.0956136
0.021444	0.103814	0.374838
0.017502	0.219124	0.263403
0.195596	0.290688	0.0137493
0.363703	0.115881	0.0204387
0.305959	0.106636	0.0874301
0.0393478	0.000696668	0.459975
0.012069	0.0218235	0.466124
0.0152317	0.0350563	0.449779
0.0916634	0.184281	0.224072
0.0760112	0.377732	0.0476551
0.180936	0.247101	0.0719867
0.149863	0.0523851	0.297756
0.372704	0.097375	0.0299281
0.0023668	0.111881	0.385824
0.452044	0.0460364	0.00202348
0.0452837	0.22145	0.233289
0.0225095	0.134689	0.342813
0.0926519	0.167535	0.239844
0.111354	0.241413	0.14724
0.0431321	0.0885971	0.368282
0.201928	0.19112	0.106956
0.126289	0.168389	0.205357
0.48014	0.00945366	0.0104292
0.216395	0.254028	0.0295862
0.148923	0.175103	0.176046
0.352022	0.0848535	0.0631597
0.146157	0.252074	0.101786
0.209616	0.278428	0.0119935
0.0513348	0.244026	0.204645
0.290426	0.133957	0.0756387
0.00340729	0.105885	0.390794
0.171936	0.162734	0.165334
0.273077	0.0722524	0.154677
0.0413182	0.0904106	0.36828
0.192886	0.301527	0.00561516
0.0464156	0.431855	0.0217431
0.0251799	0.278558	0.196279
0.0216401	0.201579	0.276797
0.392797	0.0581112	0.049097
0.118214	0.0200199	0.361772
0.276989	0.105953	0.117089
0.138113	0.0276426	0.33427
0.312248	0.112135	0.0756388
0.0440133	0.434447	0.0215491
0.012245	0.208667	0.279142
0.0161501	0.368697	0.115157
0.349427	0.137183	0.0134071
0.0474872	0.149963	0.302561
0.204463	0.23655	0.0590009
0.233392	0.261448	0.00517313
0.309207	0.0362095	0.154699
0.0358644	0.337551	0.126612
0.00589315	0.490491	0.00362897
0.217398	0.250985	0.0316271
0.304698	0.0384569	0.156869
0.355368	0.0711249	0.0735378
0.170373	0.161254	0.16838
0.0380253	0.180782	0.281234
0.183993	0.256999	0.0590291
0.178964	0.265673	0.055369
0.441253	0.011171	0.0475996
0.0376337	0.0817741	0.380689
0.0556327	0.313577	0.130797
0.0794111	0.11318	0.307466
0.493844	0	0.00619428
0.152214	0.23938	0.108432
0.0297433	0.112796	0.357483
0.035721	0.336201	0.128103
0.364675	0.0649047	0.0704526
0.00825283	0.248598	0.243164
0.00582847	0.485108	0.00906997
0.185636	0.259007	0.0553698
0.208146	0.288984	0.00289718
0.0258418	0.133326	0.340846
0.154549	0.0712568	0.274216
0.212729	0.255599	0.0316836
0.418901	0.0655499	0.0155686
0.313396	0.112547	0.0740759
0.0941981	0.0848696	0.320937
0.5	0	0
0.0578047	0.252308	0.189899
0.349163	0.0669268	0.0839192
0.0359007	0.38507	0.079054
0.00313834	0.00664458	0.490234
0.362751	0.0292282	0.108028
0.298004	0.177366	0.0246882
0.0276147	0.374349	0.0980448
0.00421313	0.111471	0.384326
0.277308	0.195226	0.0274969
0.269755	0.0633755	0.166877
0.0101336	0.081404	0.409313
0.186101	0.0139738	0.299933
0.159727	0.0844584	0.255823
0.192705	0.125149	0.182154
0.467396	0.0293359	0.00728296
0.0171379	0.0910972	0.392616
0.0285398	0.122116	0.349348
0.17294	0.0390342	0.288037
0.0902877	0.391946	0.0177741
0.211495	0.220872	0.0676768
0.106269	0.0748141	0.318951
0.156146	0.108793	0.235073
0.340498	0.0436415	0.115882
0.215393	0.023265	0.261347
0.00506586	0.0934522	0.401502
0.0137218	0.14752	0.338767
0.169046	0.0053745	0.325594
0.118805	0.129792	0.251411
0.163235	0.118497	0.218299
0.150827	0.303977	0.0452044
0.0309963	0.418354	0.0506606
0.0477052	0.361411	0.090896
0.1756	0.172833	0.151571
0.064033	0.318301	0.117676
0.457128	0.0286915	0.0141955
0.133504	0.00262842	0.363871
0.0352137	0.450945	0.013873
0.0152635	0.0164836	0.468275
0.183035	0.23693	0.0800444
0.0792387	0.288688	0.13209
0.235947	0.257767	0.0102525
0.265206	0.210574	0.024236
0.0706516	0.158631	0.270731
0.174353	0.124418	0.20124
0.143437	0.00289322	0.35367
0.0492766	0.20777	0.242965
0.11235	0.279746	0.107925
0.106235	0.225023	0.16877
0.0551481	0.284642	0.160264
0.0209563	0.14456	0.335242
0.239435	0.241095	0.0194746
0.176345	0.0133368	0.310327
0.378261	0.0492296	0.0725128
0.39089	0.0107559	0.10211
0.0660486	0.311033	0.122931
0.0395195	0.00621881	0.454278
0.0450371	0.232718	0.222552
0.0304105	0.456571	0.0130342
0.0992532	0.0698749	0.330907
0.42737	0.0631621	0.0094861
0.207547	0.154958	0.137512
0.0341065	0.462354	0.00354645
0.137606	0.360801	0.00161691
0.1405	0.153494	0.206015
0.0252464	0.342983	0.13178
0.0516965	0.00643761	0.441874
0.202359	0.0650964	0.232562
0.158179	0.115703	0.226119
0.0840913	0.329067	0.0868492
0.285898	0.192236	0.0218918
0.0502173	0.443509	0.00628214
0.302384	0.163915	0.0337055
0.0865895	0.367082	0.0463372
0.0546283	0.439116	0.00628237
0.281397	0.0121571	0.206465
0.0122894	0.477361	0.0111434
0.384926	0.0742674	0.0408141
0.038035	0.149098	0.313583
0.39794	0.0409902	0.0610764
0.48639	0.00857422	0.00504811
0.0129562	0.052639	0.434418
0.021506	0.0197766	0.458732
0.0435679	0.161387	0.295061
0.291915	0.199901	0.00820602
0.42066	0.0328968	0.0464572
0.198471	0.00861132	0.292923
0.0467835	0.188739	0.264485
0.472814	0.019986	0.00722532
0.233332	0.182407	0.0842757
0.443922	0.0252509	0.0348027
0.193432	0.180201	0.126382
0.0124488	0.00894588	0.47865
0.116447	0.307433	0.0761516
0.00767708	0.336645	0.155695
0.373037	0.0912967	0.0356729
0.208576	0.217163	0.0742705
0.448774	0.00897292	0.0422643
0.0179892	0.482016	0
0.129154	0.0868063	0.284058
0.290346	0.197915	0.0117652
0.062483	0.332131	0.106236
0.223763	0.131572	0.144674
0.00945104	0.0764188	0.414148
0.0780502	0.0475815	0.374385
0.0912326	0.370544	0.0382449
0.247984	0.188996	0.0630538
0.149004	0.214865	0.141373
0.0339042	0.000477208	0.465631
0.411874	0.00665101	0.0814841
0.256335	0.186824	0.0568428
0.0740154	0.295817	0.13019
0.144398	0.0782519	0.277368
0.435536	0.0243517	0.0409447
0.395427	0.007976	0.0965974
0.227191	0.0997701	0.173074
0.306229	0.16556	0.028235
0.0027611	0.100254	0.396998
0.0437204	0.351436	0.104868
0.018295	0.428461	0.0532465
0.0419108	0.396836	0.0612698
0.494169	0.00583139	0
0.118505	0.151769	0.229736
0.253429	0.227109	0.019475
0.326568	0.0569293	0.11651
0.158548	0.101825	0.239637
0.124614	0.270327	0.105122
0.249677	0.0717365	0.178603
0.317966	0.0343441	0.147702
0.0820986	0.312814	0.105115
0.0131571	0.0663094	0.420538
0.455826	0.0223076	0.0218918
0.0125742	0.00903601	0.478401
0.0432425	0.402196	0.0545781
0.0221481	0.412491	0.0653887
0.196688	0.141326	0.161993
0.0236704	0.266753	0.209592
0.00173015	0.1387	0.35958
0.175978	0.168238	0.155793
0.0596108	0.213088	0.227315
0.128312	0.0138248	0.357866
0.103674	0.261729	0.13462
0.00703916	0.0441674	0.448796
0.312385	0.0145585	0.173065
0.071199	0.353923	0.0748889
0.0327471	0.0220194	0.445259
0.0616709	0.309625	0.128715
0.18749	0.204829	0.107689
0.367819	0.0278179	0.104372
0.088537	0.299399	0.112109
0.146473	0.0793471	0.274188
0.402781	0.066329	0.0309288
0.055805	0.0155085	0.428694
0.00199487	0.493247	0.00476827
0.0150599	0.425281	0.0596641
0.0846346	0.132904	0.282467
0.382124	0.045582	0.0722967
0.262449	0.180823	0.0567367
0.0749398	0.325319	0.0997499
0.220706	0.2759	0.00340285
0.110458	0.272501	0.117052
0.166239	0.0223207	0.311452
0.32538	0.0581298	0.116514
0.409532	0.0320265	0.0584561
0.0156799	0.433668	0.0506604
0.0948719	0.0667904	0.338355
0.0763338	0.405075	0.0185952
0.405804	0.0460558	0.0481458
0.0565792	0.246958	0.19649
0.438358	0.019121	0.0425462
0.316775	0.0342156	0.149014
0.0800561	0.342545	0.0774042
0.242681	0.0954919	0.161841
0.478382	0.0206268	0.00099578
0.0561503	0.0691034	0.374765
0.00678015	0.297314	0.195923
0.132144	0.121426	0.246445
0.178198	0.106241	0.215621
0.0800842	0.05103	0.368891
0.0665578	0.149439	0.284027
0.0805127	0.051303	0.36819
0.170375	0.107893	0.221742
0.0506379	0.013967	0.435407
0.102232	0.397772	0
0.309227	0.0605975	0.130188
0.102405	0.262997	0.134619
0.096654	0.247685	0.155698
0.330667	0.0745671	0.0947738
0.221435	0.244864	0.0337056
0.202178	0.142335	0.1555
0.25763	0.0628568	0.179543
0.312062	0.0114888	0.176459
0.421782	0.0183004	0.0599224
0.0754456	0.0443128	0.380248
0.220227	0.131298	0.148487
0.122695	0.266165	0.111189
0.478256	0.0207507	0.000995776
0.120917	0.132099	0.246993
0.366838	0.0579635	0.0752061
0.41252	0.0661464	0.0213804
0.399232	0.0308681	0.0699848
0.266482	0.12448	0.10907
0.355314	0.0523035	0.0924381
0.0531378	0.069763	0.377119
0.193239	0.168561	0.138223
0.278884	0.172097	0.0490401
0.27515	0.124791	0.100071
0.287364	0.130331	0.0823119
0.167867	0.328407	0.00375564
0.382102	0.00134516	0.116582
0.34189	0.0223646	0.135784
0.0371854	0.216472	0.246383
0.225373	0.195417	0.079221
0.145028	0.122025	0.23296
0.0585121	0.198983	0.242545
0.174064	0.0279107	0.298072
0.114287	0.0180164	0.367771
0.211127	0.0191719	0.269711
0.00512617	0.494177	0.000721885
0.069622	0	0.430391
0.304335	0.102223	0.093473
0.0242114	0.449986	0.0258078
0.119446	0.359805	0.0208118
0.0601999	0.0482361	0.391667
0.159332	0.319926	0.0208122
0.180472	0.0147675	0.304801
0.391618	0.0822322	0.0262062
0.0286441	0.445555	0.0258079
0.0100964	0.316838	0.173089
0.142743	0.0969453	0.260379
0.105139	0.0403852	0.35451
0.241893	0.116298	0.141834
0.0933344	0.339131	0.0675663
0.122724	0.18207	0.19529
0.197404	0.0910104	0.211613
0.205234	0.162478	0.132363
0.00666301	0.0736752	0.419698
0.0384435	0.457884	0.00370605
0.0291411	0.00219634	0.468727
0.29708	0.112342	0.0905821
0.0188868	0.0414068	0.439771
0.0546252	0.0442727	0.401169
0.25051	0.10435	0.145163
0.0918509	0.394923	0.0132591
0.0395451	0.437275	0.0232689
0.0221777	4.81724e-05	0.477802
0.0262793	0.0212988	0.452493
0.0298592	0.46456	0.0055947
0.0800563	0.386162	0.0338111
0.186815	0.257899	0.0553748
0.00945498	0.00483626	0.485751
0.0101357	0.473864	0.0160886
0.374185	0.00998916	0.115865
0.0539852	0.000170958	0.445857
0.456702	0.0232072	0.0201342
0.2925	0.0951849	0.112362
0.130855	0.0539353	0.315319
0.0639617	0.123045	0.313045
0.326425	0.155752	0.0178475
0.491619	0.00611062	0.0022998
0.109	0.260936	0.130159
0.0342099	0.184691	0.281153
0.0634583	0.0866302	0.349932
0.215426	0.186953	0.0976781
0.120579	0.0496995	0.329833
0.00185291	0.0336206	0.464558
0.129331	0.00846011	0.362235
0.00401879	0.485089	0.0109611
0.107285	0.210201	0.18265
0.0901546	0.251244	0.158665
0.0563308	0.276138	0.167578
0.317107	0.0245635	0.158351
0.443454	0.0161444	0.0404402
0.0822714	0.229275	0.188521
0.150485	0.0127738	0.336759
0.0143174	0.415801	0.0699878
0.270536	0.113665	0.115873
0.184371	0.152571	0.163075
0.0965335	0.175923	0.227575
0.0712404	0.365259	0.0635335
0.435123	0.0284633	0.0364314
0.179872	0.0811151	0.239046
0.0402382	0.000138615	0.459653
0.300337	0.135291	0.0644574
0.332356	0.111073	0.056615
0.0391465	0.432868	0.0280719
0.285593	0.0923059	0.122118
0.463584	0.0337991	0.00264958
0.0131341	0.145603	0.341297
0.0212693	0.159231	0.319548
0.0303237	0.409919	0.0597732
0.165247	0.0687733	0.266007
0.0950089	0.00249349	0.402528
0.346046	0.150441	0.00362398
0.0103024	0.481658	0.00805726
0.0997259	0.371938	0.0283733
0.150658	0.306858	0.0425191
0.13852	0.310863	0.0506472
0.167238	0.301144	0.0316436
0.102164	0.33381	0.064041
0.111536	0.0989226	0.289565
0.099876	0.0667889	0.333389
0.0849826	0.00457742	0.41058
0.375645	0.102475	0.0219102
0.0161678	0.267993	0.215895
0.00598713	0.0835644	0.410541
0.1951	0.272576	0.0323521
0.466786	0.0239257	0.00937491
0.0450051	0.00118115	0.453846
0.26291	0.0849743	0.152135
0.233939	0.0955523	0.170629
0.349693	0.0514761	0.0988601
0.133997	0.165323	0.200702
0.000310739	0.00569123	0.494027
0.0497699	0.265219	0.185041
0.201835	0.212127	0.0860911
0.114045	0.343785	0.042193
0.0226826	0.355087	0.122279
0.00553745	0.0760568	0.418421
0.453835	0.00680744	0.0393654
0.322958	0.149062	0.028019
0.00783921	0.241901	0.250367
0.328129	0.143901	0.0280421
0.471649	0.0241749	0.00427519
0.144406	0.178165	0.177515
0.257109	0.205705	0.0372376
0.0668016	0.0746868	0.35866
0.0486879	0.259453	0.191881
0.079036	0.0380137	0.383004
0.425834	0.00428425	0.0699878
0.160679	0.286476	0.0528771
0.447856	0.00613374	0.0460424
0.114824	0.0920042	0.293276
0.0395205	0.426039	0.0344812
0.23241	0.192498	0.0751078
0.164468	0.0107586	0.324793
0.138905	0.207739	0.153411
0.124257	0.153456	0.222308
0.202667	0.0945638	0.202859
0.0125924	0.474959	0.0124639
0.424806	0.0347857	0.0404396
0.0644991	0.402084	0.033479
0.217741	0.23526	0.0470183
0.231191	0.0113597	0.257462
0.0981368	0.21935	0.18265
0.482267	0.0107807	0.00701185
0.0775562	0.0394967	0.383014
0.155544	0.225213	0.119289
0.221446	0.192038	0.0865251
0.143051	0.0799269	0.277111
0.485526	0.0108535	0.00368013
0.00662416	0.294072	0.199317
0.207496	0.180431	0.112083
0.215419	0.0175759	0.26702
0.259874	0.22307	0.0170823
0.0961579	0.380667	0.0232691
0.184296	0.0772585	0.238486
0.137014	0.0596884	0.303419
0.0669793	0.140237	0.292866
0.0470746	0.295218	0.157721
0.0783679	0.420034	0.00164238
0.185383	0.255923	0.0587834
0.127031	0.249319	0.123725
0.206736	0.282226	0.0110606
0.00355726	0.351358	0.145185
0.477818	0.0113853	0.0108482
0.335099	0.108306	0.056612
0.0681237	0.349279	0.0826399
0.0732841	0.100739	0.325989
0.171212	0.298829	0.0299918
0.0184771	0.138327	0.343242
0.015528	0.166448	0.318082
0.0757371	0.0361377	0.388205
0.0511664	0.298419	0.150551
0.154014	0.0477244	0.298278
0.00764589	0.0104829	0.481907
0.0355163	0.191744	0.272881
0.0827827	0.0714463	0.345782
0.0865352	0.288818	0.124702
0.0907647	0.202873	0.206452
0.16125	0.335073	0.00370602
0.311389	0.135883	0.0528111
0.0953038	0.404694	1.23497e-05
0.300681	0.105856	0.0934682
0.23016	0.190635	0.0792218
0.0303984	0.352049	0.117574
0.00689159	0.305944	0.187175
0.064594	0.000222518	0.435206
0.0332038	0.179259	0.287565
0.312288	0.159736	0.028042
0.245943	0.125545	0.128519
0.335335	0.112636	0.0520614
0.0686121	0.36752	0.0639027
0.393419	0.00766698	0.0989267
0.0110188	0.46318	0.0258079
0	0	0.500001
0	0.500002	0
0.316021	0.137763	0.0462202
0.375468	0.058674	0.0658725
0.208291	0.190303	0.101415
0.230244	0.0161044	0.253656
0.239955	0.0523536	0.207697
0.0264487	0.359811	0.113741
0.440724	0.00622996	0.0530516
0.126077	0.158361	0.215565
0.134549	0.0241511	0.341307
0.280467	0.0775172	0.142039
0.141111	0.345948	0.0129439
0.0145363	0.0115411	0.473933
0.0372649	0.0802067	0.382531
0.242978	0.163128	0.0939011
0.0137378	0.0594474	0.426837
0.0298773	0.00461781	0.465507
0.161929	0.316804	0.0212755
0.00128582	0.0603283	0.438393
0.0192872	0.0711276	0.409595
0.0323026	0.329953	0.137748
0.0721866	0.244488	0.183328
0.29901	0.0772234	0.123774
0.00753314	0.20932	0.283151
0.201864	0.0936547	0.204487
0.419578	0.010141	0.0702858
0.158957	0.321564	0.0194853
0.450715	0.0355785	0.0137148
0.0261834	0.449873	0.0239543
0.0689487	0.335073	0.095984
0.324189	0.0204629	0.155352
0.0199977	0.465411	0.0146014
0.412225	0.0446496	0.0431295
0.0132682	0.423581	0.0631591
0.0314492	0.117065	0.35149
0.289423	0.0968375	0.113741
0.203077	0.00815881	0.288767
0.459172	0.009206	0.0316255
0.132172	0.0318499	0.335991
0.0881105	0.282636	0.129264
0.0859631	0.100606	0.313455
0.386994	0.0563138	0.0567112
0.0966118	0.027465	0.375928
0.0983841	0.0123626	0.389259
0.067119	0.222042	0.210844
0.00080342	0.382148	0.11706
0.0156442	0.459316	0.0250722
0.0361711	0.271053	0.192786
0.221691	0.108064	0.170253
0.0991092	0.370661	0.030232
0.00467135	0.486161	0.0091717
0.246899	0.00328937	0.249813
0.00097326	0.472222	0.0268202
0.0147562	0.00192754	0.483333
0.366589	0.0826526	0.0507642
0.0285951	0.104377	0.367031
0.0247924	0.392868	0.0823628
0.0473634	0.188279	0.26436
0.0531418	0.167859	0.279002
0.0508875	0.230131	0.219019
0.35481	0.118501	0.026695
0.114732	0.0641681	0.321102
0.115214	0.377567	0.00722545
0.257006	0.0062117	0.236788
0.0545799	0.266448	0.178975
0.306607	0.144834	0.0485659
0.277173	0.0684589	0.154381
0.0589179	0.440021	0.00107134
0.0809537	0.257567	0.161482
0.0837157	0.294917	0.12137
0.218648	0.128104	0.153252
0.0311027	0.109824	0.359077
0.164803	0.0608364	0.274368
0.10426	0.184901	0.210844
0.184167	0.20416	0.111681
0.341304	0.11399	0.0447106
0.38442	0.0905409	0.0250722
0.117216	0.235246	0.147557
0.308199	0.145586	0.0462203
0.125424	0.101144	0.273441
0.0170381	0.397889	0.0850833
0.195773	0.197785	0.106448
0.0555831	0.286009	0.158409
0.180588	0.281341	0.038077
0.22653	0.248264	0.0252189
0.145189	0.0989116	0.255908
0.0441256	0.217388	0.238491
0.0559257	0.0220343	0.422117
0.0277797	0.453611	0.0186175
0.330107	0.0924846	0.0774102
0.302137	0.046698	0.151167
0.144783	0.0246233	0.330601
0.0533975	0.417269	0.0293401
0.0644341	0.142257	0.293311
0.0754383	0.117526	0.307042
0.346062	0.00977491	0.144174
0.0113054	0.00147677	0.487235
0.0353805	0.265128	0.199501
0.486794	0.0010263	0.0121825
0.24936	0.155324	0.0953205
0.171933	0.310685	0.017385
0.480713	0.0186463	0.000661307
0.00929746	0.430087	0.0606205
0.170167	0.194049	0.135791
0.00894079	0.490243	0.000829404
0.138898	0.278761	0.0823626
0.107399	0.225668	0.166942
0.348265	0.0625127	0.0892274
0.0150848	0.239038	0.245901
0.43349	0.0317356	0.0347867
0.290915	0.0751328	0.133959
0.474304	0.0256337	7.34798e-05
0.157574	0.151572	0.190866
0.142902	0.282387	0.0747342
0.0192625	0.11371	0.367031
0.173981	0.309128	0.0168951
0.336159	0.112272	0.0515745
0.294952	0.0293745	0.175681
0.263364	0.0713643	0.165274
0.360767	0.0182697	0.12097
0.111089	0.146429	0.242487
0.122242	0.0222672	0.355496
0.0229512	0.437784	0.0392681
0.178472	0.305488	0.0160485
0.454283	0.00660623	0.0391162
0.0212799	0.0845918	0.394154
0.117547	0.378566	0.00389529
0.468259	0.0298033	0.00194747
0.0272178	0.4072	0.0656038
0.00243011	0.171989	0.325586
0.492871	0.00519238	0.00194747
0.0476122	0.0501213	0.402273
0.111975	0.198957	0.189092
0.215417	0.254361	0.0302325
0.465094	0.0211951	0.0137147
0.010404	0.301987	0.187621
0.0515603	0.433546	0.0149008
0.0461774	0.412808	0.0410158
0.0454882	0.0526243	0.40189
0.101949	0.290281	0.107777
0.00469659	0.000253827	0.495055
0.0297957	0.275596	0.194611
0.154576	0.17698	0.168451
0.0372895	0.0893491	0.373364
0.0960746	0.305677	0.0982545
0.0747225	0.132411	0.292872
0.0952045	0.402184	0.00262031
0.395028	0.0181534	0.086824
0.0337011	0.107226	0.359077
0.168236	0.0455872	0.286179
0.338308	0.0294415	0.13226
0.0412721	0.0064101	0.452322
0.00462256	0.0430597	0.452322
0.0172575	0.403014	0.0797391
0.048786	0.1541	0.297115
0.269246	0.152516	0.0782432
0.402847	0.0943193	0.00283641
0.0525284	0.122114	0.325364
0.265034	0.0732517	0.161718
0.00306821	0.496509	0.000428496
0.0901257	0.013655	0.396909
0.196094	0.214907	0.0890062
0.147711	0.343388	0.00890651
0.134707	0.0965963	0.268713
0.365902	0.0824978	0.0516057
0.129872	0.256638	0.113511
0.392954	0.0910041	0.0160485
0.0133454	0.0398763	0.446787
0.15153	0.172796	0.175682
0.194321	0.215416	0.0902712
0.0255014	0.227973	0.246528
0.149183	0.212648	0.138174
0.111553	0.365572	0.0228809
0.186865	0.125341	0.187802
0.0668482	0.251584	0.181575
0.0910844	0.291867	0.11706
0.399651	0.0456779	0.0546762
0.252616	0.0218742	0.225515
0.091711	0.112345	0.295951
0.397373	0.0348987	0.0677514
0.21736	0.0491027	0.233546
0.0390981	0.0875465	0.373382
0.15084	0.0318587	0.317316
0.0631239	0.237567	0.199316
0.0852335	0.183452	0.231318
0.155474	0.178008	0.166525
0.00395933	0.0381852	0.457872
0.211508	0.0671088	0.221387
0.40654	0.0375185	0.0559434
0.416173	0.0384075	0.045423
0.406066	0.0372241	0.0567257
0.0892928	0.298616	0.112095
0.265909	0.165633	0.0684677
0.00620021	0.0489317	0.444877
0.359247	0.119983	0.0207772
0.0588231	0.181334	0.259845
0.425369	0.065474	0.00917489
0.0384284	0.00435204	0.457227
0.312783	0.117508	0.0697326
0.0103516	0.158209	0.331452
0.206653	0.0204142	0.272953
0.098866	0.276175	0.124971
0.405333	0.00791561	0.086761
0.322427	0.133262	0.0443197
0.0831517	0.0016665	0.415216
0.0766942	0.18908	0.234236
0.0181776	0.40749	0.0743415
0.018435	0.0496119	0.431962
0.0114295	0.0272247	0.461368
0.162359	0.32909	0.00856188
0.120223	0.0675811	0.312218
0.000895656	0.0260298	0.473081
0.129285	0.33755	0.0331754
0.031539	0.418907	0.0495625
0.191105	0.0619853	0.246933
0.00647192	0.0696539	0.423881
0.0151388	0.179819	0.305061
0.414298	0.0604589	0.0252682
0.216256	0.0555554	0.228197
0.113994	0.372383	0.013644
0.173867	0.00256088	0.323582
0.399065	0.00827742	0.0926738
0.0789579	0.353984	0.0670672
0.137077	0.0700152	0.292915
0.117964	0.0154303	0.366628
0.333786	0.163378	0.00286707
0.289808	0.0964148	0.113786
0.00397528	0.231845	0.2642
0.0459805	0.0705496	0.383481
0.13279	0.360314	0.00691705
0.0743418	0.19552	0.230151
0.126832	0.312689	0.0604875
0.00525617	0.485469	0.00928275
0.256322	0.00513714	0.238559
0.0144114	0.182349	0.303247
0.268711	0.082147	0.149151
0.0774658	0.392659	0.0299003
0.0962901	0.283108	0.120609
0.0947297	0.105937	0.299355
0.301141	0.0691053	0.129774
0.00925655	0.411621	0.0791319
0.00550136	0.461024	0.0334941
0.00245019	0.00156604	0.49601
0.186823	0.208926	0.10426
0.0937442	0.250262	0.156015
0.0114604	0.479267	0.00928278
0.225676	0.254987	0.0193495
0.293876	0.150637	0.0554959
0.221612	0.0172653	0.261134
0.426059	0.0088627	0.0650999
0.025433	0.299314	0.175277
0.183015	0.0608049	0.256192
0.147312	0.35089	0.00181923
0.00867156	0.145703	0.345639
0.104756	0.322811	0.0724446
0.055039	0.299623	0.14537
0.327675	0.10987	0.0624622
0.140905	0.217832	0.141278
0.0567048	0.308691	0.134638
0.393153	0.0439977	0.0628682
0.134932	0.318625	0.0464641
0.190618	0.111981	0.197423
0.0390484	0.377951	0.0830314
0.0169974	0.00569928	0.477311
0.0608458	0.398491	0.0406701
0.261472	0.023093	0.215453
0.025262	0.305319	0.169428
0.000823487	0.0104878	0.488696
0.169625	0.242255	0.0881407
0.0402404	0.0738479	0.385934
0.19243	0.0859695	0.221637
0.437158	0.0457663	0.0170977
0.0879137	0.130265	0.281842
0.0711195	0.15509	0.273812
0.099402	0.385633	0.0149794
0.0413133	0.00299419	0.455701
0.00316522	0.0483757	0.448473
0.0907017	0.17291	0.236399
0.0294236	0.0329048	0.437695
0.0217021	0.473661	0.00464577
0.0807019	0.133801	0.285518
0.247418	0.0683249	0.184268
0.249859	0.0841762	0.165975
0.151861	0.194407	0.153751
0.16564	0.245434	0.0889456
0.180405	0.00458228	0.315026
0.459976	0.0178577	0.0221846
0.122632	0.20795	0.169429
0.339869	0.0250038	0.135157
0.0702569	0.0893487	0.340423
0.134221	0.206332	0.159456
0.0852437	0.222562	0.192234
0.475159	0.0161941	0.00865376
0.0438711	0.106736	0.3494
0.275864	0.123003	0.101169
0.284145	0.0868654	0.129009
0.00818106	0.227635	0.264196
0.263494	0.0370791	0.19944
0.282489	0.170128	0.0473953
0.101435	0.245275	0.153313
0.178388	0.264323	0.0573074
0.366348	0.126202	0.00745991
0.050533	0.224697	0.224779
0.271324	0.0266373	0.20206
0.307433	0.136337	0.0562405
0.198068	0.293484	0.00846677
0.465461	0.00260823	0.031938
0.0244207	0.287148	0.188441
0.0592417	0.0890403	0.351738
0	0.493165	0.00684088
0.229882	0.265121	0.00503294
0.487624	0.00341628	0.00896944
0.35997	0.135236	0.00481557
0.485175	0.0143039	0.000541543
0.449774	0.012762	0.0374749
0.233097	0.0774585	0.189454
0.254047	0.0406976	0.205277
0.431782	0.0583058	0.00992007
0.139514	0.214468	0.146035
0.275736	0.0360677	0.188218
0.105741	0.00404906	0.390231
0.0607752	0.398029	0.041204
0.267361	0.213976	0.0186941
0.156106	0.23878	0.10514
0.153212	0.247885	0.0989261
0.038242	0.433973	0.0277938
0.0808635	0.381368	0.0377764
0.237788	0.0801095	0.182135
0.420845	0.0186865	0.0604914
0.0144119	0.000520913	0.485074
0.0258839	0.442197	0.0319388
0.109221	0.343396	0.0473953
0.00353236	0.0461306	0.45035
0.307902	0.147799	0.044321
0.0620542	0.161134	0.276822
0.0413901	0.104157	0.354472
0.469637	0.0216158	0.00875293
0.203207	0.0169948	0.279811
0.0170878	0.291925	0.190997
0.343799	0.0210897	0.135162
0.107794	0.0141	0.378127
0.107589	0.0513689	0.341051
0.354834	0.140263	0.00491209
0.330921	0.142925	0.0261749
0.348792	0.0524922	0.0987362
0.037576	0.447258	0.0151755
0.0526689	0.344939	0.1024
0.244642	0.00642554	0.248971
0.0286439	0.364803	0.106561
0.0486983	0.367952	0.0833591
0.253102	0.174509	0.0724006
0.0328215	0.455639	0.011566
0.0487175	0.0929294	0.358361
0.085718	0.00825526	0.406053
0.0253412	0.0748354	0.399832
0.108521	0.0170718	0.374418
0.357597	0.0286286	0.113787
0.0996162	0.00197891	0.398427
0.115985	0.220189	0.163836
0.496114	0	0.00390028
0.00692983	0.431461	0.0616155
0.145276	0.340717	0.0140272
0.440758	0.0544472	0.00481557
0.252161	0.0846371	0.163226
0.444697	0.0312058	0.024106
0.279258	0.0128533	0.207894
0.0438157	0.201464	0.254733
0.064999	0.425691	0.00931912
0	0.438711	0.0613064
0.0347147	0.103295	0.362017
0.219869	0.0906871	0.189454
0.175882	0.00342429	0.320702
0.389846	0.0125671	0.0975963
0.242836	0.00637811	0.250818
0.0682674	0.112807	0.318946
0.023491	0.252821	0.223695
0.293417	0.198626	0.0105062
0.375034	0.01506	0.109928
0.0532898	0.236955	0.209765
0.0858103	0.00816283	0.406052
0.378221	0.119133	0.00265611
0.137365	0.0784851	0.284158
0.281195	0.100311	0.118516
0.00582364	0.258966	0.235221
0.00923417	0.410625	0.0801664
0.0377802	0.449688	0.0125506
0.121623	0.199187	0.179202
0.330013	0.113686	0.0563111
0.00342016	0.494843	0.00174323
0.23753	0.0800227	0.182458
0.0100672	0.261744	0.228198
0.353244	0.0392902	0.107486
0.160402	0.268566	0.0710629
0.0828378	0.0240723	0.393098
0.158943	0.269744	0.0713355
0.153399	0.22604	0.120566
0.142925	0.33435	0.0227375
0.309902	0.00926791	0.180844
0.00131553	0.0438454	0.454845
0.0550898	0.414545	0.0303816
0.0187434	0.46669	0.014579
0.278535	0.0517369	0.16975
0.346922	0.0276905	0.125468
0.052831	0.405005	0.0421778
0.185242	0.279012	0.0357547
0.324663	0.0436492	0.131695
0.00801978	0.338409	0.153579
0.0858897	0.0250371	0.389079
0.00858156	0.48766	0.00376656
0.0803036	0.343918	0.0757943
0.132692	0.230088	0.142219
0.00453531	0.396788	0.100866
0.0793923	0.325293	0.0953215
0.286588	0.172866	0.040562
0.457372	0.0151588	0.0274865
0.0121187	0.456418	0.0335004
0.11027	0.202564	0.187172
0.00363775	0.0039975	0.492368
0.000488158	0.175882	0.323637
0.223904	0.173215	0.102888
0.333084	0.0447814	0.122141
0.391912	0.0463984	0.0616939
0.024458	0.0577071	0.417843
0.0831872	0.357953	0.0588653
0.090406	0.0663058	0.3433
0.383855	0.0459058	0.0702472
0.0652879	0.426262	0.00845503
0.0757459	0.153151	0.271108
0.161129	0.0761266	0.262765
0.070508	0.119022	0.310476
0.434146	0.0351758	0.0306884
0.0606139	0.106791	0.332599
0.060846	0.421763	0.0173999
0.314799	0.131215	0.053989
0.0172561	0.126918	0.355832
0.476405	0.0194639	0.00416115
0.0351123	0.267273	0.197619
0.116443	0.047397	0.336166
0.409268	0.0326307	0.058165
0.280994	0.189227	0.0297959
0.357252	0.0612561	0.081538
0.0438355	0.095838	0.360336
0.0668254	0.386023	0.0471645
0.0200256	0.0565567	0.423423
0.229405	0.093377	0.177227
0.467872	0	0.0321335
0.0578031	0.174494	0.267713
0.107314	0.246703	0.145991
0.125601	0.295546	0.0788634
0.305123	0.192363	0.00251896
0.368613	0.0373596	0.0940314
0.124902	0.137254	0.237852
0.303257	0.169552	0.0271969
0.2035	0.210369	0.0861324
0.0461304	0.448011	0.00586666
0.163346	0.104429	0.232228
0.0400189	0.289069	0.171221
0.0211538	0.102304	0.376548
0.341957	0.0206728	0.137375
0.00122125	0.497927	0.000859489
0.0336393	0.0216116	0.444758
0.0423075	0.283962	0.173738
0.0355921	0.257093	0.207341
0.0366697	0.0884882	0.374856
0.16762	0.110514	0.221882
0.171743	0.261316	0.0669482
0.0129062	0.369629	0.117474
0.183958	0.271642	0.0444208
0.196036	0.00139632	0.302576
0.271402	0.0160432	0.212559
0.122014	0.0126393	0.365359
0.0297755	0.181415	0.288842
0.0715522	0.374461	0.053989
0.0950751	0.128723	0.276208
0.0993482	0.391464	0.00919881
0.354013	0.0346058	0.111387
0.00988637	0.353807	0.136333
0.0269066	0.440583	0.0325152
0.419766	0.031499	0.0487444
0.0257314	0.178361	0.295918
0.237405	0.164522	0.0981671
0.0616815	0.14514	0.293212
0.425544	0.0598453	0.0146207
0.143965	0.111373	0.244668
0.15056	0.132961	0.216815
0.349546	0.0104535	0.140018
0.213533	0.0688202	0.21765
0.232855	0.0146902	0.252461
0.173458	0.112433	0.214118
0.0239055	0.239814	0.236293
0.441071	0.019042	0.0399049
0.249834	0.159722	0.0904494
0.000892931	0.0988015	0.400313
0.0187271	0.12981	0.351473
0.428548	0.00243491	0.0690254
0.120009	0.0734211	0.30688
0.449064	0.0261414	0.0248095
0.244565	0.157362	0.098167
0.115266	0.00247283	0.382357
0.17592	0.322638	0.00145943
0.0308097	0.0870135	0.382183
0.021339	0.0858236	0.392843
0.2524	0.232223	0.0153827
0.255122	0.0431484	0.201739
0.0880815	0.217664	0.194261
0.11054	0.16241	0.227054
0.269358	0.115491	0.11516
0.00907517	0.0221032	0.468827
0.29944	0.0854103	0.11516
0.259342	0.148728	0.091941
0.0896663	0.158819	0.251518
0.0676817	0.270705	0.161618
0.0473594	0.115101	0.33755
0.112637	0.199685	0.187684
0.159297	0.244591	0.096118
0.0681606	0.115385	0.316488
0.412097	0.014334	0.0735797
0.0421086	0.0270941	0.430803
0.188229	0.306939	0.00484412
0.485442	0.0145223	4.91836e-05
0.135138	0.316133	0.048745
0.124303	0.292492	0.0832435
0.33802	0.0541644	0.107824
0.444643	0.0133018	0.0420683
0.136858	0.304177	0.0589725
0.136206	0.318633	0.0451684
0.168773	0.197658	0.133579
0.292757	0.00628057	0.201063
0.0140386	0.47338	0.0125879
0.000650794	0.0216904	0.477664
0.482989	0.0017275	0.0152959
0.0126325	0.451797	0.035578
0.108927	0.381384	0.00969774
0.0133436	0.0231378	0.463525
0.469738	0.0302662	0
0.0141896	0.0805855	0.40523
0.26658	0.14577	0.0876559
0.321434	0.0115629	0.16701
0.0908486	0.391016	0.0181399
0.076081	0.0121097	0.411819
0.0347052	0.00379505	0.461506
0.394636	0.0401927	0.0651789
0.215355	0.0920688	0.192583
0.0275607	0.250573	0.221882
0.0119831	0.404068	0.0842029
0.145744	0.0727224	0.281539
0.0576068	0.185286	0.257118
0.0946606	0.372833	0.0325155
0.00923151	0.249144	0.241628
0.493638	0.00351606	0.00285484
0.145135	0.0712664	0.283617
0.101188	0.0294818	0.369422
0.102965	0.3789	0.0181399
0.263715	0	0.23629
0.37212	0.0768963	0.0509925
0.0474557	0.134026	0.318527
0.18069	0.311496	0.0078219
0.0112197	0.437545	0.0512431
0.226983	0.209999	0.0630258
0.197545	0.300576	0.00188903
0.403391	0.0833584	0.0132611
0.452503	0.0361431	0.0114181
0.0252096	0.036162	0.438633
0.0488713	0.118535	0.332604
0.0385312	0.155471	0.306003
0.362715	0.0548226	0.0825088
0.199871	0.299418	0.000723052
0.128178	0.365964	0.00586666
0.000822559	0.0204351	0.478748
0.0074323	0.481588	0.0109855
0.209384	0.00149139	0.289134
0.415797	0.0772623	0.00694901
0.266307	0.1488	0.0849027
0.0256189	0.0386719	0.435737
0.205283	0.286476	0.00825185
0.280651	0.0290722	0.190283
0.241559	0.0152393	0.243206
0.121461	0.220479	0.158087
0.258499	0.235558	0.00595009
0.111422	0.220841	0.16775
0.141612	0.349948	0.00844615
0.140432	0.351126	0.00844611
0.107929	0.162532	0.229546
0.493885	0.00612072	0
0.0142455	0.47479	0.0109709
0.0212438	0.220251	0.25851
0.334973	0.0955456	0.0694926
0.31804	0.0317588	0.150206
0.0572565	0.0419932	0.400763
0.318807	0.0318354	0.149362
0.238324	0.261592	9.37653e-05
0.216547	0.00725352	0.276211
