0.391256	0.0419798	0.0667691
0.359041	0.118898	0.0220724
0.408557	0.0874769	0.0039755
0.165549	0.0621271	0.272336
0.0722028	0.219978	0.207837
0.0546364	0.0283103	0.417061
0.156238	0.315767	0.0280058
0.0188665	0.465068	0.0160986
0.225415	0.194625	0.0804817
0.016972	0.330415	0.152615
0.415369	0.0805711	0.00408575
0.0576759	0.240713	0.201618
0.124551	0.0937537	0.281725
0.0577294	0.106105	0.336173
0.0219331	0.476541	0.00153298
0.0847864	0.112701	0.302529
0.174989	0.00103797	0.324005
0.289986	0.0131447	0.196874
0.368302	0.131536	0.000166153
0.294502	0.171848	0.033658
0.400109	0.0312767	0.0686458
0.0593691	0.383382	0.0572909
0.0945981	0.0770274	0.328449
0.0802042	0.35606	0.06374
0.217499	0.233705	0.0487998
0.0978824	0.257028	0.1451
0.349846	0.0798077	0.0703539
0.342907	0.135035	0.0220725
0.0773591	0.206776	0.215871
0.261273	0.213619	0.0251173
0.257562	0.198374	0.0441073
0.173303	0.152935	0.173781
0.13535	0.0101102	0.354543
0.0085216	0.413506	0.0779796
0.106386	0.369943	0.0236808
0.442454	0.0124472	0.0451058
0.0254961	0.288589	0.185935
0.327843	0.0122268	0.159944
0.187202	0.16182	0.150986
0.47306	0.0267786	0.000166153
0.119363	0.334288	0.0463678
0.459509	0.00189129	0.0386081
0.379298	0.0678356	0.0528786
0.234954	0.202861	0.0627064
0.179236	0.281527	0.0392472
0.0527252	0.0973279	0.349952
0.0288916	0.0421439	0.428972
0.00633897	0.091693	0.402032
0.140275	0.21738	0.14235
0.152309	0.0844537	0.263323
0.000106251	0.492294	0.00760748
0.114304	0.0441788	0.341528
0.437153	0.0586813	0.00476863
0.0285357	0.362096	0.109372
0.128533	0.237265	0.134207
0.168881	0.312054	0.0191378
0.467457	0.00869546	0.0238515
0.00611181	0.432765	0.0611314
0.102726	0.121629	0.276253
0.194102	0.0515866	0.254394
0.453948	0.00935648	0.036713
0.184935	0.22962	0.085454
0.426409	0.0357492	0.038363
0.0324112	0.392422	0.0751755
0.0102281	0.457286	0.0324881
0.196568	0.115529	0.187913
0.0482421	0.32118	0.130589
0.348211	0.0377877	0.114019
0.0736681	0.179372	0.246967
0.249765	0.129418	0.120824
0.0538347	0.408067	0.0381375
0.0294104	0.0151612	0.455436
0.137923	0.251411	0.110743
0.0180762	0.306907	0.175052
0.109796	0.00472267	0.385521
0.325259	0.0854472	0.0893362
0.131209	0.0688817	0.299925
0.27398	0.00722342	0.219297
0.0121779	0.0389845	0.448858
0.319324	0.073456	0.107248
0.0416165	0.264955	0.193431
0.0235165	0.439091	0.037399
0.00452468	0.453058	0.0424466
0.273428	0.226579	0
0.0860037	0.0120221	0.402007
0.00313506	0.447958	0.0489388
0.135759	0.2481	0.116145
0.0224935	0.00431314	0.47323
0.00855602	0.486299	0.00515091
0.450357	0.0104054	0.0392471
0.116803	0.0153916	0.367848
0.0688689	0.401675	0.0294611
0.0793323	0.3509	0.0697874
0.209642	0.108628	0.181738
0.0436207	0.187891	0.268544
0.153657	0.254508	0.091843
0.203118	0.125869	0.171027
0.0359603	0.364259	0.0997876
0.114275	0.300073	0.0856605
0.397225	0.00560641	0.0971746
0.039548	0.0171407	0.443327
0.170748	0.166184	0.163118
0.00282201	0.341444	0.155736
0.051859	0.345652	0.102501
0.123275	0.139004	0.237766
0.000145496	0.0176039	0.482253
0.0659172	0.42072	0.0133955
0.227435	0.14918	0.1234
0.0931652	0.180933	0.22591
0.00255677	0.18104	0.31641
0.190456	0.0502091	0.259416
0.00757899	0.0995578	0.392868
0.478073	0.0200993	0.00183183
0.214725	0.190483	0.0948028
0.121084	0.136533	0.242428
0.144368	0.0676052	0.288034
0.0261377	0.295851	0.178015
0.0111714	0.0210221	0.46781
0.0372228	0.081193	0.382104
0.048973	0.0395925	0.411444
0.00605991	0.42909	0.0648537
0.180707	0.279098	0.0402093
0.000439328	0.482225	0.0173417
7.27152e-05	0.00728099	0.492674
0.299731	0.0325267	0.167765
0.150261	0.158429	0.19132
0.000211477	0.0107322	0.489066
0.337689	0.0346098	0.127707
0.141455	0.219209	0.139365
0.0791015	0.185091	0.235816
0.000420037	0.0213164	0.478273
0.371256	0.0778031	0.050943
0.000248506	0.0375629	0.462708
0.0455581	0.30184	0.15262
0.00392559	0.104616	0.39146
0.193916	0.0558728	0.250237
0.0651618	0.174973	0.259897
0.228578	0.144391	0.127565
0.267664	0.00248543	0.229856
0.194274	0.157454	0.148328
0.304396	0.181773	0.0138633
0.497696	0.00231069	0
0.0626305	0.140946	0.296435
0.0467905	0.0242449	0.428972
0.030808	0.462106	0.00711794
0.244677	0.191895	0.0639956
0.156154	0.0359211	0.307951
0.0887958	0.00102499	0.410186
0.00456204	0.121577	0.373866
0.0199653	0.442265	0.0377763
0.280918	0.210732	0.0134832
0.106766	0.292886	0.100911
0.0303454	0.243753	0.22591
0.481929	0.00993322	0.00814264
0.248826	0.201165	0.0500412
0.00948695	0.177305	0.313212
0.285254	0.124135	0.0906285
0.0687034	0.188478	0.242875
0.277988	0.144042	0.0779799
0.266483	0.204755	0.0287664
0.0562776	0.0109918	0.432737
0.0503178	0.425691	0.0239991
0.0908208	0.399511	0.00967966
0.00202316	0.377375	0.120616
0.188961	0.117337	0.19372
0.308028	0.0228092	0.169172
0.199877	0.0052697	0.294871
0.434302	0.0615721	0.00476901
0.102933	0.277489	0.119619
0.37452	0.0708718	0.0546147
0.00968769	0.385473	0.104843
0.013401	0.0447663	0.441839
0.208399	0.0553864	0.236224
0.486524	0.0100279	0.00345366
0.130743	0.222693	0.146568
0.238725	0.198927	0.0628686
0.0972666	0.266827	0.136469
0.490231	0.00108853	0.0087259
0.040837	0.267854	0.191321
0.0646151	0.000603469	0.434794
0.212391	0.124725	0.162888
0.042354	0.375067	0.0825834
0.0875384	0.38862	0.0238518
0.333886	0.077459	0.0887067
0.306191	0.0284618	0.165357
0.228362	0.147294	0.124363
0.314675	0.182527	0.0028202
0.431216	0.00741495	0.0613773
0.0547566	0.0988415	0.346406
0.266971	0.0031819	0.229859
0.297172	0.129322	0.0735238
0.0504774	0.318945	0.130589
0.100555	0.272438	0.127573
0.145539	0.0634516	0.291011
0.00888286	0.206369	0.284753
0.127965	0.338468	0.0335763
0.316899	0.102416	0.080735
0.0238765	0.372229	0.103911
0.374408	0.0401772	0.0854227
0.350215	0.0616149	0.0881877
0.0152687	0.211592	0.273146
0.115416	0.119316	0.265271
0.0338851	0.451038	0.0151009
0.151001	0.0477545	0.301249
0.138838	0.0299636	0.33122
0.47552	0.0187029	0.00580149
0.0505967	0.304146	0.145259
0.0561081	0.0566178	0.387299
0.470453	0.00881226	0.0207757
0.144027	0.175926	0.180062
0.0113098	0.278475	0.210231
0.460714	0.0011887	0.0381224
0.0293989	0.407406	0.0632031
0.306119	0.170494	0.0234414
0.0324843	0.191297	0.276224
0.413484	0.0815751	0.00494293
0.342702	0.154485	0.00281966
0.189111	0.0483363	0.262556
0.170816	0.221341	0.107847
0.0956559	0.398592	0.0058018
0.0906811	0.245009	0.164348
0.184951	0.0234143	0.291642
0.0255992	0.0200325	0.454377
0.385198	0.114807	0
0.13312	0.0785148	0.288368
0.0407445	0.107614	0.351646
0.0172471	0.459977	0.0227881
0.419605	0.00466934	0.0757853
0.323953	0.01537	0.16127
0.00251916	0.0514651	0.44603
0.0709563	0.191715	0.237362
0.0626598	0.346097	0.0912539
0.0270535	0.0733248	0.399626
0.100202	0.265777	0.134028
0.200978	0.0888043	0.21023
0.0163512	0.0428736	0.440783
0.134817	0.339825	0.0253632
0.29439	0.183342	0.0222694
0.315727	0.13415	0.0501324
0.0020015	0.295997	0.202005
0.231081	0.0985945	0.170333
0.33587	0.144736	0.0194594
0.191646	0.261717	0.046647
0.296982	0.200221	0.00280051
0.405986	0.0800958	0.0139205
0.0441201	0.423368	0.0325683
0.223993	0.074934	0.20114
0.0476792	0.0286443	0.423705
0.0228275	0.331915	0.145259
0.240406	0.249108	0.0105376
0.236241	0.100796	0.162972
0.147952	0.180721	0.171349
0.426481	0.0287371	0.0447946
0.0733873	0.0498728	0.376742
0.402023	0.0531988	0.0447949
0.0725628	0.0450481	0.382394
0.109412	0.0698613	0.320734
0.432579	0.0298904	0.0375772
0.00279598	0.0356656	0.461551
0.000728182	0.0071468	0.492196
0.0129172	0.484287	0.00280052
0.162276	0.00159574	0.336134
0.153712	0.197268	0.149027
0.00752741	0.132842	0.359637
0.0789541	0.351927	0.0691754
0.0293785	0.236811	0.233822
0.493118	0.00148904	0.00540694
0.349124	0.0374641	0.113419
0.33053	0.142434	0.0270421
0.0212423	0.378476	0.100286
0.215623	0.0278025	0.256583
0.0315437	0.227154	0.241311
0.111574	0.316174	0.0722677
0.453946	0.0113634	0.0347303
0.0371524	0.285817	0.177043
0.484396	0.00982636	0.0058015
0.0554254	0.444407	0.000175802
0.0130798	0.11675	0.37024
0.245572	0.156802	0.0976319
0.1575	0.204942	0.137566
0.128437	0.175551	0.196019
0.269628	0.0445441	0.185834
0.248885	0.00580388	0.245313
0.176363	0.281219	0.0424212
0.0126314	0.205817	0.281556
0.307826	0.111022	0.0811684
0.0526597	0.257744	0.190188
0.0454795	0.111339	0.343184
0.0061523	0.490902	0.00300829
0.105513	0.138887	0.255614
0.446897	0.0111869	0.0419501
0.0642724	0.306399	0.129333
0.0761729	0.4175	0.00635497
0.0535605	0.0327005	0.413752
0.184365	0.251995	0.0636461
0.0605126	0.0657395	0.373753
0.197537	0.0198706	0.282596
0.182028	0.0656512	0.252331
0.0103336	0.162837	0.326831
0.11808	0.149683	0.232243
0.0255126	0.0691485	0.405378
0.0815984	0.412625	0.00580151
0.0456031	0.288862	0.165547
0.391819	0.0428012	0.0653892
0.0981861	0.269966	0.131864
0.289225	0.00237267	0.208412
0.396147	0.0922415	0.0116151
0.123131	0.0726233	0.304249
0.0566654	0.0571801	0.386174
0.165266	0.106382	0.228356
0.281462	0.0131838	0.205357
0.00116678	0.0209786	0.477871
0.0067284	0.0860724	0.407213
0.389483	0.0270573	0.0834616
0.0799669	0.223045	0.196994
0.357871	0.0935404	0.0485982
0.362082	0.0589854	0.0789876
0.487325	0	0.0126783
0.275544	0.0324207	0.192042
0.126214	0.127361	0.246432
0.00528622	0.477321	0.0174132
0.0335608	0.114797	0.351646
0.279114	0.165088	0.0558041
0.329092	0.165159	0.00580183
0.102917	0.318998	0.0780921
0.367283	0.132466	0.000269845
0.437076	0.0587604	0.00417649
0.197164	0.139524	0.163315
0.257717	0.148765	0.093521
0.000954399	0.495901	0.003154
0.173445	0.231494	0.0950972
0.0337189	0.0326302	0.433655
0.0219452	0.357872	0.120193
0.119474	0.161027	0.219503
0.206256	0.0835264	0.21023
0.208605	0.0844777	0.206929
0.0978745	0.364095	0.0380468
0.442347	0.00101948	0.0566889
0.212035	0.218191	0.0697777
0.0666125	0.362632	0.0707703
0.262041	0.122567	0.115395
0.0615134	0.311762	0.12673
0.269218	0.171911	0.0588749
0.0277281	0.471173	0.00113201
0.177606	0.106087	0.216312
0.252296	0.127521	0.12019
0.0648793	0.308915	0.126211
0.259285	0.148641	0.0921071
0.451222	0.00240981	0.0464318
0.0718389	0.228226	0.199939
0.00722131	0.0727095	0.420082
0.161155	0.215091	0.12376
0.0028958	0.429548	0.0675793
0.0363391	0.463544	0.000134431
0.103201	0.270302	0.126522
0.0751601	0.394347	0.0305051
0.152736	0.00632443	0.341006
0.36145	0.0251372	0.113419
0.0836661	0.388151	0.0282084
0.151453	0.199548	0.149036
0.168351	0.292212	0.0394474
0.22028	0.103479	0.176268
0.368803	0.0524443	0.0787603
0.0855104	0.340526	0.0739726
0.215157	0.129376	0.155497
0.272633	0.151844	0.0755774
0.252539	0.0414471	0.206017
0.00826653	0.126016	0.365722
0.00689485	0.4408	0.0523176
0.00735044	0.129718	0.362937
0.156578	0.161868	0.181557
0.240272	0.0866579	0.173079
0.000692481	0.000888701	0.49843
0.439782	0.0254989	0.0347281
6.67115e-05	0.0345306	0.465421
0.130792	0.329761	0.0394582
0.228733	0.112308	0.158968
0.265944	0.0119626	0.222099
0.173558	0.00170667	0.32474
0.262886	0.121721	0.115395
0.22782	0.0959391	0.176269
0.0498964	0.137192	0.312925
0.0452453	0.286595	0.168171
0.294427	0.198004	0.00757281
0.0215014	0.383093	0.0954221
0.0341566	0.435704	0.0301509
0.0915197	0.236046	0.172456
0.00308611	0.0662225	0.430719
0.022598	0.415875	0.0615325
0.0402072	0.385832	0.073973
0.00598585	0.202377	0.29164
0.277223	0.172651	0.0501321
0.101279	0.314268	0.08446
0.325561	0.12907	0.0454198
0	0.500001	0
0	0	0.500001
0.00211342	0.135833	0.362054
0.363751	0.0908901	0.0453594
0.261664	0.17527	0.0630815
0.0051869	0.0672504	0.427586
0.0445588	0.0170888	0.438353
0.0620476	0.427298	0.0106671
0.0274297	0.211419	0.261153
0.0896873	0.0412617	0.369056
0.367526	0.0999801	0.0325057
0.129702	0.28032	0.0899936
0.0535329	0.349885	0.0965938
0.0312532	0.443832	0.0249317
0.0431861	0.31261	0.144217
0.0787194	0.378269	0.0430173
0.402256	0.083157	0.0146055
0.233603	0.247781	0.018618
0.332037	0.141582	0.0263886
0.0231161	0.35681	0.120086
0.0648287	0.30335	0.131822
0.314812	0.180306	0.0048894
0.219026	0.0728899	0.208087
0.0725885	0.0788668	0.348582
0.0666253	0.106277	0.3271
0.0313902	0.399708	0.0689036
0.282569	0.0273976	0.190035
0.0316885	0.171458	0.296855
0.383979	0.0438424	0.0721898
0.028524	0.195032	0.276446
0.106583	0.33646	0.0569619
0.243047	0.0935283	0.163425
0.0916979	0.285837	0.122478
0.266339	0.0386882	0.194991
0.197376	0.0299787	0.272648
0.287358	0.0110025	0.201641
0.432401	0.0468677	0.0207486
0.205781	0.270536	0.023696
0.125488	0.333468	0.0410578
0.116107	0.131177	0.252754
0.357778	0.103416	0.0388181
0.391421	0.0813606	0.0272186
0.01595	0.00882414	0.475232
0.066159	0.367593	0.0662493
0.443969	0.050692	0.00534133
0.0405369	0.460054	0.000396325
0.0698913	0.145171	0.284949
0.0193664	0.0201327	0.460519
0.323789	0.0639969	0.112215
0.0307958	0.392139	0.0770669
0.0111943	0.000364157	0.488444
0.0090641	0.405301	0.0856374
0.0820465	0.0331447	0.384814
0.0132226	0.481275	0.00550764
0.00933612	0.0697648	0.420916
0.470925	0.0121797	0.0169126
0.228974	0.0183101	0.252755
0.302247	0.0624825	0.135289
0.240588	0.0222652	0.237155
0.270694	0.155512	0.0737971
0.146514	0.000457892	0.410268
0.0579792	0.0590078	0.38303
0.311616	0.119765	0.0686222
0.087245	0.093911	0.318868
0.134455	0.275568	0.0899939
0.0847813	0.187534	0.227701
0.377044	0.0159449	0.107019
0.0252812	0.321919	0.152802
0.20388	0.0309666	0.265155
0.0327355	0.225746	0.241521
0.398698	0.0188646	0.0824547
0.220339	0.0474448	0.232219
0.10884	0.234008	0.15717
0.258178	0.0926343	0.149203
0.152876	0.219529	0.127596
0.201418	0.289071	0.00952746
0.103719	0.228593	0.1677
0.0759851	0.386684	0.0373325
0.0557636	0.244192	0.200057
0.337737	0.125676	0.0365984
0.225851	0.0993986	0.174768
0.0366659	0.0708718	0.392466
0.0148227	0.00225528	0.48294
0.119637	0.12763	0.252736
0.0617866	0.251021	0.187205
0.0397834	0.451503	0.00872992
0.215723	0.268434	0.0158505
0.289589	0.116987	0.0934292
0.162392	0.0687659	0.268857
0.119076	0.344337	0.0365984
0.00296209	0.00163874	0.495405
0.410887	0.0329957	0.0561299
0.158853	0.21615	0.124998
0.070489	0.140058	0.289466
0.211711	0.0931755	0.195129
0.159997	0.00664006	0.333366
0.00408538	0.488039	0.00789381
0.059649	0.410779	0.0295841
0.407365	0.0146291	0.0780115
0.00102275	0.122177	0.376813
0.318164	0.0775049	0.104343
0.0382843	0.341282	0.120434
0.342286	0.0520788	0.10565
0.0658434	0.0367463	0.397427
0.17045	0.242706	0.0868986
0.0638902	0.417579	0.0185425
0.208929	0.074021	0.217067
0.428213	0.036312	0.0354901
0.0548252	0.297387	0.147808
0.0119561	0.474261	0.013801
0.0938903	0.353322	0.0527917
0.176379	0.256099	0.0675268
0.181968	0.207854	0.110178
0.00316854	0.170551	0.326292
0.477541	0.00994439	0.0125194
0.223508	0.0983675	0.17912
0.255033	0.183546	0.0614239
0.0415875	0.316508	0.141917
0.0648092	0.0287205	0.406483
0.166548	0.216755	0.116711
0.109446	0.235311	0.15526
0.151065	0.00634109	0.342595
0.437587	0.0175003	0.0449173
0.493217	0.000789927	0.00599522
0.348283	0.112901	0.0388173
0.395493	0.032415	0.0721046
0.138222	0.149574	0.212219
0.277231	0.154276	0.068496
0.00732405	0.189432	0.303251
0.272712	0.19627	0.0310309
0.140284	0.265811	0.0939226
0.0350315	0.448271	0.0166992
0.230583	0.260512	0.00894444
0.322123	0.0636677	0.11421
0.136226	0.361178	0.00260116
0.253293	0.0607496	0.185958
0.0311233	0.1684	0.300478
0.251222	0.0760588	0.172734
0.291953	0.128491	0.0795724
0.0987052	0.218727	0.182574
0.464456	0.0355455	0
0.0291517	0.199324	0.271539
0.138341	0.149702	0.211973
0.00419964	0.153689	0.342115
0.0676261	0.0945845	0.337832
0.200748	0.0822019	0.217066
0.0514714	0.362454	0.0860873
0.45003	0.0191414	0.0308409
0.184494	0.00741955	0.308092
0.0630553	0.295052	0.141894
0.0500393	0.188304	0.26166
0.239144	0.243961	0.0169126
0.0693712	0.0753712	0.355295
0.0100708	0.010757	0.479174
0.181639	0.00294277	0.31543
0.306121	0.0632834	0.130614
0.155047	0.161738	0.183232
0.0467726	0.367593	0.0856374
0.424557	0.0140312	0.0614251
0.0326237	0.000648118	0.46673
0.0647147	0.295404	0.139883
0.169098	0.32044	0.0104771
0.246572	0.0826967	0.170745
0.479792	0.00149947	0.0755611
0.457699	0.0321623	0.0101455
0.489515	0.00429422	0.00619681
0.352415	0.0806748	0.0669122
0.140651	0.204112	0.155238
0.179242	0.0732907	0.247485
0.0427572	0.32541	0.131845
0.00186828	0.124161	0.373983
0.172181	0.010477	0.317368
0.00889761	0.0243742	0.46673
0.0389576	0.412014	0.0490402
0.14985	0.20416	0.146005
0.011881	0.471282	0.0168527
0.0839	0.185585	0.230531
0.304042	0.0653608	0.130614
0.136015	0.262905	0.101083
0.295679	0.11364	0.0906999
0.179003	0.0741583	0.246844
0	0.492276	0.00772499
0.422301	0.0416053	0.0361111
0.297294	0.024605	0.179083
0.230353	0.230843	0.0388184
0.0305416	0.463667	0.00579185
0.000752666	0.0496753	0.449585
0.0548159	0.222701	0.222495
0.0300143	0.382188	0.0877991
0.000833051	0.0549806	0.444189
0.186314	0.262943	0.050762
0.0841719	0.223676	0.192166
0.146957	0.0415356	0.311516
0.191407	0.0229608	0.285634
0.00588079	0.142594	0.351563
0.248746	0.0804118	0.170858
0.0659419	0.421568	0.0124999
0.131859	0.0584337	0.309721
0.177293	0.254561	0.0681627
0.174882	0.207982	0.117142
0.0184657	0.412108	0.0694288
0.0112335	0.430483	0.0582888
0.104174	0.312394	0.0834354
0.423498	0.0309185	0.0455916
0.433792	0.0349922	0.0312188
0.0149824	0.036157	0.448864
0.0671049	0.302576	0.130352
0.0057564	0.490218	0.00403259
0.0221493	0.290799	0.187055
0.179845	0.00499681	0.315165
0.0871124	0.369438	0.0434558
0.0172818	0.223937	0.258783
0.244885	0.129233	0.125889
0.202215	0.21152	0.0862692
0.0258376	0.0623538	0.411812
0.356346	0.0973959	0.0462798
0.0432874	0.184839	0.271875
0.262959	0.142687	0.0943583
0.268952	0.220137	0.0109143
0.167546	0.23069	0.101767
0.00295541	0.0140842	0.482964
0.0888978	0.347726	0.0633819
0.0575423	0.283646	0.158817
0.114919	0.133193	0.251895
0.0934646	0.195004	0.211534
0.0969268	0.402837	0.000239747
0.27358	0.153253	0.073168
0.387282	0.0585084	0.0542117
0.232099	0.125942	0.141965
4.06045e-05	0.452768	0.0471974
0.125374	0.0680309	0.306599
0.171586	0.182527	0.145894
0.380378	0.111279	0.00834835
0.0393806	0.135253	0.325368
0.0501325	0.0419849	0.407887
0.333039	0.0405799	0.12639
0.450961	0.0219654	0.0270932
0.0258562	0.396719	0.0774289
0.25837	0.20313	0.0385061
0.474594	0.0108856	0.0145225
0.370393	0.0949954	0.0346177
0.186716	0.0711916	0.242094
0.493631	0	0.00636981
0.0805551	0.0167394	0.402708
0.112431	0.0286362	0.375515
0.204253	0.0664172	0.229336
0.459431	0.0271783	0.0133935
0.414449	0.0749203	0.0106345
0.10232	0.086421	0.31126
0.234137	0.00316296	0.262701
0.363595	0.0924602	0.0439493
0.0696287	0.0098	0.420574
0.0557919	0.0466101	0.397599
0.114926	0.353343	0.0317354
0.0544264	0.248423	0.197154
0.338958	0.0456429	0.115402
0.0986597	0.0138696	0.387499
0.179072	0.213937	0.107003
0.0366504	0.0831027	0.380253
0.482271	0.0122255	0.00550588
0.00978417	0.0567678	0.433451
0.138268	0.00770975	0.354026
0.127961	0.36036	0.0116811
0.195005	0.0248766	0.280124
0.0237509	0.016174	0.46008
0.30786	0.0604851	0.131659
0.441701	0.0342475	0.0240573
0.000350896	0.293032	0.206619
0.00429995	0.00360021	0.492104
0.225289	0.256869	0.0178804
0.00816391	0.0518252	0.440015
0.218636	0.263522	0.0178805
0.297875	0.0475751	0.154558
0.485718	0.0109439	0.00334275
0.341336	0.0902919	0.0683743
0.0333749	0.43818	0.0284482
0.319183	0.0723445	0.108482
0.200067	0.108561	0.191376
0.0599602	0.0811063	0.375515
0.0392321	0.243704	0.217068
0.213873	0.146273	0.139859
0.106549	0.148808	0.244644
0.0545551	0.40834	0.0371115
0.0779139	0.0862473	0.335843
0.31393	0.010067	0.176006
0.344573	0.151054	0.00437756
0.018267	0.233626	0.24811
0.0851799	0.387737	0.0270894
0.0162086	0.124355	0.359451
0.226616	0.268213	0.00517786
0.0771171	0.0023144	0.420589
0.0169146	0.460659	0.0224308
0.325529	0.127091	0.0473818
0.0126127	0.0577816	0.42961
0.0392979	0.0071403	0.453565
0.157471	0.180711	0.16182
0.392361	0.0112826	0.0963788
0.0674191	0.157878	0.27471
0.0480908	0.216841	0.235101
0.160484	0.227919	0.111601
0.0106698	0.280035	0.209298
0.254978	0.0497072	0.195316
0.0501586	0.334247	0.115602
0.0984136	0.340985	0.0606039
0.002654	0.301153	0.196195
0.128332	0.0695559	0.302117
0.09763	0.0355614	0.366813
0.465943	0.0129457	0.0211153
0.295019	0.10048	0.104512
0.0722753	0.325889	0.101865
0.141793	0.00400472	0.354224
0.0365959	0.241764	0.221644
0.0637443	0.0770475	0.359243
0.249831	0.0490827	0.201093
0.442482	0.0556492	0.00280452
0.189782	0.0242103	0.28601
0.00643849	0.445619	0.047949
0.122152	0.0275556	0.366151
0.335567	0.107436	0.0570008
0.0816499	0.116932	0.301421
0.0508597	0.0091294	0.440015
0.135204	0.0244393	0.340368
0.454225	0.0261422	0.0205688
0.0253011	0.00648901	0.468216
0.0120801	0.16686	0.321073
0.00923805	0.276251	0.214513
0.124101	0.373052	0.00284935
0.0123097	0.471724	0.0159917
0.0219876	0.0149732	0.463044
0.0909956	0.342238	0.0667726
0.305251	0.187214	0.00753972
0.101162	0.319541	0.0793008
0.242526	0.0177062	0.239777
0.0575214	0.430542	0.0119408
0.28176	0.171049	0.0471975
0.30196	0.104246	0.0938007
0.0409794	0.274838	0.184186
0.281409	0.191635	0.0269607
0.366241	0.093133	0.0406332
0.240343	0.23666	0.0230022
0.00445991	0.00110589	0.494437
0.0576521	0.10069	0.341662
0.352531	0.0817028	0.0657716
0.00254858	0.176392	0.321073
0.081955	0.351663	0.066384
0.165695	0.00379797	0.330509
0.105255	0.393881	0.000866463
0.21357	0.0610157	0.22542
0.0209083	0.24652	0.232601
0.418585	0.0393915	0.042027
0.0650264	0.270256	0.164721
0.274492	0.142076	0.0834355
0.14421	0.121716	0.234083
0.392645	0.0653315	0.042027
0.0895072	0.0173523	0.393145
0.245221	0.163221	0.0915639
0.156068	0.0550395	0.288899
0.197412	0.00500596	0.297586
0.396872	0.0824701	0.0206599
0.0205078	0.330797	0.1487
0.25279	0.155811	0.0914072
0.16484	0.179354	0.155808
0.12059	0.172699	0.206712
0.214039	0.257981	0.0279842
0.350418	0.0812129	0.0683748
0.0751853	0.331607	0.0932132
0.133245	0.0184663	0.348292
0.00495399	0.32439	0.17066
0.0048612	0.317314	0.17783
0.408353	0.0788291	0.012825
0.213113	0.226285	0.0606038
0.146389	0.021014	0.332602
0.0532347	0.240035	0.206757
0.291454	0.00702542	0.201524
0.2947	0.198875	0.00642768
0.0297758	0.390928	0.0793008
0.0337395	0.442968	0.0232975
0.147548	0.00416844	0.348304
0.315994	0.0192881	0.164721
0.153146	0.053788	0.29307
0.222958	0.0551242	0.221923
0.020194	0.474687	0.0051227
0.00780462	0.101354	0.390844
0.0245733	0.000568144	0.474862
0.285921	0.0337986	0.180283
0.0145802	0.217732	0.26771
0.189802	0.0330875	0.277113
0.320926	0.137983	0.0411001
0.00567341	0.444839	0.0494919
0.0185159	0.00364072	0.477848
0.323319	0.138515	0.0381675
0.236666	0.0598494	0.203487
0.131321	0.357001	0.0116811
0.0108655	0.322613	0.166526
0.0118517	0.48344	0.00470971
0.285974	0.0338049	0.180225
0.339997	0.152815	0.00722793
0.297672	0.142157	0.0605553
0.0295268	0.0307453	0.439735
0.290382	0.130516	0.0791463
0.488486	0.00256154	0.00896284
0.13468	0.345872	0.019463
0.0338918	0.0152331	0.450893
0.019432	0.12751	0.353065
0.113146	0.355499	0.0313681
0.0694716	0.254502	0.17604
0.0890017	0.214793	0.196218
0.207769	0.00806114	0.284177
0.105745	0.335512	0.0587514
0.0629776	0.30247	0.134568
0.198113	0.191798	0.110098
0.0843458	0.286563	0.129104
0.193001	0.136951	0.170057
0.00219188	0.0127118	0.485127
0.184488	0.199623	0.115905
0.0497974	0.0292651	0.420946
0.4105	0.0371886	0.0523174
0.171431	0.122581	0.206
0.332084	0.0187226	0.1492
0.00168454	0.468798	0.029551
0.00766922	0.415742	0.076597
0.132399	0.330855	0.0367598
0.0792812	0.180682	0.240049
0.468743	0.0222853	0.00898163
9.43137e-06	0.00582173	0.494179
0.326548	0.0504442	0.123021
0.147439	0.0548291	0.29774
0.0200791	0.0089742	0.470986
0.0723395	0.0606834	0.366985
0.0251969	0.0111764	0.463639
0.108441	0.0664844	0.325081
0.178046	0.250086	0.0718787
0.394244	0.0793544	0.0264089
0.0869283	0.00616849	0.406909
0.151099	0.108043	0.240873
0.0444649	0.13895	0.316979
0.241445	0.0760809	0.182503
0.192214	0.0884019	0.219392
0.0779825	0.262999	0.159029
0.000773789	0.477639	0.021595
0.236932	0.0841539	0.178927
0.400574	0.0361075	0.063324
0.260414	0.231538	0.00805562
0.0774279	0.193625	0.228957
0.255106	0.00902018	0.235881
0.00860464	0.447854	0.0435761
0.347552	0.0739344	0.0785245
0.115718	0.307359	0.0769309
0.02383	0.310774	0.165405
0.250333	0.0269499	0.222725
0.00449064	0.342048	0.153495
0.301409	0.057411	0.141189
0.0108205	0.486523	0.00266694
0.10965	0.0667086	0.324032
0.00129614	0.160814	0.337897
0.00645457	0.280399	0.213155
0.211805	0.0119308	0.276272
0.00541002	0.24325	0.251351
0.42996	0.0157697	0.0542802
0.14456	0.0527397	0.302712
0.0959457	0.37196	0.0321099
0.188579	0.292267	0.0191624
0.0246377	0.0632722	0.412105
0.11856	0.314906	0.0665426
0.161178	0.0674751	0.271366
0.0176445	0.0963089	0.386053
0.0108643	0.488624	0.000517786
0.0376929	0.369702	0.0926126
0.379709	0.0428354	0.0774647
0.202922	0.206058	0.0910268
0.126127	0.362368	0.0115166
0.0946852	0.0928266	0.312498
0.243209	0.0260149	0.230785
0.00370092	0.459178	0.0371284
3.62214e-05	0.101748	0.398226
0.10812	0.270378	0.121511
0.245648	0.0522564	0.202107
0.166763	0.0782061	0.255039
0.240239	0.236749	0.0230265
0.0113915	0.451488	0.0371285
0.196309	0.0387494	0.264949
0.264041	0.0449277	0.191044
0.157102	0.310278	0.0326354
0.437178	0.0466424	0.0161931
0.00482549	0.0162459	0.478944
0.451614	0.0476997	0.000697531
0.104675	0.29848	0.0968571
0.141018	0.0142957	0.344694
0.0310149	0.434951	0.0340493
0.173202	0.0716144	0.255192
0.0140265	0.139342	0.346642
0.283821	0.201187	0.0150343
0.0384152	0.0865081	0.375084
0.446284	0.0404304	0.0132928
0.0289689	0.461717	0.00932367
0.158413	0.115577	0.226025
0.23313	0.237353	0.029551
0.366771	0.0517284	0.081511
0.065022	0.364199	0.0707918
0.48054	0.00519245	0.0142757
0.0295198	0.22235	0.248156
0.0826901	0.410108	0.00721124
0.191468	0.185627	0.122914
0.0672608	0.211459	0.221287
0.0662588	0.283887	0.149867
0.194984	0.203031	0.101991
0.0480084	0.426315	0.0256914
0.0167224	0.442012	0.0412741
0.222534	0.00356626	0.273908
0.0428642	0.422027	0.0351269
0.0155644	0.0528796	0.43163
0.422712	0.052915	0.0243836
0.336742	0.0595499	0.103714
0.475294	0.0245716	0.000141526
0.442088	0.0498725	0.00804716
0.303849	0.12268	0.0734783
0.0272028	0.158815	0.313997
0.281095	0.169366	0.0495511
0.0299552	0.0134637	0.456623
0.179971	0.257652	0.0623938
0.266029	0.0706257	0.163356
0.166793	0.0750254	0.258192
0.214449	0.129823	0.155742
0.318296	0.117529	0.0641852
0.060623	0.402256	0.0371285
0.0743458	0.0611352	0.364544
0.307077	0.156877	0.036056
0.416957	0.0759567	0.00709446
0.0748101	0.388003	0.0371978
0.0246668	0.166089	0.30926
0.0359093	0.317403	0.146695
0.188641	0.121034	0.190337
0.13708	0.00409502	0.358831
0.203417	0.0218991	0.274692
0.453796	0.0414735	0.00474079
0.0349091	0.0339696	0.431129
0.00238497	0.0993993	0.398226
0.13079	0.35793	0.011288
0.00527192	0.281584	0.213156
0.08494	0.171839	0.243228
0.126561	0.360451	0.0129959
0.229013	0.109368	0.161627
0.359668	0.0764267	0.0639152
0.0220309	0.00121397	0.476787
0.0116705	0.438792	0.0495513
0.227138	0.226033	0.046838
0.102626	0.324121	0.0732727
0.389489	0.0635795	0.0469444
0.0545009	0.183806	0.261705
0.0537505	0.273568	0.172696
0.158853	0.318801	0.0223602
0.0326351	0.00839285	0.459011
0.235779	0.218677	0.0455602
0.0356753	0.175509	0.288824
0.136968	0.274357	0.0886834
0.370653	0.00211021	0.127272
0.384697	0.0826795	0.0326351
0.102099	0.386552	0.0113651
0.0403449	0.397992	0.0616761
0.0283574	0.181878	0.289776
0.355591	0.0335131	0.110903
0.00767295	0.111521	0.38082
0.103733	0.300687	0.0955897
0.0105805	0.475729	0.0137064
0.0531942	0.141288	0.305526
0.0136985	0.111224	0.375083
0.390601	0.0829998	0.0264091
0.139119	0.27668	0.0842179
0.314065	0.116794	0.0691492
0.00133535	0.160775	0.337899
0.0562129	0.430337	0.0134579
0.00251305	0.104737	0.39276
0.245177	0.113011	0.141821
0.102461	0.32379	0.0737605
0.0584624	0.43114	0.0104105
0.217327	0.225154	0.0575323
0.272283	0.122514	0.105244
0.0545304	0.391831	0.0536496
0.254777	0.213725	0.0315054
0.271048	0.10172	0.127273
0.0135597	0.0961379	0.390309
0.405347	0.0451108	0.0495508
0.37648	0.119991	0.00354994
0.350763	0.0945989	0.0546475
0.276166	0.111502	0.112339
0.0217619	0.208745	0.269503
0.0278955	0.16286	0.30926
0.142701	0.0632045	0.294102
0.335233	0.0713137	0.0934665
0.35891	0.0337728	0.107325
0.139764	0.276036	0.0842181
0.182134	0.295559	0.0223171
0.312965	0.0657559	0.121292
0.110149	0.061344	0.328519
0.014969	0.467168	0.0178686
0.277501	0.0661695	0.156347
0.0492239	0.415326	0.0354574
0.0600795	0.426028	0.0139077
0.0247793	0.0953229	0.379936
0.0411635	0.436865	0.0220058
0.218486	0.228106	0.0534372
0.130048	0.0906065	0.279357
0.374246	0.075898	0.0498721
0.261016	0.0527691	0.186232
0.0577669	0.292377	0.149874
0.0260329	0.00632822	0.467648
0.127276	0.212296	0.160458
0.0199951	0.454231	0.0258284
0.363415	0.0861093	0.0558245
0.05029	0.233642	0.216135
0.0949894	0.276754	0.12829
0.493105	0.000567416	0.00633345
0.240626	0.0372746	0.222137
0.0632407	0.067972	0.368809
0.00445297	0.013098	0.482465
0.0488826	0.240987	0.21017
0.386387	0.0222692	0.0913766
0.0965118	0.28098	0.122537
0.00927914	0.371632	0.119102
0.029308	0.449419	0.0213092
0.0800084	0.284713	0.135314
0.284705	0.026158	0.189172
0.0534629	0.0129961	0.433549
0.334173	0.079683	0.0861508
0.0868738	0.297856	0.115291
0.0820957	0.407015	0.010918
0.0182976	0.0695791	0.412141
0.0991191	0.256315	0.144586
0.0240996	0.388592	0.0873102
0.00100709	0.00588671	0.493116
0.00818892	0.473951	0.0178687
0.0318097	0.00757204	0.460675
0.310064	0.14666	0.0432842
0.132041	0.354133	0.0138427
0.178855	0.319675	0.0014848
0.247982	0.188841	0.0631961
0.124639	0.3477	0.0276809
0.315242	0.0572161	0.127608
0.0419068	0.116905	0.341208
0.446828	0.0431467	0.0100386
0.270212	0.0440387	0.185777
0.0546443	0.0472879	0.398102
0.039039	0.103176	0.357836
0.11792	0.323645	0.0584756
0.0456066	0.0320164	0.422439
0.0677594	0.195917	0.236347
0.225517	0.162061	0.112462
0.0361509	0.43197	0.031909
0.389611	0.0977584	0.0126751
0.0479491	0.128599	0.323491
0.00601193	0.492887	0.00110384
0.00639351	0.0188745	0.474749
0.236484	0.0463688	0.21718
0.171648	0.0388551	0.28952
0.137762	0.266715	0.0955494
0.00404495	0.125311	0.370659
0.191208	0.136816	0.171987
0.107293	0.377767	0.0149645
0.280268	0.198231	0.0215361
0.186087	0.197029	0.116902
0.476141	0.0212639	0.00260811
0.289319	0.209045	0.00166876
0.152846	0.119339	0.227848
0.486531	0.00546384	0.00801012
0.117197	0.0341393	0.348672
0.0655311	0.163287	0.271188
0.0494251	0.273439	0.17717
0.164997	0.252418	0.0826039
0.0723946	0.381919	0.0457434
0.0536597	0.165056	0.281348
0.404539	0.0815632	0.0139076
0.00637262	0.1738	0.319846
0.441413	0.0437431	0.0148684
0.19712	0.00777605	0.295138
0.061123	0.0116956	0.427199
0.29747	0.0285969	0.173947
0.357142	0.108157	0.0347269
0.294355	0.07216	0.133501
0.141762	0.236457	0.121812
0.377882	0.12052	0.0016288
0.0352614	0.106171	0.358596
0.0296542	0.156915	0.31344
0.263036	0.190321	0.0466502
0.266972	0.186385	0.0466501
0.131017	0.340654	0.0283575
0.337173	0.0789067	0.0886313
0.0899569	0.308426	0.101637
0.216679	0.216823	0.0665242
0.0345561	0.132933	0.332549
0.0756405	0.223301	0.201073
0.14861	0.111257	0.240159
0.23477	0.166281	0.0989833
0.0146514	0.302037	0.183351
0.303561	0.105115	0.0913738
0.0416689	0.15423	0.304118
0.426977	0.0348342	0.0382242
0.207573	0.18409	0.108368
0.413051	0.0161573	0.0708511
0.0301183	0.135905	0.334015
0.0903967	0.334315	0.0753745
0.353637	0.0675472	0.0788218
0.34765	0.117373	0.0349837
0.139004	0.358203	0.00283033
0.244902	0.177204	0.0779007
0.194718	0.23723	0.0680679
0.0201053	0.313405	0.166534
0.0571136	0.192567	0.250329
0.00418228	0.0445911	0.451291
0.161077	0.245156	0.0937816
0.0400946	0.147737	0.312222
0.0872789	0.405489	0.00729807
0.483401	0.0164229	0.000203262
0.0827452	0.318311	0.0989846
0.129116	0.366718	0.00420979
0.434209	0.0275847	0.0382228
0.176119	0.126019	0.197868
0.433122	0.0339803	0.0329066
0.148202	0.123974	0.22784
0.0161946	0.479456	0.00442415
0.201143	0.135614	0.163252
0.138612	0.336949	0.0244546
0.00238901	0.0017736	0.495875
0.210315	0.219576	0.0701381
0.072081	0.00970076	0.418243
0.0517876	0.254573	0.193702
0.00573787	0.0159819	0.478315
0.234906	0.202892	0.0622327
0.419133	0.0373369	0.0435849
0.0272166	0.0837175	0.389131
0.0429202	0.158727	0.298362
0.408449	0.0207397	0.070848
0.124821	0.348206	0.0269847
0.163597	0.130793	0.205631
0.0120187	0.0416078	0.446433
0.203044	0.152009	0.144972
0.286851	0.058174	0.154992
0.343482	0.0137074	0.142815
0.0542234	0.30564	0.140148
0.258039	0.205502	0.0364718
0.097093	0.329921	0.0730716
0.219327	0.0364435	0.244281
0.0617958	0.0411936	0.397019
0.241629	0.161707	0.096726
0.326777	0.0358758	0.137357
0.466446	0.030006	0.00360684
0.397589	0.100775	0.00166876
0.252571	0.168904	0.0785346
0.018189	0.138778	0.343052
0.152458	0.260981	0.0866322
0.460463	0.024105	0.0154503
0.0486249	0.0610308	0.39036
0.0151722	0.30376	0.181132
0.214581	0.248594	0.0368419
0.0448936	0.165843	0.289289
0.257789	0.162307	0.0799122
0.30292	0	0.197085
0.144945	0.14682	0.208271
0.103846	0.33024	0.0659367
0.472567	0.0239059	0.00358591
0.0776056	0.311192	0.111245
0.222921	0.0437093	0.233383
0.370201	0.128191	0.00166885
0.11723	0.0341072	0.348673
0.321223	0.0169043	0.161892
0.293564	0.0123541	0.194088
0.199316	0.0598105	0.240964
0.0542075	0.0402269	0.405596
0.0790493	0.400094	0.0208852
0.0783713	0.269841	0.151827
0.328594	0.0340587	0.137357
0.13519	0.261862	0.102987
0.0801228	0.391536	0.0283706
0.0110626	0.485996	0.00294899
0.00862776	0.105522	0.38589
0.417861	0.0406249	0.0415411
0.16764	0.127897	0.204484
0.0647358	0.180883	0.254427
0.0183487	0.362578	0.119106
0.16044	0.106595	0.232983
0.214983	0.035773	0.249287
0.0696076	0.0117624	0.418642
0.077257	0.274922	0.147856
0.46714	0.0324413	0.000484195
0.157667	0.143531	0.198816
0.0171442	0.481485	0.00144402
0.361572	0.125203	0.0132913
0.0481276	0.183011	0.268879
0.39239	0.0668615	0.0407553
0.0573602	0.178533	0.264122
0.119352	0.379552	0.00111893
0.500001	0	0
0	0	0.5
0.0464095	0.18755	0.266043
0.418526	0.0437483	0.0377275
0.00724569	0.488251	0.00450514
0.067144	0.0646501	0.368208
0.319387	0.121207	0.0594084
0.217948	0.091492	0.19056
0.273481	0.0296913	0.196828
0.0484148	0.365285	0.0863017
0.109349	0.270548	0.120104
0.187976	0.179098	0.133006
0.430721	0.0635641	0.00571744
0.0628421	0.429001	0.00815879
0.047336	0.41809	0.0345769
0.117735	0.331434	0.0508338
0.237637	0.145511	0.116854
0.244377	0.112755	0.142869
0.490562	0.00943808	0
0.200351	0.291394	0.00825837
0.0101131	0.130642	0.359247
0.0405506	0.158882	0.300569
0.143496	0.193596	0.162988
0.307844	0.124074	0.0680859
0.0175563	0.155465	0.326982
0.0275528	0.226908	0.245541
0.112788	0.148636	0.238579
0.310147	0.088617	0.101237
0.015612	0.163309	0.321081
0.155448	0.230706	0.113848
0.169034	0.208474	0.122496
0.084817	0.402594	0.0125916
0.260498	0.0552781	0.184227
0.230335	0.265161	0.00450514
0.0786353	0.349803	0.0715637
0.0516054	0.222982	0.225417
0.222984	0.214701	0.0623174
0.159709	0.313959	0.026335
0.146428	0.0622166	0.291357
0.169714	0.276747	0.0535389
0.00264082	0.00906632	0.488295
0.482688	0.00964779	0.00766532
0.297228	0.100117	0.102665
0.0428402	0.0691623	0.388001
0.0147322	0.0258511	0.459437
0.290783	0.00939543	0.199824
0.0841045	0.397182	0.0187157
0.121862	0.162487	0.215656
0.0132667	0.171381	0.315356
0.328612	0.124708	0.0466823
0.370892	0.0560838	0.073029
0.168692	0.160724	0.170587
0.0529225	0.435836	0.0112421
0.0824785	0.373002	0.0445221
0.0259228	0.030134	0.443947
0.12497	0.324886	0.0501462
0.00561454	0.0882749	0.406113
0.00737252	0.359701	0.133006
0.0952876	0.120441	0.284273
0.36446	0.00547265	0.130069
0.0557402	0.148553	0.295709
0.0883497	0.304674	0.106981
0.439272	0.0355208	0.0252104
0.114351	0.150695	0.234957
0.0355139	0.458772	0.00571744
0.457517	0.033407	0.00907723
0.378152	0.073316	0.0485328
0.0280574	0.0404656	0.43148
0.0340431	0.260424	0.205534
0.0142264	0.389614	0.0961648
0.288117	0.0324529	0.17943
0.000700216	0.00254787	0.496754
0.0762629	0.360997	0.0627428
0.251419	0.0270229	0.22156
0.0170754	0.412335	0.0706098
0.278079	0.123396	0.0985263
0.00407576	0.479871	0.0161539
0.206125	0.243395	0.0504843
0.451521	0.0314846	0.0169961
0.135667	0.201063	0.163273
0.0293292	0.378877	0.0917965
0.194853	0.266691	0.0384584
0.000152429	0.249509	0.25034
0.00906089	0.343987	0.146953
0.126829	0.199402	0.173772
0.0214737	0.205482	0.273046
0.207941	0.245539	0.0465202
0.00671993	0.00931434	0.483968
0.107805	0.135972	0.256226
0.0101788	0.137167	0.352656
0.0950855	0.11655	0.288367
0.0259155	0.334779	0.139308
0.268027	0.105205	0.12677
0.007801	0.464956	0.027247
0.447213	0.0110785	0.0417091
0.12663	0.165367	0.208006
0.180926	0.25761	0.0614674
0.235095	0.236401	0.0285157
0.409588	0.0829938	0.00742035
0.17843	0.0505356	0.276997
0.413813	0.0838499	0.00233733
0.064773	0.173115	0.262114
0.391366	0.0299408	0.0786962
0.042351	0.446829	0.0108226
0.0560898	0.137124	0.306802
0.130254	0.317926	0.0570306
0.0286429	0.4423	0.0309587
0.0199014	0.0277716	0.452329
0.298929	0.127102	0.0739704
0.0872475	0.00193742	0.410818
0.176657	0.168313	0.155033
0.384479	0.0929989	0.0225232
0.263481	0.176825	0.059695
0.0913603	0.408644	0
0.358107	0.0983807	0.0435242
0.301858	0.139276	0.0588681
0.0474829	0.0603621	0.392158
0.0102248	0.013691	0.476088
0.231696	0.0220705	0.246239
0.0316651	0.0863554	0.381982
0.0611049	0.0847407	0.354156
0.00651287	0.471601	0.0218871
0.0213145	0.476096	0.00259319
0.190593	0.254859	0.0545497
0.286082	0.0322236	0.181696
0.0385128	0.0649873	0.396503
0.395579	0.103709	0.000716402
0.349902	0.1425	0.00759918
0.142213	0.0156787	0.342109
0.0014148	0.0705666	0.428019
0.0119252	0.285297	0.202779
0.164231	0.322849	0.0129228
0.33192	0.132952	0.0351298
0.142323	0.194309	0.16337
0.043196	0.174563	0.282243
0.248725	0.0231338	0.228144
0.330626	0.0431158	0.126261
0.360342	0.0954157	0.0442442
0.173527	0.299967	0.0265117
0.080994	0.0056658	0.413343
0.0122128	0.144065	0.343723
0.184531	0.0522636	0.269233
0.404978	0.0790366	0.0159873
0.02509	0.374691	0.100221
0.0809661	0.197939	0.22111
0.333313	0.0393549	0.127353
0.0225025	0.323315	0.155981
0.386551	0.0717412	0.0417091
0.46773	0.00820785	0.0240643
0.0082935	0.382603	0.109104
0.0986204	0.129758	0.271627
0.00313047	0.124527	0.372346
0.139907	0.0163703	0.343723
0.0579061	0.062892	0.379204
0.375594	0.0759394	0.0484667
0	0.0804831	0.419519
0.256834	0.116039	0.12713
0.353072	0.116137	0.0307979
0.15838	0.252308	0.0893139
0.401396	0.0805444	0.0180613
0.0940551	0.303867	0.10208
0.0030375	0.0469048	0.451959
0.266062	0.232859	0.00108136
0.0727396	0.280294	0.14697
0.145942	0.0175168	0.336542
0.113414	0.000494361	0.400432
0.102443	0.129486	0.268073
0.020847	0.218424	0.260732
0.281766	0.110597	0.107639
0.0739227	0.341082	0.0849968
0.0235376	0.00139228	0.475071
0.345697	0.0615082	0.0927962
0.210799	0.0782243	0.210981
0.00992787	0.109475	0.3806
0.160531	0.00292712	0.336542
0.346492	0.0234407	0.130069
0.0188191	0.450223	0.0309597
0.246498	0.114292	0.139212
0.00447133	0.433382	0.0622472
0.165683	0.146814	0.187505
0.0730099	0.216014	0.210981
0.131748	0.0590584	0.309294
0.0390848	0.297877	0.163039
0.471509	0.0211494	0.00734446
0.0228235	0.289673	0.187505
0.078344	0.348507	0.0731511
0.132082	0.0436003	0.32956
0.191712	0.282404	0.0277945
0.17575	0.240545	0.0837061
0.0304868	0.318907	0.150608
0.397876	0.0265158	0.075711
0.00674047	0.469305	0.0239565
0.40452	0.0198723	0.075711
0.477389	0.0150738	0.00753837
0.0282952	0.0322927	0.439415
0.162617	0.00484107	0.332544
0.221008	0.173932	0.105063
0.434679	0.00645508	0.0588681
0.0785844	0.339556	0.0818617
0.378561	0.0591554	0.062288
0.249375	0.197715	0.0529228
0.397552	0.0342477	0.0682115
0.0797663	0.0713111	0.348936
0.00108885	0.0869271	0.411996
0.0476866	0.0634107	0.388916
0.160848	0.32142	0.017745
0.433715	0.0651376	0.0011589
0.404948	0.0444727	0.050581
0.0507431	0.030058	0.419213
0.179394	0.0466994	0.273908
0.137695	0.259233	0.103074
0.111394	0.308473	0.0801458
0.039857	0.126476	0.333678
0.0135249	0.0176712	0.468816
0.0226355	0.252987	0.224381
0.492871	0.00713968	0
0.330405	0.126385	0.0432131
0.0852599	0.151424	0.26333
0.318733	0.0837899	0.0974888
0.340043	0.0997934	0.0601776
0.361754	0.0664205	0.0718265
0.136575	0.065662	0.297777
0.0045114	0.417801	0.0777007
0.202818	0.0105905	0.286606
0.030146	0.268628	0.201242
0.0725528	0.0531042	0.374345
0.0672946	0.245746	0.186974
0.0593295	0.111697	0.328987
0.0651769	0.183762	0.251074
0.42268	0.0634803	0.013854
0.241337	0.237426	0.0212467
0.0353563	0.243049	0.221607
0.413785	0.0356461	0.0505822
0.224936	0.097818	0.177261
0.0491358	0.00413799	0.446738
0.336909	0.0728339	0.0902722
0.00412762	0.466065	0.0298195
0.172092	0.314397	0.0135216
0.0311571	0.0126912	0.456164
0.0546722	0.434638	0.0106913
0.34936	0.018069	0.132583
0.46629	0.0154501	0.0182725
0.184754	0.117947	0.197309
0.164259	0.300632	0.0351209
0.141352	0.266118	0.0925421
0.213367	0.164853	0.121797
0.14521	0.249228	0.105574
0.0761922	0.0681157	0.355706
0.233874	0.0283765	0.237754
0.390493	0.0167987	0.0927208
0.237083	0.179774	0.0831578
0.0362367	0.144374	0.319401
0.473224	0.025361	0.00143033
0.0202228	0.473798	0.0059817
0.208551	0.122271	0.169189
0.368451	0.0299508	0.1016
0.196127	0.0102411	0.293646
0.0270221	0.384616	0.0883733
0.00882635	0.0115023	0.479684
0.0270925	0.357352	0.115568
0.0363647	0.426957	0.0366801
0.194277	0.0915446	0.21419
0.00508054	0.492007	0.00292284
0.00936233	0.328073	0.162578
0.457324	0.0161384	0.0265512
0.300237	0.134856	0.0649199
0.0443383	0.290853	0.16481
0.0977073	0.192609	0.209697
0.142511	0.0412067	0.316285
0.483933	0.0098	0.00627787
0.0182314	0.238542	0.243241
0.116281	0.354854	0.0288782
0.149532	0.0441247	0.306344
0.268384	0.10783	0.123801
0.325276	0.0375521	0.137186
0.167554	0.0476729	0.284785
0.0775642	0.0567722	0.365674
0.120113	0.0518398	0.328059
0.0432753	0.0226389	0.434098
0.171624	0.295037	0.0333515
0.316846	0.0823465	0.100819
0.285244	0.206029	0.00873928
0.102748	0.375214	0.022053
0.074059	0.394918	0.0310352
0.270455	0.107765	0.121797
0.144163	0.201715	0.154134
0.128136	0.0943639	0.277516
0.108148	0.0799103	0.311952
0.00197105	0.00256863	0.495473
0.0110396	0.231577	0.257396
0.0131369	0.223332	0.263544
0.0232518	0.00039609	0.476364
0.153044	0.113996	0.232977
0.220135	0.0515989	0.228268
0.0376789	0.460745	0.00158762
0.296172	0.0512118	0.152628
0.0156422	0.483412	0.000947988
0.182985	0.116818	0.200208
0.0255644	0.378362	0.0960853
0.0395616	0.279102	0.181338
0.053104	0.340273	0.106638
0.187908	0.139505	0.172599
0.070573	0.382714	0.0467231
0.00226871	0.335166	0.162578
0.0705486	0.389701	0.039763
0.00462864	0.448245	0.0471368
0.0219102	0.478091	0
0.194759	0.0016121	0.303641
0.0387517	0.454981	0.00627787
0.258778	0.159141	0.0820936
0.107806	0.114693	0.277516
0.459077	0.0148299	0.0261067
0.440666	0.0583789	0.000968585
0	0.283396	0.216605
0.301163	0.157744	0.041107
0.165909	0.331534	0.00256848
0.00527121	0.00650561	0.488236
0.418362	0.0811926	0.000460358
0.0887832	0.175018	0.236212
0.0333185	0.273819	0.192874
0.442912	0.0532531	0.00384638
0.306831	0.0693814	0.123801
0.122675	0.364505	0.0128333
0.0130467	0.34834	0.138625
0.125402	0.360992	0.013619
0.031495	0.0128289	0.455689
0.095868	0.211632	0.192512
0.0326463	0.209187	0.258181
0.294233	0.0772984	0.12863
0.0173273	0.226712	0.255973
0.238058	0.0220817	0.239871
0.0641821	0.00853566	0.427296
0.0989395	0.0777239	0.323348
0.448806	0.0473593	0.00384638
0.0404877	0.285636	0.173878
0.356266	0.0654128	0.0783231
0.0128958	0.344312	0.142804
0.131101	0.363048	0.0058632
0.00631944	0.357567	0.136129
0.312246	0.155326	0.0324401
0.000924634	0.13198	0.367109
0.173767	0.297613	0.0286313
0.148578	0.207892	0.143541
0.210835	0.276587	0.0125915
0.00354096	0.414704	0.0817692
0.143939	0.170261	0.185813
0.0519789	0.0687064	0.37933
0.261651	0.187292	0.0510717
0.255734	0.225721	0.0185573
0.0523023	0.288911	0.158798
0.0521386	0.0205794	0.427297
0.197646	0.152706	0.149665
0.391849	0.0132264	0.0949377
0.0193933	0.406811	0.0738085
0.0617516	0.0349005	0.403361
0.289994	0.129034	0.0809838
0.0256665	0.0326517	0.441695
0.112599	0.222954	0.164448
0.00961794	0.442621	0.0477732
0.275249	0.194003	0.0307603
0.0348266	0.281281	0.183904
0.130204	0.345668	0.0241385
0.0265783	0.441526	0.0319095
0.00870447	0.345407	0.145899
0.102292	0.369083	0.02864
0.27729	0.174008	0.048714
0.447607	0.0144594	0.0379472
0.21956	0.0954803	0.184975
0.138892	0.103455	0.257669
0.157259	0.137192	0.205565
0.092918	0.00800456	0.39909
0.346252	0.0634907	0.0902722
0.19178	0.0955346	0.212697
0.0408638	0.0213774	0.43777
0.0834472	0.0656507	0.350915
0.00536428	0.00422026	0.490429
0.00622454	0.48768	0.00609664
0.016152	0.0130272	0.470833
0.0265798	0.225325	0.248106
0.228148	0.178425	0.0934397
0.156364	0.218788	0.124851
0.0377583	0.410274	0.051978
0.340752	0.130343	0.0289181
0.0814502	0.0244041	0.394159
0.0896399	0.179234	0.231139
0.0421372	0.288685	0.169189
0.272628	0.105185	0.122203
0.479021	0.00604676	0.0149461
0.037223	0.428354	0.0344335
0.0626646	0.398037	0.0393102
0.189947	0.141019	0.169047
0.177853	0.00928691	0.312874
0.244219	0.143184	0.112609
0.0705023	0.351176	0.0783231
0.101977	0.0753504	0.322685
0.273638	0.216951	0.00942418
0	0.500001	0
0.500001	0	0
0.431534	0.0155592	0.052909
0.328772	0.12711	0.0441233
0.109364	0.264427	0.126212
0.0375395	0.00169284	0.460774
0.337234	0.119417	0.0433552
0.0173432	0.151638	0.331048
0.397262	0.0357491	0.0670008
0.409005	0.0865572	0.00444381
0.0388056	0.303241	0.157957
0.0104464	0.00354109	0.486017
0.278196	0.0921943	0.129612
0.0887495	0.273587	0.137666
0.099928	0.250922	0.149155
0.224952	0.132801	0.142257
0.0947313	0.212468	0.192804
0.264085	0.174519	0.0614073
0.0434597	0.209871	0.246673
0.0156139	0.0324071	0.451989
0.168121	0.124703	0.207182
0.218296	0.114839	0.166872
0.118601	0.121951	0.259453
0.144873	0.0848021	0.270331
0.00157845	0.050487	0.447936
0.187647	0.10984	0.202525
0.198997	0.0704659	0.230543
0.472106	0.0143034	0.0135917
0.0490739	0.34443	0.106499
0.112867	0.241831	0.145312
0.0118429	0.48555	0.00260967
0.371789	0.0628558	0.0653793
0.4132	0.0645117	0.0222916
0.045861	0.393106	0.0610394
0.191881	0.0128322	0.29529
0.0282374	0.432876	0.0388982
0.34429	0.0997269	0.0559993
0.00366076	0.494873	0.00146972
0.178121	0.297002	0.0249781
0.138783	0.00781204	0.353408
0.383774	0.043601	0.0726287
0.0404758	0.458059	0.00146972
0.0905701	0.0276557	0.381778
0.0292818	0.290224	0.180497
0.0709027	0.190048	0.239056
0.233366	0.195633	0.0710046
0.0459127	0.399473	0.0546185
0.0139858	0.141323	0.3447
0.0346886	0.3166	0.148714
0.0761633	0.0261368	0.397705
0.00636748	0.05458	0.439059
0.258679	0.137722	0.103609
0.254393	0.13544	0.110171
0.267199	0.157741	0.0750692
0.123076	0.0413369	0.335597
0.484319	0.000158637	0.0155231
0.16329	0.165098	0.171613
0.0187606	0.170355	0.310888
0.146729	0.0989265	0.254356
0.00582403	0.452382	0.0417986
0.0623854	0.0604254	0.377202
0.17253	0.00942669	0.318053
0.301666	0.112815	0.0855238
0.150838	0.329023	0.0201444
0.0322689	0.414114	0.0536228
0.15855	0.327874	0.0135831
0.247399	0.163492	0.0891208
0.211739	0.0716569	0.216615
0.0869733	0.200368	0.212664
0.0912519	0.235338	0.173415
0.0526093	0.359293	0.0881044
0.0352547	0.216016	0.248732
0.0393959	0.0895755	0.371035
0.120714	0.311321	0.0679697
0.297503	0.10835	0.0941501
0.0251172	0.321358	0.153532
0.281307	0.193728	0.0249735
0.0305024	0.468192	0.00131087
0.290346	0.00558825	0.204067
0.418009	0.0564975	0.0254964
0.0418488	0.0244315	0.433726
0.481593	0.000776824	0.0176346
0.442548	0.0503519	0.00710714
0.376208	0.00375076	0.120047
0.0441467	0.376565	0.0792935
0.140658	0.350213	0.00913155
0.0203525	0.0489343	0.430716
0.214969	0.145308	0.139724
0.316124	0.104763	0.0791167
0.111514	0.050217	0.338278
0.464806	0.000558757	0.0346368
0.117736	0.284668	0.0976011
0.0211395	0.0372278	0.441653
0.116162	0.383596	0.000247678
0.0698463	0.153791	0.276391
0.300635	0.107342	0.0920269
0.00289222	0.00107267	0.496041
0.129783	0.0472908	0.322941
0.000188346	0.0181864	0.481626
0.0613604	0.0223474	0.416301
0.0434758	0.3785	0.0780279
0.143961	0.075638	0.280409
0.024796	0.475205	0
0.000533001	0.386067	0.113462
0.125084	0.258668	0.116255
0.448261	0.0458305	0.00591617
0.00269367	0.364139	0.133171
0.321907	0.117238	0.0608628
0.202897	0.0739849	0.223127
0.182393	0.0309901	0.286622
0.122747	0.253835	0.123426
0.0836989	0.0058058	0.410499
0.365805	0.129951	0.00425219
0.251598	0.137402	0.111007
0.273442	0.182602	0.0439573
0.28735	0.015332	0.197345
0.0614481	0.147742	0.290812
0.0788895	0.13951	0.28161
0.30889	0.109483	0.0816315
0.0275527	0.446336	0.0261149
0.0276311	0.423581	0.0487991
0.0044718	0.104322	0.391221
0.0828558	0.227669	0.189478
0.452428	0.0189543	0.0286282
0.073115	0.00318755	0.423704
0.389992	0.0983248	0.0116847
0.0675687	0.0667197	0.365723
0.294314	0.0381275	0.167563
0.106285	0.246743	0.146975
0.0383968	0.308079	0.153532
0.237763	0.160818	0.10144
0.0421572	0.095756	0.362095
0.310826	0.186298	0.00287952
0.347786	0.122585	0.0296351
0.103165	0.229277	0.167563
0.00496366	0.0264889	0.46855
0.061655	0.0313904	0.406957
0.491279	0.000160917	0.0085609
0.149327	0.0483078	0.30237
0.218596	0.141239	0.140178
0.0853686	0.0257278	0.388911
0.240894	0.0325589	0.226552
0.132166	0.342857	0.0249885
0.104908	0.0359383	0.359165
0.458814	0.00442718	0.0367599
0.17898	0.180963	0.140059
0.0224731	0.337361	0.140177
0.0460878	0.110811	0.343105
0.0313865	0.156628	0.312
0.282827	0.0860077	0.131175
0.306276	0.00611429	0.187614
0.0743162	0.188295	0.237399
0.133572	0.348828	0.0176282
0.174814	0.118009	0.207181
0.0568748	0.355027	0.0881044
0.136941	0.331104	0.0319595
0.18342	0.0649502	0.251636
0.0903264	0.232952	0.176728
0.2012	0.143992	0.154813
0.0273242	0.405243	0.0674429
0.128308	0.358648	0.0130468
0.388561	0.101744	0.00970793
0.0792483	0.244298	0.176457
0.379679	0.0743759	0.0459547
0.227403	0.0833624	0.189241
0.0604708	0.29202	0.147516
0.121575	0.0797203	0.298716
0.303765	0.011445	0.184794
0.0239848	0.205114	0.270904
0.425149	0.0178115	0.0570445
0.161584	0.334147	0.00427384
0.0251519	0.407445	0.0674129
0.360058	0.0162368	0.12371
0.0560732	0.370604	0.0733317
0.0320348	0.283554	0.184416
0.195882	0.0804454	0.223679
0.123957	0.116595	0.259453
0.366692	0.0206409	0.112669
0.0199069	0.00674795	0.473346
0.0123597	0.0722431	0.415406
0.207376	0.00658236	0.286043
0.064935	0.429255	0.00582212
0.0260831	0.222287	0.251636
0.0626225	0.427677	0.00970736
0.355554	0.0103833	0.134066
0.349627	0.0102082	0.140177
0.0243064	0.370741	0.104955
0.393545	0.0177469	0.0887099
0.0658471	0.221497	0.212666
0.424008	0.0177636	0.0582352
0.066563	0.037603	0.395838
0.468603	0.0211316	0.0102685
0.0297924	0.277409	0.192805
0.120665	0.0806264	0.298711
0.077095	0.418485	0.00443354
0.0200807	0.367446	0.112477
0.0474511	0.0899532	0.362605
0.270439	0.124965	0.104604
0.173352	0.00723667	0.319421
0.0086722	0.00399413	0.487343
0.0287773	0.00900855	0.462238
0.317268	0.136316	0.0682086
0.0329552	0.45296	0.0140982
0.0236434	0.204234	0.272135
0.0124238	0.487412	0.00016633
0.0090401	0.479519	0.0114504
0.458132	0.0310829	0.0107982
0.0641345	0.0902237	0.345665
0.0511277	0.0269481	0.421927
0.0141033	0.0390177	0.446885
0.484203	0.00311978	0.01268
0.00744243	0.0185739	0.473985
0.356178	0.126747	0.0170769
0.348286	0.0711076	0.0806095
0.385413	0.0866008	0.0279951
0.0945139	0.00800283	0.397497
0.237174	0.0385133	0.224316
0.00265734	0.462406	0.0349393
0.0830348	0.313244	0.103746
0.0426496	0.444046	0.0133079
0.405633	0.0693527	0.0250248
0.297813	0.196852	0.00534401
0.0171758	0.437117	0.0457108
0.380766	0.0804113	0.0388321
0.0791536	0.093894	0.32697
0.127587	0.0202745	0.35216
0.0271748	0.274665	0.198173
0.304077	0.0650033	0.130929
0.197721	0.0716348	0.230654
0.169503	0.00127207	0.335993
0.1074	0.129307	0.263296
0.200033	0.243429	0.0565571
0.37394	0.000405206	0.125732
0.144828	0.317935	0.037239
0.0764192	0.125839	0.297753
0.0181862	0.467867	0.0139493
0.0259161	0.282967	0.19112
0.00909629	0.0756608	0.415254
0.208799	0.00940455	0.281819
0.138471	0.190062	0.171481
0.0014896	0.259207	0.239315
0.466108	0.00266421	0.0312296
0.135533	0.331361	0.0331258
0.239898	0.150819	0.109294
0.0469974	0.429186	0.023829
0.0112447	0.368646	0.120118
0.226883	0.0534659	0.219662
0.0102642	0.264061	0.23678
0.00121929	0.0646756	0.434115
0.133522	0.183255	0.183237
0.142691	0.351418	0.00590158
0.183907	0.255747	0.0603489
0.24145	0.219717	0.0388418
0.104468	0.104898	0.290644
0.0387406	0.156247	0.305018
0.117012	0.000331175	0.38266
0.00713821	0.280046	0.212818
0.490025	0.0015577	0.00842498
0.190428	0.226026	0.0835556
0.473473	0.00118662	0.0253423
0.0773727	0.172817	0.249821
0.221303	0.117943	0.160756
0.131691	0.180743	0.187577
0.446656	0.0106264	0.0427194
0.279834	0.063208	0.156967
0.0550002	0.110956	0.339901
0.325436	0.054334	0.120244
0.186252	0.16162	0.152131
0.0925638	0.105948	0.301518
0.274873	0.0473191	0.180033
0.194052	0.176986	0.129027
0.00271192	0.382277	0.115013
0.261378	0.143991	0.0946422
0.234706	0.147555	0.117739
0.0408518	0.0467572	0.412399
0.154289	0.304713	0.0410193
0.00078086	0.000918827	0.498303
0.00458857	0.151887	0.343527
0.320834	0.175421	0.00375345
0.120115	0.299767	0.0801286
0.250094	0.233425	0.0164918
0.410308	0.00644985	0.0832437
0.362089	0.119334	0.0185842
0.0251852	0.391573	0.0832437
0.284825	0.0330605	0.182137
0.26492	0.130015	0.105233
0.415968	0.0241861	0.0598605
0.123627	0.21357	0.162812
0.129373	0.24818	0.122466
0.425989	0.0141643	0.0598605
0.217313	0.158981	0.123709
0.27028	0.135087	0.094642
0.258562	0.0323901	0.209213
0.155799	0.344203	0
0.148247	0.0212782	0.330478
0.0597376	0.000221472	0.442107
0.114015	0.0257973	0.360206
0.0566712	0.114327	0.329004
0.00892636	0.0222462	0.468829
0.0748578	0.353635	0.0736646
0.162908	0.195139	0.143767
0.111643	0.210455	0.17791
0.034883	0.230129	0.235026
0.101754	0.112185	0.286101
0.339228	0.0561128	0.104673
0.332686	0.0150449	0.152277
0.310141	0.0427784	0.147083
0.313888	0.0363961	0.149755
0.182052	0.0982968	0.219662
0.0301077	0.292258	0.17764
0.0604302	0.00972751	0.429853
0.244502	0.0522679	0.20324
0.266712	0.167677	0.0656219
0.342779	0.0215557	0.13568
0.111152	0.0136632	0.375197
0.145491	0.3232	0.0313195
0.0297313	0.0824571	0.387816
0.292388	0.159868	0.0477529
0.271919	0.110345	0.11774
0.253611	0.0629348	0.183464
0.307499	0.0251527	0.167358
0.0921778	0.0885703	0.31927
0.176372	0.119295	0.204356
0.0137611	0.414938	0.0737001
0.36792	0.0319882	0.100102
0.0699314	0.000197924	0.429874
0.0931278	0.00163821	0.405254
0.207721	0.0259185	0.266387
0.0769885	0.0157183	0.407297
0.0360915	0.363816	0.100102
0.0211042	0.400913	0.0779883
0.0626457	0.388764	0.0485946
0.400191	0.0960647	0.00375345
0.0490501	0.396838	0.0541142
0.162484	0.235618	0.101927
0.433782	0.0572709	0.0089575
0.36506	0.11638	0.0185849
0.158322	0.340011	0.0016708
0.340418	0.0841932	0.0754021
0.158941	0.336713	0.00434773
0.0765943	0.171078	0.252338
0.0161209	0.306245	0.17764
0.0440285	0.359201	0.0967811
0.10394	0.179561	0.216509
0.204387	0.0524871	0.243139
0.495109	0.00489627	0
0.189104	0.212292	0.0986323
0.251795	0.0482599	0.199955
0.420133	0.0200206	0.0598605
0.0142025	0.465618	0.0202037
0.32962	0.0194569	0.151089
0.116609	0.29671	0.0866903
0.471051	0.00269246	0.0262589
0.124279	0.270104	0.124995
0.0859107	0.101984	0.312114
0.220719	0.145347	0.133947
0.152812	0.324486	0.0227045
0.0425829	0.410791	0.0466359
0.208818	0.240884	0.050334
0.179005	0.277191	0.0438226
0.082348	0.0424674	0.375196
0.0513839	0.193175	0.255446
0.428911	0.011242	0.0598605
0.0189761	0.173977	0.307059
0.138151	0.19014	0.171728
0.229464	0.0127892	0.25775
0.452283	0.00258519	0.0451365
0.438669	0.03599	0.0253423
0.034191	0.420678	0.0451366
0.0977658	0.0314978	0.370761
0.00721924	0.327295	0.165495
0.210693	0.232759	0.0565557
0.213362	0.23792	0.0487557
0.177388	0.0634097	0.259206
0.0141252	0.425914	0.0623584
0.0133324	0.121927	0.364771
0.0458682	0.407506	0.0466358
0.440949	0.0361771	0.0228752
0.0371278	0.050483	0.412408
6.92635e-05	0.38492	0.115014
0.252682	0.0410316	0.206308
0.11308	0.249825	0.137096
0.1654	0.00555315	0.336342
0.0151074	0.422583	0.0623112
0.0717853	0.0591335	0.369093
0.262008	0.0969598	0.141035
0.120764	0.379072	0.00016633
0.043233	0.403656	0.0531222
0.137848	0.0428967	0.319264
0.0215774	0.0371059	0.443382
0.118209	0.178792	0.203013
0.114694	0.251409	0.133961
0.0173367	0.329342	0.153327
0.392677	0.0137958	0.0935409
0.165137	0.103818	0.231056
0.127027	0.267336	0.124988
0.416333	0.00715934	0.076523
0.00743909	0.458969	0.0335952
0.392179	0.0506622	0.0571627
0.270811	0.0814032	0.147816
0.0163157	0.483018	0.000668039
0.439014	0.0204078	0.0405871
0.0584089	0.103573	0.338019
0.0705299	0.242765	0.186707
0.0286614	0.422495	0.0488448
0.032361	0.416898	0.0507437
0.253463	0.116822	0.129727
0.426855	0.00553089	0.0676161
0.278773	0.194942	0.0262897
0.0162468	0.39099	0.0927645
0	0.496426	0.00357643
0.247797	0.24736	0.00484474
0.330979	0.120828	0.0481939
0.341541	0.0482748	0.110186
0.0834667	0.217505	0.199033
0.320343	0.0609827	0.118676
0.0240985	0.165869	0.310035
0.0229482	0.035879	0.441175
0.308798	0.160867	0.030499
0.287296	0.0829895	0.129727
0.00525153	0.264819	0.229932
0.00416817	0.0073912	0.488442
0.0466318	0.131373	0.322149
0.449224	0.0265599	0.0242178
0.144974	0.311622	0.0434063
0.407168	0.0124177	0.0804153
0.0285712	0.0225842	0.448846
0.0284291	0.0978534	0.373719
0.0284439	0.443469	0.0280891
0.190153	0.114066	0.195783
0.0146706	0.469986	0.0153464
0.0659964	0.0786262	0.355378
0.106321	0.114731	0.278949
0.0108811	0.0615455	0.427575
0.0359264	0.00372212	0.460352
0.157756	0.12957	0.212674
0.344842	0.00443367	0.150733
0.129222	0.33186	0.0389203
0.00816932	0.0294777	0.462354
0.374256	0.0264519	0.0992936
0.00718465	0.175315	0.317502
0.000184402	0.134561	0.365256
0.0795541	0.261336	0.159114
0.085703	0.207398	0.2069
0.0720382	0.382095	0.0458674
0.154652	0.127021	0.218327
0.0180216	0.434267	0.0477141
0.0876691	0.256322	0.156014
0.0170332	0.0878189	0.395163
0.355806	0.0552805	0.0889398
0.228121	0.137224	0.13466
0.0118682	0.190103	0.298031
0.00555657	0.0142164	0.48023
0.117557	0.00385903	0.378587
0.352503	0.105317	0.0421813
0.216315	0.200462	0.0832254
0.000887673	0.404656	0.0945949
0.092153	0.0814499	0.3264
0.492625	0	0.00737862
0.235273	0.234252	0.0304898
0.234066	0.0302602	0.235678
0.0768419	0.307029	0.11616
0.140179	0.0918412	0.26798
0.121292	0.12212	0.256606
0.292766	0.0658223	0.141412
0.0184553	0.0951507	0.386398
0.150072	0.123259	0.22667
0.241531	0.194054	0.0644206
0.300816	0.0275746	0.171613
0.210084	0.211518	0.0784142
0.357929	0.140124	0.00194896
0.0900016	0.00965006	0.400352
0.384383	0.111548	0.00407251
0.283336	0.0745883	0.142103
0.0939048	0.146818	0.259278
0.185039	0.0240648	0.290905
0.435396	0.0182439	0.0463623
0.0496442	0.281165	0.169222
0.0360658	0.449552	0.0143863
0.0653724	0.0386176	0.396014
0.0473036	0.0422605	0.410437
0.396911	0.0319887	0.0711025
0.241243	0.0782558	0.180503
0.00285878	4.91602e-05	0.497093
0.176641	0.320587	0.00289884
0.0372129	0.365753	0.0970347
0.0219262	0.144736	0.333339
0.00739418	0.0216187	0.470989
0.0122972	0.0408516	0.446852
0.138375	0.119821	0.241805
0.229881	0.231201	0.0389202
0.26409	0.158418	0.0774945
0.326765	0.0622052	0.111032
0.081921	0.171522	0.246562
0.295129	0.124456	0.0804153
0.040686	0.0397989	0.420385
0.244151	0.0708525	0.184999
0.313443	0.0407641	0.145795
0.125436	0.153728	0.220838
0.0093792	0.177063	0.313561
0.460378	0.0109371	0.0286866
0.172085	0.241345	0.0865713
0.0687094	0.396784	0.0345382
0.14194	0.248933	0.109129
0.481642	0.0111217	0.0072408
0.430279	0.0571373	0.0125859
0.0375577	0.285896	0.176551
0.477711	0.0112931	0.011
0.379174	0.116854	0.00397366
0.47047	0.0135955	0.0159362
0.0174922	0.435299	0.0472112
0.457683	0.0181007	0.0242177
0.261206	0.0750849	0.163714
0.170452	0.327434	0.00211617
0.0229894	0.338885	0.138129
0.103528	0.359381	0.0370956
0.178616	0.259528	0.0618577
0.19153	0.221901	0.0865714
0.0543787	0.0850199	0.360603
0.0429071	0.125909	0.331186
0.134946	0.317848	0.0472116
0.114119	0.034539	0.351344
0.163367	0.2244	0.112246
0.0516168	0.268353	0.180031
0.0687182	0.396835	0.0344513
0.384494	0.11158	0.00392939
0.0154801	0.0503181	0.434204
0.212718	0.21417	0.0731154
0.0579271	0.10002	0.342055
0.0501059	0.294816	0.155083
0.111468	0.0970579	0.291481
0.00551842	0.0218569	0.472627
0.365112	0.127048	0.00798719
0.301691	0.197322	0.000988298
0.158825	0.340947	0.000246066
0.452848	0.0267864	0.0203676
0.223921	0.0103076	0.265773
0.103951	0.357802	0.0382481
0.00756983	0.0585013	0.433931
0.037751	0.0658935	0.39636
0.367508	0.0306442	0.101849
0.101453	0.0946215	0.303927
0.0959356	0.0986578	0.305447
0.17841	0.047201	0.274416
0.360411	0.117638	0.0219524
0.199299	0.186467	0.114236
0.0272501	0.370687	0.102066
0.487504	0.00365599	0.00884407
0.180765	0.0951969	0.224039
0.191742	0.172847	0.135423
0.173984	0.0721903	0.253829
0.0422846	0.448876	0.00884408
0.0046507	0.0135975	0.481753
0.110745	0.178579	0.210679
0.00134883	0.405888	0.0927645
0.404048	0.0105512	0.0854037
0.119776	0.0346968	0.34553
0.148192	0.149203	0.202621
0.0564834	0.374616	0.0689022
0.0964077	0.157034	0.246561
0.000323066	0.235747	0.263932
0.113587	0.0350711	0.351343
0.474443	0.00609997	0.0194615
0.135786	0.0910661	0.273151
0.0540674	0.277283	0.168675
0.0309629	0.29249	0.176551
0.00384493	0.0782571	0.417899
0.0302262	0.380013	0.0897623
0.197669	0.000904023	0.301428
0.0543443	0.0647443	0.380912
0.298906	0.0569017	0.144194
0.0968402	0.345689	0.0574741
0.168483	0.0445747	0.286943
0.203903	0.188025	0.108074
0.194991	0.182534	0.122491
0.155081	0.332908	0.0120267
0.324073	0.0616928	0.114236
0.0728737	0.378866	0.0482608
0.0851366	0.203717	0.211152
0.0492715	0.297908	0.152826
0.12637	0.300517	0.0731153
0.0448467	0.352168	0.103011
0.466192	0.0118455	0.0219642
0.197667	0.184426	0.117908
0.139458	0.303062	0.0574819
0.350792	0.0760952	0.0731154
0.149931	0.100553	0.249519
0.219983	0.177954	0.102066
0.0758906	0.260399	0.163713
0.183322	0.150511	0.166206
0.14499	0.148112	0.206901
0.0023812	0.214562	0.283058
0.198856	0.0620143	0.239148
0.169639	0.124917	0.205446
0.059181	0.353528	0.0872922
0.0186416	0.435249	0.0461114
0.027275	0.36699	0.105737
0.473156	0.0181217	0.0087236
0.396717	0.00417289	0.0991117
0.0791868	0.0371385	0.383677
0.00722879	0.190791	0.301981
0.191825	0.152908	0.15527
0.319281	0.0752715	0.10546
0.324297	0.0480153	0.12769
0.403332	0.0583575	0.0383116
0.224193	0.157024	0.118785
0.461427	0.0041998	0.0343739
0.0501526	0.429008	0.0208414
0.0247492	0.28695	0.188302
0.113497	0.24973	0.136774
0.0133383	0.112531	0.374132
0.133151	0.0282912	0.33856
0.00253357	0.405932	0.0915367
0.0399461	0.422923	0.0371323
0.25276	0.184835	0.0624067
0.0902982	0.139188	0.270515
0.0235911	0.471891	0.00452011
0.00339052	0.0390725	0.457539
0.241891	0.0652981	0.192812
0.15859	0.213039	0.128373
0.0154824	0.444996	0.0395237
0.166031	0.30175	0.0322204
0.25814	0.011934	0.229928
0.0852877	0.220618	0.194096
0.0985658	0.177542	0.223894
0.138615	0.149117	0.212271
0.0661948	0.263652	0.170162
0.126839	0.297216	0.0759475
0.31413	0.051883	0.133989
0.376435	0.0641907	0.0593754
0.363925	0.0551238	0.0809532
0.00611863	0.0779107	0.415972
0.497128	0.000817599	0.00205621
0.162632	0.0422903	0.295079
0.280362	0.121475	0.0981636
0.237201	0.00722273	0.255578
0.153475	0.0261756	0.320351
0.185557	0.175715	0.138731
0.00607694	0.0274358	0.466488
0.358239	0.0844559	0.0573074
0.147654	0.0602645	0.292083
0.451932	0.038017	0.010052
0.0408668	0.389446	0.0696957
0.333281	0.00752247	0.159198
0.0484855	0.337074	0.114454
0.250466	0.171072	0.0784634
0.418227	0.0190694	0.0627049
0.206031	0.0336713	0.260299
0.379543	0.00882166	0.111636
0.149156	0.292051	0.0587945
0.0328073	0.455217	0.0119776
0.488915	0.00514267	0.00594344
0.145692	0.116584	0.237726
0.0567226	0.309354	0.133925
0.478729	0.00246666	0.0188079
0.0241924	0.120604	0.355205
0.0210719	0.00931807	0.469611
0.295738	0.0741507	0.130113
0.249194	0.209056	0.0417514
0.0428612	0.095495	0.361645
0.274791	0.168602	0.0566106
0.306868	0.138923	0.0542104
0.0158728	0.266922	0.217207
0.202549	0.0331021	0.264351
0.270656	0.206069	0.0232762
0.0294344	0.138293	0.332274
0.267571	0.213959	0.0184706
0.204648	0.145781	0.149573
0.117808	0.380223	0.00197218
0.0305125	0.272266	0.197223
0.142156	0.328272	0.0295735
0.0366423	0.218889	0.24447
0.105084	0.0797876	0.31513
0.00851701	0.0106951	0.48079
0.123486	0.16696	0.209556
0.106969	0.256258	0.136774
0.109334	0.24057	0.150099
0.426117	0.0726753	0.00120914
0.0926214	0.0788875	0.328492
0.0580366	0.046952	0.395014
0.292387	0.181559	0.026057
0.301534	0.133421	0.0650576
0.0832488	0.385798	0.0309549
0.439719	0.045824	0.0144587
0.0264031	0.131625	0.341973
0.0216027	0.02408	0.45432
0.0393551	0.41214	0.0485138
0.410218	0.0705365	0.0192462
0.176203	0.140201	0.183597
0.0979873	0.0315584	0.370455
0.345925	0.0667848	0.0872922
0.221572	0.163155	0.115276
0.0691638	0.0136719	0.417165
0.064138	0.347492	0.088372
0.0964184	0.372628	0.0309549
0.0933543	0.095948	0.310699
0.0418818	0.0922741	0.365846
0.198932	0.120687	0.180382
0.349957	0.00647829	0.143566
0.213617	0.243409	0.0429749
0.119349	0.245296	0.135356
0.162862	0.127583	0.209556
0.04588	0.394746	0.0593754
0.00222683	0.482549	0.015227
0.00125902	7.90293e-05	0.498664
0.0066643	0.093258	0.400079
0.0700954	0.023513	0.406394
0.153534	0.294246	0.0522229
0.340423	0.0208481	0.138731
0.458914	0.0100658	0.0310211
0.0114659	0.325459	0.163078
0.0251662	0.0334982	0.441348
0.447102	0.00466614	0.0482342
0.0746295	0.000482011	0.42489
0.00336624	0.109215	0.387421
0.154146	0.0222138	0.323642
0.000338673	0.480389	0.0192733
0.298215	0.135006	0.0667804
0.0282913	0.112683	0.359028
0.432425	0.0450639	0.0225128
0.06819	0.270018	0.161794
0	0.49215	0.00785243
0.137877	0.115669	0.246456
0.48599	0	0.0140246
0.126779	0.339377	0.0338478
0.0134022	0.231021	0.255578
0.179127	0.223994	0.0968813
0.19357	0.0559581	0.250474
0.22878	0.163548	0.107674
0.3155	0.091206	0.093296
0.037876	0.449175	0.012951
0.0347513	0.0157323	0.449519
0.130917	0.344921	0.0241658
0.338307	0.00307919	0.158615
0.0729392	0.216981	0.210081
0.371937	0.0866617	0.041405
0	0.490517	0.00948394
0.0248158	0.315988	0.159198
0.0360205	0.0163069	0.447675
0.263719	0.161404	0.0748881
0.226184	0.0417911	0.232026
0.0821409	0.069213	0.348648
0.426944	0.034746	0.0383116
0.199503	0.0500248	0.250474
0.0103376	0.00805276	0.481611
0.385599	0.103921	0.0104814
0.00108768	0.17427	0.324645
0.366801	0.0235855	0.109615
0.0290179	0.234512	0.236472
0.0290063	0.0326204	0.438375
0.0568183	0.32874	0.114454
0.443918	0.0309688	0.0251149
0.232548	0.0923134	0.175141
0.0319042	0.468097	0
0.00313665	0.00690167	0.489964
0.0713681	0.322208	0.106426
0.202311	0.144077	0.153613
0.173875	0.230506	0.0956205
0.28301	0.201602	0.0153897
0.00526645	0.00685619	0.487879
0.0530423	0.0429116	0.404049
0.391839	0.0828597	0.0253028
0.182533	0.258572	0.0588962
0.196772	0.261918	0.0413119
0.0705926	0.318707	0.110702
0.0520447	0.28278	0.165178
0.109013	0.106435	0.284555
0.211506	0.143032	0.145475
0.177525	0.017495	0.304982
0.0151856	0.195746	0.28907
0.352357	0.101861	0.0457835
0.245499	0.180895	0.0736075
0.148304	0.118675	0.233023
0.115521	0.0999268	0.284555
0.0587764	0.351111	0.0901136
0.256732	0.0133415	0.229928
0.0357329	0.459748	0.0045201
0.0768452	0.417484	0.00567241
0.41257	0.0255726	0.0618592
0.00610256	0.0971532	0.396746
0.181428	0.00993982	0.308634
0.211587	0.275186	0.01323
0.0187157	0.236028	0.245258
0.196983	0.239306	0.0637122
0.0524402	0.0237403	0.423822
0.0800208	0.104851	0.31513
0.0487196	0.0198279	0.431455
0.434329	0.0423859	0.0232869
0.0551126	0.307677	0.137212
0.217182	0.158817	0.124003
