0	0.500001	0
0.00226045	0.00932859	0.488416
0.0106121	0.477443	0.0119534
0.00818819	0.450687	0.0411286
0.008888	0.489205	0.00191279
0.0537229	0.438639	0.00764221
0.460051	0.00241073	0.0375402
0.207734	0.201227	0.0910465
0.0516268	0.347992	0.100396
0.189047	0.154651	0.15631
0.000347993	0.103344	0.396312
0.04301	0.456565	0.000436872
0.443237	0.022891	0.0338778
0.267862	0.00659848	0.225542
0.204578	0.230244	0.0651936
0.36454	0.0183384	0.117134
0.0179965	0.466506	0.0155141
0.0825343	0.0764009	0.341074
0.172756	0.264464	0.0627949
0.409329	0.0540669	0.0366072
0.252004	0.161906	0.0860945
0.237518	0.25192	0.0105771
0.309412	0.0410689	0.149526
0.0852951	0.23523	0.17948
0.130132	0.011677	0.358203
0.0205048	0.00337997	0.476116
0.0613202	0.419484	0.019208
0.0432556	0.00921722	0.44753
0.179525	0.276417	0.0440668
0.370238	0.0673345	0.0624343
0.121904	0.248359	0.12974
0.322966	0.102144	0.0748966
0.072571	0.00648307	0.420961
0.452686	0.00237213	0.0449447
0.0859683	0.0796223	0.334419
0.230455	0.258975	0.0105769
0.104979	0.22382	0.171212
0.0206674	0.47052	0.00881636
0.0236516	0.0372132	0.439142
0.0122957	0.27075	0.216963
0.0598878	0.435007	0.00511639
0.123912	0.117866	0.258224
0.014558	0.377374	0.108078
0.189459	0.0238564	0.286695
0.039312	0.358268	0.102428
0.177666	0.211298	0.11107
0.277417	0.0634997	0.159099
0.0458576	0.404189	0.0499563
0.128766	0.363414	0.00783148
0.0344212	0.031876	0.43371
0.110298	0.317081	0.072655
0.00457521	0.196008	0.299436
0.41488	0.0138856	0.0712387
0.0283323	0.310916	0.160763
0.025438	0.12311	0.351455
0.284773	0.0917805	0.123454
0.275317	0.0609962	0.163703
0.0363887	1.50116e-05	0.463599
0.245926	0.0555896	0.198495
0.046308	0.429626	0.0240711
0.0366724	0.296257	0.16708
0.467717	0.0186082	0.0136779
0.113281	0.38201	0.00472033
0.0227421	0.368798	0.108473
0.258752	0.0641195	0.177155
0.0256563	0.0471634	0.427189
0.485702	0.00959201	0.00472037
0.165152	0.147072	0.187782
0.0946699	0.0179457	0.387397
0.00171716	0.000283054	0.498001
0.482908	0.000582809	0.0165114
0.115224	0.133573	0.251206
0.0688773	0.410872	0.0202559
0.184162	0.188438	0.127401
0.225641	0.0514925	0.222882
0.0163244	0.371645	0.112035
0.225017	0.0275574	0.24743
0.400788	0.0869822	0.0122405
0.431475	0.0313969	0.0371402
0.000814898	0.0448529	0.454334
0.0789003	0.0735524	0.347553
0.294084	0.110572	0.095351
0.437943	0.0547824	0.00728417
0.314612	0.0463768	0.13902
0.391023	0.0835886	0.0253894
0.359703	0.00823315	0.132074
0.149466	0.0898017	0.260741
0.136137	0.344029	0.0198507
0.276047	0.158586	0.0653782
0.0944324	0.0149651	0.390624
0.00364749	0.496358	0
0.476746	0.0211662	0.00212678
0.472091	0.0153494	0.0125619
0.0408961	0.390879	0.0682418
0.422128	0.0218008	0.0560821
0.120704	0.114814	0.264484
0.0580931	0.424024	0.0179013
0.149926	0.0292625	0.320819
0.00383216	0.206671	0.28952
0.201678	0.027054	0.271273
0.0658466	0.198411	0.235746
0.261722	0.00644724	0.231833
0.377994	0.0073012	0.114706
0.286678	0.0719749	0.141355
0.351079	0.0206726	0.134771
0.451593	0.0112242	0.0371861
0.182515	0.00756039	0.309937
0.107519	0.0226485	0.369881
0.226545	0.214478	0.0589806
0.339584	0.128821	0.0316029
0.00701471	0.386097	0.106894
0.154676	0.0434047	0.301923
0.293302	0.0624524	0.144253
0.0659694	0.193685	0.240351
0.161117	0.0339388	0.304994
0.151663	0.033469	0.314871
0.053281	0.426256	0.0204676
0.234583	0.191902	0.0735284
0.0129346	0.272163	0.214949
0.137951	0.0167678	0.34529
0.14358	0.306156	0.050269
0.0416291	0.0801817	0.378192
0.0979458	0.387511	0.0145454
0.202407	0.0398016	0.257798
0.0765028	0.01437	0.409133
0.078817	0.179292	0.241908
0.0765797	0.0188073	0.404624
0.0174533	0.189089	0.293473
0.301218	0.183009	0.01579
0.145658	0.26556	0.088796
0.0815365	0.00425851	0.414219
0.0329288	1.35843e-05	0.467065
0.00806493	0.285737	0.206208
0.215362	0.14431	0.140339
0.126453	0.354587	0.0189655
0.166755	0.255278	0.0779729
0.0436931	0.0421021	0.41422
0.0993716	0.0373625	0.363271
0.0079019	0.279961	0.212143
0.131949	0.264699	0.103361
0.0905577	0.266804	0.142642
0.346748	0.115813	0.0374514
0.0343423	0.184524	0.281137
0.1863	0.138531	0.175178
0.297736	0.17493	0.0273445
0.329513	0.00636477	0.164124
0.343697	0.106333	0.0499746
0.203527	0.218648	0.0778369
0.0274358	0.0964993	0.376124
0.194143	0.184206	0.121681
0.00552574	0.022056	0.472432
0.0302638	0.0872132	0.382528
0.075906	0.181561	0.24254
0.320514	0.123686	0.0558053
0.24976	0.0140866	0.236157
0.0880954	0.242953	0.168984
0.213333	0.00757121	0.279099
0.493859	0.00332674	0.00281674
0.387481	0.0292655	0.0832747
0.227733	0.219814	0.0524695
0.18634	0.140509	0.173163
0.14326	0.170379	0.186373
0.255387	0.0577281	0.186897
0.0132687	0.408118	0.0786187
0.158588	0.146767	0.194647
0.394012	0.0221084	0.0839012
0.243596	0.0704144	0.185992
0.0921683	0.353485	0.0543611
0.22222	0.0842989	0.193489
0.160618	0.325653	0.0137379
0.117011	0.108373	0.27462
0.037986	0.00809434	0.453928
0.00573802	0.315827	0.178441
0.0708919	0.281593	0.147523
0.0826322	0.0511015	0.366277
0.420597	0.0203283	0.0590772
0.000160016	0.206604	0.293241
0.0161123	0.32313	0.16076
0.0570297	0.392101	0.0508841
0.119083	0.336455	0.0444761
0.433234	0.0370335	0.0297355
0.398378	0.0216312	0.0800127
0.0233311	0.0941458	0.382528
0.0855733	0.289418	0.125017
0.0413786	0.165163	0.293472
0.168832	0.323348	0.00783149
0.333381	0.142257	0.0243636
0.00270485	0.287372	0.209937
0.141174	0.00737329	0.351455
0.374862	0.0627131	0.0624346
0.164643	0.0207316	0.314637
0.046962	0.126573	0.326467
0.243298	0.0601851	0.19652
0.0256721	0.238175	0.236157
0.264179	0.00650775	0.229315
0.192123	0.000216181	0.307673
0.144132	0.351151	0.00472026
0.357722	0.101153	0.0411286
0.275558	0.134352	0.0903149
0.0440423	0.397352	0.0586138
0.125426	0.0527172	0.321863
0.0597589	0.248592	0.191659
0.0723378	0.413532	0.0141454
0.354739	0.0697898	0.0754838
0.0475611	0.0850331	0.367414
0.070726	0.38585	0.0434369
0.203309	0.192527	0.104179
0.383061	0.0105189	0.10643
0.137754	0.0990984	0.263179
0.243113	0.0365693	0.220327
0.239741	0.186186	0.0740864
0.397825	0.0816055	0.0205772
0.411022	0.0238104	0.0651797
0.0736867	0.123935	0.302387
0.230108	0.0217985	0.248114
0.266149	0.0484126	0.185451
0.162643	0.00661726	0.330748
0.168761	0.291699	0.0395488
0.00821803	0.0149797	0.47681
0.0218356	0.45352	0.0246611
0.0971543	0.198158	0.204699
0.179039	0.169496	0.151473
0.00479617	0.196135	0.299078
0.43148	0.0228335	0.0457006
0.021024	0.0101026	0.468898
0.0551614	0.34878	0.0962787
0.332068	0.138956	0.0289926
0.487402	0.000545263	0.012061
0.370586	0.067383	0.0620426
0.167024	0.305546	0.0274383
0.0600555	0.181442	0.258511
0.253645	0.24167	0.00471595
0.0870373	0.0250765	0.387897
0.301845	0.0978234	0.100343
0.22029	0.0538637	0.225855
0.0780647	0.154241	0.26772
0.44264	0.0191432	0.0382251
0.0653915	0.126796	0.307824
0.421909	0.0777214	0.000377139
0.156155	0.0508266	0.293222
0.0263121	0.0791041	0.394592
0.366635	0.110173	0.0232447
0.0291664	0.00875741	0.462083
0.0354793	0.107515	0.357026
0.348363	0.0277005	0.12397
0.0306276	0.0883907	0.380996
0.375244	0.0906734	0.0340918
0.344154	0.065758	0.0903151
0.00953333	0.48436	0.00612763
0.0751525	0.424868	0
0.0851627	0.203217	0.21163
0.0278892	0.377983	0.094137
0.497966	0.00055708	0.00148423
0.025295	0.442644	0.0320776
0.358348	0.0865907	0.0550703
0.317783	0.00232146	0.179903
0.0209146	0.0430236	0.436074
0.260088	0.11536	0.124571
0.435773	0.00833289	0.055902
0.0183981	0.475917	0.00569805
0.0825545	0.364389	0.0530808
0.133461	0.318467	0.0480833
0.0129343	0.0317548	0.455321
0.126921	0.174222	0.198878
0.0417809	0.2178	0.240434
0.449563	0.0276725	0.0227727
0.225998	0.0204759	0.253545
0.304005	0.0420426	0.153979
0.089687	0.208036	0.202286
0.187493	0.0385859	0.273942
0.192021	0.0260979	0.281893
0.262103	0.120449	0.117456
0.0386211	0.268253	0.193138
0.418932	0.0131366	0.0679425
0.0627037	0.192883	0.244425
0.313667	0.075984	0.110362
0.282126	0.0450134	0.172876
0.0141681	0.113638	0.372213
0.0882898	0.276272	0.135446
0.0643477	0.166009	0.269654
0.403479	0.073787	0.0227411
0.254804	0.0138066	0.231405
0.0661404	0.33944	0.0944344
0.217506	0.162271	0.120231
0.148418	0.328825	0.0227731
0.0613983	0.357513	0.0811087
0.0320934	0.092621	0.375299
0.0354834	0.129437	0.335092
0.000154	0.0954909	0.404366
0.158953	0.0515142	0.289698
0.0288896	0.437518	0.0336177
0.0144838	0.044406	0.441119
0.312548	0.101604	0.0858632
0.293177	0.0596871	0.147149
0.00382883	0.447112	0.0490798
0.107592	0.362565	0.0298491
0.339682	0.0145832	0.14575
0.00952607	0.353633	0.136853
0.307649	0.0605257	0.131846
0.140263	0.00374435	0.356008
0.0152318	0.0773032	0.40749
0.1293	0.177487	0.193235
0.016631	0.0835045	0.399877
0.237867	0.0530156	0.209124
0.456358	0.00872652	0.0349235
0.0923241	0.407512	0.000174005
0.075951	0.00412349	0.41995
0.114425	0.0495218	0.336062
0.471037	0.0173604	0.0116109
0.0719662	0.335167	0.0928752
0.322956	0.00418307	0.172877
0.185047	0.200208	0.11476
0.180452	0.0332417	0.286315
0.284142	0.210202	0.00567873
0.380165	0.0206397	0.0992184
0.00766134	0.492352	0
0.335414	0.141339	0.0232563
0.0105677	0.254617	0.234834
0.011757	0.0590321	0.429224
0.0509859	0.307264	0.14177
0.0123974	0.457092	0.0305222
0.131573	0.03027	0.338171
0.0945768	0.403038	0.0023964
0.00279219	0.385424	0.111805
0.251044	0.0613832	0.187592
0.00335877	0.463632	0.0330218
0.120201	0.213367	0.166441
0.1056	0.29514	0.0992822
0.0543388	0.281746	0.163925
0.00401273	0.489447	0.00654585
0.414659	0.0279356	0.0574236
0.207154	0.0602209	0.232635
0.296238	0.0566272	0.147149
0.0422936	0.219776	0.237942
0.142997	0.310922	0.0460887
0.0556369	0.300366	0.144007
0.0011724	0.00687156	0.491965
0.0686861	0.374721	0.0566032
0.0560433	0.0290619	0.414903
0.205383	0.0404062	0.254228
0.205751	0.110825	0.183434
0.401416	0.0270434	0.0715589
0.24647	0.237458	0.0160779
0.029253	0.157349	0.313413
0.0843183	0.201202	0.21449
0.0909247	0.273637	0.135446
0.0133944	0.00275577	0.483861
0.00807654	0.146504	0.345441
0.125703	0.0635506	0.310761
0.321649	0.159061	0.0193637
0.235171	0.175918	0.0889227
0.111968	0.258756	0.129284
0.232572	0.147787	0.119651
0.100826	0.267761	0.131421
0.0481229	0.119447	0.332437
0.480633	0.00529374	0.0140823
0.0783879	0.33924	0.0823841
0.00230545	0.149015	0.3487
0.145053	0.225253	0.129706
0.0169299	0.104742	0.378352
0.0675491	0.371139	0.0613241
0.214437	0.215564	0.0700052
0.000272794	0.462139	0.0376003
0.0700396	0.426273	0.00369682
0.0873981	0.262752	0.149861
0.19545	0.285466	0.0191524
0.079768	0.331828	0.0884125
0.389672	0.0622574	0.0480835
0.0500424	0.287066	0.162906
0.196979	0.287699	0.0154156
0.470749	0.0255077	0.00376501
0.222903	0.0420007	0.235108
0.390469	0.104247	0.00529053
0.118784	0.281956	0.0992824
0.119438	0.212815	0.167757
0.0326658	0.0176534	0.449703
0.283037	0.0581575	0.158825
0.101917	0.231257	0.166836
0.143954	0.138752	0.217306
0.0436614	0.0323701	0.423999
0.189684	0.301278	0.00904818
0.463353	0.0250407	0.0116108
0.151744	0.0051334	0.343137
0.00108834	0.15023	0.348695
0.249786	0.183332	0.0668937
0.213361	0.054636	0.232014
0.104696	0.227643	0.167668
0.29582	0.0451961	0.159012
0.0197097	0.471222	0.00908735
0.0191058	0.0348277	0.446074
0.0571976	0.163135	0.279684
0.249808	0.23412	0.016078
0.148113	0.222132	0.129765
0.221038	0.000247278	0.278723
0.172457	0.0354917	0.292071
0	0	0.500001
0.500002	0	0
0	0.500001	0
0.261162	0.178075	0.0660376
0.0872422	0.33759	0.0751697
0.0942848	0.0897646	0.315956
0.0549362	0.380491	0.0645803
0.0660407	0.420835	0.0131296
0.0145724	0.0468709	0.438557
0.0348706	0.454024	0.0111098
0.012648	0.389157	0.0981969
0.00200653	0.0487739	0.449227
0.272163	0.0944021	0.133438
0.326889	0.0427951	0.130322
0.379564	0.0676695	0.0527735
0.352709	0.00457517	0.142718
0.0733271	0.0695743	0.3571
0.00555428	0.396802	0.097647
0.192833	0.199499	0.107671
0.286282	0.00537143	0.208348
0.00872916	0.475	0.0162747
0.181832	0.297912	0.0202622
0.430781	0.0635885	0.00563195
0.302034	0.00517881	0.192788
0.0112605	0.446068	0.0426793
0.293812	0.191139	0.0150518
0.450188	0.045072	0.00475094
0.0469315	0.0305312	0.422541
0.490139	0.00561995	0.00424329
0.0269635	0.40307	0.0699719
0.0633967	0.42531	0.011295
0.00713989	0.481754	0.0111098
0.222256	0.275039	0.00270883
0.142773	0.0823111	0.274918
0.0410174	0.17491	0.284078
0.16889	0.161799	0.169316
0.0323121	0.409482	0.0582093
0.118438	0.270121	0.111442
0.0549342	0.306997	0.138075
0.214896	0.215995	0.0691106
0.0950484	0.0921061	0.312847
0.050692	0.121136	0.32818
0.100983	0.0132036	0.385819
0.0596178	0.371556	0.0688338
0.0380814	0.0495364	0.412389
0.196093	0.00254362	0.301365
0.173976	0.232202	0.0938247
0.0773696	0.414358	0.00827397
0.256586	0.0315226	0.211906
0.424486	0.0698834	0.00563195
0.0857245	0.259491	0.154787
0.148451	0.128561	0.222993
0.0359698	0.464031	0
0.0240966	0.311952	0.163954
0.363507	0.0196772	0.116823
0.283446	0.184396	0.0321632
0.201162	0.203128	0.0957158
0.000891626	0.0056551	0.493458
0.139798	0.0125106	0.347692
0.113553	0.366319	0.0201448
0.126429	0.117086	0.256489
0.211577	0.213281	0.0751472
0.107444	0.373397	0.019161
0.136413	0.0786445	0.284944
0.124331	0.123851	0.251824
0.0147447	0.207453	0.27781
0.104655	0.101415	0.293931
0.00260956	0.103374	0.394024
0.460587	0.00597451	0.0334411
0.0981529	0.330493	0.0713586
0.114522	0.0114658	0.374024
0.102368	0.0985882	0.299049
0.170698	0.195868	0.133439
0.146259	0.23632	0.117424
0.0830183	0.361488	0.055498
0.280087	0.072675	0.147239
0.33764	0.147421	0.0149422
0.133426	0.115615	0.250962
0.0533036	0.356322	0.0903778
0.24422	0.255415	0.000368406
0.0746961	0.0751551	0.350152
0.312048	0.0407172	0.147241
0.157456	0.141517	0.201034
0.00598734	0.488284	0.00573059
0.44328	0.0559746	0.000760647
0.386217	0.0114473	0.102338
0.412558	0.0578843	0.0295627
0	0.492779	0.00722202
0.00439617	0.0251208	0.470485
0.190557	0.189129	0.120323
0.465569	0.0091052	0.0253314
0.00645111	0.00638699	0.487167
0.332777	0.122883	0.0443473
0.161662	0.105169	0.233172
0.204972	0.136338	0.158703
0.0203236	0.136345	0.343333
0.249672	0.0332469	0.217096
0.0725472	0.0252698	0.402186
0.209922	0.204875	0.0852311
0.0483059	0.32407	0.127631
0.158501	0.228598	0.112904
0.157421	0.223356	0.119264
0.186473	0.251364	0.062166
0.10537	0.130394	0.264241
0.236264	0.218803	0.0449388
0.159687	0.00511688	0.335199
0.454907	0.0155322	0.0295625
0.0431323	0.168679	0.288191
0.466958	0.0301115	0.0029345
0.179536	0.167984	0.152484
0.153338	0.149808	0.196883
0.0381521	0.0432114	0.418643
0.183577	0.305321	0.0111099
0.15098	0.243947	0.105081
0.474229	0.000367705	0.0254048
0.321427	0.14384	0.0347403
0.304791	0.169678	0.0255382
0.0216411	0.287468	0.190894
0.349443	0.121207	0.0293515
0.0308948	0.061526	0.407582
0.0160968	0.0534855	0.430421
0.0149953	0.266429	0.218579
0.0576204	0.315225	0.127164
0.31486	0.137475	0.0476673
0.116817	0.0187636	0.364427
0.240283	0.24859	0.0111294
0.0444173	0.073749	0.381841
0.130798	0.34906	0.0201442
0.163355	0.150528	0.186118
0.0231984	0.155631	0.321172
0.226868	0.0280963	0.24504
0.0336844	0.438213	0.0281061
0.255921	0.238441	0.00564346
0.00636711	0.113661	0.379977
0.367843	0.131823	0.000337113
0.393527	0.0241918	0.0822852
0.407149	0.0521626	0.0406961
0.022654	0.151979	0.325369
0.10045	0.0956344	0.303922
0.143436	0.060108	0.296458
0.110284	0.109197	0.280525
0.153091	0.291575	0.0553612
0.177422	0.297046	0.0255381
0.0823333	0.292997	0.124672
0.0282281	0.0158896	0.455892
0.370458	0.0412935	0.0882541
0.153439	0.00830591	0.338262
0.08177	0.318501	0.099735
0.0103549	0.337076	0.152571
0.231994	0.0287312	0.239278
0.0771339	0.413096	0.00977189
0.192061	0.277935	0.030046
0.0741882	0.24241	0.183406
0.0196509	0.0482565	0.432096
0.226141	0.159442	0.114422
0.289738	0.192721	0.0175541
0.121349	0.110574	0.268084
0.321376	0.128572	0.0500549
0.397338	0.0213924	0.0812827
0.126821	0.116795	0.256388
0.211853	0.140719	0.147437
0.0249586	0.323111	0.151938
0.386952	0.0119341	0.101119
0.0985521	0.330093	0.0713584
0.0176289	0.000781924	0.481591
0.101592	0.130331	0.268085
0.0302001	0.00361048	0.46619
0.159924	0.160816	0.179287
0.189464	0.0865528	0.223993
0.0982062	0.00726106	0.394534
0.0573214	0.0372904	0.405392
0.132893	0.217145	0.149971
0.0079233	0.317983	0.174098
0.0331667	0.431478	0.0353583
0.48523	0.0144158	0.000357592
0.00969447	0.261661	0.228649
0.251872	0.156771	0.0913602
0.164605	0.219695	0.115702
0.274927	0.0341816	0.190893
0.18691	0.0853859	0.227714
0.0101295	0.180824	0.309052
0.0154296	0.00958329	0.474989
0.0138894	0.180693	0.30542
0.376555	0.0237337	0.0997182
0.338395	0.0383233	0.123291
0.124499	0.107879	0.267627
0.029372	0.231353	0.239277
0.0249406	0.443133	0.0319294
0.2801	0.182219	0.0376828
0.0269362	0.282173	0.190894
0.242718	0.134107	0.123182
0.418993	0.075278	0.00573059
0.0334347	0.434965	0.0316032
0.18431	0.0802783	0.235414
0.0718652	0.345447	0.0826935
0.229833	0.0284636	0.241707
0.34361	0.0574053	0.0989905
0.201653	0.134131	0.164228
0.394918	0.0253143	0.0797742
0.477678	0.0180627	0.00427408
0.0509622	0.398068	0.0509891
0.0375141	0.117501	0.345029
0.280464	0.0962821	0.123273
0.104353	0.227526	0.168187
0.151692	0.148067	0.200257
0.0144915	0.0818483	0.403667
0.097684	0.00936806	0.392965
0.0203489	0.120076	0.359592
0.0244183	0.000665583	0.475219
0.449825	0.0235122	0.0266696
0.441456	0.0384319	0.0201318
0.00559413	0.473256	0.0211821
0.00639836	0.036949	0.456683
0.0671709	0.371378	0.0614694
0.436256	0.0379792	0.0257826
0.466848	0.0224689	0.0106876
0.0412998	0.129739	0.328979
0.428127	0.0486507	0.0232978
0.0612396	0.436404	0.00239235
0.221762	0.195814	0.0824411
0.0104785	0.485395	0.00413416
0.043862	0.00481908	0.451342
0.407697	0.0406486	0.0516701
0.197653	0.214332	0.0979456
0.228412	0.259088	0.0125158
0.0219594	0.253201	0.224849
0.247988	0.246357	0.00567999
0.0521492	0.408509	0.0393687
0.0146845	0.426983	0.0583561
0.145138	0.0439658	0.310934
0.0336109	0.175443	0.290966
0.139443	0.28927	0.0713193
0.341797	0.15337	0.00484825
0.0698622	0.106545	0.323636
0.0647863	0.382295	0.0529362
0.314037	0.0639166	0.122059
0.00446343	0.0137901	0.481809
0.350245	0.00549102	0.144288
0.0240401	0.0923452	0.383627
0.12915	0.324958	0.0458962
0.454947	0.0425007	0.00256719
0.093979	0.389726	0.0163151
0.000162041	0.131762	0.368085
0.413705	0.0112766	0.0753324
0.0218816	0.252304	0.225861
0.373349	0.0724072	0.0542583
0.136025	0.145398	0.218591
0.158888	0.171658	0.169478
0.155778	0.181807	0.16243
0.388931	0.0545866	0.0565014
0.0960624	0.00682364	0.397133
0.0745166	0.0881942	0.337297
0.0901339	0.277378	0.132505
0.0746414	0.00793526	0.417436
0.122108	0.101795	0.276134
0.170199	0.168781	0.161055
0.106668	0.0423872	0.350957
0.331096	0.0774935	0.0914215
0.490775	0.00198931	0.00725204
0.293313	0.202764	0.0039419
0.0096832	0.0513337	0.439013
0.00235278	0.348445	0.149219
0.0580221	0.304608	0.137442
0.00827889	0.459841	0.0319004
0.000553841	0.450351	0.0491049
0.187275	0.189502	0.123283
0.0115351	0.0624972	0.425984
0.0281001	0.239525	0.232389
0.401511	0.0687372	0.029761
0.133975	0.336794	0.0292861
0.365509	0.00493462	0.129573
0.0542005	0.329072	0.116754
0.0742411	0.0181411	0.407922
0.00863409	0.0486861	0.442691
0.168151	0.0161259	0.315739
0.0762304	0.389231	0.0345556
0.115471	0.00385283	0.38069
0.0668998	0.377313	0.0558142
0.261761	0.0275967	0.210687
0.0796301	0.334662	0.0857256
0.375277	0.106101	0.0186376
0.00690164	0.187902	0.305233
0.22432	0.0591414	0.216547
0.249307	0.245038	0.00567999
0.176867	0.315611	0.00753252
0.0030641	0.00962553	0.487358
0.311833	0.075353	0.112826
0.462307	0.0270228	0.0106879
0.0799214	0.184518	0.235575
0.190607	0.158485	0.150926
0.00463633	0.495097	0.000285485
0.179302	0.165552	0.155181
0.087559	0.275057	0.137437
0.321629	0.102876	0.0755271
0.338159	0.150818	0.011035
0.0261703	0.365863	0.107985
0.303187	0.0698369	0.126986
0.0540756	0.270184	0.175745
0.204764	2.77207e-05	0.295252
0.0195362	0.29892	0.181558
0.333447	0.156816	0.00974443
0.110982	0.018847	0.370196
0.0300435	0.279689	0.190297
0.143004	0.0680386	0.288968
0.055359	0.351256	0.0933892
0.210533	0.00366814	0.285807
0.361969	0.0275876	0.110469
0.0543169	0.424098	0.0215989
0.0388503	0.0871705	0.373992
0.175907	0.287366	0.0367968
0.475493	0.00657488	0.0179348
0.0778775	0.16327	0.258859
0.000894121	0.469355	0.029761
0.113235	0.0333661	0.353413
0.0465877	0.451037	0.00239226
0.0336933	0.162807	0.30353
0.275411	0.0488525	0.175747
0.0716261	0.111688	0.316705
0.0529615	0.414872	0.0321891
0.0151712	0.0587049	0.426139
0.12137	0.238005	0.140667
0.265677	0.0562921	0.178042
0.0921913	0.341217	0.066955
0.0159873	0.440695	0.0433683
0.0657615	0.363585	0.0706751
0.236453	0.241047	0.022514
0.01894	0.226462	0.254611
0.358942	0.0895524	0.0515289
0.0212436	0.125356	0.353409
0.127863	0.265248	0.106918
0.131204	0.114141	0.254672
0.12553	0.295157	0.0793374
0.061582	0.139722	0.298753
0.0308024	0.226052	0.243166
0.0343093	0.000709817	0.464991
0.190588	0.203963	0.105662
0.496996	0.00119888	0.00181183
0.232298	0.23681	0.0309027
0.115214	0.122424	0.262374
0.0654271	0.356708	0.0778795
0.00610453	0.245577	0.248335
0.287796	0.0286941	0.183532
0.112967	0.00989648	0.377156
0.0410627	0.261793	0.197153
0.162521	0.0704468	0.267063
0.0572844	0.144005	0.298731
0.216598	0.0657544	0.217666
0.220325	0.210274	0.0694292
0.0268114	0.410236	0.0629698
0.0736291	0.00699578	0.419396
0.0284141	0.233283	0.23833
0.326989	0.104591	0.0684492
0.383794	0.0509972	0.0652223
0.0431043	0.146372	0.310542
0.201128	0.191954	0.106939
0.308568	0.0316274	0.159822
0.1825	0.0484801	0.279089
0.083641	0.334963	0.0814134
0.00635397	0.10619	0.387468
0.233097	0.0853549	0.181556
0.25685	0.237899	0.00526772
0.0806977	0.0863709	0.332996
0.0363239	0.0301771	0.433514
0.308655	0.0266611	0.164697
0.0658384	0.341793	0.101143
0.239892	0.221703	0.0384159
0.00251668	0.00246434	0.495034
0.163308	0.178509	0.158204
0.0868588	0.306231	0.106941
0.0629532	0.309406	0.127658
0.296492	0.0185367	0.184994
0.0566414	0.442428	0.000950001
0.347537	0.138048	0.0144329
0.209355	0.232522	0.0581315
0.394897	0.0697087	0.0354103
0.0640873	0.355326	0.0806058
0.234295	0.224386	0.0413299
0.262912	0.0509891	0.186119
0.0340934	0.000925302	0.464986
0.0482195	0.310857	0.140931
0.412931	0.072892	0.0141821
0.485046	0.0144092	0.000558943
0.421734	0.0482808	0.0300184
0.113563	0.120669	0.265781
0.291622	0.137128	0.0712769
0.284987	0.00776803	0.207261
0.0901614	0.206679	0.203169
0.226699	0.211073	0.0622394
0.036662	0.192511	0.270859
0.335203	0.022707	0.1421
0.479975	0.0146003	0.00543174
0.322275	0.134333	0.0434161
0.217075	0.000879893	0.282061
0.00583745	0.00153903	0.492633
0.0436659	0.137172	0.319181
0.178198	0.283376	0.0384437
0.193771	0.207369	0.0990754
0.00199265	0.145817	0.352197
0.30222	1.0249e-05	0.197785
0.0382185	0.199197	0.262597
0.0670432	0.107638	0.325329
0.292375	0.061043	0.146591
0.138508	0.0470175	0.314483
0.0431281	0.0907555	0.366124
0.26698	0.00279105	0.230244
0.177832	0.131324	0.190855
0.335302	0.117517	0.0471842
0	0.189147	0.310857
0.257616	0.166645	0.0757619
0.282421	0.138738	0.0788463
0.0111499	0.346243	0.142629
0.0205471	0.0302676	0.449191
0.327952	0.00688608	0.165169
0.101627	0.1044	0.29398
0.313232	0.168699	0.0180768
0.417477	0.0122872	0.0702408
0.231451	0.0752411	0.193312
0.145763	0.307853	0.0463875
0.154617	0.262359	0.0830363
0.0429647	0.159596	0.297445
0.139715	0.268181	0.0921129
0.0721877	0.38515	0.0426682
0.27085	0.00528355	0.223874
0.439822	0.0530221	0.00716207
0.288794	0.126754	0.0844624
0.160497	0.28533	0.0541835
0.179289	0.30126	0.0194709
0.388682	0.0344375	0.0768895
0.242435	0.206473	0.0511067
0.0468677	0.277227	0.175913
0.176623	0.323358	3.48476e-05
0.447198	0.00442086	0.0483838
0.0597251	0.406953	0.0333374
0.260735	0.0281212	0.211153
0.427045	0.0168839	0.0560761
0.00547663	0.249875	0.244668
0.168891	0.243252	0.0878624
0.362027	0.0206622	0.117318
0.0479888	0.293719	0.158298
0.189751	0.0260719	0.28418
0.0212115	0.475098	0.00369665
0.0990686	0.214255	0.186684
0.11877	0.163445	0.217792
0.400026	0.0468819	0.0531006
0.00025599	0.0423774	0.457389
0.0236536	0.143554	0.332805
0.00537862	0.245403	0.249251
0.43208	0.00707011	0.0608573
0.149349	0.230719	0.119943
0.194901	0.0278951	0.277214
0.395448	0.0884664	0.0161048
0.063828	0.35269	0.0834941
0.0968562	0.203817	0.199333
0.247252	0.0135746	0.239178
0.407521	0.0232587	0.0692256
0.197283	0.175385	0.127339
0.244919	0.0727524	0.182349
0.204718	0.029241	0.266051
0.17238	0.0718215	0.255807
0.187836	0.00505045	0.307121
0.235596	0.127828	0.13658
0.0177258	0.0370778	0.445207
0.116246	0.180276	0.203486
0.0934151	0.36933	0.037263
0.199664	0.173078	0.127263
0.133873	0.211076	0.155056
0.151718	0.333883	0.0144128
0.166551	0.297316	0.0361382
0.0591265	0.328383	0.112497
0.469786	0.0196994	0.01052
0.0158535	0.388925	0.0952306
0.323376	0.0987776	0.0778497
0.140765	0.2183	0.140944
0.0421798	0.0702282	0.387598
0.00489089	0.00869312	0.486423
0.0400203	0.113866	0.346122
0.0781993	0.291029	0.130778
0.0926528	0.153962	0.2534
0.492422	0.00745323	0.000130026
0.345117	0.0693829	0.0855142
0.276838	0.150825	0.0723452
0.0128264	0.391954	0.0952311
0.110662	0.185862	0.203488
0.0453331	0.300876	0.153799
0.0387542	0.431692	0.0295607
0.0178518	0.339537	0.142628
0.033569	0.0946461	0.371794
0.210267	0.050561	0.23918
0.349665	0.14091	0.00943119
0.483136	0.0129903	0.00388126
0.00814921	0.0208106	0.471045
0.0575772	0.380501	0.061936
0.0635865	0.0541544	0.382271
0.0238411	0.0566863	0.419479
0.0192603	0.479474	0.00127344
0.00273519	0.0048785	0.492391
0.0187155	0.000795794	0.480509
0.0222331	0.0528631	0.42491
0.102884	0.376207	0.0209357
0.112712	0.238049	0.14926
0.247241	0.224503	0.0282651
0.348253	0.0623266	0.0894328
0.380088	0.021693	0.0982276
0.0572472	0.305329	0.137429
0.228486	0.0928031	0.178719
0.0190836	0.0843653	0.396561
0.215818	0.0763247	0.20787
0.12488	0.318618	0.0565095
0.126513	0.205491	0.168001
0.315518	0.0161626	0.168329
0.0714788	0.14107	0.287459
0.130392	0.00142453	0.368203
0.320652	0.0164256	0.162931
0.153542	0.0652034	0.281262
0.163009	0.233307	0.103688
0.355651	0.0795631	0.0647985
0.243497	0.122593	0.133919
0.0287414	0.170586	0.30068
0.0185105	0.0818315	0.399668
0.413283	0.0121637	0.0745567
0.216663	0.0710028	0.212342
0.00252158	0.417431	0.0800727
0.463399	0.00869458	0.0279262
0.105608	0.336295	0.0581108
0.0913476	0.403115	0.00555212
0.16327	0.231811	0.104925
0.0365198	0.463462	3.48477e-05
0.0501898	0.141508	0.308307
0.0108752	0.0263008	0.462835
0.120273	0.0482753	0.331465
0.200695	0.0297797	0.269529
0.00538237	0.0858579	0.408768
0.118209	0.271207	0.110593
0.148841	0.0772682	0.273899
0.281572	0.0397167	0.178719
0.355791	0.0916699	0.0525464
0.376253	0.113404	0.0103477
0.188468	0.272454	0.0390791
0.0713465	0.423447	0.00521675
0.0242502	0.171619	0.304141
0.212069	0.0830777	0.20486
0.0673165	0.00180997	0.430881
0.0257438	0.458163	0.0161045
0.170151	0.000957756	0.328898
0.454777	0.0403335	0.00489628
0.131455	0.313044	0.0555075
0.384225	0.109292	0.0064905
0.206773	0.0489932	0.244242
0.339978	0.0595761	0.100465
0.0144243	0.48558	0
0.153128	0.0673568	0.279522
0.0530411	0.012698	0.434277
0.111371	0.276139	0.112497
0.277839	0.00429429	0.217876
0.0889475	0.261364	0.149692
0.0240478	0.468753	0.00720804
0.0958552	0.228241	0.175914
0.362039	0.0794464	0.0585288
0.490064	0	0.00993939
0.0273257	0.450072	0.0226085
0.0032405	0.237132	0.259635
0.42943	0.0290087	0.0415669
0.226418	0.0701236	0.203467
0.223748	0.1214	0.154856
0.0951916	0.152984	0.251839
0.0703692	0.253726	0.175913
0.132258	0.36221	0.00555219
0.123602	0.170096	0.206304
0.00881588	0.257028	0.234167
0.104413	0.210253	0.185339
0.0350029	0.445546	0.0194709
0.0338756	0.357756	0.108386
0.451679	1.53175e-05	0.0483208
0.108035	0.220479	0.171494
0.338324	0.0533073	0.108386
0.00190778	0.260437	0.237661
0.463423	0.00866921	0.0279262
0.0616568	0.0228059	0.415542
0.0391211	0.435779	0.0251081
0.107653	0.23046	0.161894
0.118444	0.041602	0.339967
0.00235742	0.000662861	0.496987
0.00460443	0.494132	0.00127345
0.115057	0.0423897	0.342562
0.474199	0	0.025808
0.218567	0.022488	0.258953
0.478744	0.0193668	0.00190417
0.100045	0.395541	0.0044223
0.00411313	0.415838	0.0800725
0.0833268	0.174298	0.242386
0.0600663	0.0243968	0.415544
0.160571	0.285461	0.0539751
0.0525393	0.316846	0.130638
0.0817768	0.356473	0.0617594
0.00159137	0.0361542	0.462273
0.00125364	0.144295	0.354463
0.0196562	0.468314	0.0120521
0.0424836	0.385915	0.0716338
0.0206727	0.0306074	0.448742
0.290453	0.0166371	0.192921
0.153255	0.220904	0.125874
0.0157577	0.480058	0.00419863
0.195928	0.286939	0.0171675
0.19067	0.0406542	0.268692
0.176852	0.260516	0.0626566
0.257462	0.0948749	0.147679
0.217744	0.0809841	0.201298
0.423155	0.0126231	0.0642326
0.270403	0.123687	0.105922
0.072095	0.373169	0.054759
0.00994264	0.315392	0.174695
0.0151348	0.406789	0.0780865
0.0170126	0.140391	0.342612
0.123022	0.138149	0.238842
0.00355625	0.30982	0.186653
0.452868	0.00514149	0.0420015
0.00752324	0.273624	0.218873
0.169034	0.24255	0.088451
0.00487403	0.486146	0.00902945
0.0321756	0.299021	0.168837
0.0708972	0.0274807	0.401636
0.279637	0.0570559	0.163318
0.184072	0.212673	0.103268
0.0959071	0.39959	0.00451892
0.0794361	0.097435	0.323169
0.397317	0.0658704	0.0368264
0.00603936	0.123492	0.370483
0.349083	0.0405056	0.110427
0.161391	0.303998	0.0346405
0.0991006	0.0223011	0.378608
0.115761	0.335669	0.0485838
0.051332	0.427736	0.0209455
0.304381	0.0624279	0.133206
0.366434	0.110348	0.0232443
0.480669	0.0161237	0.00322241
0.00185849	0.00230278	0.495851
0.434692	0.0146162	0.0507206
0.224262	0.24049	0.0352591
0.459116	0.0148124	0.0261185
0.0952948	0.0874631	0.317272
0.0826812	0.155557	0.261791
0.0360969	0.191471	0.272444
0.0931162	0.128103	0.27879
0.060372	0.075515	0.364152
0.231692	0.207989	0.0603699
0.0451396	0.362748	0.0921294
0.334721	0.148115	0.0171793
0.0773219	0.000113025	0.422592
0.317238	0.177709	0.00506632
0.147499	0.0160637	0.336475
0.00547118	0.494543	0
0.114358	0.129609	0.256055
0.330995	0.0188627	0.150176
0.103533	0.0225833	0.373915
0.414984	0.0330458	0.0519861
0.0687142	0.169526	0.261793
0.0231501	0.341238	0.13563
0.00119357	0.0242691	0.474583
0.137067	0.16278	0.200167
0.00879806	0.008075	0.483137
0.0788392	0.113486	0.307711
0.00580939	0.00808791	0.486115
0.373297	0.0336117	0.0931031
0.174671	0.317527	0.00782644
0.465376	0.0213421	0.013297
0.13434	0.159542	0.206132
0.0413718	0.344828	0.113818
0.194291	0.0501412	0.255583
0.447209	0.0133407	0.0394652
0.471671	0.0191012	0.00923804
0.0883448	0.354616	0.0570622
0.0458341	0.368328	0.0858543
0.388451	0.0851742	0.0264019
0.186752	0.0846685	0.228607
0.00373634	0.32551	0.17078
0.205998	0.293087	0.000938773
0.262193	0.229695	0.00812926
0.0234653	0.461509	0.0150799
0.352845	0.0323969	0.114777
0.230444	0.069396	0.200186
0.180313	0.253469	0.0662282
0.00718991	0.251922	0.240915
0.440798	0.0148215	0.0444067
0.242136	0.0787633	0.179127
0.00861545	0.0527498	0.43868
0.106353	0.118354	0.275356
0.38415	0.115683	0.000180404
0.0124097	0.389355	0.0982637
0.13243	0.203993	0.16359
0.108492	0.10903	0.282492
0.237845	0.0518804	0.210305
0.00742862	0.270183	0.222452
0.11746	0.348708	0.0338489
0.00152664	0.136407	0.362103
0.147149	0.236028	0.116837
0.296326	0.166445	0.0372409
0.0543481	0.39534	0.0503464
0.0284457	0.330798	0.140767
0.120193	0.0672447	0.312595
0.0647276	0.0195122	0.415784
0.0658585	0.0239008	0.410277
0.158145	0.180117	0.161758
0.0340456	0.0372723	0.428712
0.186556	0.281809	0.0316737
0.0160166	0.00944681	0.474596
0.486591	0.00646072	0.00697901
0.276383	0.0602163	0.163415
0.405637	0.0864889	0.00788936
0.16475	0.00524363	0.330064
0.210174	0.199972	0.0899126
0.36815	0.00191741	0.12995
0.343363	0.00340131	0.153253
0.142204	0.197391	0.160421
0.0320591	0.278946	0.189008
0.278286	0.126168	0.0955728
0.0128444	0.0631823	0.423983
0.44299	0.0452181	0.0118642
0.408453	0.0677166	0.0238443
0.130932	0.160197	0.20889
0.209828	0.189376	0.100805
0.0894112	0.257353	0.153253
0.324922	0.145977	0.0291184
0.0297052	0.133385	0.336943
0.0407238	0.339427	0.119868
0.00656731	0.267335	0.226161
0.14457	0.172466	0.18298
0.00441793	0.415771	0.079862
0.12764	0.157711	0.214661
0.120237	0.129285	0.250492
0.340564	0.00337358	0.15608
0.379488	0.0826075	0.0379172
0.047512	0.43718	0.0153183
0.266693	0.103374	0.12995
0.310942	0.173963	0.0151064
0.0382328	0.41532	0.0464665
0.212653	0.104882	0.182484
0.200916	0.224202	0.0748965
0.399355	0.0662083	0.0344498
0.0200838	0.182978	0.296951
0.00745208	0.0910037	0.401565
0.33763	0.0108929	0.151509
0.0656397	0.379622	0.0547586
0.246908	0.0739974	0.17913
0.0578941	0.409987	0.032135
0.110072	0.0983702	0.291573
0.163871	0.0475885	0.288555
0.199982	0.000967811	0.299065
0.0479562	0.421867	0.0301988
0.140835	0.126427	0.232789
0.0394824	0.351759	0.108767
0.00162067	0.169953	0.328461
0.140087	0.165447	0.19448
0.324891	0.023632	0.15151
0.234969	0.213451	0.0515955
0.0284041	0.330314	0.141292
0.045741	0.0588181	0.395457
0.094024	0.391745	0.0142464
0.055259	0.377378	0.0673786
0.08348	0.410642	0.005891
0.0210057	0.193283	0.285722
0.0172861	0.142648	0.340082
0.0222954	0.458542	0.0191819
0.0168874	0.234623	0.248506
0.263341	0.0409996	0.195674
0.0139704	0.0513044	0.434769
0.427724	0.0448763	0.0274191
0.0158979	0.455886	0.0283147
0.316259	0.180505	0.00324765
0.062104	0.352397	0.0855169
0.298529	0.00856104	0.192921
0.0384298	0.433118	0.0284712
0.0824601	0.0320951	0.385485
0.0671441	0.0183946	0.414475
0.375361	0.0231212	0.101531
0.0276478	0.0393343	0.433048
0.214822	0.11356	0.171645
0.254921	0.0554916	0.1896
0.358251	0.135371	0.00639455
0.104334	0.0930625	0.302613
0.17195	0.293439	0.0346406
0.359927	0.140101	0
0.223036	0.250825	0.0261494
0.0461528	0.423371	0.0304975
0.214602	0.204185	0.0812924
0.00826673	0.100952	0.390799
0.201351	0.175102	0.123588
0.301027	0.131607	0.0673782
0.250352	0.196406	0.0532543
0.154502	0.221152	0.124358
0.0490372	0.449613	0.00136479
0.131239	0.18435	0.184425
0	0.499917	9.23685e-05
0.00307462	0.0311882	0.46579
0.481643	0.00488863	0.0135085
0.346756	0.0814907	0.071909
0.0349987	0.460935	0.00422958
0.0250666	0.0216802	0.453308
0.0416197	0.275748	0.18269
0.36463	0.0173404	0.118086
0.138891	0.140285	0.220882
0.0729631	0.000338104	0.432732
0.0119844	0.419306	0.0687901
0.186948	0.280318	0.0327523
0.0607255	0.0636368	0.37572
0.17623	0.323236	0.00060588
0.144867	0.0511387	0.304054
0.257935	0.0630025	0.179165
0.0223575	0.29104	0.186715
0.275242	0.0202696	0.210642
0.329367	0.0657123	0.104945
0.0679527	0.0188586	0.413933
0.0523617	0.425153	0.0225128
0.168235	0.270257	0.0616312
0.118049	0.222578	0.159486
0.0161234	0.372621	0.111368
0.114265	0.0292959	0.35651
0.0275329	0.393264	0.0792458
0.267946	0.0775434	0.154546
0.123835	0.12573	0.250575
0.0137227	0.432524	0.0538229
0.213804	0.0111926	0.275062
0.470264	0.0263398	0.00343204
0.056713	0.0586334	0.384713
0.405039	0.0419967	0.0530511
0.0103441	0.0154829	0.474194
0.00500875	0.00308564	0.491929
0.100502	0.388007	0.0115399
0.205513	0.132845	0.161741
0.0513683	0.35111	0.0975854
0.07208	0.00342785	0.424581
0.0182273	0.116191	0.366597
0.254367	0.0190869	0.226639
0.29896	0.0142174	0.18695
0.250667	0.0151591	0.234211
0.00429932	0.405164	0.090587
0.294069	0.197105	0.00886424
0.39912	0.0189806	0.0819622
0.458084	0.0364378	0.00548852
0.140099	0.333755	0.0261711
0.0312962	0.367244	0.101522
0.0970654	0.0135365	0.389443
0.0445404	0.451808	0.00375552
0.246849	0.168807	0.0843994
0.0396084	0.263996	0.196451
0.1275	0.306333	0.0663031
0.315701	0.0466854	0.137669
0	0.180855	0.319178
0.08136	0.149228	0.269435
0.0497968	0.161413	0.28888
0.375694	0.0992019	0.0252024
0.0346479	0.357162	0.108244
0.287597	0.0707015	0.141731
0.0786002	0.374366	0.0470842
0.000521354	0.48989	0.00967642
0.439226	0.0539277	0.00695163
0.0270772	0.379563	0.0934099
0.389354	0.0905531	0.0201446
0.0432762	0.0374297	0.419363
0.0304045	0.347129	0.122587
0.32528	0.173089	0.00176939
0.0467199	0.0554259	0.397943
0.337271	0.0280545	0.134717
0.020565	0.475268	0.00422872
0.351917	0.128267	0.0198561
0.00605855	0.0838006	0.410939
0.0840802	0.0233343	0.393364
0.43424	0.0319787	0.0399122
0.00580022	0.00868167	0.485537
0.219172	0.00418131	0.276689
0.394487	0.0484347	0.0571276
0.424748	0.0401508	0.0351356
0.226723	0.0242273	0.249071
0.000675654	0.479884	0.0194738
0.224682	0.242727	0.0327191
0.350398	0.11353	0.0361831
0.449653	0.0351845	0.0152395
0.310219	0.185679	0.00417209
0.384699	0.0984289	0.0169204
0.429169	0.0640186	0.00689254
0.0139332	0.484965	0.00117587
0.031087	0.0268872	0.442084
0.116911	0.214277	0.168853
0.00802615	0.159555	0.332474
0.220735	0.229623	0.0496714
0.109589	0.132349	0.258108
0.211997	0.196399	0.0916269
0.107316	0.0953598	0.297396
0.00957866	0.411924	0.078568
0.444597	0.0459318	0.00949585
0.169302	0.270336	0.0604699
0.333879	0.123547	0.0426193
0.182328	0.18967	0.128033
0.0160508	0.00988807	0.474105
0.179554	0.0901355	0.230354
0.022958	0.301661	0.175407
0.363341	0.0927084	0.0440176
0.102768	0.0260001	0.371354
0.242311	0.0423265	0.215551
0.174762	0.0975119	0.227819
0.171146	0.0450369	0.283868
0.149171	0.109233	0.241611
0.319577	0.078059	0.102456
0.0887178	0.21135	0.199966
0.0879093	0.155552	0.256551
0.141701	0.338402	0.0200149
0.207964	0.183652	0.108448
0.147616	0.108095	0.244297
0.0743782	0.141805	0.283869
0.0427924	0.0940939	0.363234
0.0499065	0.439741	0.0104803
0.163781	0.307796	0.0284803
0.103641	0.244565	0.151899
0.186443	0.227173	0.0864407
0.0848558	0.0877292	0.327556
0.239664	0.0562279	0.204188
0.289336	0.105457	0.105246
0	0.497923	0.0022957
0.489054	0	0.0109844
0.493069	0.00566247	0.00127495
0.0570047	0.0583509	0.384744
0.154713	0.298106	0.0472575
0.108836	0.247471	0.143777
0.0381258	0.291713	0.170267
0.305807	0.0857324	0.108589
0.237016	0.0556065	0.207466
0.0546345	0.411088	0.0344258
0.164026	0.206926	0.129087
0.26139	0.200181	0.0384562
0.0264494	0.136424	0.337357
0.163243	0.296369	0.0404385
0.0506401	0.446204	0.00333324
0.264177	0.164236	0.071614
0.201734	0.255691	0.0426192
0.369788	0.0862386	0.0440154
0.0876822	0.210317	0.202136
0.240246	0.152602	0.107229
0.00430603	0.405797	0.0899361
0.41836	0.0247947	0.0568816
0.0471536	0.111508	0.341384
0.278341	0.186563	0.035143
0.225298	0.232927	0.0418303
0.0926745	0.261117	0.146264
0.321881	0.17643	0.0017047
0.194354	0.168049	0.137675
0.112712	0.311311	0.0760181
0.280536	0.0768716	0.142736
0.417758	0.0247591	0.0575318
0.112055	0.0821444	0.305843
0.0470339	0.0151735	0.438591
0.00530014	0.00791286	0.487584
0.14734	0.039395	0.31333
0.129325	0.294058	0.0767079
0.188414	0.121664	0.189946
0.380813	0.0394848	0.0797876
0.105009	0.25211	0.149048
0.0623024	0.341534	0.0962186
0.135109	0.236107	0.128834
0.0276748	0.448463	0.0238972
0.260159	0.0295568	0.216396
0.158947	0.340529	0.000605893
0.0297175	0.46975	0.000605882
0.116201	0.376659	0.00722956
0.00598258	0.148969	0.345161
0.0709402	0.0779184	0.35121
0.371797	0.103121	0.0252036
0	0.15071	0.349313
0.462524	0.0251891	0.0123872
0.358817	0.10691	0.0344262
0.283944	0.0721312	0.144032
0.0909329	0.216627	0.192487
0.0535143	0.436099	0.0104796
0.0979007	0.160502	0.24161
0.00290263	0.213293	0.283885
0.0298614	0.361951	0.108245
0.000217979	0.204824	0.295046
0.232375	0.170161	0.0974881
0.0841559	0.0745238	0.341423
0.0180573	0.146173	0.335812
0.196767	0.0413347	0.261952
0.00857581	0.365854	0.125612
0.356938	0.0381419	0.104945
0.0231779	0.163953	0.312907
0.0611815	0.39007	0.0488123
0.0267267	0.0244109	0.44894
0.13624	0.218414	0.145384
0.157131	0.105578	0.237337
0.466758	0.0332485	0
0.0451381	0.11849	0.336636
0.210851	0.0559477	0.233205
0.0673016	0.281277	0.151434
0.00369694	0.486152	0.0101601
0.304189	0.122154	0.0736597
0.31111	0.0713491	0.117545
0.0204475	0.374479	0.105076
0.107813	0.387225	0.00497476
0.0473834	0.0253585	0.42726
0.0255977	0.423862	0.0505468
0.147633	0.296494	0.0558757
0.139458	0.0304095	0.330144
0.133643	0.302888	0.0634789
0.0737326	0.210986	0.215287
0.240309	0.204981	0.0547225
0.421538	0.0666597	0.0118051
0.329988	0.0922067	0.0778065
0.108548	0.14172	0.24974
0.463508	0.0034849	0.0330114
0.480755	0.011046	0.00820059
0.118958	0.0367627	0.3443
0.0310616	0.0359756	0.432964
0.364753	0.0864281	0.0488215
0.128205	0.307575	0.0642319
0.457837	0.0290762	0.0130923
0.0456279	0.352769	0.101604
0.204101	0.216883	0.0790185
0.432136	0.031809	0.036064
0.0942644	0.0206122	0.385129
0.246539	0.111729	0.141733
0.381564	0.0832016	0.0352406
0.0445587	0.186088	0.269359
0.0538602	0.416417	0.0297251
0.157765	0.158561	0.18368
0.0483463	0.413043	0.03862
0.0519114	0.145108	0.302986
0.0607573	0.35983	0.0794257
0.33568	0.0899078	0.0744151
0.0132609	0.105643	0.381102
0.191547	0.220843	0.0876512
0.0337082	0.395867	0.0704559
0.441827	0.0571259	0.00106133
0.151219	0.0149717	0.333828
0.102607	0.313701	0.0836963
0.230037	0.0133637	0.256604
0.286696	0.0946952	0.118619
0.12097	0.264729	0.114304
0.0142667	0.00159406	0.484146
0.488769	0.0112301	2.73836e-06
0.258668	0.0735208	0.16782
0.0337858	0.00472622	0.461491
0.385553	0.0913566	0.0231005
0.324809	0.108081	0.0671122
0.404267	0.0520708	0.0436757
0.0490802	0.209019	0.241906
0.178001	0.0421772	0.279833
0.393231	0.0631072	0.0436758
0.472619	0.00813825	0.0192453
0.160554	0.21821	0.121242
0.0146254	0.17224	0.313167
0.0169089	0.247423	0.235674
0.0146425	0.339499	0.145861
0.412944	0.04517	0.0418932
0.31877	0.0339671	0.147272
0.00274512	0.496061	0.00119659
0.100255	0.201539	0.198245
0.0158295	0.133116	0.351061
0.0113761	0.0136947	0.474943
0.182887	0.179584	0.137542
0.0340599	0.0203212	0.445627
0.203486	0.00149263	0.295059
0.292993	0.0190412	0.18798
0.00680513	0.0876221	0.405582
0.399137	0.0953286	0.00554035
0.153869	0.344598	0.00153823
0.0285687	0.403821	0.0676152
0.0432027	0.363802	0.093006
0.01308	0.0756396	0.411297
0.219524	0.226833	0.0536476
0.347877	0.0910084	0.0611472
0.105742	0.127339	0.266921
0.0192354	0.390201	0.090565
0.26474	0.206695	0.0285654
0.254997	0.160241	0.0847687
0.117095	0.252091	0.13082
0.339352	0.122872	0.0377806
0.250648	0.117729	0.131624
0.200974	0.0365838	0.262451
0.196154	0.256097	0.0477563
0.180701	0.0357753	0.283527
0.0205629	0.316706	0.16274
0.416839	0.0148124	0.0683537
0.0138149	0.480137	0.0060501
0.044561	0.437791	0.0176574
0.0211698	0.0605775	0.418258
0.0291517	0.0809525	0.389901
0.166502	0.175639	0.157868
0.110998	0.114941	0.274063
0.0542504	0.37268	0.0730734
0.0336584	0.463461	0.00288255
0.10498	0.137061	0.257967
0.0357733	0.445372	0.0188577
0.0810435	0.242579	0.176388
0.00377488	0.249379	0.246854
0.245039	0.0800429	0.17492
0.0411977	0.360947	0.0978583
0.0987768	0.273995	0.127231
0.279119	0.0966739	0.124218
0.177165	0.164974	0.157867
0.126201	0.348962	0.0248511
0.131053	0.178115	0.190838
0.0965047	0.00267589	0.40085
0.499205	0.000804222	0
0.274482	0.100665	0.12486
0.268821	0.0595167	0.171665
0.0468398	0.258637	0.194528
0.270814	0.099885	0.129306
0.0582935	0.0673865	0.374322
0.088906	0.102717	0.30842
0.295357	0.000444776	0.2042
0.357908	0.118993	0.0231
0.377908	0.0374367	0.0846558
0.00620199	0.468678	0.0251356
0.162569	0.188601	0.148842
0.222049	0.229936	0.0480188
0.371839	0.00955194	0.118619
0.110697	0.336023	0.0532959
0.00263996	0.0315608	0.465802
0.0455539	0.002911	0.451537
0.0307255	0.367325	0.101952
0.0931052	0.198873	0.208023
0.00109235	0.0014242	0.497488
0.185145	0.0288436	0.286027
0.171109	0.328436	0.000456521
0.0271572	0.441553	0.0312934
0.261732	0.088981	0.149299
0.0185323	0.434998	0.0464718
0.342284	0.0490226	0.108695
0.0937649	0.108391	0.297846
0.317556	0.169949	0.0125036
0.0332845	0.430854	0.0358634
0.283714	0.0188771	0.197413
0.12205	0.1564	0.221555
0.0631637	0.27765	0.159198
0.0785744	0.104086	0.317346
0.0242164	0.471156	0.00464366
0.0794817	0.240671	0.179858
0.428376	0.0315323	0.040097
0.0153211	0.128841	0.355845
0.0068217	0.02033	0.472851
0.0392738	0.0976095	0.363118
0.428834	0.0152953	0.0558761
0.0200767	0.0390055	0.440931
0.0187917	0.476291	0.00492418
0.0814032	0.0263582	0.39225
0.234193	0.0773536	0.188463
0.137076	0.150076	0.212854
0.0261279	0.0524731	0.421404
0.342096	0.0489956	0.108919
0.0104369	0.448294	0.0412737
0.156709	0.168085	0.175209
0.101426	0.296625	0.101952
0.453497	0.0454574	0.00106133
0.00858362	0.0504989	0.440932
0.084984	0.320021	0.095
0.348368	0.150708	0.00092917
0.0390351	0.140199	0.320785
0.00444893	0.131957	0.363597
0.0224437	0.155313	0.322253
0.469737	0.0110195	0.0192453
0.282553	0.113465	0.104007
0.0114585	0.136987	0.351561
0.0450817	0.0582563	0.396688
0.000409626	0.0109838	0.488618
0.0279707	0.317322	0.154713
0.0226547	0.324427	0.152931
0.226417	0.23446	0.0391265
0.0402698	0.456853	0.00288257
0.123081	0.0382786	0.338646
0.448477	0.0477437	0.00378642
0.361659	0.00671771	0.131624
0.200432	0.190875	0.108696
0.125317	0.170489	0.204202
0.121892	0.0394682	0.338647
0.219424	0.00651849	0.274067
0.355499	0.0775181	0.0669926
0.170823	0.232687	0.0965013
0.00280807	0.0456569	0.451537
0.486839	0.0111858	0.00197617
0.019547	0.290925	0.189531
0.033906	0.178678	0.287419
0.251604	0.068547	0.179857
0.0283524	0.3339	0.137778
0.193427	0.264144	0.042439
0.0746729	0.0978577	0.327472
0.227287	0.235361	0.0373555
0.0922523	0.197051	0.210697
0.0335359	0.147414	0.319061
0	0.500001	0
0	0	0.500001
0.0650199	0.403795	0.0311871
0.23101	0.180186	0.0888086
0.0211755	0.416854	0.0619757
0.272148	0.0847974	0.143056
0.352011	0.120598	0.0273937
0.198646	0.201198	0.10016
0.363612	0.0598811	0.0765091
0.0365403	0.0324475	0.431017
0.0258434	0.459094	0.0150646
0.0931422	0.265136	0.149028
0.0309701	0.449774	0.0192585
0.183642	0.222189	0.0941702
0.109179	0.110876	0.279945
0.221591	0.00312262	0.275291
0.262374	0.0399838	0.197647
0.240781	0.250455	0.00877728
0.125751	0.317962	0.0562878
0.0276962	0.336821	0.135486
0.0237501	0.258018	0.218233
0.0382465	0.44164	0.0201177
0.0582448	0.000510283	0.441254
0.36919	0.0639796	0.0668386
0.292715	0.0758442	0.131448
0.0704501	0.423591	0.00595985
0.0324823	0.172365	0.295156
0.299024	0.0255163	0.175464
0.0675123	0.0209918	0.411501
0.167638	0.31042	0.0219447
0.251757	0.248237	1.73279e-05
0.137263	0.135772	0.226967
0.452372	0.0386019	0.00903114
0.0485341	0.185397	0.266071
0.294761	0.0357796	0.169462
0.0191607	0.142653	0.338188
0.305843	0.0108731	0.183285
0.160304	0.0136791	0.326021
0.157449	0.0418278	0.300727
0.0589156	0.305602	0.135486
0.480399	0.00978186	0.00982185
0.151209	0.233412	0.115385
0.494655	0.0025752	0.0027734
0.203883	0.293927	0.002192
0.342605	0.0899541	0.0674444
0.00602111	0.489089	0.00489208
0.265116	0.0439317	0.190955
0.279881	0.217804	0.00888843
0.0736998	0.303714	0.12259
0.129813	0.124544	0.245647
0.122746	0.115049	0.262206
0.486676	0.0133281	0
0.30139	0.0966498	0.101962
0.473121	0.0268825	0
0.214278	0.0131943	0.27253
0.121408	0.0175821	0.361013
0.0944252	0.00458452	0.400992
0.140458	0.349382	0.0101656
0.0871621	0.329526	0.0833139
0	0.42877	0.071231
0.101893	0.395305	0.00280344
0.332464	0.00398946	0.163549
0.153966	0.221965	0.124072
0.00375751	0.437021	0.059225
0.176965	0.279247	0.043789
0.0155584	0.135507	0.348939
0.38659	0.0942887	0.0191243
0.0117683	0.481975	0.00625862
0.0607129	0.388104	0.0511845
0.373862	0.0549715	0.071171
0.333375	0.109463	0.0571656
0.226297	0.271905	0.00180041
0.134932	0.176119	0.188954
0.327648	0.149182	0.0231764
0.0155409	0.00797247	0.476491
0.0400777	0.00689768	0.453026
0.11264	0.155542	0.23182
0.242148	0.188874	0.0689802
0.1185	0.341857	0.0396459
0.337743	0.128949	0.0333096
0.434521	0.0329061	0.032576
0.0562476	0.330401	0.113363
0.00501185	0.00392084	0.491072
0.0578611	0.204771	0.237369
0.41255	0.0584932	0.0289605
0.072071	0.300377	0.127554
0.195909	0.198851	0.105242
0.0624177	0.0324593	0.40513
0.211897	0.286447	0.00165954
0.0306078	0.162418	0.306977
0.31105	0.0665527	0.1224
0.0850861	0.362919	0.0520062
0.246324	0.24368	0.0099995
0.179605	0.23874	0.0816602
0.461657	0.013126	0.0252183
0.0455574	0.43433	0.0201178
0.149173	0.151069	0.19977
0.00734147	0.373245	0.119416
0.162051	0.208822	0.129131
0.116675	0.0176527	0.365674
0.306874	0.0799225	0.113214
0.00208587	0.0288096	0.469107
0.0247003	0.132274	0.343029
0.323059	0.153814	0.0231339
0.0433284	0.230541	0.226137
0.0999655	0.254579	0.145459
0.126267	0.358079	0.0156561
0.0975993	0.369093	0.0333096
0.116746	0.170591	0.212674
0.0212443	0.275104	0.203655
0.446883	0.0407623	0.0123565
0.267884	0.0742786	0.157842
0.130816	0.118585	0.2506
0.398666	0.054015	0.0473222
0.407185	0.0577326	0.0350846
0.406519	0.0929183	0.000566161
0.173822	0.0131243	0.31306
0.0540823	0.0681504	0.377772
0.00215863	0.0741824	0.423662
0.267852	0.196246	0.042399
0.155823	0.0281585	0.316022
0.00876561	0.00896565	0.482272
0.0800764	0.309541	0.110385
0.0885512	0.0276761	0.383775
0.348301	0.146809	0.00489208
0.00528458	0.225181	0.269538
0.0505675	0.291593	0.157841
0.380364	0.0813832	0.0382564
0.0964317	0.282067	0.121508
0.138589	0.180892	0.187121
0.0225562	0.164391	0.313059
0.0682789	0.0606311	0.371094
0.0288728	0.166971	0.304158
0.104125	0.393073	0.00280344
0.0163814	0.467577	0.0160438
0.179166	0.0288845	0.291952
0.0310746	0.12676	0.342168
0.000455719	0.00337952	0.496166
0.0342486	0.130173	0.335583
0.418495	0.00673984	0.0747667
0.0138641	0.154748	0.331398
0.115803	0.277276	0.106924
0.0337136	0.00580237	0.460486
0.396019	0.102611	0.00138245
0.00736503	0.00748579	0.485154
0.115344	0.168541	0.216122
0.127125	0.324455	0.0484246
0.209438	0.0506976	0.239867
0.166234	0.0441615	0.289607
0.391418	0.0982888	0.010296
0.422703	0.0727504	0.00454959
0.0270121	0.00166328	0.471327
0.467815	0.028092	0.00410267
0.010617	0.0623646	0.427031
0.0209156	0.256133	0.222954
0.246061	0.103438	0.150512
0.00933551	0.474623	0.0160438
0.208816	0.228519	0.0626728
0.256006	0.0955737	0.148423
0.440568	0.00709534	0.052338
0.00613829	0.486023	0.00783992
0.101839	0.364855	0.0333096
0.379394	0.0378503	0.0827608
0.0685511	0.376793	0.054661
0.400863	0.0737065	0.0254331
0.0010257	0.104748	0.394229
0.110825	0.00836773	0.380813
0.0914072	0.346353	0.0622409
0.00311073	0.381118	0.115775
0.42911	0.0605968	0.010296
0.00626691	0.0369107	0.456824
0.320109	0.0252278	0.154668
0.431821	0.0551592	0.0130247
0.0336965	0.465409	0.000896105
0.001033	0.105494	0.393483
0.257742	0.0365438	0.205718
0.132972	0.193294	0.173744
0.128002	0.323653	0.0483461
0.0424013	0.00977572	0.447827
0.0230294	0.123327	0.353647
0.0163814	0.299071	0.18455
0.0355797	0.386533	0.0778898
0.207949	0.28111	0.010944
0.105552	0.100867	0.332633
0.287635	0.046733	0.165635
0.287271	0.0466739	0.166058
0.156269	0.0221446	0.321593
0.0178387	0.0649545	0.417209
0.189812	0.0257176	0.284474
0.00815072	0.475808	0.0160438
0.0108758	0.0433265	0.445808
0.442379	0.0214784	0.0361435
0.349175	0.0709644	0.0798648
0.120496	0.121599	0.257908
0.0800191	0.0654435	0.354539
0.029416	0.0805709	0.390016
0.114532	0.0165863	0.368884
0.142691	0.348068	0.0092447
0.243073	0.240433	0.0165038
0.122498	0.194092	0.183419
0.050277	0.436473	0.0132608
0.35118	0.113455	0.0353886
0.00671498	0.0339385	0.459365
0.159423	0.22507	0.115515
0.00812247	0.0410522	0.450844
0.141006	0.0470563	0.311955
0.0590125	0.419413	0.0215867
0.207637	0.217047	0.0753314
0.0999173	0.064054	0.336039
0.00755226	0.46843	0.0240305
0.0400118	0.228387	0.231615
0.00344156	0.105368	0.391203
0.323257	0.170273	0.00647884
0.313303	0.132042	0.0546706
0.0360099	0.356101	0.107902
0.471325	0.027116	0.00157104
0.346712	0.119014	0.0342876
0.108266	0.127301	0.266558
0.0639733	0.142897	0.293155
0.164401	0.188968	0.146641
0.111911	0.0717425	0.316359
0.0648289	0.0379937	0.39719
0.225729	0.19884	0.075445
0.0675666	0.182617	0.249845
0.211205	0.0667129	0.222094
0.0559805	0.428671	0.0153684
0.0962503	0.345411	0.0583499
0.143737	0.179062	0.177212
0.0465596	0.316941	0.136528
0.22812	0.158177	0.113711
0.21971	0.261275	0.0190258
0.127503	0.0425501	0.329966
0.460017	0.0161771	0.0238182
0.00872365	2.93236e-05	0.491255
0.376843	0.033795	0.0893805
0.306687	0.0919515	0.101375
0.362436	0.124411	0.0131629
0.171531	0.273824	0.0546584
0.382164	0.0334644	0.0844022
0.153405	0.157021	0.189588
0.00660315	0.462666	0.03077
0.0847793	0.00574687	0.409501
0.175685	0.250857	0.0734716
0.0264721	0.269038	0.204506
0.0920091	0.0264145	0.38159
0.328745	0.108524	0.0627399
0.004986	0.446632	0.0483899
0.0164685	0.0798954	0.403649
0.439294	0.0217955	0.0389204
0.0237564	0.20257	0.273702
0.0840691	0.243499	0.172457
0.410596	0.0491458	0.0402718
0.0280791	0.0983864	0.373561
0.46866	0.016481	0.0148757
0.0535828	0.398977	0.0474531
0.0618324	0.42492	0.0132609
0.124714	0.00845386	0.366857
0.185956	0.0622349	0.251838
0.0330551	0.000734446	0.466224
0.489555	0.0072144	0.003241
0.0198541	0.0537996	0.426356
0.0646799	0.206239	0.229088
0.163528	0.0534978	0.283002
0.130134	0.0910969	0.27878
0.135969	0.17847	0.185578
0.111386	0.0385528	0.350073
0.0719625	0.0702724	0.357776
0.368211	0.0996995	0.0321057
0.165386	0.0516521	0.282971
0.0121391	0.4569	0.0309725
0.00191167	0.48484	0.0132608
0.483375	0.0142629	0.00237258
0.261056	0.137463	0.101596
0.0414427	0.371285	0.0873112
0.251505	0.0881306	0.160374
0.434188	0.0196062	0.0462159
0.203323	0.286912	0.00978436
0.389927	0.0693759	0.040709
0.177717	0.168575	0.15373
0.259544	0.0867415	0.153727
0.119211	0.276792	0.104122
0.371615	0.0999571	0.0284483
0.01623	0.160448	0.32334
0.255014	0.134327	0.110667
0.281919	0.179704	0.0383924
0.338408	0.0117916	0.149812
0.0154158	0.0465454	0.438048
0.115079	0.313011	0.0719393
0.0960228	0.0591294	0.344858
0.456698	0.0300668	0.0132612
0.0112562	0.0455191	0.443236
0.420822	0.0290185	0.0501857
0.272025	0.165243	0.0627399
0.0409769	0.367112	0.0919364
0.106509	0.152757	0.240745
0.132427	0.300917	0.0666686
0.333406	0.00511017	0.1615
0.267121	0.140704	0.0922044
0.180594	0.0604403	0.258995
0.0106642	0.330044	0.159308
0.337811	0.0438345	0.118368
0.0374781	0.320539	0.141997
0.0734863	0.0425536	0.38397
0.047717	0.32482	0.127493
0.321139	0.165713	0.0131582
0.149401	0.0435513	0.307062
0.395744	0.0758332	0.0284485
0.0585394	0.377379	0.0640937
0.290231	0.1401	0.0696879
0.493179	0.00683027	0
0.199976	0.298463	0.00157103
0.453515	0.0282748	0.0182183
0.164833	0.255252	0.0799333
0.0701384	0.203392	0.226479
0.0915112	0.285786	0.122724
0.314146	0.084499	0.101376
0.401841	0.00215746	0.0960154
0.16021	0.172937	0.166904
0.446915	0.0370852	0.0160095
0.0823264	0.245242	0.172457
0.0102312	0.00375088	0.486027
0.118072	0.259226	0.122724
0.0642278	0.0771666	0.358618
0.0781016	0.174456	0.247468
0.242225	0.237728	0.0264775
0.255539	0.150014	0.0944527
0.196444	0.282847	0.0207228
0.0220324	0.181269	0.296728
0.149891	0.080114	0.270102
0.0312158	0.212492	0.256323
0.403849	0.0117812	0.0844026
0.213997	0.0687052	0.21731
0.397271	0.0170426	0.0857298
0.156946	0.171871	0.171238
0.0395564	0.332966	0.127488
0.0760246	0.386575	0.0374211
0.0391219	0.350493	0.110402
0.150716	0.147031	0.202266
0.287509	0.148359	0.0641453
0.0100354	0.476717	0.0132609
0.00449303	0.0743997	0.421121
0.104775	0.394389	0.000843345
0.416932	0.00142202	0.0816523
0.0380658	0.340498	0.121448
0.0973508	0.337077	0.0655795
0.112856	0.305024	0.0821359
0.427934	0.000154418	0.071939
0.0400674	0.407209	0.0527413
0.190888	0.234173	0.0749517
0.0967753	0.281926	0.121312
0.0283966	0.122937	0.348723
0.242275	0.0169992	0.240753
0.0434983	0.0414709	0.415041
0.223435	0.201248	0.0753313
0.234114	0.0482927	0.217605
0.205077	0.29281	0.00212453
0.147236	0.255367	0.0974087
0.0312743	0.212891	0.255865
0.29759	0.182281	0.026473
0.0446012	0.412564	0.0428523
0.269395	0.12161	0.109004
0.246867	0.0557988	0.197349
0	0.489722	0.0102887
0.0100566	0.477724	0.0122372
0.18858	0.115481	0.195955
0.184016	0.0685624	0.247448
0.0457764	0.402729	0.0515042
0.0144844	0.00349857	0.482027
0.111856	0.108869	0.279287
0.0055673	0.390087	0.104385
0.0642914	0.174214	0.261521
0.0343557	0.264448	0.201208
0.106787	0.311092	0.0821358
0.0956574	0.335174	0.0691951
0.0219498	0.000656729	0.477404
0.235236	0.230869	0.0339047
0.444591	0.0152094	0.0402103
0.425061	0.000844929	0.0741228
0.277993	0.167382	0.0546387
0.145974	0.0126483	0.341392
0.0260083	0.264325	0.209679
0.016335	0.160345	0.323342
0.0550651	0.378803	0.0661432
0.432508	0.0146046	0.0529134
0.0193395	0.0390842	0.441605
0.449899	0.0110191	0.0390944
0.035923	0.321971	0.142119
0.0108908	0.295094	0.194031
0.00351055	0.0248136	0.471692
0.0500194	0.383024	0.0669752
0.0259385	0.328081	0.145993
0.102094	0.369948	0.0279692
0.0365795	0.327856	0.135579
0.0320362	0.30583	0.162151
0.212	0.247818	0.0401917
0.237056	0.0488996	0.214057
0.379179	0.0490141	0.0718179
0.111373	0.361167	0.0274769
0.020774	0.0510902	0.428149
0.00859179	0.443271	0.0481484
0.253056	0.138855	0.108107
0.246956	0.139147	0.113916
0.0443704	0.380255	0.0753815
0.0864877	0.368087	0.0454458
0.137397	0.0945358	0.268076
0.107126	0.131227	0.261674
0.258872	0.188398	0.0527394
0.315362	0.14964	0.0350068
0.209767	0.200268	0.0899744
0.101967	0.100868	0.297182
0.475801	0.0060393	0.0182141
0.154403	0.0283477	0.317267
0.0800804	0.274107	0.145832
0.0295144	0.0761678	0.394329
0.0102294	0.0473546	0.442427
0.35569	0.0993082	0.0450205
0.0364778	0.456382	0.00716558
0.264867	0.184617	0.050527
0.0797972	0.31428	0.105943
0.0767234	0.404573	0.0187592
0.294848	0.0347151	0.170454
0.060549	0.414659	0.0248199
0.133625	0.229383	0.136997
0.216382	0.223084	0.0605533
0.0531056	0.268601	0.178308
0.0259445	0.395007	0.0790711
0.177363	0.0183196	0.30434
0.399163	0.0023867	0.0984715
0.485648	0.00396152	0.0104114
0.191961	0.145713	0.162361
0.490875	0.00696808	0.00216456
0.00768208	0.283511	0.208822
0.0618799	0.423773	0.0143752
0.310951	0.0151972	0.173863
0.279314	0.0333124	0.187405
0.0326666	0.399247	0.0680973
0.237484	0.119936	0.142588
0.0681655	0.416138	0.0157036
0.0201083	0.00466501	0.47524
0.0590431	0.246194	0.19478
0.463121	0.0309447	0.00594499
0.435887	0.0598564	0.00426948
0.126574	0.248949	0.124609
0.391638	0.107793	0.00058607
0.028825	0.0538924	0.417301
0.0866638	0.133736	0.279609
0.00156349	0.130109	0.368336
0.362969	0.000978983	0.139677
0.000842389	0.0855245	0.413647
0.224306	0.220348	0.0553609
0.0534423	0.0943145	0.352267
0.221322	0.0265042	0.252185
0.0314283	0.081107	0.387475
0.0174349	0.0800731	0.402504
0.115127	0.194721	0.190162
0.338055	0.0331928	0.128763
0.388958	0.108597	0.00246425
0.140931	0.277741	0.081352
0.425187	0.0664219	0.00840393
0.00344942	0.00847974	0.488079
0.0612409	0.255358	0.183419
0.0509032	0.347851	0.101257
0.0122985	0.0643291	0.423384
0.0733268	0.387812	0.0388726
0.0170284	0.0324728	0.450517
0.159729	0.228786	0.1115
0.413695	0.07257	0.0137466
0.0137317	0.261112	0.225164
0.153056	0.288636	0.0583597
0.0131532	0.479036	0.00782114
0.306201	0.0337721	0.160064
0.00398072	0.202887	0.29314
0.179592	0.303754	0.0166652
0.0268243	0.0641976	0.408987
0.0299811	0.384245	0.0857942
0.0390365	0.438903	0.0220691
0.0603746	0.101453	0.338189
0.408646	0.0254789	0.0658853
0.0291793	0.00807146	0.462772
0.333477	0.0472903	0.119254
0.105946	0.104805	0.289266
0.165748	0.302325	0.0319449
0.424848	0.00681538	0.0683514
0.290336	0.153412	0.0562629
0.12045	0.311125	0.0684351
0.322957	0.0225176	0.154537
0.156071	0.0897208	0.254221
0.371438	0.0464403	0.0821293
0.00583619	0.486353	0.00782114
0.16951	0.329116	0.00138184
0.0285843	0.125469	0.345967
0.0862832	0.157381	0.256349
0.231889	0.117111	0.151009
0.20587	0.0962323	0.197916
0.0579016	0.0972979	0.344815
0.16827	0.234069	0.0976707
0.225744	0.168283	0.105983
0.00407391	0.171498	0.324452
0.345453	0.0720592	0.0824952
0.174327	0.12171	0.203973
0.182731	0.135257	0.182031
0.158446	0.30773	0.0338396
0.289027	0.205085	0.00590929
0.157935	0.113353	0.228726
0.200207	0.0972631	0.202547
0.0959714	0.0480571	0.355981
0.0590432	0.191469	0.249505
0.195997	0.265303	0.0387117
0.19363	0.182288	0.131256
0.0113821	0.046202	0.442428
0.402031	0.0320953	0.0658855
0.298725	0.0199601	0.18133
0.120256	0.147445	0.232311
0.352055	0.00929773	0.138681
0.043776	0.324896	0.131389
0.0659279	0.128251	0.305838
0.0940138	0.185841	0.221042
0.00741827	0.49259	0
0.0840371	0.129041	0.286931
0.0242855	0.465342	0.0103955
0.124174	0.242845	0.132988
0.443838	0.0434329	0.0127533
0.0630185	0.10229	0.334711
0.00419689	0.213904	0.281908
0.0703373	0.429396	0.000272965
0.326172	0.0509701	0.122875
0.0847525	0.174206	0.241063
0.17279	0.299745	0.0274766
0.0736444	0.355405	0.0709587
0.284183	0.000146673	0.215686
0.271177	0.22418	0.00464992
0.0861086	0.390544	0.0233658
0.0412212	0.0794294	0.37936
0.239021	0.0408335	0.221042
0.0113279	0.0194457	0.469245
0.0500222	0.0902922	0.3597
0.0921028	0.241842	0.166066
0.118181	0.266189	0.115643
0.0156688	0.0029997	0.481345
0.231494	0.172609	0.0959212
0.0536307	0.209387	0.236995
0.467573	0.014181	0.0182645
0.187713	0.293828	0.018471
0.240479	0.111103	0.148426
0.129964	0.237054	0.132988
0.214364	0.279747	0.00590928
0.099146	0.165302	0.235564
0.0996156	0.0685405	0.331851
0.0633686	0.0653313	0.37132
0.470621	0.0149206	0.0144828
0.186882	0.252965	0.0601643
0.161083	0.338717	0.000208901
0.0175685	0.0757652	0.406683
0.0185086	0.334417	0.147081
0.130288	0.349056	0.0206661
0.347969	0.0699092	0.0821293
0.456248	0.0365632	0.00721184
0.0249756	0.472568	0.00246628
0.0404292	0.0779034	0.381678
0.300255	0.196177	0.0087989
0.0267859	0.462831	0.0103952
0.0492701	0.123589	0.327152
0.171885	0.239098	0.0890252
0.123724	0.210219	0.166065
0.243203	0.041548	0.215262
0.0214255	0.432613	0.0459694
0.103945	0.167342	0.228725
0.00316901	0.0146721	0.482169
0.0566189	0.43445	0.00894129
0.147415	0.266512	0.0860861
0.00660163	0.48949	0.00393084
0.203712	0.157962	0.138333
0.0965448	0.0161249	0.387345
0.00804509	0.0215851	0.470385
0	0.287656	0.212352
0.269419	0.178829	0.0517671
0.442359	0.0472075	0.0104435
0.0742306	0.0121365	0.413649
0.456229	0.0365617	0.00722591
0.167544	0.166401	0.166066
0.118941	0.00581304	0.375257
0.149441	0.213568	0.136998
0.367692	0.0116573	0.120676
0.233605	0.117977	0.148426
0.319672	0.170497	0.00983789
0.44968	0.0440045	0.00633367
0.0641641	0.12482	0.311033
0.340715	0.0341558	0.125151
0.0496861	0.0906275	0.359698
0.189463	0.128075	0.182481
0.321887	0.146728	0.031403
0.171885	0.164011	0.164116
0.0558215	0.0674098	0.376779
0	0.500001	0
0.500002	0	0
0.0347452	0.0149014	0.450355
0.169349	0.212115	0.118541
0.25163	0.0512425	0.197134
0.0098876	0.0694471	0.420673
0.384815	0.0169327	0.0982596
0.188623	0.165571	0.145809
0.372443	0.0986169	0.0289419
0.017784	0.0496866	0.432533
0.298115	0.0282584	0.173631
0.0711448	0.395047	0.0338133
0.328577	0.132208	0.0392182
0.0120322	0.433615	0.0543543
0.00932148	0.359089	0.131597
0.039948	0.0558172	0.404237
0.0142686	0.116833	0.368903
0.19338	0.230588	0.076037
0.211598	0.00178308	0.286625
0.217922	0.281751	0.000334381
0.0943082	0.371934	0.0337669
0.0733615	0.160277	0.266367
0.0266516	0.0777923	0.395559
0.223126	0.0724291	0.204454
0.113557	0.248095	0.138354
0.000865702	0.0113249	0.487815
0.165048	0.153189	0.18177
0.227624	0.147025	0.125354
0.0269336	0.0097967	0.464106
0.121113	0.117816	0.261074
0.0377648	0.179891	0.282347
0.23329	0.161758	0.104955
0.486472	0.00704737	0.00648308
0.105951	0.225016	0.169035
0.0291591	0.0904948	0.380349
0.397297	0.00125997	0.101447
0.367932	0.0181072	0.113963
0.0807889	0.416875	0.00234114
0.0311072	0.387297	0.0815993
0.0772835	0.380937	0.0417863
0.0466353	0.0622495	0.391118
0.206628	0.28871	0.00466452
0.126433	0.124092	0.249478
0.30298	0.00373123	0.193292
0.0766585	0.35382	0.0695246
0.00344927	0.0374419	0.459114
0.342466	0.137957	0.01958
0.0549381	0.202371	0.242694
0.389653	0.109704	0.000646029
0.209138	0.142265	0.148601
0.00653285	0.235388	0.258084
0.248469	0.241038	0.0104945
0.09853	0.274268	0.127207
0.0315598	0.0840307	0.384422
0.163241	0.0649425	0.271824
0.322713	0.0754954	0.101796
0.181214	0.301391	0.017398
0.0519097	0.427029	0.0210658
0.00784502	0.467914	0.0242499
0.0351941	0.455804	0.00900764
0.405425	0.0806406	0.0139374
0.499189	0	0.000813825
0.0440175	0.24509	0.210895
0.014056	0.0464647	0.439482
0.240749	0.174274	0.0849795
0.177268	0.294407	0.028326
0.0115798	0.256523	0.231904
0.27036	0.183911	0.0457334
0.0790269	0.189582	0.231393
0.335521	0.0710646	0.0934166
0.0991931	0.348905	0.0519094
0.199528	0.195306	0.105168
0.00370694	0.493212	0.00308592
0.286412	0.113536	0.100053
0.079277	0.409074	0.0116543
0.144288	0.320557	0.0351571
0.402468	0.000118053	0.0974174
0.245704	0.111198	0.143103
0.0623024	0.0263851	0.411323
0.107716	0.202476	0.189817
0.195814	0.300338	0.00385351
0.229247	0.184324	0.0864321
0.266119	0.177419	0.056464
0.00827811	0.0158623	0.475866
0.256917	0.171284	0.0718013
0.23874	0.154206	0.107057
0.126804	0.0572124	0.315993
0.0907633	0.172626	0.236618
0.0153957	0.262102	0.22251
0.0961792	0.093561	0.310262
0.0421438	0.101101	0.356758
0.283043	0.128097	0.0888672
0.351043	0.016106	0.132856
0.00980206	0.0507193	0.439487
0.363507	0.0999963	0.0365039
0.0776217	0.169585	0.252799
0.111395	0.158611	0.229999
0.0366226	0.32745	0.135931
0.118337	0.22659	0.155085
0.413733	0.0060134	0.0802582
0.360205	0.139464	0.000334378
0.294752	0.200504	0.00474765
0.275648	0.209063	0.0152922
0.453487	0.0429861	0.00353158
0.0324427	0.0928339	0.374729
0.00482485	0.480222	0.0149578
0.138317	0.0127791	0.348909
0.16042	0.265775	0.0738128
0.460393	0.0380234	0.00158556
0.155107	0.054965	0.289931
0.186122	0.308356	0.00552958
0.13266	0.00481058	0.362533
0.130491	0.0605513	0.308966
0.05685	0.401829	0.0413266
0.0450851	0.441162	0.0137609
0.0681503	0.268772	0.163085
0.0585003	0.215492	0.226009
0.152689	0.344011	0.00330825
0.319092	0.14843	0.0324878
0.141619	0.137763	0.22062
0.467757	0.0302797	0.00196429
0.483033	0.00699754	0.00997279
0.114564	0.0860219	0.299416
0.064202	0.369056	0.0667444
0.201547	0.212026	0.0864324
0.116912	0.0341847	0.348909
0.33928	0.145509	0.0152134
0.438175	0.0307477	0.0310897
0.352973	0.102663	0.0443655
0.447981	0.00431675	0.0477045
0.317978	0.0246101	0.157417
0.220784	0.216325	0.0628949
0.175519	0.108957	0.215527
0.260699	0.218725	0.0205789
0.289677	0.120277	0.0900512
0.155845	0.0402966	0.30386
0.115563	0.218215	0.166228
0.426638	0.0404411	0.0329262
0.0411985	0.448265	0.0105493
0.417522	0.0381139	0.0443654
0.0638272	0.0982369	0.337939
0.0359306	0.0315403	0.432534
0.0836141	0.406027	0.0103668
0.00257605	0.485276	0.012151
0.060917	0.0967691	0.342323
0.0230826	0.0644904	0.41243
0.123713	0.121422	0.254869
0.0218305	0.0621695	0.416009
0.0658511	0.365653	0.0685024
0.477048	0.0129749	0.00997867
0.136771	0.177411	0.18582
0.102309	0.317054	0.0806426
0.0959247	0.125659	0.278423
0.0162191	0.473299	0.0104862
0.442012	0.03093	0.0270651
0.257031	0.22768	0.0152922
0.086131	0.36632	0.0475526
0.14902	0.287161	0.063826
0.0265746	0.460857	0.0125738
0.131967	0.129804	0.238231
0.0369612	0.0883155	0.374729
0.101644	0.0758294	0.322537
0.0249588	0.386009	0.089034
0.424601	0.0200937	0.0553091
0.238343	0.206355	0.0553095
0.00507899	0.475893	0.0190346
0.200517	0.196274	0.103213
0.0756496	0.365857	0.0584981
0.0103734	0.231548	0.258085
0.00534379	0.0154586	0.4792
0.128754	0.097653	0.273595
0.280651	0.00553915	0.213813
0.410389	0.00936285	0.0802593
0.464361	0.0042152	0.0314278
0.123803	0.0224644	0.353737
0.0664245	0.270502	0.163087
0.14524	0.0300483	0.324714
0.151745	0.295578	0.0526844
0.287507	0.119764	0.0927386
0.0597972	0.146294	0.293919
0.0742681	0.273651	0.152085
0.0914897	0.314214	0.0942996
0.158082	0.0102332	0.331687
0.086099	0.399954	0.0139554
0.431911	0.0616616	0.00642925
0.355974	0.0337428	0.110292
0.278914	0.183167	0.0379236
0.310313	0.00382154	0.185868
0.35552	0.0336998	0.110789
0.0415274	0.325103	0.133375
0.26159	0.22312	0.0152922
0.22341	0.0577666	0.218826
0.0648813	0.100549	0.334579
0.0910779	0.0891816	0.319745
0.0985146	0.0958328	0.305655
0.00750281	0.313656	0.178847
0.148432	0.122722	0.228852
0.174036	0.10649	0.219478
0.159183	0.0449805	0.29584
