0.122839	0.34408	0.0331083
0.439924	0.0476361	0.0124712
0.104856	0.171021	0.22413
0.0116157	0.383137	0.105263
0.103464	0.139918	0.256697
0.198925	0.194276	0.106836
0.0245773	0.474137	0.00130218
0.0162986	0.393191	0.0905223
0.00433262	0.335177	0.160499
0.0729425	0.423519	0.00356463
0.0653099	0.233783	0.200965
0.433367	0.0230998	0.0435368
0.180978	0.143994	0.175048
0.136177	0.0995555	0.264296
0.125623	0.189932	0.184478
0.0525142	0.159979	0.287533
0.0113259	0.00734371	0.481369
0.0459948	0.435848	0.0181708
0.455311	0.00662834	0.0380916
0.116505	0.20613	0.177381
0.258342	0.0020183	0.239663
0.00984847	0.462743	0.0274237
0.276589	0.181536	0.0418953
0.253535	0.00198074	0.244508
0.051076	0.238863	0.210118
0.228399	0.0819685	0.189684
0.0417118	0.176007	0.282315
0.247706	0.198458	0.0539055
0.490223	0.0028211	0.00696771
0.0389421	0.0114391	0.44963
0.414405	0.0190556	0.0665425
0.261004	0.0968683	0.142152
0.0350868	0.448631	0.0163162
0.390114	0.093945	0.0159807
0.0198842	0.00810808	0.472043
0.118606	0.306675	0.0747413
0.111875	0.0365421	0.351597
0.0974444	0.255961	0.146626
0.111827	0.293741	0.0944747
0.0487519	0.373942	0.0773458
0.286008	0.201183	0.0128367
0.27152	0.216033	0.0124711
0.0297658	0.090139	0.380115
0.140975	0.210218	0.148874
0.349529	0.111445	0.0390587
0.400744	0.0639482	0.0353351
0.310784	0.127179	0.0620607
0.0682848	0.288135	0.143604
0.0207925	0.429859	0.0493519
0.175117	0.30983	0.0150752
0.0646046	0.229376	0.206079
0.0331729	0.0585665	0.408304
0.169745	0.329903	0.000382954
0.299134	0.0997855	0.101138
0.203435	0.0771028	0.219479
0.0431471	0.0138553	0.443049
0.142143	0.187218	0.170674
0.0790081	0.324203	0.0968105
0.17822	0.315319	0.00647968
0.084019	0.115963	0.300048
0.337709	0.00337651	0.158938
0.0532698	0.418023	0.0287556
0.164184	0.219668	0.116178
0.23823	0.0260634	0.235731
0.0481218	0.092574	0.359317
0.0900634	0.0354628	0.374496
0.394553	0.0524028	0.0530762
0.108949	0.225691	0.165375
0.283932	0.184102	0.0320014
0.341492	0.0278843	0.130664
0.265934	0.228061	0.00606871
0.344362	0.148045	0.00759552
0.101075	0.35133	0.0476971
0	0.319417	0.180601
0.127475	0.274272	0.0982858
0.328836	0.131353	0.0398158
0.423642	0.0639134	0.0124711
0.216989	0.224541	0.0585023
0.333937	0.122551	0.0435328
0.322469	0.0712636	0.106296
0.382883	0.0723361	0.0448175
0.046466	0.0156528	0.437918
0.149957	0.301262	0.0487975
0.0132072	0.405832	0.0809648
0.360873	0.136772	0.00239598
0.0722681	0.0243447	0.403422
0.173399	0.175412	0.151216
0.372631	0.0407674	0.0866288
0.0362972	0.00484506	0.45887
0.0881323	0.0755809	0.336351
0.205343	0.0795486	0.215142
0.148447	0.0198152	0.331754
0.132299	0.298269	0.0694626
0.324077	0.0476936	0.128306
0.0798905	0.108524	0.311616
0.0301424	0.0564069	0.413496
0.370487	0.118789	0.0107597
0.00139838	0.284148	0.214474
0.192557	0.0795359	0.227946
0.0111549	0.000387569	0.4885
0.037427	0.00995228	0.45263
0.0305161	0.366503	0.102997
0.379065	0.0281149	0.0937299
0.211201	0.286898	0.00193014
0.0772893	0.17236	0.250381
0.0132722	0.0560034	0.430771
0.0758758	0.156115	0.268032
0.0321499	0.443372	0.024511
0.0564327	0.260058	0.18353
0.410965	0.00665404	0.0824299
0.00949542	0.0339898	0.45656
0.00479154	0.37068	0.124533
0.194292	0.151932	0.1538
0.271222	0.00615546	0.222647
0.0215279	0.0132243	0.465283
0.0991727	0.036008	0.364859
0.246853	0.0888022	0.164382
0.00067865	0.414306	0.085018
0.185108	0.242027	0.0728716
0.0861312	0.36344	0.0504566
0.315496	0.0492535	0.135286
0.0824966	0.0305977	0.386925
0.21834	0.280122	0.00156578
0.0561602	0.124736	0.31912
0.471941	0.00716269	0.0209147
0.0970171	0.0983784	0.304636
0.158423	0.0691026	0.272497
0.0586703	0.245613	0.195775
0.367037	0.122227	0.0107594
0.152022	0.0213906	0.326621
0.21295	0.0789345	0.208151
0.243884	0.243499	0.0126584
0.0813813	0.111978	0.306669
0.0512055	0.15961	0.28921
0.109152	0.0359175	0.354945
0.354191	0.128601	0.0172274
0.282504	0.144628	0.0728712
0.235641	0.155511	0.108874
0.156755	0.0683748	0.274894
0.0763019	0.0771877	0.346526
0.0564674	0.125418	0.31813
0.23192	0.149818	0.118293
0.264321	0.0980994	0.137596
0.161661	0.263668	0.0746743
0.0784883	0.361696	0.0598444
0.293391	0.105997	0.100625
0.35572	0.134819	0.00947467
0.00276277	0.00376179	0.493512
0.173824	0.001358	0.324843
0.469308	0.00712272	0.0235873
0.4656	0.0225566	0.011878
0.231028	0.179066	0.089939
0.233872	0.151079	0.115083
0.0277044	0.0489121	0.423427
0.482367	0.0176474	2.65808e-06
0.0178905	0.357583	0.124534
0.166021	0.103139	0.230879
0.144537	0.299062	0.0564245
0.291254	0.108133	0.100625
0.0618384	0.020931	0.417282
0.000805025	0.491457	0.00775203
0.189202	0.0659645	0.244859
0.220387	0.0726137	0.207034
0.140987	0.0649531	0.294098
0.0710877	0.281698	0.147253
0.405784	0.044424	0.0498166
0.165437	0.265932	0.0686558
0.245603	0.0035542	0.25092
0.0930919	0.138898	0.268031
0.0462683	0.398207	0.0555498
0.0574923	0.10172	0.340808
0.22782	0.270284	0.00193016
0.000526611	0.499148	0.000382974
0.000694395	0.442926	0.0564273
0.0263551	0.461537	0.0121522
0.010489	0.455335	0.0342333
0.236554	0.0694868	0.193987
0.0217	0.0912704	0.387059
0.0846897	0.399815	0.0155294
0.280306	0.114707	0.105005
0.0193968	0.369617	0.11103
0.420168	0.0132939	0.0665426
0.0896198	0.317238	0.0931574
0.0457033	0.0142563	0.440068
0.0463207	0.0586933	0.394991
0.0493741	0.102132	0.348519
0.367091	0.0540238	0.0789184
0.477333	0.0110739	0.0116079
0.0676574	0.242186	0.190205
0.0540152	0.0173452	0.428688
0.134467	0.0540503	0.311508
0.307783	0.134191	0.058143
0.00730149	0.000715264	0.492013
0.381471	0.0506653	0.0678906
0.132342	0.249607	0.118073
0.154303	0.0673055	0.278424
0.0104747	0.454715	0.0348678
0.500001	0	0
0.359071	0.118265	0.0226718
0.47179	0.0129914	0.0152298
0.00992024	0.0726467	0.417436
0.0527329	0.0940443	0.353234
0.167482	0.0475743	0.28495
0.141574	0.0648332	0.293595
0.00212528	0.402614	0.0952655
0.148764	0.0422575	0.308989
0.0585223	0.109165	0.332326
0.0581939	0.198625	0.243189
0.2626	0.0976617	0.13975
0.209274	0.260678	0.0300554
0.206619	0.121236	0.172147
0.430591	0.00392391	0.0654919
0.273642	0.188053	0.0383144
0.0707829	0.00615704	0.424017
0.0929337	0.193209	0.213862
0.465092	0	0.0349122
0.0273119	0.43139	0.0413704
0.325176	0.0614433	0.113385
0.16826	0.313865	0.0178887
0.0476796	0.327488	0.124837
0.225336	0.0165839	0.258081
0.187265	0.166227	0.14651
0.382187	0.0589515	0.0588656
0.400136	0.0752173	0.0246538
0.0526993	0.341353	0.105954
0.0193066	0.113889	0.366814
0.327809	0.105333	0.0673796
0.219463	0.143564	0.136974
0.0906957	0.289049	0.120271
0.00428995	0.241854	0.253858
0.053018	0.370554	0.0764382
0.367701	0.0329269	0.0993782
0.0552854	0.365742	0.0830335
0.284926	0.0447084	0.170372
0.00407984	0.011465	0.484463
0.0512699	0.211253	0.237484
0.0900306	0.279687	0.130291
0.0135565	0.126249	0.360196
0.0600323	0.334021	0.105954
0.340704	0.0893372	0.0699635
0.214196	0.106624	0.179184
0.104	0.38396	0.0120465
0.24907	0.04682	0.204123
0.123082	0.244139	0.132781
0.139253	0.063766	0.296984
0.0868148	0.180487	0.232703
0.0225701	0.200784	0.276655
0.0369613	0.424692	0.0383574
0.425024	0.00101626	0.0739668
0.410663	0.0369255	0.0524262
0.231615	0.0602172	0.208232
0.0623426	0.357558	0.0801095
0.118148	0.115991	0.265863
0.393492	0.103179	0.00333348
0.371614	0.0409776	0.0874175
0.0634893	0.397404	0.0391091
0.00268679	0.268391	0.228926
0.0669676	0.0374828	0.395564
0.23669	0.0445353	0.218783
0.314369	0.177661	0.00797463
0.0353628	0.018465	0.446747
0.0238666	0.318816	0.157319
0.00479646	0.000393223	0.494813
0.177157	0.246564	0.0762846
0.240097	0.139186	0.120722
0.0140435	0.0203933	0.465571
0.163603	0.0460524	0.290349
0.456744	0.0432599	0
0.0511522	0.436935	0.0125586
0.0294537	0.453467	0.0208166
0.150943	0.323181	0.0258885
0.320977	0.06065	0.118377
0.0177297	0.161632	0.320642
0.025712	0.0949268	0.379368
0.0552291	0.255477	0.189303
0.0306897	0.472495	0.000129591
0.0135461	0.171203	0.315262
0.102801	0.213722	0.183482
0.0163147	0.0491396	0.434547
0.183034	0.207277	0.109693
0.113201	0.350061	0.0367415
0.375601	0.0683394	0.0560674
0.194566	0.158251	0.147185
0.0772281	0.0206646	0.402112
0.00132912	0.0247518	0.473924
0.0951517	0.303435	0.101425
0.0824396	0.248306	0.169255
0.453762	0.0415355	0.00471305
0.120617	0.375391	0.00399947
0.0120238	0.487106	0.000877643
0.171684	0.295677	0.0326502
0.18541	0.23464	0.0799559
0.302731	0.0330839	0.164187
0.182887	0.0493188	0.267799
0.415911	0.0772384	0.00685572
0.235957	0.0377439	0.226303
0.0694471	0.226199	0.204367
0.0958302	0.305599	0.0985809
0.172032	0.0810053	0.246966
0.042512	0.0284312	0.429694
0.318584	0.0601977	0.121222
0.27609	0.218074	0.00583817
0.000775926	0.0886447	0.410587
0.00730865	0.0509556	0.441739
0.481464	0.00955381	0.00899286
0.1062	0.0537624	0.340042
0.0752103	0.230202	0.194606
0.0492156	0.448672	0.00211731
0.0526755	0.298086	0.149242
0.00157188	0.478488	0.019954
0.27007	0.12398	0.105953
0.495279	0.00472561	0
0.480676	0.00458629	0.0147406
0.4039	0.0759249	0.0202433
0.353019	0.0553929	0.0915948
0.158799	0.151902	0.1893
0.233685	0.00588564	0.260434
0.44662	0.0327567	0.0206298
0.0289447	0.195489	0.275573
0.264075	0.0983241	0.137615
0.0405887	0.282982	0.176433
0.109462	0.155897	0.234644
0.0230895	0.132535	0.344384
0.309406	0.0257338	0.164862
0.0375012	0.419168	0.0434022
0.487571	0.00195961	0.010471
0.390311	0.0681134	0.0416464
0.0689921	0.236424	0.194609
0.298334	0.170139	0.0315317
0.0805012	0.1169	0.302603
0.268942	0.123462	0.107599
0.200199	0.11789	0.181914
0.175004	0.0780337	0.246966
0.437971	0.0297269	0.0323095
0.301584	0.153018	0.0453991
0.098698	0.205192	0.196114
0.305873	0.0411792	0.152961
0.00700021	0.284885	0.20812
0.00248208	0.470205	0.0273153
0.111262	0.379754	0.00899281
0.216475	0.101614	0.181914
0.236931	0.0124994	0.250572
0.385344	0.0295299	0.0851337
0.011328	0.458916	0.029766
0.124219	0.00151522	0.374271
0.00892261	0.463766	0.0273153
0.443963	0.0211296	0.0349123
0.113925	0.353917	0.0321649
0.488098	0.0112604	0.000655181
0.0646836	0.202924	0.232401
0.00159868	0.0244822	0.473924
0.222772	0.0854201	0.19181
0.0219964	0.278003	0.200012
0.30382	0.175834	0.0203567
0.0445093	0.0236009	0.432526
0.0183312	0.481673	0
0.157944	0.328364	0.0136983
0.0811955	0.0141004	0.404708
0.00270086	0.269796	0.227504
0.155535	0.0380567	0.306419
0.25616	0.134592	0.10925
0.165089	0.30914	0.0257847
0.128848	0.308675	0.062487
0.156432	0.156851	0.186719
0.189922	0.203664	0.106416
0.421925	0.00169578	0.0763845
0.153936	0.00423884	0.341838
0.0290271	0.446899	0.0275455
0.348281	0.145095	0.00663039
0.0383801	0.00326635	0.458362
0.00341931	0.390634	0.105954
0.333288	0.165907	0.000809489
0.160497	0.0116727	0.327836
0.000800021	0.0913973	0.407812
0.00850598	0.0291325	0.462368
0.0743644	0.228399	0.197254
0.290148	0.111255	0.0986011
0.116354	0.0629758	0.320677
0.125454	0.000279819	0.374271
0.0386572	0.0759775	0.385375
0.136174	0.283105	0.0807276
0.046329	0.064632	0.389052
0.337338	0.12935	0.033318
0.131488	0.0420148	0.326503
0.334973	0.164158	0.000877646
0.194992	0.27496	0.0300553
0.010674	0.417903	0.0714251
0.0396859	0.146517	0.313801
0.0859925	0.0316466	0.382367
0.0881767	0.084347	0.327479
0.00374688	0.44204	0.054218
0.258747	0.0892791	0.151988
0.278882	0.189981	0.0317721
0.0179703	0.0260957	0.455942
0.296179	0.156677	0.0471473
0.0472351	0.0159383	0.436834
0.131954	0.0480801	0.319971
0.00514121	0.23246	0.262404
0.229708	0.224524	0.0457904
0.0694853	0.09841	0.332123
0.459188	0.0284774	0.0123396
0.0409083	0.015228	0.443871
0.00690951	0.178845	0.314257
0.0324211	0.45356	0.0140389
0.00208621	0.466433	0.0314831
0.0128895	0.0207161	0.466397
0.0543077	0.381653	0.0640496
0.360979	0.000102446	0.138923
0.141855	0.0127353	0.345415
0.000606874	0.194605	0.304791
0.410283	0.0390583	0.0506665
0.0893926	0.325237	0.0853854
0.17228	0.164324	0.163414
0.0727932	0.304317	0.122909
0.131349	0.0069069	0.370877
0.0762524	0.184409	0.239344
0.387969	0.0346951	0.0773528
0.0610291	0.428889	0.0100907
0.263992	0.078223	0.15779
0.283598	0.118901	0.0975116
0.0169503	0.0273027	0.455754
0.353134	0.126807	0.0200715
0.404956	0.0866368	0.0084172
0.00221722	0.00302311	0.494762
0.10272	0.389455	0.00783339
0.44258	0.0413898	0.0160387
0.468463	0.019777	0.0117644
0.244089	0.122732	0.133186
0.00809653	0.482869	0.00904115
0.066775	0.142382	0.290862
0.2082	0.117231	0.174582
0.0177011	0.473027	0.00928642
0.179811	0.28963	0.0305666
0.269429	0.213108	0.0174726
0.00235729	0.492283	0.00536696
0.267139	0.13185	0.101015
0.483566	0.00443829	0.0120001
0.233992	0.192193	0.0738208
0.144663	0.0173273	0.338016
0.0302646	0.264366	0.205384
0.124274	0.284725	0.0910104
0.126242	0.0103775	0.363386
0.188666	0.0443098	0.267028
0.0202932	0.0555281	0.424194
0.0373226	0.429929	0.0328222
0.152163	0.121576	0.226264
0.256297	0.075943	0.167768
0.400387	0.0300997	0.0695245
0.491826	0.000577354	0.00759973
0.240788	0.0764702	0.182761
0.0544898	0.0182766	0.427249
0.0674331	0.0581485	0.374433
0.136054	0.202755	0.161204
0.120914	0.334544	0.0446153
0.0749805	0.181358	0.243671
0.00658098	0.0157344	0.47769
0.474872	0.00388242	0.0212502
0.14325	0.329677	0.0270779
0.180879	0.302377	0.0167644
0.0573339	0.24735	0.195332
0.178581	0.25384	0.0675942
0.295957	0.134527	0.0695241
0.10705	0.285577	0.10738
0.0108529	0.419654	0.0695003
0.213768	0.238233	0.0480029
0.338502	0.153738	0.00776247
0.205092	0.0226406	0.272283
0.3477	0.144474	0.00783336
0.307121	0.063764	0.129125
0.154686	0.178428	0.166894
0.309619	0	0.190384
0.000661567	0.0266446	0.472707
0.430048	0.0617332	0.00823033
0.0745756	0.257368	0.1681
0.162388	0.0595182	0.278102
0.0267673	0.065354	0.407891
0.00436163	0.404542	0.0911052
0.200884	0.0435061	0.255617
0.00809032	0.237761	0.254152
0.208881	0.112292	0.178833
0.315658	0.158845	0.0255002
0.0827423	0.413756	0.00351195
0.0291357	0.396264	0.0746044
0.219636	0.242963	0.0374108
0.012251	0.0276502	0.460114
0.374122	0.0706593	0.0552241
0.179811	0.101474	0.218735
0.00061909	0.198522	0.300863
0.274119	0.0811774	0.144716
0.0811653	0.219705	0.199211
0.0781659	0.269758	0.152119
0.159723	0.210617	0.129661
0.0633145	0.0213639	0.415328
0.103479	0.338293	0.0582581
0.036627	0.217302	0.24609
0.102901	0.278541	0.118571
0.247356	0.024378	0.228272
0.0974006	0.0472826	0.355321
0.414925	0.0281317	0.056972
0.321404	0.136997	0.0416012
0.00605424	0.317495	0.176457
0.154013	0.0535108	0.292492
0	0.250738	0.249264
0.0094413	0.377354	0.113207
0.13379	0.0110053	0.355211
0.0962462	0.364909	0.0388513
0.150777	0.0523868	0.29685
0.337895	0.138958	0.0231638
0.227381	0.190857	0.081765
0.149646	0.349482	0.0008757
0.193643	0.0801	0.226267
0.0270662	0.311783	0.161223
0.0277209	0.444002	0.0282881
0.0628443	0.050523	0.386653
0.164264	0.187384	0.148365
0.00749276	0.447965	0.0446153
0.249925	0.0144276	0.235666
0.367915	0.0957863	0.0364167
0.0191432	0.0311992	0.449665
0.0015211	0.487768	0.0107143
0.367935	0.0102944	0.121776
0.354198	0.145663	0.000145362
0.092462	0.00917505	0.398368
0.0435771	0.195787	0.260653
0.00654479	0.00773062	0.48574
0.197749	0.0448979	0.257357
0.0858575	0.207638	0.20652
0.00468214	0.434269	0.0610573
0.0628754	0.0186199	0.418515
0.0919194	0.344147	0.0639448
0.207005	0.111284	0.181714
0.216827	0.0891695	0.194013
0.281834	0.103491	0.114681
0.0994855	0.25529	0.145248
0.450803	0.0408606	0.00834657
0.211257	0.175237	0.113521
0.394554	0.0260245	0.0794369
0.191484	0.307755	0.000764137
0.237412	0.145108	0.117483
0.00309444	0.0905352	0.406418
0.121884	0.307277	0.0708513
0.0822095	0.411091	0.00671554
0.301173	0.00520773	0.199176
0.0440794	0.105537	0.350395
0.444169	0.0165435	0.0392973
0.0124791	0.00205494	0.48547
0.225745	0.189484	0.0847768
0.11424	0.0517148	0.334056
0.00119588	0.267373	0.231434
0.0515354	0.189653	0.258814
0.0560001	0.441935	0.00206924
0.00470048	0.43597	0.0593387
0.488432	0.000376104	0.0112106
0.123293	0.3604	0.0163135
0.325834	0.135814	0.0383704
0.251599	0.0149944	0.23341
0.22273	0.0817716	0.195506
0.115793	0.274256	0.109965
0.363431	0.0767555	0.059832
0.159778	0.260285	0.0800156
0.0289974	0.0646244	0.406384
0.315475	0.168969	0.0155845
0.311777	0.0447555	0.143478
0.0343836	0.0816068	0.384039
0.10167	0.00872186	0.389611
0.304165	0.00525947	0.196131
0.131895	0.0059213	0.362189
0.0931572	0.296893	0.109965
0.422942	0.0687168	0.00834648
0.242045	0.0475502	0.21043
0.422049	0.0619212	0.0160387
0.160279	0.058745	0.280982
0.137694	0.205198	0.157122
0.00546121	0.469043	0.0255002
0.290799	0.0590096	0.150209
0.0215013	0.097963	0.38054
0.367629	0.108847	0.0235457
0.165702	0.0607369	0.273577
0.0017766	0.397211	0.101015
0.472327	0.00642973	0.0212503
0.34266	0.0641586	0.0931946
0.109614	0.00721933	0.391922
0.0183727	0.0324631	0.449173
0.185148	0.210114	0.104746
0.0840001	0.207939	0.208076
0.198444	0.0676469	0.23392
0.164322	0.32331	0.0123773
0.0523367	0.19843	0.249237
0.328161	0.117647	0.0542055
0.166648	0.0610839	0.272283
0.0938881	0.00805428	0.39806
0.0223245	0.45325	0.0244315
0	0.500001	0
0.173099	0.134525	0.192379
0.420971	0.0485594	0.0305207
0.476051	0.0197861	0.00428174
0.0415223	0.326735	0.131786
0.235249	0.208862	0.0558922
0.344562	0.0741852	0.081258
0.0796036	0.00130379	0.419097
0.407839	0.0887624	0.00340199
0.113251	0.29343	0.0933275
0.291699	0.061415	0.146899
0.300551	0.0567272	0.142772
0.0622414	0.440433	0.00243142
0.373542	0.0793332	0.0471343
0.00614978	0.240249	0.253607
0.179795	0.119084	0.201125
0.00745717	0.0848239	0.407725
0.0279351	0.000614611	0.471474
0.186248	0.0650561	0.248698
0.461937	0.0219763	0.0160948
0.21822	0.169396	0.112387
0.250209	0.246235	0.00356464
0.0774927	0.226279	0.19624
0.00647408	0.493528	0
0.117797	0.339715	0.0425381
0.0266595	0.351686	0.121671
0.161557	0.0198222	0.318649
0.0161754	0.123052	0.360782
0.333438	0.0764816	0.090086
0.211384	0.0095907	0.279031
0.13761	0.0149467	0.347447
0.314773	0.0683012	0.116928
0.0263802	0.0176086	0.456012
0.107476	0.321224	0.0713044
0.0120145	0.165496	0.322524
0.356635	0.00428338	0.139095
0.170665	0.276161	0.0531939
0.105713	0.0122834	0.382037
0.321809	0.108255	0.0699678
0.38051	0.089492	0.030002
0.222125	0.0513832	0.226497
0.283927	0.187289	0.0318264
0.244603	0.0337507	0.221675
0.0257744	0.109292	0.364941
0.231614	0.0617868	0.206639
0.0389931	0.271792	0.189218
0.142847	0.229046	0.12811
0.0363969	0.366255	0.0973983
0.0329742	0.434988	0.0320554
0.0914867	0.0777158	0.3308
0.00161953	0.214676	0.283711
0.205008	0.196644	0.0983554
0.0489135	0.345701	0.105397
0.00657262	0.483927	0.00950513
0.227646	0.266501	0.00586011
0.391013	0	0.108992
0.201637	0.0466439	0.251724
0.084447	0.287739	0.127858
0.240059	0.2015	0.0584501
0.481752	0.00386669	0.0143865
0.00897269	0.279804	0.211304
0.0142	0.153349	0.336923
0.0181121	0.454138	0.0277537
0.122576	0.109546	0.267883
0.0252555	0.47352	0.00122738
0.0571691	0.285238	0.157625
0.176889	0.233044	0.0900891
0.488245	0	0.0117571
0.254323	0.176521	0.06916
0.258364	0.0583364	0.183334
0.0896296	0.392357	0.0180162
0.273787	0.139233	0.0869825
0.209727	0.271081	0.0192016
0.153932	0.0888221	0.257262
0.0354058	0.0227234	0.44495
0.151773	0.0344238	0.313804
0.0302444	0.310609	0.15915
0.0277983	0.172154	0.300053
0.0260127	0.375524	0.0984879
0.110479	0.144203	0.245322
0.0316385	0.126231	0.342141
0.0229602	0.44542	0.0316349
0.00436996	0.412272	0.0833606
0.143714	0.0300781	0.326208
0.296088	0.0408546	0.163086
0.439655	0.0456435	0.014707
0.107756	0.152226	0.240024
0.0234936	0.127197	0.349329
0.0479791	0.10096	0.351072
0.110153	0.155613	0.234238
0.0539644	0.00627045	0.439799
0.00125435	0.0174874	0.481287
0.0994257	0.160306	0.240292
0.371253	0.0862175	0.0425343
0.130249	0.220547	0.14921
0.263288	0.202212	0.0345173
0.431392	0.060411	0.00825813
0.238829	0.0829018	0.178271
0.0782613	0.252945	0.168799
0.130764	0.0754536	0.293798
0.279895	0.146556	0.073552
0.000414276	0.477319	0.0222712
0.0607132	0.0085397	0.430753
0.0221548	0.185692	0.292157
0.00540627	0.26231	0.232291
0.118778	0.162366	0.218858
0.0135247	0.249477	0.237009
0.134958	0.141257	0.22379
0.154933	0.180766	0.164303
0.165599	0.0612032	0.273202
0.0214669	0.425368	0.053195
0.000359877	0.0346271	0.465037
0.312214	0.0728998	0.114891
0.332419	0.137581	0.0300074
0.00166647	0.00902243	0.489352
0.0872542	0.406898	0.00586017
0.305319	0.124335	0.0703594
0.00341222	0.452175	0.0444183
0.446641	0.0281699	0.0251923
0.395572	0.00291928	0.10156
0.269156	0.216095	0.0148084
0.3259	0.113439	0.0606624
0.0822438	0.246405	0.171356
0.145499	0.0155587	0.338946
0.40273	0.0847916	0.0124918
0.12696	0.307532	0.0655117
0.154582	0.0367022	0.308724
0.387306	0.0531507	0.0595485
0.0105995	0.466766	0.0226767
0.0710313	0.384571	0.0444198
0.0578348	0.418156	0.0240143
0.191702	0.0199953	0.288338
0.0175523	0.380435	0.102081
0.367087	0.126393	0.00652306
0.16683	0.0204692	0.312731
0.133909	0.138134	0.227961
0.019603	0.206466	0.27398
0.102074	0.0240905	0.373846
0.215382	0.0700999	0.214522
0.0337727	0.312354	0.153878
0.43734	0.0275099	0.0351537
0.32286	0.110721	0.0664285
0.0468513	0.102087	0.351072
0.00206021	0.0642454	0.433767
0.398605	0.0969353	0.0045079
0.158144	0.00274945	0.33911
0.325239	0.113209	0.0615535
0.103153	0.0219078	0.374947
0.125824	0.315684	0.0585022
0.08195	0.234749	0.183333
0.178272	0.0580218	0.263711
0.0444278	0.403895	0.0516825
0.359539	0.115271	0.0251922
0.18824	0.186425	0.125351
0.0842243	0.250422	0.165358
0.0158187	0.00292306	0.481288
0.0519466	0.0469203	0.401141
0.449091	0.0250971	0.0258159
0.426955	0.0385702	0.0345191
0.0195885	0.297601	0.182814
0.0275437	0.429967	0.042538
0.0667273	0.302882	0.13043
0.310196	0.0128927	0.17703
0.0731795	0.413922	0.0129049
0.0748431	0.218543	0.206628
0.0174085	0.0942512	0.388361
0.453737	0.0333513	0.0129148
0.21524	0.191441	0.0933275
0.0473415	0.334591	0.118076
0.308218	0.0128105	0.17909
0.195124	0.254625	0.0502688
0.00144821	0.191967	0.306591
0.00921437	0.481285	0.00950513
0.00444231	0.419097	0.0764638
0.00542218	0.00315546	0.491424
0.279787	0.1465	0.0738271
0.0081812	0.32878	0.163043
0.349345	0.142928	0.00772874
0.195498	0.259277	0.0452435
0.362689	0.0882008	0.0491616
0.00892527	0.0260619	0.46504
0.207427	0.1896	0.102981
0.227365	0.119334	0.153304
0.00362779	0.400073	0.0963037
0.267752	0.0177303	0.214522
0.0691203	0.259528	0.171355
0.0373958	0.0337774	0.428833
0.387988	0.0729316	0.0390857
0.0510766	0.350458	0.0984876
0.0552128	0.020711	0.424081
0.273753	0.186322	0.0399288
0.34865	0.0457031	0.105651
0.0548186	0.163925	0.281261
0.123317	0.360087	0.0166028
0.493593	0.00557228	0.000837815
0.0492086	0.000831428	0.449962
0.00796721	0.386565	0.105471
0.094419	0.00139931	0.40419
0.099847	0.00183739	0.39832
0.0302903	0.0276494	0.442062
0.0225534	0.476611	0.000841288
0.00959688	0.152192	0.338217
0.0621515	0.349133	0.0887185
0.0104098	0.489595	0
0.0415876	0.363111	0.0953041
0.0337102	0.0140783	0.452223
0.067794	0.377471	0.0547503
0.0953906	0.0991285	0.305486
0.0320785	0.371759	0.0961647
0.0826606	0.00649671	0.410848
0.0355776	0.309562	0.154868
0.346635	0.14666	0.00671236
0.066322	0.0505564	0.383125
0.343429	0.136164	0.0204116
0.492806	0.00720248	0
0.337763	0.140873	0.0213675
0.109269	0.355074	0.0356646
0.154211	0.0612785	0.284516
0.0272503	0.432149	0.0406066
0.00878241	0.139276	0.351947
0.224158	0.032085	0.243761
0.196983	0.269448	0.0335716
0.0697671	0.00656403	0.423671
0.184084	0.194568	0.121355
0.269563	0.176539	0.0539018
0.086123	0.0449156	0.368969
0.00334728	0.153158	0.343498
0.0509708	0.0689069	0.380129
0.461436	0.00776522	0.0308033
0.326071	0.107454	0.0664822
0.0238792	0.323925	0.152203
0.476088	0.00915567	0.014761
0.172761	0.074574	0.252671
0.0884207	0.110653	0.300928
0.318638	0.114886	0.0664822
0.165343	0.0767052	0.257958
0.253536	0.0399805	0.206489
0.313978	0.0816603	0.104365
0.0223449	0.0443021	0.433354
0.267138	0.178963	0.0539018
0.299977	0.123649	0.0763773
0.453675	0.0426839	0.00364335
0.132741	0.156387	0.210882
0.186503	0.292169	0.0213311
0.307371	0.135411	0.0572227
0.0156251	0.470555	0.0138247
0.110275	0.306973	0.0827623
0.0116589	0.0520333	0.436311
0.0551355	0.253579	0.191288
0.0829908	0.103858	0.313154
0.000587425	0.426976	0.0724448
0.374741	0.0350422	0.0902188
0.0586559	0.109956	0.331391
0.394443	0.0286939	0.0768755
0.102794	0.286147	0.111063
0.0160827	0.0901361	0.3938
0.240001	0.129303	0.130706
0.15896	0.29887	0.0421764
0.275478	0.047433	0.177097
0.219883	0.0245504	0.255571
0.0381891	0.459847	0.00197325
0.0371453	0.222133	0.240727
0.0564654	0.0235678	0.419975
0.397939	0.0289483	0.0731254
0.112672	0.305309	0.0820214
0.313099	0.121007	0.065897
0	0.3394	0.160606
0.333631	0.164352	0.00201991
0.260764	0.211423	0.027821
0.0477848	0.13004	0.322178
0.130305	0.17196	0.197739
0.133459	0.0125565	0.353986
0.409091	0.0336913	0.0572227
0.386651	0.0110765	0.102275
0.189252	0.131519	0.179237
0.380894	0.00252105	0.116587
0.245732	0.0387498	0.215522
0.0641372	0.383704	0.0521669
0.170141	0.0620551	0.267814
0.245942	0.187478	0.066585
0.0141264	0.191896	0.293985
0.231707	0.096767	0.171533
0.0307192	0.464541	0.00474763
0.0167498	0.0227766	0.460479
0.204819	0.111899	0.188399
0.209479	0.153335	0.137192
0.189458	0.0863466	0.224205
0.200336	0.274035	0.0256322
0.415183	0.0555748	0.0292453
0.00534383	0.493669	0.000990591
0.244146	0.162582	0.0932764
0.0783236	0.418087	0.00361058
0.128517	0.00522563	0.366268
0.276465	0.114302	0.109241
0.213378	0.265294	0.0213318
0.0738174	0.413712	0.0124938
0.0462487	0.282187	0.171573
0.0292398	0.442169	0.0285996
0.226119	0.159741	0.114147
0.179017	0.0630311	0.257958
0.285576	0.0891378	0.12529
0.0666664	0.398836	0.0345024
0.0843151	0.255422	0.16027
0.0601333	0.112725	0.327142
0.144229	0.0641822	0.291597
0.07446	0.416625	0.00893691
0.433778	0.0420189	0.0242049
0.236548	0.0433039	0.220263
0.193532	0.0281352	0.278341
0.152682	0.0848134	0.26251
0.00609907	0.0057103	0.488196
0.0165232	0.00954725	0.473937
0.0122301	0.0734772	0.414295
0.467518	0.00921375	0.0232701
0.0443372	0.313186	0.142483
0.302261	0.094346	0.103399
0.128903	0.358827	0.0122755
0.439581	0.0165726	0.0438512
0.0168051	7.32268e-05	0.483126
0.0190091	0.0154122	0.465586
0.141691	0.209131	0.149184
0.00128704	0.334967	0.163752
0.0331168	0.405169	0.0617176
0.228961	0.246707	0.0243368
0.353003	0.00517599	0.141823
0.0647935	0.128611	0.306599
0.0367142	0.319452	0.143839
0.483298	0.0119303	0.0047782
0.101809	0.16734	0.230855
0.0146639	0.00742431	0.477915
0.122577	0.242868	0.13456
0.115105	0.331192	0.0537193
0.0443511	0.452665	0.00310018
0.363812	0.134836	0.00135716
0.484354	0.0155475	0.000103603
0.250358	0.202986	0.0466608
0.295903	0.201924	0.00218332
0.124999	0.344672	0.0303321
0.200971	0.0206959	0.278341
0.446318	0.0180289	0.0356591
0.0397228	0.409099	0.0511817
0.146203	0.0812142	0.272586
0.0776487	0.385305	0.0370527
0.368909	0.117351	0.0137428
0.118439	0.23596	0.145605
0.289517	0.198011	0.0124938
0.0470944	0.0777466	0.375163
0.18013	0.0582033	0.261671
0.0119974	0.0189231	0.469082
0.358726	0.114112	0.0271648
0.13128	0.304	0.0647324
0.362333	0.0370544	0.100615
0.135022	0.0710004	0.293985
0.0214322	0.191076	0.287497
0.147017	0.0654228	0.287567
0.473756	0.0114869	0.014761
0.14314	0.214194	0.142669
0.354097	0.144553	0.00135716
0.327851	0.144987	0.0271648
0.168909	0.329219	0.00188041
0.000460591	0.332585	0.166962
0.0795347	0.391128	0.0293429
0.124054	0.240755	0.135197
0.0173576	0.260264	0.222384
0.420663	0.0196556	0.0596882
0.208565	0.261008	0.0304303
0.0389533	0.00547292	0.455581
0.052847	0.257344	0.189814
0.0391902	0.22752	0.233294
0.371294	0.11811	0.0105989
0.101252	0.281854	0.1169
0.439541	0.0147263	0.0457362
0.146588	0.205919	0.147495
0.280184	0.0482483	0.171571
0.0490409	0.428188	0.0227751
0.00459686	0.00430384	0.491107
0.192765	0.276809	0.0304303
0.120071	0.065164	0.314769
0.211559	0.0883528	0.2001
0.405091	0.091267	0.00364334
0.219569	0.152977	0.127463
0.248521	0.213046	0.0384416
0.0431754	0.254493	0.202344
0.0615198	0.345584	0.0929009
0.148915	0.0499779	0.30112
0.105062	0.296745	0.0981995
0.390104	0.00656482	0.103334
0.0922919	0.296651	0.111063
0.0437904	0.079093	0.377123
0.203745	0.163819	0.132439
0.427257	0.00370452	0.0690438
0.0813864	0.224415	0.194204
0.0817422	0.234729	0.183535
0.230138	0.0421305	0.227846
0.252249	0.0117209	0.236034
0.0454936	0.347014	0.108868
0.0358742	0.132405	0.33173
0.108239	0.359104	0.0326588
0.286284	0.0611816	0.152539
0.146681	0.013728	0.339602
0.250439	0.00190374	0.247659
0.12687	0.0505854	0.322548
0.13771	0.193916	0.168383
0.00668431	0.478487	0.0162128
0.0039934	0.00709771	0.488912
0.0853378	0.299613	0.115053
0.203436	0.293606	0.00296068
0.033804	0.167676	0.300872
0.0158928	0.0525594	0.431556
0.122789	0.268257	0.108962
0.200344	0.0779228	0.221737
0.0355376	0.422135	0.0423311
0.106551	0.0424838	0.350968
0.141307	0.0622757	0.29642
0.0479055	0.0554672	0.396633
0.235288	0.239864	0.0248533
0.301162	0.138138	0.0607047
0.319843	0.021169	0.158991
0.324327	0.0105868	0.16509
0.228243	0.183016	0.0887464
0.453181	0.0273137	0.0195107
0.0121253	0.0123109	0.475567
0.469964	0.0107462	0.0192923
0.0811855	0.396505	0.022314
0.239044	0.0878061	0.173157
0.171002	0.0383735	0.290631
0.18428	0.3103	0.0137385
0.0168858	0.210212	0.272906
0.275679	0.120419	0.103906
0.00328321	0.432233	0.064486
0.16118	0.191416	0.147443
0.114543	0.378508	0.00695217
0.255515	0.00331702	0.241172
0.1621	0.186728	0.15121
0.14049	0.22597	0.133548
0.0599945	0.4034	0.0366102
0.07771	0.275475	0.146851
0.0519432	0.443201	0.00486248
0.000347263	0.466597	0.0330585
0.209032	0.283802	0.00716953
0.1059	0.363881	0.0302294
0.167934	0.21252	0.119554
0.0731388	0.174525	0.252341
0.306264	0.152729	0.0410143
0.0542363	0.236277	0.20949
0.241849	0.0726925	0.191073
0.0225099	0.096392	0.381104
0.263372	0.0996061	0.137025
0.0245538	0.0648294	0.410621
0.409793	0.0448062	0.0454074
0.379744	0.093134	0.0271278
0.0572183	0.0667163	0.376072
0.0431192	0.0148219	0.442062
0.272714	0.0330778	0.194214
0.000160251	0.490275	0.00956832
0.153698	0.221822	0.124485
0.0125764	0.00484694	0.482581
0.0332961	0.108872	0.357836
0.0130197	0.417768	0.0692165
0.280031	0.116617	0.103355
0.117678	0.0160113	0.366318
0.327479	0.106246	0.0662772
0.0764299	0.384025	0.039549
0.303428	0.0234223	0.173157
0.282866	0.156434	0.0607047
0.0868224	0.371791	0.0413935
0.103538	0.0795859	0.316882
0.132198	0.242527	0.125281
0.0111751	0.0332267	0.4556
0.033724	0.0272338	0.439047
0.0900834	0.0202151	0.389708
0.332914	0.113205	0.0538856
0.0364113	0.0145688	0.449027
0.0401309	0.149375	0.310498
0.0194998	0.0646925	0.415812
0.100577	0.309199	0.0902278
0.197373	0.0906526	0.211978
0.0416491	0.122031	0.336324
0.112722	0.0153369	0.37195
0.07068	0.250442	0.178882
0.463723	0	0.036281
0.00561737	0.110786	0.383604
0.375783	0.041143	0.0830787
0.426598	0.0252091	0.0481954
0.0304422	0.460084	0.00947936
0.289335	0.0719726	0.138704
0.257421	0.0998533	0.142729
0.309943	0.159836	0.0302292
0.0594187	0.323913	0.116678
0.345668	0.0787884	0.0755463
0.0101262	0.439077	0.0507996
0.243262	0.182042	0.0747019
0.163053	0.292173	0.0447901
0.0678595	0.389787	0.042359
0.0304147	0.00506156	0.464525
0.0184374	0.198366	0.283201
0.0122969	0.172243	0.315463
0.0108581	0.220525	0.26862
0.080752	0.0181777	0.401077
0.169553	0.280365	0.050086
0.0914191	0.390697	0.0178896
0.392213	0.00734975	0.10044
0.483048	0.0163211	0.00063202
0.246957	0.247726	0.00532188
0.353691	0.0857926	0.0750504
0.341982	0.0779482	0.0800723
0.0531055	0.140214	0.306683
0.370972	0.0459535	0.0830787
0.0387715	0.0553482	0.405884
0.0620868	0.319783	0.118138
0.316603	0.122613	0.060793
0.396777	0.00803158	0.0951971
0.330917	0.0352212	0.133868
0.135649	0.163065	0.201289
0.0328838	0.103007	0.364111
0.114473	0.178581	0.206949
0.0248277	0.338887	0.136293
0.218006	0.263652	0.0183439
0.423979	0.00974565	0.0662772
0.0728924	0.0347644	0.392347
0.450208	0.0148345	0.0349595
0.429646	0.0697249	0.000632021
0.156296	0.219225	0.124485
0.000986062	0.0307855	0.468233
0.13386	0.054086	0.31206
0.294008	0.0195236	0.186475
0.41354	0.10031	0.000682242
0.0649883	0.317399	0.117617
0.445704	0.000415423	0.0538856
0.0208801	0.201668	0.277456
0.478914	0.00517645	0.0159147
0.497084	0.00116389	0.00175628
0.128799	0.144025	0.227178
0.365237	0.0497246	0.0850451
0.231109	0.0790204	0.189874
0.173336	0.0390188	0.287652
0.153746	0.215172	0.131085
0.401046	0.0914108	0.00754811
0.168046	0.28718	0.0447901
0.0553333	0.434762	0.00991653
0.186811	0.257967	0.05524
0.125391	0.0293194	0.345299
0.099631	0.0223576	0.378018
0.0150564	0.302674	0.182277
0.0116716	0.449555	0.0387764
0.00790329	0.451963	0.0401368
0.340043	0	0.15996
0.0691182	0.214963	0.215921
0.124709	0.371291	0.00400179
0.19302	0.262206	0.0447901
0.0739035	0.330125	0.0959754
0.0765347	0.182629	0.240841
0.259733	0.0248956	0.215375
0.0682771	0.199001	0.232725
0.0755809	0.245371	0.179052
0.269952	0.110503	0.119553
0.125937	0.149562	0.224541
0.177786	0.314373	0.00784415
0	0.494309	0.00569469
0.0585319	0.312795	0.128676
0.178886	0.0436622	0.277456
0.0831324	0.407392	0.00947933
0.0783654	0.0175855	0.404056
0.223759	0.000335882	0.275909
0.464208	0.0136568	0.0221386
0.0125852	0.223401	0.264017
0.0943208	0.334359	0.0713234
0.175665	0.253526	0.0708157
0.491754	0.0065979	0.0016509
0.292387	0.019416	0.188202
0.00614972	0.232082	0.261771
0.31286	0.126411	0.060735
0.0933225	0.344268	0.062412
0.210791	0.205715	0.083497
0.113411	0.305789	0.0808034
0.110379	0.19206	0.197566
0.404238	0.0350627	0.0607047
0.0115064	0.0699051	0.418596
0.124527	0.272054	0.103424
0.212867	0.0818693	0.205273
0.111586	0.044491	0.343927
0.0680785	0.198422	0.233503
0.434602	0.0467607	0.0186424
0.189945	0.254944	0.0551293
0.385919	0.0717545	0.0423311
0.0683248	0.006293	0.42539
0.127903	0.144921	0.227178
0.298181	0	0.201821
0.0528986	0.328192	0.118917
0.418915	0.0281733	0.0529167
0.121207	0.341184	0.0376134
0.0901456	0.20662	0.203244
0.0460397	0.430482	0.02348
0.00738772	0.492006	0.000610905
0.287617	0.14191	0.0704752
0.217231	0.0118488	0.270923
0.0471703	0.441054	0.0117781
0.489897	0.0094942	0.000610902
0.278393	0.0605763	0.161034
0.00496907	0.476322	0.0187104
0.0203033	0.261279	0.218422
0.332904	0.0303189	0.136781
0.408718	0.0701433	0.0211425
0.360701	0.0858996	0.0534013
0.416844	0.0750209	0.00813906
0.100162	0.0926217	0.307219
0.253137	0.00636253	0.240502
0.30914	0.123304	0.0675874
0.0251547	0.1766	0.298336
0.124419	0.0493998	0.326196
0.0386348	0.0573314	0.404042
0.0801901	0.0795247	0.340289
0.201174	0.20946	0.0893871
0.317008	0.0348866	0.148115
0.207582	0.0395914	0.252851
0.0503381	0.268063	0.181601
0.182324	0.25012	0.0675874
0.0261244	0.0255891	0.448308
0.379563	0.0435244	0.076918
0.132384	0.133353	0.234266
0.465842	0.0183852	0.0157902
0.0279395	0.359548	0.112519
0.113343	0.177346	0.209316
0.231724	0.0397997	0.22848
0.0548596	0.225711	0.219435
0.351971	0.145779	0.00226347
0.0775992	0.419327	0.00307891
0.0933131	0.353856	0.0528331
0.0128747	0.0903877	0.396745
0.0264416	0.0522375	0.421331
0.454154	0.0264367	0.0194182
0.460102	0.0176235	0.0222969
0.227663	0.0126861	0.259653
0.238469	0.233068	0.0284651
0.242885	0.237505	0.019611
0.403005	0.0342092	0.0628028
0.0959179	0.156323	0.247763
0.0517358	0.0623008	0.385972
0.0540776	0.405061	0.0408642
0.426692	0.0554863	0.0178257
0.393185	0.0430329	0.0637839
0.000355558	0.469122	0.0305255
0.0347982	0.15438	0.310823
0.074505	0.306536	0.118967
0.480718	0.0160107	0.00327372
0.375488	0.0169338	0.107583
0.249309	0.248621	0.00207456
0.00821559	0.00224257	0.489547
0.341154	0.127898	0.0309519
0.211545	0.255772	0.0326861
0.076156	0.398044	0.0258027
0.0661036	0.369361	0.0645579
0.0147455	0.118846	0.366414
0.127803	0.148745	0.223458
0.274311	0.136308	0.0893839
0.0181294	0.00323557	0.478641
0.192885	0.301806	0.00531362
0.423054	0.00460216	0.0723488
0.436055	0.0443061	0.019641
0.0406597	0.378476	0.0808956
0.00655939	0.390293	0.103154
0.318294	0.0895066	0.0922246
0.022061	0.456788	0.0211535
0.0535457	0.0152859	0.431173
0.293644	0.0832677	0.123095
0.474039	0	0.0259649
0.446385	0.0203417	0.033299
0.0846728	0.00482186	0.410513
0.346497	0.00801028	0.145514
0.0174635	0.0264721	0.456069
0.391375	0.0672207	0.0414083
0.00357506	0.0323111	0.464119
0.304933	0.121291	0.0737903
0.0306421	0.278334	0.191034
0.295325	0.121217	0.0834611
0.0668462	0.0403097	0.392852
0.120387	0.192047	0.187571
0.386322	0.0662134	0.047469
0.00311237	0.383691	0.1132
0.237165	0.197014	0.0658483
0.00639175	0.179067	0.314546
0.108597	0.167886	0.223522
0.110331	0.103582	0.286092
0.00909591	0.284736	0.206205
0.138964	0.1674	0.193653
0.168298	0.17251	0.159213
0.152931	0.143876	0.203208
0.149925	0.190883	0.159213
0.0703162	0.0555471	0.374143
0.163547	0.163489	0.172969
0.0044833	0.213612	0.28191
0.364191	0.110265	0.0255528
0.270237	0.130186	0.0995768
0.0325307	0.00075204	0.466735
0.147608	0.184968	0.167426
0.105047	0.0980192	0.296936
0.302962	0.11358	0.0834611
0.444242	0.0514645	0.00430164
0.0424897	0.139316	0.318196
0.189323	0.296232	0.0144481
0.107767	0.312429	0.079807
0.0898409	0.294572	0.115591
0.0434641	0.319286	0.137254
0.326673	0.114467	0.0588781
0.193751	0.296744	0.00950751
0.225188	0.0189997	0.255822
0.17311	0.202631	0.124261
0.0169952	0.195052	0.287955
0.385968	0.0285336	0.0855066
0.178922	0.265038	0.0560466
0.122209	0.0485226	0.329288
0.0836044	0.242378	0.174021
0.00333389	0.00307918	0.493589
0.103869	0.102225	0.293907
0.154961	0.161134	0.183908
0.403599	0.0456556	0.0507489
0.371433	0.126318	0.00226347
0.137685	0.212119	0.150197
0.257503	0.0459598	0.196554
0.219616	0.00296758	0.277429
0.0555379	0.415999	0.0284652
0.136976	0.32426	0.0387792
0.0693514	0.36446	0.0661904
0.139865	0.218846	0.14129
0.0874639	0.0375805	0.374969
0.323074	0.0127809	0.164151
0.158726	0.187144	0.154143
0.0688932	0.0716241	0.359489
0.196402	0.181617	0.121984
0.272861	0.0640244	0.163117
0.0620823	0.158301	0.279621
0.082482	0.216296	0.201229
0.0286653	0.028078	0.443277
0.144852	0.145913	0.209239
0.163231	0.280546	0.056234
0.204494	0.200304	0.0952244
0.0318182	0.112536	0.355665
0.161966	0.337429	0.000609545
0.145998	0.28817	0.0658468
0.0472398	0.40934	0.0434721
0.368465	0.0448322	0.0867101
0.0106644	0.333836	0.155503
0.00117271	0.0276438	0.471193
0.108222	0.101913	0.28987
0.00798758	0.475272	0.0167464
0.176651	0.203779	0.119573
0.0613842	0.00241683	0.436212
0.0986607	0.0818815	0.319459
0.0291387	0.0119294	0.458938
0.0424737	0.31201	0.145519
0.0583964	0.341471	0.100154
0.21229	0.178286	0.109426
0.267415	0.0751989	0.157392
0.0717131	0.0203354	0.407962
0.117307	0.221107	0.161589
0.159396	0.273956	0.0666579
0.342519	0.12841	0.0290739
0.0368289	0.349906	0.113268
0.11211	0.0571462	0.330747
0.00255653	0.331447	0.165999
0.0220767	0.324977	0.152969
0.240722	0.222601	0.0366913
0.19021	0.291976	0.0178158
0.0191877	0.418979	0.0618355
0.264018	0.0045054	0.231479
0.102178	0.328601	0.0692252
0.0599862	0.0949534	0.345081
0.03429	0.32062	0.145092
0.00836221	0.0100716	0.481567
0.0142094	0.249309	0.236484
0.15721	0.273997	0.0688131
0.0232972	0.46285	0.0138564
0.0735178	0.241051	0.185434
0.0132733	0.368526	0.118211
0.0119261	0.24489	0.243201
0.16603	0.285357	0.0486237
0.0590931	0.345545	0.0953841
0.168684	0.203535	0.127783
0.0478173	0.447103	0.00508213
0.0565976	0.133982	0.309425
0.0472717	0.408627	0.0441526
0.225408	0.0293204	0.245275
0	0.497551	0.00247437
0.101446	0.339718	0.0588392
0.00488288	0.114802	0.380359
0.041094	0.106398	0.35251
0.170175	0.246367	0.0834611
0.119374	0.00300044	0.37766
0.00160692	0.108826	0.389577
0.243647	0.102599	0.153759
0.390375	0.0755962	0.034035
0.197624	0.299249	0.00313399
0.00667709	0.0276889	0.465638
0.483873	0.0101119	0.00601978
0.400206	0.0802915	0.0195055
0.164033	0.119388	0.216584
0.178699	0.155497	0.16581
0.00369139	0.378583	0.117736
0.430973	0.0102764	0.0587576
0.446098	0.0143036	0.0396051
0.00556732	0.447596	0.0468422
0.0106406	0.0552258	0.434138
0.255219	0.214449	0.0303384
0.0477511	0.0303548	0.421898
0.116165	0.356806	0.0270426
0.210892	0.0342938	0.254819
0.420251	0.0788206	0.000938319
0.330461	0.0404774	0.129064
0.019353	0.246457	0.234196
0.346994	0.0786595	0.074356
0.490858	0.00669777	0.00245104
0.0137803	0.371642	0.11458
0.378378	0.0522049	0.0694265
0.210094	0.108908	0.181001
0.172283	0.0327944	0.294926
0.0626935	0.0209716	0.416338
0.216994	0.113553	0.169463
0.0711783	0.137044	0.291782
0.262161	0.203236	0.0346075
0.0121021	0.00921246	0.47869
0.150997	0.208231	0.140782
0.193711	0.0647983	0.241494
0.157356	0.022745	0.319908
0.30179	0.0499225	0.1483
0.284508	0.152905	0.0625939
0.0106085	0.467121	0.0222754
0.205026	0.132182	0.1628
0.229376	0.0436621	0.226966
0.269657	0.128519	0.10183
0.00871738	0.383851	0.107439
0.384324	0.00758169	0.108102
0.0351363	0.363924	0.100945
0.093452	0.0719691	0.334583
0.0150551	0.174375	0.310577
0.0359163	0.252537	0.211557
0.131759	0.00840445	0.35984
0.403599	0.093031	0.00338095
0.475367	0.016527	0.00811208
0.112583	0.0839334	0.303487
0.00197581	0.476646	0.0213841
0.0444277	0.00154461	0.454032
0.0964005	0.128127	0.275481
0.0288512	0.360532	0.110622
0.01401	0.289105	0.196897
0.0182662	0.234927	0.246848
0.324069	0.043808	0.132126
0.184013	0.193664	0.122329
0.0377643	0.0727099	0.389529
0.15485	0.00303345	0.342679
0.0888542	0.318776	0.0930072
0.27782	0.202304	0.019882
0.0521801	0.350926	0.0968962
0.00198963	0.479979	0.0180362
0.238327	0.0120791	0.2496
0.257487	0.227081	0.0154367
0.0306488	0.390308	0.079049
0.0210101	0.43124	0.0485558
0.409824	0.0780107	0.0121695
0.0786631	0.0692715	0.352069
0.0041972	0.439777	0.0568327
0.0128223	0.241235	0.245981
0.220785	0.143142	0.136083
0.307311	0.164069	0.028627
0.00487016	0.312862	0.182917
0.299346	0.0763109	0.124352
0.0738003	0.142092	0.284116
0.147272	0.282206	0.0705292
0.0229117	0.46272	0.0143722
0.143199	0.307015	0.0497919
0.0547918	0.10723	0.337984
0.179233	0.0599552	0.260815
0.0566471	0.00196944	0.44139
0.00780216	0.489648	0.00255445
0.12653	0.167384	0.20609
0.0857206	0.066015	0.348267
0.0602308	0.386746	0.053033
0.0221573	0.457228	0.0206284
0.0448055	0.250892	0.204313
0.232093	0.198489	0.0694264
0.248105	0.160225	0.0916755
0.156602	0.123067	0.220334
0.192215	0.293092	0.0146979
0.0321316	0.216094	0.251779
0.00971305	0.412757	0.077535
0.291808	0.188318	0.0198821
0.149017	0.323054	0.0279353
0.0693174	0.0369635	0.393724
0.454103	0.00608052	0.039826
0.035605	0.429795	0.0346077
0.138264	0.278991	0.082754
0.0230991	0.0156295	0.461276
0.149349	0.025216	0.325437
0.311259	0.12856	0.0601851
0.206746	0.105155	0.188102
0.00499099	0.00423719	0.490777
0.31761	0.0559658	0.126433
0.0780887	0.416348	0.00557018
0.362238	0.0995534	0.038213
0.0680067	0.0222979	0.4097
0.473436	0.0230484	0.00351948
0.439125	0.0429102	0.017968
0.0307225	0.179851	0.28943
0.148658	0.28542	0.0659243
0.0173516	0.223229	0.259423
0.133234	0.17202	0.194749
0.0545652	0.0182527	0.42719
0.119124	0.224419	0.156464
0.00584139	0.259968	0.234195
0.0911095	0.35014	0.0587576
0.0113666	0.305292	0.18398
0.00917331	0.397132	0.093699
0.465375	0.0107863	0.0238455
0.236124	0.207371	0.0571129
0.357629	0.0630175	0.0793613
0.099725	0.00269386	0.397588
0.201426	0.0331227	0.265456
0.225254	0.265219	0.00953274
0.00735651	0.422432	0.0702198
0.0811225	0.271817	0.147066
0.0264982	0.339564	0.133943
0.0411751	0.0174411	0.441388
0.319722	0.021382	0.158904
0.0458327	0.241692	0.212478
0.352835	0.00481444	0.142354
0.230389	0.0770677	0.192546
0.0499793	0.275281	0.174747
0.0262873	0.342806	0.130912
0.454786	0.00749614	0.0377238
6.45564e-05	2.0331e-05	0.499918
0.10578	0.0297076	0.364522
0.098906	0.257535	0.143566
0.22626	0.00672775	0.267018
0.107374	0.23201	0.160623
0.338425	0.0466926	0.114887
0.368231	0.0490262	0.0827545
0.16615	0.0738476	0.260006
0.416846	0.0407331	0.0424242
0.0559218	0.270789	0.173292
0.0520707	0.0998138	0.348123
0.00892518	0.176851	0.314229
0.152203	0.328874	0.018932
0.122221	0.183032	0.194749
0.305339	0.189096	0.00557017
0.200708	0.0267946	0.272508
0.258926	0.0711602	0.169921
0.350684	0.00479245	0.14453
0.0269089	0.438966	0.0341295
0.275369	0.162061	0.0625729
0.0263778	0.145286	0.328341
0.3333	0.0456819	0.121028
0.460349	0.015812	0.0238455
0.0425498	0.0565535	0.400903
0.00164902	0.0196655	0.47869
0.152693	0.329934	0.0174147
0.0278415	0.0230281	0.449134
0.222667	0.00586909	0.271468
0.373799	0.0592801	0.0669236
0.142797	0.270964	0.0862465
0.28831	0.158666	0.053033
0.00205426	0.495569	0.002383
0.191304	0.0849903	0.223709
0.082138	0.0241426	0.393723
0.0344351	0.147923	0.317647
0.0738679	0.141547	0.284593
0.0334796	0.138835	0.327691
0.285748	0.191981	0.0222754
0.108897	0.0918386	0.299274
0.10358	0.0290898	0.367339
0.0395506	0.0334871	0.426969
0.125545	0.275873	0.0985868
0.0262458	0.0246238	0.449134
0.341546	0.0754998	0.082964
0.134766	0.090032	0.275208
0.415727	0.0418518	0.0424242
0.114676	0.197709	0.187618
0.105032	0.0156227	0.379353
0.252741	0.19599	0.0512768
0.340161	0.0469321	0.112912
0.0871812	0.114549	0.298281
0.0064129	0.189095	0.304495
0.0159081	0.099199	0.384899
0.41168	0.0652875	0.0230383
0.125186	0.00414752	0.370672
0.19418	0.0467767	0.259052
0.0648107	0.333365	0.10183
0.171441	0.112125	0.216439
0.0520916	0.000344613	0.447579
0.107658	0.35151	0.0408393
0.0634864	0.117723	0.3188
0.0455731	0.407551	0.0468875
0.0997992	0.0572914	0.342917
0.143946	0.291695	0.0643628
0.0165527	0.313718	0.169734
0.449359	0.0239817	0.0266644
0.111764	0.30506	0.0831792
0.341917	0.0901733	0.0679156
0.166443	0.0059198	0.32764
0.274016	0.148002	0.0779924
0.0473978	0.452228	0.000377918
0.160465	0.161378	0.178165
0.0396391	0.00109534	0.459271
0.457759	0.0368829	0.00536574
0.418905	0.043672	0.0374256
0.0314762	0.0336976	0.434831
0.0104744	0.479611	0.00991767
0.0224872	0.426194	0.0513247
0.0965676	0.0435645	0.359886
0.390092	0.0142474	0.0956653
0.278772	0.0079581	0.213276
0.0866812	0.32867	0.0846562
0.0220327	0.220935	0.257042
0.228884	0.257252	0.0138709
0.413369	0.0522973	0.0343373
0.49166	0.00198676	0.00636029
0.484925	0	0.015078
0.00851995	0.024653	0.466832
0.0127175	0.485515	0.00177336
0.08533	0.360822	0.0538501
0.00974174	0.446062	0.0442002
0.00286962	0.131396	0.365738
0.00419544	0.000233572	0.495575
0.138202	0.13577	0.226053
0.0719966	0.0336293	0.394383
0.297658	0.0111899	0.191157
0.336156	0.0216435	0.142205
0.0314467	0.460431	0.00812654
0.477428	0.00658862	0.0159895
0.258797	0.0836784	0.157545
0.00632797	0.19145	0.302229
0.252348	0.0152784	0.232387
0.224721	0.253072	0.022217
0.115248	0.119402	0.265355
0.2075	0.121575	0.170928
0.435819	0.0303651	0.0338241
0.35973	0.0152639	0.125012
0.238731	0.234634	0.0266657
0.200581	0.203197	0.0962247
0.0144132	0.0820545	0.403536
0.286534	0.098574	0.114902
0.328383	0.104096	0.0675267
0.000622473	0.347403	0.151981
0.212054	0.105045	0.182904
0.00709746	0.44127	0.0516387
0.362361	0.039453	0.0981902
0.349855	0.0544848	0.0956652
0.0251553	0.0659261	0.408923
0.0917187	0.299469	0.108818
0.0220937	0.00219185	0.47572
0.270901	0.106538	0.122565
0.159137	0.0071689	0.333711
0.155135	0.171703	0.173167
0.167882	0.165001	0.167142
0.0836402	0.21752	0.198845
0.332404	0.139297	0.0283114
0.381513	0.0619697	0.056522
0.0658011	0.278243	0.155958
0.369436	0.0128125	0.117757
0.432922	0.0495316	0.0175512
0.295979	0.0043588	0.199667
0.153126	0.0344697	0.312416
0.0585701	0.154155	0.287277
0.0295067	0.0615746	0.408923
0.0270372	0.465194	0.00777083
0.375219	0.0273022	0.0974874
0.00696743	0.0623084	0.430727
0.311995	0.035696	0.152314
0.0336119	0.337047	0.129349
0.424787	0.0752198	0
0.0539405	0.158787	0.28728
0.242671	0.226386	0.0309548
0.0379446	0.339331	0.123662
0.0358481	0.0414546	0.422702
0.00697015	0.00711433	0.485921
0.113829	0.0477012	0.338476
0.00992415	0.416922	0.0731617
0.222026	0.239277	0.0387038
0.263941	0.0863655	0.149707
0.232033	0.248854	0.019123
0.117766	0.333857	0.0483828
0.20857	0.0990968	0.192338
0.152934	0.324406	0.0226676
0.140053	0.321376	0.0385778
0.0389997	0.114805	0.346201
0.31701	0.0492471	0.133746
0.130133	0.14384	0.226053
0.242464	0.226193	0.031354
0.246437	0.0092643	0.244301
0.307458	0.078894	0.113652
0.170228	0.182575	0.147202
0.163299	0.0673727	0.269334
0.426417	0.045651	0.0279379
0.120498	0.129233	0.250278
0.0402971	0.274469	0.185237
0.121089	0.128643	0.250279
0.0673659	0.377823	0.0548164
0.293334	0.0706838	0.136005
0.179015	0.178865	0.142127
0.00219821	0.125935	0.371871
0.302467	0.0728846	0.124655
0.034254	0.176605	0.28915
0.172328	0.0677718	0.259912
0.214786	0.125826	0.159395
0.134144	0.284548	0.0813155
0.00097137	0.492307	0.00673221
0.00955349	0.401351	0.0891061
0.0722275	0.417911	0.00987573
0.323196	0.102451	0.0743598
0.0753086	0.0342948	0.390405
0.0379508	0.111717	0.350337
0.182298	0.155757	0.161949
0.191506	0.0641951	0.244301
0.00251017	0.114938	0.382556
0.0417958	0.173889	0.284324
0.123398	0.141494	0.235112
0.0625823	0.0208626	0.416561
0.184801	0.0212307	0.293974
0.0932876	0.109331	0.297387
0.220419	0.25591	0.0236803
0.183197	0.196382	0.120426
0.103047	0.0125999	0.384359
0.255477	0.0278157	0.216711
0.131659	0.266795	0.101554
0.108417	0.295923	0.0956653
0.0416871	0.122716	0.335604
0.319689	0.151863	0.0284609
0.163715	0.172431	0.163859
0.0102168	0.271269	0.21852
0.291169	0.100168	0.108669
0.138802	0.0544307	0.306773
0.400276	0.00593544	0.0937956
0.0666229	0.373655	0.0597276
0.00437174	0.283757	0.211874
0.00310765	0.142295	0.354602
0.0317618	0.318496	0.14975
0.468111	0.00646004	0.0254362
0.161446	0.0652206	0.273337
0.471312	0.00332953	0.0253644
0.18556	0.00579059	0.308656
0.197673	0.166912	0.135438
0.380055	0.0617328	0.0582197
0.405751	0.0942497	2.06091e-06
0.010194	0.472714	0.0170973
0.0748997	0.205856	0.219251
0.084195	0.171567	0.244243
0.0857187	0.185189	0.229101
0.0203565	0.435676	0.0461121
0.167592	0.145724	0.18669
0.0815228	0.212664	0.205816
0.083311	0.209757	0.206938
0.0354439	0.000979415	0.463583
0.115358	0.246547	0.1381
0.0437854	0.433791	0.0224305
0.21811	0.000881367	0.281016
0.237471	0.242383	0.0201574
0.0742382	0.214812	0.210954
0.305433	0.0783746	0.116196
0.181073	0.180922	0.138012
0.12301	0.102262	0.274737
0.110407	0.108512	0.28111
0.348977	0.0399982	0.111032
0.402875	0.0809877	0.0161435
0.0188202	0.379457	0.101729
0.112577	0.383566	0.00386145
0.40868	0.0913222	0
0.234291	0.234764	0.0309547
0.213552	0.214295	0.0721595
0.128685	0.263812	0.107508
0.0363391	0.0428381	0.420827
0.189307	0.204015	0.106682
0.0945626	0.393422	0.0120228
0.0184946	0.00186641	0.479648
0.314367	0.039331	0.146308
0.395907	0.0950851	0.00901169
0.196227	0.199853	0.103924
0.103984	0.106875	0.289149
0.0852876	0.173794	0.240923
0.0376579	0.336579	0.125771
0.17774	0.187747	0.134517
0.0199492	0.103234	0.376825
0.395551	0.0167838	0.0898101
0.10275	0.0463533	0.350915
0.236594	0.24429	0.0191229
0.462627	0.027709	0.00967353
0.500001	0	0
0	0	0.500001
0.464581	0.0199341	0.0154869
0.110084	0.0234108	0.366516
0.0666957	0.427099	0.00621109
0.0283615	0.439236	0.0324046
0.358258	0.0914535	0.0502894
0.332115	0.156071	0.0118176
0.148798	0.0379203	0.313283
0.422346	0.0151276	0.0625969
0.0238096	0.0157085	0.460485
0.194667	0.245057	0.0602792
0.027999	0.00420797	0.467798
0.0798672	0.035039	0.385096
0.157679	0.231024	0.111301
0.00138036	0.320362	0.178259
0.152422	0.0268137	0.320768
0.213356	0.188993	0.0976529
0.0180171	0.455964	0.0260196
0.393463	0.011078	0.0954611
0.454221	0.0107091	0.0350726
0.131792	0.273235	0.0949783
0.00664123	0.0425284	0.450836
0.47734	0.020351	0.00230994
0.40248	0.0139196	0.0836017
0.0588728	0.178387	0.262744
0.0999938	0.392808	0.00720015
0.105449	0.147724	0.246829
0.387681	0.0667452	0.0456669
0.0835222	0.0163317	0.400148
0.335178	0.110325	0.0544997
0.0579101	0.131085	0.311006
0.0146647	0.00887328	0.476464
0.106568	0.384724	0.00871108
0.0419191	0.018216	0.439873
0.0204339	0.0595298	0.420045
0.185668	0.167109	0.147224
0.0256589	0.461025	0.0133178
0.27115	0.137408	0.091451
0.042138	0.370121	0.0877444
0.299621	0.0964675	0.103913
0.0212999	0.174255	0.304448
0.25362	0.128015	0.118369
0.000889851	0.0851955	0.413916
0.0186297	0.186517	0.294865
0.23166	0.0504139	0.217928
0.22139	0.268846	0.00976621
0.246944	0.0214646	0.231594
0.305508	0.0593857	0.135154
0.408713	0.0695179	0.0217698
0.134991	0.280211	0.0847981
0.128711	0.197721	0.173574
0.207589	0.240402	0.0520816
0.432291	0.00121352	0.0664963
0.0100171	0.480051	0.00993557
0.0473526	0.33618	0.116469
0.00493864	0.249584	0.245481
0.371828	0.0995075	0.028669
0.10285	0.259479	0.137677
0.414707	0.062491	0.022813
0.0852134	0.175601	0.239188
0.257671	0.228247	0.0140842
0.203371	0.133853	0.16278
0.292144	0.0940601	0.113799
0.494974	0.00453132	0.00049546
0.178717	0.310548	0.0107376
0.139437	0.289724	0.0708408
0.217202	0.00185264	0.280948
0.314751	0.0541891	0.131062
0.224966	0.0865307	0.188506
0.344176	0.138088	0.0177368
0.0904129	0.402389	0.00720016
0.0213721	0.0322789	0.446351
0.161722	0.102869	0.235411
0.17522	0.204085	0.120771
0.28281	0.0931432	0.124052
0.0123921	0.061252	0.426427
0.104197	0.31568	0.0801289
0.32905	0.0880594	0.0828918
0.43858	0.0037409	0.0576827
0.164047	0.202653	0.133313
0.10483	0.127301	0.267874
0.0398944	0.399414	0.0607029
0.149703	0.0153316	0.334971
0.119875	0.0214409	0.358686
0.0345727	0.446422	0.0190074
0.0507606	0.225913	0.223328
0.179111	0.219736	0.101155
0.00697751	0.488355	0.00468987
0.0317957	0.306372	0.161834
0.215213	0.253545	0.0312442
0.0988947	0.277059	0.124053
0.380261	0.0800994	0.0396474
0.0950169	0.0307066	0.374281
0.324239	0.1451	0.0306649
0.128098	0.115294	0.256609
0.0453967	0.0123327	0.442273
0.0535674	0.121255	0.325179
0.303766	0.0263896	0.169846
0.0185915	0.1349	0.34651
0.250215	0.0799419	0.169847
0.0701412	0.229324	0.200545
0.00286621	0.209095	0.288075
0.0133804	0.33062	0.156001
0.0195521	0.477398	0.00305435
0.0778889	0.0153286	0.406784
0.0370584	0.112272	0.350672
0.378234	0.0135476	0.108288
0.00826538	0.490433	0.00130229
0.123386	0.373809	0.00280805
0.354546	0.142249	0.00320672
0.273976	0.160158	0.0658702
0.190577	0.10614	0.203288
0.0185721	0.47001	0.0114748
0.028038	0.172464	0.299501
0.444575	0.0386428	0.0167852
0.240127	0.0522564	0.207618
0.114825	0.345176	0.0400021
0.00182193	0.257121	0.241058
0.0703164	0.235697	0.193988
0.00218722	0.496512	0.00130229
0.0364251	0.214076	0.249509
0.00526402	0.284766	0.209972
0.111763	0.00876487	0.379474
0.00298976	0.00631833	0.490696
0.120826	0.363217	0.0159583
0.263674	0.0826984	0.15363
0.124652	0.181363	0.19399
0.293794	0.116844	0.0895108
0.170436	0.208869	0.120771
0.286299	0.109791	0.103913
0.0522282	0.378968	0.0688072
0	0.466873	0.0331288
0.0708616	0.0417365	0.387407
0.113843	0.0456755	0.340482
0.487748	0.00180143	0.0104524
0.0629433	0.405075	0.0319848
0.452112	0.00650807	0.0413827
0.0660689	0.00349205	0.430441
0.0604571	0.183187	0.256356
0.00291091	0.212356	0.284765
0.170553	0.295636	0.033814
0.229266	0.19484	0.0759039
0.0185839	0.0730033	0.408414
0.235445	0.0760531	0.188507
0.00404052	0.352495	0.143466
0.277235	0.139935	0.0828338
0.00316187	0.140586	0.356298
0.23842	0.0781237	0.183459
0.0831875	0.162303	0.254511
0.0635857	0.0419512	0.394471
0.0726452	0.110167	0.317189
0.383522	0.10777	0.00871108
0.366684	0.0704309	0.0629617
0.166439	0.193235	0.140342
0.160671	0.192822	0.146508
0.36576	0.00311978	0.131123
0.485297	0.0142084	0.00049546
0.0554288	0.418552	0.0260196
0.321021	0.0438405	0.135142
0.0483051	0.101294	0.35045
0.111295	0.348706	0.0400021
0.189465	0.29286	0.0176811
0.0149425	0.325806	0.159254
0.346557	0.0767444	0.0767083
0.0242287	0.0833655	0.392414
0.126157	0.048989	0.324858
0.00384531	0.00804619	0.488118
0.479596	0.0152456	0.00515964
0.204043	0.234358	0.0616646
0.232722	0.263025	0.00432908
0.182497	0.21635	0.101154
0.0467983	0.421103	0.0321028
0.0166595	0.107233	0.376113
0.0931372	0.340998	0.0658705
0.13912	0.289064	0.0718168
0.447234	0.0104012	0.0423661
0.310987	0.138725	0.0502896
0.0664471	0.409439	0.0241148
0.375243	0.105236	0.0195226
0.129309	0.342026	0.028669
0.113015	0.045343	0.341644
0.0252516	0.243316	0.231435
0.096108	0.196338	0.207555
0.0467762	0.410861	0.0423662
0.0337991	0.239957	0.226246
0.069599	0.377939	0.052464
0.0760574	0.210433	0.213511
0.073218	0.170427	0.256357
0.0647923	0.41491	0.020303
0.347989	0.0513004	0.100758
0.272879	0.0753715	0.15175
0.350457	0.103933	0.0456849
0.054192	0.443346	0.00246691
0.43672	0	0.063365
0.0678091	0.359344	0.0728513
0.0464971	0.303809	0.149695
0.223123	0.048556	0.228323
0.0113024	0.329446	0.159254
0	0.500001	0
0.300809	0.0130827	0.186109
0.0591768	0.131674	0.309153
0.0677237	0.174198	0.258082
0.290346	0.00746575	0.20219
0.0165096	0.459831	0.0236625
0.0708201	0.401361	0.0278266
0.388052	0.0671369	0.0448169
0.243177	0.0886951	0.168136
0.0439241	0.0298803	0.4262
0.439262	0.000690171	0.0600522
0.163669	0.237603	0.0987329
0.427616	0.0308272	0.041561
0.0399651	0.072876	0.387163
0.377144	0.101947	0.0209142
0.398271	0.0503184	0.0514139
0.0793984	0.342183	0.0784228
0.188872	0.157832	0.153302
0.0274908	0.0562311	0.416284
0.00501501	0.489644	0.0053458
0.0748326	0.170246	0.254928
0.0838309	0.149808	0.266365
0.235143	0.0495009	0.215358
0.413691	0.0234509	0.0628635
0.3068	0.0152918	0.177912
0.3272	0.0389647	0.13384
0.285875	0.137663	0.0764662
0.471764	0.0277907	0.000448127
0.320261	0.166887	0.0128548
0.25155	0.0477069	0.200745
0.0453205	0.0948263	0.359859
0.195826	0.222855	0.0813224
0.104252	0.202338	0.193414
0.00169028	0.470452	0.027868
0.117187	0.267713	0.115104
0.0582637	0.0034322	0.438307
0.0574605	0.412265	0.0302861
0.0419918	0.378713	0.0793006
0.066287	0.422182	0.0115366
0.0165497	0.391553	0.0919023
0.0216045	0.385711	0.0926901
0.0238796	0.439342	0.0367799
0.0296406	0.0606283	0.409735
0.0433241	0.368042	0.088639
0.0624418	0.115711	0.321851
0.225536	0.255831	0.0186436
0.146983	0.243124	0.109902
0.3692	0.0301184	0.100685
0.0324076	0.0857512	0.381845
0.45485	0.0116957	0.0334562
0.00943485	0.214816	0.275761
0.274282	0.00581056	0.219912
0.00776779	0.396604	0.0956366
0.0922237	0.109274	0.298509
0.478818	0.00170278	0.0194837
0.121838	0.290905	0.0872641
0.0386651	0.0923657	0.368975
0.12554	0.286795	0.0876684
0.117755	0.281567	0.100685
0.445965	0.0232898	0.0307529
0.00302003	0.18035	0.316633
0.0195767	0.44316	0.0372691
0.122696	0.00517344	0.372135
0.0305543	0.259968	0.209482
0.405891	0.0341227	0.0599915
0.0729126	0.192928	0.234164
0.0475438	0.300338	0.152125
0.0296951	0.168292	0.302023
0.0838867	0.344265	0.0718571
0.0243191	0.226903	0.248781
0.0850543	0.189254	0.225695
0.0046172	0.00797446	0.487409
0.247282	0.146064	0.10666
0.0560665	0.122087	0.321852
0.0547876	0.0982023	0.347015
0.486865	0.00353827	0.00960168
0.0881658	0.220485	0.191356
0.365061	0.0430411	0.0919024
0.0968378	0.110204	0.292965
0.234939	0.196328	0.0687386
0.0520966	0.025839	0.422069
0.232639	0.028076	0.239286
0.10242	0.296903	0.100686
0.014368	0.00913387	0.476506
0.0114359	0.480872	0.00769763
0.0442667	0.0926433	0.363096
0.142718	0.330807	0.0264791
0.144708	0.0889309	0.266365
0.18516	0.27079	0.0440526
0.0887933	0.370938	0.0402782
0.209869	0.107584	0.182555
0.170102	0.207753	0.12215
0.2664	0.119331	0.114276
0.069343	0.429806	0.000855038
0.40001	0.0845051	0.0154918
0.353288	0.0770519	0.0696639
0.258288	0.157072	0.0846466
0.00507719	0.0208134	0.47412
0.139075	0.204559	0.156371
0.00531979	0.335829	0.158855
0.159348	0.00844923	0.332206
0.46501	0.0186054	0.0163901
0.0152084	0.0246713	0.460121
0.424816	0.0579242	0.0172649
0.136639	0.0142309	0.349133
0.382684	0.0622289	0.0550938
0.00326094	0.35001	0.146737
0.117561	0.217821	0.164622
0.142386	0.230981	0.126633
0.111937	0.103043	0.285026
0.0296166	0.0035269	0.466861
0.0257152	0.1859	0.288395
0.311007	0.000960573	0.188034
0.420078	0.00552639	0.0743991
0.229381	0.0192837	0.251344
0.217764	0.0382075	0.244036
0.0357304	0.353867	0.110413
0.0338965	0.0657361	0.400371
0.27109	0.0227902	0.206129
0.213199	0.0404336	0.246377
0.0907561	0.100307	0.314288
0.00177892	0.495123	0.00310832
0.461452	0.0381046	0.000448129
0.175703	0.27465	0.0496544
0.135761	0.307819	0.0564281
0.357793	0.0485107	0.0937005
0.0501491	0.318573	0.131282
0.0640752	0.164779	0.271151
0.219649	0.141268	0.139094
0.13089	0.246836	0.122277
0.0703452	0.361706	0.0679529
0.172639	0.0371827	0.290182
0.0121976	0.427741	0.0600728
0.483858	0.00160156	0.0145492
0.0468167	0.374765	0.0784228
0.127226	0.336643	0.0361336
0.201098	0.24561	0.0532967
0.0898533	0.181703	0.228448
0.203464	0.0168011	0.279742
0.263025	0.0170683	0.219912
0.00179115	0.00131575	0.496897
0.32466	0.0386622	0.136684
0.359642	0.107643	0.0327208
0.250031	0.05391	0.196066
0.260429	0.129168	0.110413
0.0952329	0.0114227	0.393348
0.0673164	0.160728	0.271967
0.344132	0.000181145	0.155691
0.278988	0.14455	0.0764662
0.0410193	0.105403	0.353583
0.00988516	0.415706	0.07442
0.00224607	0.142883	0.354874
0.166232	0.249967	0.0838055
0.020821	0.305087	0.174094
0.00925981	0.210831	0.279921
0.183574	0.313863	0.00256731
0.0851782	0.18552	0.229306
0.0132659	0.480009	0.00672863
0.0994233	0.00489074	0.395689
0.0519318	0.321887	0.126186
0.177233	0.259197	0.0635727
0.160578	0.234839	0.104586
0.0656889	0.107054	0.327265
0.450517	0.0191007	0.0303915
0.176822	0.27681	0.0463754
0.38551	0.0183556	0.0961388
0.334826	0.165176	0
0.151857	0.295114	0.0530361
0.00998439	0.0848182	0.405203
0.0936671	0.23465	0.171692
0.0322384	0.0219309	0.445836
0.157661	0.307359	0.0349896
0.048319	0.210348	0.241334
0.363923	0.0551529	0.0809285
0.0245707	0.452058	0.0233728
0.027687	0.274207	0.198116
0.0632568	0.0925107	0.344236
0.34793	0.0758833	0.07619
0.00617307	0.00934306	0.484491
0.181201	0.310829	0.00797473
0.338286	0.151413	0.010309
0.406633	0.0333818	0.0599915
0.261202	0.00304565	0.235755
0.281165	0.0770458	0.141802
0.228938	0.112211	0.158855
0.207173	0.153829	0.139003
0.154575	0.0078534	0.337575
0.213293	0.102711	0.184
0.0568812	0.103723	0.3394
0.150209	0.232986	0.11681
0.13369	0.303321	0.0629911
0.34984	0.0111609	0.139003
0.170869	0.251322	0.0778136
0.00326598	0.350551	0.146191
0.0217696	0.45471	0.0235272
0.493741	0.00183681	0.00442622
0.0179882	0.0806588	0.401361
0.00947512	0.0388852	0.451648
0	0.500001	0
0	0	0.500001
0.139154	0.129112	0.231735
0.0794313	0.351862	0.0687075
0.297826	0.0671581	0.135178
0.371806	0.00493472	0.123295
0.246072	0.196339	0.0576045
0.0556332	0.151163	0.293209
0.39925	0.0444004	0.0563526
0.216178	0.200993	0.0828315
0.0119457	0.267561	0.220499
0.179685	0.0383761	0.281946
0.202567	0.189699	0.10774
0.0253135	0.00286155	0.471862
0.254488	0.131895	0.113622
0.0943224	0.260261	0.14542
0.189277	0.213759	0.0969678
0.362206	0.0884519	0.0493436
0.493075	0.00438323	0.00254678
0.226009	0.206913	0.0670789
0.00194688	0.0989658	0.399091
0.116507	0.319724	0.0637696
0.128144	0.119143	0.252716
0.178235	0.0496002	0.272166
0	0.286568	0.213434
0.442691	0.0558671	0.00144433
0.390864	0.0521009	0.0570392
0.484961	0.00780657	0.00727109
0.0275211	0.104594	0.367889
0.210762	0.210672	0.0785789
0.418429	0.0463699	0.0352194
0.467086	0.0259837	0.00697444
0.263866	0.142164	0.0939744
0.12509	0.343278	0.0316329
0.407079	0.0917939	0.00128664
0.323346	0.0362493	0.140616
0.158228	0.00984129	0.331979
0.356688	0.0239552	0.119358
0.259758	0.0781346	0.162118
0.451843	0.0150611	0.0330999
0.0922869	0.0211283	0.386599
0.0448351	0.396759	0.0584252
0.229376	0.254645	0.0159792
0.379751	0.00528278	0.114968
0.0177121	0.221934	0.260604
0.287463	0.0138596	0.198681
0.0915045	0.361412	0.0470843
0.102066	0.096335	0.301601
0.394096	0.0889246	0.0169827
0.205457	0.100653	0.193893
0.424325	0.0435161	0.0321673
0.454946	0.0127701	0.0322914
0.0408769	0.382354	0.0767696
0.30836	0.165024	0.0266523
0.077162	0.0751674	0.347679
0.0434406	0.406334	0.0502265
0.0224555	0.0616235	0.415922
0.146375	0.188103	0.165558
0.119139	0.0928071	0.288057
0.199425	0.0639967	0.236592
0.17249	0.289379	0.0382922
0.465192	0.0224451	0.0123661
0.077663	0.0169566	0.405382
0.121917	0.116299	0.261786
0.107821	0.0474845	0.344702
0.00651396	0.057644	0.435846
0.00579966	0.452013	0.042189
0.174699	0.293086	0.0322159
0.317706	0.0728796	0.109418
0.269513	0.22554	0.00495272
0.219409	0.229334	0.0512588
0.0577169	0.0624566	0.379936
0.478848	0.00949727	0.0118355
0.0884206	0.0502738	0.361307
0.143401	0.271369	0.0852353
0.0848873	0.0538073	0.361308
0.0263431	0.301841	0.171818
0.0683934	0.00220884	0.429405
0.015968	0.307146	0.17689
0.0635729	0.169594	0.26684
0.0108413	0.279498	0.209663
0.069884	0.390578	0.0395382
0.0117488	0.263151	0.225103
0.0164456	0.469371	0.0141858
0.0369142	0.462538	0.000842618
0.151755	0.0342423	0.314006
0.350578	0.0247297	0.124704
0.0593986	0.250474	0.190129
0.234042	0.23674	0.0292228
0.0721744	0.329888	0.0979385
0.0326169	0.148683	0.318704
0.0138925	0.429073	0.0570392
0.00306058	0.00176358	0.49518
0.0754623	0.0700168	0.354522
0.301564	0.0167758	0.181663
0.070308	0.421753	0.00794055
0.0934282	0.369011	0.0375624
0.438176	0.049049	0.0127938
0.111199	0.299739	0.089064
0.130449	0.218849	0.150861
0.381265	0.0462359	0.0725722
0.0379739	0.154566	0.307631
0.00334331	0.249644	0.247169
0.0226454	0.440036	0.0374412
0.180177	0.0501406	0.26984
0.0355036	0.444863	0.0196378
0.330139	0.145393	0.0244805
0.411809	0.0867493	0.00144433
0.236381	0.0262879	0.237334
0.0749071	0.328954	0.0961403
0.0318128	0.29757	0.17062
0	0.49281	0.00719194
0.243042	0.205702	0.0512588
0.155392	0.336483	0.00812937
0.114612	0.308939	0.0764514
0.195538	0.183513	0.120979
0.24138	0.0572596	0.201368
0.0909157	0.0832341	0.325856
4.60911e-05	0.462967	0.042267
0.353005	0.0208198	0.126181
0.0985478	0.00843177	0.393022
0.0961118	0.0499165	0.353978
0.221413	0.0925325	0.186057
0.344318	0.0958188	0.0600156
0.0811868	0.000348747	0.418468
0.013202	0.477007	0.00979269
0.0709195	0.37847	0.0506146
0.00530247	0.0145094	0.480224
0.179756	0.118154	0.202096
0.0825538	0.323475	0.0939744
0.0156747	0.480851	0.00455953
0.0486273	0.0281808	0.423356
0.250662	0.145997	0.103342
0.128179	0.119108	0.252716
0.0502392	0.0400855	0.409692
0.336853	0.0766944	0.0864902
0.34103	0.0204193	0.139616
0.429273	0.0475715	0.0231733
0.193189	0.112921	0.193893
0.0240535	0.0138602	0.46209
0.121967	0.240367	0.137668
0.304988	0.173409	0.0216193
0.0305506	0.158074	0.311386
0.162874	0.159152	0.177976
0.301395	0.0389786	0.159627
0.0679446	0.379739	0.0525681
0.12594	0.0355206	0.338545
0.33108	0.0842451	0.0847113
0.012606	0.471937	0.0154592
0.317085	0.0266	0.156316
0.102646	0.0821066	0.315265
0.433545	0.00597078	0.0605233
0.0163536	0.315119	0.168532
0.0435885	0.417368	0.0393033
0.0477025	0.0290809	0.42322
0.0510004	0.00317207	0.445867
0.0114833	0.0954963	0.393022
0.105083	0.0714081	0.323514
0.0686731	0.411946	0.0193884
0.14862	0.280564	0.0708185
0.021087	0.106866	0.372052
0.111971	0.0645201	0.323514
0.00801646	0.0480299	0.443956
0.160372	0.00130471	0.33833
0.257814	0.221735	0.0204529
0.0860323	0.0405165	0.373454
0.336728	0.0804433	0.0828315
0.191785	0.216658	0.0915616
0.0385226	0.156799	0.304681
0.13192	0.245664	0.122419
0.0504609	0.161275	0.288268
0.27273	0.147185	0.0800891
0.14518	0.274736	0.0800893
0.0225656	0.0130028	0.464435
0.0826165	0.0389079	0.378479
0.137096	0.233445	0.12946
0.0436443	0.00122631	0.455149
0.325494	0.163556	0.0120841
0.281244	0.0658367	0.152921
0.0420051	0.0230313	0.434999
0.0552808	0.276261	0.16846
0.166754	0.180448	0.1528
0.478851	0.0159614	0.00518952
0.0998948	0.391424	0.00868277
0.168377	0.159806	0.171817
0.2828	0.0621636	0.155039
0.277601	0.221844	0.000842605
0.286821	0.0158389	0.197344
0.00507994	0.0136151	0.481308
0.0420768	0.00553071	0.452397
0.00911052	0.281098	0.209797
0.0518767	0.236655	0.2115
0.108883	0.0848182	0.306302
0.165596	0.137064	0.197344
0.311395	0.177052	0.01156
0.0191976	0.341102	0.139715
0.411111	0.00606096	0.0828317
0.0662961	0.339085	0.0946274
0.00730035	0.488153	0.00454968
