0	0	0.500001
0	0.500001	0
0.423007	0.00630412	0.0706964
0.0454514	0.239053	0.21551
0.435663	0.0482508	0.0160893
0.032741	0.367786	0.0994774
0.0235073	0.301107	0.175394
0.0813241	0.183705	0.234978
0.0127477	0.0583969	0.428865
0.10997	0.0731568	0.316884
0.325237	0.0650774	0.109694
0.0125665	0.401264	0.0861723
0.204873	0.0146682	0.280469
0.313661	0.0365399	0.149808
0.306819	0.0751482	0.11804
0.274378	0.0185485	0.207079
0.0495467	0.393771	0.0566928
0.137163	0.295263	0.0675829
0.0367363	0.462237	0.00103049
0.0795243	0.0526147	0.367868
0.0756313	0.414828	0.00954658
0.361737	0.0884325	0.04984
0.0318652	0.43812	0.0300229
0.375511	0.0638825	0.0606139
0.11596	0.378042	0.00600329
0.175122	0.133926	0.190956
0.0765747	0.174588	0.248844
0.408071	4.73812e-05	0.0918868
0.230361	0.00643396	0.263217
0.266714	0.200004	0.0342025
0.0873546	0.184053	0.228596
0.104874	0.105677	0.289458
0.0171052	0.481863	0.00104072
0.167673	0.130228	0.202104
0.096597	0.024586	0.378825
0.413457	4.80066e-05	0.0865003
0.190151	0.0222281	0.287627
0.197602	0.259915	0.0424937
0.0739767	0.422478	0.00354856
0.233469	0.142667	0.123875
0.210852	0.0208436	0.268309
0.382271	0.0202127	0.0975257
0.310309	0.155654	0.034046
0.39976	0.0172503	0.0829946
0.441118	0.0428158	0.0160737
0.216226	0.122005	0.161775
0.149587	0.32749	0.0229303
0.119593	0.109283	0.27113
0.0189767	0.343589	0.137439
0.120685	0.0379945	0.341328
0.392735	0.0960104	0.0112587
0.457799	0.0407699	0.00143272
0.0509702	0.0110006	0.438035
0.224358	0.167892	0.107754
0.386189	0.0851582	0.0286619
0.156968	0.267799	0.0752402
0.333207	0.159985	0.00682146
0.144957	0.098716	0.256334
0.0389287	0.313788	0.147294
0.0334116	0.450796	0.0157981
0.0270202	0.353352	0.119635
0.0488586	0.00341179	0.447734
0.0241049	0.429908	0.0459921
0.1947	0.148899	0.156404
0.0356983	0.246124	0.218182
0.0909677	0.0231532	0.385887
0.297317	0.139575	0.0631141
0.0299715	0.0980184	0.372016
0.355425	0.00208582	0.142496
0.00435423	0.00756822	0.488085
0.0659255	0.312292	0.12179
0.132854	0.0225402	0.344613
0.00096176	0.493337	0.00570534
0.350941	0.0348985	0.114169
0.186544	0.191038	0.122431
0.263677	0.104874	0.131455
0.128477	0.0622925	0.309236
0.11453	0.115408	0.270072
0.163169	0.28833	0.0485099
0.0428678	0.271199	0.185941
0.0153141	0.256094	0.228596
0.0480589	0.0445226	0.407427
0.0984079	0.0250465	0.376555
0.0292794	0.00861768	0.462109
0.123697	0.196146	0.180165
0.021621	0.475165	0.00322766
0.292748	0.204843	0.00241656
0.366653	0.0791326	0.0542195
0.00734267	0.0402736	0.45239
0.115379	0.251043	0.133587
0.492168	0.00723932	0.000597525
0.158035	0.0297288	0.312243
0.238511	0.177058	0.0844366
0.287382	0.170136	0.0424938
0.039703	0.30627	0.154031
0.170737	0.124579	0.204691
0.0202981	0.202292	0.277425
0.16034	0.0151023	0.324566
0.0698746	0.0696953	0.360438
0.0387316	0.275847	0.185429
0.0517004	0.410888	0.0374224
0.0410526	0.217368	0.241595
0.371121	0.0682721	0.0606139
0.184867	0.0107696	0.304371
0.357808	0.0879805	0.0542198
0.00453468	0.0145973	0.480873
0.340366	0.0790016	0.0806409
0.202217	0.0235573	0.274235
0.236639	0.171659	0.0917081
0.125257	0.208519	0.166235
0.482532	0.00329443	0.0141794
0.165875	0.12568	0.208451
0.051009	0.111999	0.336993
0.488932	0.00557806	0.00549378
0.241818	0.182186	0.0760063
0.0373936	0.282449	0.180164
0.0240778	0.119932	0.356002
0.295154	0.0328817	0.171973
0.0214276	0.470914	0.00767235
0.474847	0.00356111	0.0216013
0.0598947	0.325192	0.114925
0.2449	0.179102	0.0760061
0.430438	0.00869911	0.0608675
0.0418461	0.361251	0.0969087
0.40219	0.126618	0.000250092
0.218648	0.194216	0.0871416
0.106667	0.0632656	0.330076
0.0526366	0.0128679	0.434506
0.0566591	0.259648	0.183702
0.449472	0.0479166	0.00261917
0.0588263	0.319391	0.12179
0.0533292	0.0461247	0.400553
0.241837	0.101428	0.156741
0.0684523	0.321207	0.110354
0.209546	0.225311	0.065152
0.0931029	0.380789	0.0261199
0.0233105	0.0817089	0.39499
0.0911552	0.245192	0.163662
0.0122412	0.390877	0.0968863
0.17368	0.072842	0.253485
0.0133319	0.0714033	0.415272
0.0071273	0.0152788	0.477601
0.227152	0.235032	0.0378242
0.107251	0.346633	0.0461206
0.127781	0.0402283	0.331998
0.467081	0.000389187	0.0325362
0.0351368	0.385162	0.0797078
0.0881276	0.0619553	0.349925
0.02088	0.467047	0.0120772
0.0540913	0.0467839	0.399132
0.177865	0.0258123	0.296337
0.0746749	0.0030828	0.422252
0.0284316	0.443003	0.0285733
0.177459	0.0012611	0.321291
0.131897	0.279708	0.0884026
0.0412382	0.216894	0.241876
0.247446	0.221566	0.0309948
0.0114332	0.0523943	0.436181
0.0684337	0.0711375	0.360441
0.0565244	0.0935584	0.349925
0.126978	0.287175	0.0858544
0.249081	0.186001	0.0658397
0.0469572	0.0423635	0.410687
0.428817	0.0416219	0.0295682
0.391207	0.0452727	0.0635312
0.155543	0.330793	0.0136704
0.135805	0.363163	0.00104073
0.024907	0.0832848	0.391818
0.135969	0.0659175	0.298128
0.347896	0.145909	0.0062027
0.302244	0.0271699	0.170596
0.283983	0.173534	0.0424938
0.197836	0.000352143	0.301816
0.165485	0.282329	0.0521931
0.289648	0.14529	0.0650714
0.312954	0.150301	0.036752
0.0457096	0.117021	0.337272
0.329151	0.0613979	0.10946
0.0846435	0.38789	0.0274759
0.0448763	0.379902	0.0752266
0.179649	0.128427	0.191928
0.329084	0.158006	0.0129228
0.0191736	0.292878	0.187955
0.0261999	0.338078	0.13573
0.1031	0.233173	0.163732
0.153589	0.310041	0.0363775
0.0270724	0.0553348	0.417601
0.0258712	0.333837	0.1403
0.230081	0.140596	0.129326
0.0251617	0.446282	0.0285646
0.344779	0.0280188	0.127211
0.0342934	0.247529	0.218182
0.101924	0.230993	0.167092
0.299846	0.199126	0.00103049
0.0462433	0.351643	0.102118
0.280404	0.214442	0.0051602
0.141055	0.102619	0.256334
0.187967	0.162701	0.149339
0.251087	0.227848	0.0210792
0.500002	0	0
0	0	0.500002
0.43397	0.0271917	0.0388463
0.00671644	0.492215	0.00107512
0.039371	0.130323	0.33031
0.0345127	0.416437	0.0490551
0.170945	0.121653	0.207407
0.0659269	0.045106	0.388974
0.0180258	0.479046	0.00293254
0.047057	0.221979	0.230972
0.0901246	0.105971	0.303911
0.0518918	0.401395	0.0467186
0.0235312	0.29261	0.183866
0.0562977	0.278128	0.165775
0.165622	0.107508	0.226884
0.0727847	0.371433	0.0557877
0.323163	0.0284007	0.148443
0.492599	3.25131e-05	0.00742585
0.0186509	0.450251	0.0311604
0.485581	0.0115877	0.00284426
0.00597718	0.0280185	0.466009
0.274172	0.169522	0.0563092
0.36394	0.0712188	0.0648455
0.0813382	0.198115	0.220551
0.148346	0.233703	0.11796
0.44408	0.0338241	0.0221018
0.0980213	0.244877	0.157106
0.451082	0.0130924	0.0358343
0.0574102	0.421958	0.0206368
0.0283918	0.198884	0.272728
0.244507	0.0382007	0.217301
0.0465977	0.360396	0.0930193
0.121793	0.239762	0.138458
0.0102407	0.429434	0.0603358
0.00495125	0.235498	0.259565
0.059589	0.436808	0.00361541
0.124343	0.266565	0.109101
0.231248	0.052725	0.216035
0.0013229	0.0554746	0.443211
0.0689389	0.380729	0.0503389
0.0927242	0.331178	0.0761041
0.0780967	0.337516	0.0843907
0.182801	0.239904	0.0773063
0.0622768	0.2126	0.225132
0.00150886	0.075415	0.423086
0.0418473	0.408212	0.0499457
0.370324	0.0382899	0.0932135
0.0029446	0.0150656	0.481998
0.375629	0.0858828	0.0384942
0.0270763	0.0136785	0.459251
0.0834311	0.0623071	0.354273
0.0535281	0.164134	0.282353
0.227818	0.259077	0.0131183
0.0490601	0.306434	0.144516
0.118651	0.00137393	0.379982
0.379371	0.0958076	0.0248295
0.258957	0.142587	0.0984658
0.0939454	0.33554	0.0705215
0.199125	0.00507723	0.295804
0.11214	0.248051	0.139818
0.0670766	0.32084	0.112089
0.0752564	0.0845085	0.340249
0.422459	0.0387012	0.0388462
0.293888	0.0924209	0.113702
0.0122753	0.0771388	0.410589
0.00832842	0.0569065	0.434774
0.406387	0.090269	0.00336071
0.289423	0.162611	0.0479717
0.33625	0.03603	0.127728
0.205636	0.133482	0.160892
0.34349	0.0225261	0.133996
0.0138478	0.167091	0.319068
0.328756	0.0849004	0.0863534
0.462877	0.0269131	0.0102296
0.221334	0.0993728	0.179312
0.073772	0.137584	0.288652
0.172119	0.079202	0.248686
0.0208692	0.475839	0.00330032
0.0254403	0.350501	0.124074
0.28277	0.0298683	0.189142
0.158262	0.210586	0.131153
0.117456	0.0369372	0.345617
0.33956	0.0143608	0.146099
0.283737	0.0230101	0.193263
0.0796417	0.0501764	0.370192
0.348375	0.117574	0.0340589
0.00217881	0.0111188	0.486708
0.142138	0.310907	0.0469685
0.185907	0.0728307	0.241272
0.387653	0.0255461	0.0868067
0.306351	0.191584	0.00207013
0.176085	0.111709	0.212214
0.0240572	0.459217	0.0167354
0.113609	0.251301	0.135094
0.298221	0.174214	0.0275707
0.105632	0.157601	0.236773
0.0200984	0.324815	0.155092
0.0164501	0.465359	0.0182027
0.310376	0.177537	0.012095
0.00404031	0.0206716	0.475296
0.222695	0.103961	0.173356
0.00467995	0.120349	0.374978
0.261626	0.0403997	0.197983
0.278531	0.0443821	0.177089
0.100612	0.0751377	0.32426
0.117907	0.348041	0.0340588
0.154986	0.315651	0.0293663
0.251769	0.00906547	0.239173
0.0193106	0.0639204	0.416774
0.0150487	0.159893	0.325072
0.136718	0.287185	0.0761043
0.053253	0.44653	0.000220704
0.0438178	0.00185559	0.45433
0.030484	0.457429	0.012095
0.0752341	0.0591872	0.36559
0.397702	0.0504813	0.051829
0.0299528	0.387977	0.0820745
0.109201	0.155082	0.235721
0.195483	0.126891	0.177636
0.0947248	0.300608	0.104672
0.0084834	0.0185563	0.472969
0.0323706	0.203419	0.264214
0.391513	0.0566703	0.0518291
0.21407	0.234118	0.0518317
0.161641	0.32756	0.0108097
0.00549227	0.217155	0.277358
0.175989	0.00692895	0.317086
0.3325	0.0356282	0.131936
0.399623	0.0889713	0.0114141
0.31752	0.153474	0.0290129
0.0421995	0.0606271	0.39718
0.198621	0.0476719	0.253724
0.165495	0.183241	0.151268
0.1813	0.00582723	0.312876
0.317453	0.115992	0.066562
0.210714	0.0217869	0.269435
0.0601966	0.441262	0.003391
0.0340458	0.370733	0.0952282
0.126199	0.179221	0.194583
0.35831	0.0810226	0.0606779
0.0447396	0.405797	0.0494688
0.200799	0.285164	0.0146734
0.0267794	0.112412	0.360817
0.301927	0.188817	0.00926661
0.0270181	0.0282465	0.444757
0.00763101	8.40829e-05	0.492309
0.143576	0.290954	0.0654928
0.163893	0.0937479	0.243382
0.127829	0.281379	0.0907998
0.00479022	0.123185	0.372032
0.0844179	0.39822	0.0173695
0.197448	0.0581854	0.244376
0.0045726	0.0633691	0.432062
0.0603599	0.0349549	0.404692
0.229025	0.253583	0.0173956
0.225439	0.101216	0.173355
0.157057	0.317365	0.0255872
0.458304	0.0230358	0.0187059
0.193152	0.20498	0.101875
0.478295	0.0188739	0.00284426
0.138303	0.150468	0.211236
0.09158	0.38153	0.0268968
0.148543	0.0169434	0.334518
0.256895	0.0454825	0.197629
0.152299	0.224504	0.123202
0.189917	0.146446	0.163645
0.304211	0.190245	0.00555039
0.187766	0.216484	0.0974069
0.0225877	0.168074	0.309344
0.026063	0.393146	0.0807933
0.000780429	0.00365943	0.495567
0.133516	0.364344	0.00214987
0.0712774	0.304837	0.12389
0.265149	0.0796724	0.155187
0.145506	0.0918874	0.262611
0.261751	0.0654853	0.17277
0.193002	0.148825	0.158182
0.130959	0.365751	0.00330033
0.291004	0.0664678	0.142542
0.0857872	0.0640666	0.350156
0.0625327	0.145755	0.291721
0.131406	0.00720997	0.361394
0.237774	0.00981003	0.252422
0.178644	0.140403	0.180961
0.00656081	0.186062	0.307387
0.0866569	0.00250886	0.410841
0.00756854	0.205805	0.286635
0.249525	0.154283	0.0961984
0.444453	0.0338526	0.0216967
0.469436	0.000762044	0.0298077
0.116614	0.0036298	0.379761
0.0437621	0.0587117	0.397535
0.476977	0.00432333	0.0187044
0.0102165	0.42842	0.0613733
0.0584744	0.0368404	0.404692
0.453283	0.0202916	0.026431
0.0595064	0.0199318	0.420571
0.384882	0.00913294	0.105988
0.198832	0.114073	0.187104
0.0249641	0.434641	0.0404045
0.136523	0.165135	0.198356
0.0289118	0.453178	0.017921
0.290824	0.108827	0.10037
0.459081	0.015558	0.0253664
0.365816	0.12733	0.00687673
0.0120781	0.147	0.340929
0.130948	0.172987	0.196077
0.396691	0.0196575	0.0836679
0.239329	0.0883288	0.172352
0.0105745	0.421479	0.0679567
0.0255625	0.0971424	0.377309
0.377794	0.0101868	0.112041
0.070901	0.0839442	0.345169
0.121263	0.150902	0.227856
0.250579	0.0914805	0.157948
0	0.485531	0.014478
0.0395934	0.25455	0.205879
0.0849451	0.391102	0.023959
0.298176	0.0147757	0.187063
0.34344	0.111155	0.0454152
0.0603027	0.333536	0.106184
0.0393477	0.0502171	0.410456
0.471082	0.0169526	0.0119739
0.0736265	0.322391	0.103993
0.188955	0.178432	0.132629
0.176413	0.301797	0.0218034
0.0797073	0.39634	0.023959
0.0717778	0.0408072	0.387423
0.00349671	0.00100385	0.495505
0.0442101	0.0522549	0.403539
0.0202942	0.318101	0.161614
0.434537	0.0312587	0.0342136
0.0972486	0.351759	0.0510073
0.0819356	0.33953	0.078556
0.106192	0.249695	0.14414
0.447691	0.0220048	0.03031
0.0875391	0.362994	0.0494923
0.0342781	0.441647	0.0240888
0.430238	0.0179506	0.051829
0.345779	0.0572884	0.0969429
0.00902594	0.475761	0.0152214
0.256704	0.0937165	0.149587
0.316232	0.0320996	0.151681
0.20718	0.00785708	0.284977
0.235317	0.153713	0.110983
0.0221506	0.228416	0.249446
0.127621	0.356366	0.0160224
0.154109	0.225502	0.120402
0.33837	0.144143	0.0175086
0.280899	0.10255	0.116559
0.144667	0.0812988	0.274042
0.0077669	0.0591936	0.433058
0.0171379	0.192824	0.290049
0.0212373	0.288545	0.190232
0.31094	0.113109	0.0759565
0.173958	0.0695493	0.2565
0.00628241	0.472927	0.0208016
0.302372	0.107791	0.0898587
0.0896411	0.0959953	0.3144
0.128309	0.27748	0.0942226
0.108536	0.260771	0.130705
0.0835826	0.400981	0.0154449
0.0462217	0.129068	0.32472
0.168578	0.193525	0.137915
0.18531	0.314263	0.000437357
0.197613	0.142182	0.160212
0.124257	0.153159	0.222595
0.230963	0.163829	0.105221
0.194775	0.242382	0.0628566
0.0417561	0.371054	0.0872022
0.0231561	0.00103623	0.475817
0.246947	0.197634	0.0554446
0.0918566	0.0983679	0.309812
0.0416529	0.180545	0.277809
0.383206	0.0375736	0.0792293
0.203574	0.270159	0.0262758
0.17401	0.297686	0.0283176
0.0100269	0.036395	0.453591
0.350108	0.106296	0.043607
0.270054	0.0744777	0.155477
0.0644796	0.221983	0.213548
0.0184484	0.022101	0.459459
0.0355717	0.458314	0.00612813
0.151647	0.327591	0.0207739
0.146744	0.0469624	0.306299
0.453394	0.014959	0.0316544
0.16458	0.281554	0.0538735
0.00247753	0.010862	0.486675
0.141772	0.00369502	0.354544
0.061319	0.0675831	0.37111
0.0900726	0.134114	0.275821
0.423025	0.0567028	0.0319796
0.0880547	0.174729	0.237225
0.0498085	0.382249	0.0679572
0.0308043	0.0526981	0.416505
0.494651	0.00342219	0.00193639
0.390137	0.0375452	0.0723294
0.353597	0.1179	0.0285087
0.160003	0.273724	0.0662823
0.218836	0.268205	0.0129667
0.0961512	0.0424083	0.361451
0.479581	0.00845868	0.0119741
0.285051	0.156602	0.0583702
0.0268814	0.0101005	0.463025
0.106017	0.384815	0.0091774
0.389884	0.037703	0.0724252
0.212202	0.0794857	0.208319
0.305951	0.0854668	0.108593
0.403457	0.0616398	0.0349175
0.260283	0.0718701	0.167856
0.412242	0.0614911	0.0262758
0.0908571	0.408141	0.00101687
0.181923	0.25135	0.0667323
0.141031	0.14084	0.21814
0.103278	0.0285174	0.368213
0.275397	0.137373	0.0872383
0.000720751	0.291866	0.207427
0.13821	0.202814	0.158986
0.161157	0.309203	0.0296561
0.424802	0.0646159	0.0105964
0.274019	0.136685	0.0893031
0.0162204	0.182502	0.301287
0.323775	0.093314	0.0829244
0.0812503	0.0854363	0.333321
0.178609	0.261352	0.0600549
0.279212	0.194553	0.0370852
0.172904	0.205011	0.122097
0.227419	0.246347	0.0370852
0.113926	0.0672167	0.31887
0.014194	0.306621	0.179197
0.158178	0.101446	0.240391
0.100518	0.0449493	0.354545
0.072535	0.0319922	0.395483
0.0668593	0.415775	0.0173742
0.083404	0.11976	0.296844
0.441398	0.0542988	0.00431589
0.0447877	0.412895	0.0423257
0.104792	0.101581	0.293637
0.0575182	0.378733	0.0637619
0.0508767	0.185416	0.263715
0.0929762	0.236671	0.170363
0.266031	0.00187085	0.23211
0.406771	0.0618733	0.0313685
0.0303249	0.285429	0.184255
0.0568646	0.441213	0.00193641
0.0199606	0.285767	0.194302
0.053954	0.00568524	0.440372
0.225459	0.159925	0.114625
0.120036	0.264936	0.115038
0.365763	0.1235	0.0107486
0.0802676	0.0291986	0.39054
0.115605	0.24878	0.135625
0.0627109	0.219463	0.217837
0.0704362	0.00561605	0.42396
0.0532065	0.00481971	0.441985
0.483514	0.0164932	0
0.0219376	0.0793506	0.398727
0.0243929	0.00268663	0.472929
0.441148	0.0545491	0.00431589
0.0951802	0.0418728	0.362957
0.090997	0.328942	0.0800701
5.30226e-05	0.144793	0.355164
0.00246541	0.0106635	0.486887
0.037175	0.0263693	0.436467
0.286206	0.105159	0.108647
0.0711344	0.00125465	0.427625
0.0142391	0.307596	0.178171
0	0.464339	0.0356688
0.0367281	0.0129542	0.450331
0.360782	0.114011	0.0252142
0.318968	0.0981201	0.0829241
0.318362	0.123583	0.0580657
0.473733	0	0.0262757
0.126505	0.113002	0.260502
0.331723	0.0627212	0.105572
0.216924	0.0969364	0.18615
0.0374632	0.047812	0.414747
0	0.494983	0.00502537
0.110802	0.146374	0.242839
0.00216828	0.49172	0.00612816
0.223304	0.0339664	0.242743
0.357353	0.140899	0.00175699
0.141397	0.0352298	0.323385
0.191791	0.0091094	0.299111
0.243628	0.0748445	0.181537
0.0427798	0.233013	0.224219
0.0305826	0.344096	0.125328
0.328988	0.116036	0.0549892
0.118063	0.0771169	0.304832
0.166377	0.210838	0.122812
0.221882	0.263084	0.0150439
0.102911	0.248679	0.14842
0.158808	0.232378	0.108829
0.203778	0.0112606	0.284979
0.103158	0.345846	0.0510069
0.0334368	0.19837	0.26821
0.0145207	0.0377824	0.447715
0.0248475	0.461	0.014179
0.167988	0.279265	0.0527594
0.144016	0.313479	0.0425274
0.0122405	0.0318493	0.455932
0.394913	0.0150149	0.0900873
0.154744	0.0363072	0.308968
0.0110933	0.186386	0.302538
0.138606	0.0825992	0.280031
0.374087	0.0662283	0.0597035
0.0172608	0.046119	0.436636
0.291612	0.056141	0.152263
0.0946825	0.383361	0.0219815
0.135426	0.179062	0.185527
0.0193935	0.409444	0.0711835
0.0414719	0.321753	0.136787
0.192353	0.230202	0.0774725
0.173176	0.200437	0.12641
0.00141731	0.415494	0.0831041
0.024444	0.451247	0.0243334
0.0230553	0.0584414	0.418513
0.483142	0.0106774	0.00619648
0.0354303	0.0947525	0.36992
0.261048	0.119074	0.119893
0.016931	0.369701	0.113384
0.189525	0.171428	0.139067
0.201645	0.267923	0.0304623
0.0591671	0.232754	0.208089
0.280075	0.0300553	0.189888
0.254504	0.157857	0.0876752
0.0691643	0.262829	0.168021
0.0887948	0.206157	0.205056
0.121035	0.34743	0.0315659
0.182981	0.166165	0.150866
0.0126085	0.467706	0.0196983
0.00928354	0.4867	0.0040307
0.334803	0.136995	0.0282248
0.0291298	0.143011	0.327877
0.12984	0.305883	0.0643095
0.178057	0.0277304	0.295417
0.448525	0.0242147	0.0272713
0.047461	0.403645	0.0489122
0.312144	0.129691	0.0581717
0.000211169	0.0126945	0.487116
0.0125283	0.419608	0.0678796
0.0153777	0.0015681	0.483073
0.163089	0.0039291	0.333003
0.414485	0.0300233	0.0555067
0.186727	0.190266	0.123032
0.24337	0.216129	0.0405117
0.0799159	0.221242	0.198865
0.0134333	0.250667	0.235925
0.473385	0.00883869	0.0177854
0.0164399	0.475355	0.00822193
0.379196	0.102618	0.0182077
0.0810638	0.197836	0.221111
0.0910452	0.358324	0.0506419
0.0301438	0.147989	0.321884
0.232736	0.209457	0.0578166
0.0317652	0.338912	0.129343
0.00785861	0.0171059	0.475059
0.0871359	0.216482	0.196406
0.268658	0.0130189	0.218339
0.21688	0.1409	0.142252
1.22817e-06	0.00275508	0.497253
0.431971	0.00806543	0.0599757
0.295488	0.192703	0.0118299
0.0254985	0.428415	0.0460966
0.300274	0.018985	0.180767
0.0239055	0.329768	0.146347
0.091082	0.296979	0.111953
0.00419811	0.437491	0.0583243
0.0648224	0.157765	0.277438
0	0.134928	0.365081
0.326671	0.167425	0.00592368
0.422354	0.00148286	0.0761819
0.345287	0.038303	0.116426
0.463305	0.0170192	0.0196987
0.356578	0.00980779	0.133624
0.38673	0.0602287	0.0530698
0.351916	0.00233419	0.145767
0.0658879	0.160423	0.273705
0.23763	0.226511	0.0358728
0.262184	0.0100995	0.227733
0.348345	0.0542507	0.097442
0.107766	0.300582	0.0916758
0.497084	0.00205368	0.000887195
0.287447	0.105432	0.107139
0.027047	0.0622626	0.410713
0.207229	0.00546568	0.287326
0.42333	0.023706	0.0529809
0.440343	0.00461837	0.0550531
0.10679	0.245776	0.147594
0.0427736	0.0757448	0.381513
0.15945	0.0915669	0.248994
0.443777	0.0168727	0.0393633
0.469503	0.0168028	0.0137169
0.0208243	0.0134017	0.465796
0.152248	0.0344526	0.313335
0.157814	0.0800235	0.26219
0.366324	0.069401	0.0643099
0.180523	0.020866	0.298622
0.0619995	0.150956	0.287058
0.0177177	0.0185682	0.463725
0.223513	0.241602	0.0349026
0.140327	0.104393	0.255303
0.322492	0.133991	0.0435231
0.117096	0.3367	0.0462217
0.10427	0.291253	0.104489
0.109497	0.364085	0.0264374
0.0419037	0.325103	0.133005
0.102793	0.22375	0.173488
0.216644	0.0160394	0.26733
0.17757	0.303285	0.019188
0.0600869	0.0352845	0.404652
0.275828	0.141083	0.0831042
0.0282152	0.0846376	0.387165
0.246458	0.152867	0.100698
0.0299556	0.110693	0.359374
0.0702417	0.237443	0.192341
0.111838	0.292992	0.0951825
0.15216	0.0890143	0.258834
0.409933	0.0725745	0.0175128
0.230078	0.0182355	0.251711
0.018726	0.123913	0.35737
0.287744	0.000345789	0.211933
0.250927	0.150195	0.098902
0.0529915	0.201123	0.245912
0.32987	0.00580855	0.164339
0.00403887	0.0852702	0.410711
0.0293311	0.0778444	0.393696
0.054897	0.39792	0.0471978
0.0423246	0.110127	0.34757
0.0566313	0.0422818	0.401126
0.402579	0.0444544	0.0529806
0.0836439	0.0979948	0.318376
0.0431939	0.285821	0.171001
0.0724249	0.257767	0.169821
0.00580133	0.376774	0.117446
0.0559955	0.0651093	0.378911
0.0459361	0.390677	0.0634043
0.247887	0.244742	0.00739001
0.124405	0.34406	0.0315658
0.308946	0.143878	0.0471986
0.455024	0.0336572	0.0113473
0.0637548	0.0494405	0.386823
0.124305	0.212193	0.163558
0.126115	0.271464	0.102432
0.0293189	0.00111251	0.471434
0.316669	0.174651	0.00870368
0.142499	0.116385	0.241139
0.198111	0.101219	0.2007
0.0253909	0.426606	0.0480117
0.225324	0.113185	0.161514
0.0369475	0.0332519	0.429817
0.0409221	0.447755	0.0113472
0.13328	0.1273	0.239433
0.000630629	0.273877	0.225512
0.0736975	0.181453	0.244864
0.058141	0.043409	0.398489
0.0775039	0.190825	0.231681
0.408223	0.0262591	0.0655351
0.00353236	0.0705668	0.42591
0.489468	0.00888626	0.00166264
0.0579893	0.440366	0.00166265
0.360046	0.0392343	0.100731
0.000638401	0.277252	0.222133
0.256978	0.173921	0.0691319
0.275112	0.211005	0.0139069
0.145955	0.0038038	0.350262
0.148481	0.349878	0.00166266
0.047414	0.0294087	0.423196
0.114295	0.0460651	0.339657
0.126399	0.133844	0.239769
0.041506	0.113228	0.345359
0.219763	0.00846542	0.271795
0.284031	0.0579159	0.158067
0.400141	0.00841809	0.091463
0.104513	0.351433	0.0440681
0.0670302	0.238301	0.194681
0.0480596	0.386132	0.0658169
0.269182	0.0124969	0.21834
0.130591	0.364245	0.00517717
0.0976035	0.255969	0.146583
0.362494	0.0724267	0.0651122
0.196479	0.100385	0.203155
0.0703122	0.177997	0.251707
0.209892	0.0213529	0.268783
0.00293595	0.493557	0.00352393
0.305908	0.189242	0.00491579
0.286085	0.0516381	0.162299
0.205185	0.147381	0.147594
0.044486	0.294371	0.16116
0.000732109	0.125486	0.373812
0.0374423	0.0697333	0.393696
0.00254003	0.2647	0.232773
0.113644	0.0341783	0.352203
0.0626649	0.0310675	0.406282
0.0906865	0.0960376	0.313284
0.0270446	0.0764383	0.396548
0.0135321	0.485162	0.00131453
0.0155144	0.160719	0.32377
0.0689518	0.279796	0.151263
0.0335258	0.45074	0.0157502
0.232901	0.132689	0.134416
0.0287414	0.0352462	0.436018
0.0500732	0.403438	0.0465047
0.0952271	0.0151428	0.389635
0.00452312	0.0163009	0.479183
0.0527888	0.0174296	0.429793
0.372995	0.0348424	0.0921751
0.263554	0.157962	0.0784874
0.160472	0.232972	0.106561
0.467683	0.0284784	0.00384922
0.113316	0.384468	0.00222389
0.238937	0.136128	0.124944
0.364035	0.0791058	0.0568699
0.0338019	0.422253	0.043951
0.0355139	0.412904	0.0515896
0.280626	0.0607228	0.158657
0.344763	0.0139348	0.141315
0.00850641	0.295144	0.196357
0.0064765	0.0390291	0.454502
0.135824	0.072124	0.29206
0.148744	0.332667	0.0186048
0.0760936	0.0413594	0.382556
0.118984	0.0436907	0.337337
0.413797	0.066729	0.0194816
0.229528	0.0681017	0.202388
0.0378075	0.43957	0.0226348
2.4556e-05	0.499872	0.000108837
0.15629	0.167816	0.175917
0.0347316	0.227171	0.238105
0.480662	0.00164379	0.0177014
0.288949	0.18325	0.0278166
0.0252431	0.101626	0.37314
0.0590635	0.0661323	0.374814
0.476403	0.00937838	0.014224
0.353414	0.0365959	0.109996
0.159243	0.170987	0.169803
0.0638721	0.0715165	0.364624
0.041673	0.187807	0.270525
0.163408	0.0027372	0.333861
0.145352	0.325079	0.0295862
0	0.262803	0.237203
0.0811938	0.2719	0.146926
0.0754484	0.303748	0.120819
0.0636143	0.021004	0.415389
0.379748	0.0829197	0.0373393
0.0194702	0.138925	0.341622
0.316616	0.0985683	0.0848218
0.17272	0.163965	0.16333
0.0216437	0.408747	0.0696175
0.0548234	0.159899	0.28529
0.0325141	0.212593	0.254897
0.275285	0.00553142	0.219193
0.327103	0.0553233	0.11758
0.306796	0.0904585	0.102749
0.397814	0.0439253	0.0582737
0.00772733	0.300371	0.19191
0.000474279	0.190631	0.308906
0.350796	0.136722	0.0124911
0.134185	0.151282	0.214547
0.0478286	0.00862036	0.443569
0.188717	0.0528627	0.258429
0.324158	0.0609079	0.114945
0.420969	0.0707058	0.0083311
0.18458	0.0941898	0.221236
0.294771	0.0917675	0.11347
0.0975143	0.106627	0.295865
0.00565335	0.0254779	0.471177
0.109497	0.123448	0.267064
0.462089	0.00982163	0.0281017
0.260691	0.153999	0.0853186
0.22634	0.0650301	0.20864
0.104857	0.311049	0.0841029
0.0304975	0.172819	0.296691
0.149614	0.022442	0.327961
0.0893562	0.320815	0.0898359
0.00274699	0.00713558	0.490123
0.0144915	0.481057	0.00446207
0.186899	0.22041	0.0927078
0.0475573	0.176027	0.276422
0.0674187	0.273575	0.159011
0.176946	0.289985	0.0330769
0.111879	0.379593	0.00855329
0.243712	0.0399751	0.216319
0.0505292	0.428457	0.021026
0.489505	0.00553751	0.00496221
0.0252574	0.474748	0
0.0710158	0.364199	0.0648006
0.0410905	0.193592	0.265325
0.00213922	0.464182	0.033687
0.129614	0.018788	0.35161
0.440954	0.0268776	0.032181
0.104369	0.0927289	0.302909
0.0224393	0.470558	0.007009
0.00268319	0.00142344	0.495901
0.266102	0.145367	0.0885397
0.127644	0.203705	0.168657
0.0106621	0.142874	0.346468
0.142863	0.0779785	0.279164
0.408302	0.0667748	0.0249327
0.0344396	0.395952	0.0696177
0.0396771	0.456296	0.0040371
0.448973	0.0464909	0.00454195
0.223649	0.032113	0.24425
0.0229636	0.0158001	0.461254
0.0374431	0.435333	0.027236
0.0935855	0.376766	0.0296591
0.039461	0.389056	0.0714994
0.432762	0.067037	0.000215622
0.170154	0.202535	0.127337
0.0187068	0.350078	0.131224
0.0534448	0.240859	0.205701
0.073874	0.251695	0.174445
0.0542513	0.314034	0.131724
0.437047	0.0627541	0.000215622
0.343937	0.0751908	0.0808797
0.27006	0.0795549	0.150392
0.258847	0.15291	0.0882519
0.494157	0.00479239	0.00105774
0.0426997	0.206807	0.250505
0.194224	0.125554	0.180234
0.332982	0.049447	0.117581
0.0844861	0.357591	0.0579424
0.208126	0.243515	0.048369
0.300139	0.185477	0.0144008
0.404858	0.0685968	0.0265553
0.176236	0.28882	0.0349483
0.215697	0.244435	0.0398825
0.426971	0.0613073	0.011735
0.0194509	0.0594433	0.421124
0.00998897	0.0422787	0.447751
0.204552	0.108619	0.186835
0.168353	0.185882	0.14577
0.152879	0.238727	0.1084
0.283587	0.0329372	0.183486
0.096531	0.264979	0.138503
0.0854156	0.346967	0.067623
0.271054	0.148072	0.0808796
0.358965	0.0371706	0.10388
0.199805	0.292368	0.00783677
0.124931	0.353103	0.0220007
0.189961	0.0545781	0.255486
0.339772	0.130127	0.0301106
0.00229505	0.0294536	0.468259
0.0635053	0.215265	0.221236
0.312913	0.180019	0.00707435
0.00900638	0.00477793	0.486222
0.0652541	0.426811	0.00795674
0.100707	0.11824	0.281067
0.285219	0.0808671	0.133924
0.227807	0.0410586	0.231152
0.0338271	0.393293	0.0728935
0.402614	0.0600538	0.0373393
0.12811	0.335743	0.0361558
0.424171	0.0642099	0.0116272
0.0963821	0.306192	0.0974311
0.446564	0.0417147	0.011735
0.0175653	0.460294	0.0221501
0.169432	0.08848	0.242092
0.2094	0.12769	0.16293
0.203582	0.108104	0.188323
0.154214	0.0158465	0.329944
0.0227309	0.115991	0.361282
0.0455505	0.205282	0.249173
0.0171984	0.367864	0.114944
0.0319202	0.112771	0.35532
0.338967	0.0868599	0.0741806
0.0125977	0.437099	0.0503129
0.25312	0.0537621	0.193124
0.386737	0.0577628	0.055517
0.0808367	0.291839	0.127332
0.130347	0.341605	0.0280607
0.106622	0.0862426	0.307152
0.460396	0.0370828	0.00253674
0.139262	0.0754609	0.28529
0.08837	0.265527	0.14611
0.297079	0.113091	0.0898358
0.247122	0.246386	0.00650196
0.219352	0.256649	0.0240152
0.0744889	0.360726	0.0648005
0.0605248	0.0206977	0.418787
0.0766263	0.248943	0.174445
0.392015	0.0497215	0.0582733
0.359178	0.0784281	0.0624007
0.0872241	0.347641	0.0651481
0.24932	0.242322	0.00836216
0.24001	0.19939	0.0606179
0.0391917	0.237369	0.223448
0.166091	0.144209	0.189707
0.214043	0.0588388	0.227127
0.0323589	0.204774	0.262875
0	0.500001	0
0.437207	0.0591497	0.00365573
0.0159563	0.036089	0.447959
0.0662481	0.377716	0.0560465
0.0834202	0.0791123	0.337474
0.0274642	0.427688	0.0448523
0.0295756	0.469226	0.00120918
0.0190209	0.478861	0.00212926
0.488931	0.000293466	0.0107809
0.0705168	0.402054	0.0274355
0.466456	0.00881138	0.0247372
0.0870005	0.014193	0.398816
0.00699316	0.0570256	0.435985
0.287989	0.0508669	0.16115
0.00597746	0.493979	4.97481e-05
0.21759	0.215381	0.0670412
0.0227922	0.0526164	0.424597
0.0307995	0.388743	0.0804645
0.377029	0.100654	0.022327
0.0330586	0.445962	0.0209844
0.00412798	0.484395	0.0114845
0.0242928	0.418693	0.057018
0.139601	0.141921	0.218487
0.258101	0.120943	0.12096
0.0354701	0.115523	0.349011
0.116262	0.36597	0.0177753
0.424233	0.0166296	0.0591425
0.147067	0.333946	0.0189905
0.0489647	0.0587155	0.392325
0.0284051	0.186554	0.285047
0.0459259	0.198111	0.255973
0.0388657	0.0466053	0.41454
0.195115	0.189861	0.115032
0.26653	0.0487	0.184776
0.024219	0.436932	0.038857
0.00687684	0.461033	0.0320993
0.297173	0.032993	0.169839
0.00946249	0.170711	0.319833
0.0795498	0.0653668	0.355089
0.17692	0.0822941	0.240792
0.440715	0.042947	0.0163429
0.0599462	0.0543849	0.385674
0.191873	0.215358	0.0927745
0.0994979	0.223956	0.176552
0.303106	0.0452698	0.151634
0.0316063	0.0316006	0.438179
0.241174	0.112889	0.145983
0.411387	0.0167189	0.0719012
0.0417469	0.0980654	0.360201
0.280442	0.033224	0.18634
0.0165324	0.448245	0.0352285
0.20101	0.184333	0.114663
0.459217	0.00867462	0.0321147
0.233697	0.251572	0.0147355
0.15105	0.014091	0.334865
0.188216	0.157906	0.153893
0.471923	0.0140369	0.014043
0.0571168	0.41132	0.0315688
0.00200196	0.298103	0.199899
0.027555	0.180971	0.291479
0.0558039	0.318168	0.126034
0.224914	0.000208933	0.274881
0.0716704	0.233424	0.194909
0.404427	0.0810431	0.014535
0.0102056	0.175897	0.313902
0.145583	0.148002	0.206424
0.104	0.0943514	0.301656
0.066942	0.218024	0.215038
0.0453862	0.274448	0.180171
0.417787	0.0524138	0.029803
0.115139	0.136678	0.248192
0.213764	0.211861	0.0743815
0.21086	0.0214338	0.267711
0.0950325	0.304374	0.100599
0.204618	0.237249	0.0581414
0.272306	0.12515	0.102548
0.262783	0.000166211	0.237055
0.479601	0.0109025	0.00950166
0.335807	0.021221	0.14298
0.237375	0.0263541	0.236276
0.27806	0.192966	0.0289788
0.0966529	0.327045	0.0763101
0.422204	0.0694086	0.00839152
0.309487	0.00215017	0.188368
0.0637446	0.02987	0.406389
0.173412	0.0213251	0.305269
0.0304737	0.434304	0.0352285
0.371417	0.0159071	0.11268
0.0214891	0.0213503	0.457167
0.00425556	0.073388	0.422365
0.126597	0.123521	0.249895
0.0241056	0.0927784	0.383122
0.0248397	0.196338	0.278831
0.293746	0.143647	0.0626109
0.315439	0.0199339	0.164635
0.227464	0.227238	0.0467328
0.0105586	0.0229206	0.466525
0.246669	0.12395	0.129385
0.0344785	0.383553	0.0819725
0.184235	0.206785	0.108985
0.0726646	0.279251	0.148092
0.127312	0.266912	0.105784
0.255302	0.229968	0.0147355
0.0776135	0.288703	0.133688
0.365164	0.0372517	0.0975906
0.319677	0.0746688	0.105663
0.383701	0.039003	0.0773004
0.132423	0.355745	0.011836
0.0543053	0.359223	0.0864772
0.323858	0.078861	0.097286
0.399837	0.0119282	0.0882391
0.0236647	0.000872863	0.475469
0.386383	0.041093	0.0725311
0.105826	0.0665946	0.327586
0.454983	0.0441863	0.000834699
0.312241	0.13569	0.0520741
0.16773	0.159725	0.172549
0.340775	0.117111	0.0421204
0.00956054	0.164873	0.325575
0.449877	0.0323092	0.0178188
0.00139837	0.128359	0.370253
0.0784688	0.308855	0.11268
0.229851	0.221788	0.0483681
0.0844264	0.321692	0.0938878
0.273922	0.12299	0.103096
0.144042	0.0342001	0.321766
0.210028	0.153892	0.136087
0.355014	0.102871	0.0421203
0.327833	0.0399132	0.132264
0.499164	0	0.000839492
0.0613822	0.312069	0.126555
0.156411	0.160811	0.182792
0.0931188	0.395925	0.010962
0.208267	0.152601	0.139138
0.0140213	0.254681	0.231303
0.134693	0.292392	0.0729191
0.162113	0.0283151	0.309576
0.123456	0.258827	0.117725
0.00487573	0.00584668	0.489293
0.040764	0.362781	0.0964594
0.394533	0.0218764	0.0835985
0.012885	0.453951	0.033169
0.102881	0.345754	0.0513717
0.076674	0.348644	0.0746888
0.00242879	0.0153785	0.4822
0.164462	0.0196909	0.315853
0.181056	0.0189619	0.299989
0.12024	0.302464	0.0773004
0.0629821	0.242511	0.194512
0.108132	0.352768	0.0391061
0.0364942	0.302804	0.160706
0.291297	0.130694	0.0780139
0.0195856	0.244132	0.236286
0.0342533	0.381048	0.0847029
0.159803	0.335029	0.00517293
0.0156513	0.0187681	0.465595
0.413061	0.0724106	0.014535
0.344829	0.147348	0.00782848
0.141107	0.294606	0.0642911
0.0683327	0.0676388	0.364039
0.0516145	0.203297	0.245094
0.0741219	0.0672455	0.35864
0.0717745	0.412558	0.0156735
0.0103677	0.17869	0.310947
0.00728661	0.197563	0.295157
0.334873	0.105554	0.059579
0.049756	0.309877	0.140372
0.334161	0.108303	0.0575418
0.249721	0.0232894	0.226994
0.350576	0.0341632	0.115264
0.130285	0.273144	0.0965798
0.0519738	0.0624604	0.385572
0.117431	0.0164774	0.366101
0.157647	0.341636	0.000721737
0.00678324	0.116978	0.376242
0.476755	0.0108378	0.0124118
0.0361776	0.00415734	0.459669
0.0957605	0.398658	0.00558823
0.028634	0.454289	0.0170872
0.136539	0.063479	0.299989
0.161174	0.338571	0.000258443
0.0572263	0.210584	0.2322
0.0486155	0.31555	0.13584
0.306698	0.00493825	0.188367
0.109254	0.129692	0.261064
0.0969324	0.221411	0.181662
0.0481837	0.243701	0.208121
0.111846	0.347712	0.040448
0.00469889	0.295577	0.199729
0.0858596	0.0816842	0.332462
0.0549252	0.166251	0.278829
0.0111579	0.0100356	0.478817
0.0477667	0.186973	0.265268
0.0688935	0.0816535	0.349462
0.222897	0.270219	0.00688832
0.25325	0.000160181	0.246597
0.00738421	0.20021	0.292415
0.328969	0.111458	0.0595789
0.104318	0.289647	0.106044
0.0612941	0.0156816	0.423033
0.00446222	0.424793	0.0707633
0.181677	0.215929	0.102408
0.419857	0.0779841	0.00216958
0.0211517	0.459323	0.0195478
0.357041	0.0339384	0.109033
0.405497	0.00244448	0.0920729
0.0456664	0.391145	0.0632034
0.303189	0.030378	0.166443
0.367425	0.0854651	0.0471202
0.473373	0.0140921	0.0125426
0.0394275	0.0250046	0.435593
0.0395627	0.0048648	0.45558
0.313048	0.0693042	0.117655
0.0811965	0.0515078	0.367316
0.111478	0.119906	0.268634
0.138033	0.00620869	0.355774
0.00217682	0.0123417	0.485502
0.0215798	0.468619	0.00981529
0.148789	0.168776	0.182444
0.100327	0.385268	0.0144104
0.177263	0.0983215	0.224426
0.112298	0.143798	0.243915
0.129872	0.0291824	0.340958
0.163826	0.164978	0.171209
0.351531	0.0789895	0.0694909
0.410584	0.0853328	0.00410697
0.218094	0.276437	0.00549671
0.0258853	0.45139	0.0227391
0.465548	0.0150629	0.019402
0.0662921	0.380889	0.0528294
0.165215	0.0233762	0.311419
0.091405	0.136668	0.272161
0.0760621	0.193169	0.230785
0.184057	0.257034	0.0589153
0.481815	0.00364984	0.0145433
0.00753893	0.490627	0.00184353
0.0358118	0.414864	0.0493469
0.142687	0.199262	0.158057
0.152709	0.30377	0.0435414
0.169687	0.0864122	0.243919
0.397395	0.00239564	0.100219
0.00756073	0.273391	0.219067
0.0346202	0.198079	0.267328
0.318003	0.150666	0.0313382
0.239821	0.115818	0.144391
0.117044	0.15378	0.2292
0.0188564	0.00524165	0.475917
0.133285	0.340875	0.0258809
0.185698	0.259326	0.0549864
0.448583	0.0186345	0.0327959
0.00290961	0.483948	0.0131514
0.0551351	0.109675	0.335209
0.0675366	0.0374602	0.395028
0.017661	0.435228	0.0471202
0.193525	0.223492	0.0829904
0.297053	0.157993	0.044962
0.272677	0.14434	0.0829904
0.0287115	0.168343	0.302956
0.025703	0.00725035	0.467068
0.022106	0.430784	0.0471203
0.0117909	0.102064	0.386163
0.461013	0.0313983	0.00760154
0.0218751	0.475032	0.00311278
0.222298	0.066397	0.211313
0.023934	0.0266315	0.449448
0.0642575	0.173238	0.262514
0.341813	0.0065697	0.151629
0.00786971	0.284564	0.207578
0.0500334	0.440171	0.00981539
0.293409	0.110972	0.0956323
0.288082	0.0639313	0.148005
0.0686856	0.180582	0.250755
0.044823	0.373114	0.0820739
0.244383	0.0652412	0.19039
0.158284	0.01073	0.330994
0.255036	0.0592981	0.185676
7.03759e-05	0.0069397	0.492999
0.28408	0.0932629	0.122672
0.00239052	0.205798	0.291819
0.184205	0.00837718	0.307429
0.198484	0.234849	0.0666824
0.267297	0.0884638	0.144245
0.206315	0.210224	0.0834691
0.426496	0.0516372	0.0218762
0.0866199	0.130018	0.28339
0.211112	0.0502889	0.238616
0.0941039	0.044375	0.361532
0.21583	0.226935	0.0572537
0.196619	0.100438	0.20297
0.0419234	0.110666	0.347433
0.32069	0.106134	0.0731957
0.252535	0.0832294	0.164244
0.327608	0.0244046	0.148005
0.044041	0.325629	0.130341
0.488076	0.00535035	0.00659319
0.0359055	0.293814	0.170294
0.0115925	0.0454486	0.442965
0.02333	0.300056	0.176621
0.226997	0.126802	0.146225
0.0417942	0.24254	0.215676
0.442956	0.0177798	0.039283
0.124481	0.342633	0.032902
0.00779033	0.281693	0.210526
0.189489	0.185359	0.125165
0.223635	0.13469	0.141682
0.0702839	0.349781	0.0799491
0.0739039	0.0746696	0.351441
0.079441	0.104526	0.316045
0.0847953	0.0915878	0.323625
0.335722	0.132364	0.0319427
0.0589846	0.0620193	0.379013
0.281692	0.178694	0.0396378
0.0428526	0.309161	0.148005
0.190779	0.25102	0.0582148
0.203173	0.266471	0.0303906
0.199463	0.219384	0.0811589
0.314424	0.0679288	0.117655
0.0354723	0	0.464541
0.276461	0.0619568	0.161591
0.0319393	0.17442	0.293648
0.37448	0.0940193	0.03151
0.039053	0.0605876	0.400374
0.0546089	0.268777	0.176621
0.124214	0.317675	0.0581223
0.00371396	0.496292	0
0.0193513	0.398446	0.08221
0.232603	0.129017	0.138399
0.0659435	0.1832	0.250872
0.0162813	0.153632	0.330099
0.00794452	0.479534	0.0125377
0.295567	0.187446	0.0170131
0.0778501	0.0419055	0.380257
0.258499	0.0750725	0.166445
0.0975969	0.125101	0.277324
0.0508063	0.41198	0.0372271
0.33885	0.0961168	0.0650477
0.237587	0.00446337	0.257978
0.210772	0.0548136	0.234433
0.0779227	0.0213634	0.400731
0.120437	0.00541725	0.374159
0.230488	0.127844	0.141685
0.127016	0.263353	0.109653
0.238034	0.246761	0.0152201
0.429799	0.0329832	0.0372268
0.1607	0.0395076	0.29981
0.0730321	0.239256	0.187934
0.269182	0.132172	0.0986601
0.0367759	0.0570549	0.406177
0.0262389	0.0350995	0.438668
0.0954482	0.0452224	0.359336
0.282653	0.160504	0.0568673
0.0197709	0.106781	0.373457
0.0540421	0.0299753	0.415997
0.0422877	0.0444634	0.413261
0.264482	0.123572	0.111973
0.020051	0.315625	0.164334
0.393962	0.0916379	0.0144105
0.261554	0.126486	0.111969
0.170577	0.0101864	0.319249
0.387074	0.0572307	0.0557053
0.382392	0.108812	0.00881276
0.013229	0.351152	0.135631
0.164547	0.155784	0.179697
0.10305	0.100804	0.296166
0.345913	0.0804278	0.0736683
0.325108	0.0200326	0.154871
0.1248	0.331678	0.0435413
0.0775705	0.326551	0.0959101
0.388211	0.0115074	0.100296
0.201462	0.0974263	0.201139
0.376674	0.0112134	0.112126
0.046402	0.370136	0.0834689
0.119478	0.113252	0.27456
0.130507	0.333769	0.0357399
0.434733	0.0544441	0.0108364
0.146331	0.0811648	0.272514
0.000456717	0.0024148	0.497135
0.209754	0.0499653	0.240298
0.0327958	0.190023	0.277422
0.0394926	0.202384	0.258151
0.439784	0.053246	0.00698093
0.0160417	0.00445921	0.479511
0.120236	0.321662	0.0581235
0.0107666	0.406369	0.0828795
0.455935	0.0295318	0.0145434
0.0136009	0.080503	0.405906
0.0474308	0.298541	0.154042
0.316239	0.158413	0.0253605
0.00527186	0.44463	0.0501201
0.132113	0.356178	0.0117219
0.071892	0.0370177	0.391103
0.0904531	0.0480252	0.36153
0.456012	0.027232	0.0167651
0.0306781	0.179874	0.289464
0.0739474	0.103826	0.322235
0	0.500003	0
0.500003	0	0
0.0906372	0.0799458	0.32943
0.138078	0.019297	0.342637
0.0783577	0.159238	0.262411
0.00954181	0.116308	0.374156
0.00451762	0.0130952	0.482389
0.000839833	0.487574	0.0115921
0.0655223	0.11307	0.321417
0.000329806	0.00382258	0.495855
0.358735	0.00381702	0.137453
0.146558	0.229988	0.12346
0.306495	0.146549	0.0469653
0.0242865	0.455112	0.0206109
0.234191	0.132562	0.133254
0.0202719	0.0392866	0.440448
0.243457	0.0251644	0.231383
0.0270521	0.00149391	0.471459
0.0898835	0.0933505	0.31677
0.00884608	0.0113742	0.479784
0.0642043	0.0332533	0.402546
0.167259	0.323914	0.00883185
0.0187492	0.395761	0.0854977
0.26069	0.126915	0.112407
0.0268655	0.162169	0.310975
0.0529753	0.0555144	0.391515
0.123046	0.212337	0.164628
0.0339415	0.184971	0.281095
0.134228	0.0658657	0.299912
0.23085	0.241779	0.0273793
0.171513	0.137445	0.191046
0.102569	0.389657	0.00777726
0.325502	0.153105	0.0213999
0.00598412	0.0788744	0.415148
0.183454	0.0408213	0.275729
0.0192183	0.423315	0.0574702
0.267043	0.0609088	0.172055
0.0490547	0.00663598	0.444315
0.12669	0.0818805	0.291433
3.49698e-05	0.227624	0.272352
0.0397114	0.173564	0.286728
0.147955	0.256405	0.0956422
0.0136522	0.057663	0.428693
0.276457	0.00294156	0.220606
0.304696	0.0969252	0.0983847
0.100822	0.101859	0.29734
0.08664	0.176069	0.237297
0.288537	0.0346355	0.176832
0.0675501	0.409841	0.0226124
0.415591	0.049887	0.0345303
0.423845	0.0222154	0.0539492
0.323425	0.0726969	0.103881
0.0218238	0.475015	0.00316489
0.0409059	0.343155	0.115946
0.141085	0.00219832	0.356723
0.21366	0.14365	0.142693
0.354515	0.0280066	0.117488
0.0419474	0.060248	0.39781
0.375115	0.0855606	0.0393326
0.155253	0.267473	0.0772774
0.0281378	0.31248	0.159391
0.332079	0.0145292	0.153409
0.185735	0.111577	0.202693
0.00630813	0.0831451	0.410557
0.339748	0.141347	0.0189254
0.296871	0.115659	0.0874803
0.0517445	0.330775	0.117488
0.461378	0.0076059	0.0310216
0.198963	0.119524	0.181518
0.094647	0.296994	0.108366
0.35067	0.106309	0.0430252
0.0452404	0.405094	0.0496703
0.0365804	0.000688939	0.462738
0.0741457	0.37998	0.0458793
0.0435454	0.451276	0.00518376
0.0717028	0.0468956	0.381409
0.253598	0.225009	0.0213999
0.49373	0.00525339	0.00102003
0.373192	0.0739448	0.0528723
0.432776	0.0226836	0.0445429
0.032494	0.444656	0.0228561
0.0867263	0.214939	0.198338
0.365905	0.0302171	0.103881
0.017999	0.464211	0.0177932
0.0462625	0.416931	0.0368114
0.0784147	0.0140844	0.40754
0.098806	0.321856	0.079341
0.247371	0.219484	0.0331498
0.15966	0.276104	0.0642448
0.0494738	0.19818	0.252356
0.0556557	0.057674	0.386674
0.314604	0.0516337	0.133772
0.337207	0.080966	0.0818408
0.257643	0.0684223	0.173948
0.457002	0.0230428	0.0199693
0.0546037	0.439587	0.00581253
0.0400548	0.00536662	0.454585
0.300983	0.196851	0.00217007
0.20568	0.251676	0.0426497
0.0358536	0.250175	0.215649
0.0289796	0.383313	0.0877141
0.0352919	0.430185	0.0345302
0.237123	0.0923821	0.170505
0.130637	0.0212416	0.348131
0.0157889	0.0289614	0.455261
0.31805	0.170416	0.0115391
0.22635	0.235673	0.0379991
0.0930861	0.155967	0.250953
0.222547	0.0389866	0.238472
0.0681038	0.349017	0.0828854
0.216473	0.0371951	0.246337
0.217703	0.0746462	0.207659
0.112868	0.0257442	0.361392
0.191548	0.240669	0.0677855
0.347502	0.0632501	0.0892526
0.110472	0.0379096	0.351624
0.0272762	0.284183	0.188544
0.175568	0.0164248	0.30801
0.477795	0.00744478	0.0147683
0.18023	0.110313	0.209459
0.118129	0.018949	0.364901
0.394405	0.0451124	0.0604912
0.034278	0.238812	0.226918
0.259229	0.0170694	0.223709
0.130435	0.0648189	0.304753
0.329649	0.0879208	0.0824479
0.0586316	0.334027	0.107348
0.161433	0.279171	0.0594023
0.38061	0.105324	0.0140743
0.488397	0.00519665	0.00641214
0.029636	0.400869	0.0695026
0.071003	0.354061	0.0749421
0.211009	0.141868	0.147128
0.082264	0.273324	0.144415
0.428148	0.0184278	0.0534322
0.385433	0.00506959	0.109507
0.141643	0.23288	0.125483
0.202006	0.0922727	0.205726
0.101496	0.371874	0.0266386
0.0712826	0.355456	0.073267
0.0994542	0.208342	0.192207
0.0931678	0.373207	0.0336385
0.125626	0.358751	0.0156292
0.117349	0.290481	0.0921737
0.0272157	0.188411	0.284383
0.311278	0.142186	0.0465399
0.163283	0.167379	0.169348
0.273287	0.0143241	0.212392
0.0597031	0.338912	0.101392
0.448837	0.0196046	0.0315658
0.196366	0.128522	0.175115
0.400353	0.0589339	0.0407172
0.0878613	0.263347	0.148801
0.474061	0.00333441	0.0226126
0.0159731	0.0201534	0.463879
0.187973	0.306772	0.00525839
0.0409998	0.445744	0.0132615
0.4683	0.0095461	0.0221613
0.201654	0.244809	0.0535445
0.0835213	0.272067	0.144415
0.159144	0.248265	0.0925999
0.152288	0.0996726	0.248042
0.117884	0.291804	0.0903185
0.109499	0.178253	0.212251
0.114706	0.129625	0.255688
0.152481	0.161941	0.185588
0.0606202	0.416782	0.0226129
0.179407	0.257678	0.0629195
0.150455	0.26197	0.0875773
0.366713	0.125545	0.00777776
0.0620424	0.432913	0.0064276
0.164458	0.168583	0.166968
0.100328	0.202404	0.197273
0.217631	0.0410618	0.241314
0.119157	0.124065	0.256797
0.0596135	0.310974	0.129416
0.0707296	0.046259	0.383018
0.443368	0.00311852	0.0535249
0.19415	0.301533	0.00432111
0.282332	0.0507109	0.166969
0.406736	0.0364043	0.0568669
0.280231	0.0506154	0.169157
0.115218	0.316101	0.0687017
0.0200335	0.435304	0.0446701
0.131416	0.212777	0.155823
0.0982884	0.2059	0.195815
0.111248	0.1811	0.207659
0.0143981	0.122679	0.364899
0.286273	0.180325	0.0334048
0.439137	0.0526402	0.00825814
0.128691	0.2227	0.148646
0.109835	0.36801	0.0221613
0.000850639	0.493848	0.00530746
0.248499	0.251057	0.000459569
0.0337505	0.235137	0.231121
0.0206988	0.465231	0.0140742
0.458482	0.0240309	0.0174897
0.404894	0.0452848	0.0498278
0.0554348	0.315153	0.129416
0.327135	0.0403783	0.132506
0.341185	0.157323	0.0015254
0.000847986	0.487609	0.0115989
0.322406	0.0719422	0.105682
0.303801	0.161817	0.0344915
0.0232925	0.126507	0.350246
0.0971508	0.140031	0.262878
0.0177199	0.173966	0.308353
0.425808	0.0570428	0.01719
0.228295	0.123563	0.148198
0.487865	0.00367404	0.00849238
0.10739	0.0360478	0.356628
0.144843	0.186519	0.168681
0.147188	0.212154	0.140718
0.155089	0.328703	0.01626
0.0745999	0.41822	0.00722619
0.349841	0.0112215	0.138987
0.393542	0.0660559	0.0405643
0.214004	0.113819	0.172203
0.459762	0.0371803	0.00309734
0.101273	0.339844	0.058924
0.00939767	0.000420951	0.490233
0.0247973	0.317366	0.157897
0.0890179	0.300684	0.110333
0.379112	0.043342	0.0775667
0.240036	0.233888	0.0261585
0.193475	0.244185	0.0623561
0.128047	0.00981083	0.362204
0.0122352	0.469678	0.018109
0.0483478	0.392841	0.0589335
0.0927965	0.0904199	0.31686
0.449436	0.0239666	0.0266491
0.160172	0.218049	0.121817
0.122378	0.137075	0.240579
0.012548	0.00306798	0.484442
0.0738361	0.385097	0.0417548
0.130559	0.353237	0.0162602
0.400994	0.0942455	0.00476869
0.274657	0.0520728	0.173315
0.167356	0.118006	0.214687
0.026968	0.398428	0.0746453
0.00428262	0.0270562	0.468703
0.172353	0.093517	0.234161
0.280541	0.00857674	0.210939
0.089378	0.000673093	0.409988
0.318691	0.180773	0.000581935
0.196366	0.125111	0.178561
0.0919379	0.247819	0.160264
0.115399	0.16551	0.219127
0.149374	0.215305	0.13537
0.0713428	0.427726	0.00152711
0.0388689	0.261533	0.199647
0.287894	0.120573	0.0915889
0.135568	0.106944	0.257522
0.135601	0.169606	0.194831
0.142545	0.0596309	0.297849
0.0210151	0.290738	0.188282
0.236255	0.230204	0.0336234
0.214917	0.285018	0.00010925
0.202272	0.00584742	0.291894
0.368139	0.096674	0.0352252
0.373669	0.0565122	0.0698664
0.343379	0.11708	0.0544433
0.0642053	0.379236	0.0566799
0.0210377	0.00174344	0.477252
0.0735023	0.0379315	0.388609
0.0162142	0.10127	0.382569
0.0310551	0.446927	0.0220662
0.0792124	0.324488	0.0963287
0.189575	0.259926	0.0505565
0.0863432	0.401677	0.0120362
0.00780566	0.461407	0.0308252
0.0949416	0.125909	0.279196
0.177029	0.0992186	0.223783
0.186625	0.251529	0.061875
0.0475215	0.362925	0.0895862
0.0250091	0.407301	0.0677162
0.170156	0.205531	0.124355
0.0966319	0.128426	0.27498
0.118852	0.0184576	0.369586
0.227364	0.226554	0.0461262
0.042992	0.120935	0.336123
0.00303048	0.453471	0.0435198
0.494447	0.00372361	0.00186929
0.241764	0.258206	4.96521e-05
0.151072	0.145276	0.203688
0.389645	0.0667266	0.043793
0.247012	0.134751	0.118299
0.233779	0.10073	0.165511
0.14136	0.207623	0.151075
0.376129	0.0236223	0.100289
0.126669	0.345455	0.0279136
0.4781	0.0153355	0.00661664
0.0602705	0.321825	0.118507
0.383783	0.100782	0.0303492
0.363649	0.0765074	0.0598948
0.00879162	0.296396	0.194819
0.346523	0.0542093	0.0993184
0.180803	0.0329933	0.28625
0.0298607	0.304648	0.165511
0.0346451	0.43745	0.0279312
0.411436	0.00953543	0.0790726
0.210538	0.270649	0.0188412
0.0619078	0.381535	0.0566801
0.124843	0.0339009	0.341327
0.35619	0.0165495	0.127306
0.145519	0.192607	0.161943
0.0270352	0.440299	0.0327046
0.283643	0.0140391	0.202347
0.0127304	0.0905618	0.396731
0.0511704	0.368299	0.0805692
0.057853	0.312598	0.130148
0.0743792	0.241194	0.184488
0.0287274	0.0262785	0.445024
0.109579	0.307684	0.0827742
0.046969	0.14913	0.303928
0.114251	0.359331	0.0264384
0.263833	0.0447981	0.191443
0.311717	0.0558166	0.132534
0.418406	0.0658205	0.01581
0.478427	0.0138307	0.00776409
0.148134	0.314881	0.0370376
0.266003	0.0815254	0.152502
0.461806	0.00607571	0.0321808
0.165213	0.0118507	0.322998
0.182702	0.201694	0.11563
0.314446	0.097218	0.0883844
0.113965	0.102953	0.283118
0.161991	0.0832457	0.254812
0.184304	0.253353	0.0623558
0.120049	0.349162	0.0308252
0.441596	0.0583955	3.19702e-05
0.0537192	0.201802	0.244539
0.0359688	0.00161116	0.462472
0.260312	0.0509034	0.188814
0.138378	0.10916	0.252514
0.219764	0.0121514	0.268125
0.0685105	0.430956	0.000581937
0.00674971	0.059672	0.433605
0.257203	0.222527	0.0203006
0.0350598	0.00399685	0.460998
0.013973	0.146027	0.340044
0.19238	0.263771	0.0438855
0.0875916	0.00773183	0.404708
0.138322	0.026816	0.334889
0.0134138	0.481472	0.00514015
0.0280255	0.153933	0.318093
0.268889	0.0824098	0.148736
0.433678	0.0311076	0.0352939
0.360469	0.0876601	0.0519356
0.317396	0.0622985	0.120338
0.0120109	0.0854435	0.402569
0.44612	0.0272921	0.0266497
0.0823678	0.240017	0.177664
0.223495	0.0297393	0.246806
0.250851	0.025405	0.22379
0.0338313	0.0176701	0.448541
0.0865748	0.0843576	0.329092
0.10658	0.0192844	0.374198
0.104937	0.326119	0.0689977
0.0497992	0.334884	0.115388
0.299842	0.0795713	0.120628
0.410324	0.00663294	0.0830668
0.0776888	0.0466613	0.375717
0.0176708	0.275547	0.206827
0.0876778	0.411788	0.000581937
0.0166012	0.103687	0.379753
0.133908	0.172141	0.193978
0.0659718	0.406639	0.0275271
0.219053	0.0501766	0.230814
0.0435886	0.00496915	0.451492
0.0799536	0.232653	0.18744
0.15166	0.147776	0.200583
0.117193	0.134567	0.248287
0.0823615	0.239659	0.178021
0.205825	0.282206	0.0120052
0.0196162	0.267779	0.212635
0.0118301	0.279499	0.208716
0.295796	0.152313	0.0519335
0.032824	0.414741	0.0524585
0.26528	0.00985217	0.224923
0.0585922	0.188946	0.252514
0.46994	0.0285707	0.00152541
0.418621	0.0224149	0.0590826
0.0288056	0.449173	0.0220661
0	0.176924	0.323121
0.067178	0.196736	0.236127
0.0174961	0.0560539	0.426479
0.46853	0.0135446	0.0179401
0.436752	0.0539082	0.00937617
0.0232587	0.0223836	0.454406
0.139965	0.0585518	0.301504
0.403328	0.021596	0.0751111
0.202502	0.104624	0.192915
0.301783	0.0686759	0.130151
0.272879	0.0538466	0.173313
0.29731	0.155285	0.0474472
0	0	0.500002
0.469671	0.0254596	0.00487194
0.0417865	0.0673908	0.390827
0.101766	0.331221	0.0670174
0.0127278	0.0279256	0.463829
0.381899	0.0352751	0.0828293
0.137436	0.00582722	0.35674
0.456811	0.0054049	0.0377959
0.127787	0.0308242	0.351547
0.0220001	0.00387501	0.474133
0.0104892	0.378803	0.110713
0.124759	0.198346	0.176897
0.340784	0.0364726	0.122747
0.248984	0.102711	0.148311
0.353256	0.0714146	0.0753339
0.344233	0.0634261	0.0923438
0.176434	0.264196	0.0593735
0.481252	0.0168589	0.00189191
0.0941697	0.151982	0.253858
0.239041	0.158872	0.102095
0.00385	0.0387281	0.457429
0.144308	0.0139748	0.341721
0.0783673	0.0156805	0.405955
0.0513253	0.41172	0.0369594
0.275653	0.0592623	0.165087
0.0548472	0.219726	0.225431
0.071206	0.0513484	0.377449
0.28171	0.183244	0.0350492
0.305597	0.177039	0.0173658
0.156094	0.0627598	0.281151
0.299928	0.111773	0.0883019
0.188892	0.150083	0.161034
0.135286	0.192495	0.172222
0.429515	0.0229778	0.0475178
0.0179984	0.428539	0.0534674
0.394036	0.0344903	0.071482
0.0890465	0.245687	0.165273
0.0024751	0.497528	0
0.151046	0.214919	0.134037
0.148061	0.0658098	0.286132
0.0703925	0.127579	0.302042
0.259756	0.0198536	0.220395
0.108947	0.188268	0.202787
0.415037	0.0406883	0.0442762
0.106289	0.0249435	0.368772
0.0085103	0.486155	0.00533912
0.49236	0.00181944	0.00582529
0.266095	0.225325	0.00858747
0.0257378	0.258903	0.215365
0.135712	0.0745283	0.289764
0.0601801	0.107378	0.332445
0.174096	0.312231	0.0136766
0.0794263	0.236516	0.18406
0.0118033	0.047286	0.440914
0.00808751	0.0119009	0.480021
0.327225	0.076785	0.096005
0.0451644	0.442973	0.0118674
0.031258	0.285599	0.18315
0.16011	0.227815	0.112078
0.105603	0.120007	0.274405
0.0205471	0.273689	0.205768
0.167857	0.00718526	0.32496
0.229647	0.254534	0.0158238
0.0990759	0.322809	0.0781161
0.148179	0.207898	0.143927
0.269457	0.0964728	0.134073
0.0259483	0.261021	0.213034
0.239147	0.21053	0.0503255
0.00673163	0.066024	0.427248
0.319259	0.17074	0.0100066
0.0753796	0.391481	0.033141
0.194873	0.280429	0.024702
0.201521	0.269975	0.0285132
0.0225983	0.235172	0.242231
0.293705	0.149303	0.0569968
0.161921	0.0927931	0.245293
0.0927592	0.305268	0.101976
0.131685	0.131002	0.237318
0.00121711	0.0774423	0.421344
0.0371919	0.127034	0.335777
0.149458	0.0872328	0.263312
0.421898	0.0507863	0.0273192
0.450025	0.00782658	0.0421516
0.0364059	0.347527	0.116071
0.253	0.128941	0.118069
0.181316	0.283881	0.034807
0.333207	0.165657	0.00113806
0.0521251	0.0419229	0.405956
0.192326	0.293406	0.0142707
0.161036	0.0886203	0.250351
0.0944636	0.386154	0.0193884
0.0853597	0.350927	0.0637172
0.216714	0.0830798	0.200211
0.153597	0.277588	0.068819
0.221819	0.0448432	0.233342
0.0390491	0.0104004	0.450553
0.0399308	0.458934	0.00113806
0.024999	0.205307	0.269698
0.074116	0.404275	0.0216136
0.105097	0.204336	0.19057
0.295195	0.192984	0.0251969
0.112196	0.199053	0.188752
0.3114	0.0581716	0.130431
0.35986	0.0604219	0.0797218
0.197642	0.0941848	0.208176
0.301434	0.0459337	0.152636
0.00265948	0.00482002	0.492534
0.116321	0.163201	0.220483
0.376176	0.0524427	0.0713852
0.207666	0.235341	0.0569967
0.286598	0.135929	0.0776298
0.246469	0.138893	0.114645
0.0379238	0.449482	0.0125974
0.213165	0.13154	0.155298
0.0911032	0.372418	0.0364849
0.107531	0.298197	0.0942758
0.105362	0.0258707	0.368773
0.122288	0.0808457	0.296869
0.435615	0.0546541	0.00973421
0.0435178	0.452873	0.00361273
0.0129781	0.421522	0.0655037
0.0135362	0.0552319	0.431242
0.0483641	0.432253	0.0193884
0.0180807	0.172596	0.309327
0.25529	0.1067	0.138014
0.0251088	0.0615423	0.413354
0.139595	0.35751	0.00289791
0.0621642	0.34282	0.0950169
0.0240876	0.475916	0
0.0303852	0.465054	0.00456314
0.26482	0.0944094	0.140774
0.141827	0.124855	0.233322
0.0323085	0.382672	0.0850218
0.0576789	0.374335	0.0679911
0.234475	0.165364	0.100171
0.00908478	0.157935	0.332984
0.0989955	0.122727	0.278283
0.0554128	0.0110875	0.433502
0.0305953	0.46827	0.00113806
0.0977398	0.399547	0.0027179
0.118998	0.230453	0.150552
0.0658576	0.352504	0.0816424
0.0397674	0.0205976	0.439639
0.03004	0.27447	0.195493
0.261319	0.141181	0.0975037
0.164592	0.02429	0.311123
0.288283	0.136728	0.074992
0.18679	0.0841388	0.229073
0.218993	0.0436938	0.237318
0.0154252	0.452479	0.032099
0.373183	0.03447	0.0923493
0.00462358	0.0101444	0.489713
0.143369	0.231385	0.125249
0.00922086	0.302042	0.18874
0.190281	0.210902	0.0988321
0.0567356	0.368212	0.0750575
0.44487	0.012455	0.0426858
0.271428	0.140587	0.0879879
0.07191	0.0149252	0.413168
0.000213869	0.474148	0.0256434
0.0541226	0.364545	0.0813483
0.367917	0.0477549	0.0843343
0.308187	0.110339	0.0814769
0.104241	0.0494398	0.346326
0.015848	0.187835	0.296322
0.00405647	0.48307	0.0128769
0.213641	0.131064	0.155298
0.0606884	0.243127	0.196188
0.12923	0.117784	0.252989
0.0336554	0.338549	0.127801
0.226902	0.179543	0.0935641
0.172144	0.318124	0.0097342
0.0660869	0.433316	0.000601921
0.116598	0.184615	0.198789
0.0467315	0.436694	0.0165769
0.035819	0.439218	0.0249669
0.399717	0.0907827	0.00950403
0.409231	0.0435409	0.0472319
0.329765	0.0742446	0.096005
0.000294051	0.117121	0.382586
0.0463068	0.187036	0.26666
0.039993	0.416192	0.0438192
0.0731156	0.122119	0.304769
0.225802	0.251581	0.0226224
0.232086	0.143213	0.124704
0.029353	0.247253	0.223401
0.402237	0.0701892	0.0275778
0.0815197	0.111167	0.307325
0.424131	0.0479718	0.0279005
0.072522	0.394339	0.033141
0.0721736	0.0402491	0.387583
0.00127175	0.0481779	0.450554
0.185391	0.00118216	0.313437
0.409008	0.0435171	0.0474776
0.247803	0.134133	0.118067
0.196993	0.0061412	0.29687
0.045717	0.0697729	0.384515
0.225199	0.249604	0.0252007
0.500002	0	0
0.391612	0.0227211	0.0856763
0.000856555	0.0206543	0.478493
0.0439824	0.305485	0.150538
0.327331	0.150558	0.0221589
0.0176605	0.0611163	0.421234
0.268779	0.15743	0.0737974
0.333442	0.117725	0.0488396
0.317855	0.140909	0.0412438
0.306267	0.0975629	0.0961879
0.0271418	0.0233645	0.449511
0.0600988	0.224242	0.215703
0.217931	0.121922	0.160188
0.438252	0.0340729	0.0276855
0.381042	0.0301551	0.0888083
0.16871	0.254214	0.0770802
0.400907	0.0237721	0.075326
0.0232374	0.361781	0.114985
0.119746	0.197606	0.182671
0.171699	0.259112	0.0692132
0.117439	0.272455	0.110115
0.406773	0.0185023	0.0747316
0.228447	0.00838574	0.263173
0.00379361	0.130875	0.365347
0.118316	0.194235	0.18747
0.11608	0.0461188	0.337808
0	0.491636	0.00836974
0.143376	0.250922	0.105709
0.285768	0.0103371	0.20391
0.377161	0.0372578	0.0855903
0.469662	0.00394108	0.026403
0.350536	0.02666	0.122814
0.426426	0.0570374	0.0165423
0.00601221	0.216253	0.277741
0.0293167	0.0701051	0.400588
0.23545	0.137813	0.126742
0.0142607	0.382872	0.102873
0.456445	0.0158774	0.0276854
0.0178045	0.200609	0.281612
0.0103685	0.413658	0.075986
0.253487	0.189815	0.0567104
0.0903452	0.350689	0.0589737
0.493052	0.00181955	0.00513806
0.132653	0.0506467	0.316708
0.109672	0.277086	0.113247
0.431018	0.0519563	0.0170328
0.231235	0.144258	0.124514
0.13384	0.234234	0.13193
0.445194	0.00373576	0.0510778
0.000581968	0.00925317	0.490167
0.0325065	0.112667	0.354835
0.000319494	0.0308392	0.468845
0.0409434	0.284377	0.174684
0.112469	0.0600374	0.327501
0.103296	0.288798	0.107916
0.030424	0.45226	0.0173529
0.0313363	0.458234	0.0104362
0.176844	0.102268	0.220896
0.300893	0.0628551	0.136258
0.222702	0.148396	0.12891
0.0713243	0.266126	0.162594
0.0783147	0.0277947	0.393897
0.124496	0.126372	0.24914
0.0737857	0.0151723	0.411047
0.0258963	0.394648	0.0794636
0.112143	0.0445545	0.34331
0.0234895	0.436034	0.0404851
0.482524	0.0120741	0.00545644
0.00494933	0.407008	0.0880498
0.129999	0.302803	0.0672069
0.00412172	0.0524861	0.443418
0.00462515	0.183877	0.311529
0.0821715	0.00516846	0.412673
0.0273609	0.44185	0.0307954
0.00522366	0.189495	0.30529
0.106447	0.368371	0.0251954
0.0115706	0.443393	0.045044
0.282577	0.0377966	0.179643
0.206419	0.0720401	0.221548
0.0816766	0.378766	0.0395656
0.0642702	0.0853203	0.350419
0.358992	0.0212675	0.119749
0.101043	0.241623	0.157348
0.0873041	0.246587	0.166123
0.240706	0.0961623	0.163163
0.00916442	0.432182	0.0586768
0.414441	0.0826751	0.00289055
0.0294077	0.0748321	0.395769
0.022339	0.219966	0.2577
0.0214021	0.0409127	0.437695
0.201488	0.0888235	0.209697
0.259123	0.00454167	0.236341
0.489966	0.00812022	0.00192093
0.0346567	0.229638	0.235714
0.0189632	0.402028	0.0790154
0.0101176	0.40002	0.0898703
0.000417215	0.0402717	0.459325
0.179479	0.0791208	0.241411
0.294086	0.182789	0.0231311
0.243401	0.110426	0.146181
0.104549	0.390094	0.00540029
0.422219	0.0168576	0.0609373
0.371405	0.00890811	0.119691
0.462114	0.00768282	0.0302089
0.000322262	0.0925718	0.407116
0.0274707	0.0126124	0.459924
0.164336	0.314147	0.0215277
0.322244	0.0391584	0.138605
0.012822	0.34858	0.138605
0.36149	0.125376	0.0131412
0.0950986	0.220421	0.184491
0.0484182	0.322904	0.128681
0.0405439	0.333187	0.126278
0.31325	0.164718	0.0220463
0.0335253	0.0930591	0.37342
0.010665	0.467522	0.0218279
0.0366886	0.244245	0.219077
0.181033	0.205548	0.113422
0.13892	0.0106693	0.350415
0.152409	0.0488809	0.298717
0.478363	0.01263	0.00902046
0.0790526	0.0362946	0.38466
0.271479	0.162277	0.066251
0.155011	0.0907579	0.254239
0.185586	0.210695	0.103726
0.292763	0.0105901	0.196656
0.147535	0.0192304	0.333251
0.0423957	0.17079	0.286824
0.33749	0.0903657	0.0721532
0.288075	0.175625	0.0363132
0.0133519	0.423874	0.0627962
0.198203	0.160258	0.141545
0.0574175	0.365507	0.0770802
0.0495121	0.419846	0.0306515
0.149167	0.342162	0.00867778
0.276329	0.12395	0.0997294
0.212336	0.127519	0.160189
0.0474096	0.131599	0.321
0.156933	0.0114699	0.331602
5.65474e-05	0.0271609	0.472785
0.00744585	0.484191	0.00836975
0.0140985	0.463793	0.022159
0.0134467	0.426883	0.0596937
0.297409	0.148442	0.054153
0.277995	0.129059	0.0929556
0.152023	0.0580423	0.28994
0.15962	0.041627	0.298762
0.0110718	0.449043	0.039896
0.24883	0.0794464	0.171739
0.0522196	0.174796	0.272992
0.416753	0.0632522	0.0200024
0.19042	0.0652212	0.244413
0.0358406	0.287717	0.176453
0.310881	0.142992	0.0461725
0.0848036	0.0295964	0.385604
0.0450409	0.312837	0.142128
0.146138	0.0458658	0.308006
0.366406	0.0529126	0.0806872
0.0966459	0.170959	0.232411
0.00266535	0.00474308	0.492595
0.106555	0.339088	0.0543676
0.418474	0.031827	0.0497111
0.444417	0.00372924	0.0518631
0.499417	0.000378579	0.000209643
0.0400736	0.024431	0.435506
0.0660841	0.00502603	0.4289
0.0150579	0.476084	0.00886775
0.162475	0.280206	0.0573327
0.264142	0.212733	0.0231311
0.089673	0.0311288	0.379207
0.0976017	0.17265	0.229758
0.210329	0.132146	0.157537
0.0875137	0.221544	0.190948
0.126385	0.117747	0.255878
0.136903	0.00827015	0.354834
0.113093	0.186635	0.200288
0.221658	0.13272	0.145634
0.179847	0.310166	0.00999793
0.309859	0.178271	0.0118786
0.0667675	0.00513883	0.428134
0.173435	0.317068	0.00951296
0.182947	0.295537	0.0215277
0.201751	0.0706146	0.227645
0.0294762	0.109805	0.360727
0.0872163	0.220791	0.192
0.0681337	0.375167	0.0567103
0.0342498	0.226942	0.238816
0.346108	0.0817477	0.0721532
0.192135	0.0584533	0.249418
0.0694898	0.373812	0.0567104
0.149503	0.328831	0.0216727
0.0150061	0.474447	0.0105557
0.0535786	0.0681216	0.378317
0.0336277	0.105654	0.360727
0.0687897	0.0850969	0.346119
0.264257	0.166744	0.0690106
0.175628	0.321075	0.00330621
0.271387	0.135124	0.0934954
0.329671	0.00549035	0.164844
0.0286298	0.161961	0.309424
0.18089	0.051495	0.267628
0.0120697	0.0984584	0.394517
0.0267578	0.151371	0.321884
0.427079	0.0650533	0.00788608
0.0245035	0.268771	0.206797
0.0203385	0.12335	0.356328
0.0138936	0.0785057	0.407617
0.170327	0.279696	0.0499926
0.215734	0.0615805	0.222696
0.147335	0.167536	0.185144
0.211537	0.25321	0.0352693
0.0850497	0.131993	0.282974
0.135499	0.324451	0.0400632
0.369213	0.0997125	0.0310992
0.225227	0.194586	0.0802098
0.191403	0.201448	0.107169
0.310832	0.0583221	0.130852
0.117747	0.142123	0.240171
0.242977	0.039954	0.217083
0.024466	0.108951	0.366606
0.121585	0.189013	0.189425
0.0943642	0.396172	0.00948557
0.377752	0.0976501	0.0246246
0.0305747	0.432439	0.0370091
0.0941752	0.265049	0.140782
0.492953	0.00704249	1.05093e-05
0.249548	0.0185951	0.231885
0.010736	0.386942	0.102472
0.0263641	0.0848392	0.38882
0.00590119	0.473502	0.0206077
0.0520162	0.209781	0.238228
0.0962333	0.376374	0.027413
0.0277667	0.212592	0.259671
0.0756799	0.0946969	0.329643
0.322925	0.0523355	0.124747
0.141453	0.158253	0.200308
0.00829842	0.484439	0.00728336
0.019602	0.00215876	0.478254
0.31659	0.00890602	0.174526
0.0371645	0.446179	0.0166755
0.0885383	0.403964	0.00751924
0.0729687	0.314998	0.112053
0.108652	0.34964	0.0417251
0.257904	0.0466893	0.195429
0.0233976	0.10502	0.371604
0.160521	0.331109	0.00838612
0.351199	0.00109182	0.147724
0.136069	0.137913	0.226032
0.162368	0.318692	0.0189518
0.013671	0.365522	0.120839
0.113996	0.0239293	0.362092
0.266336	0.2308	0.00288909
0.056046	0.371949	0.0720361
0.0220882	0.184234	0.297234
0.205803	0.0489324	0.245279
0.33858	0.104947	0.0564849
0	0.496591	0.00341471
0.24688	0.168394	0.0847401
0.0593121	0.4221	0.0186049
0.0165256	0.0354861	0.448002
0.158914	0.00195312	0.339159
0.111683	0.0938848	0.294438
0.364441	0.0883326	0.0472421
0.299208	0.155969	0.0448408
0.0327335	0.0362631	0.431013
0.289349	0.0332655	0.177404
0.066438	0.39023	0.0433498
0.0455771	0.302403	0.157673
0.174704	0.310541	0.0147641
0.0392992	0.240137	0.220575
0.392926	0.0670279	0.0400636
0.362848	0.0164594	0.12072
0.307648	0.076932	0.115448
0.100347	0.121153	0.278515
0.420497	0.0339948	0.0455293
0.226992	0.196705	0.0763181
0.157126	0.114441	0.228448
0.0675851	0.00700839	0.425425
0.234297	0.260566	0.00515953
0.251831	0.173303	0.0748762
0.0776743	0.306953	0.115393
0.0231225	0.172188	0.304704
0.0401973	0.0014398	0.458378
0.0464645	0.0124713	0.441074
0.0655913	0.0141366	0.420298
0.442377	0.0252266	0.0324112
0.484383	0.0119438	0.00369011
0.0808179	0.0070896	0.412128
0.276623	0.0230731	0.200325
0.137357	0.294952	0.0677031
0.0157969	0.479071	0.00515958
0.185343	0.17839	0.136289
0.436013	0.0409454	0.0230564
0.0563837	0.437033	0.0112856
0.132297	0.271798	0.0959177
0.126746	0.0403205	0.332951
0.0515291	0.105481	0.343015
0.478061	0.0151571	0.00680061
0.103954	0.0218215	0.379866
0.405139	0.00438171	0.0904992
0.0642898	0.290148	0.145582
0.214188	0.238203	0.0476322
0.198041	0.0449651	0.257024
0.0129487	0.103092	0.383985
0.118402	0.29906	0.0825458
0.0342523	0.262249	0.203525
0.345521	0.0568159	0.0976773
0.232309	0.223594	0.0441155
0.0467095	0.284247	0.169053
0.0590677	0.350762	0.090185
0.0626817	0.380154	0.0572027
0.0557428	0.441786	0.00247917
0.416889	0.0685512	0.0145741
0.00426118	0.0101629	0.485619
0.463634	0.0203508	0.0160281
0.271459	0.0540472	0.174531
0.0796079	0.0734582	0.346954
0.112844	0.24516	0.142006
0.116211	0.0827635	0.301036
0.0429536	0.452091	0.00497907
0.19341	0.0532976	0.253302
0.0643834	0.018918	0.416716
0.0365189	0.384364	0.079131
0.203353	0.146236	0.150428
0.450906	0.0243024	0.0248079
0.318311	0.0576249	0.124072
0.292547	0.0953997	0.112076
0.0867164	0.091257	0.322048
0.339571	0.101667	0.0587793
0.0743797	0.0715893	0.35405
0.154776	0.117168	0.228078
0.152904	0.147086	0.200915
0.0144094	0.213779	0.271832
0.472768	0.0218446	0.00540721
0.355505	0.0508017	0.0937095
0.467078	0.0278818	0.00506414
0.0494768	0.361032	0.089507
0.383675	0.0288947	0.0874428
0.0388832	0.00275399	0.45838
0.0417311	0.457737	0.000556361
0.230672	0.208353	0.0610362
0.11059	0.247411	0.142005
0.0557845	0.357903	0.0863255
0.409111	0.0453825	0.0455294
0.389244	0.103416	0.007353
0.00143348	0.0257783	0.472803
0.00488285	0.147292	0.34784
0.236218	0.262703	0.00110212
0.0259256	0.412415	0.0616716
0.164368	0.310622	0.0250271
0.107811	0.103766	0.288443
0.304161	0.0550632	0.140782
0.124654	0.119911	0.256326
0.0868181	0.340697	0.0724956
0.190336	0.22948	0.0801939
0.239694	0.230701	0.0296285
0.0135906	0.416688	0.0697435
0.0720278	0.407373	0.0206076
0.202794	0.274906	0.0223168
0.167177	0.285005	0.0478351
0.436538	0.0419953	0.0214744
0.0703575	0.416572	0.0130835
0.153829	0.0129222	0.333274
0.144945	0.334255	0.0208232
0.282657	0.0233617	0.194011
0.0510729	0.164351	0.284593
0.263428	0.0804145	0.156178
0.260526	0.192248	0.0472422
0.0681099	0.286925	0.144986
0.0568651	0.377385	0.0657821
0.398356	0.0836204	0.023671
0.209942	0.189628	0.100482
0.0488511	0.0149124	0.436256
0.401076	0.0304507	0.0684874
0.0166366	0.0175077	0.465867
0.29604	0.0599965	0.143985
0.186389	0.177343	0.136289
0.186731	0.132347	0.180946
0.0604427	0.00567609	0.433895
0.0149435	0.213246	0.271833
0.0870527	0.340468	0.0724967
0.013729	0.46607	0.0202233
0.346988	0.100553	0.0524655
0.286014	0.203694	0.0103015
0.301476	0.134682	0.0638997
0.00812749	0.427212	0.0646753
0.0167607	0.035991	0.447263
0.358635	0.0172523	0.124124
0.269899	0.0125617	0.217552
0.441287	0.0251645	0.0335659
0.055063	0.24715	0.197817
0.000491164	0.00292353	0.496588
0.18969	0.182573	0.127759
0.0828669	0.404062	0.0130835
0.00397091	0.00947064	0.486574
