0.500003	0	0
0	0.500002	0
0.0134608	0.442013	0.044531
0.0196125	0.250309	0.230082
0.163603	0.290162	0.0462587
0.0262333	0.464021	0.0097505
0.0843202	0.0736324	0.342257
0.0992417	0.0216845	0.379079
0.00573608	0.0293092	0.464965
0.091476	0.333843	0.0746877
0.364708	0.130344	0.00496029
0.0712125	0.293993	0.134801
0.472975	0.0261411	0.000887359
0.0156007	0.0319644	0.452439
0.118236	0.0922439	0.289846
0.00266866	0.125591	0.37177
0.00936708	0.284202	0.206437
0.123301	0.341356	0.0353494
0.143671	0.104678	0.251664
0.23863	0.0774896	0.183884
0.0749589	0.0106085	0.414448
0.33251	0.057211	0.125668
0.00671451	0.136333	0.356978
0.05891	0.411095	0.0300007
0.148314	0.258411	0.0932852
0.259005	0.209407	0.0315907
0.222037	0.237655	0.0403118
0.00849856	0.452354	0.0391579
0.341085	0.0477945	0.111137
0.107169	0.187426	0.205425
0.0385625	0.141367	0.320077
0.005971	0.145912	0.348126
0.0783994	0.304324	0.117309
0.244232	0.0690136	0.186777
0.174117	0.155461	0.170425
0.43531	0.0298167	0.0349062
0.000777148	0.133435	0.365791
0.355711	0.0331667	0.111137
0.30176	0.182018	0.0162347
0.0704204	0.315878	0.113713
0.110819	0.179697	0.209507
0.0513861	0.431696	0.0169376
0.126834	0.354514	0.0189204
0.0657112	0.0562017	0.378091
0.113725	0.325188	0.061093
0.0545938	0.42813	0.0172816
0.376412	0.0285321	0.0950664
0.325389	0.137967	0.0366533
0.0329218	0.246322	0.220817
0.137589	0.253463	0.124164
0.0237622	0.371204	0.10505
0.0577592	0.0225875	0.419676
0.128094	0.212864	0.159049
0.296409	0.0824228	0.121186
0.492179	0.00746166	0.000361739
0.276447	0.165442	0.0583811
0.0308618	0.454084	0.0150851
0.116183	0.328773	0.0553427
0.0523629	0.266052	0.181591
0.0823354	0.0503065	0.367407
0.209785	0.054511	0.235707
0.200959	0.229163	0.0699368
0.195727	0.198761	0.105561
0.0350204	0.349608	0.115374
0.0774855	0.0143222	0.408195
0.00888859	0.212236	0.278892
0.0145663	0.0612538	0.424186
0.385746	0.0129039	0.101354
0.185446	0.300362	0.0141959
0.15736	0.0119279	0.33076
0.187384	0.00901502	0.303612
0.371959	0.0295799	0.0984634
0.157765	0.0324624	0.309781
0.271538	0.0130636	0.215409
0.112432	0.321493	0.0663196
0.0616411	0.397282	0.0410977
0.0424286	0.19414	0.263445
0.466194	0.0175786	0.0162345
0.140565	0.218689	0.140761
0.268916	0.163818	0.0672723
0.000568555	0.109039	0.390402
0.261676	0.01251	0.225817
0.169875	0.0597123	0.270425
0.327675	0.153896	0.0184391
0.289263	0.0871325	0.123609
0.0404157	0.0308437	0.428748
0.288149	0.0218417	0.190056
0.169435	0.280145	0.0504265
0.104288	0.0813623	0.314423
0.130156	0.216289	0.153559
0.320824	0.0306244	0.148559
0.282684	0.0426502	0.17467
0.0609161	0.311258	0.127835
0.251288	0.171988	0.0767528
0.18265	0.0330507	0.284312
0.343398	0.0484706	0.108149
0.0883943	0.404465	0.00715421
0.166756	0.170219	0.16303
0.189929	0.111479	0.198625
0.101959	0.00235582	0.395712
0.459653	0.0360929	0.00426789
0.292866	0.196722	0.0104453
0.30634	0.136485	0.0571824
0.000269617	0.00920036	0.490539
0.314894	0.0632094	0.121922
0.0164356	0.483566	0
0.0283066	0.389118	0.0825839
0.0498869	0.00159591	0.448524
0.141687	0.231534	0.126789
0.166512	0.0585302	0.274969
0.226764	0.200736	0.0725532
0.427151	0.0711292	0.00172923
0.206651	0.223474	0.0699374
0.397343	0.0949511	0.00770934
0.354462	0.0132812	0.132266
0.181887	0.0742462	0.243871
0.391952	0.00552127	0.102532
0.148524	0.102423	0.249065
0.136129	0.220738	0.143155
0.419984	0.0588504	0.0211757
0.00651606	0.490195	0.00330234
0.211222	0.190317	0.0984635
0.481625	0.0154074	0.0029726
0.0643332	0.0366334	0.399073
0.235767	0.239421	0.0248601
0.319783	0.0537202	0.126513
0.183411	0.123876	0.192717
0.2384	0.242094	0.0195541
0.431646	0.0666368	0.00172924
0.145478	0.097877	0.256683
0.443958	0.00896731	0.0470862
0.346702	0.0964079	0.0569119
0.0471388	0.098829	0.354287
0.0638278	0.383958	0.0522454
0.4835	0.0137525	0.00297392
0.180716	0.0248993	0.294391
0.0059079	0.157694	0.336414
0.120237	0.346865	0.0329053
0.11635	0.202719	0.18094
0.00191084	0.0649552	0.433136
0.223014	0.131507	0.145501
0.216515	0.219129	0.0643785
0.177436	0.276329	0.0462587
0.133972	0.0139701	0.352067
0.236289	0.0895564	0.174166
0.029848	0.37972	0.0904347
0.0356369	0.421791	0.042584
0.106124	0.377309	0.0168115
0.0411924	0.403126	0.0556942
0.204532	0.12005	0.17544
0.016174	0.475716	0.00811269
0.00113208	0.493919	0.00496028
0.0129682	0.00792153	0.479119
0.147951	0.115259	0.237037
0.312687	0.0231898	0.164127
0.0807218	0.298784	0.120498
0.0948035	0.160583	0.24462
0.0538345	0.121683	0.324739
0.0139714	0.24811	0.238153
0.256667	0.162357	0.0809794
0.227458	0.0708355	0.201709
0.0439076	0.408384	0.0477122
0.422209	0.0678303	0.00997576
0.052275	0.00720122	0.440529
0.155083	0.270204	0.0747256
0.00121851	0.230054	0.268763
0.000634698	0.108977	0.390418
0.173893	0.0250836	0.301027
0.22942	0.178726	0.0918594
0.0484412	0.296871	0.156062
0.351259	0.0584917	0.0902576
0.048733	0.272288	0.179215
0.109273	0.073575	0.31716
0.0595242	0.365801	0.0746888
0.191523	0.00921414	0.299274
0.0961041	0.359371	0.044531
0.389993	0.00549367	0.104522
0.144677	0.0189246	0.336411
0.496289	0.000609395	0.00310896
0.0891414	0.151141	0.259724
0.411289	0.0319511	0.0567697
0.212912	0.202544	0.084551
0.249669	0.162581	0.0877841
0.278242	0.0293579	0.192417
0.0512591	0.15117	0.297574
0.0762568	0.0140951	0.409655
0.366869	0.118113	0.0150275
0.0478222	0.0078515	0.444339
0.25764	0.0270036	0.215359
0.00567295	0.00992158	0.484413
0.178324	0.310697	0.0109911
0.248574	0.16178	0.08966
0.416775	0.0397835	0.0434484
0.452681	0.0395166	0.00780892
0.0633991	0.110462	0.326191
0.0162808	0.479014	0.00470883
0.0449166	0.268422	0.186675
0.179469	0.0732595	0.247277
0.0456524	0.0212136	0.433136
0.416291	0.0817003	0.00206525
0.0467091	0.390461	0.0628413
0.0285646	0.0339586	0.437488
0.392998	0.0106408	0.0963778
0.255901	0.0507945	0.193317
0.381813	0.0934402	0.0247601
0.198195	0.279583	0.0222535
0.154901	0.344358	0.000782676
0.11751	0.0242259	0.358278
0.116014	0.241138	0.150003
0.424092	0.0599157	0.016003
0.314626	0.0560958	0.129292
0.0665735	0.0783279	0.355109
0.147931	0.319474	0.0326192
0.0305886	0.0039001	0.465529
0.489666	0.000606638	0.00974854
0.387158	0.0751647	0.0376896
0.0834134	0.199812	0.216783
0.194423	0.285428	0.0201615
0.152857	0.0618284	0.285328
0.0621697	0.07128	0.366565
0.181536	0.133175	0.1853
0.145286	0.27511	0.0796248
0.402676	0.0869474	0.0109314
0.429857	0.0313037	0.0388533
0.228081	0.0450168	0.227458
0.0447846	0.437697	0.0175306
0.188164	0.15939	0.152458
0.213467	0.113003	0.173539
0.030768	0.268807	0.200451
0.0727841	0.381723	0.0455144
0.134296	0.0652311	0.300491
0.0640178	0.40614	0.0298525
0.135488	0.271341	0.0931834
0.092066	0.00585694	0.402106
0.204669	0.0421948	0.253184
0.269092	0.20556	0.0254097
0.142718	0.354891	0.00240594
0.293023	0.137294	0.0696952
0.0214481	0.0181421	0.460419
0.0528862	0.337571	0.109555
0.0563207	0.326805	0.116889
0.167006	0.312985	0.0200252
0.26352	0.117432	0.119059
0.47255	0.0228383	0.00464233
0.00243453	0.492055	0.00553403
0.0125651	0.110265	0.377182
0.0764252	0.365913	0.0577077
0.303669	0.0403325	0.156009
0.142616	0.0384715	0.318937
0.122041	0.302187	0.0758177
0.197258	0.0769914	0.225769
0.102952	0.183361	0.213703
0.171597	0.190482	0.137951
0.0535925	0.256593	0.189858
0.344097	0.128743	0.0271688
0.377734	0.0100515	0.112231
0.25898	0.158115	0.082913
0.004134	0.0207174	0.475167
0.325213	0.0531552	0.121664
0.334131	0.125014	0.0408605
0.222374	0.0315648	0.246071
0.0226454	0.474288	0.00307771
0.406663	0.0331755	0.0601815
0.399857	0.10015	0
0.0530863	0.341072	0.105857
0.0248634	0.429865	0.0452991
0.137884	0.331876	0.0302511
0.104865	0.26118	0.13397
0.282894	0.131069	0.0860624
0.0308081	0.422539	0.0466795
0.465087	0.000756058	0.0341733
0.00752901	0.402915	0.0895743
0.0355739	0.00927659	0.455168
0.0543142	0.0284426	0.417257
0.479014	0.0113955	0.00959966
0.00411121	0.103985	0.391913
0.129044	0.0266038	0.344363
0.103788	0.231265	0.165138
0.0392662	0.12117	0.339603
0.00533662	0.245991	0.248711
0.111838	0.0564953	0.331675
0.00873941	0.486936	0.00434186
0.298297	0.0758756	0.125841
0.483951	0.0156427	0.000415713
0.0446253	0.1201	0.335286
0.233909	0.164043	0.102059
0.114519	0.218394	0.167096
0.276522	0.123226	0.100265
0.0859118	0.213633	0.200466
0.340153	0.0277496	0.13211
0.24968	0.169749	0.0805955
0.0869708	0.103394	0.309646
0.245403	0.166449	0.0881575
0.0127397	0.101971	0.385301
0.358768	0.0744258	0.0668187
0.0102131	0.283815	0.205981
0.0676033	0.0228319	0.40958
0.020116	0.293668	0.186244
0.362452	0.122727	0.0148309
0.00980095	0.443482	0.0467322
0.275558	0.0150912	0.209362
0.0368639	0.0163883	0.44676
0.271793	0.143879	0.0843351
0.0590402	0.0669845	0.373981
0.139537	0.0704879	0.289983
0.0320155	0.300897	0.167096
0.0187951	0.26172	0.219505
0.130404	0.0619454	0.307667
0.0680661	0.371774	0.0601818
0.0203446	0.0344748	0.445188
0.159026	0.178717	0.162266
0.021387	0.0251631	0.453461
0.0610228	0.30891	0.130076
0.131562	0.186326	0.182126
0.00223832	0.452399	0.0453887
0.279853	0.14655	0.0736111
0.373473	0.0860887	0.0404665
0.110619	0.0435194	0.345868
0.159198	0.108155	0.232661
0.351196	0.00310293	0.145708
0.0085737	0.458821	0.0326184
0.306882	0.0407593	0.152368
0.0395713	0.0334409	0.427042
0.050785	0.210297	0.238927
0.241325	0.17577	0.082913
0.136941	0.0135697	0.349527
0.319735	0.161516	0.0187556
0.0951104	0.224336	0.180565
0.0712888	0.0164738	0.412256
0.0406147	0.228996	0.230399
0.122002	0.305631	0.0724049
0.237903	0.0480342	0.21407
0.0195421	0.263245	0.217223
0.121782	0.0587931	0.31944
0.164184	0.0559975	0.279836
0.0258313	0.177644	0.296552
0.00623365	0.0135684	0.480209
0.371996	0.0623401	0.0656735
0.0774158	0.153089	0.269528
0.0751438	0.00478041	0.420105
0.435666	0.0198918	0.0444636
0.0339129	0.289507	0.176605
0.00961446	0.46699	0.0234266
0.185008	0.0979376	0.217062
0.00209088	0.00484211	0.493076
0.228903	0.168749	0.102403
0.0897043	0.135319	0.275016
0.0431262	0.222666	0.234292
0.00284768	0.00659473	0.490565
0.100352	0.00486445	0.394819
0.105747	0.234985	0.159273
0.156692	0.106453	0.236865
0.16928	0.322826	0.00790249
0.0578541	0.114406	0.327762
0.176078	0.0692719	0.254685
0.443332	0.0225304	0.0341747
0.107395	0.374286	0.0183437
0.34987	0.00147115	0.148667
0.0730266	0.377045	0.0500045
0.0250089	0.432381	0.0426237
0.00315529	0.482133	0.014719
0.218834	0.160538	0.120637
0.0874297	0.138531	0.274053
0.209895	0.142432	0.147684
0.447052	0.0125565	0.0404136
0.0712234	0.166847	0.261943
0.177044	0.0676668	0.255325
0.367375	0.0245564	0.108081
0.0990902	0.357506	0.0434246
0.00627995	0.227183	0.266571
0.034122	0.141442	0.324451
0.242582	0.117829	0.139606
0.164653	0.193546	0.141813
0.0341631	0.0670226	0.398854
0.0174997	0.472516	0.010009
0.101541	0.252497	0.146003
0.286092	0.208377	0.0055441
0.368202	0.0634819	0.0683371
0.125495	0.00424162	0.370276
0.453089	0.0232936	0.0236255
0.267026	0.0550503	0.177942
0.0178512	0.482007	0.00015123
0.32685	0.171137	0.00206524
0.0507397	0.44687	0.00240594
0.0417509	0.221001	0.237275
0.0117133	0.102955	0.385341
0.0792103	0.150108	0.270713
0.0966181	0.400499	0.00289639
0.113063	0.130322	0.256627
0.0184807	0.413204	0.0683372
0.105924	0.234808	0.159273
0.0788912	0.418579	0.00254809
0.0608715	0.32273	0.11642
0.457878	0.0375105	0.00464233
0.140794	0.0711229	0.28809
0.461721	0.0140119	0.0242767
0	0.500001	0
0.0534218	0.0657325	0.380871
0.0647037	0.0840074	0.351299
0.0303253	0.0104621	0.459227
0.316516	0.0667637	0.116723
0.306734	0.00032471	0.192944
0.00449629	0.482892	0.0126126
0.0431516	0.0231987	0.433651
0.100091	0.0780014	0.321922
0.0385241	0.0132907	0.4482
0.0109926	0.0141696	0.474843
0.0487662	0.39624	0.0549958
0.0845837	0.106445	0.308973
0.219889	0.0636876	0.216445
0.154737	0.0965225	0.248742
0.0941443	0.349445	0.0564123
0.078186	0.0292033	0.392614
0.0919085	0.131674	0.276423
0.261767	0.229268	0.00896791
0.00863709	0.00325063	0.488115
0.0111541	0.0214193	0.467428
0.268297	0.150206	0.0814997
0.0044189	0.252573	0.243014
0.00808552	0.429269	0.0626483
0	0.494492	0.00550979
0.0149048	0.386586	0.0985118
0.0765632	0.00679745	0.416641
0.361725	0.0310163	0.108314
0.409989	0.00495095	0.0859459
0.13039	0.027454	0.342157
0.138015	0.201213	0.160773
0.0785734	0.198538	0.222901
0.232665	0.221969	0.0453755
0.0375083	0.277073	0.185424
0.379016	0.101538	0.0194696
0.419648	0.0692051	0.0111526
0.0142859	0.423069	0.0626483
0.281469	0.0192301	0.199303
0.0386378	0.0611399	0.400225
0.204895	0.12815	0.166958
0.119711	0.246134	0.134158
0.0245341	0.410089	0.0653851
0.116562	0.116523	0.266921
0.0225681	0.475357	0.00207678
0.123264	0.371234	0.00550986
0.101873	0.0278159	0.370336
0.262093	0.235943	0.00197434
0.167862	0.162347	0.169801
0.183588	0.290507	0.0259142
0.0279151	0.32357	0.148518
0.106315	0.0588547	0.334833
0.430052	0.0121315	0.0578178
0.443843	0.000843515	0.0553199
0.078558	0.0754895	0.345956
0.451016	0.000477447	0.0485098
0.00329499	0.353875	0.142831
0.256109	0.168845	0.0750487
0.0615929	0.0799685	0.358449
0.0755004	0.295467	0.129035
0.00419215	0.404673	0.0911388
0.385033	0.070848	0.0441409
0.23726	0.195821	0.0669207
0.0270151	0.0453177	0.427673
0.113222	0.240912	0.145868
0.339922	0.0527923	0.107289
0.0725	0.269106	0.158396
0.0087445	0.0504917	0.440766
0.0948296	0.367907	0.037266
0.0170183	0.358726	0.124257
0.188505	0.175543	0.135954
0.226555	0.0372846	0.236167
0.0871751	0.124893	0.287934
0.406219	0.0860436	0.00773961
0.071431	0.0902636	0.338308
0.201427	0.194809	0.103774
0.319575	0.120274	0.0601534
0.0594632	0.318708	0.121831
0.144281	0.0260091	0.329715
0.0354568	0.0561062	0.408441
0.245663	0.237592	0.0167548
0.0256963	0.213839	0.260467
0.214983	0.00221631	0.282811
0.170816	0.172418	0.156768
0.0981832	0.377905	0.0239193
0.140299	0.130652	0.229054
0.0517604	0.417481	0.0307612
0.0620551	0.311404	0.126544
0.109041	0.151679	0.239285
0.425818	0.0702225	0.00396162
0.288808	0.179799	0.0313953
0.258707	0.202661	0.038646
0.486949	0	0.0130559
0.191483	0.263052	0.0454678
0.0694064	0.17665	0.25395
0.142246	0.0916265	0.266132
0.0216625	0.45662	0.0217202
0.00289066	0.165223	0.331889
0.366295	0.0404163	0.0932905
0.372814	0.0434282	0.0837597
0.0532854	0.0386269	0.408091
0.493381	0	0.00662154
0.00153304	0.136467	0.362011
0.180341	0.272184	0.0474857
0.191591	0.303171	0.00524884
0.00659547	0.213082	0.280335
0.21023	0.122816	0.166959
0.218285	0.210282	0.0714684
0.00426336	0.00612067	0.489624
0.0400723	0.0634099	0.396521
0.126082	0.0803905	0.293529
0.0279419	0.0468723	0.42519
0.0408846	0.437839	0.0212858
0.0892478	0.1835	0.227257
0.0559685	0.414519	0.0295133
0.274216	0.0503298	0.175461
0.278191	0.0705349	0.151277
0.461624	0.0283569	0.0100266
0.145366	0.281834	0.0728235
0.133959	0.113457	0.252587
0.34466	0.0940319	0.0613192
0.0697595	0.2203	0.209944
0.413471	0.0296164	0.0569241
0.101772	0.39272	0.00550979
0.271891	0.0998538	0.129355
0.370093	0.126496	0.00341474
0.152213	0.0434008	0.30439
0.354638	0.0730388	0.0723289
0.00417477	0.402995	0.092834
0.242562	0.0498407	0.2076
0.162158	0.332682	0.00516235
0.260082	0.145606	0.0943144
0.109524	0.133883	0.2566
0.012893	0.304956	0.182154
0.0507132	0.0113084	0.437985
0.0360451	0.158063	0.306797
0.0871326	0.340049	0.0728204
0.354197	0.0341189	0.111687
0.15882	0.108991	0.232191
0.349433	0.0540413	0.0965278
0.217375	0.206252	0.0763915
0.0573065	0.330894	0.111801
0.110744	0.366692	0.0225787
0.0312736	0.0495205	0.419209
0.479011	0.0154805	0.0055098
0.0225142	0.449712	0.0277775
0.0328802	0.335283	0.13184
0.481308	0	0.0186949
0.0984612	0.378975	0.0225786
0.173497	0.244465	0.0820434
0.0160483	0.314807	0.169151
0.474086	0.0128637	0.0130559
0.013677	0.362068	0.124257
0.251004	0.0413989	0.2076
0.000173017	0.00136545	0.498469
0.395806	0.0938671	0.0103288
0.0722908	0.207578	0.220133
0.304354	0.0641983	0.131454
0.4023	0.0877502	0.00995647
0.114839	0.244927	0.140236
0.437109	0.0116413	0.0512541
0.255352	0.185106	0.0595605
0.295062	0.163343	0.0415967
0.29536	0.190254	0.0143913
0.199094	0.258375	0.0425327
0.253668	0.144692	0.101645
0.33349	0.104861	0.0616516
0.248789	0.0410335	0.210181
0.399491	0.022807	0.0777143
0.299159	0.0177912	0.183061
0.178351	0.299079	0.0225784
0.155541	0.11227	0.232191
0.105639	0.0805147	0.313856
0.22882	0.111094	0.160088
0.0704135	0.152696	0.276892
0.273356	0.050172	0.176479
0.0248766	0.441697	0.0334295
0.161804	0.143785	0.194413
0.185347	0.287885	0.0267803
0.269097	0.197336	0.033581
0.168199	0.0713257	0.2605
0.327131	0.143054	0.0298398
0.390285	0.0136913	0.0960285
0.0225398	0.329312	0.148157
0.323378	0.0685418	0.108087
0.389342	0.0105643	0.100096
0.134029	0.259856	0.106138
0.0194007	0.458882	0.0217202
0.105094	0.283221	0.111687
0.206732	0.261875	0.0313953
0.469853	0.0288623	0.00128837
0.301008	0.0465693	0.15243
0.291171	0.160956	0.0478826
0.436953	0.0130692	0.0499795
0.171113	0.0289334	0.29996
0.14838	0.19792	0.153708
0.49692	0.00262354	0.000459723
0.123907	0.1921	0.184003
0.347486	0.0935313	0.0589908
0.0533544	0.381377	0.0652961
0.323757	0.0742305	0.102021
0.144478	0.2455	0.110041
0.215041	0.258683	0.0262912
0.0117843	0.402835	0.0854113
0.0877853	0.0158856	0.396339
0.176169	0.120579	0.203266
0.329945	0.124187	0.0459161
0.0229337	0.0527158	0.424359
0.0688379	0.0243297	0.406848
0.275872	0.106467	0.117693
0.387661	0.0767471	0.0356083
0.00471422	0.481724	0.0135718
0.23005	0.0894835	0.180498
0.0881887	0.396622	0.015217
0.028437	0.215336	0.256251
0.0122284	0.413204	0.074603
0.0429204	0.128343	0.328787
0.303593	0.0758002	0.120617
0.0978649	0.29761	0.104541
0.00764145	0.0211447	0.471246
0.491359	0.00542345	0.00322792
0.273125	0.0570842	0.169823
0.0114406	0.27045	0.218125
0.0854317	0.0921563	0.322451
0.420012	0.0636366	0.0163811
0.0342704	0.0923328	0.37343
0.210732	0.0979222	0.191367
0.114135	0.0210446	0.364837
0.147397	0.138627	0.213997
0.290993	0.0711436	0.137874
0.204494	0.144174	0.15134
0.144574	0.241619	0.113843
0.339444	0.00297399	0.157602
0.20157	0.169058	0.129402
0.449425	0.00812105	0.042464
0.287496	0.0869242	0.125615
0.343723	0.00961958	0.146706
0.0179962	0.425742	0.0562699
0.259149	0.231024	0.00984437
0.0365027	0.111205	0.352326
0.40742	0.0175395	0.0750511
0.46126	0.0141663	0.0245928
0.0306136	0.440054	0.0293459
0.233558	0.113388	0.153084
0.194987	0.16496	0.140073
0.367669	0.00228794	0.130072
0.182139	0.0425102	0.275379
0.353351	0.0477713	0.0988997
0.0191452	0.0441559	0.436731
0.0799399	0.373522	0.046551
0.0675122	0.15714	0.275382
0.296849	0.0928983	0.110273
0.123775	0.151085	0.22515
0.00573724	0.304301	0.189977
0.416804	0.0455415	0.0376785
0.0989948	0.0228125	0.378207
0.0411047	0.317148	0.141791
0.07161	0.180001	0.2484
0.0467693	0.151925	0.301318
0.163274	0.333468	0.00326813
0.374564	0.0322449	0.0932213
0.217781	0.00162049	0.280631
0.269238	0.0609694	0.169822
0.12705	0.116719	0.256248
0.0215499	0.129646	0.348826
0.393913	0.014789	0.0913058
0.0273593	0.466252	0.00639595
0.0256376	0.115303	0.359086
0.115764	0.308215	0.0760478
0.106437	0.323679	0.0698995
0.0115672	0.146328	0.342129
0.0243727	0.0576072	0.41803
0.171326	0.131084	0.197645
0.411495	0.0584619	0.0300598
0.261318	0.0811026	0.157604
0.0384006	0.433039	0.028586
0.444416	0.0100799	0.0455157
0.0632729	0.0243757	0.412373
0.197551	0.0176693	0.284794
0.426299	0	0.073709
0.153738	0.0476572	0.29871
0.256076	0.225172	0.0187654
0.0931238	0.283192	0.123693
0.279655	0.0205991	0.199809
0.0774832	0.262345	0.160187
0.428608	0.00736038	0.0640496
0.137734	0.347222	0.0150537
0.0705376	0.177305	0.252169
0.188192	0.0436912	0.268149
0.0453543	0.147329	0.307398
0.133982	0.31396	0.0520828
0.0117801	0.000296923	0.48793
0.104587	0.360496	0.0349511
0.0164722	0.00414176	0.479401
0.236429	0.183624	0.0799851
0.160166	0.176033	0.167476
0.318009	0.15998	0.0220453
0.0611248	0.205835	0.233055
0.185031	0.23791	0.0770893
0.121647	0.203304	0.175083
0.0333688	0.00898624	0.45768
0.245784	0.171895	0.0823553
0.150707	0.0346492	0.314692
0.285409	0.0208997	0.193753
0.113679	0.290022	0.0963309
0.0733277	0.330371	0.0963302
0.314342	0.0515064	0.134198
0.17186	0.313598	0.0145535
0.120537	0.321535	0.0579455
0.0121568	0.0336392	0.454243
0.112505	0.326013	0.0614965
0.485019	0.00876423	0.0062268
0.0841328	0.294249	0.121651
0.334684	0.130183	0.035163
0.041987	0.166149	0.291887
0.0153398	0.220599	0.264095
0.0584955	0.263079	0.178452
0.362022	0.136024	0.00196469
0.192548	0.222148	0.0853182
0.0170897	0.039415	0.443542
0.00967492	0.458886	0.0314722
0.14168	0.306255	0.0520819
0.221929	0.00886853	0.269232
0.00938514	0.0259696	0.464655
0.0691141	0.0997317	0.33118
0.225055	0.0369775	0.237987
0.238118	0.201449	0.0604465
0.135605	0.341854	0.0225495
0.167915	0.0150186	0.317099
0.000713421	0.18624	0.313055
0.381385	0.0910765	0.0275787
0.346147	0.108353	0.0455162
0.0967993	0.314625	0.0885921
0.24445	0.102496	0.153084
0.262801	0.192978	0.0442449
0.0201396	0.000399277	0.479497
0.437651	0.032237	0.0301313
0.471298	0.0186579	0.0100684
0.034151	0.201785	0.264092
0.108733	0.366151	0.0251297
0.0754555	0.0102012	0.414379
0.118493	0.141703	0.239822
0.0502404	0.387636	0.0621606
0.478014	0.010842	0.0111546
0.0721237	0.278256	0.149641
0.213594	0.0651735	0.221266
0.0818711	0.286339	0.131823
0.355171	0.00714833	0.137715
0.0197602	0.0496152	0.430642
0.155867	0.0378302	0.306366
0.219714	0.264305	0.0160022
0.190939	0.0665904	0.242499
0.0525337	0.352464	0.0950332
0.308941	0.00564877	0.185446
0.0293249	0.449965	0.0207432
0.0588078	0.208152	0.233055
0.257222	0.194381	0.0484214
0.0951813	0.337059	0.0677701
0.0801515	0.027953	0.391928
0.000379135	0.488767	0.0108664
0.399569	0.00902127	0.0914169
0.0498046	0.0081607	0.442069
0.307928	0.00563026	0.186472
0.480886	0.00763444	0.0114913
0.157956	0.00656512	0.33549
0.378805	0.118587	0.00261896
0.345893	0.0460977	0.108059
0.169614	0.0389962	0.291401
0.469699	0.00220073	0.0281192
0.223583	0.066824	0.209658
0.107888	0.35046	0.0416806
0.311297	0.0123237	0.176406
0.109843	0.356812	0.0333734
0.101083	0.095679	0.303255
0.00623616	0.490161	0.00361454
0.00125858	0.212099	0.286661
0.0674646	0.417346	0.015217
0.0973086	0.370304	0.0324089
0.00985858	0.235389	0.254785
0.0144781	0.445765	0.0397749
0.121586	0.148413	0.230015
0.266565	0.0110792	0.222366
0.294978	0.0923126	0.112727
0.0139458	0.272076	0.213995
0.00855234	0.47178	0.0197019
0.123314	0.135392	0.241314
0.134408	0.119986	0.245625
0.082488	0.0287679	0.388771
0.180598	0.189351	0.130069
0.0220017	0.0477898	0.430227
0.359448	0.107892	0.0327172
0.00409676	0.464449	0.0314712
0	0.495763	0.00423977
0.0515488	0.419894	0.0285862
0.109562	0.0307173	0.359751
0.45705	0.0141756	0.0287938
0.500002	0	0
0.351043	0.00744921	0.141524
0.256706	0.084373	0.158936
0.365677	0.0663661	0.0679591
0.00926694	0.338213	0.152537
0.117	0.0456853	0.337322
0	0.219483	0.280534
0.23175	0.000310971	0.267941
0.0823005	0.187278	0.230436
0.105269	0.16573	0.229004
0.0582959	0.1547	0.287022
0.202412	0.0608418	0.236752
0.464811	0.0261175	0.00907653
0.490646	0.00485964	0.00451195
0.0254243	0.233555	0.241024
0.283209	0.203623	0.0131911
0.0434803	0.00310484	0.453428
0.00438385	0.145895	0.349725
0.120462	0.319669	0.0598875
0.182516	0.193833	0.123654
0.158017	0.174889	0.167098
0.344464	0.0602185	0.0953236
0.123909	0.057454	0.31864
0.384064	0.109187	0.00676459
0.206109	0.249853	0.0440553
0.0873831	0.159821	0.252798
0.332289	0.149462	0.0182615
0.043619	0.40624	0.0501425
0.409203	0.0123348	0.0784673
0.484438	0.0147785	0.000787276
0.439251	0.0184248	0.0423263
0.00913884	0.478075	0.0127909
0.0205344	0.416259	0.0632119
0.377741	0.00735841	0.114917
0.0825261	0.0727043	0.344776
0.263779	0.0373645	0.198864
0.0610145	0.147967	0.291023
0.154993	0.162995	0.182016
0.110022	0.130709	0.259277
0.0687401	0.326358	0.104904
0.0124248	0.340745	0.146834
0.265622	0.0736015	0.160781
0.242467	0.228385	0.0291681
0.177096	0.0198707	0.303037
0.399209	0.0507661	0.0500328
0.174251	0.122885	0.202887
0.454567	0.0283632	0.0170755
0.209645	0.191847	0.0985197
0.0103629	0.461835	0.0278076
0.225451	8.51778e-05	0.274468
0.0546423	0.0039019	0.441471
0.44587	0.0518488	0.00229531
0.00173673	0.0441975	0.45407
0.139866	0.0519462	0.308195
0.373226	0.0791724	0.0476169
0.167001	0.125789	0.207217
0.176945	0.0997466	0.223311
0.102553	0.332343	0.0651058
0.0926331	0.398131	0.00924104
0.368811	0.0947153	0.0364775
0.0311858	0.207722	0.261094
0.294652	0.113183	0.0921761
0.237401	0.134076	0.128525
0.0409142	0.275138	0.18395
0.190938	0.178222	0.130842
0.137393	0.144487	0.218126
0.0626768	0.412473	0.0248654
0.0916077	0.303491	0.104904
0.292572	0.166992	0.0404423
0.38961	0.101891	0.00850431
0.327418	0.138827	0.0337584
0.0390537	0.457487	0.00347152
0.223925	0.0278728	0.248212
0.239084	0.0858219	0.175101
0.130236	0.0399526	0.329816
0.396884	0.0160818	0.0870364
0.00566765	0.494335	0
0.250607	0.140863	0.108533
0.301635	0.127148	0.0712209
0.00311318	0.138743	0.358155
0.0712661	0.347078	0.0816608
0.0242755	0.422947	0.0527813
0.00951953	0.469639	0.0208555
0.247817	0.235942	0.0162668
0.0636735	0.0639152	0.372418
0.195704	0.238632	0.065668
0.415397	0.0382314	0.0463864
0.423243	0.00110471	0.0756547
0.411543	0.0337128	0.0547663
0.477403	0.000317652	0.0222873
0.0491923	0.255705	0.195115
0.289171	0.116467	0.0943722
0.221562	0.261835	0.0166203
0.0364039	0.0565264	0.407074
0.304677	0.123869	0.0714557
0.0378877	0.0338304	0.428296
0.114671	0.351574	0.0337584
0.00423752	0.485611	0.0101582
0.320195	0.0828165	0.096994
0.0234988	0.00925704	0.467246
0.0751826	0.0103865	0.414447
0.07422	0.364003	0.0617837
0.0898406	0.215039	0.195125
0.147706	0.0538808	0.298418
0.00656441	0.435979	0.0574625
0.215323	0.182344	0.102335
0.142449	0.0570217	0.300547
0.470431	0.000959801	0.0286208
0.292094	0.11574	0.0921759
0.0811117	0.395223	0.0236694
0.00896133	0.489072	0.00196963
0.0982726	0.265362	0.136378
0.434069	0.0557574	0.0101772
0.392881	0.102746	0.00437801
0.0333898	0.0317898	0.434834
0.0286843	0.00997599	0.461342
0.0124366	0.00158153	0.485989
0.0164991	0.00573816	0.477764
0.127472	0.0471932	0.325339
0.0799618	0.389427	0.0306167
0.188646	0.284806	0.0265504
0.218324	0.0682578	0.213421
0.0842628	0.136433	0.279309
0.313656	0.077539	0.108808
0.419536	0.00641918	0.0740465
0.100651	0.267097	0.13227
0.0669288	0.330375	0.102699
0.114775	0.0532186	0.332009
0.0701445	0.345418	0.0844408
0.199063	0.0471185	0.25382
0.0796731	0.0224909	0.39785
0.162309	0.151493	0.186202
0.188556	0.209913	0.101533
0.0188515	0.451892	0.0292667
0.00313605	0.139762	0.357105
0.339088	0.132912	0.0280022
0.0777777	0.35836	0.0638675
0.319005	0.0637009	0.117298
0.0404227	0.271832	0.187747
0.18032	0.294828	0.0248609
0.0869552	0.0120129	0.401047
0.218471	0.197619	0.0839143
0.0174325	0.291821	0.203137
0.0455634	0.424349	0.0300967
0.00382203	0.0612625	0.43493
0.0749518	0.367592	0.0574625
0.054271	0.0539379	0.3918
0.302405	0.0339308	0.163668
0.0558045	0.37862	0.0655779
0.451206	0.0369619	0.0118609
0.133918	0.0536066	0.312485
0.0839037	0.297928	0.118173
0.0566403	0.0250072	0.418369
6.99125e-05	0.00183464	0.498097
0.0733031	0.236531	0.190173
0.0592942	0.0560236	0.384703
0.0226761	0.449521	0.0278076
0.162554	0.119325	0.218126
0.0511499	0.0521031	0.396749
0.238212	0.0884717	0.173323
0.189444	0.142694	0.16787
0.0177392	0.00123442	0.481032
0.00915833	0.471393	0.0194528
0.0125009	0.0141918	0.473315
0.0522957	0.442781	0.00492455
0.0760887	0.28051	0.143406
0.0441651	0.288104	0.167732
0.112424	0.353821	0.0337584
0.0138399	0.24113	0.245034
0.384842	0.0321726	0.0830158
0.0658392	0.0679768	0.366188
0.148619	0.139034	0.212353
0.123977	0.118036	0.257992
0.339576	0.025236	0.135194
0.0277346	0.0109257	0.461342
0.153476	0.14889	0.197639
0.164276	0.257261	0.0784672
0.0659461	0.430189	0.00386849
0.0903828	0.216336	0.193293
0.212177	0.248453	0.0393743
0.0722751	0.391251	0.0364775
0.315318	0.0873716	0.0973134
0.012881	0.0456628	0.441468
0.169043	0.0680349	0.262932
0.00146766	0.0945295	0.404018
0.055196	0.371179	0.0736266
0.11173	0.360525	0.0277525
0.0605853	0.0157022	0.423745
0.120792	0.0538731	0.325338
0.093948	0.266331	0.139761
0.187136	0.0384007	0.274468
0.474941	0.0100731	0.0149911
0.0219852	0.38488	0.0931416
0.0528861	0.437472	0.00964895
0.27206	0.105682	0.122259
0.0338922	0.0407066	0.42542
0.150678	0.314639	0.0346936
0.276227	0.209178	0.0146085
0	0	0.500001
0.315986	0.144094	0.0399293
0.0947982	0.289487	0.115721
0.0782991	0.122026	0.299683
0.0262251	0.100195	0.373588
0.00297278	0.214906	0.287262
0.222502	0.0444217	0.23308
0.341761	0.116365	0.0418777
0.303995	0.0243057	0.171706
0.27111	0.0902876	0.141754
0.0130846	0.27602	0.210903
0.0473417	0.394929	0.0577391
0.35375	0.0227434	0.123523
0.0497424	0.414956	0.0353076
0.012949	0.456031	0.031029
0.00416189	0.447246	0.0485931
0.0965704	0.0368767	0.36657
0.0620234	0.404737	0.0332451
0.0842593	0.323939	0.0918152
0.383613	0.0487451	0.0676559
0.151494	0.186773	0.16176
0.111692	0.31671	0.0716043
0.120172	0.361296	0.0185422
0.0625836	0.259002	0.178418
0.451826	0.00223337	0.0459452
0.116117	0.299649	0.084241
0.187795	0.181741	0.130468
0.05366	0.0658426	0.380507
0.00521406	0.463186	0.0316035
0.00147594	0.0181134	0.480422
0.0143685	0.241091	0.244553
0.0332765	0.0127071	0.454047
0.433548	0.0512581	0.0151994
0.015643	0.0187883	0.465571
0.425003	0.0721675	0.00284219
0.044755	0.440926	0.0143253
0.482422	0.000944168	0.0166377
0.236216	0.0401105	0.223683
0.0199675	0.468791	0.0112511
0.278122	0.000819956	0.221092
0.210868	0.26403	0.0270591
0.178518	0.156134	0.165375
0.00973008	0.22844	0.261842
0.387198	0.0755637	0.0372412
0.0791893	0.0347872	0.386031
0.143984	0.174028	0.181996
0.358097	0.139087	0.00282096
0.0439427	0.125181	0.330879
0.170674	0.00295524	0.326376
0.00163073	0.0608839	0.43749
0.0346053	0.375406	0.0899925
0.200047	0.0615467	0.238412
0.0209225	0.0363201	0.442762
0.0618413	0.208155	0.230006
0.0549063	0.369397	0.0757039
0.0287421	0.302667	0.168609
0.00604172	0.155443	0.338522
0.242156	0.000115316	0.258348
0.13974	0.168898	0.191369
0.0985772	0.340173	0.0612554
0.137131	0.19117	0.171707
0.334344	0.0652488	0.100411
0.0128794	0.0864423	0.400689
0.254287	0.107387	0.138334
0.0821696	0.00922497	0.408609
0.027879	0.345434	0.126692
0.00829393	0.179531	0.312179
0.3913	0.105504	0.00319952
0.14902	0.202814	0.148232
0.213637	0.281091	0.0053059
0.0897703	0.0164667	0.393772
0.0910731	0.314278	0.0946548
0.0774774	0.219452	0.20308
0.161036	0.0295432	0.309425
0.108717	0.335473	0.0558141
0.215762	0.0587545	0.225485
0.0164317	0.164856	0.318725
0.369895	0.0240433	0.106067
0.130153	0.173498	0.196355
0.375352	0.111105	0.0135472
0.0690638	0.423046	0.00789532
0.00382756	0.43169	0.0644894
0.157071	0.066402	0.276537
0.00124188	0.490399	0.0083627
0.129027	0.0252026	0.345772
0.166544	0.0779344	0.255525
0.412844	0.0545604	0.0326001
0.0865358	0.196007	0.217461
0.373491	0.11974	0.00677341
0.169211	0.252286	0.0785087
0.0813017	0.246998	0.171705
0.139917	0.212659	0.147434
0.124434	0.170501	0.205071
0.00339439	0.0408713	0.455752
0.180733	0.0540641	0.265261
0.348573	0.14736	0.00407059
0.140614	0.200104	0.159285
0.0401114	0.0409811	0.418913
0.0238131	0.399563	0.0766354
0.20238	0.0145549	0.283135
0.43846	0.0407297	0.0208156
0.2975	0.105578	0.0969345
0.267177	0.0942209	0.141753
0.162743	0.284754	0.0525071
0.227686	0.224808	0.0475534
0.0312712	0.044124	0.424613
0.000153575	0.495124	0.00472819
0.173819	0.304133	0.0220529
0.0157126	0.0142014	0.470119
0.248773	0.113056	0.138177
0.492246	0.0021815	0.00561431
0.23063	0.205	0.0643866
0.0376933	0.0347667	0.427588
0.0717815	0.0693874	0.358845
0.174387	0.0521666	0.273529
0.00117425	0.0848879	0.41394
0.243194	0.223089	0.0337687
0.115493	0.177643	0.206869
0.398943	0.0155548	0.0855195
0.417334	0.0708651	0.0118392
0.00723554	0.000985587	0.491793
0.228754	0.0966046	0.174649
0.407208	0.00727856	0.0855173
0.182745	0.0642333	0.253027
0.193172	0.207992	0.0988386
0.420314	0.0120428	0.0676557
0.19505	0.235749	0.0692084
0.33025	0.0986305	0.0742611
0.185691	0.0654907	0.248827
0.290268	0.056763	0.15297
0.3265	0.063718	0.109785
0.0159787	0.348826	0.135203
0.0936034	0.131451	0.274948
0.0160766	0.161293	0.322643
0.0665997	0.0922404	0.341171
0.114883	0.33347	0.0516521
0.0320497	0.442996	0.0249598
0.00700033	0.248291	0.244719
0.220665	0.274053	0.0053058
0.0585435	0.110581	0.330881
0.065994	0.418504	0.0155044
0.207528	0.231797	0.0607233
0.321608	0.114079	0.0643361
0.404824	0.0816554	0.0135272
0.105019	0.315554	0.0794405
0.256962	0.0560669	0.186973
0.052003	0.127453	0.320547
0.0327359	0.356046	0.111222
0.0369676	0.380685	0.0823533
0.00141617	0.0151393	0.483471
0.117595	0.353034	0.0293762
0.0581093	0.0209507	0.42095
0.0599902	0.134235	0.305784
0.0494739	0.384684	0.0658471
0.291403	0.0573466	0.151311
0.294786	0.108745	0.0964724
0.444066	0.0221794	0.033766
0.492712	0.00516238	0.00212961
0.132611	0.169966	0.197591
0.0489208	0.146994	0.30409
0.0342203	0.102823	0.362963
0.235212	0.0632753	0.20152
0.218245	0.078686	0.203081
0.443047	0.0189045	0.0380532
0.00908199	0.0012371	0.489693
0.364132	0.080635	0.0552443
0	0.426499	0.0735091
0.00861399	0.484042	0.00735985
0.476299	0.00878824	0.014918
0.286972	0.108848	0.104183
0.00891528	0.388031	0.10306
0.122731	0.268199	0.109074
0.190246	0.287069	0.022688
0.479089	0.00212319	0.018829
0.248365	0.067365	0.184277
0.0555908	0.372483	0.0719335
0.0320445	0.342566	0.12541
0.158998	0.0703845	0.270625
0.0797484	0.328448	0.0918149
0.401074	0.0854041	0.0135272
0.0922969	0.254734	0.15297
0.00857332	0.481757	0.00967736
0.0745576	0.104704	0.320741
0.00856263	0.185348	0.306093
0.322191	0.00594478	0.171869
0.0351291	0.0323636	0.432513
0.260831	0.115662	0.123523
0.164333	0.151396	0.184276
0.282005	0.0223529	0.19866
0.0887063	0.350579	0.0607178
0.346173	0.0675573	0.0862735
0.457659	0.0271475	0.0151994
0.1074	0.331409	0.0611967
0.256573	0.0584182	0.188145
0.0584219	0.309027	0.132556
0.140641	0.194815	0.164548
0.0358665	0.0488141	0.415379
0.282238	0.0202983	0.197471
0.0261477	0.0812622	0.392596
0.0811051	0.376305	0.0426026
0.0537593	0.147229	0.299034
0.053082	0.337803	0.109122
0.00174914	0.00860233	0.489659
0.0221352	0.0971648	0.380707
0.0368179	0.0335507	0.42964
0.0178269	0.424334	0.058296
0.0851335	0.257812	0.157061
0.262825	0.0308812	0.2063
0.099606	0.00382523	0.396599
0.00767422	0.486561	0.00578604
0.451477	0.00768148	0.0408662
0.214392	0.0017651	0.283862
0.234533	0.213721	0.0517535
0.1071	0.39041	0.00250202
0.0333974	0.171587	0.295036
0.0302711	0.468196	0.00154267
0.166957	0.325949	0.00710381
0.159091	0.197119	0.143803
0.164101	0.0443634	0.291557
0.435218	0.0184626	0.0463253
0.28817	0.0784101	0.133451
0.414221	0.0620014	0.0237867
0.0206282	0.349263	0.130135
0.0345104	0.0907322	0.374762
0.494319	0.0054903	0.00019974
0.0422242	0.146745	0.311048
0.104649	0.277435	0.117945
0.392889	0.0352696	0.0718513
0.0229407	0.474462	0.0026144
0.0627086	7.48268e-05	0.437227
0.0234119	0.0727599	0.403833
0.319573	0.166583	0.0138478
0.0877333	0.0022484	0.410032
0.127493	0.251762	0.120754
0.444272	0.0131452	0.0426032
0.0193105	0.0600136	0.420681
0.155809	0.120093	0.224109
0.0691761	0.217956	0.212897
0.0724901	0.372802	0.0551631
0.0563677	0.247432	0.196208
0.228149	0.0401211	0.231748
0.147624	0.27419	0.0781985
0.0504841	0.117478	0.332058
0.177962	0.13954	0.182506
0.406813	0.0246978	0.0685098
0.161639	0.200277	0.138096
0.0591245	0.435409	0.00548325
0.257603	0.160851	0.0815534
0.114002	0.351791	0.0342194
0.22997	0.221136	0.048903
0.0564317	0.414997	0.0285902
0.347923	0.0658113	0.0862861
0.11871	0.330642	0.0937593
0.429447	0.0705679	0
0.37597	0.0184439	0.105597
0.067419	0.316897	0.115692
0.0857328	0.167376	0.246907
0.0257703	0.137634	0.336611
0.143835	0.176473	0.179707
0.32365	0.157583	0.0187975
0.0266508	0.0294432	0.443921
0.0187302	0.00168141	0.479599
0.382685	0.0676508	0.0496714
0.389046	0.0749622	0.0379204
0.328086	0.119215	0.0527401
0.00237701	0.150707	0.34694
0.149787	0.204982	0.145239
0.0784996	0.420219	0.00128804
0.0216412	0.366414	0.111955
0.421266	0.0692236	0.00952465
0.189291	0.036473	0.274242
0.172565	0.0626832	0.264772
0.0598906	0.111243	0.328874
0.477701	0.0202648	0.00203981
0.152524	0.320553	0.0269302
0.238497	0.244142	0.0173689
0.0252405	0.107469	0.367303
0.248713	0.226642	0.024655
0.170395	0.0877839	0.241827
0.196194	0.086669	0.217149
0.279337	0.0582241	0.162446
0.0400893	0.459897	2.35793e-05
0.192007	0.286446	0.0215898
0.013509	0.0137039	0.472795
0.26101	0.0464824	0.192516
0.217849	0.26166	0.0205115
0.0120345	0.0216865	0.466297
0.0611797	0.268956	0.16987
0.00292412	0.440458	0.0566279
0.00929581	0.399157	0.0915603
0.175324	0.064379	0.260315
0.220094	0.264356	0.0155669
0.36971	0.0487482	0.0815542
0.199041	0.209928	0.0910428
0.303271	0.0949759	0.101785
0.245948	0.0536564	0.200411
0.397067	0.0544678	0.0484696
0.0191021	0.392179	0.0887387
0.237808	0.0118407	0.25544
0.0422451	0.0980525	0.359721
0.485456	0.00620866	0.00836259
0.0354408	0.111545	0.353029
0.00279441	0.186001	0.311216
0.00878982	0.173575	0.317655
0.185726	0.182019	0.132261
0.00585174	0.17774	0.316428
0.126817	0.124286	0.248906
0.306035	0.0391078	0.155027
0.142075	0.302507	0.05543
0.225824	0.0380982	0.236094
0.247136	0.027209	0.225673
0.132622	0.193654	0.173739
0.112343	0.288564	0.0991047
0.135972	0.1889	0.175137
0.0427485	0.00823687	0.449036
0.00289207	0.492825	0.00430562
0.335431	0.0589873	0.105598
0.204385	0.0112469	0.284387
0.400225	0.0513111	0.0484697
0.342761	0.0427442	0.1145
0.134222	0.282757	0.0830411
0.0192987	0.405297	0.0754262
0.0229521	0.153315	0.323752
0.132072	0.181808	0.186128
0.403823	0.0362512	0.0599337
0.0143942	0.335668	0.149962
0.0276467	0.131985	0.340475
0.0908698	0.309351	0.101482
0.337721	0.0781123	0.0841894
0.0971081	0.298425	0.104475
0.243342	0.00934522	0.252401
0.140357	0.295695	0.0639646
0.314818	0.0606598	0.12453
0.245862	0.0916964	0.162445
0.0464586	0.000201207	0.453358
0.354861	0.0194567	0.125698
0.181954	0.29632	0.0217715
0.183542	0.187887	0.128578
0.224847	0.237929	0.0372393
0.128745	0.271233	0.100043
0.463726	0.0175066	0.0187975
0.130288	0.0149192	0.354803
0.125773	0.0156557	0.358718
0.000288002	0.00089817	0.49882
0.119674	0.133012	0.252399
0.109112	0.373127	0.0177907
0.469947	0.0262847	0.00378379
0.107025	0.134287	0.258709
0.0977253	0.304997	0.0972896
0.293283	0.206722	0
0.458292	0.0115063	0.0302165
0.174743	0.090024	0.235243
0.420412	0.0711325	0.00846139
0.457818	0.0252122	0.0169857
0.0946648	0.291019	0.11432
0.255197	0.121595	0.123214
0.153798	0.0732809	0.272925
0.0796429	0.40947	0.0109007
0.243858	0.122611	0.133561
0.0357831	0.0979601	0.366287
0.123206	0.357756	0.0190533
0.357793	0.0745773	0.0676336
0.0481626	0.24007	0.211788
0.385986	0.108431	0.00559446
0.340276	0.0423562	0.117517
0.310806	0.0240202	0.165194
0.360673	0.0562968	0.0830434
0.331671	0.0232795	0.145092
0.474537	0.0178965	0.00758164
0.0572385	0.174377	0.268394
0.0634348	0.404406	0.0321725
0.251981	0.234471	0.0135529
0.188996	0.0938682	0.21715
0.253428	0.127423	0.119183
0.048631	0.446413	0.00496663
0.0187451	0.446192	0.0350865
0.485095	0.0143531	0.000572661
0.0219216	0.36414	0.113971
0.227122	0.206967	0.0659193
0.00743363	0.471308	0.0212816
0.041149	0.311122	0.147748
0.268797	0.130407	0.102498
0.00324714	0.496421	0.000349891
0.250457	0.00772393	0.241829
0.273171	0.128856	0.0980039
0.246264	0.115655	0.138097
0.0757499	0.235417	0.188842
0.0398195	0.457038	0.00315772
0.0144299	0.00898158	0.476601
0.366245	0.131639	0.00212687
0.188956	0.0939072	0.217149
0.268128	0.127756	0.104139
0.0416958	0.452539	0.00578602
0.0943605	0.230586	0.175063
0.0431141	0.453743	0.00315772
0.456768	0.00152859	0.0417348
0.00749969	0.48677	0.00575354
0.223956	0.0513535	0.224714
0.0402805	0.0444027	0.415351
0.393578	0.0106433	0.0957926
0.31299	0.0623569	0.124676
0.0298074	0.469175	0.00103451
0.0758632	0.360013	0.0641464
0.11239	0.00593507	0.381688
0.382863	0.0578164	0.0593372
0.000866745	0.0130777	0.486073
0.00184372	0.0222988	0.47588
0.20443	0.210255	0.085348
0.243286	0.156027	0.100711
0.038457	0.45264	0.00891333
0.430963	0.0191699	0.0498801
0.0973251	0.380302	0.0223843
0.284903	0.0467573	0.168356
0.152404	0.146452	0.201157
0.138518	0.332069	0.0294313
0.493179	0.00246331	0.00436116
0.46754	0.00775351	0.0247254
0.20048	0.291879	0.00766656
0.139336	0.286557	0.0741116
0.13076	0.00323319	0.366013
0.00139314	0.183264	0.315357
0.0709963	0.0226065	0.406425
0.448649	0.0382864	0.0130811
0.409067	0.0346192	0.0563373
0.0504629	0.200012	0.249554
0.166225	0.326829	0.00696102
0.00635191	0.490384	0.00327132
0.34634	0.131087	0.0225964
0.366026	0.13398	0
0.289419	0.0794688	0.131137
0.061155	0.250174	0.188696
0.143468	0.0666492	0.289906
0.034948	0.0423357	0.422737
0.0956604	0.02735	0.377009
0.0246825	0.168314	0.307016
0.0540017	0.237373	0.208632
0.000950471	0.00537628	0.493685
0.0865946	0.344558	0.068865
0.225643	0.260343	0.0140477
0.319434	0.0976831	0.0829117
0.0576116	0.118118	0.324274
0.00716565	0.177511	0.315391
0.115419	0.0244576	0.360135
0.0324191	0.235012	0.232591
0.235703	0.151359	0.112947
0.0120474	0.308363	0.179656
0.126234	0.25377	0.120025
0.0425089	0.423902	0.0336092
0.399319	0.0528705	0.0478459
0.421118	0.0286914	0.0501989
0.0506294	0.137844	0.311543
0.120553	0.0356416	0.343826
0.371328	0.0821123	0.0466126
0.304632	0.0852685	0.110108
0.412372	0.0189961	0.0686599
0.0119144	0.0190876	0.469016
0.0156166	0.191985	0.292421
0.0731904	0.00624585	0.435535
0.084174	0.411302	0.00453773
0.0161073	0.198017	0.285893
0.267609	0.049034	0.183402
0.0267308	0.403324	0.0699648
0.213259	0.070894	0.215861
0.16289	0.313276	0.0238507
0.0254524	0.460569	0.0140088
0.0743568	0.29698	0.128689
0.150232	0.173336	0.176462
0.0235502	0.102062	0.3744
0.237399	0.0640687	0.198549
0.166311	0.0364791	0.297237
0.417292	0.0764602	0.00628026
0.0144859	0.446962	0.0386004
0.183677	0.226509	0.0898288
0.0812125	0.138886	0.279914
0.0800763	0.41822	0.00172678
0.193588	0.270866	0.03555
0.00336492	0.442644	0.0540042
0.101369	0.127043	0.271603
0.115786	0.227658	0.156571
0.0210349	0.0320213	0.446963
0.315427	0.104857	0.0797344
0.47728	0.0174667	0.00531246
0.117783	0.216246	0.165981
0.255498	0.164404	0.0801016
0.473229	0.0217996	0.00500301
0.277504	0.00432752	0.218195
0.0664811	0.267622	0.165908
0.220817	0.0644064	0.214791
0.29421	0.118574	0.0872204
0.0334055	0.221814	0.244808
0.0916679	0.143763	0.264572
0.249533	0.171873	0.0785974
0.246317	0.11542	0.138288
0.0339885	0.159008	0.307017
0.0902259	0.0160664	0.393715
0.0293518	0.0402295	0.430425
0.299546	0.0885609	0.1119
0.103975	0.121721	0.274331
0.230244	0.0144516	0.255313
0.0438791	0.0667228	0.389443
0.207465	0.0592254	0.233319
0.123437	0.0345508	0.342034
0.00498994	0.352136	0.142889
0.161059	0.203119	0.135849
0.324093	0.0716593	0.104257
0.437546	0.0493907	0.0130811
0.128753	0.367134	0.00412531
0.0731936	0.126168	0.30065
0.00880218	0.162479	0.328724
0.00263668	0.346846	0.15053
0.445461	0.0198147	0.0347366
0.280043	0.0459597	0.174033
0.159906	0.299863	0.0402384
0.00396647	0.387191	0.108852
0.147145	0.336351	0.018808
0.0149775	0.436242	0.0487881
0.339426	0.100478	0.0601335
0.0883913	0.391446	0.0201689
0.0167886	0.0255288	0.457696
0.342771	0.0375666	0.119684
0.0184862	0.43275	0.04879
0.0521908	0.281913	0.165909
0.0101424	0.153032	0.336842
0.070067	0.0781999	0.351758
0.0458173	0.179015	0.275184
0.30712	0.0637724	0.12912
0.329212	0.142068	0.0287882
0.128001	0.257322	0.114708
0.045062	0.0115393	0.443473
0.0897129	0.356966	0.0533261
0.0846235	0.413499	0.00189319
0.484404	0.00821831	0.0074008
0.121689	0.244634	0.133694
0.439902	0.0054829	0.0546523
0.374645	0.10834	0.0170414
0.277115	0.0792291	0.143676
0.0070592	0.319408	0.173613
0.135377	0.0286868	0.335945
0.258507	0.207087	0.034416
0.0306904	0.0153249	0.453988
0.125509	0.0232915	0.351208
0.00461899	0.0960731	0.399321
0.262092	0.0229666	0.214974
0.297191	0.0878645	0.114954
0.0183974	0.467624	0.0140088
0.0527789	0.0906074	0.356619
0.135912	0.277234	0.08686
0.33626	0.125834	0.0379155
0.0633677	0.0139166	0.422741
0.322381	0.120266	0.0573587
0.219105	0.265422	0.015507
0.107977	0.315069	0.0797256
0.149861	0.304625	0.0455309
0.231898	0.0300748	0.238049
0.353104	0.0858793	0.0610422
0.101229	0.028942	0.369849
0.0618616	0.179657	0.258494
0.0780242	0.370268	0.0517352
0.124412	0.202443	0.173157
0.0988913	0.21933	0.181799
0.362295	0.100919	0.0367925
0.0649382	0.141273	0.293796
0.269181	0.0703796	0.160507
0.173144	0.23361	0.0932726
0.100763	0.154457	0.244809
0.175066	0.0563277	0.268634
0.00452364	0.0940899	0.401395
0.0485703	0.192511	0.258948
0.220193	0.0732844	0.206528
0.179482	0.302227	0.0183004
0.209297	0.274511	0.0162224
0.355938	0.118325	0.0257496
0.35066	0.108477	0.0408819
0.189705	0.303549	0.00676689
0.0303804	0.455628	0.0140085
0.275189	0.0814622	0.143368
0.147134	0.336325	0.0188468
0.249278	0.0551171	0.195619
0.0149753	0.426335	0.0587152
0.483641	0.00898863	0.0074009
0.0203924	0.0159922	0.463624
0.0783257	0.138427	0.283262
0.251284	0.0555607	0.193163
0.0563303	0.292286	0.151421
0.055575	0.113942	0.330487
0.156773	0.246051	0.0971814
0.11813	0.347586	0.034298
0.00618012	0.163337	0.330487
0.128815	0.374081	0
0.139926	0.00345985	0.356619
0.206932	0.242248	0.0508474
0.37699	0.0636894	0.0593372
0.462751	0.00552678	0.0317287
0.449433	0.0132952	0.037282
0.0507866	0.116217	0.333008
0.0490812	0.00145183	0.449482
0.0140127	0.429526	0.0564698
0.123268	0.264478	0.112269
0.0459074	0.324346	0.129752
0.071753	0.245839	0.182428
0.00840126	0.0643702	0.427232
0.235846	0.257945	0.00621699
0.0198944	0.01952	0.460601
0.127411	0.0524001	0.320197
0.122442	0.356995	0.0205759
0.132396	0.0140942	0.353525
0.0247877	0.184144	0.291082
0.0652664	0.180436	0.254317
0.163478	0.0785619	0.257965
0.334934	0.0256862	0.139392
0.00439525	0.151296	0.344316
0.0774082	0.235995	0.186601
0.0895357	0.0266492	0.383821
0.0562125	0.440959	0.00283029
0.48299	0.0130773	0.00393643
0.153297	0.190522	0.156196
0.139824	0.291088	0.0690944
0.345157	0.12095	0.0339085
0.0378343	0.0987203	0.363449
0.171608	0.10321	0.22519
0.230765	0.252371	0.0168672
0.0467959	0.377427	0.0757799
0.0058234	0.170394	0.323786
0.0950187	0.033441	0.371545
0.0615961	0.418654	0.0197579
0.0536252	0.0326188	0.413759
0.0513574	0.0679298	0.380723
0.0102904	0.480403	0.00930912
0.417061	0.00519543	0.0777488
0.0186096	0.458746	0.0302085
0.13345	0.0155821	0.350977
0.0348756	0.270401	0.194728
0.0694289	0.135921	0.294665
0.299299	0.127618	0.0730921
0.0328438	0.449548	0.0176103
0.0158835	0.0485573	0.43557
0.103287	0.387082	0.00963514
0.00265768	0.48451	0.0128561
0.100793	0.348882	0.050328
0.110169	0.298146	0.0916869
0.100336	0.330091	0.0695979
0.319083	0.093351	0.0875723
0.304501	0.194095	0.00140847
0.0863538	0.298902	0.114749
0.221879	0.242653	0.0354707
0.0742971	0.41285	0.0128555
0.0263815	0.00886956	0.464766
0.330005	0.0351305	0.134869
0.421363	0.0441203	0.0345203
0.261686	0.175231	0.0636906
0.256755	0.0952219	0.148034
0.0618201	0.371044	0.0671414
0.000633675	0.0295827	0.469796
0.0020108	0.470069	0.0279231
0.177952	0.0421641	0.279889
0.271432	0.126954	0.101621
0.0099356	0.217014	0.273077
0.0282788	0.0286931	0.443046
0	0.493973	0.00603886
0.240418	0.0244394	0.235149
0.0603513	0.392115	0.0475447
0.473175	0.00208223	0.0247462
0.391294	0.0712746	0.037438
0.115557	0.230717	0.153749
0.489149	0.010856	0
0.0458533	0.171546	0.282608
0.0266023	0.364117	0.109293
0.202238	0.0971888	0.200577
0.238763	0.113212	0.148033
0.378783	0.104468	0.0167553
0.279189	0.0229224	0.197894
0.217325	0.166473	0.116213
0.363739	0.0483044	0.0879679
0.117854	0.0711849	0.310966
0.0400286	0.306249	0.153751
0.162312	0.021555	0.316144
0.0182305	0.0060161	0.475757
0.316283	0.117299	0.066428
0.206649	0.079359	0.213996
0.0393756	0.293694	0.166946
0.0139014	0.255565	0.230539
0.172279	0.0546688	0.273076
0.181454	0.109661	0.208888
0.0153169	0.313772	0.170925
0.14253	0.334589	0.0228851
0.10674	0.278515	0.114749
0.38285	0.0675453	0.0496215
0.0467347	0.274881	0.178387
0.15436	0.0616714	0.283979
0.184492	0.155495	0.160025
0.254674	0.223976	0.0213731
0.0269253	0.20876	0.264326
0.0492962	0.397593	0.0531148
0.355942	0.0837627	0.0602991
0.0969297	0.00644954	0.396641
0.0241094	0.131582	0.344316
0.00545462	0.164536	0.330036
0.341296	0.136648	0.0220623
0.17324	0.0225819	0.304182
0.113627	0.34569	0.0406859
0.436306	0.018591	0.0451204
0.0664749	0.0402849	0.39526
0.00668805	0.00220962	0.491118
0.194053	0.142593	0.16336
0.0554015	0.201392	0.243219
0.410419	0.0508676	0.0387203
0.00303523	0.0888116	0.408157
0.00974944	0.125946	0.364324
0.0815071	0.0289469	0.38955
0.145362	0.147492	0.207155
0.27784	0.158553	0.0636142
0.0137852	0.111403	0.374837
0.259107	0.177286	0.0636142
0.000444274	0.0136182	0.485946
0.243611	0.0755988	0.180793
0.0158053	0.233489	0.250741
0.251676	0.0792632	0.169067
0.407345	0.0455969	0.0470618
0.0411346	0.0395289	0.419339
0.0356808	0.437684	0.0266496
0.0404732	0.317127	0.142404
0.301869	0.197442	0.000692339
0.225969	0.145495	0.128541
0.110864	0.038777	0.350365
0.129915	0.338913	0.0311919
0.0227585	0.44795	0.0293053
0.475054	0.000203547	0.0247462
0.093979	0.227637	0.178387
0.0214376	0.433723	0.0448518
0.266506	0.162617	0.0708956
0.443308	0.0261915	0.0305334
0.324314	0.0378506	0.137843
0.14398	0.286981	0.0690519
0.440183	0.0493548	0.0104685
0.0615496	0.21946	0.218996
0.00020201	0.0191623	0.48065
0.0116682	0.0874771	0.400858
0.211237	0.231014	0.0577585
0.212664	0.165147	0.122212
0.0269323	0.347917	0.125171
0.198268	0.000103607	0.301633
0.188784	0.202904	0.108319
0.169451	0.110832	0.21972
0.00431102	0.000794696	0.494908
0.2156	0.165151	0.119258
0.202488	0.124221	0.173294
0.293393	0.101256	0.105368
0.0763416	0.342386	0.0812894
0.010982	0.0851467	0.403875
0.160379	0.0560745	0.283563
0.264563	0.133036	0.102408
0.360703	0.110404	0.0288972
0.169836	0.156873	0.173295
0.0107233	0.211064	0.27823
0.288474	0.21152	1.0823e-05
0.118918	0.310223	0.0708797
0.165951	0.160758	0.173295
0.0191101	0.391478	0.0894297
0.377584	0.0797565	0.0426707
0.00610318	0.187079	0.306824
0.232474	0.152053	0.115473
0.309646	0.18894	0.0014167
0.310788	0.0917804	0.0974349
0.226305	0.0624148	0.211298
0.34334	0.141205	0.0154626
0.186617	0.0756379	0.239272
0.0840009	0.0250018	0.391003
0.396067	0.0190012	0.0849371
0.429641	0	0.0703652
0.0403982	0.316903	0.1427
0.289635	0.185148	0.0252211
0.0311107	0.367272	0.101621
0.180376	0.0731087	0.246519
0.0183471	0.401136	0.0805267
0.0818292	0.403322	0.0148595
0.283202	0.00981352	0.206987
0.0300323	0.415113	0.0548578
0.369211	0.0881622	0.0426282
0.0310426	0.203288	0.265682
0.106822	0.369751	0.023429
0.38608	0.00599758	0.107926
0.19886	0.00287977	0.29828
0.398474	0.0996275	0.00190285
0.351618	0.0368174	0.11157
0.325427	0.0367405	0.137844
0.182997	0.203499	0.113507
0.091571	0.295906	0.117675
0.350713	0.0889908	0.0602991
0.0207193	0.407813	0.0714849
0.128797	0.145233	0.225983
0.163969	0.0403124	0.296284
0.00550828	0.00730708	0.487193
0.291486	0.00750222	0.20102
0.0376103	0.0112578	0.452039
0.021269	0.151816	0.326919
0.0877254	0.0738599	0.338425
0.397145	0.0746873	0.0281737
0.124266	0.00581063	0.369932
0.0994585	0.32761	0.0729445
0.0111759	0.487822	0.00101639
0.281045	0.164088	0.0548772
0.0135353	0.13064	0.355838
0.0170351	0.456114	0.0268715
0.201091	0.294997	0.00392187
0.256426	0.0283006	0.215284
0.0199554	0.0186266	0.461438
0.0185993	0.471624	0.00979853
0.0104784	0.101079	0.388456
0.0041535	0.0231799	0.472677
0.0588449	0.140254	0.300913
0.471158	0.00696976	0.0218837
0.0847674	0.126654	0.28859
0.33843	0.0914621	0.070122
0.140686	0.277197	0.0821307
0.0450148	0.311542	0.144291
0.0433908	0.357567	0.0990526
0.277937	0.162273	0.0598002
0.209391	0.0558153	0.234808
0.492111	0.00662723	0.00127365
0.0558538	0.238052	0.206109
0.257307	0.0439724	0.198722
0.0657597	0.114986	0.319269
0.115808	0.00298065	0.381223
0.382311	0.110028	0.00767213
0.199041	0.0518381	0.249125
0.103773	0.362844	0.0333993
0.0246822	0.0468497	0.428505
0.486011	0.012717	0.00127362
0.0397307	0.318458	0.141827
0.0251255	0.303487	0.171397
0.0529626	0.444582	0.00245858
0.0968344	0.350248	0.052943
0.0889974	0.168927	0.24211
0.0736103	0.0196216	0.406781
0.0466376	0.0144518	0.438919
0.343963	0.0946524	0.061386
0.29668	0.118012	0.0853284
0.233785	0.0672691	0.198959
0.0253625	0.30635	0.168296
0.267077	0.22656	0.00637845
0.259409	0.0491436	0.191477
0.0405511	0.177534	0.281931
0.0338193	0.378614	0.0875924
0.183884	0.257863	0.0582677
0.15202	0.216381	0.131616
0.403964	0.0341193	0.0619327
0.391648	0.0887456	0.0196223
0.387512	0.112237	0.000253914
0.0863457	0.129013	0.284656
0.00606647	0.0682488	0.425689
0.270328	0.143336	0.0863389
0.170176	0.219424	0.110421
0.478676	0.00833696	0.0129884
0.377163	0.107794	0.015046
0.228772	0.0658205	0.20541
0.037181	0.321449	0.141385
0.094777	0.132907	0.272328
0.445544	0.0137746	0.0406976
0.2396	0.0689425	0.191471
0.347081	0.0885246	0.0644146
0.117342	0.164633	0.218036
0.169228	0.288374	0.0424138
0.420471	0.0380501	0.0414897
0.147344	0.170708	0.181959
0.193358	0.190319	0.116329
0.156028	0.206594	0.13739
0.129883	0.21601	0.154124
0.0264249	0.0812831	0.392302
0.0941111	0.133576	0.272331
0.0983634	0.343929	0.05772
0.195597	0.0569114	0.247516
0.148707	0.00257978	0.348743
0.354912	0.0658775	0.0792403
0.0322404	0.246732	0.221062
0.155463	0.0292365	0.315313
0.250099	0.0662271	0.183688
0.0260174	0.251114	0.222881
0.220168	0.201263	0.0785912
0.037786	0.300203	0.162026
0.365778	0.032037	0.103027
0.207531	0.197355	0.0951376
0.119537	0.00459535	0.375878
0.33434	0.0710099	0.0946639
0.0123625	0.477223	0.010427
0.0416991	0.270592	0.187741
0.0353761	0.418258	0.0463943
0.0267464	0.0376664	0.435603
0.0217357	0.301148	0.177122
0.178619	0.193664	0.127725
0.18473	0.0536519	0.261619
0.0277484	0.207489	0.264776
0.0351306	0.432445	0.0324438
0.0920877	0.0826164	0.325308
0.258896	0.103964	0.137156
0.303466	0.105205	0.0913425
0.0128531	0.124056	0.363103
0.260666	0.0287686	0.210577
0.274227	0.0778708	0.147923
0.153172	0.039892	0.306952
0.191004	0.0544379	0.254567
0.325385	0.0359954	0.138627
0.0581529	0.419039	0.0228192
0.071616	0.018655	0.409744
0.0651577	0.0177034	0.417148
0.363951	0.0616627	0.074403
0.144881	0.337646	0.0174892
0.0105944	0.462549	0.0268711
0.102315	0.266628	0.131067
0.0131032	0.230556	0.256351
0.13554	0.204715	0.159758
0.265416	0.0707493	0.163845
0.0668728	0.0725022	0.360635
0.108773	0.180902	0.210341
0.429474	0.00745519	0.0630843
0.0676037	0.383022	0.0493939
0.1053	0.157334	0.237379
0.154775	0.0412495	0.303989
0.247938	0.244831	0.00725707
0.200068	0.281712	0.0182363
0.455848	0.0227592	0.0214007
0.43633	0.0236828	0.0399915
0.0125175	0.483205	0.00429165
0.372264	0.0870543	0.0406975
0.114327	0.228131	0.157577
0.0773454	0.233504	0.189166
0.358208	0.0604491	0.0813552
0.0266864	0.333406	0.139923
0.0473061	0.440168	0.0125413
0.462822	0.00531938	0.0318801
0.0542159	0.000944262	0.444844
0.0622689	0.126465	0.311278
0.166478	0.15503	0.178502
0.314467	0.134303	0.0512365
0.0534389	0.424562	0.0220134
0.00596895	0.0943369	0.399715
0.142065	0.33833	0.0196224
0.0334981	0.375017	0.0915109
0.131695	0.0251829	0.343131
0.0511402	0.424214	0.0246581
0.185068	0.0585907	0.25635
0.204756	0.054894	0.240364
0.133134	0.262317	0.104562
0.0931328	0.185839	0.221062
0.274272	0.0778257	0.147923
0.00138215	0.00465067	0.493978
0.134892	0.199033	0.166089
0.300486	0.0881058	0.111417
0.10658	0.385498	0.00794834
0.0184339	0.0793977	0.402179
0.31682	0.0698466	0.113346
0.0497827	0.212978	0.237251
0.209848	0.236627	0.0535385
0.0449967	0.17309	0.281933
0.00801034	0.019323	0.472677
0.112951	0.0229506	0.364127
0.444687	0.0167427	0.0385738
0.174692	0.234289	0.091031
0.0698452	0.395722	0.034452
0.00109458	0.407885	0.0910308
0.0821629	0.40539	0.012481
0.0210731	0.167661	0.311278
0.180611	0.253189	0.0662078
0.189535	0.226873	0.083618
0.224268	0.208573	0.0671804
0.169206	0.152193	0.178611
0.217857	0.203525	0.0786289
0.110683	0.263594	0.12574
0.367407	0.0736086	0.0589972
0.226465	0.210617	0.0629445
0.0793212	0.155915	0.264775
0.243842	0.0692412	0.18693
0.0277395	0.0837448	0.388533
0.408257	0.0369449	0.0548066
0.0816195	0.179256	0.239146
0.309713	0.0348882	0.155432
0.119916	0.00208855	0.377999
0.33131	0.0132911	0.155432
0.0493018	0.406289	0.0444177
0.0835885	0.413874	0.00254992
0.499254	0.000753144	0
0.0662627	0.0191871	0.414562
0.248482	0.0645993	0.186929
0.196155	0.187059	0.116796
0.0696483	0.343643	0.0867323
0.0624661	0.373138	0.0644144
0.479258	0.00775547	0.0129884
0	0.500001	0
0	0	0.500001
0.0160743	0.0346606	0.449267
0.0374385	0.458562	0.00400181
0.0319329	0.297339	0.17073
0.485397	0.00892127	0.00568689
0.256335	0.0362875	0.207382
0.406247	0.0159788	0.0777765
0.0619776	0.00657028	0.431455
0.211125	0.0701866	0.218691
0.0453384	0.38223	0.0724352
0.00812047	0.014172	0.477709
0.232551	0.0246528	0.242798
0.143047	0.343114	0.0138417
0.490894	0.00909281	1.68139e-05
0.0863872	0.0549405	0.358675
0.183482	0.00469182	0.311838
0.0737013	0.0357042	0.390598
0.311793	0.0026128	0.185598
0.413878	0.0215885	0.0645379
0.0649368	0.374329	0.060739
0.335437	0.137276	0.0272889
0.326481	0.158892	0.0146301
0.0100806	0.432629	0.0572921
0.249151	0.189048	0.0618206
0.0880898	0.0106874	0.401234
0.151998	0.26527	0.0827345
0.18084	0.0987178	0.220454
0.463156	0.0185544	0.0182957
0.0509205	0.0663603	0.382738
0.121045	0.291191	0.0877678
0.0193111	0.0939637	0.386733
0.196449	0.100462	0.20309
0.431533	0.0448751	0.023594
0.314347	0.0527783	0.132879
0.473959	0.0260595	0
0.259185	0.19297	0.0478452
0.0366218	0.281555	0.181828
0.162911	0.328374	0.00872004
0.119012	0.234935	0.146056
0.194118	0.285607	0.0202822
0.11074	0.0570988	0.332167
0.255727	0.159648	0.0846278
0.377998	0.0288373	0.0931896
0.071957	0.0331233	0.394924
0.0703238	0.367065	0.0626159
0.125115	0.178177	0.19671
0.00270315	0.00384179	0.493457
0.220224	0.163962	0.115817
0.244422	0.118956	0.136627
0.093741	0.172509	0.233755
0.0638302	0.114294	0.32188
0.176278	0.319853	0.00387824
0.00917632	0.394472	0.0963532
0.00219091	0.448115	0.0496947
0.00701395	0.47547	0.0175202
0.442972	0.0203475	0.0366848
0.0519623	0.271225	0.176826
0.191117	0.0864177	0.222467
0.145462	0.335847	0.0186951
0.00983122	0.152856	0.337335
0.226076	0.204572	0.0693566
0.0329151	0.387322	0.0797664
0.10603	0.228457	0.165516
0.242879	0.08019	0.176936
0.365155	0.00431521	0.130534
0.0820159	0.148811	0.269176
0.0714604	0.35994	0.0686033
0.357838	0.0323409	0.109823
0.0694715	0.10781	0.322721
0.206888	0.00954009	0.283579
0.137357	0.347996	0.0146516
0.316929	0.14396	0.0391158
0.0269232	0.418603	0.0544769
0.154772	0.095253	0.249983
0.205077	0.251136	0.0437885
0.0347938	0.409491	0.0557183
0.140296	0.241344	0.118363
0.0253263	0.19517	0.279508
0.472692	0.0273263	0
0.0144085	0.141367	0.34423
0.29472	0.177983	0.0272984
0.281606	0.175805	0.042601
0.0117394	0.00156644	0.486695
0.0499434	0.439989	0.0100716
0.0466391	0.400325	0.0530382
0.401571	0.0744675	0.0239639
0.0232351	0.146113	0.330656
0.00462776	0.20063	0.294747
0.34838	0.0396489	0.111981
0.45826	0.0319676	0.00977705
0.232425	0.0131152	0.254463
0.0876557	0.0417151	0.370635
0.389856	0.0592271	0.0509185
0.397201	0.0808447	0.0219567
0.131942	0.248186	0.119885
0.215526	0.134552	0.149933
0.0982574	0.379627	0.0221287
0.171211	0.0178042	0.31099
0.285915	0.0220708	0.192019
0.0552439	0.0948222	0.349936
0.00628683	0.0767923	0.416929
0.148768	0.0626606	0.288573
0.35524	0.0142312	0.130535
0.304942	0.155945	0.0391157
0.369788	0.0641132	0.0661008
0.0842139	0.182036	0.233755
0.10331	0.124326	0.272368
0.00304482	0.130891	0.366066
0.00475192	0.492092	0.00315839
0.0295983	0.362532	0.107872
0.159095	0.0719383	0.268971
0.0405932	0.330836	0.128576
0.073261	0.127675	0.299068
0.0078784	0.468161	0.023964
0.023917	0.314022	0.162064
0.42715	0.0492618	0.0235942
0.280355	0.123294	0.0963533
0.421254	0.0241683	0.0545958
0.383593	0.0245168	0.0918965
0.0434876	0.352437	0.104078
0.24493	0.185715	0.0693562
0.0390952	0.0474462	0.413531
0.287975	0.0349382	0.177097
0.27502	0.113004	0.111979
0.0109084	0.0190377	0.470056
0.0141875	0.0305922	0.455223
0.0435704	0.425145	0.0312871
0.11694	0.0837481	0.299319
0.166705	0.0753794	0.257919
0.134075	0.239513	0.126416
0.0385783	0.0388926	0.422534
0.299643	0.114607	0.0857538
0.0709843	0.123082	0.305945
0.163674	0.322964	0.0133718
0.452782	0.0171744	0.0300453
0.128494	0.213708	0.1578
0.0563657	0.390869	0.0527697
0.213776	0.111551	0.174677
0.391794	0.0833834	0.024825
0.149039	0.109843	0.241121
0.111432	0.0829643	0.305607
0.129332	0.221122	0.149549
0.102901	0.17008	0.227026
0.338832	0.0353565	0.125816
0.210308	0.257543	0.0321512
0.271475	0.117936	0.110591
0.268086	0.173607	0.0583097
0.263066	0.13016	0.106798
0.0525073	0.0166654	0.430829
0.19345	0.275482	0.0310719
0.0578203	0.0175348	0.42466
0.0681161	0.413643	0.0182494
0.0837823	0.179295	0.23693
0.230104	0.0217796	0.248132
0.0486569	0.426671	0.0246774
0.0399881	0.352949	0.107072
0.0884019	0.00275096	0.40885
0.160374	0.277825	0.0618207
0.00080474	0.0116976	0.487501
0.173699	0.320985	0.00532041
0.267011	0.208314	0.0246773
0.0122632	0.0176829	0.470055
0.261014	0.0791561	0.15984
0.0208905	0.129509	0.349603
0.130505	0.105274	0.264224
0.021394	0.0172578	0.46135
0.291614	0.044133	0.164255
0.128553	0.215665	0.155784
0.0209216	0.468238	0.0108421
0.186826	0.224615	0.0885631
0.0543148	0.187955	0.257738
0.002819	0.480119	0.0170667
0.228151	0.169864	0.101985
0.0989304	0.257811	0.143264
0.003064	0.232715	0.264223
0.0058282	0.49418	0
0.11352	0.0917375	0.294747
0.0493116	0.0891336	0.361556
0.168027	0.218975	0.113017
0.0016544	0.223991	0.27436
0.126603	0.231841	0.141558
0.114865	0.00814759	0.376992
0.22032	0.218807	0.0608738
0.30045	0.116371	0.0831823
0.0583376	0.101921	0.339743
0.202496	0.208946	0.0885632
0.151028	0.00549632	0.343483
0.285304	0.0494806	0.165221
0.44783	0.0155541	0.0366271
0.106038	0.209235	0.184737
0.0133351	0.0287543	0.457914
0.206094	0.0648351	0.229075
0.0661539	0.416008	0.0178422
0.101687	0.244247	0.154069
0.116933	0.201096	0.181982
0.33099	0.149664	0.0193512
0.0957657	0.167312	0.236929
0.0346015	0.404526	0.0608739
0.113491	0.0785409	0.307988
0.452028	0.00897261	0.0390079
0.409275	0.0859546	0.00479711
0.354754	0.0899563	0.0590248
0.320022	0.0511436	0.128847
0.0523119	0.341271	0.106437
0.203215	0.247489	0.0493095
0.463328	0.0248583	0.0118257
0.163412	0.190037	0.146563
0.264072	0.203228	0.0327159
0.0200426	0.105469	0.374515
0.0219616	0.474623	0.00343079
0.398314	0.0974923	0.00420617
0.275811	0.192826	0.0313778
0.329173	0.0857813	0.0850575
0.383501	0.0817741	0.0347333
0.33546	0.00983379	0.154847
0.018756	0.0235113	0.457747
0.209469	0.0907346	0.199807
0.148524	0.166604	0.184878
0.0779793	0.0180845	0.403946
0.48963	0.00488181	0.00549637
0.0693317	0.150592	0.280098
0	0.159615	0.340396
0.29251	0.19782	0.00970198
0.375839	0.0991353	0.0250384
0.154604	0.293006	0.0524131
0.0961359	0.0183323	0.385549
0	0.49323	0.00677873
0.0513519	0.239194	0.20948
0.042155	0.22093	0.23693
0.15312	0.0998378	0.247052
0.00218687	0.142036	0.355788
0.00508452	0.332812	0.162195
0.362723	0.102606	0.0346854
0.157652	0.286851	0.0555171
0.189544	0.0432852	0.267182
0.028481	0.125017	0.346578
0.0491237	0.130922	0.319971
0.024504	0.45898	0.0165436
0.229275	0.10251	0.168232
0.124536	0.262334	0.113143
0.066272	0.347325	0.0864119
0.00463305	0.0226156	0.472767
0.100505	0.0490258	0.350482
0.00327796	0.0146612	0.482077
0.0633436	0.137585	0.299092
0.3405	0.0950577	0.0644612
0.0508138	0.244057	0.205146
0.116791	0.253348	0.129872
0.0875956	0.317665	0.0947534
0.436402	0.0481159	0.0154936
0.141546	0.300737	0.0577311
0.310967	0.0734653	0.115599
0.44281	0.0370371	0.0201703
0.000135896	0.075949	0.423922
0.0329291	0.323663	0.143433
0.324916	0.0740931	0.101021
0.478627	0.0159077	0.00549663
0.145134	0.272244	0.0826451
0.129168	0.0364555	0.334389
0.166884	0.143517	0.189621
0.0403453	0.205123	0.254542
0.415549	0.0540693	0.0303984
0.176474	0.164974	0.158575
0.221904	0.222741	0.0553745
0.0572984	0.216869	0.225847
0.00794514	0.0394034	0.452668
0.345824	0.0391725	0.115022
0.0148627	0.0167882	0.468364
0.0157174	0.380305	0.103989
0.234917	0.149557	0.115538
0.0442985	0.206128	0.249606
0.0885182	0.169553	0.241939
0.0611173	0.111687	0.327208
0.120315	0.257811	0.121895
0.0475819	0.369373	0.0830703
0.0342272	0.179382	0.286401
0.28018	0.212385	0.00747953
0.0143863	0.00364799	0.485701
0.0117077	0.395098	0.0932033
0.304295	0.127306	0.068412
0.0230919	0.295389	0.181527
0.0532504	0.234551	0.212216
0.00551602	0.467028	0.0274736
0.0908692	0.0145528	0.394588
0.0811848	0.365223	0.0536006
0.0534181	0.322112	0.124496
0.0782233	0.0131648	0.408636
0.269421	0.0106848	0.223972
0.0368616	0.175737	0.287426
0.310413	0.0916484	0.0979523
0.0944353	0.388045	0.0175486
0.178256	0.0500444	0.271711
0.196766	0.224947	0.0783115
0.109913	0.0247111	0.365388
0.118884	0.22785	0.153273
0.212078	0.0940388	0.193898
0.0922474	0.112354	0.295439
0.0844266	0.158068	0.257517
0.0515922	0.400505	0.0479279
0.170711	0.273789	0.0555219
0.250217	0.0330279	0.216771
0.19144	0.146896	0.161687
0.0935015	0.10715	0.299376
0.0801791	0.411389	0.00847544
0.291449	0.0717769	0.136787
0.0313668	0.432458	0.0362009
0.421657	0.0581881	0.0201702
0.0125432	0.484041	0.00343079
0.468871	0.00217404	0.0289858
0.261182	0.12034	0.118487
0.250913	0.0709774	0.178122
0.429933	0.0144368	0.0605873
0.301484	0.000451707	0.241025
0.0853962	0.361011	0.0536006
0.13062	0.260191	0.109205
0.446282	0.0356814	0.0180476
0.0810591	0.35704	0.0619261
0.0214104	0.107336	0.371275
0.158716	0.331618	0.00970203
0.126913	0.243227	0.129872
0.0712469	0.373398	0.0553746
0.296899	0.0674989	0.13561
0.192057	0.0416508	0.266303
0.238973	0.0315438	0.229497
0.167803	0.179769	0.152527
0.368294	0.116224	0.0154936
0.20071	0.224683	0.0746221
0.298713	0.0679111	0.133385
0.0755059	0.163112	0.261394
0.146026	0.0222649	0.331724
0.0049231	0.0665485	0.42854
0.173129	0.128935	0.197958
0.371898	0.117361	0.0107532
0.07518	0.281402	0.143429
0.00893381	0.296588	0.194485
0.052227	0.405433	0.0423652
0.0319129	0.155778	0.312321
0.131607	0.278899	0.089521
0.0438124	0.00932545	0.446901
0.0107827	0.0514061	0.437835
0.183992	0.26641	0.0496075
0.140664	0.0276272	0.331724
0.0326146	0.0524326	0.414976
0.107247	0.0762733	0.316506
0.110372	0.0763828	0.313266
0.0124394	0.484144	0.00343079
0.426589	0.0563724	0.0170497
0.272192	0.163541	0.0642788
0.00669102	0.00142595	0.491889
0.0206294	0.376143	0.103249
0.0392538	0.187141	0.273614
0.192714	0.0884164	0.218881
0.180417	0.123487	0.196107
0.214183	0.210477	0.0753519
0.0501829	0.06133	0.388513
0.165674	0.138235	0.19611
0.0308153	0.424854	0.0443556
0.287826	0.120415	0.0917714
0.0147692	0.310345	0.1749
0.199084	0.231521	0.0694075
0.418277	0.0623045	0.0194279
0.0734395	0.259444	0.167139
0.387555	0.0884018	0.0240732
0.392829	0.0627791	0.0444033
0.0554759	0.420351	0.0241914
0.303449	0.126951	0.0696132
0.247305	0.183666	0.0690563
0.245981	0.153069	0.10096
0.218438	0.00732123	0.27427
0.366387	0.0149287	0.122762
0.079784	0.41814	0.00209582
0.036938	0.426806	0.0411118
0.182903	0.267499	0.0496075
0.218759	0.0588806	0.222369
0.0539565	0.438799	0.00725861
0.0973255	0.184451	0.218265
0.243683	0.209563	0.046767
0.00116657	0.00625613	0.492588
0.0950759	0.0129897	0.391953
0.0837179	0.404974	0.0113426
0.253934	0.013624	0.232458
0.240466	0.0284611	0.231087
0.102108	0.180241	0.217665
0.0256386	0.00597287	0.468402
0.15951	0.0470962	0.293414
0.0437303	0.452779	0.00349965
0.2156	0.0708799	0.213535
0.000626823	0.00142687	0.497955
0.28334	0.118723	0.0979527
0.159563	0.281661	0.0587898
0.0551426	0.119772	0.325098
0.0110676	0.0527646	0.436192
0.056974	0.0111798	0.431855
0.229926	0.256219	0.0138694
0.079101	0.413659	0.00725867
