0.482586	0.0147873	0.00263922
0.333971	0.0843367	0.0817053
0.147872	0.34351	0.022323
0.0988704	0.0395339	0.361624
0.170616	0.18138	0.149961
0.013151	0.0606171	0.426248
0.157873	0.00326794	0.338886
0.0957373	0.377557	0.026727
0.103011	0.0266187	0.370382
0.446391	0.0361406	0.017573
0.0740617	0.380695	0.0452562
0.0851201	0.387145	0.0277509
0.0643553	0.018327	0.417328
0.259277	0.115812	0.124939
0.0517376	0.437202	0.0110734
0.233081	0.109422	0.15752
0.0433841	0.445023	0.0116045
0.275942	0.0217976	0.202272
0.168334	0.298429	0.0332516
0.0285263	0.462856	0.0223231
0.00461655	0.490284	0.00512726
0.141684	0.350144	0.0218735
0.0815287	0.314248	0.10424
0.427538	0.016364	0.0561086
0.324532	0.149925	0.0255781
0.0388916	0.45357	0.00756026
0.22424	0.11278	0.163002
0.115752	0.201004	0.183256
0.149179	0.00637531	0.344501
0.229711	0.249837	0.0204671
0.0573387	0.422289	0.020438
0.438467	0.0293139	0.0322507
0.312099	0.0804922	0.107434
0.0377809	0.196854	0.265377
0.270408	0.156533	0.0730758
0.280871	0.0301434	0.189017
0.37109	0.0937689	0.0351642
0.454397	0.0314936	0.014128
0.00597569	0.0116893	0.482392
0.469691	0.014055	0.0162731
0.00893344	0.038003	0.453076
0.124492	0.353792	0.0217302
0.243807	0.161643	0.094565
0.161112	0.306656	0.0322498
0.0541259	0.00200485	0.443901
0.207982	0.280666	0.0113892
0.251368	0.0671995	0.181455
0.0138472	0.208522	0.279584
0.0150713	0.276107	0.208855
0.184231	0.0725423	0.243243
0.198029	0.291052	0.0109516
0.0201072	0.158677	0.321232
0.0351751	0.205386	0.259477
0.0419438	0.338105	0.119972
0.163232	0.192833	0.14395
0.13791	0.208353	0.15375
0.36379	0.0379651	0.0982826
0.0489643	0.139151	0.311898
0.317813	0.178351	0.00385178
0.0176925	0.360401	0.121944
0.21398	0.0470773	0.238971
0.40707	0.0573951	0.035556
0.178184	0.109362	0.212465
0.0129171	0.401721	0.085385
0.20172	0.198624	0.0997013
0.11569	0.23774	0.14661
0.195567	0.272732	0.0317134
0.00421747	0.000939683	0.494855
0.0768309	0.241731	0.181452
0.431633	0.0676449	0.000739574
0.105484	0.22756	0.166978
0.247512	0.12591	0.126593
0.0629331	0.267718	0.169364
0.0773843	0.043413	0.37922
0.264264	0.0632708	0.172483
0.0229562	0.468635	0.00843212
0.00780842	0.0573617	0.434856
0.0452178	0.23484	0.219966
0.188951	0.230412	0.0806492
0.216346	0.257283	0.0263876
0.226394	0.0507106	0.222921
0.160093	0.328987	0.0109516
0.379039	0.0833914	0.037592
0.419345	0.0451202	0.035556
0.287644	0.0375587	0.17481
0.162748	0.0647834	0.272496
0.101644	0.170787	0.227584
0.237545	0.00766913	0.254805
0.292866	0.117832	0.0893245
0.289759	0.120931	0.0893228
0.138532	0.302131	0.0593502
0.107118	0.00457782	0.388351
0.0239961	0.246146	0.229868
0.112323	0.319584	0.0681239
0.0823745	0.325528	0.0921128
0.0667884	0.0374687	0.39576
0.0831175	0.125526	0.291435
0.398199	0.0335652	0.068266
0.155765	0.335071	0.00917888
0.138837	0.165264	0.195914
0.129825	0.0110481	0.359141
0.088933	0.140424	0.270668
0.348946	0.0829627	0.068124
0.0209989	0.427753	0.0512616
0.375685	0.114489	0.00985209
0.054637	0.0327042	0.412676
0.0684488	0.10398	0.327626
0.122534	0.216667	0.160808
0.017939	0.00882407	0.473259
0.140916	0.222003	0.137095
0.193165	0.0082551	0.3051
0.110292	0.140765	0.248971
0.12246	0.242878	0.134678
0.491509	0.00650492	0.00200199
0.119129	0.135087	0.245797
0.00323657	0.144155	0.352633
0.00454716	0.482916	0.0125539
0.0295497	0.38886	0.0815971
0.386577	0	0.113442
0.00683027	0.050176	0.443024
0.00240962	0.497059	0.000563853
0.164399	0.099706	0.235922
0.457982	0.0361138	0.00591748
0.175767	0.107879	0.216365
0.0887303	0.373109	0.0381734
0.205677	0.271457	0.0228818
0.39298	0.0868735	0.0201581
0.0795245	0.408774	0.0117136
0.0074856	0.478398	0.0141278
0.173025	0.0290692	0.297919
4.09473e-06	0.472783	0.0272236
0.464313	0.0295417	0.00617246
0.114613	0.255919	0.12948
0.113293	0.0536922	0.333037
0.167056	0.0988745	0.234088
0.0118283	0.0566663	0.431526
0.00330737	0.147309	0.349404
0.0321915	0.416753	0.0510741
0.189065	0.042349	0.268603
0.0651245	0.0339405	0.400957
0.323154	0.158009	0.0188619
0.0176031	6.19595e-05	0.482392
0.0310101	0.277034	0.191991
0.30595	0.186399	0.00769278
0.344912	0.0950557	0.060054
0.182411	0.213702	0.103899
0.273642	0.153412	0.0729601
0.308174	0.138599	0.0532437
0.396944	0.0366861	0.0664015
0.386343	0.0237294	0.0899441
0.0886062	0.367975	0.0434506
0.0134306	0.288499	0.198102
0.200619	0.0594656	0.23995
0.265263	0.152205	0.0825424
0.0490252	0.395188	0.0558139
0.181202	0.212286	0.106526
0.219493	0.0976395	0.182882
0.131365	0.262758	0.10591
0.131509	0.167843	0.200695
0.284597	0.0224416	0.192975
0.0037741	0.400815	0.0954362
0.0597241	0.137314	0.316824
0.020889	0.430339	0.0488096
0.354199	0.141629	0.00419819
0.0112173	0.451213	0.037592
0.152402	0.285602	0.062009
0.297138	0.148989	0.0538935
0.127689	0.0131867	0.359148
0.278935	0.0481069	0.172969
0.0718618	0.142525	0.285637
0.221218	0.151449	0.127368
0.411821	0.0175044	0.0706944
0.0169504	0.076073	0.406993
0.0148408	0.0119219	0.473253
0.015513	0.233607	0.252592
0.100221	0.396052	0.00373971
0.0108214	0.0308711	0.458322
0.342443	0.0943752	0.0632028
0.181989	0.0357199	0.282328
0.0500721	0.142299	0.307641
0.304265	0.185373	0.0103973
0.164739	0.194613	0.140664
0.134374	0.0752656	0.290399
0.297678	0.042065	0.160279
0.06272	0.255842	0.181452
0.0245677	0.17523	0.30021
0.302488	0.105304	0.0922239
0.000411655	0.431492	0.0681233
0.418646	0.0092695	0.0720998
0.497685	0	0.00233167
0.285473	0.122319	0.0922239
0.204936	0.283712	0.0113892
0.488866	0	0.0111569
0.0243769	0.173869	0.301768
0.0752188	0.0416579	0.383147
0.0359193	0.0653953	0.41423
0.174662	0.1072	0.21816
0.205802	0.00912882	0.285086
0.288753	0.0332759	0.177988
0.306474	0.144512	0.0490199
0.0723655	0.32543	0.102217
0.0983321	0.348675	0.0530079
0.196565	0.165526	0.137922
0.0373482	0.0681937	0.394472
0.100525	0.179138	0.220356
0.115822	0.0160881	0.368106
0.0279257	0.42678	0.0453134
0.221629	0.0875205	0.190866
0.276972	0.0482236	0.174827
0.171636	0.242627	0.0857493
0.490794	0.00538801	0.00384109
0.418239	0.0776708	0.00410784
0.128423	0.172641	0.198956
0.295846	0.0566195	0.147553
0.158898	0.125563	0.215554
0.350031	0.0428923	0.107089
0.105696	0.318478	0.0758389
0.00827704	0.491734	0
0.0153482	0.313191	0.17148
0.0806126	0.259918	0.159483
0.285917	0.130108	0.0839879
0.137972	0.219726	0.142317
0.137931	0.245795	0.116291
0.0688427	0.0716605	0.359511
0.208571	0.0424738	0.248969
0.143978	0.236471	0.119571
0.455496	0.0305708	0.0139508
0.399832	0.0369079	0.0633562
0.32161	0.0732397	0.105163
0.057369	0.129041	0.313602
0.182599	0.0166782	0.301373
0.0549271	0.00231929	0.442768
0.0771683	0.0236123	0.399235
0.0623548	0.417024	0.0206412
0.0344617	0.446084	0.0195222
0.309849	0.139598	0.050564
0.343809	0.0421298	0.114074
0.0234681	0.390774	0.0857724
0.0302677	0.342318	0.127431
0.190834	0.30391	0.00526323
0.113358	0.234728	0.151935
0.085435	0.386195	0.0283919
0.0526888	0.375581	0.071752
0.0314708	0.402512	0.0660294
0.0253213	0.012284	0.462411
0.0591658	0.421751	0.019105
0.00144397	0.473599	0.0249719
0.463528	0.00681182	0.0296715
0.106155	0.18917	0.204683
0.391803	0.0548825	0.053333
0.424974	0.0392325	0.0358168
0.0168022	0.204617	0.278594
0.0117099	0.177265	0.311038
0.0410538	0.200246	0.258717
0.0452017	0.00189341	0.452921
0.215397	0.224214	0.0604051
0.132396	0.355839	0.0117818
0.135105	0.286856	0.0781001
0.0915382	0.17227	0.236205
0.336625	0.162812	0.000580896
0.270211	0.0549819	0.174826
0.00467296	0.396647	0.0986938
0.0220795	0.467266	0.0106673
0.146688	0.295296	0.0580387
0.225591	0.0887382	0.185686
0.331386	0.166932	0.00169885
3.77524e-05	0.00133275	0.498644
0.357375	0.0727763	0.0698634
0.028528	0.464488	0.00699883
0.035367	0.433961	0.0306881
0.150769	0.271762	0.0774822
0.0111356	0.168571	0.320307
0.474654	0.00196589	0.023402
0.0500962	0.359292	0.0906237
0.213928	0.253144	0.032936
0.0107311	0.0214441	0.467842
0.258769	0.0304102	0.210838
0.119927	0.19614	0.183953
0.117394	0.15096	0.231658
0.163125	0.256537	0.0803462
0.0457561	0.368485	0.0857723
0.0745335	0.0498278	0.375655
0.161588	0.228423	0.110002
0.0301013	0.455672	0.0142403
0.153079	0.211127	0.13581
0.00200955	0.0244723	0.473539
0.439022	0.0470471	0.0139509
0.263268	0.0539945	0.182756
0.237661	0.018026	0.244326
0.29807	0.103727	0.0982226
0.403977	0.0622827	0.0337565
0.13929	0.299574	0.0611545
0.0798992	0.113557	0.306566
0.176685	0.0519262	0.271405
0.0836826	0.00164533	0.414693
0.139898	0.306371	0.0537449
0.0705273	0.0218916	0.407597
0.0832325	0.182724	0.234059
0.448455	0.0482818	0.00328489
0.0587098	0.102891	0.338417
0.166814	0.0095721	0.323633
0.0904743	0.119368	0.29017
0.368221	0.10843	0.0233625
0.175615	0.214397	0.110002
0.0457112	0.3627	0.0916021
0.00829727	0.482166	0.00955632
0.0190221	0.376941	0.10405
0.174622	0.0455882	0.279808
0.3869	0.0722471	0.0408706
0.411954	0.0635125	0.0245575
0.00553389	0.00829462	0.48619
0.0130949	0.456299	0.0306238
0.0289014	0.351961	0.119155
0.14805	0.310099	0.0418894
0.23311	0.00458331	0.262328
0.240008	0.0189721	0.241034
0.314851	0.0199459	0.16522
0.0565538	0.099092	0.344374
0.244534	0.123181	0.1323
0.0143112	0.136538	0.349167
0.313199	0.104071	0.0827429
0.372276	0.0573953	0.0703505
0.207694	0.138849	0.153472
0.121134	0.0824441	0.296436
0.00514648	0.0901795	0.404692
0.0702422	0.154921	0.274857
0.245836	0.209261	0.0449196
0.124988	0.109553	0.265476
0.0707509	0.0980834	0.331177
0.047198	0.0185638	0.434254
0.0205216	0.0293588	0.450167
0.0527151	0.381267	0.0660294
0.260227	0.2316	0.008189
0.143945	0.335618	0.0204529
0.0486184	0.00242226	0.448978
0.0701796	0.00319484	0.426643
0.499737	0	0.000275861
0.327883	0.116884	0.0552502
0.381635	0.079255	0.0391954
0.211741	0.0259527	0.262328
0.437972	0.0591951	0.00285276
0.316113	0.147709	0.0361841
0.0715837	0.0478558	0.380577
0.341346	0.0697728	0.0889002
0.00838571	0.0125692	0.479065
0.449103	0.0314452	0.0195223
0.236396	0.119082	0.144535
0.359184	0.0667036	0.0741305
0.115846	0.155847	0.228319
0.0633423	0.111009	0.325664
0.229729	0.0118403	0.258453
0.0759343	0.2615	0.162582
0.462309	0.00803429	0.0296717
0.241476	0.203345	0.0551938
0.432262	0.0451771	0.022577
0.144215	0.262417	0.0933857
0.148685	0.268007	0.0833204
0.065593	0.0787862	0.355636
0.0457431	0.0673059	0.386963
0.194619	0.276603	0.0288015
0.482462	0.00194721	0.0156131
0.00767118	0.198519	0.293874
0.376454	0.119456	0.00410784
0.41191	0.0522928	0.0358165
0.475596	0.00654696	0.0178689
0.00923235	0.00162653	0.48916
0.030698	0.441721	0.0275968
0.431439	0.0436854	0.0248885
0.0623798	0.134162	0.303474
0.00479607	0.407096	0.0881228
0.0245692	0.278707	0.19674
0.228575	0.0361599	0.235278
0.0346158	0.437803	0.0275967
0.00608556	0.477312	0.016625
0.109935	0.161757	0.228319
0.212755	0.09465	0.192612
0.325845	0.116298	0.0578754
0.0678579	0.411624	0.0205366
0.120536	0.282917	0.096555
0.0559873	0.0582789	0.385749
0.230235	0.132627	0.137153
0.00725621	0.13815	0.354607
0.0242922	0.409219	0.0665039
0	0.499242	0.000764313
0.48336	0.0166436	0
0.192455	0.00991919	0.297646
0.101804	0.233381	0.164829
0.255531	0.0795582	0.16493
0.0745304	0.253684	0.171802
0.134705	0.286007	0.0793088
0.216561	0.0144474	0.269009
0.209277	0.09631	0.194431
0.218057	0.00967242	0.272289
0.253422	0.039071	0.207528
0.267239	0.127845	0.10493
0.0933695	0.388329	0.018312
0.0666416	0.266812	0.166561
0.0369251	0.432716	0.0303726
0.241598	0.132445	0.125976
0.469603	0.00567126	0.0247441
0.436018	0.0557412	0.00825255
0.0824433	0.091717	0.325852
0.479776	0.0201633	7.64484e-05
0.448691	0.00990293	0.0414153
0.157772	0.333293	0.00894823
0.072318	0.289538	0.138157
0.0296191	0.445494	0.0249027
0.0144636	0.328324	0.157221
0.420854	0.063493	0.0156636
0.260322	0.126493	0.1132
0.0496006	0.00774282	0.44271
0.00527784	0.0913972	0.403341
0.298382	0.0547975	0.146835
0.232241	0.030838	0.23695
0.335789	0.157553	0.00666801
0.0387098	0.399425	0.0618742
0.0278513	0.0147848	0.457376
0.0453107	0.0428776	0.411826
0.131393	0.0289311	0.339693
0.166443	0.273767	0.0598007
0.0337917	0.0349457	0.431275
0.148749	0.293842	0.0574191
0.0634867	0.373999	0.0625275
0.371433	0.0711575	0.057419
0.174159	0.25347	0.0723866
0.362093	0.103703	0.0342176
0.040408	0.143821	0.315783
0.0439649	0.424094	0.0319541
0.000845676	0.0268889	0.472294
0.142804	0.000763458	0.356451
0.345617	0.0643806	0.0900171
0.427454	0.0568938	0.0156636
0.056162	0.11314	0.330718
0.0962818	0.21967	0.18406
0.0895568	0.346523	0.0639317
0.0136622	0.0203471	0.466004
0.00449506	0.4921	0.00342032
0.0010081	0.189458	0.30955
0.04836	0.172124	0.279528
0.0989517	0.0185842	0.382475
0.408984	0.0120175	0.07902
0.193127	0.00960711	0.29728
0.358162	0.000156464	0.141698
0.0359556	0.0387639	0.425291
0.116511	0.122684	0.260818
0.103581	0.111719	0.28471
0.215623	0.0734205	0.21112
0.330561	0.098584	0.0708699
0.458176	0.024199	0.0176431
0.0222026	0.20527	0.272541
0.389903	0.0830291	0.0270859
0.313091	0.146903	0.0400151
0.205764	0.226956	0.0673025
0.18494	0.0866796	0.228391
0.00861382	0.141657	0.349743
0.0693469	0.176281	0.254391
0.0233033	0.471323	0.00542512
0.0412864	0.283491	0.175235
0.282389	0.212254	0.00540514
0.245268	0.0540051	0.200744
0.0736288	0.180572	0.245812
0.494168	0.00521636	0.000633069
0.140162	0.323183	0.0366716
0.0600514	0.330245	0.109716
0.00726219	0.00332491	0.489427
0.292012	0.1949	0.0131029
0.12863	0.17679	0.194595
0.120324	0.36662	0.0131037
0.146385	0.349646	0.00398473
0.0918375	0.104267	0.303905
0.172675	0.181898	0.145438
0.398513	0.0711235	0.0303723
0.0558695	0.339434	0.104708
0.111471	0.0245445	0.364002
0.20828	0.248016	0.0437197
0.0573569	0.380778	0.0618742
0.100816	0.30105	0.0981546
0.199267	0.103058	0.197686
0.253759	0.00354046	0.242716
0.00935862	0.153906	0.336748
0.023057	0.108348	0.368611
0.45362	0.0444232	0.00197381
0.463027	0.0102193	0.0267692
0.086451	0.402454	0.0111148
0.314743	0.0523385	0.13293
0.0230337	0.46587	0.0111148
0.230041	0.0119477	0.258023
0.201938	0.0104881	0.287585
0.0476013	0.316905	0.135503
0.164189	0.278403	0.0574191
0.0707765	0.416942	0.0122921
0.169519	0.187641	0.142851
0.400477	0.0470865	0.0524451
0.104301	0.311455	0.0842605
0.161071	0.088103	0.25084
0.380531	0.0690147	0.0504663
0.00979402	0.47777	0.0124488
0.00551802	0.482198	0.012301
0.064468	0.255867	0.17968
0.00844403	0.00977374	0.481791
0.181223	0.166154	0.152636
0.238379	0.0316431	0.230002
0.293206	0.184816	0.0219919
0.276839	0.0157594	0.207457
0.00564612	0.0977747	0.396596
0.10412	0.0786442	0.317248
0.352397	0.0774753	0.070143
0.38759	0.0853428	0.0270859
0.113924	0.294085	0.0920425
0.22626	0.218299	0.0554486
0.209185	0.244807	0.0460288
0.0541906	0.154046	0.291812
0.38287	0.070866	0.0462751
0.195616	0.0351647	0.269235
0.0837099	0.0641342	0.352168
0.340275	0.159658	7.64475e-05
0.285403	0.0521322	0.162478
0.0259175	0.460867	0.0132269
0.223035	0.26498	0.011999
0.326783	0.093141	0.0800929
0.323615	0.0607934	0.115602
0.292586	0.137282	0.0701452
0.134388	0.0617161	0.303905
0.0798372	0.284448	0.135728
0.000449602	0.0503928	0.44917
0.0206974	0.368043	0.111271
0.0174744	0.460533	0.0220064
0.309484	0.00165456	0.188875
0.160921	0.0302226	0.30887
0.207669	0.270404	0.0219425
0.307457	0.0908256	0.101733
0.178152	0.162442	0.159422
0.0771275	0.307995	0.114897
0.28863	0.0039686	0.207458
0.307883	0.168782	0.0233518
0.0991117	0.198003	0.202899
0.220074	0.231733	0.0482058
0.404449	0.0201193	0.0754456
0.189433	0.282124	0.0284559
0.123804	0.36054	0.0156741
0.0308958	0.0797547	0.389405
0.034834	0.0863781	0.3788
0.00283333	0.310181	0.187001
0.0169533	0.36042	0.122642
0.0420102	0.114158	0.343849
0.101751	0.30384	0.0944326
0.0317039	0.0789466	0.389405
0.256296	0.233696	0.0100232
0.136884	0.0637634	0.29937
0.0521681	0.447849	0
0.00429796	0.0809303	0.414788
0.111893	0.238234	0.149889
0.196735	0.012767	0.29051
0.211444	0.240382	0.0482077
0.12462	0.257303	0.118087
0.0648514	0.382038	0.0531224
0.106452	0.317879	0.0757287
0.204059	0.0329587	0.263042
0.432141	0.0224442	0.0454273
0.27754	0.00933442	0.213139
0.143491	0.319855	0.0366716
0.0750674	0.0592974	0.365649
0.0808543	0.336277	0.0828825
0.0378312	0.11805	0.344136
0.0441201	0.407222	0.0486724
0.0543061	0.269113	0.176593
0.0887604	0.015139	0.396118
0.139713	0.197792	0.162512
0.17938	0.0411046	0.279529
0.321217	0.0948904	0.0839056
0.214543	0.260068	0.0254061
0.0785646	0.00406059	0.417394
0.00618523	0.493827	0
0.0123749	0.0199032	0.467736
0.253055	0.148691	0.0982635
0.0110608	0.000795417	0.488152
0.22784	0.178886	0.0932856
0.029252	0.278833	0.191934
0.350511	0.0793607	0.0701429
0.00789822	0.00914198	0.482968
0.240545	0.03617	0.223292
0.074631	0.297498	0.127891
0.12181	0.304392	0.0738101
0.000235485	0.0781801	0.421599
0.0444723	0.428989	0.0265519
0.48681	0.0125429	0.000662716
0.376077	0.116558	0.0073791
0.249701	0.163151	0.0871627
0.413736	0.00499657	0.0812815
0.177258	0.221018	0.101738
0.000439189	0.0492257	0.450348
0	0	0.5
0.27571	0.0722546	0.152051
0.378759	0.0658091	0.0554398
0.00215525	0.424087	0.0755273
0.00280229	0.163136	0.33407
0.03218	0.456573	0.0112769
0.0250047	0.222926	0.252083
0.122067	0.00394983	0.374003
0.337351	0.139085	0.0235762
0.310925	0.0177251	0.171365
0.0022201	0.104255	0.39354
0.156824	0.0441139	0.299076
0.133163	0.133308	0.233544
0.0175135	0.413083	0.0694207
0.0790186	0.101057	0.319939
0.100407	0.200217	0.199396
0.429493	0.0120076	0.0585112
0.148506	0.338109	0.0134024
0.0519875	0.430916	0.0172442
0.408076	0.0640922	0.0278433
0.143157	0.277317	0.07954
0.0508598	0.0486177	0.400529
0.0450404	0.181134	0.27384
0.289034	0.17012	0.0408608
0.209165	0.280382	0.0104701
0.0370968	0.0520571	0.410859
0.0200393	0.122359	0.357609
0.488094	0.0118887	2.66143e-05
0.0218816	0.449083	0.0290501
0.0177204	0.417964	0.0643346
0.0747934	0.215417	0.209806
0.0685649	0.150077	0.281375
0.0121785	0.173679	0.31416
0.249819	0.107412	0.142786
0.220549	0.0246867	0.254777
0.296142	0.102313	0.101557
0.11587	0.34517	0.0389766
0.255296	0.0980115	0.148413
0.299197	0.111655	0.0891598
0.317278	0.0867316	0.0960151
0.00159978	0.480741	0.0176718
0.266277	0.00903991	0.224699
0.110894	0.306166	0.0829559
0.199245	0.271713	0.0290497
0.119684	0.011502	0.368833
0.26579	0.00944229	0.224788
0.0441549	0.0684809	0.387379
0.479334	0.0116753	0.00900162
0.124152	0.234915	0.140946
0.00149411	0.155817	0.342719
0.00765511	0.473305	0.0190499
0.393547	0.0764944	0.0299656
0.103126	0.391667	0.00522289
0.189589	0.016488	0.293981
0.0533971	0.385427	0.0611888
0.0715934	0.313891	0.114532
0.180209	0.297239	0.0225629
0.00996426	0.029683	0.460371
0.00243835	0.114504	0.383074
0.292607	0.08895	0.118463
0.00669673	0.249029	0.244287
0.00740563	0.00164244	0.490963
0.175175	0.187031	0.137917
0.3024	0.107721	0.0898881
0.169738	0.329431	0.000847876
0.0147863	0.395941	0.0892872
0.00114639	0.0154607	0.483401
0.155034	0.244422	0.100559
0.261067	0.09224	0.148413
0.0199718	0.0347637	0.445279
0.00400121	0.0801618	0.415855
0.0537085	0.292513	0.153797
0.397362	0.00886258	0.0937924
0.28367	0.0925222	0.123825
0.0949003	0.363775	0.0413419
0.00588114	0.015575	0.478557
0.0925954	0.380026	0.0274009
0.215465	0.0076943	0.276854
0.33357	0.0100759	0.156369
0.344336	0.153002	0.00267955
0.137559	0.0359553	0.326497
0.00876127	0.0201198	0.471135
0.0335405	0.379473	0.0870074
0.103077	0.205514	0.191427
0.420668	0.04766	0.031686
0.231142	0.158859	0.110017
0.0422936	0.409602	0.0481153
0.193648	0.307321	0.0184237
0.16947	0.164471	0.166073
0.414507	0.0320948	0.0534097
0.245651	0.209772	0.0446095
0.0588716	0.255585	0.185569
0.0742039	0.237901	0.187914
0.0406318	0.0570176	0.402365
0.252486	0.0520155	0.195512
0.0211683	0.465234	0.0136132
0.046002	0.195522	0.25849
0.151211	0.344268	0.00453649
0.200585	0.240248	0.0591837
0.0973845	0.325128	0.0775074
0.0209475	0.127905	0.351157
0.4027	0.0439017	0.0534098
0.105367	0.357827	0.0368202
0.328836	0.00993295	0.161242
0.459557	0.0314562	0.00900171
0.340293	0.126244	0.0334828
0.00714144	0.335361	0.157514
0.36906	0.0834032	0.047545
0.00916459	0.188088	0.302762
0.371403	0.0595673	0.0690519
0.0912735	0.3746	0.0341485
0.388215	0.0642492	0.0475451
0.48404	0.0140466	0.00191975
0.043399	0.00491693	0.451701
0.0114826	0.160095	0.328469
0.0025901	0.490885	0.00653326
0.149184	0.30068	0.0501454
0.0583027	0.00122271	0.440502
0.160969	0.274712	0.064334
0.017716	0.190971	0.292696
0.00588113	0.257595	0.236531
0.0653265	0.267041	0.16765
0.464993	0.0152008	0.0198196
0.105771	0.211137	0.183112
0.0605756	0.26137	0.178063
0.00423785	0.441952	0.0538386
0.192499	0.0194458	0.288063
0.100772	0.265118	0.134124
0.00563336	0.0878353	0.406539
0.204374	0.16688	0.128772
0.101653	0.320859	0.0775072
0.0349476	0.462431	0.00262929
0.108853	0.130938	0.260226
0.178716	0.283623	0.0377107
0.226958	0.230199	0.042853
0.200567	0.201807	0.0976408
0.152957	0.0043546	0.342721
0.35639	0.129236	0.0143861
0.364501	0.132177	0.00333608
0.0814147	0.31804	0.100559
0.0608093	0.261137	0.178064
0.0462397	0.438601	0.0151716
0.0568501	0.350536	0.0926219
0.00497116	0.230405	0.264636
0.438315	0.00983573	0.0518679
0.238348	0.0271112	0.234554
0.0627953	0.37567	0.0615523
0.322821	0.0515234	0.125665
0.222149	0.0248659	0.252998
0.00443997	0.227014	0.268561
0.127578	0.290464	0.0819771
0.00589371	0.219167	0.274952
0.34922	0.143978	0.00681006
0.389715	0.0424769	0.0678282
0.307378	0.0864641	0.106171
0.470877	0.00130039	0.0278438
0.322541	0.0183873	0.159086
0.305684	0.0859875	0.108342
0.443758	0.0108083	0.0454425
0.00158839	0.477319	0.0211024
0.132026	0.367939	4.24235e-05
0.352121	0.00984448	0.138046
0.0303086	0.0425963	0.427108
0.0345795	0.347721	0.117713
0.00145419	0.043052	0.455534
0.186568	0.284397	0.0290501
0.432994	0.0593361	0.00768711
0.259367	0.0534331	0.187211
0.0289347	0.0495593	0.421518
0.247703	0.0828918	0.169418
0.0194532	0.19382	0.288109
0.374723	0.122745	0.00254195
0.420043	0.0475891	0.0323835
0.0214745	0.0419163	0.436634
0.108418	0.176543	0.21505
0.028186	0.0395184	0.432311
0.00197072	0.076524	0.421522
0.0997353	0.264129	0.13615
0.162591	0.326313	0.0111089
0.0119916	0.021338	0.466678
0.0051704	0.145363	0.349479
0.00249338	0.49097	0.00654308
0.204662	0.167429	0.127932
0.130959	0.287443	0.0816135
0.0192526	0.117556	0.363199
0.30912	0.068822	0.122067
0.0272681	0.274919	0.197823
0.213394	0.174246	0.112382
0.17254	0.144347	0.183138
0.00848159	0.251101	0.240439
0.126193	0.00985419	0.363972
0.45115	0.00591271	0.0429498
0.347147	0.0980753	0.0547948
0.0219759	0.356218	0.121816
0.0119671	0.437365	0.0506793
0.360067	0.13681	0.0031357
0.454644	0.0130905	0.0323906
0.00198212	0.0321293	0.465896
0	0.500001	0
0.0969763	0.361237	0.0418321
0.0288256	0.296472	0.174711
0.0237633	0.138583	0.337663
0.0303756	0.268123	0.201509
0.340068	0.100897	0.0590423
0.179367	0.0338169	0.286831
0.481737	0.0175682	0.000698726
0.312547	0.112606	0.0749524
0.115864	0.200325	0.18382
0.0128792	0.193861	0.293369
0.104713	0.13587	0.259435
0.28852	0.0491909	0.162299
0.0397194	0.382184	0.0781965
0.040161	0.434724	0.0259243
0.166533	0.187665	0.145842
0.299923	0.00482947	0.195263
0.0848191	0.0997745	0.315451
0.00908101	0.47536	0.0155736
0.0493931	0.0543654	0.396248
0.0531143	0.239787	0.207131
0.030976	0.092169	0.376872
0.384101	0.0328199	0.0830871
0.0174324	0.208053	0.274535
0.308604	0.0196591	0.171745
0.247541	0.0155057	0.237852
0.37523	0.12285	0.0033155
0.231854	0.176077	0.0920957
0.365722	0.0312495	0.10303
0.119349	0.309401	0.0712547
0.223675	0.169866	0.10648
0.10958	0.350268	0.0401706
0.0463449	0.000935979	0.452727
0.0900953	0.351897	0.0580142
0.010091	0.336026	0.153912
0.0462004	0.407646	0.0461694
0.332568	0.000705378	0.166759
0.134937	0.186299	0.178774
0.426546	0.0153266	0.0581343
0.0795478	0.0964102	0.324059
0.00490772	0.00848525	0.486608
0.20529	0.0783911	0.216343
0.0781731	0.0919566	0.329902
0.00293353	0.0671578	0.430973
0.10505	0.0080063	0.386971
0.195622	0.11928	0.186263
0.155471	0.184709	0.159839
0.0541227	0.303108	0.142794
0.393872	0.075669	0.0305431
0.213846	0.285822	0.000340081
0.347031	0.080042	0.0729497
0.113721	0.143502	0.242793
0.00634033	0.490226	0.00345574
0.0385835	0.455831	0.00562288
0.449865	0.0446093	0.00553509
0.0445135	0.343861	0.111644
0.0282501	0.159379	0.312403
0.199876	0.2562	0.0439487
0.414135	0.0612814	0.0245892
0.0501945	0.0423131	0.407513
0.055347	0.389473	0.055189
0.0745061	0.0816079	0.343939
0.0495045	0.225919	0.224607
0.201919	0.179347	0.118737
0.210245	0.262964	0.0268051
0.228753	0.257781	0.013485
0.0331896	0.369519	0.0973108
0.165119	0.0654205	0.270481
0.472091	0.00677617	0.021163
0.147001	0.172449	0.180564
0.0342002	0.446042	0.0197725
0.00858484	0.187384	0.304047
0.0939039	0.251313	0.154788
0.0127647	0.273758	0.213508
0.0323022	0.0498914	0.417827
0.43151	0.0364745	0.0320221
0.00811211	0.0529423	0.438954
0.391165	0.0264655	0.0823726
0.0701074	0.399119	0.0307886
0.174605	0.0141842	0.311277
0.0190375	0.430359	0.0506489
0.00533591	0.428856	0.0658292
0.00769478	0.0517534	0.441526
0.440389	0.0225256	0.0371011
0.1829	0.0724653	0.244648
0.0341612	0.445534	0.0203208
0.242324	0.0656932	0.191986
0.139315	0.00975502	0.350936
0.131901	0.0713665	0.296824
0.0109959	0.127299	0.361724
0.458214	0.0391526	0.00266272
0.192188	0.220192	0.0876398
0.0707127	0.0595499	0.369742
0.0366839	0.458619	0.00563298
0.28445	0.0843955	0.13117
0.398208	0.0340253	0.0677845
0.279511	0.0234943	0.197014
0.0621966	0.421146	0.0166611
0.0568346	0.0171634	0.426046
0.294779	0.080386	0.125818
0.197494	0.0702183	0.232895
0.0814689	0.248973	0.169561
0.00506907	0.0254057	0.469542
0.0880157	0.341091	0.0708975
0.208423	0.289585	0.00335753
0.351886	0.0465857	0.101542
0.0676492	0.155082	0.277292
0.239091	0.0688847	0.192056
0.025471	8.8957e-05	0.47445
0.144126	0.146145	0.209743
0.148394	0.00299695	0.348617
0.113784	0.363698	0.0225295
0.184607	0.130327	0.186282
0.0638973	0.110292	0.325832
0.0483422	0.0407108	0.410972
0.127756	0.331196	0.0410824
0.157725	0.211634	0.130673
0.263141	0.23608	0.000797223
0.0298303	0.467624	0.0025851
0.0969646	0.288518	0.114533
0.376973	0.0724226	0.0506488
0.407438	0.0212037	0.0723076
0.160058	0.278218	0.0617419
0.281955	0.0891789	0.128872
0.0708858	0.0854552	0.343674
0.122124	0.316595	0.0612892
0.00199106	0.112593	0.385455
0.403044	0.00322037	0.0937431
0.01607	0.0285075	0.455475
0.437017	0.0617791	0.00121573
0.209386	0.155708	0.134919
0.0320301	0.465419	0.00258506
0.27631	0.0858668	0.137829
0.055695	0.391922	0.0524031
0.2761	0.0519811	0.171934
0.143804	0.321721	0.0345109
0.490321	0.000476878	0.0101392
0.0580702	0.0700056	0.371939
0.145334	0.320191	0.0345109
0.125196	0.209639	0.165172
0.0635211	0.164559	0.271934
0.0860825	0.245926	0.168008
0.244468	0.228735	0.0268049
0.128666	0.152863	0.218486
0.258356	0.0204278	0.221232
0.000166629	0.499626	0.000225182
0.0561249	0.394948	0.0489331
0.0604679	0.0117423	0.427838
0.0494051	0.314631	0.135975
0.222418	0.0276415	0.249945
0.00234657	0.00606275	0.491613
0.188957	0.0111488	0.299922
0.194525	0.0742805	0.231215
0.0152757	0.00608141	0.478652
0.489061	0.0109471	0
0.0110151	0.122637	0.366406
0.0370104	0.234138	0.228879
0.0376787	0.108561	0.353775
0.222	0.272051	0.00595374
0.359863	0.091042	0.049109
0.364754	0.131563	0.00369066
0.316529	0.0983655	0.0851174
0.414088	0.0612745	0.0246436
0.032417	0.00622783	0.461392
0.0531526	0.0448068	0.402061
0.223189	0.167287	0.109555
0.0247806	0.325089	0.150196
0.297454	0.0811155	0.12144
0.00904498	0.104713	0.386255
0.0127961	0.133444	0.353776
0.258075	0.142365	0.0995743
0.234687	0.162635	0.102701
0.493992	0.000480449	0.00553506
0.0162512	0.481523	0.00347018
0.19051	0.221871	0.08764
0.352947	0.13946	0.00761104
0.463931	0.0352739	0.000818545
0.0447377	0.0511288	0.404193
0.00379178	0.214423	0.281828
0.262711	0.0942742	0.143023
0.0012541	0.41419	0.0845727
0.000276386	0.486727	0.013004
0.122431	0.305579	0.072005
0.253668	0.0628577	0.183477
0.327122	0.00114247	0.171746
0.0795526	0.137543	0.282905
0.217648	0.183184	0.0991829
0.171523	0.0638724	0.264615
0.283924	0.215621	0.000470068
0.235569	0.259283	0.00515367
0.0037744	0.0548446	0.441392
0.325886	0.0168887	0.157236
0.26968	0.14762	0.0827053
0.446138	0.00770449	0.046169
0.465665	0.0296644	0.00469102
0.172869	0.231412	0.095757
0.00404779	0.482955	0.013004
0.354873	0.0897796	0.055365
0.300595	0.108289	0.0911706
0.288209	0.149286	0.062514
0.279347	0.18343	0.0372458
7.98777e-05	0.0397308	0.460199
0.46299	0.0152585	0.0217672
0.451089	0.0182526	0.0306851
0.0390769	0.460931	0
0.00825344	0.0902693	0.401492
0.0473268	0.20773	0.244994
0.0429559	0.0946409	0.362423
0.178151	0.114121	0.207738
0.122808	0.140787	0.236419
0.0609291	0.33593	0.103157
0.0540295	0.434605	0.0114188
0.00102345	0.440444	0.0585429
0.209386	0.0667579	0.224162
0.0571802	0.0634692	0.379363
0.0175783	0.407371	0.075059
0.00878268	0.46904	0.0221888
0.247691	0.165761	0.0865773
0.0848112	0.41243	0.00277467
0.00257801	0.364434	0.132995
0.254776	0.174342	0.0708945
0.258422	0.155003	0.0866018
0.310194	0.00716918	0.182676
0.142142	0.167926	0.189948
0.0986185	0.217277	0.184129
0.0152641	0.428669	0.0560774
0.0649951	0.0424883	0.392523
0.00631782	0.000208213	0.493483
0.318861	0.0561723	0.124976
0.0369211	0.178615	0.284488
0.174201	0.31837	0.00745221
0.00327139	0.0781367	0.418603
0.0766996	0.0505667	0.372789
0.33785	0.00780838	0.154401
0.0507167	0.18654	0.262752
0.15744	0.0433917	0.299191
0.210253	0.0905235	0.199232
0.120346	0.0510501	0.328626
0.00614092	0.0226442	0.47125
0.00765754	0.487767	0.00463494
0.251717	0.0809933	0.167312
0.202241	0.287571	0.0101944
0.0272488	0.119257	0.35352
0.386977	0.0991516	0.0138818
0.0249418	0.328764	0.146318
0.0801989	0.0608263	0.35899
0.0593325	0.201315	0.239419
0.187364	0.120022	0.192622
0.3281	0.0577998	0.114114
0.103322	0.0103295	0.386822
0.0137819	0.42134	0.0648883
0.164054	0.10495	0.231006
0.150388	0.032051	0.317583
0.162629	0.172934	0.164451
0.0937396	0.393533	0.0127441
0.0775278	0.369288	0.0532012
0.421174	0.0312027	0.0476344
0.128884	0.191204	0.179921
0.22487	0.259396	0.0157506
0.366581	0.0249038	0.108997
0.228767	0.263891	0.00735742
0.0403363	0.452986	0.00670986
0.0304239	0.320409	0.149239
0.0614417	0.0688313	0.369736
0.024244	0.0284309	0.447336
0.0904424	0.402764	0.0068038
0.0011901	0.0134192	0.48541
0.232865	0.266957	0.000195346
0.29564	0.0068328	0.197539
0.027071	0.446	0.0269509
0.446779	0.0196409	0.0336019
0.269998	0.133203	0.0968164
0.153583	0.0921202	0.254313
0.230339	0.254862	0.0148157
0.000757293	0.325903	0.173351
0.477177	0.00996656	0.0128748
0.324202	0.0571133	0.118698
0.112627	0.0720103	0.315371
0.19419	0.144384	0.161437
0.125552	0.193352	0.181106
0.000992931	0.493879	0.0051377
0.115307	0.273044	0.111657
0.0691058	0.351015	0.0798988
0.045341	0.198205	0.256465
0.0288647	0.176541	0.294606
0.3344	0.00772863	0.160896
0.0747903	0.416925	0.00829421
0.265109	0.0640212	0.17089
0.184474	0.293963	0.0215708
0.289432	0.00577548	0.204823
0.183012	0.215118	0.101889
0.488022	0.00880297	0.00319026
0.0947799	0.247028	0.158505
0.372837	0.00730496	0.119868
0.190277	0.0972992	0.21244
0.0490579	0.211071	0.239928
0.343225	0.0079326	0.152113
0.48061	0.0158392	0.00356654
0.0139298	0.0584793	0.427912
0.133207	0.274697	0.0921047
0.144309	0.348313	0.00739893
0.0244517	0.0349659	0.440594
0.0590986	0.0294797	0.411439
0.0171556	0.25081	0.232059
0.0890101	0.399242	0.0117641
0.125956	0.0534296	0.320929
0.273667	0.00632498	0.220046
0.0069537	0.422135	0.0709219
0.105994	0.390386	0.00363103
0.0154665	0.0170385	0.467528
0.397804	0.101926	0.00028875
0.239845	0.0104645	0.249716
0.364698	0.0247076	0.110615
0.019227	0.00118732	0.479596
0.0198936	0.331081	0.14906
0.205869	0.106786	0.187362
0.416702	0.00338308	0.0799358
0.0510337	0.18869	0.260299
0.34904	0.130475	0.0205014
0.0333494	0.450101	0.0165566
0.434263	0.0126446	0.0531034
0.00251651	0.35574	0.141767
0.148291	0.231484	0.12024
0.104339	0.118444	0.277226
0.237275	0.123135	0.139615
0.199212	0.283771	0.0170242
0.00777881	0.376203	0.116315
0.219782	0.258054	0.0221745
0.0615208	0.0281735	0.410321
0.16194	0.0477914	0.290284
0.221745	0.245599	0.0326856
0.267808	0.0706518	0.161594
0.062674	0.002536	0.434829
0.0417582	0.213854	0.244729
0.239128	0.160663	0.100226
0.415255	0.0376859	0.0470686
0.138192	0.0243446	0.337475
0.00252583	0.357057	0.140442
0.490845	0.00571919	0.00344545
0.0454906	0.237693	0.216845
0.469225	0.0259353	0.00489893
0.167263	0.00676803	0.325997
0.0668276	0.339444	0.0937473
0.0728016	0.0362713	0.390935
0.00727793	0.222699	0.270036
0.277164	0.134773	0.0883707
0.497658	0.00234945	0
0.0320275	0.0207031	0.447286
0.17127	0.112462	0.216294
0.369718	0.103124	0.0280034
0.276499	0.18156	0.0419653
0.035408	0.153431	0.311171
0.354151	0.0592759	0.0866024
0.187867	0.299369	0.0127723
0.34708	0.0227831	0.130146
0.404059	0.0391976	0.0567546
0.314818	0.0434994	0.141691
0.109646	0.386734	0.00363103
0.0120303	0.472221	0.0157649
0.399072	0.0742916	0.0266462
0.00697132	0.224605	0.268434
0.161504	0.045816	0.29269
0.383083	0.0981537	0.0187818
0.0246093	0.380303	0.0951023
0.0284755	0.124625	0.346923
0.0224909	0.294648	0.182885
0.406158	0.0680258	0.0258433
0.215382	0.242821	0.041809
0.15522	0.339538	0.00526351
0.203232	0.278216	0.0185719
0.00285691	0.371914	0.125236
0.357566	0.00618913	0.136257
0.428098	0.0188197	0.0531045
0.158189	0.225322	0.1165
0.118281	0.0757688	0.305958
0.279186	0.0937195	0.127101
0.392312	0.0811471	0.0265641
0.350936	0.0719223	0.0771509
0.0529609	0.00440739	0.442656
0.275517	0.146322	0.0781825
0.201474	0.128179	0.17036
0.242394	0.127247	0.130367
0.137798	0.311541	0.0507109
0.116644	0.00131479	0.382053
0.0749709	0.0844227	0.340631
0.00809781	0.305294	0.18665
0.0522368	0.0167002	0.431086
0.243833	0.159397	0.0967756
0.0183361	0.479665	0.00201379
0.294175	0.105976	0.0999035
0.166427	0.238561	0.0950309
0.118566	0.0755378	0.305904
0.234828	0.0901232	0.175065
0.0192277	0.480558	0.000227835
0.00536064	0.220132	0.274517
0.500001	0	0
0.130667	0.217194	0.152142
0.046173	0.449694	0.00417974
0.0310961	0.320466	0.148484
0.0281093	0.158799	0.313095
0.490027	0.00663852	0.00333519
0.326735	0.0832822	0.0899871
0.0876742	0.342144	0.0701845
0.113062	0.333305	0.0536759
0.114419	0.198399	0.187185
0.186394	0.310849	0.00276185
0.3663	0.0199864	0.113716
0.337266	0.0205848	0.142156
0.0362596	0.3625	0.101454
0.0293739	0.13285	0.337825
0.0746949	0.352752	0.0725552
0.35836	0.108629	0.0330574
0.164566	0.327664	0.00777382
0.318591	0.0591727	0.122242
0.018523	0.460623	0.0208999
0.46588	0.0192824	0.0150053
0.390044	0.0548329	0.0551305
0.00925797	0.411409	0.079346
0.179692	0.298798	0.0215639
0.0122923	0.305681	0.182066
0.116724	0.193357	0.18992
0.0262035	0.168202	0.305609
0.138381	0.238648	0.123025
0.333739	0.0891121	0.0771504
0.00627218	0.493403	0.000326208
0.234913	0.00981223	0.255281
0.289596	0.175694	0.0347285
0.382748	0.0109398	0.106317
0.0160468	0.46421	0.0197556
0.00430427	0.226924	0.268774
0.195088	0.139702	0.165215
0.0586864	0.431662	0.00965561
0.175086	0.225838	0.0990812
0.371499	0.0748352	0.0536719
0.128793	0.212585	0.158624
0.0194888	0.404674	0.0758406
0.169462	0.09633	0.23421
0.0381907	0.42046	0.0413637
0.0567348	0.111898	0.331416
0.458102	0.00112789	0.0407825
0.431222	0.0616854	0.00709629
0.0665554	0.427224	0.00622125
0.298838	0.0701529	0.131015
0.0166429	0.439033	0.0443271
0.438448	0.0146072	0.0469478
0.0816003	0.117935	0.30051
0.13793	0.180524	0.181551
0.0616329	0.0506377	0.387732
0.309903	0.0715304	0.118571
0.14456	0.120075	0.235379
0.398565	0.0829625	0.0184745
0.263485	0.0165192	0.219999
0.0528463	0.379969	0.067199
0.445368	0.0300711	0.024566
0.26028	0.136841	0.136652
0.0495452	0.0496543	0.400808
0.166644	0.277911	0.0554937
0.103691	0.144473	0.25184
0.120203	0.208429	0.171369
0.0981882	0.387315	0.0144978
0.302931	0.0655659	0.131504
0.0106494	0.473243	0.016114
0.147558	0.15043	0.202063
0.122617	0.316724	0.0606727
0.0527018	0.00332627	0.443975
0.34441	0.0457523	0.109857
0.039632	0.0243065	0.436064
0.403748	0.0777808	0.0184745
0.202284	0.265954	0.0317652
0.124465	0.285409	0.0901377
0.0629173	0.082347	0.354751
0.282011	0.160307	0.0576885
0.0678317	0.0146994	0.417475
0.00161709	0.0718609	0.426531
0.146005	0.147026	0.206971
0.148137	0.0893907	0.262476
0.0407168	0.0867365	0.372751
0.0116701	0.290209	0.198167
0.414313	0.0492354	0.0364539
0.106616	0.162792	0.230594
0.0918987	0.0117214	0.396382
0.00580344	0.481147	0.0130658
0.0014281	0.00238164	0.496196
0.172139	0.097077	0.230786
0.230224	0.027359	0.242418
0.453631	0.000807111	0.0455715
0.132805	0.00442755	0.36295
0.12244	0.10384	0.273778
0.135509	0.203224	0.161282
0.275977	0.188237	0.0357973
0.0213382	0.443074	0.0355894
0.0937404	0.0404576	0.365805
0.315153	0.0585342	0.126316
0.120253	0.0998858	0.279876
0.219018	0.0768009	0.204425
0.21324	0.0747749	0.212242
0.0325814	0.366178	0.101454
0.024004	0.154915	0.3211
0.0338459	0.393656	0.0725004
0.0660075	0.11054	0.323454
0.427532	0.0534076	0.019065
0.254173	0.0475763	0.198263
0.196398	0.0137923	0.289812
0.0167516	0.0922801	0.390971
0.01827	0.0121475	0.469624
0.00170971	0.0453983	0.453074
0.306526	0.0149146	0.178561
0.0683628	0.114005	0.317633
0.227377	0.031965	0.240661
0.279734	0.190799	0.0294678
0.0579823	0.416897	0.0251346
0.0544817	0.00695152	0.438584
0.0188683	0.0127715	0.468361
0.240682	0.254313	0.00500566
0.00869589	0.0112166	0.480094
0.0211838	0.000481516	0.478338
0.0713585	0.123042	0.305601
0.0602319	0.00800951	0.431763
0.376336	0.0190073	0.104661
0.0068232	0.242699	0.250479
0.0887845	0.346476	0.0647417
0.0846672	0.402688	0.0126613
0.379673	0.0898679	0.0304653
0.407454	0.00885249	0.0836951
0.265298	0.0186309	0.216073
0.481886	0.0172429	0.000883249
0.349912	0.0643048	0.0857879
0.223769	0.0168467	0.259388
0.216227	0.0108748	0.272905
0.150843	0.260138	0.089073
0.24531	0.139445	0.115254
0.0898195	0.00450231	0.405683
0.295386	0.0122258	0.19256
0.0322585	0.183784	0.283961
0.472615	0	0.0273872
0.133773	0.271008	0.0952352
0.186692	0.138096	0.175217
0.00876709	0.373426	0.118053
0.208146	0.153965	0.137895
0.473449	0.00116568	0.0256501
0.0060428	0.113033	0.380927
0.232149	0.0525918	0.215303
0.00589668	0.00490257	0.489208
0.0430258	0.00573271	0.451491
0.273592	0.170955	0.0554928
0.0885474	0.00296788	0.408487
0.0765615	0.127681	0.295762
0.0221205	0.125639	0.352242
0.286566	0.0348791	0.178563
0.440159	0.0331379	0.028471
0.0987549	0.389551	0.0116963
0.040747	0.0868009	0.372456
0.109749	0.062636	0.327617
0.40998	0.0202064	0.0698347
0.00461925	0.399516	0.0958717
0.153589	0.23034	0.116085
0.0626169	0.35011	0.0872786
0.0992637	0.302608	0.0981718
0.272775	0.201771	0.0254596
0.000326811	0.0394133	0.460307
0.422371	0.0384364	0.039195
0.00866655	0.00135135	0.490024
0.268823	0.215068	0.016114
0.210243	0.281134	0.00862894
0.250245	0.249431	0.000326208
0.162079	0.258152	0.080022
0.0740243	0.123447	0.30253
0.0299666	0.126813	0.343227
0.481128	0.0172157	0.00166752
0.346672	0.0809091	0.072424
0.247707	0.0248375	0.227466
0.221983	0.175276	0.102743
0.109131	0.376374	0.0144978
0.00151034	0.038227	0.460275
0.156258	0.234342	0.109451
0.0781655	0.00757546	0.414262
0.151268	0.298087	0.0506466
0.41824	0.0598282	0.0219764
0.0773133	0.128935	0.293798
0.00207095	0.485137	0.0127952
0.0638678	0.00849301	0.427643
0.352677	0.048247	0.0990812
0.0594726	0.0596036	0.380929
0.447848	0.0425	0.0096556
0.256633	0.0340918	0.209289
0.122067	0.31837	0.0595761
0.238432	0.0361815	0.225429
0.448612	0.0194592	0.0428739
0.287413	0.0141311	0.236923
0.163838	0.21133	0.12484
0.0140854	0.292475	0.193441
0.0117288	0.347035	0.141241
0.192101	0.257255	0.0506468
0	0	0.5
0.500001	0	0
0	0.500001	0
0.19269	0.0917428	0.215577
0.255609	0.020457	0.223949
0.00648421	0.400722	0.0927972
0.00381851	0.487957	0.00823043
0.136231	0.0639419	0.299858
0.259895	0.120207	0.119914
0.165739	0.205963	0.1283
0.14557	0.0188399	0.335593
0.148938	0.0226273	0.328466
0.0327213	0.445404	0.0218887
0.346862	0.0422555	0.11092
0.440576	0.0134014	0.0460244
0.186197	0.306015	0.00779105
0.271938	0.21061	0.0174556
0.0383409	0.0878669	0.373829
0.0716364	0.178263	0.250104
0.044792	0.413927	0.0412827
0.174416	0.11931	0.206276
0.430729	0.0431911	0.0261312
0.229864	0.125559	0.14458
0.0338573	0.200961	0.265185
0.0613275	0.0669011	0.376987
0.0773349	0.184681	0.238009
0.0098415	0.14976	0.340401
0.302452	0.0285556	0.168999
0.0468457	0.323814	0.129345
0.315741	0.174731	0.00953155
0.106569	0.295411	0.0980226
0.052156	0.420973	0.026901
0.134998	0.329717	0.035286
0.0210014	0.000302473	0.478719
0.140428	0.309889	0.0496827
0.013188	0.427628	0.0591858
0.353862	0.0431336	0.103101
0.394323	0	0.105678
0.36253	0.0591507	0.0783242
0.0673967	0.0839435	0.348667
0.000652744	0.098801	0.400576
0.266539	0.192556	0.0409076
0.0960666	0.226867	0.182199
0.212106	0.141878	0.146023
0.0854655	0.284142	0.130502
0.248413	0.183542	0.0680671
0.181814	0.316406	0.00178453
0.204572	0.293695	0.0017847
0.0180253	0.113995	0.367985
0.0392194	0.0253323	0.435469
0.00714345	0.169618	0.32324
0.0554429	0.432612	0.0119795
0.116742	0.150901	0.232383
0.464925	0.0301576	0.00494814
0.000308277	0.140179	0.359514
0.0593623	0.015942	0.424698
0.222177	0.162004	0.115826
0.243936	0.19389	0.0622612
0.0116856	0.198535	0.289783
0.0883296	0.248086	0.163588
0.0645419	0.0722988	0.363162
0.0150961	0.230755	0.254151
0.00852085	0.474402	0.0170795
0.0333818	0.36354	0.103082
0.111659	0.0785739	0.309769
0.0840046	0.352628	0.0634603
0.159884	0.129757	0.210373
0.119249	0.256222	0.12453
0.364919	0.0604509	0.0746517
0.359032	0.0585801	0.0823918
0.307055	0.137183	0.055768
0.0286438	0.0705405	0.406198
0.1877	0.110956	0.201357
0.0360649	0.368607	0.0953346
0.103931	0.270626	0.125447
0.0220273	0.461764	0.0162101
0.0416169	0.0450975	0.41329
0.0255622	0.383472	0.0909687
0.176715	0.124344	0.198945
0.120952	0.101524	0.277529
0.284526	0.156057	0.0594289
0.389284	0.0740667	0.0366563
0.324729	0.0397187	0.135554
0.201887	0.0130955	0.285043
0.134867	0.31129	0.0538678
0.204969	0.251962	0.0430753
0.03109	0.374912	0.0940217
0.0271879	0.00351197	0.469307
0.00289573	0.437863	0.0592452
0.232921	0.26322	0.00386472
0.0182449	0.133523	0.348234
0.00752454	0.0174654	0.475013
0.402095	0.0796875	0.0182222
0.288204	0.0268604	0.184939
0.246242	0.0566339	0.197127
0.155969	0.0275264	0.316524
0.333206	0.0817565	0.0850399
0.221228	0.161447	0.117332
0.380424	0.0946703	0.036074
0.213172	0.0406594	0.24617
0.0430648	0.021487	0.43547
0.0526581	0.132792	0.314555
0.189251	0.152911	0.157891
0.0579554	0.390076	0.0519709
0.0834733	0.379874	0.036656
0.010436	0.0462612	0.443306
0.109325	0.357072	0.0336054
0.00273496	0.0389683	0.458309
0.0190738	0.29519	0.19088
0.452386	0.000161721	0.0474552
0.0291632	0.0315056	0.444432
0.241754	0.245229	0.0130184
0.0420744	0.104462	0.353466
0.00334601	0.107068	0.38959
0.338033	0.0533396	0.10863
0.0806814	0.268236	0.151086
0.0575037	0.077338	0.365165
0.19827	0.0128609	0.288896
0.0095872	0.164813	0.3256
0.297156	0.0360317	0.166843
0.000305523	0.00133546	0.498364
0.0275982	0.0141043	0.458302
0.44629	0.00768648	0.0460243
0.0105974	8.65186e-05	0.489317
0.0385173	0.220916	0.24057
0.124308	0.341408	0.0342859
0.0511934	0.347207	0.101603
0.164832	0.127658	0.207513
0.313353	0.035255	0.151424
0.000493388	0.0896672	0.409842
0.0796116	0.145044	0.275383
0.231308	0.0391629	0.229529
0.428534	0.00391521	0.0675615
0.236825	0.25943	0.00374949
0.00343987	0.320259	0.176304
0.199073	0.217139	0.0837905
0.0105655	0.00136839	0.48808
0.0581052	0.0237232	0.418175
0.295378	0.0481249	0.156501
0.170501	0.256738	0.0728091
0.0992723	0.343519	0.0572114
0.414791	0.0437642	0.0414487
0.320975	0.0385357	0.140549
0.10256	0.267057	0.130386
0.00909777	0.0403292	0.450576
0.0192448	0.480756	0
0.407605	0.0807795	0.0116191
0.0138372	0.214147	0.27202
0.328636	0.0565349	0.11483
0.0449484	0.415372	0.0396973
0.483804	0.00972045	0.00648762
0.0240872	0.44978	0.0261479
0.209593	0.28308	0.00733524
0.144717	0.156341	0.198945
0.373394	0.0618547	0.0648729
0.335501	0.0240094	0.140549
0.0584038	0.147433	0.294193
0.493318	0.0057693	0.000915022
0.187129	0.279267	0.0336054
0.471445	0.0110073	0.0175512
0.230481	0.00863104	0.260892
0.449382	0.00475077	0.0458728
0.219073	0.238821	0.0421072
0.491718	0.000175782	0.00810766
0.116886	0.000480095	0.382639
0.280866	0.129906	0.0892289
0.399238	0.0482853	0.0524807
0.18475	0.113906	0.201357
0.0544657	0.346229	0.0993087
0.0733945	0.397381	0.0292471
0.368827	0.0486171	0.0825925
0.458981	0.00978157	0.0313158
0.14232	0.356911	0.000771988
0.131389	0.337852	0.0307856
0.026629	0.0290491	0.449482
0.0943595	0.245514	0.160131
0.27519	0.222348	0.00251352
0.0302482	0.468128	0.00162834
0.016536	0.392638	0.0908278
0.0101201	0.317959	0.171924
0.290873	0.0351584	0.173977
0.278361	0.00227256	0.219386
0.049892	0.180472	0.269641
0.239606	0.247233	0.0131645
0.0852792	0.23595	0.178774
0.387067	0.0736449	0.0392928
0.0516452	0.0557395	0.392622
0.0296885	0.188817	0.281527
0.423974	0.00596866	0.0700599
0.0988297	0.00307865	0.398122
0.468823	0.011026	0.0201541
0.00493841	0.459777	0.035286
0.281075	0.120674	0.0982744
0.381586	0.0817624	0.0366561
0.0143165	0.015854	0.469834
0.090243	0.222208	0.18755
0.1307	0.339601	0.0297212
0.0174719	0.482529	0
0.0244514	0.0525371	0.423013
0.377253	0.0659782	0.0567728
0	0.500002	0
0	0	0.5
0.500001	0	0
0.355057	0.132386	0.0129187
0.00665162	0.486608	0.00674475
0.342225	0.062991	0.0947897
0.314157	0.127372	0.0587068
0.0263198	0.308973	0.164717
0.0448638	0.020612	0.434527
0.022249	0.441139	0.0366181
0	0.317577	0.182426
0.0636896	0.0701251	0.366195
0.330851	0.160643	0.00850943
0.0242328	0.453814	0.0219567
0.324404	0.0641233	0.111778
0.134907	0.174163	0.190934
0.211987	0.244141	0.0438793
0.0316338	0.201197	0.267172
0.128084	0.0247881	0.347398
0.241516	0.0834018	0.175089
0.45623	0.016608	0.0271632
0.0154785	0.470237	0.0142877
0.489306	0.0058292	0.0048684
0.0939685	0.357774	0.0482696
0.337904	0.0234802	0.13901
0.0734096	0.383486	0.0431113
0.0323175	0.3971	0.0705899
0.0102661	0.0997038	0.390038
0.244624	0.084475	0.170908
0.131334	0.242826	0.125846
0.089159	0.102586	0.308259
0.171848	0.0897109	0.238452
0.00469111	0.0996764	0.395636
0.446192	0.0308043	0.0230076
0.386299	0.0068491	0.106871
0.0858579	0.0401289	0.374018
0.267266	0.141879	0.0908676
0.124425	0.227109	0.148472
0.0796654	0.0937199	0.326623
0.0844147	0.0147141	0.400876
0.0285669	0.393475	0.0779673
0.198471	0.271276	0.0302566
0.305817	0.149364	0.0448221
0.231394	0.0952626	0.173351
0.107981	0.181284	0.210741
0.381289	0.0735937	0.0451207
0.0171684	0.193402	0.289434
0.120425	0.0672234	0.31263
0.11112	0.168659	0.220224
0.0493388	0.0060768	0.444588
0.47371	0.0107037	0.015798
0.0472575	0.0261848	0.426835
0.261287	0.138705	0.100019
0.0179633	0.349217	0.132823
0.155594	0.341149	0.0032609
0.407135	0.0785823	0.0142878
0.220651	0.211652	0.0677003
0.00447783	0.446356	0.0493248
0.00678168	0.0394811	0.453743
0.150194	0.135115	0.214694
0.0436894	0.402093	0.0542224
0.287977	0.125519	0.0865081
0.193886	0.295601	0.0105157
0.118292	0.264131	0.117582
0.41866	0.0808068	0.000540183
0.401762	0.0924729	0.00577171
0.00839827	0.139942	0.351664
0.0146502	0.165034	0.320322
0.189017	0.0277448	0.283243
0.0761501	0.0159198	0.407936
0.114856	0.224742	0.160409
0.239449	0.208541	0.052012
0.479479	0.00500991	0.0155136
0.275616	0.146312	0.0780849
0.057468	0.21717	0.225374
0.450977	0.0474716	0.00155537
0.0503356	0.180247	0.269423
0.135094	0.301649	0.0632604
0.0674756	0.414501	0.0180285
0.0383244	0.431724	0.0299561
0.292629	0.114871	0.092865
0.0294703	0.313096	0.157762
0.397209	0.0970241	0.0057717
0.467352	0.0108578	0.0217932
0.0224279	0.00243032	0.475148
0.173854	0.196228	0.129921
0.256579	0.105744	0.137683
0.280771	0.114368	0.105131
0.0239549	0.321503	0.154868
0.0165913	0.168297	0.315114
0.0215646	0.0118013	0.466636
0.299051	0.00408221	0.196868
0.142361	0.0616538	0.295987
0.251656	0.106275	0.142305
0.119795	0.149716	0.230499
0.0997037	0.192033	0.208265
0.429	0.0377776	0.0332259
0.0159568	0.18732	0.296732
0.0354348	0.370254	0.0943186
0.145881	0.131235	0.22289
0.0253661	0.280145	0.194491
0.00940139	0.479158	0.0114483
0.0227192	0.0137431	0.463542
0.00181374	0.223022	0.275166
0.0150759	0.238744	0.246505
0.0140453	0.00144814	0.484512
0.439723	0.0346908	0.0255908
0.434779	0.0402983	0.0249269
0.0922505	0.0500913	0.357666
0.118386	0.153121	0.228497
0.143618	0.185409	0.170974
0.163783	0.0869315	0.249304
0.225136	0.113761	0.161123
0.100626	0.381426	0.0179534
0.463606	0.0114076	0.0249908
0.148703	0.0724987	0.278805
0.146571	0.20741	0.146024
0.0670156	0.232944	0.200041
0.0208644	0.291394	0.187747
0.138386	0.156196	0.205421
0.361864	0.134924	0.00360625
0.105716	0.175978	0.218307
0.201087	0.284627	0.0142877
0.00789394	0.0350407	0.45707
0.224289	0.248836	0.0268798
0.0824887	0.377317	0.0402045
0.216505	0.239776	0.043725
0.0902724	0.104404	0.305331
0.0976513	0.177929	0.224424
0.0335886	0.340572	0.125847
0.204174	0.0421958	0.253632
0.104048	0.0523106	0.343647
0.165527	0.0335958	0.300882
0.0469829	0.0767948	0.376225
0.364668	0.0589084	0.0764336
0.0184363	0.480011	0.00155536
0.179514	0.205699	0.11479
0.0429189	0.426826	0.0302564
0.000833171	0.00758101	0.491587
0.157067	0.0108337	0.332104
0.162418	0.218724	0.118861
0.00337829	0.0898213	0.406808
0.0376875	0.33183	0.130488
0.20034	0.289565	0.010096
0.232532	0.256028	0.0114483
0.37034	0.0456128	0.0840545
0.253924	0.116315	0.129768
0.0693532	0.0131712	0.417478
0.0286707	0.394905	0.0764336
0.424841	0.0422428	0.0329215
0.192097	0.277651	0.0302566
0.332165	0.0559602	0.111885
0.0478272	0.419256	0.0329215
0.0020423	0.000161122	0.497797
0.0245176	0.00193425	0.473549
0.0715426	0.410438	0.0180251
0.321739	0.0579943	0.120272
0.205938	0.290497	0.00356676
0.27375	0.110724	0.115533
0.493256	0.00620999	0.000536726
0.296813	0.138727	0.0644654
0.00728138	0.462642	0.0300815
0.0544871	0.0599927	0.385527
0.249614	0.00745791	0.242936
0.303733	0.116324	0.0799452
0.28579	0.119879	0.0947261
0.0302059	0.336974	0.132823
0.181368	0.25358	0.0674
0.389395	0.0210404	0.0895705
0.0814004	0.372338	0.0462708
0.0495738	0.430568	0.019862
0.0419352	0.2508	0.207267
0.176041	0.305936	0.0180261
0.149409	0.0103821	0.340605
0.184504	0.301211	0.0142877
0.0735102	0.164139	0.262354
0.00728532	0.462892	0.0298275
0.167445	0.0888982	0.243667
0.0143414	0.364666	0.120998
0.0650166	0.0778599	0.357126
0.270965	0.067923	0.161118
0.376867	0.0464167	0.0767178
0.394303	0.0228379	0.082867
0.219491	0.234173	0.0463437
0.112252	0.319389	0.0683653
0.0364651	0.0411579	0.422381
0.0202419	0.204594	0.275167
0.140659	0.261338	0.0980045
0.000142695	0.364735	0.135124
0.164009	0.0332879	0.302707
0.0371693	0.327267	0.135568
0.414496	0.0608219	0.0246877
6.39189e-05	0.16338	0.336562
0.184931	0.25894	0.0563584
0.262492	0.134153	0.103373
0.0724501	0.421785	0.00577172
0.443637	0.022223	0.0341473
0.0204876	0.346692	0.132823
0.00294082	0.361611	0.13545
0.039896	0.420343	0.039765
0.0776984	0.00106345	0.421243
0.0205219	0.0728341	0.406652
0.213351	0.271035	0.0156208
0.0167804	0.483069	0.000160705
0.0571793	0.245874	0.196951
0.265056	0.144194	0.0907617
0.0255979	0.0144337	0.459979
0.283087	0.0936642	0.123289
0.00236976	0.192097	0.305542
0.257967	0.0337361	0.208308
0.10348	0.316386	0.0801374
0.453636	0.0380659	0.00830336
0.2772	0.0561351	0.166672
0.326054	0.0107343	0.163221
0.0218335	0.222503	0.255682
0.109514	0.277797	0.112693
0.121769	0.369488	0.00874464
0.107459	0.0649826	0.327571
0.00799239	0.0273526	0.464663
0.229872	0.236486	0.0336507
0.30846	0.186532	0.00501951
0.00254433	0.0475193	0.449945
0.171619	0.168789	0.159598
0.0452103	0.193812	0.260982
0.0420019	0.419691	0.0383135
0.135223	0.289309	0.0754798
0.162259	0.242203	0.0955517
0.215832	0.0533697	0.230806
0.102212	0.255721	0.142072
0.47235	0.00886494	0.0187949
0.020056	0.413335	0.0666181
0.0225002	0.357069	0.120438
0.101206	0.116524	0.282276
0.0464199	0.0245247	0.429057
0.443702	0.0110039	0.0453039
0.465763	0.00686235	0.0273851
0.0836972	0.147073	0.269261
0.0245378	0.36353	0.111943
0.00745547	0.00431039	0.488251
0.383654	0.0908933	0.025465
0.180071	0.103162	0.216775
0.191719	0.210502	0.0977888
0.00602675	0.488538	0.00544705
0.368462	0.121301	0.0102487
0.0867854	0.212854	0.200366
0.33631	0.0128767	0.150829
0.0906515	0.21999	0.189365
0	0.102204	0.397802
0.173408	0.308839	0.0177579
0.15931	0.0301943	0.310503
0.138387	0.347792	0.0138272
0.033505	0.0199163	0.446586
0.29006	0.164666	0.0452883
0.0222662	0.406331	0.0714113
2.90865e-05	0.129824	0.370153
0.377813	0.0694369	0.0527564
0.220177	0.049025	0.230805
0.0612405	0.0536689	0.385109
0.124008	0.126593	0.249407
0.373916	0.0577683	0.0683252
0.120515	0.377026	0.00246883
0.0683439	0.0415381	0.390121
0.302256	0.052665	0.145093
0.0130475	0.00727101	0.479692
0.295637	0.167832	0.03654
0.171257	0.00569459	0.323055
0.420672	0.0771961	0.00214264
0.0518961	0.311911	0.136204
0.0214576	0.143097	0.335455
0.249269	0.227423	0.0233145
0.0657537	0.0441283	0.390121
0.430266	0.0066205	0.0631187
0.0834795	0.4014	0.0214582
0.331168	0.0851061	0.0837404
0.256669	0.003513	0.239825
0.154704	0.0504492	0.294856
0.411433	0.0864303	0.00214262
0.346026	0.115167	0.038817
0.38978	0.0515177	0.058719
0.0802426	0.337666	0.0821036
0.0409707	0.263834	0.195197
0.0044492	0.393955	0.101604
0.0356178	0.456785	0.00760442
0.0312206	0.426782	0.0420071
0.0289934	0.300209	0.17179
0.0481994	0.259636	0.192171
0.111174	0.38157	0.00727201
0.231643	0.181554	0.0868084
0.0446443	0.0236056	0.431752
0.222218	0.0518954	0.225891
0.0193705	0.436922	0.0437138
0.0796335	0.335103	0.0852745
0.0396829	0.428471	0.0318582
0.43887	0.0108841	0.050253
0.13256	0.321686	0.0457666
0.0748279	0.0239691	0.401212
0.274183	0.09404	0.131785
0.0591501	0.060575	0.380287
0.0494079	0.227696	0.222904
0.426047	0.066358	0.00760445
0.00443058	0.392306	0.103271
0.128189	0.201493	0.170324
0.0400133	0.0225621	0.437436
0.115557	0.0194151	0.36504
0.243678	0.139363	0.116967
0.0898919	0.387108	0.0230113
0.188028	0.10772	0.204256
0.0101281	0.150049	0.339837
0.084899	0.295584	0.119524
0.0699471	0.0925232	0.337539
0.0120589	0.398984	0.0889638
0.158047	0.341801	0.000160705
0.0397006	0.330484	0.129824
0.164143	0.251976	0.083886
0.223834	0.232463	0.0437142
0.360423	0.0458995	0.0936864
0.000963555	0.0162752	0.482774
0.458658	0.0330448	0.00830336
0.0984866	0.215577	0.185946
0.0698785	0.292881	0.137261
0.398375	0.00545249	0.0961795
0.013721	0.132375	0.353916
0.349187	0.0283278	0.122494
0.0530825	0.445634	0.00128643
0.133969	0.325258	0.0407817
0.140393	0.0103244	0.349287
0.0142427	0.472151	0.0136148
0.403295	0.0889102	0.00780871
0.413523	0.0132997	0.0731836
0.340481	0.00903998	0.150492
0.124827	0.206804	0.168379
0.268858	0.113457	0.117691
0.208833	0.0477532	0.243417
0.237894	0.233971	0.0281448
0.189323	0.106434	0.204262
0.0232073	0.177532	0.299275
0.170243	0.32058	0.00917844
0.0320785	0.441196	0.0267357
0.166432	0.0936596	0.239914
0.356335	0.0358262	0.107842
0.0307732	0.432373	0.0368663
0.0239213	0.468882	0.00721258
0.235118	0.231241	0.0336508
0.292687	0.0789704	0.128354
0.254774	0.0873829	0.15785
0.147081	0.0644751	0.288456
0.00141491	0.00212617	0.496474
0.320262	0.0743229	0.105421
0.190812	0.0952425	0.213953
0.0486551	0.23112	0.220231
0.300815	0.011649	0.187545
0.0488366	0.134512	0.31666
0.486502	0.000796863	0.0127235
0.395	0.0177588	0.0872449
0.0543336	0.129014	0.316658
0.212608	0.283895	0.00350565
0.046129	0.109533	0.344343
0.100381	0.252179	0.147448
0.117376	0.0290241	0.353608
0.181635	0.103609	0.214762
0.00833569	0.0189053	0.47277
0.106203	0.0184263	0.375383
0.432798	0.0379445	0.0292839
0.0208192	0.179921	0.299277
0.0970569	0.111747	0.291202
0.33976	0.111852	0.0483999
0.195405	0.280396	0.0242064
0.0266698	0.450474	0.0228706
0.0178896	0.308274	0.173848
0.377215	0.0582779	0.0645153
0.12682	0.199342	0.173848
0.31435	0.180998	0.0046606
0.416948	0.000480834	0.0825776
0.246695	0.00218939	0.251128
0.403144	0.0675993	0.0292839
0.204291	0.263465	0.0322593
0.126333	0.128967	0.244712
0.0264315	0.000809468	0.47277
0.0417407	0.0981396	0.360125
0.153345	0.280167	0.0664968
0.240165	0.0823724	0.177471
0.0643774	0.159116	0.27651
0.47866	0.0118709	0.00948122
0.195703	0.0114984	0.292805
0.315029	0.00279584	0.182187
0.271623	0.0732869	0.1551
0.144216	0.141838	0.213953
0.11984	0.202715	0.177455
0.0540122	0.135491	0.310501
0.308091	0.178304	0.0136148
0.0408683	0.0990123	0.360126
0.0755511	0.304932	0.119524
0.370358	0.127026	0.00262495
0.207133	0.113808	0.179066
0.132901	0.311107	0.0559988
0.241851	0.15256	0.105595
0.184044	0.111708	0.204259
0.459579	0.00273094	0.0377015
0.00737651	0.481858	0.0107876
0.02039	0.0750894	0.404543
0.221885	0.0198786	0.25826
0.163012	0.154798	0.182208
0.335759	0.00525318	0.159009
0.0377224	0.236042	0.226253
0.083157	0.311017	0.105848
0.10041	0.244185	0.155419
0.482559	0.00289945	0.0145503
0.0544245	0.0540443	0.391572
0.1082	0.110829	0.280988
0.468209	0.0177704	0.014064
0.341995	0.0882729	0.069746
0.249648	0.246322	0.00404852
0.0753053	0.051644	0.373084
0.00442258	0.320647	0.17495
0.0975344	0.00319733	0.399325
0.125787	0.328175	0.0460604
0.115268	0.148582	0.236172
0.0528409	0.129771	0.317397
0.161306	0.00479539	0.33393
0.154248	0.113671	0.232119
0.277438	0.161713	0.0608696
0.405486	0.0209087	0.0736364
0.156613	0.0140209	0.329377
0.0508882	0.0169844	0.432159
0.36033	0.116877	0.0228527
0.240735	0.0698705	0.189408
0.114176	0.302666	0.0831797
0.165455	0.157118	0.177444
0.256519	0.137477	0.106026
0.473491	0.0141209	0.0124269
0.00493494	0.0204004	0.474678
0.00385684	0.408651	0.087513
0.147201	0.241347	0.111462
0.258104	0.0928501	0.14906
0.000168577	0.472204	0.027643
0.330944	0.00650064	0.162578
0.230174	0.2173	0.052561
0.036446	0.460361	0.00321759
0.119877	0.373653	0.00651853
0.44272	0.0148361	0.0424701
0.394738	0.0244782	0.0807937
0.126007	0.00649749	0.367518
0.0457983	0.362951	0.0912716
0.0524237	0.202533	0.24506
0.216301	0.265358	0.0183549
0.366393	0.118844	0.0148036
0.384	0.0131042	0.102923
0.0618542	0.396477	0.0416932
0.273223	0.0241688	0.202655
0.0713841	0.222503	0.206133
0.285184	0.151625	0.063539
0.212063	0.118171	0.169788
0.218523	0.164509	0.116989
0.133883	0.0725299	0.2936
0.0213956	0.25653	0.222084
0.231567	0.219899	0.0485501
0.369009	0.0947719	0.0362536
0.0281823	0.0426803	0.429156
0.0522434	0.00467712	0.443108
0.450774	0	0.0492469
0.403136	0.058013	0.0388719
0.0954531	0.297525	0.107035
0.373411	0.0965276	0.0300756
0.0173039	0.105554	0.377178
0.354021	0.0290038	0.116987
0.0779373	0.0074375	0.41464
0.294272	0.205739	0
0.0103718	0.000213481	0.489421
0.0666058	0.234102	0.199306
0.102309	0.358046	0.0400978
0.0509443	0.196818	0.252255
0.3899	0.0283604	0.0817728
0.129587	0.201716	0.168712
0.0395513	0.427943	0.0325192
0.238027	0.0393335	0.222668
0.0313056	0.106409	0.362304
0.266196	0.178143	0.0560085
0.348338	0.00544998	0.146237
0.433635	0.0663798	0
0.145832	0.22038	0.133803
0.073548	0.20815	0.218321
0.0399181	0.000659287	0.459434
0.149253	0.112361	0.23841
0.00743716	0.182019	0.310582
0.289471	0.00863285	0.201939
0.025658	0.441124	0.0332565
0.00138058	0.159126	0.339525
0.0120918	0.0642245	0.423701
0.182423	0.275128	0.0424696
0.103145	0.273423	0.123454
0.1939	0.00379692	0.302316
0.416202	0.0263677	0.0574535
0.379787	0.0175543	0.102696
0.0858252	0.349724	0.0644912
0.0118767	0.0390157	0.44912
0.410313	0.0474083	0.0422971
0.136908	0.0741684	0.288938
0.00899595	0.0373251	0.453694
0.0101193	0.141151	0.348794
0.131187	0.0767971	0.292034
0.280932	0.00585358	0.21323
0.0818598	0.337359	0.0807943
0.245913	0.190001	0.0641197
0.135431	0.144458	0.220131
0.199261	0.281073	0.0197045
0.298251	0.100201	0.101599
0.080678	0.00176029	0.417618
0.0503948	0.124383	0.325236
0.000974917	0.00330197	0.495741
0.0439248	0.0995019	0.356625
0.26272	0.224957	0.0123373
0.178981	0.291738	0.029297
0.300594	0.171428	0.0280223
0.0799955	0.212918	0.207106
0.0056362	0.369075	0.125329
0.0425951	0.159772	0.297652
0.142177	0.344882	0.012952
0.0573639	0.178354	0.264292
0.00607393	0.186646	0.3073
0.174993	0.131587	0.193464
0.420778	0.00830952	0.0709284
0.163645	0.088077	0.24833
0.0232336	0.262745	0.214044
0.318636	0.0596874	0.121722
0.0497398	0.0641153	0.386168
0.0410744	0.439061	0.0198819
0.190816	0.0988474	0.210358
0.192864	0.284338	0.0228524
0.224455	0.223949	0.0516082
0.490951	0.00899095	6.97371e-05
0.151208	0.0490462	0.299788
0.0550099	0.180711	0.264295
0.0376869	0.451859	0.0104718
0.170283	0.0800645	0.249682
0.00470143	0.367323	0.128016
0.0178598	0.39285	0.0893031
0.198252	0.031579	0.270202
0.0114431	0.126714	0.361856
0.0871907	0.271772	0.141046
0.0150519	0.4507	0.0342805
0.0822833	0.307749	0.109986
0.0492009	0.0634206	0.3874
0.122002	0.353699	0.0243195
0.447504	0.0525235	0
0.0597171	0.424107	0.0161947
0.0542191	0.0914796	0.35432
0.259766	0.0969314	0.143317
0.427881	0.0266969	0.0454453
0.424658	0.0299702	0.0454118
0.326025	0.0806015	0.0934027
0.110227	0.387421	0.00236861
0.00942744	0.0223015	0.468286
0.170056	0.0152244	0.314729
0.0935501	0.289794	0.116673
0.0372019	0.446044	0.0167716
0.490522	0.00879617	0.000697676
0.314576	0.175295	0.0101437
0.00059695	0.12226	0.377174
0.297973	0.00642176	0.195928
0.305761	0.0276881	0.166565
0.0567732	0.227775	0.215471
0.0351381	0.421299	0.0435742
0.269184	0.230491	0.000337696
0.0100812	0.14062	0.349365
0.112111	0.115689	0.272216
0.0102344	0.0062675	0.483541
0.32265	0.104245	0.0731173
0.00668288	0.187641	0.305715
0.187733	0.307802	0.00447892
0.0890059	0.096872	0.314162
0.00396274	0.491781	0.00426255
0.00750561	0.49029	0.00222735
0.347189	0.082148	0.0706996
0.327668	0.03499	0.137372
0.174315	0.134427	0.191302
0.1906	0.25018	0.059247
0.0357861	0.125239	0.339381
0.188063	0.0365229	0.27551
0.0598434	0.0127337	0.427455
0.0922543	0.287555	0.120213
0.310681	0.173125	0.0162076
0.173151	0.133783	0.193118
0.0321985	0.467439	0.000385576
0.321079	0.168792	0.0101437
0.121882	0.35335	0.024778
0.433249	0.0624438	0.00432378
0.101012	0.33266	0.0663404
0.00492155	0.413322	0.0817695
0.00237089	0.322699	0.17495
0.205815	0.253556	0.041082
0.01371	0.432925	0.0533872
0.207397	0.250163	0.0424704
0.000523671	0.499495	0
0.0540356	0.382766	0.0635379
0.0161552	0.458821	0.0250662
0.101417	0.362252	0.0363495
0.00327108	0.349358	0.14739
0.00902094	0.16364	0.327357
0.20131	0.0601959	0.238509
0.0100978	0.485101	0.00481848
0.486257	0.000482962	0.0132821
0.000321296	0.0295709	0.470117
0.105866	0.33679	0.0573545
0.330648	0.0552231	0.114161
0.0379885	0.188915	0.273119
0.334146	0.15753	0.00834727
0.04751	0.0305696	0.421948
0.288018	0.0877245	0.124283
0.00150848	0.403034	0.0954712
0.108826	0.161181	0.230016
0.189021	0.126321	0.184678
0.116521	0.36783	0.0156942
0.455279	0.0127802	0.0319644
0.135467	0.202775	0.161767
0.0828246	0.412341	0.00485992
0.216517	0.259806	0.0237377
0.0181496	0.445093	0.0367788
0.157928	0.0910449	0.251035
0.0647473	0.0991685	0.336097
0.0630705	0.192452	0.244501
0.0855307	0.10234	0.312148
0.343015	0.0778903	0.0791218
0.112121	0.168351	0.219554
0.432969	0.040131	0.0269299
0.0139082	0.217316	0.268784
0.0135019	0.477159	0.00935781
0.424352	0.0487528	0.0269302
0.312119	0.021067	0.166857
0.307072	0.106551	0.0863945
0.00113235	0.495604	0.00328511
0.0450518	0.11217	0.342796
0.140048	0.196863	0.163109
0.0608542	0.151548	0.287626
0.445979	0.040727	0.0133099
0.0437668	0.0634143	0.392837
0.209358	0.285366	0.005293
0.14737	0.312017	0.0406477
0.280795	0.181854	0.0373703
0.415014	0.0103754	0.0746255
0.0368919	0.089413	0.373706
0.042403	0.345731	0.111907
0.294104	0.0337889	0.172152
0.024548	0.0889315	0.38654
0.248141	0.175299	0.0765938
0.0316099	0.102339	0.366072
0.275502	0.177268	0.0472482
0.441454	0.0147516	0.0438151
0.00953061	0.0291921	0.461303
0.0531695	0.440396	0.00645431
0.0215684	0.0352334	0.443224
0.141643	0.081044	0.277336
0.353086	0.00803605	0.138893
0.0492702	0.158616	0.292136
0.019339	0.160183	0.320502
0.0410654	0.426125	0.0328204
0.0685107	0.244714	0.186794
0.0572023	0.142453	0.300379
0.131566	0.327573	0.0409223
0.261668	0.0802787	0.158066
0.0656887	0.139452	0.294884
0.284555	0.0100825	0.205386
0.113736	0.170848	0.215438
0.0934043	0.0837774	0.322837
0.273376	0.134207	0.0924429
0.174981	0.0668219	0.258218
0.0567393	0.139117	0.304182
0.115184	0.242098	0.14275
0.0666219	0.121189	0.312217
0.0463159	0.095516	0.3582
0.0894384	0.184446	0.226149
0.253868	0.169658	0.0765071
0.172077	0.206533	0.12141
8.71177e-05	0.0117037	0.48823
0.00755812	0.473907	0.0185559
0.0709457	0.000936131	0.428135
0.370878	0.069323	0.0598279
0.0272698	0.280174	0.192583
0.0202727	0.000767098	0.478986
0.195098	0.232684	0.0722772
0.162143	0.295265	0.0426118
0.177069	0.250132	0.0728384
0.298545	0.147052	0.0544426
0.235815	0.202307	0.061899
0.000910922	0.39869	0.100424
0.106455	0.269285	0.124282
0.186173	0.223452	0.0903949
0.318949	0.0709747	0.110098
0.376394	0.0607932	0.0628435
0.396022	0.0450639	0.0589387
0.295779	0.110448	0.0937869
0.0393622	0.0960075	0.364652
0.269987	0.159508	0.070526
0.0626463	0.042461	0.394912
0.0291919	0.466006	0.00481847
0.24262	0.227233	0.0301674
0.0319804	0.0188419	0.449185
0.0340523	0.0830564	0.382907
0.0390947	0.194632	0.266293
0.429558	0.0272121	0.0432351
0.0178864	0.431407	0.0507397
0.0424108	0.0570011	0.400603
0.0789034	0.0159175	0.4052
0.0321735	0.266489	0.20136
0.062851	0.0235886	0.413572
0.00227869	0.146135	0.351606
0.124332	0.322489	0.053204
0.0273409	0.097659	0.375019
0.361171	0.0113388	0.12752
0.0187109	0.306537	0.174773
0.264827	0.098539	0.136678
0.313873	0.128782	0.0573542
0.232885	0.234737	0.0323995
0.0521994	0.107649	0.340183
0.324358	0.116755	0.0589122
0.0145007	0.434788	0.0507392
0.103555	0.119133	0.277337
0.389036	0.0429152	0.0680657
0.116509	0.17256	0.210953
0.302218	0.0792322	0.118568
0.151357	0.194801	0.153904
0.121854	0.22201	0.156153
0.229506	0.255437	0.0150822
0.213025	0.221245	0.0657652
0.410063	0.0073437	0.0826084
0.0738498	0.227543	0.198654
0.0472097	0.070626	0.38218
0.165729	0.212876	0.121408
0.258141	0.0928972	0.148968
0.0869967	0.130962	0.282059
0.471798	0.000876968	0.0273453
0.320916	0.121739	0.0573543
0.218472	0.230816	0.0507392
0.00222822	0.142898	0.354887
0.405276	0.0596876	0.03505
0.146929	0.308293	0.0448039
0.00297041	0.00175008	0.495285
0.0258504	0.135274	0.338891
0.0576942	0.0942802	0.348038
0.0811136	0.00897381	0.409933
0.0457908	0.421397	0.0328202
0.184558	0.264732	0.0507394
0.010872	0.0512694	0.43787
0.0676407	0.000125729	0.432255
0.0188305	0.000712526	0.480482
0.0301268	0.184493	0.285404
0.129926	0.317121	0.0529793
0.240842	0.236888	0.0222851
0.23792	0.239812	0.0222853
0.256667	0.0912581	0.152088
0.358258	0.000103009	0.14165
0.396403	0.0516351	0.051979
0.156121	0.255034	0.0888905
0.332861	0.0370781	0.130081
0.460537	0.031137	0.00834723
0.482465	0.0161615	0.00138519
0.00514728	0.291173	0.203696
0.479287	0.00632421	0.0144096
0.103793	0.37074	0.0254898
0.408663	0.00431488	0.0870353
0.383628	0.035033	0.0813548
0.223591	0.206018	0.0704236
0.128189	0.28757	0.0842637
0.220194	0.129731	0.150087
0.355003	0.106953	0.0380695
0.00846395	0.0402864	0.451293
0.00183127	0.468883	0.0292981
0.390758	0.0319724	0.0772897
0.403545	0.0656598	0.0308346
0.180551	0.0374077	0.28206
0.0749298	0.230871	0.194242
0.0819608	0.252534	0.165529
0.00492796	0.211316	0.283766
0.170311	0.309577	0.0201425
0.40077	0.0327915	0.0664615
0.210328	0.0289833	0.260715
0.110115	0.386384	0.00351722
0.365289	0.0682782	0.0664623
0.174756	0.318395	0.00687326
0.12628	0.321762	0.0519793
0.0916297	0.276664	0.131731
0.303287	0.0171197	0.179614
0.0277729	0.384762	0.0874931
0.236208	0.0253113	0.238521
0.368771	0.0738885	0.0573549
0.325669	0.168704	0.00564317
0.0690386	0.395353	0.0356383
0.0229676	0.0203926	0.456672
0.188125	0.281436	0.0304596
0.347225	0.130317	0.022471
0.169278	0.0265777	0.30418
0.198677	0.0783539	0.222991
