0.149777	0.01277	0.337469
0.0770656	0.00900286	0.413943
0.461083	0.0301829	0.00875167
0.424435	0.0415683	0.0340115
0.0390823	0.183891	0.277036
0.0385789	0.0358852	0.425548
0.447097	0.0505033	0.00241691
0.472894	0.00105284	0.0260583
0.400203	0.0560961	0.0437126
0.0188887	0.458823	0.0222963
0.45237	0.0460153	0.00162091
0.0346388	0.388363	0.077018
0.126487	0.146813	0.226712
0.194225	0.114396	0.191391
0.152528	0.118537	0.228946
0.00753965	0.0101063	0.482366
0.207856	0.15789	0.134258
0.161275	0.173926	0.164807
0.413172	0.0280616	0.0587718
0.135985	0.0658499	0.298177
0.25768	0.021055	0.221278
0.305205	0.0473662	0.147435
0.0157351	0.0793007	0.405341
0.111427	0.351413	0.0371745
0.288945	0.0951817	0.115882
0.367815	0.0599074	0.0723043
0.155904	0.0524626	0.291645
0.0338399	0.0691997	0.396971
0.0853479	0.408659	0.00600118
0.0102954	0.47499	0.0147325
0.170726	0.277922	0.0513615
0.43979	0.0280751	0.0321409
0.0458326	0.00909315	0.445086
0.278837	0.0954198	0.125757
0.294385	0.00953184	0.196095
0.00171412	0.416882	0.081411
0.000372281	0.299025	0.200611
0.0809849	0.248493	0.170542
0.0118825	0.381527	0.106606
0.309255	0.149771	0.0409894
0.234376	0.186649	0.0789895
0.00983048	0.33819	0.151996
0.0475786	0.393349	0.0590822
0.148282	0.00570764	0.346022
0.00988504	0.205162	0.284957
0.333236	0.157674	0.00910811
0.0831152	0.25503	0.161859
0.123245	0.143872	0.232893
0.0524807	0.00764055	0.439898
0.488583	0.0113486	7.75272e-05
0.0178405	0.372114	0.110054
0.187105	0.171141	0.141765
0.132081	0.0387207	0.32921
0.37132	0.104629	0.0240638
0.108536	0.1522	0.239268
0.251883	0.0401236	0.208004
0.238735	0.193032	0.0682541
0.0320785	0.291011	0.176923
0.00250051	0.497505	0
0.030609	0.455268	0.014137
0.273311	0.181568	0.0451477
0.0708201	0.333226	0.0959643
0.0558248	0.0110756	0.433112
0.142534	0.199876	0.157599
0.338641	0.133532	0.0278494
0.0681104	0.128107	0.303791
0.000502458	0.0269256	0.472598
0.484754	0.0115076	0.00374519
0.0158709	0.0820552	0.402455
0.0498796	0.444129	0.00599852
0.177315	0.322693	0
0.145894	0.107526	0.246602
0.00783601	0.449549	0.0426242
0.00015475	0.00641025	0.493452
0.143234	0.31688	0.0398923
0.327319	0.034918	0.13778
0.0426083	0.252747	0.204654
0.00946442	0.197407	0.293136
0.0358738	0.345511	0.118631
0.343945	0.107068	0.048996
0.269154	0.214351	0.016503
0.498498	0.000938686	0.000570133
0.0876216	0.0915986	0.320788
0.0229865	0.0154419	0.461599
0.117388	0.360193	0.0224269
0.283113	0.127453	0.089448
0.219719	0.0719356	0.208357
0.0606783	0.125749	0.313582
0.22549	0.0894141	0.18512
0.322289	0.168621	0.00910811
0.000365083	0.0474909	0.452154
0.0427118	0.356523	0.100777
0.00862205	0.487054	0.00433019
0.476912	0.0093161	0.0137808
0.314409	0.168866	0.0167372
0.128234	0.283697	0.0880748
0.162823	0.233867	0.103328
0.104943	0.330963	0.0641096
0.108888	0.176753	0.214371
0.191952	0.209768	0.0982942
0.0578716	0.191899	0.250246
0.432601	0.0354315	0.0319728
0.190216	0.285731	0.0240697
0.249615	0.0221845	0.228215
0.072919	0.260401	0.1667
0.208366	0.274695	0.0169551
0.024326	0.22009	0.255591
0.000422095	0.0452022	0.454383
0.168017	0.238967	0.093037
0.214607	0.164304	0.121105
0.096362	0.137979	0.265665
0.0540459	0.0573928	0.388574
0.0520585	0.075117	0.372834
0.016346	0.134515	0.349148
0.409958	0.00726023	0.0827992
0.190821	0.242478	0.0667173
0.378434	0.100417	0.021161
0.263459	0.0201956	0.216368
0.173055	0.228174	0.0987791
0.245634	0.181037	0.0733565
0.320388	0.16945	0.0101813
0.405786	0.00963297	0.0845868
0.0140958	0.481568	0.00435558
0.00590625	0.194492	0.299616
0.000241416	0.371429	0.128335
0.173387	0.0184968	0.308134
0.204076	0.263708	0.0322247
0.0936716	0.290455	0.115882
0.11567	0.0630001	0.32134
0.0499783	0.070085	0.379946
0.429897	0.0437293	0.0263865
0.0140877	0.342203	0.143726
0.0554733	0.434363	0.0101931
0.113191	0.0331329	0.353694
0.352401	0.110813	0.0367998
0.12985	0.362586	0.00759538
0.213173	0.23624	0.0506
0.0280376	0.20078	0.271199
0.267564	0.217347	0.0151049
0	0.42966	0.0703452
0.196881	0.245644	0.0574897
0.354496	0.0672305	0.0782894
0.0694876	0.327692	0.102834
0.0254337	0.00425196	0.470331
0.0420099	0.437373	0.0206283
0.198356	0.0155744	0.286079
0.226686	0.0201467	0.253177
0.284252	0.204246	0.0115196
0.00555435	0.0655353	0.428918
0.386684	0.0323705	0.0809525
0.100383	0.1097	0.289929
0.0223072	0.014003	0.463704
0.0083044	0.381677	0.11004
0.0037249	0.422427	0.0742868
0.0279412	0.467993	0.0040829
0.120922	0.132146	0.246954
0.230527	0.269109	0.000379513
0.223573	0.0648642	0.211575
0.0938469	0.0291858	0.376986
0.276323	0.178556	0.0451476
0.39229	0.00931257	0.0984046
0.203706	0.222613	0.0737084
0.29903	0.200977	0
0.0756146	0.154625	0.269769
0.0946385	0.293454	0.111921
0.215305	0.163666	0.12105
0.179881	0.0141238	0.306011
0.164482	0.300638	0.0348915
0.0018967	0.397339	0.100778
0.133572	0.106375	0.260059
0.360731	0.00170297	0.137574
0.133315	0.0388945	0.327808
0.0122915	0.308777	0.178939
0.101919	0.161954	0.236137
0.237632	0.18931	0.0730703
0.0902649	0.0267329	0.383008
0.277671	0.0845663	0.13778
0.18612	0.05503	0.258862
0.390879	0.00205973	0.107071
0.211048	0.025394	0.263568
0.0801799	0.0651532	0.354692
0.0667928	0.124497	0.308722
0.114099	0.20323	0.182679
0.301942	0.191117	0.006946
0.0655076	0.265645	0.168867
0.347966	0.109419	0.0426243
0.0736473	0.0674533	0.358912
0.0984968	0.144123	0.257397
0.0972251	0.139215	0.263566
0.0669144	0.0851621	0.347942
0.133072	0.000701216	0.366236
0.00328731	0.440132	0.0566125
0.000141608	0.404732	0.0951355
0.0836565	0.400561	0.0157919
0.0335431	0	0.46648
0.0735284	0.365616	0.060875
0.106301	0.0106971	0.383008
0.445228	0.0481949	0.00662083
0.459313	0.0383881	0.00236145
0.191789	0.0118493	0.296393
0.0199233	0.367344	0.112758
0.294724	0.0553328	0.149957
0.0660572	0.202148	0.231822
0.0937362	0.373151	0.0331248
0.100495	0.283739	0.115804
0.0874186	0.0837473	0.328836
0.341363	0.103848	0.0548246
0.198576	0.008157	0.293281
0.0559896	0.170849	0.273202
0.0139452	0.275887	0.210203
0.00683671	0.248272	0.244917
0.0740121	0.0139847	0.412026
0.0787634	0.016573	0.404671
0.0636265	0.394004	0.0424013
0.158937	0.318532	0.0225443
0.00142082	0.0470923	0.4515
0.11856	0.199115	0.182359
0.103458	0.226324	0.170244
0.220698	0.231817	0.0475154
0.156479	0.313606	0.029932
0.360592	0.100234	0.0391863
0.276076	0.191588	0.0323416
0.122814	0.279701	0.0975171
0.0244965	0.437366	0.03816
0.264103	0.129145	0.106782
0.0147234	0.0445011	0.440787
0.306822	0.115325	0.0778881
0.383202	0.0873538	0.0294678
0.280183	0.118119	0.101708
0.467889	0.0308126	0.00132753
0	0.413908	0.086105
0.0660372	0.420193	0.013821
0.266197	0.0560202	0.177786
0.113781	0.0815687	0.304682
0.0477069	0.094797	0.357511
0.271689	0.108828	0.119506
0.164811	0.0262391	0.308988
0.202408	0.0218327	0.275812
0.240192	0.101631	0.158231
0.178918	0.258209	0.0628884
0.21779	0.220679	0.0615751
0.0603118	0.180966	0.258747
0.473298	0.0203507	0.0063838
0.0816857	0.34279	0.0755646
0.404278	0.0602852	0.0354721
0.212068	0.0372415	0.250873
0.123288	0.3626	0.0141331
0.0494112	0.194864	0.255738
0.269464	0.133052	0.097517
0.0738564	0.165192	0.260964
0.369279	0.0784357	0.0522992
0.0505742	0.383505	0.0659406
0.178201	0.178881	0.142932
0.0965312	0.269809	0.133705
0.0676273	0.0127783	0.419622
0.148698	0.0338292	0.317505
0.000700478	0.126586	0.372746
0.320544	0.0984769	0.0810097
0.00349403	0.476658	0.019877
0.225378	0.214619	0.0600298
0.0190698	0.00205505	0.47888
0.251634	0.0310495	0.217333
0.118143	0.00457469	0.377314
0.130856	0.297027	0.0721496
0.0298506	0.333057	0.13712
0.0192887	0.290324	0.190422
0.106241	0.0387383	0.355079
0.493635	0.00636905	0
0.173614	0.174111	0.152289
0.135352	0.0252617	0.3394
0.187561	0.0332614	0.279236
0.116927	0.196373	0.18673
0.0910425	0.00894958	0.400039
0.0220286	0.238974	0.239
0.335129	0.132536	0.0323417
0.0118202	0.157523	0.330691
0.0691072	0.162767	0.268162
0.0704775	0.404321	0.0252328
0.367251	0.0816675	0.0510962
0.0184687	0.0524125	0.429141
0.0285665	0.00246565	0.469048
0.139498	0.0519221	0.308593
0.0263307	0.406547	0.0671655
0.430543	0.0402137	0.0292557
0.00881934	0.486908	0.0043047
0.110817	0.265786	0.123433
0.00235146	0.488629	0.009045
0.145203	0.348315	0.00652679
0.024136	0.337377	0.13857
0.127471	0.254584	0.117979
0.329019	0.0681886	0.102807
0.483725	0.00415557	0.0121489
0.0537477	0.442917	0.00337419
0.0153195	0.0425767	0.44214
0.31593	0.065476	0.118606
0.0621451	0.124548	0.313324
0.000798242	0.17818	0.321055
0.0416616	0.447216	0.0111533
0.0342064	0.398657	0.0671632
0.486823	0.00418219	0.00902659
0.00905923	0.480749	0.0102238
0.040448	0.389787	0.0697746
0.0363632	0.307582	0.156068
0	0.425501	0.0745142
0.252861	0.0231926	0.223975
0.257118	0.119661	0.123234
0.0747751	0.0754878	0.349777
0.153552	0.0580782	0.288407
0.253788	0.0313152	0.214912
0.411263	0.0870816	0.00166029
0.284903	0.0372007	0.177934
0.477372	0.00278282	0.0198771
0.0674378	0.206938	0.225665
0.168635	0.305775	0.0255988
0.437524	0.0522772	0.0102236
0.259758	0.062345	0.177934
0.348456	0.0425586	0.109014
0.0375935	0.458885	0.00355286
0.424635	0.0745705	0.000824892
0.420552	0.0786738	0.000824925
0.235048	0.235239	0.0297486
0.0972555	0.271833	0.130943
5.10971e-05	0.00599044	0.493962
0.310641	0.148499	0.0408922
0.0182162	0.148464	0.335812
0.245245	0.0927101	0.162097
0.0946208	0.0117096	0.393702
0.0552862	0.110802	0.333929
0.0951527	0.301869	0.10302
0.229714	0.143029	0.127283
0.0772691	0.22886	0.193905
0.356073	0.142629	0.00132753
0.0439861	0.383617	0.0724308
0.0320473	0.00488102	0.46315
0.184552	0.256756	0.0587146
0.143624	0.356387	0
0.300716	0.182481	0.0168267
0.000267336	0.293079	0.206693
0.413095	0.0596423	0.027269
0.0799388	0.350322	0.0697788
0.0431605	0.0922766	0.364597
0.375084	0.07042	0.0545092
0.206926	0.209125	0.0839561
0.0772455	0.000338257	0.422464
0.0504103	0.0850254	0.364594
0.109975	0.00425843	0.38582
0.24851	0.11311	0.138415
0.231431	0.000443084	0.268162
0.0357961	0.38833	0.0759078
0.313094	0.00901495	0.177938
0.323548	0.0967368	0.0797502
0.000328284	0.497231	0.00247382
0.110312	0.105959	0.28378
0.289523	0.174888	0.0356246
0.315276	0.153366	0.0313729
0.000269467	0.295415	0.204354
0.299494	0.071882	0.128663
0.0502944	0.211058	0.238661
0.270223	0.187527	0.042255
0.000731604	0.112655	0.386643
0.0175543	0.0533252	0.429131
0.0344264	0.0080936	0.457497
0.396668	0.0469809	0.0564027
0.150186	0.007084	0.342752
0.0761799	0.225634	0.198219
0.375108	0.00149149	0.123432
0.219564	0.150523	0.129952
0.322309	0.159145	0.0185758
0.175923	0.185034	0.139053
0.190778	0.0254929	0.28378
0.0478834	0.450759	0.00139855
0.011	0.00678896	0.482243
0.0260603	0.455989	0.0179818
0.0786609	0.330096	0.091286
0.030264	0.010311	0.459438
0.053517	0.167608	0.278913
0.00325736	0.00751959	0.48923
0.152409	0.0346734	0.312951
0.391148	0.0505927	0.0582911
0.108548	0.32553	0.0659405
0.350643	0.124683	0.0246945
0.290646	0.178016	0.0313743
0.104488	0.321012	0.0745142
0.205273	0.230701	0.0640494
0.0254607	0.227303	0.247264
0.0835931	0.32493	0.0914897
0.174852	0.264197	0.0609856
0.416731	0.0735453	0.00975423
0.330082	0.137014	0.0329162
0.214964	0.224078	0.0609846
0.389786	0.0504166	0.0598327
0.332343	0.117643	0.0500531
0.399691	0.07089	0.0294694
0.229353	0.139876	0.130811
0.303066	0.0632035	0.133751
0.0782425	0.348103	0.0736679
0.13119	0.263102	0.10572
0.284245	0.0615589	0.154205
0.33752	0.106732	0.0557674
0.115144	0.154006	0.230859
0.270491	0.0473408	0.182183
0.0567504	0.438578	0.00468432
0.12428	0.174125	0.201608
0.0827132	0.278255	0.139678
0.19003	0.0861643	0.22383
0.00200745	0.150925	0.347076
0.0127843	0.328184	0.159046
0.102748	0.162864	0.2344
0.365874	0.0344525	0.0996858
0.0462333	0.360346	0.0934309
0.0327248	0.157541	0.309745
0.354917	0.0893407	0.0557789
0.19207	0.21303	0.0949079
0.182244	0.275912	0.0418526
0.277443	0.145028	0.07754
0.0064591	0.382044	0.111526
0.408596	0.0734313	0.017995
0.118154	0.229999	0.15186
0.0643877	0.353954	0.0816905
0.0967438	0.0393926	0.363874
0.0864318	0.205043	0.208538
0.172236	0.210181	0.117593
0.448628	0.0460808	0.00530212
0.0580737	0.392072	0.0498801
0.0147399	0.118124	0.367185
0.310572	0.187856	0.00157984
0.455837	0.00660899	0.0376285
0.0841894	0.199723	0.216113
0.0997281	0.112211	0.288072
0.346576	0.109596	0.0438487
0.143389	0.191937	0.164695
0.291967	0.181029	0.0270131
0.242556	0.132476	0.124975
0.12506	0.12995	0.245013
0.00795344	0.484064	0.00799789
0.204888	0.291287	0.00383724
0.0269642	0.21744	0.255613
0.0457544	0.368559	0.0857013
0.047812	0.449763	0.00243372
0.135681	0.258406	0.105922
0.219771	0.121241	0.158993
0.0140714	0.00647648	0.479478
0.0148774	0.111682	0.373457
0.237798	0.228325	0.0338935
0.0992665	0.196564	0.204184
0.157382	0.0311262	0.311564
0.424899	0.0693083	0.00579728
0.279966	0.0565827	0.163515
0.101293	0.204553	0.194169
0.0224416	0.318576	0.158995
0.0322372	0.467158	0.000618438
0.213365	0.283993	0.00264975
0.480907	0.00472686	0.0143942
0.129132	0.248958	0.121921
0.00674799	0.0207972	0.472499
0.210225	0.253944	0.0358444
0.496912	0.00309759	0
0.370072	0.101528	0.028476
0.00878582	0.491221	0
0.0127156	0.295959	0.191355
0.148996	0.0119229	0.339094
0.0809736	0.0893597	0.32972
0.314674	0.0555425	0.129808
0.255228	0.135851	0.108961
0.000689133	0.0532673	0.446074
0.487223	0.00204913	0.0108104
0.0324243	0.193372	0.27423
0.227417	0.124208	0.148385
0.400651	0.0116175	0.0877426
0.20014	0.170074	0.129807
0.053951	0.0877177	0.358343
0.234129	0.122386	0.143492
0.00728386	0.445158	0.0475652
0.041883	0.0243479	0.43378
0.0895627	0.00304301	0.407406
0.0854703	0.407117	0.00744448
0.265567	0.167095	0.0673552
0.00597425	0.224648	0.269392
0.167117	0.203987	0.12897
0.0187665	0.475945	0.00530215
0.23268	0.0887159	0.178619
0.00251325	0.0674876	0.43005
0.461252	0.0261677	0.0126085
0.361487	0.0926121	0.0459469
0.000811788	0.0480157	0.451191
0.17025	0.0136625	0.316103
0.0370437	0.0702693	0.392744
0.296892	0.076063	0.127065
0.135809	0.0108986	0.353311
0.325823	0.174191	0
0.388561	0.0248144	0.0866543
0.435701	0.052009	0.012315
0.0350437	0.0789878	0.385979
0.217645	0.11528	0.167112
0.214774	0.113759	0.1715
0.278362	0.141273	0.0803767
0.261531	0.146992	0.091491
0.0744869	0.127605	0.297923
0.17681	0.0181842	0.305018
0.107399	0.20655	0.186129
0.163466	0.331669	0.00487349
0.136911	0.240816	0.122282
0.0247673	0.058384	0.416857
0.000460274	0.00884466	0.490725
0.0285994	0.222907	0.248502
0.0921651	0.287325	0.120517
0.362638	0.0975426	0.0398647
0.117026	0.238201	0.144786
0.194383	0.233772	0.0718629
0.0754341	0.100516	0.324107
0.112724	0.316482	0.0708097
0.197033	0.24267	0.0603147
0.0952473	0.014413	0.390353
0.258782	0.0263919	0.214838
0.321721	0.0649888	0.113354
0.000127084	0.00550153	0.494377
0.066864	0.0971193	0.336091
0.0497409	0.387685	0.0625841
0.417371	0.0750083	0.00762973
0.441364	0.0219362	0.0367627
0.00702237	0.429176	0.0638114
0.0264635	0.193271	0.280278
0.124425	0.375272	0.000308748
0.153627	0.334797	0.0115945
0.442953	0.0355466	0.0215112
0.329837	0.137367	0.0328093
0.0731227	0.0409089	0.385979
0.0221992	0.0102174	0.467612
0.0664443	0.178305	0.255278
0.223383	0.268648	0.00797658
0.136052	0.0718855	0.292109
0.0447021	0.41982	0.0355422
0.348698	0.0689992	0.0823709
0.000555064	0.0430669	0.456407
0.147448	0.0318348	0.320782
0.0512666	0.0492243	0.399531
0.186681	0.0711778	0.242151
0.0509756	0.413508	0.0355826
0.37776	0.0967814	0.0255325
0.160852	0.309184	0.0299758
0.223477	0.269951	0.0065862
0.016137	0.187851	0.296028
0.430063	0.0213745	0.0485713
0.18779	0.0716002	0.24062
0.00107061	0.0358331	0.463103
0.466513	0.0278878	0.00561429
0.252088	0.246835	0.00108933
0.291977	0.184564	0.0235345
0.0184956	0.201237	0.280276
0.25821	0.128011	0.113791
0.0098477	0.0522094	0.437958
0.476512	0.00463453	0.0188771
0.177518	0.0174751	0.305016
0.473077	0.0268386	0.000112531
0.0369031	0.19513	0.267978
0.0101122	0.396466	0.0934307
0.333312	0.0599016	0.106809
0.320884	0.134127	0.0450021
0.340992	0.0712776	0.0877428
0.0704126	0.00273297	0.426869
0.0174731	0.164368	0.31817
0.00115242	0.495879	0.00297719
0.105022	0.0152344	0.379754
0.110185	0.340056	0.0497841
0.0383537	0.400772	0.0608791
0.0302273	0.20693	0.26285
0.209214	0.030964	0.259839
0.00622175	0.233955	0.259838
0.040585	0.410614	0.0488253
0.0391213	0.287478	0.174336
0.382001	0.0841219	0.0338935
0.384812	0.0946261	0.0205719
0.433081	0.0195657	0.0473607
0.0612422	0.0811016	0.357665
0.0121052	0.00197164	0.485946
0.247167	0.0834657	0.169443
0.0272783	0.299318	0.174335
0.0368679	0.0218104	0.441333
0.395284	0.0973067	0.00744454
0.0609348	0.390264	0.0488253
0.00786487	0.478674	0.0134734
0.0314213	0.462971	0.00562074
0.152936	0.0302624	0.316869
0.263996	0.168667	0.0673554
0.062197	0.314642	0.123174
0.331455	0.0862439	0.0823714
0.0196412	0.291131	0.1893
0.0152424	0.307032	0.177782
0.0301032	0.456477	0.0134266
0.0305466	0.455912	0.0135568
0.181318	0.201104	0.117594
0.0693614	0.227526	0.203123
0.439282	0.0246158	0.0361088
0.185024	0.256599	0.0583932
0.273172	0.03259	0.194304
0.00514258	0.445044	0.0550808
0.0793422	0.109639	0.311034
0.0151261	0.207314	0.277574
0.125856	0.364434	0.0152918
0.136198	0.00673778	0.357077
0.0493187	0.374243	0.076451
0.165897	0.279107	0.0550076
0.1703	0.155395	0.174318
0.119401	0.295184	0.0854255
0.318595	0.0210913	0.16033
0.340507	0.0419409	0.117564
0.0455923	0.242486	0.211946
0.42948	0.022519	0.0480126
0.00595005	0.353534	0.140531
0.312601	0.179627	0.00778067
0.0110157	0.488411	0.0005819
0.415511	0.0365954	0.0479078
0.117424	0.200436	0.182146
0.0289452	0.471058	8.52206e-06
0.00714439	0.343399	0.149467
0.288681	0.121198	0.0901329
0.219516	0.0604714	0.220023
0.070349	0.0300054	0.399654
0.0624592	0.292052	0.145504
0.485605	0.0143936	9.31558e-06
0.379351	0.056349	0.0643054
0.0297886	0.0193115	0.45091
0.18807	0.271976	0.0452168
0.401796	0.0481224	0.0501067
0.194314	0.275382	0.0303123
0.209218	0.221408	0.0693797
0.154851	0.333416	0.0117425
0.000682448	0.456154	0.0431758
0.0198954	0.0685277	0.411591
0.0413349	0.078342	0.380332
0.0774725	0.418826	0.00370984
0.179001	0.248649	0.0723589
0.0508486	0.115549	0.33361
0.14039	0.301304	0.0583224
0.00839886	0.403696	0.0879147
0.174202	0.245462	0.0803453
0.122946	0.349393	0.0276744
0.00534921	0.0117417	0.482925
0.305466	0.194009	0.00053546
0.242141	0.215547	0.0423197
0.130826	0.26348	0.105702
0.298512	0.17128	0.0302183
0.0673136	0.151208	0.281491
0.0276436	0.330599	0.141768
0.0576818	0.0739661	0.368377
0.0186445	0.481171	0.000196248
0.44618	0.0537907	4.46935e-05
0.0820254	0.113347	0.304656
0.125614	0.358624	0.0157701
0.159114	0.314216	0.0266852
0.245416	0.039363	0.215245
0.5	0	9.31561e-06
0.0091197	0.000946328	0.489941
0.0720951	0.162654	0.265261
0.0306935	0.465498	0.00381824
0.109556	0.0144887	0.37597
0.00252645	0.496902	0.000580774
0.105393	0.0766302	0.318748
0.000685267	0.458038	0.0412906
0.40726	0.0727273	0.0200474
0.250106	0.216865	0.0384846
0.00448371	0.133874	0.361657
0.160386	0.218744	0.120885
0.423504	0.0233992	0.0531028
0.470473	0.0254708	0.00406848
0.462782	0.0306367	0.00659887
0.232263	0.0975113	0.170237
0.225879	0.266793	0.00734346
0.024652	0.29786	0.177498
0.0644459	0.310101	0.125466
0.13351	0.0719597	0.294556
0.139821	0.288456	0.0717307
0.383746	0.0128415	0.103422
0.279925	0.129955	0.0901333
0.014912	0.320717	0.164377
0.0291759	0.00301372	0.467818
0.026132	0.0877373	0.386144
0.332697	0.0382252	0.129085
0.326983	0.0378446	0.135183
0.477903	0.0219776	0.000129443
0.0952516	0.282199	0.122561
0.17692	0.25073	0.0723589
0.410252	0.0658015	0.0239566
0.190745	0.120391	0.188877
0.0499636	0.112445	0.337603
0.0918984	0.309031	0.0990868
0.0859486	0.389935	0.0241271
0.0204169	0.437041	0.0425513
0.0539974	0.00357468	0.442444
0.107012	0.0778078	0.31519
0.0452191	0.129099	0.32569
0.217621	0.0127837	0.269605
0.0906077	0.0866536	0.322749
0.0979837	0.336716	0.0653176
0.336802	0.14447	0.0187403
0.0256465	0.0279894	0.446375
0.0344268	0.428129	0.0374524
0.0606099	0.175485	0.26392
0.317105	0.182815	9.26863e-05
0.171136	0.0785382	0.250343
0.301535	0.0632941	0.135183
0.0175214	0.434477	0.0480125
0.252403	0.160053	0.0875542
0.458368	0.0275555	0.0140873
0.0734385	0.165684	0.260891
0.0848696	0.38504	0.030103
0.112368	0.371036	0.0166443
0.270601	0.10047	0.128939
0.387124	0.0156338	0.0972499
0.0368721	0.00464809	0.458487
0.420159	0.0704991	0.0101033
0.00331117	0.000837312	0.495858
0.0560841	0.188187	0.255738
0.183395	0.0817877	0.234823
0.203253	0.185463	0.111299
0.0751199	0.410865	0.0140226
0.156025	0.0712381	0.272749
0.395126	0.0649199	0.0452169
0.23927	0.243882	0.016856
0.200212	0.0120361	0.287762
0.0781002	0.392428	0.0294908
0.0820772	0.411373	0.00656117
0.106169	0.326221	0.0676196
0.375685	0.090457	0.0338752
0.141814	0.130732	0.227466
0.293771	0.0394327	0.166808
0.198523	0.147685	0.1538
0.214504	0.053702	0.231813
0.0937804	0.12474	0.28149
0.397454	0.0222719	0.0802809
0.110305	0.197133	0.19257
0.0663476	0.00411521	0.42955
0.322933	0.127452	0.0496267
0.369642	0.105737	0.0246441
0.205129	0.204013	0.0908666
0.357183	0.0439948	0.0988347
0.148645	0.317386	0.0339831
0.000360531	0.0226832	0.476966
0.48519	0.00560166	0.0101061
0.0609149	0.284831	0.154269
0.214754	0.0625101	0.222749
0.0745492	0.00168657	0.423774
0.0473899	0.346172	0.106455
0.0354025	0.397684	0.0669283
0.472844	0.0217449	0.00542129
0.234431	0.0804552	0.185125
0.00356932	0.106572	0.389869
0.148967	0.0511246	0.29992
0.112349	0.379569	0.0080967
0.3033	0.017005	0.17971
0.291444	0.190051	0.0185133
0.0963544	0.0537282	0.349934
0.328654	0.138348	0.0330113
0.259545	0.235969	0.00449771
0.147235	0.050636	0.30214
0.00396446	0.0558302	0.440216
0.390546	0.0371038	0.0723588
0.293947	0.031294	0.174767
0.0437508	0.124907	0.33135
0.0179526	0.0642417	0.41782
0.00790588	0.0980079	0.394098
0.350806	0.0527005	0.0965014
0.235853	0.017093	0.247063
0.451919	0.0475567	0.00053546
0.0232082	0.236652	0.24015
0.0893413	0.00463137	0.406044
0.00355513	0.483536	0.0129163
0.346991	0.145678	0.00734342
0.229222	0.261489	0.0092985
0.0309969	0.0087743	0.46025
0.198132	0.011911	0.289969
0.183513	0.0818401	0.234654
0.0895423	0.0793472	0.365167
0.0582569	0.119011	0.322761
0.0225907	0.230356	0.247064
0.100353	0.0586695	0.340993
0.454792	0.0451934	3.56325e-05
0.254445	0.226827	0.0187403
0.362927	0.0222056	0.114881
0.365315	0.0179118	0.11679
0.372979	0.0182876	0.108747
0.0567685	0.0101375	0.433128
0.0613213	0.139347	0.29934
0.102356	0.339265	0.0583931
0.0384601	0.424097	0.0374525
0.000265912	0.0937063	0.406042
0.00350313	0.0300559	0.466454
0.113321	0.382852	0.00384756
0	0.5	0
0.356672	0.0593242	0.0840116
0.246669	0.248421	0.00492559
0.0604342	0.193262	0.246318
0.0650079	0.210149	0.224858
0.38075	0.0404626	0.0788022
0.0354779	0.266542	0.197995
0.420301	0.045366	0.0343393
0.196414	0.0303627	0.273229
0.481949	0.0101283	0.00793204
0.235622	0.241631	0.0227689
0.249971	0.203946	0.0460884
0.0204897	0.00851954	0.470998
0.337915	0.141463	0.0206252
0.364019	0.079538	0.0564507
0.393949	0.0860778	0.0199885
0.348071	0.0210794	0.130858
0.181268	0.231211	0.087533
0.130631	0.0324352	0.336947
0.471992	0.00596577	0.0220515
0.018191	0.289151	0.19267
0.0423462	0.0160503	0.441625
0.0202296	0.0799234	0.399855
0.0956233	0.371254	0.0331259
0.274398	0.0712731	0.154345
0.193744	0.160723	0.145565
0.175517	0.0105628	0.313928
0.380637	0.0197146	0.0996536
0.300358	0.0254352	0.174215
0.129481	0.21384	0.156692
0.0132207	0.486184	0.000601411
0.0327038	0.416777	0.0505329
0.102878	0.0979648	0.299175
0.1122	0.293744	0.0940624
0.126799	0.345566	0.0276427
0.0436514	0.0749637	0.38139
0.212861	0.0491635	0.237985
0.0402784	0.272449	0.187277
0.0868864	0.0363736	0.376745
0.137721	0.129292	0.233029
0.218601	0.0922051	0.189203
0.343206	0.147522	0.00927367
0.101807	0.0430176	0.355179
0.00962194	0.377737	0.112652
0.339751	0.157477	0.00277886
0.094922	0.0142088	0.390876
0.048707	0.406471	0.0448383
0.107739	0.228449	0.163822
0.452251	0.0340936	0.0136654
0.101598	0.17788	0.220535
0.106688	0.113184	0.280135
0.0363931	0.0286965	0.434915
0.02502	0.397701	0.0772879
0.427105	0.052298	0.0206103
0.123618	0.100956	0.275458
0.0532939	0.18614	0.260573
0.161831	0.285139	0.0530398
0.159044	0.0495577	0.291414
0.000851497	0.328194	0.204782
0.0792455	0.282271	0.138495
0.488879	0.00584207	0.00528717
0.0265339	0.0113575	0.462114
0.0640267	0.0178506	0.418132
0.220172	0.254398	0.0254388
0.150774	0.171594	0.17765
0.0293909	0.12655	0.344071
0.44634	0.0244731	0.0291978
0.373571	0.115977	0.0104651
0.24117	0.100999	0.157843
0.0669296	0.222787	0.210294
0.0127515	0.453193	0.0340626
0.321888	0.105156	0.0729673
0.145128	0.321056	0.0338341
0.165424	0.00622646	0.32838
0.0770528	0.167019	0.255944
0.441316	0.0340134	0.0246742
0.126954	0.110286	0.262775
0.140418	0.299854	0.0597444
0.161088	0.189178	0.149747
0.0170601	0.435164	0.0477844
0.00698038	0.00725418	0.485784
0.012978	0.464841	0.0221877
0.0163347	0.470362	0.0133119
0.22738	0.153254	0.11937
0.278989	0.0376049	0.183426
0.0733922	0.257894	0.168723
0.00321629	0.445011	0.0517739
0.18705	0.0605189	0.252439
0.0431022	0.00261029	0.454291
0.169187	0.0063681	0.324451
0.260979	0.197213	0.0418121
0.0471744	0.400996	0.0518464
0.00842572	0.275914	0.215672
0.143366	0.317157	0.0394876
0.264009	0.0937883	0.142218
0.210088	0.174282	0.115663
0.116906	0.0120328	0.371066
0.0394498	0.261858	0.198709
0.0979626	0.339571	0.0624777
0.171624	0.00645983	0.321933
0.0196312	0.304711	0.175662
0.0387773	0.422939	0.0382893
0.0110348	0.061536	0.427435
0.414923	0.0212956	0.063793
0.192307	0.0115732	0.296126
0.0493773	0.0880039	0.362638
0.29332	0.0194088	0.187279
0.0556422	0.0235065	0.420858
0.40749	0.00556888	0.086946
0.410442	0.0895186	5.43023e-05
0.13344	0.332553	0.0340245
0.277138	0.219496	0.00336683
0.0289072	0.124468	0.346637
0.097645	0.0146164	0.387746
0.00719772	0.20726	0.285559
0.185201	0.144199	0.170611
0.0801031	0.00784601	0.412083
0.147691	0.0475799	0.304736
0.20479	0.0123245	0.282891
0.134233	0.0555048	0.310272
0.256082	0.174622	0.0693069
0.314777	0.103223	0.0820092
0.110141	0.388733	0.00575007
0.371835	0.117713	0.0104651
0.254203	0.0320365	0.213776
0.0685722	0.239502	0.191932
0.0853533	0.366836	0.0478229
0.0892085	0.0277498	0.383061
0.0319647	0.137632	0.330416
0.31181	0.150729	0.0374735
0.456543	0.0273858	0.0160815
0.459043	0.0248856	0.0160815
0.495476	0.00592091	0.00322599
0.270284	0.11315	0.116571
0.0137873	0.428108	0.0581157
0.0930041	0.351249	0.0557671
0.0551189	0.176264	0.268626
0.0824548	0.00807636	0.409479
0.328012	0.0195136	0.152483
0.044367	0.235818	0.219827
0.0661066	0.182517	0.251385
0.306762	0.163415	0.029839
0.062796	0.0685011	0.368709
0.113077	0.308828	0.0781112
0.183726	0.0506471	0.265647
0.00339618	0.032825	0.463786
0.135891	0.23423	0.129893
0.0502952	0.0858832	0.363836
0.00669141	0.00106717	0.492252
0.229712	0.106473	0.16382
0.0879314	0.093054	0.319021
0.266077	0.19002	0.0439113
0.120394	0.127408	0.252204
0.0217262	0.382098	0.0961843
0.116406	0.261672	0.121931
0.282917	0.0641323	0.152965
0.00421786	0.438095	0.0576995
0.327505	0.0200203	0.152483
0.0739265	0.392933	0.0331566
0.308719	0.0229579	0.16833
0.00355857	0.492369	0.00407407
0.43178	0.0044909	0.0637409
0.0539083	0.0225678	0.42353
0.146371	0.342415	0.0112207
0.0830634	0.0686421	0.348308
0.290597	0.00367302	0.205744
0.0227276	0.45264	0.0246466
0.291716	0.0845297	0.123762
0.139198	0.327555	0.0332684
0.0703533	0.162675	0.267003
0.114493	0.312694	0.0728185
0.434502	0.0427487	0.0227688
0.00985443	0.47684	0.0133119
0.00040424	0.0195789	0.480023
0.0622646	0.144594	0.293146
0.226358	0.0941188	0.179536
0.074512	0.359809	0.0656855
0.287499	0.205319	0.00719327
0.313628	0.066724	0.119658
0.00610864	0.0138745	0.480023
0.130437	0.121559	0.248014
0.288174	0.106501	0.105332
0.0445498	0.00952833	0.445929
0.465863	0.00990526	0.0242428
0.0230012	0.0250846	0.45192
0.367609	0.0211071	0.111292
0.00425176	0.00181439	0.493939
0.154393	0.0408787	0.304737
0.00995798	0.384719	0.105332
0.302661	0.0643907	0.13296
0.317461	0.169039	0.0135103
0.02037	0.479072	0.000562996
0.320835	0.134558	0.0446191
0.210567	0.224003	0.0654368
0.0129715	0.443474	0.0435594
0.203039	0.0122191	0.284746
0.00746647	0.278435	0.214109
0.0154223	0.426474	0.0581159
0.0528765	0.293659	0.153527
0.0261201	0.401224	0.0726993
0.0118241	0.373929	0.114268
0.0914985	0.391465	0.0170747
0.0866449	0.0080699	0.405316
0.392698	0.0884443	0.0188703
0.0718067	0.250822	0.177397
0.101226	0.0921007	0.306694
0.0280677	0.411416	0.0605215
0.403589	0.0403271	0.0561008
0.0173599	0.019535	0.463121
0.375478	0.0394105	0.0851347
0.0056088	0.00631156	0.488097
0.0160109	0.423479	0.0605224
0.0603027	0.340629	0.0991103
0.334491	0.0729203	0.0925959
0.483429	0	0.0166053
0.20375	0.22901	0.0672513
0.492066	0	0.00794476
0.267414	0.171154	0.0614665
0.368634	0.022207	0.109173
0.199735	0.287651	0.0126219
0.0356468	0.0983589	0.366013
0.179674	0.197297	0.123042
0.182463	0.108038	0.209507
0.384192	0.0232205	0.092596
0.349214	0.00511441	0.145679
0.132483	0.338875	0.0286524
0.0666729	0.050618	0.382723
0.19414	0.207414	0.098457
0.187677	0.111935	0.200408
0.0131714	0.481643	0.00521047
0.281849	0.178629	0.0395361
0.0238788	0.417188	0.0589878
0.0362396	0.0381592	0.425617
0.455943	0.0289625	0.0151074
0.25309	0.140965	0.105965
0.235244	0.0432523	0.221546
0.113131	0.182257	0.204657
0.00557633	0.352505	0.141928
0.157325	0.0801581	0.26254
0.0386699	0.332863	0.128481
0.290913	0.0712711	0.137824
0.103245	0.0945876	0.302186
0.240387	0.0711018	0.18856
0.0145463	0.460355	0.0251129
0.0114695	0.295308	0.193232
0.148476	0.264751	0.0867843
0.0417659	0.369154	0.0891427
0.0190468	0.361975	0.118993
0.307028	0.0100586	0.182938
0.062684	0	0.437335
0.0288265	0.0167227	0.454469
0.313019	0.0450631	0.141928
0.0290258	0.000666782	0.470324
0.190857	0.0177865	0.291362
0.207214	0.212487	0.0803203
0.373525	0.0633306	0.0631569
0.0400462	0.44168	0.0182907
0.00656108	0.161481	0.331974
0.0662442	0.257513	0.176255
0.134776	0.115226	0.250034
0.141557	0.0838172	0.274639
0.00145932	0.0542908	0.444272
0.120383	0.175957	0.203678
0.00913835	0.318572	0.17231
0.153767	0.0519317	0.294316
0.430347	0.0326389	0.037036
0.259493	0.149574	0.0909457
0.474824	0.0111827	0.0140053
0.175371	0.219898	0.104749
0.0975326	0.236953	0.165563
0.0288981	0.0384636	0.43267
0.0219724	0.453944	0.024108
0.0804972	0.0405086	0.379008
0.155075	0.116005	0.228931
0.324594	0.0164188	0.159012
0.00264393	0.186183	0.311185
0.169745	0.225523	0.104749
0.159748	0.0606097	0.279659
0.44785	0.000892194	0.0512696
0.107172	0.153109	0.239781
0.0729661	0.312413	0.114633
0.0630437	0.0495232	0.387448
0.36058	0.0812106	0.0582226
0.185975	0.267947	0.0461004
0.00701497	0.465668	0.0273372
0.0296484	0.30788	0.162486
0.321548	0.0583265	0.120134
0.231377	0.203443	0.0651893
0.0510394	0.283456	0.165567
0.145131	0.0847626	0.270118
0.467567	0.0252532	0.00721132
0.264169	0.144899	0.0909458
0.0327004	0.0965694	0.370755
0.436369	0.0109688	0.0526784
0.355154	0.0457742	0.0991094
0.146546	0.0867711	0.266701
0.0313717	0.432531	0.0361239
0.0463926	0.0421267	0.411492
0.0745505	0.324153	0.101306
0.387855	0.0167154	0.0954556
0.197995	0.24431	0.0577064
0.288708	0.0683502	0.142957
0.418058	0.0121818	0.0697717
0.0936391	0.0095188	0.396878
0.325788	0.0424382	0.131811
0.00346144	0.137633	0.358948
0.0575723	0.271856	0.170598
0.162754	0.0575998	0.279653
0.00538556	0.10235	0.392868
0.310104	0.113081	0.0768612
0.0395983	0.432077	0.0283401
0.178146	0.21712	0.104748
0.230303	0.136365	0.133345
0.351361	0.0371246	0.111534
0.24515	0.189671	0.0651895
0.117338	0.127285	0.255391
0.0560391	0.0706345	0.373366
0.287439	0.157964	0.0546134
0.0478733	0.00527828	0.446879
0.0418622	0.241243	0.216914
0.338509	0.0474259	0.114071
0.00394346	0.183144	0.312924
0.0179	0.473445	0.00866581
0.0432581	0.00613239	0.450632
0.412662	0.0445575	0.0427874
0.0819002	0.0053795	0.412735
0.126533	0.12506	0.248425
0.0406926	0.273886	0.185492
0.05702	0.354993	0.0880184
0.422697	0.0407653	0.0371231
0.187475	0.302028	0.0105038
0.424875	0.0559569	0.019182
0.0033449	0.211447	0.285224
0.149971	0.327462	0.0225805
0.221268	0.235616	0.0431318
0.00943446	0.131653	0.358932
0.0729632	0.395122	0.0319331
0.0111345	0.190588	0.298292
0.299604	0.164175	0.03623
0.23848	0.258698	0.00283683
0.110899	0.100903	0.288231
0.139747	0.146655	0.213651
0.44003	0.0567135	0.00329381
0.00455097	0.495092	0.000374486
0.0330858	0.123278	0.343659
0.24901	0.214339	0.0366938
0.0786281	0.00215758	0.419221
0.462565	0.0143336	0.0231101
0.10873	0.278117	0.11316
0.107163	0.15611	0.236753
0.146647	0.0319594	0.321409
0.0101939	0.488472	0.00134702
0.0829105	0.0302338	0.386877
0.450648	0.0341786	0.0151932
0.0920826	0.0835495	0.324403
0.119011	0.321467	0.059534
0.0760393	0.00474632	0.419221
0.0180317	0.476927	0.00506915
0.0844166	0.192245	0.223414
0.0338138	0.127768	0.338443
0.0913269	0.23399	0.174694
0.16778	0.148432	0.183833
0.181614	0.270388	0.0480055
0.278333	0.130809	0.0908699
0.218021	0.068859	0.213149
0.143397	0.305346	0.0512697
0.303279	0.119903	0.0768606
0.229362	0.168537	0.102168
0.031575	0.30292	0.165567
0.342707	0.0588504	0.0984578
0.00687001	0.395197	0.0979437
0.107677	0.15686	0.235489
0.252683	0.0773194	0.170895
0.17457	0.00706049	0.318411
0.0201986	0.360824	0.118993
0.184757	0.297648	0.0176446
0.024886	0.215093	0.260039
0.12806	0.269812	0.102162
0.472784	0.0144165	0.012841
0.0601885	0.103575	0.336261
0.0774174	0.328037	0.0945782
0.183628	0.201638	0.114748
0.1652	0.105881	0.228932
0.222736	0.11479	0.162486
0.109634	0.160246	0.230133
0.171491	0.105158	0.223404
0.044819	0.231121	0.224114
0.273815	0.191695	0.034553
0.060036	0.0853181	0.354689
0.199175	0.0182959	0.28254
0.0782115	0.0711613	0.350649
0.00775873	0.16507	0.327187
0.340886	0.083995	0.0751554
0.302446	0.0519367	0.145628
0.294809	0.0278166	0.177395
0.149032	0.0564607	0.294518
0.1623	0.0558105	0.281899
0.0459064	0.0655365	0.388567
0.0966182	0.17741	0.226036
0.469349	0.0115934	0.0190876
0.0534918	0.018402	0.428115
0.0681411	0.341166	0.0907044
0.0207669	0.421807	0.0574403
0.00232754	0.489881	0.00782272
0.315197	0.00194681	0.18287
0.121589	0.158274	0.220147
0.144877	0.329572	0.0255588
0.118554	0.217689	0.163794
0.337447	0.132633	0.0299523
0.0911455	0.0273671	0.381497
0.000694203	0.0127516	0.486558
0.141033	0.307575	0.0514004
0.346903	0.0442036	0.108907
0.458703	0.0210616	0.02026
0.134504	0.00328041	0.362228
0.254109	0.0304945	0.215433
0.0175048	0.32154	0.160962
0.382605	0.103375	0.0140335
0.359246	0.185794	5.73664e-05
0.0448468	0.00640435	0.448761
0.0713644	0.241162	0.187485
0.215305	0.163306	0.12143
0.111365	0.0478712	0.340797
0.0420222	0.417254	0.0407345
0.329888	0.125907	0.0442409
0.242736	0.224047	0.0332495
0.0105005	3.81526e-05	0.492143
0.0608299	0.0215335	0.417646
0.217107	0.219412	0.0635029
0.0485191	0.0762667	0.375238
0.113227	0.366188	0.0206177
0.285635	0.113711	0.100694
0.176058	0.0678258	0.256127
0.0291924	0.0382578	0.432578
0.0042115	0.138526	0.357278
0.260454	0.204054	0.0355295
0.00115479	0.0989992	0.399876
0.118528	0.116605	0.264882
0.342719	0.14732	0.00999516
0.4229	0.0106302	0.0664832
0.0254931	0.262574	0.21195
0.0285782	0.442787	0.028669
0.234884	0.0933641	0.171782
0.00726713	0.44736	0.0453875
0.491703	0.00831448	0
0.257056	0.209554	0.033403
0.0181062	0.146458	0.335502
0.0338167	0.166141	0.300057
0.127515	0.0464446	0.326074
0.228967	0.246267	0.0247953
0.0846714	0.0836453	0.331698
0.305193	0.122602	0.0722427
0.153192	0.109652	0.237207
0.309071	0.00803926	0.182902
0.131471	0.318678	0.0498601
0.354751	0.107279	0.0379991
0.101922	0.394224	0.00388546
0.365196	0.0593009	0.0755356
0.0888764	0.0898201	0.321325
0.378476	0.0518013	0.0697612
0.414963	0.0646979	0.0203776
0.172176	0.0599215	0.267935
0.0321425	0.237475	0.230409
0.0396205	0.0199133	0.440498
0.157925	0.0679893	0.27412
0.130291	0.024366	0.345379
0.0246599	0.298394	0.17695
0.322932	0.114687	0.0623931
0.404111	0.0134295	0.0824897
0.00571281	0.475611	0.0187078
0.0596616	0.268591	0.171784
0.327072	0.142414	0.0305447
0.0192818	0.453713	0.0270396
0.00224567	0.129414	0.368349
0.300327	0.0869803	0.112721
0.18968	0.154628	0.155707
0.0933895	0.00937754	0.397267
0.0641548	0.20015	0.23573
0.00377616	0.0446353	0.451603
0.145529	0.0500437	0.304435
0.00123037	0.258958	0.239842
0.0354155	0.359271	0.105343
0.394468	0.0874911	0.0180584
0.0423149	0.0162221	0.441473
0.00161846	0.496963	0.00142777
0.251195	0.0382513	0.210567
0.187434	0.252653	0.059944
0.159074	0.0711168	0.269845
0.029993	0.384322	0.0857276
0.371398	0.0530376	0.0755967
0.0689985	0.233167	0.197846
0.0861265	0.0850828	0.328802
0.0326475	0.374684	0.0927005
0.00646404	0.411076	0.0824896
0.0382348	0.149084	0.312715
0.0120185	0.0120069	0.476016
0.264899	0.0336304	0.201502
0.0799229	0.35177	0.068348
0.0776987	0.293147	0.131226
0.478345	0.00765469	0.0140341
0.0110278	0.428958	0.0600253
0.0109115	0.171291	0.317807
0.497058	0.000189397	0.00278144
0.10783	0.388297	0.00388532
0.0614433	0.301871	0.136725
0.26994	0.179796	0.0503055
0.137736	0.313327	0.0489447
0.0321678	0.369178	0.0986888
0.0163817	0.437552	0.0460781
0.268022	0.0921656	0.139842
0.033488	0.0012672	0.467446
0.281519	0.0815331	0.136996
0.211094	0.207669	0.0812494
0.164662	0.0619931	0.273363
0.0566688	0.0296477	0.413715
0.453486	0.0256232	0.0209233
0.42066	0.0216806	0.0603747
0.221717	0.0954142	0.182897
0.186582	0.188563	0.124873
0.429846	0.0280284	0.0421577
0.231099	0.117468	0.151465
0.0229609	0.457216	0.0198398
0.348874	0.137124	0.014034
0.081307	0.34976	0.0689696
0.0191249	0.230876	0.250012
0.396309	0.0765191	0.0272042
0.483568	0.0164417	0
0.436227	0.0514	0.0124136
0.00108051	0.0916053	0.407325
0.183694	0.26815	0.0481677
0.0543976	0.238372	0.207242
0.0573258	0.290501	0.152186
0.204249	0.0613272	0.234431
0.054618	0.0745148	0.370881
0.0139345	0.480908	0.0051739
0.195969	0.273485	0.0305593
0.249271	0.0721935	0.178583
0.353143	0.108274	0.0386124
0.41118	0.0478725	0.040979
0.0119813	0.0120441	0.476016
0.206287	0.190058	0.103668
0.19244	0.160856	0.146713
0.00435807	0.0878838	0.407773
0.12676	0.02372	0.349552
0.385533	0.0353756	0.0791001
0.388185	0.00672613	0.105121
0.37293	0.0117287	0.115372
0.0924185	0.407594	0
0.181167	0.242672	0.0761769
0.179894	0.175692	0.144446
0.247259	0.00428429	0.248464
0.440582	0.0091477	0.0503048
0.0387369	0.34492	0.116357
0.288909	0.0774681	0.13364
0.137743	0.0518783	0.310408
0.0132479	0.462967	0.023795
0.069862	0.277775	0.152374
0.228102	0.0810085	0.190902
0.43171	0.0248796	0.0434266
0.169673	0.235206	0.0951344
0.00612808	0.2563	0.237585
0.450671	0.00126725	0.0480718
0.0686279	0.343603	0.087781
0.362104	0.0328047	0.105121
0.444692	0.0229192	0.0324174
0.0623407	0.194284	0.243389
0.0332072	0.381107	0.0857274
0.177609	0.0618506	0.260572
0.209128	0.16134	0.12957
0.225685	0.0969182	0.177424
0.166873	0.205015	0.128132
0.0750465	0.295801	0.131227
0.0168796	0.375832	0.107297
0.194187	0.226739	0.0791034
0.286893	0.19782	0.0152948
0.103418	0.355532	0.0410654
0.00902808	0.286272	0.204711
0.216744	0.170361	0.112934
0.0220664	0.398842	0.0791
0.0109832	0.427224	0.0618071
0.20283	0.273405	0.023796
0.0921191	0.311298	0.0965944
0.0173518	0.0177251	0.464939
0.0160582	0.357543	0.126413
0.151252	0.0520114	0.296746
0.0180786	0.326765	0.155167
0.407004	0.0105416	0.0824908
0.048702	0.205259	0.246068
0.151065	0.213495	0.135467
0.0507327	0.0505532	0.398733
0.00371052	0.470583	0.0257401
0.230514	0.120599	0.148898
0.0048485	0.468306	0.026917
0.229448	0.17133	0.0992336
0.311439	0.0207876	0.167781
0.115316	0.200702	0.184009
0.121501	0.0841692	0.294367
0.362427	0.00849746	0.12908
0.0881183	0.141301	0.270592
0.0669295	0.126655	0.30642
0.00504032	0.453897	0.041072
0.00907686	0.0096787	0.481272
0.112689	0.22476	0.162569
0.25355	0.240522	0.00595901
0.177694	0.301327	0.0209864
0.234367	0.244718	0.0209275
0.306358	0.176191	0.0174723
0.321563	0.0374582	0.140987
0.106364	0.249242	0.144406
0.434608	0.0370011	0.0284005
0.10121	0.252579	0.146247
0.0370063	0.182313	0.280682
0.0871083	0.0901948	0.322703
0.0503517	0.00792623	0.441728
0.0238752	0.0292071	0.44694
0.474146	0.0239887	0.0019457
0.161422	0.115882	0.222733
0.0851727	0.124241	0.290601
0.376222	0.0129624	0.110827
0.385488	0.00642476	0.108097
0.0522312	0.0315584	0.416259
0.426036	0.0362713	0.0377032
0.355692	0.0488072	0.0955141
0.258389	0.155759	0.0858894
0	0.48979	0.010218
0.0604479	0.306168	0.133389
0.0459266	0.0481972	0.40593
0.26241	0.233108	0.00448857
0.200138	0.143675	0.156191
0.205553	0.141881	0.152569
0.170634	0.148893	0.180479
0.104569	0.22061	0.176244
0.168223	0.292784	0.0390224
0.00798381	0.00088378	0.491154
0.0924817	0.0666355	0.340892
0.269609	0.158969	0.071432
0.290307	0.207068	0.00263636
0.138313	0.214527	0.147177
0.293874	0.188675	0.0174723
0.332082	0.163436	0.00448857
0.22382	0.031111	0.245097
0.0789558	0.377704	0.0433649
0.458186	0.0412425	0.000592571
0.371353	0.0581697	0.0704932
0.221404	0.0470983	0.231505
0.190133	0.13794	0.171939
0.0472752	0.175475	0.277256
0.212644	0.208852	0.0785331
0.246204	0.131304	0.122496
0.0643757	0.00927737	0.42637
0.393032	0.0715027	0.0355934
0.0660691	0.0624533	0.371508
0.0489656	0.426355	0.024684
0.19293	0.136109	0.170985
0.297178	0.0752068	0.127629
0.216107	0.0307289	0.253239
0.0123755	0.387164	0.100468
0.00429157	0.00457613	0.49116
0.267439	0.0396183	0.192947
0.000311053	0.415485	0.0842072
0.395209	0	0.104794
0.126329	0.123606	0.250071
0.0894928	0.0644818	0.34603
0.0771632	0.372115	0.0507374
0.0219485	0.363748	0.114413
0.0552848	0.0522592	0.392483
0.482004	0.0110107	0.00700633
0.105054	0.235785	0.159168
0.463754	0.0221612	0.0140903
0.0173466	0.421923	0.0608423
0.0390144	0.448263	0.0127331
0.324452	0.0106019	0.164966
0.335583	0.0971114	0.0673406
0.32824	0.167309	0.0044572
0.280184	0.17898	0.0408422
0.126638	0.112497	0.260873
0.00304416	0.355984	0.140989
0.0584165	0.0907339	0.350884
0.136567	0.269884	0.0935691
0.156562	0.309398	0.0340711
0.0179086	0.262622	0.219585
0.0396039	0.0635064	0.39706
0.144337	0.142842	0.212831
0.274898	0.0279072	0.197197
0.0909278	0.0994415	0.309635
0.0485954	0.0698373	0.381725
0.248469	0.128938	0.122597
0.149007	0.320082	0.0309217
0.0201272	0.43334	0.0465526
0.421846	0.0728729	0.00528509
0.445553	0.0190204	0.0355032
0.0251577	0.28747	0.187397
0.0119231	0.053966	0.434147
0.338072	0.0664262	0.0955138
0.000584861	0.439278	0.0601545
0.380387	0.0811079	0.0385234
0.171854	0.0905844	0.237569
0.347366	0.0927323	0.059921
0.19564	0.298227	0.00616366
0.0540541	0.395172	0.0507973
0.238635	0.185746	0.0756491
0.0313661	0.139011	0.32963
0.158924	0.276599	0.0645075
0.139715	0.335294	0.0249961
0.120668	0.191961	0.187397
0.0402562	0.343889	0.115883
0.13076	0.279455	0.0898061
0.062894	0.059452	0.377665
0.118875	0.325576	0.0555644
0.084846	0.383628	0.0315308
0.181096	0.113671	0.205236
0.343749	0.120829	0.0355036
0.0356958	0.348453	0.115884
0.0298433	0.396628	0.0735359
0.416538	0.0781829	0.00528511
0.242745	0.0349826	0.222297
0.399122	0.0726106	0.02838
0.0420705	0.0944182	0.363518
0.266975	0.153033	0.0800122
0.46832	0.0257792	0.00590917
0.162202	0.00269287	0.335109
0.490879	0.0071806	0.00194951
0.058829	0.126124	0.315079
0.0272229	0.0195599	0.453499
0.0338197	0.350324	0.115882
0.0734619	0.379246	0.0472988
0.403663	0.0881723	0.00818326
0.45255	0.0415706	0.0059031
0.0253051	0.0881221	0.386578
0.0205477	0.0149876	0.46449
0	0.410943	0.0890682
0.0972008	0.194344	0.208585
0.449825	0.0431897	0.00700634
0.164623	0.119449	0.215938
0.155114	0.33255	0.0123602
0.163119	0.228985	0.107902
0.052173	0.357991	0.0898458
0.102534	0.194936	0.202535
0.271827	0.186121	0.0421244
2.36924e-05	0.499504	0.000487193
0.120196	0.0232276	0.35659
0.410699	0.0778257	0.0114838
0.0448657	0.430456	0.0246841
0.0193988	0.476978	0.00362629
0.152633	0.285264	0.0621091
0.151631	0.316205	0.0321763
0.0825566	0.0641699	0.353288
0.440897	0.0326249	0.0264953
0.081014	0.366302	0.0526892
0.0802226	0.00722104	0.412568
0.218206	0.166291	0.115532
0.0707212	0.0529069	0.376393
0.0163397	0.401762	0.0819014
0.179577	0.283387	0.0370445
0.102852	0.104645	0.292779
0.00879933	0.0173201	0.473888
0.27582	0.0441514	0.180035
0.204259	0.295701	5.22339e-05
0.000153882	0.399385	0.100468
0.299791	0.0800317	0.120181
0.00175277	0.129778	0.368476
0.220869	0.0476331	0.231505
0.151947	0.227876	0.120181
0.074671	0.0828543	0.342479
0.0359585	0.054814	0.40925
0.183393	0.313982	0.00263637
0.223016	0.221921	0.0550719
0.0357662	0.00606331	0.458187
0.0185497	0.0282327	0.453494
0.000271054	3.70172e-05	0.499696
0.373152	0.0584514	0.0684126
0.0542369	0.0509209	0.394851
0.499416	0	0.000589579
0.148609	0.319226	0.0321763
0.240719	0.0170846	0.242224
0.00162579	0.407469	0.0909305
0.186729	0.106218	0.207075
0	0.475113	0.0248905
0.285505	0.2145	0
0.014674	0.010904	0.474431
0.281711	0.214195	0.00410088
0.406916	0.0576811	0.035505
0.412095	0.079727	0.00818305
0.0373355	0.183935	0.278755
0.0631145	0.109848	0.327044
0.291647	0.0302973	0.178064
0.0428916	0.0962611	0.360854
0.23577	0.0141721	0.250078
0.0995909	0.344859	0.0555642
0	0.500001	0
0.0104673	0.477292	0.012262
0.0247458	0.12554	0.349723
0.0544084	0.0657376	0.37986
0.0824783	0.234792	0.182745
0.40122	0.0741523	0.0246439
0.487272	0.00825086	0.00450913
0.140118	0.222603	0.137292
0.0508708	0.0617672	0.38737
0.363706	0.115048	0.0212653
0.00498924	0.493402	0.00161685
0.255561	0.240956	0.00349984
0.106832	0.315716	0.0774697
0.205451	0.0990791	0.195491
0.115289	0.121301	0.263429
0.250559	0.0263231	0.223131
0.1042	0.156661	0.239157
0.02307	0.00306964	0.47387
0.338123	0.0771582	0.0847324
0.409819	0.044824	0.0453708
0.0297293	0.0487787	0.421519
0.156072	0.270541	0.0734306
0.0637769	0.418526	0.0177149
0.0495679	0.0236379	0.42681
0.075304	0.321378	0.103327
0.231778	0.218127	0.0501067
0.0440913	0.0167181	0.439206
0.357623	0.130522	0.0118632
0.0534699	0.0697137	0.376833
0.44371	0.0116981	0.0446254
0.195537	0.304477	0
0.133314	0.343847	0.0228458
0.00126812	0.0169287	0.481813
0.0416202	0.370788	0.0876114
0.223145	0.0816027	0.19527
0.0194315	0.324052	0.15655
0.000797684	0.0117148	0.487503
0.0486441	0.058773	0.392594
0.197369	0.264616	0.0380283
0.452581	0.0360366	0.0113924
0.051422	0.431855	0.0167439
0.210467	0.187092	0.102464
0.0803527	0.379461	0.0401985
0.119375	0.11242	0.26823
0.275279	0.0765686	0.148179
0.301847	0.0906097	0.107556
0.291062	0.0309817	0.177974
0.166064	0.0160851	0.317862
0.390151	0.0415291	0.0683559
0.0114984	0.0541327	0.43438
0.059032	0.138783	0.302196
0.05199	0.327755	0.12028
0.107751	0.363383	0.028889
0.031493	0.00742699	0.461119
0.469854	0.0155235	0.0146424
0.474916	0.0206324	0.0044724
0.0666774	0.405934	0.0273982
0.371166	0.0287317	0.10011
0.0136769	0.439708	0.0466241
0.286779	0.160654	0.0525759
0.127312	0.102858	0.269851
0.0359442	0.442806	0.0212652
0.256316	0.0185433	0.225154
0.431403	0.00183287	0.0667785
0.218042	0.0248882	0.257087
0.189805	0.300201	0.0100164
0.0149161	0.0717106	0.413384
0.499456	0.000296479	0.000258856
0.0258331	0.472501	0.00168261
0.344891	0.123433	0.0317019
0.437742	0.0539035	0.00836209
0.0134976	0.146631	0.339883
0.0158805	0.42714	0.0569883
0.423265	0.0451831	0.0315718
0.0280206	0.351719	0.120278
0.0034833	0.141421	0.35511
0.246153	0.248096	0.00575583
0.161701	0.256654	0.0816505
0.179913	0.196658	0.123446
0.306069	0.158671	0.0352756
0.103826	0.0298011	0.366391
0.0984131	0.105072	0.29653
0.00959007	0.271612	0.218809
0.0255033	0.466469	0.00804847
0.236992	0.252047	0.010975
0.00347682	0.0450468	0.451489
0.260704	0.00686916	0.232448
0.0159921	0.206648	0.277375
0.201302	0.00919301	0.289521
0.138111	0.000846453	0.361063
0.48021	0.0153414	0.00447244
0.192138	0.190066	0.117826
0.0652499	0.397243	0.0375149
0.0734589	0.386353	0.0401984
0.145668	0.149084	0.205261
0.146858	0.333637	0.0195088
0.181071	0.155412	0.163566
0.0855867	0.391575	0.0228458
0.0900917	0.0960755	0.313853
0.279836	0.0198994	0.200331
0.376307	0.0173196	0.106387
0.0397367	0.0137811	0.446501
0.0145075	0.193667	0.291834
0.0608181	0.424155	0.0150397
0.0690272	0.0592455	0.371766
0.160744	0.170822	0.168447
0.125873	0.0411258	0.333026
0.294061	0.0227542	0.18319
0.0308242	0.0102726	0.458916
0.111653	0.117476	0.270892
0.297432	0.0796699	0.12291
0.103226	0.163993	0.232795
0.226654	0.209805	0.0637198
0.0467913	0.165501	0.287721
0.0369005	0.447109	0.016012
0.00799907	0.152129	0.339881
0.0705693	0.215301	0.21415
0.139945	0.054841	0.305235
0.170344	0.172944	0.156752
0.0926961	0.00258969	0.404729
0.00268605	0.170616	0.326732
0.00299446	0.13868	0.358337
0.121214	0.131268	0.247582
0.288471	0.0827999	0.128746
0.0788843	0.359376	0.061773
0.414069	0.00925537	0.0767135
0.381225	0.0163351	0.102464
0.0873462	0.0416536	0.371015
0.0967401	0.155739	0.24758
0.187259	0.296726	0.0160435
0.114806	0.13398	0.251217
0.141237	0.188566	0.170215
0.176765	0.191109	0.132302
0.154328	0.156677	0.189023
0.057648	0.168534	0.273836
0.242937	0.245679	0.0113924
0.0234887	0.453002	0.0235229
0.067623	0.0330775	0.399312
0.17347	0.275337	0.0512198
0.0297214	0.00369862	0.466589
0.0464938	0.263096	0.190428
0.00342127	0.354375	0.142237
0.270478	0.0763594	0.153188
0.0274117	0.0732883	0.39931
0.258186	0.0271243	0.214704
0.428613	0.00608104	0.0653216
0.144064	0.336436	0.019509
0.330517	0.0104494	0.159055
0.213783	0.279927	0.00630161
0.0362731	0.0576263	0.406115
0.0264345	0.0278836	0.445687
0.349892	0.118431	0.0317019
0.319697	0.0340297	0.146313
0.327236	0.0746739	0.0981036
0.0609116	0.378393	0.0607076
0.0857718	0.412985	0.00126146
0.104191	0.28678	0.109049
0.214563	0.280949	0.00449927
0.163188	0.259015	0.0778054
0.00434762	0.0838481	0.411818
0.171884	0.273073	0.0550599
0.320682	0.0880093	0.09134
0.335057	0.00590342	0.159053
0.0406945	0.14616	0.313159
0.118379	0.124553	0.25709
0.0790114	0.0879846	0.333021
0.046349	0.339112	0.114551
0.261975	0.0792143	0.158829
0.182895	0.291934	0.0251914
0.389421	0.0414514	0.0691655
0.0921573	0.19787	0.20999
0.237476	0.0492138	0.213321
0.150795	0.176138	0.173087
0	0.452148	0.0478609
0.158653	0.162381	0.179002
0.0283707	0.00353053	0.468112
0.229001	0.085915	0.185099
0.0708996	0.401717	0.0273986
0.0158536	0.385671	0.0984998
0.310449	0.102932	0.0866517
0.0150135	0.200423	0.284583
0.2682	0.0806833	0.15114
0.0044395	0.459843	0.0357517
0.385914	0.00592196	0.108177
0.288533	0.181878	0.0296007
0.000258245	0.16331	0.33644
0.419039	0.0563316	0.0246438
0.150344	0.260612	0.0890873
0.347285	0.0158597	0.136872
0.0893077	0.0894436	0.321264
0.353756	0.00932096	0.136943
0.0781012	0.376142	0.0457871
0.151063	0.176451	0.172507
0.31045	0.0938721	0.0957155
0.0299154	0.355336	0.114761
0.187038	0.152651	0.160325
0.196124	0.209904	0.093988
0.325027	0.0854065	0.0895753
0.37975	0.0575118	0.062756
0.467412	0.0215617	0.01104
0.366285	0.0923739	0.0413851
0.00414531	0.447135	0.0487299
0.480432	0.00414062	0.0154441
0.451941	0.0227627	0.0253434
0.055194	0.417192	0.0276557
0.0445091	0.0247642	0.430739
0.0142671	0.268956	0.216798
0.0969703	0.144118	0.258919
0.0387476	0.336903	0.124375
0.354971	0.0660876	0.0789598
0.0223494	0.477668	0
0.020016	0.470328	0.00968303
0.0691967	0.403175	0.0276549
0.0269805	0.108386	0.364704
0.0485821	0.341837	0.109614
0.389663	0.0161192	0.0942332
0.289395	0.112679	0.0979386
0.0162455	0.320908	0.162853
0.115439	0.115216	0.269363
0.2837	0.0404742	0.175869
0.256881	0.114871	0.128293
0.105841	0.256035	0.138132
0.0601551	0.295892	0.143976
0.124593	0.163533	0.211893
0.0212264	0.136721	0.342097
0.398666	0.0103803	0.0909672
0.196828	0.0999714	0.203215
0.203458	0.139056	0.157504
0.0097607	0.426716	0.0635796
0.341953	0.074409	0.0836617
0.166267	0.232175	0.101564
0.0927991	0.0319588	0.37527
0.36127	0.0545595	0.0841902
0.0334022	0.10482	0.361807
0.172052	0.221982	0.105981
0.407148	0.0554639	0.0374099
0.47304	0.00954391	0.0174588
0.126093	0.360886	0.0130503
0.00815473	0.0214153	0.470445
0.00941002	0.238639	0.251959
0.215826	0.172397	0.111793
0.168887	0.130073	0.201054
0.159772	0.225777	0.114503
0.200377	0.035404	0.264258
0.401974	0.0275852	0.0704517
0.000404864	0.0225203	0.47708
0.00684446	0.197274	0.295896
0.00601927	0.0951143	0.398967
0.325726	0.0895818	0.0847243
0.00233841	0.0786056	0.41908
0.227493	0.241389	0.0311392
0.000860352	0.193896	0.305254
0.162192	0.327345	0.0104768
0.185485	0.300569	0.0139815
0.00274684	0.262371	0.234894
0.0185985	0.0451043	0.43631
0.177922	0.132841	0.189265
0.488667	0.00652231	0.00482879
0.18098	0.311992	0.00706158
0.0821509	0.0316594	0.386233
0.3294	0.126945	0.043665
0.00658075	0.168474	0.324961
0.347112	0.121915	0.0309862
0.189396	0.306883	0.00374788
0.0284216	0.319126	0.152496
0.148519	0.349023	0.00246959
0.0250143	0.185094	0.289984
0.333986	0.0918018	0.074251
0.30241	0.178418	0.0191966
0.00544674	0.0860673	0.408566
0.133285	0.0903567	0.276372
0.219862	0.119055	0.1611
0.248358	0.24147	0.0101878
0.0610104	0.396514	0.0425176
0.0311951	0.00542792	0.463388
0.00280434	0.364573	0.132666
0.021455	0.462546	0.0160085
0.299522	0.181999	0.0184961
0.0641594	0.291555	0.144344
0.412786	0.0769624	0.010274
0.015549	0.43265	0.0518185
0.0105763	0.27382	0.215622
0.278285	0.165819	0.0559238
0.0294685	0.249954	0.220593
0.3997	0.0629054	0.0374094
0.0930128	0.0521513	0.354854
0.00312156	0.0128558	0.48404
0.0849735	0.409761	0.00528743
0.0573461	0.214512	0.228155
0.158345	0.211318	0.130384
0.00266329	0.387765	0.109617
0.120448	0.101811	0.277752
0.310123	0.0176444	0.172253
0.308032	0.00795692	0.18404
0.0245325	0.158015	0.317503
0.140517	0.109522	0.249989
0.237279	0.0494496	0.213288
0.000984614	0.217201	0.281911
0.0242171	0.154552	0.321284
0.263454	0.172772	0.0638233
0.0451381	0.408884	0.0459866
0.192782	0.0263714	0.280863
0.173283	0.0828736	0.243886
0.0350378	0.0098868	0.455091
0.0585154	0.0225507	0.418978
0.415692	0.0336455	0.0506684
0.0226674	0.143148	0.334207
0.152243	0.215136	0.132666
0.0574322	0.43775	0.00482873
0	0.454023	0.0459866
0.268342	0.0110855	0.220596
0.0769313	0.0200673	0.403045
0.317215	0.0128361	0.169971
0.244108	0.0794415	0.1765
0.0225435	0.127481	0.34999
0.105958	0.393667	0.000465854
0.117894	0.376264	0.00590222
0.442451	0.000151057	0.057407
0.107953	0.0593936	0.332682
0.144271	0.0363063	0.319452
0.149819	0.125395	0.224807
0.30331	0.167382	0.0293239
0.295538	0.00763418	0.196861
0.208927	0.283554	0.00755393
0.153394	0.175394	0.171231
0.0168505	0.33286	0.150297
0.0515232	0.000952202	0.447539
0.103198	0.0859634	0.31086
0.209495	0.288047	0.00246959
0.0747203	0.27761	0.147757
0.388335	0.0711234	0.0405514
0.0900137	0.253382	0.156626
0.00753745	0.4872	0.00528747
0.139542	0.352945	0.00755403
0.350711	0.133007	0.0162922
0.338263	0.0422573	0.119544
0.0938543	0.0476698	0.358491
0.420486	0.0288556	0.0506688
0.0882154	0.228282	0.183528
0.175885	0.218148	0.105981
0.0201952	0.0159588	0.463857
0.274672	0.107419	0.117934
0.0618402	0.246582	0.1916
0.148641	0.0499272	0.301449
0.145992	0.206304	0.14775
0.0675767	0.0260428	0.406424
0.132645	0.0236181	0.343751
0.0239843	0.0963493	0.379732
0.0733523	0.0696764	0.357009
0.447097	0.0291424	0.0237934
0.314008	0.110288	0.0757226
0.037341	0.00617068	0.456501
0.440503	0.00953538	0.0499705
0.101563	0.379911	0.0185454
0.000836407	0.1885	0.310679
0.0117298	0.141582	0.346706
0.120244	0.279874	0.0999045
0.308315	0.0217323	0.169969
0.0843753	0.234973	0.180678
0.223632	0.191056	0.0853239
0.000750713	0.494447	0.00483072
0.0111986	0.308591	0.180216
0.00146837	0.00622779	0.492325
0.022536	0.0842993	0.393184
0.0422628	0.31945	0.13833
0.242324	0.0264208	0.231311
0.0585243	0.234216	0.207282
0.012144	0.281612	0.206258
0.0412136	0.303358	0.155448
0.125876	0.371338	0.00282028
0.183523	0.290527	0.0259974
0.29216	0.14207	0.0657979
0.177409	0.123498	0.199111
0.337083	0.0811647	0.0817682
0.047639	0.0114564	0.440918
0.155643	0.119583	0.224816
0.0228479	0.147674	0.329518
0.352629	0.0656515	0.0817363
0.0104534	0.329703	0.159865
0.147034	0.0360855	0.316925
0.253699	0.245599	0.000738034
0.209184	0.0460882	0.244751
0.174622	0.0868147	0.23858
0.0657398	0.262131	0.172146
0.243194	0.0636202	0.193208
0.231234	0.0481897	0.220593
0.0774014	0.0381121	0.384497
0.271361	0.202681	0.025997
0.0289954	0.210506	0.26053
0.111652	0.0971934	0.291203
0.019363	0.434746	0.0459953
0.0523635	0.000382132	0.44728
0.434347	0.0436351	0.0221075
0.0714562	0.371573	0.0570132
0.213255	0.164831	0.121942
0.500001	0	0
0	0.5	0
0	0	0.5
0.017272	0.329585	0.153144
0.329931	0.168842	0.00122768
0.410091	0.0336675	0.0562429
0.0635	0.368075	0.068426
0.0857327	0.27511	0.139157
0.131158	0.359783	0.00906005
0.0679558	0.348151	0.0838935
0.120119	0.127696	0.252185
0.135853	0.0133947	0.350753
0.0571357	0.160604	0.282262
0.420256	0.0729511	0.00679446
0.119116	0.337309	0.0435757
0.364348	0.135251	0.000402638
0.0665654	0.105738	0.327699
0.180525	0.130491	0.188988
0.442482	0.0368688	0.0206502
0.103717	0.0590757	0.339535
0.159201	0.244154	0.0966466
0.0195104	0.394993	0.0854978
0.349548	0.150203	0.004774
0.163314	0.0437479	0.292941
0.296221	0.0947892	0.108991
0.141195	0.0103797	0.348427
0.00671254	0.386825	0.106465
0.0531297	0.0547591	0.392112
0.47909	0.0180026	0.00291322
0.0967152	0.261175	0.142116
0.112384	0.076261	0.311359
0.492607	0.00710117	0.000292596
0.146921	0.269139	0.0839405
0.00596116	0.451912	0.0421298
0.0487327	0.434015	0.0172582
0.0657759	0.144767	0.289463
0.338101	0.0271378	0.134762
0.204472	0.13868	0.156848
0.436536	0.0164035	0.0516205
0.308353	0.1578	0.0338497
0.385364	0.0409254	0.0737141
0.0923233	0.179578	0.228226
0.00664742	0.427756	0.0655974
0.115078	0.0700105	0.318769
0.00157576	0.253324	0.245101
0.321261	0.146351	0.0323906
0.461784	0.0111948	0.0270223
0.11769	0.0239316	0.358381
0.431853	0.0280647	0.040084
0.00212274	0.228452	0.269426
0.0556666	0.0572338	0.3871
0.485884	0.00948733	0.00463037
0.0389925	0.0512261	0.409783
0.00221079	0.237928	0.259868
0.214377	0.196493	0.0891308
0.168757	0.0230168	0.308227
0.0235174	0.0736051	0.402883
0.219016	0.202194	0.0787917
0.196738	0.101059	0.202203
0.175173	0.0899135	0.234915
0.185148	0.107406	0.208609
0.0307509	0.0861652	0.383146
0.259913	0.116759	0.123334
0.00382688	0.0103343	0.489584
0.0615526	0.218008	0.22044
0.0467512	0.021728	0.43433
0.403432	0.0484796	0.0480888
0.241575	0.0663896	0.192036
0.217589	0.0991228	0.183294
0.147189	0.269629	0.0831827
0.266846	0.19827	0.0348912
0.451778	0.000134888	0.0480889
0.424527	0.0730082	0.00246557
0.0128268	0.32111	0.166064
0.0517497	0.301465	0.146786
0.263981	0.200687	0.0353333
0.106009	0.29611	0.0978816
0.333724	0.0618526	0.104425
0.00279979	0.0368218	0.460927
0.0236295	0.466458	0.00991382
0.171466	0.314104	0.0144302
0.107987	0.382472	0.00954925
0.00631291	0.191697	0.30199
0.473008	0.0206815	0.00631102
0.380032	0.0264539	0.0935142
0.210189	0.0957517	0.19406
0.222465	0.0382585	0.239278
0.127625	0.344645	0.0277369
0.00529011	0.0148215	0.479952
0.303646	0.0813807	0.114978
0.23872	0.00375124	0.25753
0.0251461	0.025676	0.449179
0.226188	0.0388987	0.234915
0.305483	0.0524072	0.142116
0.00437054	0.491612	0.00401759
0.0519335	0.285177	0.162891
9.7728e-05	0.0284922	0.471414
0.0149707	0.399218	0.0858126
0.0126501	0.321286	0.166064
0.218251	0.0196378	0.262113
0.105592	0.373988	0.0204218
0.309154	0.0311879	0.159659
0.189119	0.113226	0.197664
0.244608	0.123689	0.131705
0.182866	0.113257	0.203878
0.343372	0.12258	0.0340506
0.0322015	0.410583	0.0601459
0.00118911	0.474958	0.0238535
0.389102	0.0146211	0.10126
0.0262354	0.458648	0.0151207
0.0235862	0.37686	0.0995629
0.0246411	0.446201	0.0300991
0.0803791	0.22162	0.198001
0.2727	0.205806	0.0221283
0.0474269	0.00948386	0.443092
0.372904	0.0321893	0.0949085
0.2727	0.188328	0.0389748
0.0791827	0.248114	0.172704
0.0113348	0.211068	0.277597
0.0507575	0.278719	0.170525
0.166528	0.29339	0.040084
0.255684	0.114865	0.129457
0.0732193	0.142419	0.284499
0.207046	0.140426	0.152528
0.196589	0.123384	0.180028
0.314973	0.182718	0.00367602
0.19414	0.12024	0.185621
0.396067	0.0317905	0.0721436
0.348406	0.0604789	0.0911172
0.133651	0.363871	0.00247867
0.233336	0.249731	0.0169325
0.10225	0.181198	0.216554
0.0981597	0.0678408	0.334006
0.277358	0.172946	0.049701
0.467769	0.0155161	0.0167164
0.0906218	0.0942472	0.315132
0.0159673	0.0625068	0.421526
0.376198	0.0088294	0.114978
0.325998	0.141615	0.0323906
0.0735815	0.000420663	0.426011
0.0317621	0.404936	0.0662316
0.108412	0.0207635	0.370825
0.284526	0.209368	0.00610691
0.361486	0.119335	0.0191825
0.354425	0.0398711	0.105704
0.0605409	0.0626936	0.376767
0.187631	0.1369	0.175475
0.0292381	0.41379	0.0569723
0.0444255	0.0834505	0.372125
0.0302884	0.42073	0.0490229
0.457374	0.00254537	0.0400841
0.0587992	0.00307466	0.438132
0.0480817	0.000139989	0.45178
0.000720061	0.00018327	0.499097
0.25245	0.00287628	0.24468
0.133702	0.279684	0.086614
0.288765	0.177404	0.0374296
0.229256	0.031467	0.239278
0.191707	0.18445	0.123843
0.0119023	0.22712	0.260978
0.00723256	0.416792	0.0759756
0.152141	0.233088	0.114772
0.249769	0.122406	0.127827
0.0943326	0.256824	0.148844
0.157964	0.120047	0.221995
0.149925	0.229928	0.120148
0.173511	0.114323	0.212167
0.0590806	0.440275	0.000645484
0.236814	0.206218	0.0569728
0.0447033	0.0799904	0.375307
0.399974	0.00934404	0.0906846
0.0107301	0.216081	0.27319
0.0420006	0.230633	0.227492
0.0144486	0.481509	0.00404378
0.079082	0.055319	0.365606
0.121924	0.0325107	0.345565
0.0267207	0.460721	0.0125584
0.312506	0.159925	0.0275717
0.0085607	0.0231252	0.468321
0.129609	0.00964389	0.36075
0.0330695	0.0500372	0.416895
0.220094	0.00671723	0.27319
0.0527885	0.289872	0.157341
0.0521125	0.306888	0.141
0.00164043	0.0331625	0.465201
0.154607	0.049346	0.296047
0.0828195	0.0847451	0.332436
0.122562	0.0318731	0.345566
0.290997	0	0.209016
0.231309	0.175755	0.0936469
0.177676	0.211546	0.110779
0.0986711	0.0714253	0.32991
0.0722775	0.418953	0.00877093
0.00641216	0.194711	0.298877
0.246682	0.125492	0.127827
0.0885925	0.0046231	0.40679
0.0816619	0.00357054	0.414768
0.0703392	0.0225082	0.40812
0.00942396	0.00832757	0.482254
0	0.49984	0.000160101
0.500002	0	0
0	0	0.500002
0.0597996	0.338653	0.101551
0.0231943	0.281798	0.195011
0.0117438	0.246097	0.242161
0.198888	0.188026	0.113089
0.206936	0.253879	0.0391877
0.111193	0.0519582	0.336854
0.0807314	0.200516	0.218756
0.00399511	0.00987004	0.486137
0.00760287	0.0172507	0.475149
0.223662	0.115149	0.161196
0.177173	0.174713	0.14812
0.389252	0.000228629	0.127746
0.0618699	0.0288485	0.409284
0.1204	0.0562605	0.323344
0.0498313	0.123099	0.327071
0.0850211	0.0393819	0.375599
0.298927	0.0151421	0.185934
0.187314	0.0102227	0.302465
0.008969	0.0217757	0.469257
0.362768	0.0841983	0.0530361
0.0481859	0.216425	0.235391
0.376784	0.106333	0.0168858
0.236771	0.234622	0.0286101
0.0991854	0.0469081	0.35391
0.14364	0.354479	0.00190051
0.0654054	0.00286629	0.431731
0.260615	0.132191	0.107201
0.038622	0.210848	0.250535
0.114366	0.0894137	0.296223
0.0521006	0.0280932	0.41981
0.0160108	0.195099	0.288894
0.0373049	0.449723	0.0129749
0.0280704	0.465671	0.00627193
0.434418	0.00688269	0.058703
0.358395	0.0774066	0.0642001
0.00362924	0.0701091	0.426265
0.19594	0.26616	0.0379017
0.138091	0.327984	0.0339289
0.157979	0.149351	0.192672
0.101423	0.39439	0.00419647
0.474571	0.0240327	0.00139966
0.267268	0.0192507	0.213485
0.0192783	0.0992818	0.381445
0.0373355	0.47464	0.0053802
0.164039	0.189585	0.146381
0.0889243	0.0675169	0.343562
0.0288503	0.164704	0.30645
0.270511	0.0285607	0.200952
0.147202	0.120868	0.231933
0.107454	0.276299	0.116251
0.233537	0.131449	0.135017
0.0054314	0.000184585	0.494406
0.0410439	0.407589	0.0513696
0.272145	0.14225	0.085609
0.0381941	0.208512	0.2533
0.28746	0.0454317	0.167112
0.0219393	0.384661	0.0934027
0.421143	0.0040862	0.074774
0.0128451	0.442019	0.0573527
0.0964945	0.0446964	0.358813
0.00084803	0.221983	0.277173
0.37034	0.112777	0.0168858
0.00151591	0.0384404	0.460054
0.0278882	0.068893	0.403221
0.00387138	0.345364	0.150801
0.22877	0.242622	0.0286099
0.292955	0.000345405	0.206702
0.00115498	0.321969	0.17688
0.107417	0.0963635	0.296225
0.253816	0.0928652	0.153322
0.00866237	0.151877	0.339464
0.484343	0.0142505	0.00143031
0.263003	0.0281826	0.255798
0	0.491743	0.00825922
0.0151388	0.0339925	0.450871
0.453854	0.0229877	0.0231609
0.0456598	0.291555	0.162791
0.429755	0.0491709	0.0210776
0.0261378	0.0744842	0.399382
0.0881309	0.402288	0.00958267
0.40783	0.0584221	0.0337508
0.11758	0.00246199	0.37996
0.0593554	0.0902479	0.350399
0.231888	0.233592	0.034524
0.0347736	0.179081	0.286148
0.0909652	0.405637	0.00340345
0.185893	0.139453	0.174657
0.00153569	0.432228	0.0662386
0.217881	0.0104599	0.271663
0.391221	0.0680652	0.0407163
0.179932	0.273581	0.0464897
0.00182823	0.0495638	0.448611
0.284901	0.00839929	0.206702
0.229852	0.249176	0.0209799
0.153422	0.314487	0.0320949
0.0172107	0.170912	0.311879
0.0147094	0.388319	0.0969737
0.172483	0.0658697	0.26165
0.33573	0.154764	0.00950844
0.471557	0.0179558	0.010492
0.0682459	0.0614494	0.370307
0.44107	0.0115668	0.0473666
0.214564	0.223528	0.0619096
0.13179	0.307811	0.0604006
0.20764	0.118323	0.174041
0.424133	0.0171679	0.058703
0.245644	0.111533	0.142848
0.073121	0.035135	0.391746
0.318256	0.093184	0.0885627
0.00556001	0.288613	0.20583
0.123168	0.310292	0.0665421
0.168059	0.216996	0.114948
0.347622	0.126111	0.026269
0.182752	0.0867567	0.230495
0.106101	0.261437	0.132469
0.276542	0.0131074	0.210353
0.0867345	0.395914	0.017353
0.0436282	0.184714	0.271665
0.160601	0.0932238	0.259504
0.401506	0.0817457	0.0167607
0.0589317	0.229159	0.211919
0.140796	0.073815	0.285394
0.016436	0.373407	0.126444
0.25641	0.0852823	0.15831
0.0398159	0.0186051	0.441589
0.0324861	0.454542	0.0129749
0.345188	0.137081	0.0177336
0.0705494	0.0352244	0.394229
0.411629	0.0641831	0.0241896
0.130067	0.368051	0.00190051
0.398754	0.021762	0.0794861
0.12895	0.30451	0.066542
0.0761565	0.361936	0.0619095
0.241435	0.181499	0.0770676
0.0561943	0.346924	0.0968842
0.131057	0.00251116	0.366434
0.0175893	0.0426466	0.439784
0.157512	0.0914306	0.264387
0.00228278	0.426166	0.0715542
0.0699497	0.442028	0.00538022
0.0113757	0.419966	0.0686614
0.279208	0.0364107	0.184386
0.0657094	0.295198	0.139095
0.105304	0.290016	0.104683
0.0628396	0.0668557	0.370307
0.136251	0.00261066	0.361141
0.307676	0.102333	0.0900176
0.160703	0.167567	0.171734
0.00112576	0.316852	0.182027
0.148505	0.350226	0.00127168
0.151447	0.123886	0.22467
0.123509	0.059335	0.317159
0.081637	0.31745	0.10092
0.0729005	0.41229	0.0148118
0.0433148	0.374215	0.0824725
0.330319	0.163025	0.00665886
0.211551	0.0265688	0.261882
0.304308	0.171284	0.0244107
0.30974	0.144735	0.0455348
0.328806	0.0824001	0.088797
0.0665146	0.166089	0.267399
0.465479	0.0203989	0.0141282
0.254281	0.24021	0.0188385
0.249956	0.180146	0.0699005
0.155191	0.213385	0.131446
0.340878	0.054443	0.104683
0.314217	0.145932	0.0398557
0.0302762	0.376324	0.0934026
0.414908	0.0112153	0.0738794
0.374175	0.113945	0.0118815
0.00408726	0.378433	0.117489
0.322825	0.0358543	0.141325
0.448998	0.0196767	0.0313315
0.0541839	0.0540722	0.391746
0.180133	0.219668	0.100202
0.352308	0.00803511	0.139659
0.126998	0.0590959	0.31393
0.0733672	0.377835	0.0488039
0.018784	0.363737	0.117489
0.0249824	0.460208	0.0148118
0.0159931	0.300066	0.183943
0.169519	0.184107	0.146382
0.313063	0.0185231	0.168417
0.213134	0.202963	0.0839051
0.126155	0.203157	0.170692
0.0323627	0.424645	0.0429953
0.278632	0.099492	0.121879
0.0759306	0.414525	0.00954871
0.256925	0.106561	0.136517
0.246895	0.0490728	0.204036
0.355064	0.0748559	0.0700814
0.492352	0.00718046	0.00047037
0.000326804	0.0855453	0.414134
0.0792109	0.420739	6.74388e-05
0.457699	0.0270809	0.0152234
0.00360598	0.352898	0.143498
0.30213	0.158084	0.0397907
