0	0.500002	0
0.500001	0	0
0.329708	0.023302	0.146997
0.0023826	0.0256401	0.471981
0.0166094	0.0347455	0.448649
0.403123	0.0275196	0.0693613
0.198285	0.0458093	0.255912
0.177019	0.222487	0.100502
0.0899039	0.0368908	0.37321
0.033325	0.368715	0.0979687
0.229933	0.0531208	0.216953
0.246209	0.214866	0.0389361
0.0671526	0.345194	0.0876613
0.186454	0.0667458	0.246805
0.121396	0.0503683	0.328246
0.32039	0.0214574	0.158164
0.131291	0.230025	0.13869
0.109139	0.0914868	0.299381
0.114877	0.273641	0.121537
0.00978287	0.121973	0.368251
0.0291356	0.0110634	0.459807
0.0530139	0.390111	0.0568819
0.464921	0.0159372	0.0191489
0.280184	0.157604	0.0622189
0.000545576	0.487281	0.0121786
0.159853	0.277934	0.0622187
0.0458523	0.268884	0.185269
0.102244	0.0857073	0.312057
0.493167	0.000708663	0.00612817
0.0297935	0.10954	0.360669
0.0467798	0.374933	0.0783085
0.244174	0.0841689	0.171661
0.16353	0.335664	0.000809361
0.408015	0.00307476	0.0889133
0.0755766	0.151407	0.273022
0.000659452	0.0108441	0.488502
0.369858	0.108149	0.0219968
0.219426	0.000756271	0.279832
0.0737109	0.133314	0.292985
0.0325907	0.36059	0.10683
0.0213719	0.0404913	0.438159
0.287516	0.0307982	0.181691
0.265282	0.00206952	0.232655
0.192092	0.0443784	0.263534
0.0328905	0.25117	0.215943
0.0423161	0.0314875	0.426203
0.00217217	0.493748	0.00408586
0.139176	0.256842	0.103984
0.101014	0.176911	0.222098
0.457057	0.0173057	0.0256443
0.272553	0.00449634	0.222955
0.445827	0.0537679	0.000407417
0.0635478	0.19805	0.238406
0.023332	0.0845755	0.392095
0.483094	0.0165601	0.000347196
0.415364	0.0610156	0.0236284
0.0834235	0.296627	0.12002
0.0245491	0.0181047	0.457352
0.0802298	0.282382	0.137397
0.452812	0.0154386	0.0317603
0.116395	0.0482933	0.335321
0.178534	0.300792	0.0206792
0.0379331	0.153211	0.308861
0.123572	0.242473	0.13396
0.0869506	0.383719	0.029333
0.0457997	0.421419	0.0327881
0.0395828	0.232119	0.228302
0.309433	0.0303221	0.160256
0.189579	0.043798	0.266629
0.439088	0.0090291	0.0518887
0.211763	0.119531	0.168713
0.00954908	0.111819	0.37865
0.28422	0.102547	0.113238
0.209003	0.182396	0.108612
0.0444177	0.290345	0.165243
0.377419	0.0451702	0.0774175
0.0443347	0.413933	0.0417416
0.014294	0.083822	0.401887
0.292171	0.123547	0.0842877
0.399327	0.0974952	0.00318156
0.0571453	0.405741	0.037133
0.0120072	0.00946801	0.47854
0.13361	0.0103702	0.356028
0.0427196	0.442531	0.0147571
0.181208	0.141642	0.177157
0.1362	0.018854	0.344954
0.10606	0.203971	0.189976
0.237749	0.185041	0.0772138
0.469517	0.00210197	0.0284044
0.104199	0.194351	0.201457
0.120304	0.224391	0.155308
0.235296	0.0574472	0.20726
0.315783	0.0211489	0.163078
0.206028	0.0825093	0.211469
0.00574637	0.14039	0.35387
0.340784	0.00785333	0.151368
0.0715153	0.426052	0.00243613
0.0263293	0.322961	0.150714
0.0283882	0.466819	0.00479622
0.0272589	0.0882565	0.384491
0.000402078	0.163788	0.335817
0.0286292	0.470783	0.000591412
0.0441152	0.411883	0.0440115
0.35769	0.114662	0.02765
0.0516757	0.438734	0.00959827
0.421741	0.0195598	0.0587023
0.196248	0.11035	0.193407
0.124687	0.355629	0.0196871
0.0485415	0.103438	0.348025
0.073958	0.380299	0.0457613
0.166151	0.190005	0.143846
0.0344642	0.45098	0.0145605
0.145978	0.329481	0.0245491
0.0511662	0.0380405	0.410807
0.0340686	0.453027	0.0129116
0.474973	0.0162817	0.0087528
0.076721	0.136297	0.286985
0.313237	0.0283609	0.158421
0.0978637	0.294369	0.107774
0.0774175	0.295073	0.127539
0.365035	0.10418	0.0307885
0.0553913	0.106526	0.338092
0.0565193	0.202343	0.241144
0.0252706	0.458991	0.0157431
0.152266	0.266672	0.0810853
0.161132	0.0145891	0.324296
0.302818	0.106901	0.0902898
0.10763	0.00174006	0.390639
0.00322369	0.317725	0.179052
0.253302	0.20984	0.0368712
0.257187	0.00396419	0.238864
0.0406404	0.208042	0.251326
0.00914849	0.0721345	0.418721
0.00775267	0.477922	0.0143325
0.142368	0.126311	0.231341
0.0153385	0.143209	0.341462
0.0109205	0.168591	0.320497
0.0556647	0.385293	0.0590485
0.0206927	0.0449302	0.434382
0.0105118	0.35806	0.131434
0.381827	0.0167696	0.101411
0.39116	0.0940318	0.0148137
0.216586	0.167623	0.115812
0.011414	0.0841939	0.404395
0.0704569	0.260995	0.168552
0.0364632	0.0615301	0.402012
0.205832	0.171134	0.123042
0.111515	0.341713	0.0467843
0.350295	0.00364563	0.14607
0.25061	0.205013	0.0443826
0.00145189	0.0127289	0.485821
0.167158	0.1301	0.20275
0.00724265	0.478433	0.0143325
0.430919	0.0546161	0.0144694
0.00917859	0.238867	0.251962
0.143968	0.0863859	0.269656
0.155139	0.286628	0.0582359
0.00425024	0.0793457	0.416418
0.026661	0.461163	0.0121785
0.048095	0.167867	0.284047
0.233283	0.0733152	0.193407
0.130105	0.246861	0.123042
0.0123052	0.429465	0.0582362
0.438604	0.0208823	0.0405184
0.223929	0.0332243	0.242863
0.0198723	0.0419905	0.438156
0.0492299	0.434215	0.0165616
0.215674	0.147851	0.13649
0.0794098	0.17379	0.246806
0.0954584	0.247833	0.156713
0.171996	0.133865	0.194142
0.0692357	0.125525	0.305248
0.0401587	0.304192	0.155655
0.296165	0.120103	0.0837382
0.0428046	0.0337526	0.423458
0.275735	0.1667	0.0575719
0.00634424	0.191564	0.302093
0.0606499	0.204222	0.235144
0.12862	0.237362	0.13402
0.107035	0.309599	0.0833842
0.277255	0.182233	0.0405185
0.419298	0.0495004	0.0312076
0.385092	0.0206269	0.0942837
0.283088	0.186066	0.0308532
0.361456	0.115869	0.0226763
0.0429297	0.0724421	0.384633
0.0130876	0.395177	0.0917365
0.0347772	0.263428	0.201805
0.00744047	0.340238	0.152327
0.111556	0.100355	0.288094
0.386742	0.113086	0.000176459
0.335898	0.01178	0.152327
0.16867	0.131955	0.199379
0.0507435	0.422315	0.0269582
0.00697789	0.0817106	0.411329
0.250653	0.210417	0.0389356
0.14689	0.114325	0.238795
0.00963011	0.00752741	0.482859
0.13982	0.0585698	0.301611
0	0.500002	0
0.313826	0.168985	0.0172005
0.139104	0.236614	0.124295
0.0336974	0.205046	0.26127
0.293305	0.00148209	0.205231
0.155505	0.182504	0.162002
0.262281	0.226403	0.0113248
0.203252	0.019895	0.27688
0.0138109	0.00352906	0.48268
0.164804	0.0290347	0.306195
0.145317	0.202027	0.152673
0.451763	0.02351	0.0247315
0.0664296	0.0180393	0.415542
0.428259	0.0065509	0.0652031
0.0336534	0.250529	0.215822
0.0179081	0.133315	0.348794
0.0412845	0.0352968	0.423429
0.0553126	0.11142	0.333295
0.320033	0.173511	0.00646857
0.0258179	0.443167	0.031022
0.0207786	0.4492	0.0300273
0.382894	0.0720762	0.0450478
0.27374	0.199348	0.0269234
0.277966	0.048259	0.173792
0.245194	0.0705918	0.184234
0.0595015	0.115233	0.325295
0.478712	0.00732267	0.0139775
0.093156	0.32719	0.0796702
0.414923	0.00210108	0.0829896
0.255342	0.0735135	0.171163
0.0643396	0.434311	0.00136231
0.194255	0.271792	0.0339606
0.438959	0.00597469	0.0550741
0.0762045	0.398738	0.0250691
0.0575046	0.2638	0.178707
0.407561	0.0662614	0.0261808
0.117318	0.367659	0.0150345
0.102274	0.0118999	0.385844
0.0703616	0.0344249	0.395216
0.0859925	0.305004	0.109014
0.002439	0.215964	0.281616
0.444044	0.00604391	0.0499242
0.248732	0.0583656	0.192919
0.00474181	0.0518095	0.443461
0.0193625	0.0274657	0.453179
0.284733	0.189043	0.0262338
0.327554	0.0769567	0.0955016
0.286719	0.0230728	0.190259
0.258947	0.00396101	0.237102
0.225271	0.0438114	0.230926
0.298457	0.107175	0.104551
0.28596	0.211645	0.00241757
0.235993	0.0557022	0.208317
0.170329	0.181605	0.148101
0.105456	0.149197	0.245361
0.0836913	0.407676	0.00863708
0.303329	0.163332	0.0333694
0.102135	0.311848	0.0860238
0.168371	0.242963	0.08868
0.135282	0.0118527	0.352887
0.232322	0.193035	0.0746519
0.178179	0.283951	0.0378868
0.464606	0.0242848	0.0111193
0.269592	0.0640445	0.166382
0.152498	0.150713	0.196807
0.220307	0.135907	0.143812
0.0268802	0.143801	0.329329
0.0972268	0.296862	0.10592
0.000345852	0.491736	0.00792583
0.0164585	0.0233464	0.460201
0.0384148	0.0328433	0.428752
0.42289	0.0538493	0.0232769
0.142088	0.134524	0.223399
0.157881	0.287393	0.0547346
0.265878	0.0687688	0.165365
0.111761	0.102271	0.285983
0.394116	0.0469335	0.0589563
0.045383	0.333969	0.120653
0.0256995	0.425799	0.0485176
0.208727	0.293254	0.00444634
0.132093	0.364163	0.00375464
0.157485	0.225034	0.117489
0.112062	0.147297	0.240659
0.461418	0.0139923	0.0245962
0.343843	0.0559021	0.100258
0.0475997	0.312978	0.139426
0.0127287	0.0776673	0.409626
0.356807	0.119028	0.0241819
0.0194982	0.459698	0.0208217
0.057618	0.175482	0.266911
0.471812	0.0088268	0.0193689
0.0437451	0.0858558	0.370412
0.324294	0.160682	0.0150344
0.0393306	0.345887	0.114789
0.171421	0.276307	0.052307
0.0355318	0.127303	0.337188
0.0359596	0.352049	0.112003
0.108177	0.0291363	0.362726
0.0304933	0.46542	0.00409664
0.240589	0.021639	0.237788
0.205751	0.125427	0.16885
0.0477422	0.0961705	0.356116
0.493331	0.00499078	0.00170893
0.0653459	0.429662	0.00501515
0.0132539	0.080872	0.405893
0.128072	0.00114569	0.370795
0.217018	0.241229	0.0417592
0.0286768	0.456888	0.0144491
0.198885	0.297653	0.003481
0.351192	0.0814145	0.067403
0.00611585	0.0299413	0.46395
0.130382	0.150203	0.21944
0.00987798	0.218711	0.271431
0.215912	0.0435815	0.240555
0.333188	0.0801842	0.0866375
0.189103	0.279371	0.0315603
0.0920871	0.302806	0.105121
0.0742799	0.4171	0.00863729
0.219061	0.248066	0.0328897
0.00172977	0.00523047	0.493044
0.370898	0.0947741	0.0343402
0.0739432	0.340883	0.0851853
0.0902489	0.0315071	0.378254
0.011172	0.0890429	0.399799
0.227747	0.217192	0.0550747
0.0069743	0.35843	0.134608
0.391384	0.00616532	0.102468
1.58534e-05	0.323162	0.176834
0.0697298	0.421637	0.00863707
0.129121	0.0585182	0.312374
0.282151	0.149291	0.0685645
0.0101619	0.23725	0.252598
0.188912	0.1242	0.186904
0.386977	0.0997459	0.0132901
0.227679	0.140454	0.131888
0.105943	0.0497322	0.344351
0.486235	0.00721212	0.00656233
0.0518309	0.412582	0.0356079
0.192105	0.0152492	0.292681
0.299336	0.113731	0.0869429
0.147356	0.155855	0.196807
0.348487	0.0613953	0.0901533
0.0612824	0.00535848	0.433374
0.0311897	0.379768	0.0890488
0.14951	0.0958859	0.254627
0.117921	0.157769	0.224321
0.090013	0.0317465	0.378265
0.197174	0.122286	0.180551
0.0430201	0.328999	0.127992
0.121331	0.372389	0.00629652
0.177228	0.259573	0.0632233
0.0792061	0.396421	0.0244073
0.308342	0.100445	0.0912388
0.000786308	0.497426	0.001796
0.307038	0.100065	0.0929239
0.161562	0.0956927	0.242768
0.00275511	0.0472919	0.449963
0.134059	0.257387	0.108564
0.0228103	0.0938956	0.383312
0.124531	0.241171	0.134324
0.0671256	0.335959	0.0969431
0.005598	0.0169272	0.477479
0.0025293	0.177289	0.32021
0.0839075	0.391032	0.025069
0.0225012	0.137297	0.340225
0.0352166	0.354141	0.110659
0.365863	0.0732229	0.0609248
0.0332427	0.195519	0.271248
0.0639118	0.321306	0.11479
0.00999954	0.221403	0.268602
0.0539991	0.37415	0.0718695
0.085454	0.261888	0.152673
0.0736515	0.412492	0.0138755
0.337234	0.0911888	0.0716092
0.338697	0.0210121	0.140301
0.0342319	0.104909	0.360873
0.184	0.0151761	0.300835
0.470712	0.0279387	0.00136231
0.0236054	0.0376635	0.438748
0.10982	0.100494	0.2897
0.181691	0.254437	0.0638821
0.488723	0.00473458	0.00656246
0.378135	0.0930013	0.0288718
0.0278937	0.0402512	0.431869
0.419257	0.00859464	0.0721609
0.126306	0.343679	0.0300277
0.402281	0.0698421	0.027886
0.0202038	0.476333	0.00348099
0.0822942	0.384305	0.0334055
0.125194	0.0863845	0.288433
0.00562233	0.388467	0.10592
0.374632	0.0133777	0.112004
1.5671e-05	0.319444	0.180551
0.195033	0.276032	0.0289391
0.364733	0.0743675	0.0609268
0.0686627	0.0361244	0.395218
0.0232843	0.00575379	0.470972
0.0547804	0.372019	0.0732138
0	0.500002	0
0.384261	0.115743	0
6.67208e-05	0.476908	0.0230297
0.00604686	0.493956	0
0.0866208	0.350456	0.062928
0.352945	0.0717218	0.0753462
0.0455661	0.457616	0.00361469
0.128294	0.193846	0.177865
0.228281	0.187939	0.0837851
0.0114215	0.465553	0.0230298
0.30565	0.171626	0.0227317
0.376697	0.0901442	0.0331644
0.018242	0.138112	0.34365
0.325568	0.0829741	0.0914641
0.0295331	0.357305	0.113168
0.207264	0.170636	0.122106
0.1448	0.259969	0.095233
0.0579022	0.166509	0.275595
0.0787957	0.149691	0.271544
0.0162516	0.161314	0.322438
0.139691	0.0942992	0.266014
0.0477699	0.0917623	0.360472
0.223971	0.271339	0.00469485
0.0739114	0.369493	0.0566022
0.18665	0.249197	0.0641584
0.414293	0.0795803	0.0061288
0.369456	0.118536	0.0120128
0.136801	0.282182	0.0810216
0.483902	0.0142073	0.0018958
0.364147	0.0875516	0.048309
0.467686	0.0294134	0.00290443
0.0694888	0.399434	0.0310839
0.460997	0.0286695	0.010336
0.189578	0.266808	0.0436182
0.0259826	0.336052	0.137968
0.407661	0.0712477	0.0210951
0.0926049	0.124286	0.283113
0.022077	0.0166156	0.46131
0.330599	0.0199915	0.149411
0.26205	0.0280149	0.209942
0.389575	0.0749944	0.0354401
0.313633	0.100626	0.0857472
0.155843	0.309036	0.0351276
0.213563	0.105016	0.181426
0.177356	0.0323315	0.290318
0.0538269	0.374944	0.0712355
0.0621941	0.00799083	0.429819
0.393687	0.0804812	0.0258378
0.0081867	0.0467328	0.445086
0.0265691	0.0506113	0.422821
0.161937	0.286555	0.051515
0.0651981	0.0971137	0.337695
0.0515919	0.433532	0.0148798
0.0555332	0.324858	0.119616
0.0973527	0.154177	0.248472
0.281484	0.0458245	0.172694
0.0213134	0.179099	0.299596
0.164454	0.223918	0.111632
0.242923	0.0125654	0.244517
0.344253	0.0527438	0.103006
0.0807052	0.125889	0.293411
0.0401115	0.0587538	0.401137
0.123932	0.283773	0.0922995
0.182253	0.256913	0.0608389
0.296687	0.00526817	0.198049
0.234894	0.0753636	0.189745
0.317959	0.0535995	0.128449
0.421508	0.0555842	0.0229132
0.320009	0.157459	0.0225371
0.273588	0.121701	0.104718
0.491663	0	0.00834079
0.293731	0.200504	0.00577088
0.274874	0.185556	0.0395738
0.397177	0.0939829	0.0088461
0.168521	0.314982	0.0164993
0.153101	0.230942	0.115962
0.0892296	0.404207	0.00656651
0.0470106	0.240202	0.212791
0.427596	0.0229248	0.0494818
0.0129155	0.340973	0.146118
0.0528585	0.415737	0.0314087
0.443791	0.0268363	0.0293748
0.196707	0.29673	0.00656651
0.0572224	0.136695	0.306088
0.00300296	0.030341	0.473452
0.0665993	0.103886	0.329519
0.0477308	0.327404	0.124872
0.0420321	0.447634	0.010336
0.0174345	0.129694	0.352877
0.265869	0.148841	0.0852978
0.245308	0.112157	0.142541
0.00334338	0.0210189	0.475641
0.45459	0.0139559	0.0314592
0.0306563	0.23908	0.230266
0.00647232	0.42459	0.0689451
0.211438	0.288564	0
0.13053	0.317127	0.052351
0.142971	0.0959664	0.261068
0.150613	0.108126	0.241266
0.0483065	0.0357334	0.415977
0.0490914	0.362324	0.0885905
0.474704	0	0.0252979
0.0516006	0.390675	0.0577292
0.44093	0.0412005	0.0178736
0.0770878	0.145116	0.277827
0.269803	0.120293	0.109919
0.0126744	0.46324	0.0240917
0.115539	0.216252	0.168211
0.0332971	0.261885	0.204821
0.25724	0.0418777	0.200884
0.0840934	0.157396	0.258537
0.0655042	0.385275	0.049226
0.25109	0.139006	0.109919
0.00650725	0.426881	0.066618
0.238433	0.176374	0.0852041
0.0523749	0.0160621	0.431576
0.119586	0.226947	0.153473
0.100003	0.22813	0.171871
0.117651	0.011052	0.371329
0.123084	0.0245518	0.35237
0.0420887	0.0616499	0.396266
0.0709382	0.050355	0.37871
0.287752	0.210073	0.00218243
0.0273069	0.214771	0.257926
0.278418	0.152552	0.0690385
0.0858823	0.221091	0.193035
0.0235303	0.010434	0.466038
0.185307	0.2755	0.0391977
0.220856	0.0522605	0.22689
0.101951	0.233442	0.164612
0.0336428	0.334111	0.132251
0.0527624	0.292534	0.154707
0.105207	0.154103	0.240696
0.069427	0.103413	0.327166
0.00774275	0.0441985	0.448064
0.0287341	0.0521953	0.419076
0.109675	0.00588003	0.38445
0.277139	0.00391158	0.218983
0.0556778	0.410936	0.033392
0.358049	0.141947	6.5499e-06
0.014222	0.191656	0.294124
0.017212	0.115835	0.366957
0.00806018	0.205987	0.285989
0.339558	0.00479258	0.155683
0.0412969	0.235739	0.222967
0.0349055	0.264274	0.200827
0.178242	0.320572	0.00119374
0.140634	0.0235247	0.335845
0.247886	0.0361619	0.215959
0.147951	0.0723516	0.279704
0.0684584	0.0485947	0.38295
0.0252797	0.00639483	0.468331
0.00057121	0.306401	0.193034
0.473816	0.0166817	0.00950683
0.0966112	0.220394	0.183002
0.262671	0.0768296	0.160505
0.0894906	0.000943653	0.409572
0.197042	0.0471526	0.255815
0.109561	0.0760026	0.314441
0.371658	0.0741354	0.0542118
0.111271	0.0742926	0.314441
0.403281	0.00698006	0.089743
0.0363887	0.0248581	0.438759
0.174148	0.261794	0.0640602
0.0770523	0.031871	0.39108
0.217397	0.182598	0.100007
0.0743496	0.034574	0.391081
0.0549239	0.0668298	0.37825
0.108223	0.0819843	0.309798
0.436201	0.0426526	0.0211498
0.0205097	0.25058	0.228915
0.216739	0.18316	0.100108
0.199302	0.0396353	0.261068
0.0379403	0.330312	0.131754
0.239623	0.0381691	0.222213
0.114121	0.182271	0.203613
0.28993	0.205379	0.00469484
0.0214378	0.113847	0.36472
0.0429753	0.317183	0.139848
0.300502	0.0438375	0.155667
0.335149	0.000664628	0.1642
0.0034818	0.0425393	0.453986
0.201211	0.00405967	0.294765
0.204468	0.112954	0.182584
0.360363	0.0684068	0.0712353
0.284083	0.00139098	0.214529
0.00387952	0.00190549	0.494219
0.135452	0.280235	0.0843161
0.0865496	0.161994	0.25146
0.166383	0.310987	0.0226323
0.00673235	0.441648	0.0516271
0.332146	0.081941	0.0859181
0.000182993	0.0986823	0.401136
0.27273	0.00217506	0.225128
0.1004	0.161249	0.238353
0.194649	0.132915	0.172443
0.236719	0.0759491	0.187335
0.153116	0.109922	0.236966
0.113434	0.188909	0.197677
0.284542	0.136155	0.0793235
0.0282033	0.0570997	0.414728
0.445006	0.0445335	0.0104944
0.0735727	0.396885	0.0295556
0.0247094	0.40555	0.0697535
0.0375064	0.452104	0.0104014
0.424522	0.0230064	0.0524894
0.454851	0.0244502	0.0207145
0.256514	0.153973	0.0895339
0.0503898	0.34711	0.102535
0.230383	0.246494	0.0231416
0.0955199	0.00617365	0.398331
0.144044	0.196438	0.159533
0.0117615	0.488253	0
0.0417928	0.389044	0.0727135
0.0896336	0.127253	0.283136
0.0659175	0.366631	0.0674673
0.10942	0.0277707	0.362841
0.405722	0.089695	0.0046009
0.030129	0.414156	0.055736
0.270687	0.0204781	0.208848
0.224394	0.024223	0.251405
0.277723	0.141133	0.0811704
0.471534	0.0143961	0.0140821
0.060576	0.116128	0.323312
0.0178389	0.353492	0.128683
0.0763856	0.423629	0
0.316254	0.158456	0.0253054
0.48606	0.00365576	0.0103086
0.182437	0.262604	0.0549869
0.135009	0.180051	0.184966
0.319408	0.0846323	0.0959795
0.0982908	0.139544	0.262191
0.0159132	0.0520062	0.432104
0.162173	0.221161	0.116674
0.202211	0.234018	0.0637852
0.0266484	0.000560919	0.4728
0.0227554	0.428433	0.0488341
0.169336	0.238088	0.0926018
0.0282854	0.470717	0.00101406
0.00285874	0.16817	0.329047
0.191118	0.267471	0.0414484
0.329583	0.0328105	0.137642
0.0334555	0.00864989	0.457912
0.0678983	0.095466	0.33665
0.0346726	0.322828	0.142547
0.301658	0.0774071	0.120969
0.0127328	0.442679	0.0446048
0.0907188	0.101883	0.307429
0.233072	0.0745572	0.192394
0.149321	0.302311	0.0483813
0.493366	0.00664632	0
0.123668	0.195567	0.180781
0.369513	0.0452004	0.0852953
0.010292	0.0257733	0.463947
0.431814	0.0230873	0.0451115
0.248179	0.0998247	0.152014
0.075705	0.067098	0.357213
0.0133375	0.00365577	0.483022
0.0323698	0.433951	0.0336987
0.343872	0.147023	0.00912876
0.44069	0.0365999	0.0227184
0.0265657	0.049559	0.423888
0.266814	0.20109	0.0321092
0.121907	0.00435179	0.373763
0.00538761	0.467235	0.0273933
0.054479	0.241798	0.203733
0.157558	0.214868	0.127585
0.325829	0.0316571	0.142541
0.352493	0.0706313	0.0768876
0.00144998	0.0566001	0.441966
0.350332	0.000321338	0.149364
0.100215	0.112106	0.287685
0.30948	0.132319	0.0582246
0.463394	0.0307396	0.00587883
0.25225	0.0315347	0.21622
0.181378	0.253144	0.065498
0.0777085	0.0389352	0.383372
0.41951	0.0505728	0.0299381
0.0392785	0.0114342	0.449294
0.206642	0.0709747	0.222401
0.172462	0.239482	0.0880802
0.215257	0.0101188	0.274646
0.00598834	0.332171	0.161856
0.203984	0.281371	0.0146561
0.187891	0.257149	0.0549868
0.101534	0.226412	0.172063
0.0511868	0.0121458	0.436726
0.00372382	0.00013534	0.496144
0.151077	0.018802	0.330137
0.41158	0.0418653	0.0465894
0.258605	0.0755573	0.165859
0.459283	0.0343013	0.0064221
0.174571	0.132223	0.193231
0.106958	0.11965	0.273398
0.0460218	0.386528	0.0674674
0.163694	0.230156	0.106163
0.394984	0.0866577	0.0183699
0.0171755	0.479564	0.00328288
0.176286	0.309647	0.0140768
0.126684	0.33584	0.0375052
0.217296	0.00821589	0.274509
0.359863	0.0986375	0.0415151
0.244404	0.038277	0.217334
0.0381561	0.459936	0.00191914
0.384284	0.05363	0.062102
0.193643	0.271113	0.0352659
0.275362	0.0131431	0.211514
0.312603	0.00318164	0.18424
0.297953	0	0.202069
0.0748261	0.0804239	0.344759
0.104586	0.183255	0.212183
0.11637	0.290766	0.0928846
0.212256	0.0562405	0.231525
0.387932	0.108482	0.0035919
0.00559934	0.144625	0.349834
0.165559	0.254242	0.0802142
0.0628573	0.0300229	0.40714
0.071943	0.161727	0.266335
0.0626729	0.412577	0.024778
0.159185	0.317224	0.0236027
0.12887	0.151601	0.219539
0.33866	0.0824245	0.0789231
0.00868067	0.384147	0.107181
0.117482	0.219165	0.163418
0.0790813	0.171705	0.24924
0.0637515	0.0291309	0.407149
0.138309	0.206376	0.155325
0.197217	0.276007	0.0268106
0.151211	0.208577	0.140229
0.11862	0.141618	0.239776
0.413	0.0128735	0.074132
0.334136	0.00136291	0.164524
0.0558128	0.10412	0.340133
0.0691814	0.00516298	0.425666
0.199193	0.278605	0.0222127
0.052067	0.382989	0.0649654
0.129049	0.294076	0.0768876
0.0572685	0.065081	0.377665
0.00854012	0.378315	0.113163
0.390031	0.0916057	0.0183698
0.068539	0.0786748	0.352805
0.291169	0.0340443	0.174823
0.17687	0.0206802	0.302485
0.39939	0.0929637	0.00764853
0.0216009	0.337985	0.140424
0.261137	0.0730249	0.165859
0.235284	0.243428	0.0213057
0.226223	0.0333647	0.240429
0.194499	0.272203	0.0333245
0.0577006	0.315653	0.126672
0.0698132	0.162729	0.267465
0.210719	0.052635	0.236656
0.123546	0.120917	0.255563
0.0784806	0.0421457	0.379391
0.263964	0.203939	0.0321091
0.0841765	0.182768	0.233083
0.174681	0.122423	0.202917
0.366282	0.0483685	0.0853657
0.0193725	0.0339445	0.446704
0.30596	0.149311	0.0447524
0.0756696	0.164298	0.260059
0.0915676	0.149716	0.258738
0.375614	0.0114847	0.112917
0.0433239	0.328008	0.128683
0.421138	0.0396233	0.0392557
0.0390692	0.460395	0.000565244
0.241213	0.0152316	0.243568
0.0590176	0.342946	0.0980488
0.0116426	0.483317	0.00505675
0.372819	0.00917198	0.11803
0.0855875	0.185832	0.228599
0.134	0.0763396	0.28969
0.0358441	0.0972253	0.366974
0.139992	0.068486	0.29154
0.15235	0.276888	0.0707807
0.115729	0.312744	0.0715373
0.303192	0.0199663	0.176855
0.0933653	0.105128	0.301529
0.123404	0.00686855	0.369742
0.102522	0.00365979	0.393831
0.478867	0.0152133	0.00592607
0.131604	0.18763	0.180781
0.010073	0.371674	0.118275
0.343103	0.0784264	0.0784789
0.00950409	0.00034542	0.490163
0.149393	0.038836	0.31178
0.147906	0.0384495	0.313654
0.0947941	0.10646	0.298771
0.0215051	0.000452658	0.478059
0.379377	0.0620563	0.0585819
0.364077	0.107334	0.0286061
0.477697	0.0145843	0.00772491
0.101086	0.225413	0.17351
0.0852094	0.119605	0.295217
0.360806	0.0638284	0.0753724
0.0223499	0.472355	0.00530533
0.207477	0.165162	0.127372
0.00706683	0.15737	0.335569
0.308864	0.013614	0.177533
0.0865536	0.134233	0.279217
0.0687394	0.387409	0.0438584
0.0379063	0.150515	0.311585
0.101362	0.377082	0.0215588
0.312847	0.0807396	0.106418
0.189289	0.301582	0.00913931
0.284668	0.19551	0.0198313
0.371695	0.0307751	0.0975349
0.0228054	0.0174938	0.459705
0.0938527	0.107294	0.298857
0.0546497	0.358034	0.0873222
0.218301	0.220275	0.0614277
0.227566	0.261567	0.0108707
0.0825745	0.228618	0.188814
0.3605	0.0750106	0.0644965
0.0577102	0.0576145	0.384691
0.115054	0.13041	0.254546
0.0210975	0.268471	0.210448
0.322186	0.0879852	0.0898364
0.0119728	0.47911	0.0089194
0.0184127	0.307721	0.173886
0.201456	0.056486	0.242062
0.0895495	0.140632	0.269828
0.0201972	0.445805	0.0340209
0.197017	0.0308732	0.272116
0.120185	0.0189388	0.360888
0.0124372	0.0162532	0.471315
0.0255754	0.238337	0.236095
0.0304507	0.4303	0.0392575
0.0614538	0.422641	0.0159096
0.118708	0.0959408	0.285354
0.166629	0.22566	0.107718
0.041078	0.458615	0.000330329
0.131559	0.364237	0.00421144
0.260538	0.210569	0.0288981
0.0422864	0.437643	0.0200752
0.110702	0.255256	0.134051
0.457383	0.0422603	0.000361805
0.0448269	0.0500957	0.405089
0.481879	0.0073737	0.0107525
0.0624294	0.393549	0.0440273
0.153914	0.0210612	0.325032
0.296753	0.0350429	0.168215
0.125939	0.340334	0.0337346
0.419165	0.0259347	0.0549063
0.288356	0.121724	0.0899257
0.424162	0.0698463	0.00599789
0.112391	0.0830795	0.304543
0.260812	0.182444	0.0567606
0.0126287	0.485164	0.00407829
0.00350997	0.0544057	0.442099
0.0993628	0.124976	0.275678
0.193992	0.154427	0.151592
0.0841434	0.0948518	0.321012
0.243166	0.2444	0.0124424
0.0374685	0.204325	0.258212
0.0974574	0.219322	0.183226
0.271388	0.02247	0.206152
0.488915	0.00772258	0.00336569
0.336959	0.0816717	0.081372
0.0155526	0.138424	0.346029
0.472372	0.00877457	0.0188588
0.21311	0.207525	0.0793743
0.0664508	0.407461	0.0260918
0.00266196	0.402056	0.0953125
0.256216	0.0427865	0.201001
0.00432462	0.00973231	0.48595
0.129714	0.350534	0.0197567
0.0981189	0.112779	0.289106
0.103748	0.00627994	0.389985
0.00790457	0.275488	0.216635
0.449031	0.044976	0.00599787
0.154123	0.124626	0.221254
0.287499	0.199271	0.0132343
0.40498	0.0646386	0.0303867
0.161074	0.100705	0.238236
0.144414	0.00147754	0.354115
0.301734	0.0307168	0.167557
0.151121	0.109964	0.238938
0.235516	0.188981	0.0755109
0.0177071	0.34955	0.132762
0.0840881	0.232809	0.183108
0.0140825	0.0109764	0.474947
0.0237931	0.324524	0.151692
0.0434008	0.410371	0.0462321
0.0919198	0.0989521	0.309133
0.27959	0.0651203	0.155295
0.00511189	0.0491756	0.445715
0.12221	0.00980193	0.367995
0.215729	0.171731	0.112551
0.246504	0.174147	0.0793554
0.0164727	0.0289794	0.454555
0.327108	0.0899084	0.0829888
0.344496	0.0285719	0.126935
0.441375	0.00373416	0.0549074
0.47666	0.00487686	0.0184702
0.140266	0.0987022	0.261036
0.059107	0.368137	0.0727626
0.00983827	0.368125	0.122046
0.0791775	0.0560076	0.364824
0.0294165	0.0464134	0.424175
0.137052	0.0969459	0.266021
0.332659	0.0774206	0.0899257
0.110108	0.288085	0.101812
0.182232	0.145158	0.172628
0.178037	0.248446	0.0735352
0.298826	0.0851852	0.116003
0.390444	0.0172099	0.0923505
0.099081	0.107819	0.293103
0.135228	0.143521	0.221254
0.0525561	0.280542	0.166905
0.16761	0.100303	0.232109
0.0802301	0.0470361	0.372741
0.0714075	0.417675	0.0109213
0.178204	0.20164	0.120164
0.0103416	0.413834	0.0758283
0.118736	0.330586	0.0506897
0.395721	0.00166824	0.102626
0.411499	0.0336002	0.0549063
0.0138141	0.2727	0.213514
0.0327616	0.433239	0.0340208
0.0771142	0.399517	0.0233775
0.23936	0.0226053	0.238039
0.14254	0.161565	0.1959
0.106277	0.210503	0.183226
0.146823	0.0121772	0.341008
0.13858	0.115195	0.246236
0.450706	0.0215889	0.0277103
0.0480964	0.0371917	0.414716
0.00498914	0.00798254	0.487034
0.0267999	0.345837	0.127372
0.108337	0.089353	0.302321
0.397233	0.0175091	0.0852677
0.00756849	0.491315	0.00112195
0.0533311	0.0136926	0.432983
0.124531	0.333524	0.0419533
0.383582	0.0798133	0.0366106
0.0511904	0.285756	0.16306
0.0155811	0.256379	0.228067
0.0237062	0.332514	0.143785
0.263976	0.186563	0.0494688
0.00431721	0.000272018	0.495416
0.412583	0.0679396	0.0194835
0.106604	0.0182711	0.375143
0.0488487	0.451156	0
0.232148	0.264405	0.00345874
0.125621	0.336443	0.037943
0.0408288	0.0462066	0.412968
0.0497729	0.312261	0.13797
0.184029	0.283386	0.0325907
0.42383	0.00669453	0.0694788
0.0519518	0.277316	0.170735
0.253507	0.0423341	0.204162
0.26565	0.0344326	0.199928
0.388104	0.0910626	0.0208458
0.0440687	0.315377	0.140559
0.204713	0.292165	0.00312573
0.325531	0.0609414	0.113533
0.340776	0.0936649	0.0655643
0.464434	0.00392925	0.0316396
0.495239	0.00472024	4.78894e-05
0.429094	0.0405239	0.0303866
0.133882	0.111125	0.255004
0.374846	0.076177	0.0489853
0.157689	0.1796	0.162724
0.0403981	0.0624611	0.397148
0.0750313	0.395007	0.0299672
0.277356	0.206518	0.016133
0.205747	0.234336	0.0599262
0.357223	0.0743288	0.0684536
0.0346593	0.08501	0.380338
0.251302	0.236263	0.0124424
0.231839	0.177759	0.0904092
0.0439127	0.0497738	0.406325
0.408476	0.00504143	0.0864927
0.0346313	0.0853866	0.379998
0.351173	0.0618982	0.0869346
0.0694457	0.0113731	0.419186
0.432793	0.0399883	0.0272262
0.433536	0.0262422	0.0402367
0.0668072	0.372932	0.0602642
0.0237873	0.026032	0.450186
0.0468692	0.418445	0.0346903
0.340819	0.0599926	0.0991923
0.379027	0.119321	0.00166009
0.081047	0.221993	0.19697
0.0487884	0.29489	0.156327
0.380404	0.118451	0.00115246
0.085846	0.0924136	0.321746
0.174213	0.176269	0.149526
0.0208318	0.320239	0.158939
0.100426	0.373602	0.0259747
0.0520923	0.25608	0.191837
0	0.500002	0
0.0316256	0.0031695	0.465213
0.00924825	0.00744402	0.483338
0.336688	0.0981307	0.0651921
0.457388	0.0314488	0.0111776
0.17655	0.231939	0.0915495
0.0925348	0.118973	0.288504
0.0875413	0.137616	0.274849
0.367441	0.0307401	0.10184
0.385259	0.0912913	0.0234641
0.4867	0.00491474	0.00839654
0.00916045	0.424235	0.0666205
0.023973	0.464866	0.0111777
0.262615	0.149011	0.0883992
0.255482	0.157744	0.0868007
0.449074	0.0498525	0.00109542
0.314968	0.012615	0.172427
0.475355	0.0200269	0.00463446
0.342956	0.101621	0.0554394
0.029442	0.368111	0.102469
0.122841	0.0334325	0.343748
0.0139795	0.485961	9.20854e-05
0.00578477	0.49294	0.00128198
0.0477867	0.379083	0.0731971
0.251794	0.0051095	0.243113
0.0902761	0.403442	0.00629239
0.0156474	0.418845	0.0655255
0.328085	0.102544	0.0693889
0.0325055	0.131733	0.335791
0.12832	0.323966	0.0477265
0.0171701	0.332949	0.149893
0.0843954	0.355449	0.0601795
0.32283	0.107795	0.0693882
0.360117	0.0959567	0.0439352
0.0518093	0.411017	0.0371984
0.0090971	0.43495	0.0559641
0.139586	0.0813253	0.2791
0.0754875	0.409535	0.0151726
0.0128964	0.0293547	0.457764
0.0671422	0.36426	0.0686649
0.0513058	0.396756	0.0519504
0.115946	0.00854143	0.375666
0.0780068	0.16118	0.260823
0.2353	0.0635291	0.201178
0.0335746	0.453848	0.0125945
0.22628	0.238477	0.0352583
0.0610703	0.0104068	0.428534
0.00761951	0.264872	0.227536
0.466203	0.027355	0.0064662
0.372475	0.0858845	0.0416536
0.105	0.202504	0.192515
0.212354	0.0490196	0.238649
0.234035	0.0158881	0.250264
0.0424105	0.189532	0.268072
0.378391	0.0892013	0.0324415
0.133894	0.0758501	0.290269
0.0897937	0.114663	0.295558
0.0411668	0.12457	0.334416
0.00260875	0.477748	0.0196554
0.198663	0.146333	0.155026
0.0232163	0.471614	0.005201
0.346433	0.107229	0.0463486
0.0478521	0.386846	0.0653186
0.30033	0.0228489	0.176832
0.131308	0.274581	0.0941331
0.035702	0.44638	0.0179355
0.0653666	0.268665	0.165991
0.0941341	0.110321	0.295555
0.171647	0.315747	0.0126214
0.210363	0.121306	0.168357
0.352972	0.0776536	0.0693884
0.0034984	0.3773	0.119231
0.355922	0.103737	0.0403635
0.311478	0.0662106	0.122384
0.185325	0.196077	0.118678
0.146045	0.295435	0.0585447
0.114357	0.00389169	0.381905
0.0552908	0.0176676	0.427067
0.470317	0.0198147	0.00988449
0.43034	0.0360022	0.0336706
0.391265	0.0575548	0.0511897
0.0208197	0.0938488	0.385497
0.296063	0.184849	0.0190972
0.070804	0.298798	0.130409
0.0176828	0.341946	0.140393
0.287673	0	0.212344
0.0419514	0.18748	0.270584
0.425233	0.0286654	0.0461155
0.0103984	0.0678088	0.4218
0.0149992	0.182187	0.302836
0.168093	0.20686	0.125052
0.272386	0.0249753	0.202645
0.240097	0.140017	0.119915
0.414114	0.0377129	0.0481915
0.0670694	0.0185896	0.414351
0.229509	0.12609	0.144412
0.19079	0.17025	0.138983
0.119581	0.126027	0.254406
0.121607	0.359706	0.0188313
0.158855	0.028563	0.312624
0.105405	0.0679682	0.326669
0.293761	0.162244	0.0440111
0.00245301	0.00447056	0.49326
0.163818	0.0570906	0.279097
0.217595	0.0493442	0.233081
0.194336	0.0536141	0.252058
0.161525	0.309833	0.0286569
0.398031	0.0267166	0.0752674
0.0015735	0.143125	0.355358
0.108563	0.073834	0.317639
0.244582	0.0579946	0.197435
0.113485	0.218869	0.167659
0.109942	0.00271979	0.387348
0.00530621	0.287013	0.207695
0.0196896	0.0439408	0.436385
0.0523048	0.245057	0.202646
0.0989711	0.225277	0.175777
0.409151	0.0858035	0.00506075
0.266054	0.0557945	0.178167
0.441447	0.0405162	0.0180544
0.230654	0.108837	0.160598
0.0773465	0.159815	0.262853
0.0234173	0.0345272	0.442087
0.155074	0.34483	0.000104384
0.144644	0.328788	0.0265813
0.221966	0.278041	0
0.214641	0.132584	0.152805
0.108866	0.165617	0.225539
0.00165997	0.173381	0.324984
0.106933	0.0728541	0.320223
0.148678	0.261118	0.0902167
0.42066	0.0332387	0.0461155
0.0895451	0.104026	0.306456
0.0710377	0.300399	0.128585
0.00824274	0.394102	0.0976801
0.0399726	0.0687631	0.391292
0.0613585	0.0353824	0.403286
0.118913	0.248715	0.132395
0.0452563	0.00443045	0.450337
0.0265419	0.0657282	0.407744
0.443617	0.0421285	0.0142748
0.204585	0.21122	0.0842091
0.193544	0.20086	0.105612
0.180804	0.255998	0.0632123
0.192178	0.283398	0.0244364
0.0820088	0.000449164	0.417551
0.0378445	0.0209016	0.44127
0.0348832	0.450981	0.0141559
0.0962651	0.225587	0.178164
0.0656874	0.0375279	0.396802
0.102407	0.208952	0.188674
0.490529	0.00909616	0.000389333
0.377696	0.0890376	0.0332981
0.494183	0.00214854	0.00368261
0.0198627	0.0437671	0.436381
0.0436245	0.236672	0.21977
0.0976708	0.291066	0.11128
0.00122681	0.303738	0.19519
0.219932	0.0609586	0.219118
0.0862491	0.390224	0.0235451
0.115286	0.222342	0.162386
0.173025	0.192392	0.134602
0.199534	0.0117569	0.288722
0.024476	0.0701273	0.405424
0.277346	0.180262	0.0424048
0.0580283	0.44189	9.20812e-05
0.0499076	0.0588281	0.391292
0.159308	0.0408059	0.299913
0.283164	0.000368735	0.216482
0.0123885	0.178501	0.309127
0.0441325	0.270811	0.185089
0.00630815	0.141605	0.352101
0.416706	0.000816839	0.0824989
0.150123	0.33755	0.012345
0.00350776	0.0426068	0.45391
0.304868	0.0227162	0.172428
0.167317	0.193611	0.139076
0.396339	0.0266031	0.0770702
0.00424133	0.176465	0.319302
0.12069	0.252377	0.126954
0.207858	0.242106	0.0500465
0.0817282	0.155432	0.262851
0.241854	0.14401	0.11415
0.0107613	0.123414	0.365965
0.00877362	0.474566	0.0166776
0.159539	0.307689	0.0327844
0.00593187	0.350614	0.143468
0.306771	0.172893	0.0203473
0.010534	0.127876	0.361607
0.117308	0.24372	0.138979
0.169803	0.267002	0.0632128
0.0109674	0.127442	0.361606
0.240561	0.0263715	0.233075
0.24613	0.0714112	0.182482
0.156301	0.255723	0.0879845
0.00858724	0.00536149	0.486059
0.0181494	0.0818122	0.400052
0.128522	0.292541	0.0789486
0	0	0.5
0.0620733	0.414312	0.0236241
0.0700548	0.0343498	0.395633
0.428328	0.0265814	0.0451179
0.0127563	0.102058	0.385194
0.0181137	0.443211	0.0386905
0.134705	0.349408	0.0159329
0.481174	0.000487749	0.0183447
0.47129	0.00170183	0.0270166
0.104661	0.138674	0.257064
0.228737	0.0937656	0.177515
0.267859	0.135887	0.0962586
0.124532	0.133034	0.262679
0.433654	0.0150253	0.0513462
0.0189235	0.118499	0.362609
0.418207	0.044332	0.0374657
0.457412	0.0159465	0.0266465
0.0237726	0.0132957	0.462962
0.0650953	0.434482	0.000431492
0.0962484	0.165095	0.238681
0.0324691	0.0280393	0.43951
0.0611607	0.0838506	0.354996
0.00887439	0.491128	0
0.202431	0.278056	0.0195237
0.209652	0.224844	0.0845851
0.0587807	0.363391	0.0778791
0.00502497	0.26603	0.228948
0.0907331	0.305276	0.124123
0.143695	0.21468	0.141638
0.100757	0.147836	0.25142
0.086052	0.272891	0.161191
0.0128864	0.337889	0.149232
0.0561319	0.378699	0.0651722
0.451493	0.0206308	0.0278893
0.38336	0.0580015	0.0586479
0.172888	0.181782	0.164426
0.12952	0.177339	0.193145
0.44455	0.0275881	0.0278902
0.0600279	0.404983	0.0350057
0.150345	0.0486749	0.300999
0.319481	0.0951144	0.0854296
0.397038	0.0727924	0.0301781
0.0723468	0.0527686	0.3749
0.46322	0.000510904	0.0362889
0.122318	0.130669	0.267262
0.0250295	0.461392	0.0135894
0.0955469	0.164291	0.240585
0.0488624	0.421108	0.030037
0.113475	0.221212	0.165717
0.135817	0.0556751	0.308534
0.162196	0.330882	0.00695818
0.0372707	0.169378	0.293367
0.0256926	0.0015705	0.472743
0.070372	0.397515	0.0321733
0.407648	0.0843069	0.00806321
0.325176	0.00324674	0.171593
0.247406	0.122342	0.130275
0.0351888	0.0324458	0.432367
0.0499519	0.0701949	0.37986
0.000561973	0.0802412	0.419211
0.273887	0.218559	0.00756656
0.105065	0.384575	0.0103927
0.00282645	0.209892	0.287292
0.341125	0.0464677	0.112416
0.0274005	0.0371223	0.435493
0.372763	0.0641791	0.0630782
0.157086	0.293564	0.0493576
0.0461102	0.324068	0.129826
0.286556	0.0443278	0.169137
0.00928336	0.0830643	0.407659
0.438946	0.0272404	0.0338291
0.213964	0.197095	0.0889465
0.276537	0.0395475	0.183927
0.403977	0.0835476	0.0124941
0.013902	0.431419	0.0546807
0.184084	0.242958	0.0729645
0.0544784	0.0172567	0.428285
0.254953	0.20345	0.0415999
0.352114	0.145482	0.00242395
0.0952818	0.0872008	0.317527
0.04404	0.00181406	0.454149
0.120595	0.180168	0.199252
0.0409406	0.424059	0.0350049
0.195938	0.302808	0.0228736
0.109897	0.117493	0.272617
0.357411	0.0234029	0.119202
0.306641	0.100242	0.0931467
0.197512	0.0979385	0.204572
0.496234	0.00211575	0.00165284
0.295834	0.00493291	0.208254
0.141166	0.126095	0.232747
0.0669651	0.252615	0.180431
0.137786	0.357398	0.00486447
0.0826938	0.111468	0.305844
0.179613	0.308841	0.0115693
0.101386	0.148759	0.249871
0.0566147	0.114069	0.329325
0.160109	0.319399	0.0205091
0.263042	0.0901884	0.146784
0.260044	0.0388625	0.201731
0.236187	0.15455	0.10928
0.396183	0.0302422	0.0735932
0.071071	0.0917942	0.33715
0.344694	0.150452	0.0048641
0.298931	0.0977212	0.103381
0.312733	0.0800081	0.10726
0.131183	0.0451455	0.323679
0.117858	0.161371	0.220782
0.10847	0.20435	0.187198
0.165363	0.329879	0.00477552
0.116461	0.159457	0.224093
0.288696	0.110404	0.100928
0.0359719	0.401872	0.0621607
0.127354	0.0679288	0.304731
0.0208162	0.468321	0.0108666
0.14715	0.141011	0.211865
0.249948	0.121389	0.128699
0.18658	0.246253	0.0671736
0.0534205	0.374083	0.0725032
0.154821	0.127791	0.217396
0.166185	0.054402	0.279434
0.0411784	0.162442	0.296396
0.106548	0.0777145	0.315753
0.00315176	0.150885	0.345978
0.0580137	0.0183924	0.423599
0.0076031	0.0103078	0.482091
0.0886465	0.0616108	0.349756
0.242607	0.20915	0.0482599
0.110591	0.213852	0.175577
0.489365	0.00062413	0.0100272
0.258379	0.239028	0.00260229
0.196255	0.297759	0.00599366
0.0292127	0.261385	0.209409
0.334982	0.0521157	0.113328
0.0902129	0.256447	0.153342
0.0961582	0.071505	0.332343
0.158455	0.31682	0.0247321
0.0522951	0.31132	0.13639
0.205018	0.281611	0.0133939
0.0226495	0.134793	0.342596
0.0512001	0.341738	0.107072
0.0921139	0.139526	0.268575
0.391781	0.0267779	0.0814825
0.0739209	0.0597288	0.366362
0.00581924	0.00285334	0.491358
0.327425	0.0458755	0.126708
0.00426024	2.90714e-06	0.495745
0.222853	0.0960386	0.181119
0.277025	0.186611	0.0363885
0.000934401	0.0494686	0.449612
0.116869	0.202709	0.18043
0.0503239	0.0500824	0.399605
0.0195681	0.189619	0.290837
0.0780665	0.247567	0.174392
0.0887414	0.392169	0.0191099
0.169872	0.155465	0.174673
0.235603	0.229744	0.0346631
0.366393	0.0630823	0.0705387
0.126045	0.367936	0.0060344
0.0223624	0.47764	0
0.0500515	0.448837	0.00112851
0.284517	0.108806	0.106706
0.0162111	0.470476	0.0133382
0.335724	0.128389	0.0358936
0.115866	0.217016	0.167145
0.106495	0.38973	0.00380097
0.0254578	0.0628673	0.411684
0.486353	0.00363611	0.0100273
0.0125589	0.485236	0.00225089
0.146162	0.140064	0.213796
0.242548	0.230435	0.0270304
0.0084245	0.0127001	0.478883
0.00710225	0.346215	0.146691
0.282798	0.0266339	0.190601
0.0106445	0.0146783	0.474683
0.133126	0.268622	0.0982701
0.13814	0.358317	0.00359013
0.388258	0.0134904	0.0982702
0.174598	0.00606659	0.319358
0.218789	0.162038	0.119206
0.168531	0.0560451	0.275436
0.159708	0.143881	0.196419
0.220282	0.270363	0.0093647
0.210625	0.289311	7.53014e-05
0.00113448	0.454159	0.0447078
0.211088	0.234232	0.0546807
0.35888	0.0219371	0.119203
0.306281	0.00800879	0.185716
0.0214476	0.458101	0.0204536
0.364721	0.0239338	0.111347
0.265194	0.192677	0.0421404
0.380188	0.0654574	0.0543811
0.316118	0.0544264	0.129482
0.0882669	0.25766	0.154075
0.265058	0.00113011	0.234225
0.19658	0.153302	0.150134
0.000678672	0.0969041	0.402424
0.00791707	0.483274	0.00882448
0	0	0.5
0.43693	0.0226452	0.040443
0.0773984	0.314251	0.108387
0.450648	0.0202389	0.0291322
0.0169452	0.449289	0.0337842
0.174665	0.276375	0.0489963
0.0420285	0.0320168	0.426023
0.236617	0.113615	0.149777
0.0389082	0.0192465	0.441856
0.0609841	0.30248	0.136561
0.00398905	0.461143	0.0359173
0.36442	0.0457847	0.0898115
0.0472373	0.443913	0.00889323
0.190149	0	0.309993
0.352192	0.00387911	0.143941
0.0221138	0.355462	0.122447
0.417017	0.0367957	0.0462105
0.0495855	0.431873	0.0185493
0.179512	0.136641	0.183878
0.0470046	0.433997	0.0190549
0.310285	0.184404	0.00534234
0.0115077	0.322069	0.166449
0.0950104	0.0116339	0.393388
0.017482	0.0703686	0.412753
0.464691	0.0292266	0.00609622
0.0243735	0.109947	0.365711
0.488874	0.000906353	0.0102855
0.123345	0.0751087	0.301569
0.133378	0.139297	0.227345
0.0982899	0.389414	0.0123172
0.127695	0.140249	0.232068
0.0307712	0.172032	0.29722
0.164334	0.00590266	0.329908
0.0664424	0.423363	0.0103574
0.136108	0.0691082	0.2948
0.45848	0.0404542	0.00108929
0.0715374	0.0705041	0.357989
0.244369	0.120881	0.134758
0.355166	0.130887	0.013967
0.0794042	0.0392784	0.381343
0.299123	0.00805169	0.193008
0.28219	0.104373	0.113459
0.318355	0.151621	0.0300393
0.251415	0.178372	0.0702244
0.478765	0.00306988	0.0181776
0.000719887	0.478359	0.0210509
0.11321	0.07181	0.314995
0.144514	0.107582	0.247934
0.171896	0.0270528	0.301071
0.401066	0.0578796	0.041062
0.0357274	0.0272167	0.437099
0.335128	0.102924	0.0619737
0.0335224	0.125317	0.341171
0.0634923	0.340508	0.0960141
0.0577838	0.0672964	0.374939
0.0101301	0.0143866	0.475639
0.211537	0.161018	0.127449
0.154624	0.0870457	0.258347
0.276899	0.189948	0.0331807
0.0179122	0.382389	0.0997264
0.161056	0.118512	0.220452
0.382754	0.0933847	0.0238702
0.00747758	0.488378	0.0041558
0.0298682	0.131467	0.33872
0.288725	0.12895	0.0823723
0.32828	0.157837	0.0139049
0.066162	0.273432	0.160441
0.181326	0.130942	0.18774
0.197037	0.232304	0.0706713
0.0260741	0.0184989	0.455449
0.422534	0.0664981	0.0109881
0.014373	0.0646013	0.421047
0.27285	0.146714	0.0804543
0.41059	0.0602968	0.0291322
0.265998	0.168775	0.0652564
0.257623	0.00575103	0.236632
0.0949681	0.00308219	0.401957
0.0641001	0.241883	0.194086
0.201801	0.209823	0.0883959
0.000219049	0.0508679	0.448926
0.204346	0.175419	0.120307
0.00823763	0.00897163	0.482827
0.204543	0.0070879	0.288408
0.0828192	0.25959	0.157627
0.0187322	0.463721	0.0175636
0.42871	0.0123405	0.0589637
0.234233	0	0.265771
0.38643	0.0613565	0.052237
0.0621297	0.0862198	0.351676
0.086672	0.36304	0.0503225
0.324892	0.0576596	0.117461
0.0158389	0.33058	0.153601
0.194138	0.200351	0.105521
0.366514	0.0894226	0.0440788
0.157601	0.0982738	0.244154
0.0669327	0.269554	0.163535
0.0747042	0.413303	0.0120241
0.432277	0.0438492	0.0238917
0.0531976	0.239725	0.207092
0.191512	0.140922	0.167586
0.00885226	0.217609	0.273567
0.494902	0.000824727	0.00428173
0.100628	0.349023	0.0503845
0.00168	0.282175	0.21631
0.0682833	0.3656	0.0661523
0.217594	0.227251	0.0551813
0.368985	0.0900254	0.041004
0.341821	0.0343467	0.123892
0.0859968	0.347019	0.0670085
0.130274	0.19713	0.172614
0.0146543	0.288168	0.197185
0.0203079	0.108911	0.3708
0.106466	0.00470979	0.388838
0.073987	0.417165	0.00889325
0.128639	0.194656	0.176721
0.186707	0.133311	0.179996
0.00056674	0.376594	0.122909
0.110504	0.119249	0.270337
0.216273	0.224996	0.0593261
0.293253	0.202302	0.00526213
0.148749	0.333446	0.0178085
0.157061	0.326216	0.0167519
0.248266	0.157477	0.0942868
0.16012	0.161724	0.178166
0.270118	0.0164249	0.213467
0.0620898	0.00355563	0.43437
0.220167	0.02114	0.258717
0.168604	0.00740118	0.324133
0.00189363	0.247414	0.251651
0.225175	0.237343	0.0375042
0.375304	0.099058	0.0256803
0.00239279	0.471468	0.0261512
0.109383	0.043314	0.347328
0.263721	0.0825479	0.153744
0.224201	0.0222394	0.253577
0.212557	0.00152995	0.285919
0.0230505	0.0163537	0.460608
0.32623	0.165642	0.00814497
0.108457	0.0045539	0.386999
0.202488	0.0200855	0.277433
0.120516	0.0611916	0.318326
0.0334517	0.264262	0.202312
0.224856	0.0385225	0.236635
0.00408496	0.00484436	0.491094
0.378191	0.096171	0.0256802
0.207302	0.211791	0.080943
0.103123	0.110978	0.285938
0.000461965	0.078514	0.421056
0.217413	0.00103789	0.281568
0.308372	0.183267	0.00839316
0.339271	0.0923452	0.0684109
0.321642	0.00881384	0.17059
0.054027	0.0403632	0.405641
0.0213817	0.0151698	0.463463
0.277741	0.1916	0.031472
0.304561	0.00999768	0.185461
0.216094	0.256267	0.0276632
0.295127	0.199116	0.0058138
0.102139	0.0728564	0.325037
0.259673	0.0407847	0.199571
0.132564	0.0997181	0.26773
0.138809	0.14497	0.216252
0.470896	0.0291123	0
0.0599846	0.0617667	0.378286
0.0673088	0.295223	0.137485
0.419189	0.00517268	0.0756578
0.476002	0.013743	0.0102847
0.00603782	0.491231	0.00274401
0.0331345	0.1446	0.322315
0.335688	0.154424	0.00989992
0.302793	0.0104925	0.186733
0.115467	0.0412043	0.343357
0.0637639	0.335206	0.101057
0.346268	0.0969774	0.0567756
0.0760976	0.338717	0.0852634
0.241286	0.180469	0.0782604
0.186932	0.13259	0.180492
0.221108	0.219731	0.0591739
0.0107892	0.291371	0.197861
0.0205312	0.400332	0.0791521
0.267364	0.0768465	0.155829
0.208904	0.289904	0.00121289
0.00150309	0.25246	0.246203
0.131906	0.267644	0.100473
0.118845	0.130528	0.251718
0.324379	0.0415754	0.134071
0.0970183	0.0479915	0.355007
0.293099	0.128813	0.0781346
0.0723094	0.397667	0.0300393
0.229308	0.193258	0.0775987
0.394515	0.102781	0.00271964
0.267657	0.150677	0.0816834
0.0271555	0.00403526	0.46884
0.0294788	0.0203157	0.450245
0.231397	0.229957	0.0386554
0.0732025	0.407806	0.0190552
0.396097	0.0628914	0.0410565
0.281013	0.105555	0.11346
0	0.500002	0
0.500001	0	0
0.449935	0.0244795	0.0256178
0.469276	0.0271646	0.00357951
0.484078	0.00543565	0.0105023
0.437767	0.0341366	0.0281086
0.0284787	0.0915873	0.379946
0.0838854	0.0995504	0.316577
0.0661622	0.0489951	0.384852
0.0382815	0.107807	0.353933
0.141314	0.328213	0.030486
0.114565	0.363878	0.0215727
0.0184687	0.463061	0.0184947
0.0116508	0.294137	0.194242
0.0540677	0.403231	0.0427144
0.174368	0.201165	0.124488
0.0280718	0.0563407	0.4156
0.018231	0.481777	0
0.00482694	0.493143	0.00203321
0.00784171	0.244601	0.247561
0.0233503	0.167264	0.309396
0.0720883	0.23865	0.19132
0.340176	0.130011	0.0298434
0.406752	0.0618623	0.0313987
0.256319	0.0602808	0.183422
0.0397971	0.451298	0.00891055
0.00820384	0.416692	0.0751157
0.0875744	0.392529	0.0199121
0.260764	0.169548	0.0696983
0.129103	0.156071	0.214854
0.195136	0.129635	0.17525
0.0376277	0.116633	0.345758
0.0522481	0.441405	0.00636406
0.0195179	0.475891	0.0046156
0.0471481	0.337734	0.115131
0.271756	0.226879	0.0013766
0.126358	0.264141	0.109521
0.282914	0.0637524	0.153338
0.0400422	0.454078	0.00588633
0.00352986	0.354106	0.14238
0.0192448	0.469234	0.011545
0.108609	0.0692939	0.322116
0.363972	0.0808552	0.0552067
0.315121	0.129126	0.0557581
0.0817114	0.0542834	0.364026
0.225557	0.0726637	0.201797
0.136145	0.101337	0.262534
0.219985	0.120356	0.159664
0.0517126	0.436881	0.0114233
0.1546	0.10091	0.244509
0.0858024	0.0555539	0.35868
0.294208	0.184227	0.0215724
0.231706	0.0302525	0.238052
0.0080226	0.25275	0.239251
0.216882	0.236329	0.0468092
0.0793503	0.0280703	0.3926
0.0108956	0.343272	0.145862
0.10086	0.232932	0.166233
0.198903	0.132137	0.16898
0.0971931	0.357137	0.0456931
0.0526482	0.145905	0.301467
0.457042	0.0285637	0.0144153
0.190307	0.267442	0.0422651
0.042102	0.174262	0.283659
0.10788	0.348873	0.0432729
0.00322467	0.0366265	0.460168
0.0201389	0.408363	0.0715094
0.0851535	0.323352	0.0915298
0.322864	0.125021	0.052129
0.0111543	0.0224587	0.466401
0.000348553	0.423595	0.0760704
0.347685	0.0667206	0.0856217
0.0753098	0.0938497	0.330864
0.184162	0.0571853	0.25867
0.00680745	0.0407336	0.45247
0.0429199	0.0302343	0.426855
0.122881	0.285401	0.0917428
0.0351228	0.0932327	0.371654
0.0598253	0.41321	0.0269776
0.000380641	0.305406	0.194241
0.0236875	0.296908	0.179409
0.148441	0.0953801	0.256191
0.0426514	0.152736	0.304642
0.286705	0.175645	0.0376757
0.188611	0.308873	0.00253988
0.239603	0.17799	0.0824124
0.0181329	0.0467281	0.435148
0.00467187	0.0530641	0.442274
0.303322	0.194814	0.00190566
0.159078	0.000657983	0.340277
0.0901937	0.373316	0.03652
0.3328	0.0379633	0.129245
0.0398461	0.0371384	0.423037
0.0917054	0.058375	0.349935
0.134685	0.165066	0.200273
0.0162549	0.429557	0.054196
0.0625682	0.315968	0.121483
0.25297	0.193552	0.053502
0.213013	0.182298	0.10472
0.119376	0.148922	0.231728
0.0121181	0.298007	0.189879
0.245934	0.114957	0.139139
0.192191	0.273122	0.0346901
0.0252617	0.199736	0.275031
0.372409	0.0255733	0.102034
0.202543	0.000837763	0.296633
0.462244	0.0217285	0.0160527
0.209197	0.142799	0.14802
0.330554	0.141362	0.0281094
0.0258018	0.247822	0.22639
0.370848	0.123158	0.00603771
0.266966	0.0125491	0.22051
0.00590412	0.0850842	0.40903
0.192553	0.136749	0.17073
0.350849	0.13409	0.0150853
0.149197	0.300403	0.0504136
0.099034	0.332333	0.0686452
0.11925	0.0115756	0.369186
0.169847	0.223403	0.106773
0.12249	0.215041	0.162478
0.385204	0.0577326	0.0570945
0.207375	0.255411	0.0372357
0.138531	0.0900729	0.271408
0.162335	0.27093	0.0667585
0.00600908	0.0865967	0.407406
0.125834	0.257621	0.116575
0.23543	0.0311914	0.233401
0.00616323	0.00238656	0.491466
0.360502	0.0843249	0.0552066
0.127829	0.369895	0.00232206
0.27427	0.205832	0.0199121
0.237918	0.14789	0.114206
0.425455	0.0201318	0.0544289
0.0767193	0.22038	0.202924
0.224034	0.139466	0.136503
0.108988	0.0642395	0.326783
0.243304	0.0308986	0.225818
0.0330636	0.429281	0.0376753
0.0101137	0.00281357	0.487081
0.167993	0.0632549	0.268789
0.0548075	0.103969	0.341248
0.0242725	0.315142	0.160597
0.00195477	0.0532669	0.444791
0.00515988	0.0609399	0.433908
0.353443	0.0678256	0.0787659
0.0130648	0.407521	0.0794217
0.298993	0.100647	0.100381
0.390763	0.0496252	0.0596383
0.394819	0.0922592	0.0129572
0.131339	0.160965	0.207719
0.264518	0.0149958	0.220509
0.225263	0.188064	0.0866842
0.22494	0.14003	0.135053
0.325818	0.126165	0.0480367
0.244739	0.0718508	0.183416
0.120592	0.233575	0.145861
0.111775	0.224334	0.163903
0.495794	0.00382472	0.000411722
0.00197688	0.00128537	0.496747
0.00968648	0.00742598	0.482899
0.431811	0.0290709	0.0391618
0.176986	0.112786	0.210248
0.37781	0.0779238	0.0442817
0.0219054	0.00796416	0.47014
0.383956	0.0885937	0.0274647
0.33358	0.152027	0.0143996
0.212225	0.139772	0.148021
0.247415	0.000413186	0.252183
0.125933	0.0934656	0.280632
0.248904	0.14717	0.103949
0.149772	0.0966808	0.253565
0.00723777	0.426028	0.0667585
0.311804	0.120739	0.0674722
0.239139	0.211284	0.0495925
0.105556	0.383945	0.0105313
0.112913	0.151814	0.235309
0.0549076	0.0458108	0.399311
0.0242817	0.0203618	0.455369
0.164277	0.283715	0.0520142
0.176426	0.113046	0.210534
0.153244	0.218194	0.128576
0.276854	0.205655	0.017512
0.0692653	0.136806	0.293946
0.0245254	0.318425	0.157061
0.0706698	0.094916	0.334446
0.166744	0.0399917	0.293285
0.182306	0.0489423	0.26879
0.0116515	0.0153254	0.473049
0.486107	0.0139106	0
0.15263	0.261283	0.0860895
0.179847	0.256386	0.0637806
0.465915	0.017483	0.0166235
0.00651327	0.37877	0.11472
0.0918021	0.199128	0.20908
0.188568	0.020238	0.291218
0.171642	0.225763	0.102618
0.355287	0.0898859	0.054833
0.0796831	0.123571	0.29675
0.106524	0.0667034	0.326783
0.29211	0.0321006	0.175806
0.0582791	0.0229395	0.41881
0.394402	0.104778	0.000839151
0.282501	0.214882	0.00262903
0.00411032	0.484082	0.0118218
0.0045439	0.364985	0.130494
0.228623	0.236347	0.0350458
0.0109603	0.401618	0.0874402
0.441161	0.0196298	0.0392291
0.263628	0.16087	0.0755183
0.0378194	0.00774751	0.45445
0.0353072	0.0769764	0.387733
0.0366199	0.282844	0.180552
0.374936	0.0368996	0.0881813
0.00725372	0.379664	0.113098
0.106585	0.287352	0.106076
0.22144	0.208746	0.0698366
0.418338	0.0710875	0.0105942
0.339855	0.0693959	0.090771
0.0859277	0.388764	0.0253252
0.0394796	0.0144942	0.446044
0.066155	0.162832	0.271037
0.409222	0.0449232	0.0458813
0.318281	0.0378376	0.143901
0.301699	0.0412172	0.157105
0.212884	0.249534	0.0376016
0.0403354	0.339604	0.12008
0.146121	0.13586	0.218034
0.091404	0.246423	0.162197
0.121603	0.096916	0.281497
0.383277	0.0124488	0.104285
0.0547848	0.0907504	0.354486
0.492348	0.00210119	0.00556765
0.0682951	0.308988	0.122737
0.435677	0.041409	0.0229309
0.313027	0.0784658	0.108527
0.154417	0.315357	0.0302436
0.122839	0.0984548	0.278721
0.103251	0	0.396766
0.0212026	0.0106005	0.468209
0.0312951	0.347128	0.121597
0.482444	0.00442093	0.0131479
0.0023648	0.0051457	0.4925
0.173117	0.0286664	0.298238
0.196715	0.150748	0.152547
0.00868619	0.356194	0.135136
0.232068	0.043937	0.224016
0.037311	0.220645	0.242057
0.0774802	0.418572	0.00396862
0.351707	0.140666	0.0076534
0.0555081	0.00855025	0.43597
0.0930783	0.368679	0.047154
0.0074966	0.427378	0.0651491
0.464366	0.00701364	0.0286344
0.104596	0.101395	0.294028
0.389621	0.0417009	0.0687049
0.297473	0.116562	0.0859858
0.187607	0.122879	0.189527
0.307643	0.112945	0.0794309
0.237002	0.0494645	0.213555
0.0974123	0.223803	0.1788
0.244945	0.228289	0.0267831
0.00383443	0.128531	0.367656
0.458473	0.0228746	0.018665
0.0641854	0.0738881	0.361939
0.00400362	0.153415	0.3426
0.0288419	0.442324	0.028848
0.156357	0.332774	0.0108939
0.0609245	0.132827	0.306266
0.453973	0.000173006	0.0458813
0.0292533	0.448633	0.0221273
0.125309	0.267417	0.107295
0.0498218	0.134301	0.3159
0.098235	0.21248	0.189297
0.170252	0.258839	0.0709282
0.0138793	0.457505	0.02863
0.123359	0.0886422	0.288014
0.0040183	0.473245	0.022751
0.131968	0.115178	0.252871
0.484817	0.00962399	0.0055798
0.132857	0.256254	0.110901
0.401254	0.0419813	0.0567828
0.0572319	0.393676	0.0491059
0.050979	0.130233	0.318811
0.147047	0.0442163	0.30876
0.209193	0.194034	0.096793
0.0177249	5.4439e-05	0.482234
0.000336236	0.0581162	0.441566
0.138074	0.149412	0.212527
0.051359	0.241217	0.20744
0.0182785	0.143547	0.338195
0.271926	0.0807952	0.147301
0.16681	0.0397101	0.293496
0.200473	0.202754	0.096793
0.0639902	0.00629764	0.42973
0.275703	0.065022	0.159287
0.199693	0.0478199	0.252506
0.0885713	0.0843526	0.327095
0.0323991	0.274567	0.19305
0.472457	0.0088905	0.018665
0.255553	0.00388123	0.24058
0.143129	0.206034	0.150858
0.0270692	0.300254	0.172697
0.295304	0.195676	0.00904711
0.323146	0.0549117	0.12196
0.0566193	0.0660719	0.377325
0.0450276	0.372361	0.0826269
0.0800442	0.40773	0.0122424
0.195199	0.212822	0.0919962
0.471584	0.0234859	0.0049455
0.00984455	0.0825557	0.407615
0.118568	0.173948	0.207501
0.19226	0.225358	0.0823986
0.330116	0.154891	0.0150075
0.148393	0.00279239	0.348826
0.0370096	0.0010198	0.461993
0.0322145	0.067456	0.400343
0.42808	0.0501159	0.0218191
0.136284	0.00179048	0.361942
0.0637902	0.0324947	0.403745
0.35726	0.0855306	0.0572276
0.0225446	0.00235874	0.475112
0.0745272	0.0134249	0.412066
0.101717	0.0508542	0.347442
0.177596	0.270121	0.0522965
0.258207	0.180204	0.0616204
0.110499	0.277389	0.112126
0.182074	0.0910295	0.226907
0.334879	0.157125	0.00801591
0.216104	0.253308	0.0306111
0.140388	0.11252	0.247104
0.363846	0.0358082	0.100362
0.048164	0.326153	0.125707
0.329003	0.140238	0.0307742
0.189493	0.145214	0.165303
0.0362694	0.232034	0.231711
0.00780991	0.32026	0.171946
0.128104	0.0848852	0.287038
0.0478025	0.323705	0.128515
0.181635	0.2616	0.0567828
0.158059	0.336397	0.00556862
0.115863	0.00175967	0.382397
0.150712	0.319062	0.0302436
0.216564	0.270692	0.0127569
0.370322	0.111354	0.018347
0.0479766	0.118169	0.333868
0.071907	0.0573089	0.370812
0.167917	0.0714753	0.260634
0.142461	0.125622	0.231932
0.0494129	0.240152	0.210453
0.0669582	0.432285	0.000784064
0.324848	0.0620711	0.113098
0.205313	0.0491659	0.24554
0.423401	0.0383564	0.047154
0.0266956	0.188245	0.285077
0.032884	0.231883	0.235257
0.178423	0.0516487	0.269946
0.0496382	0.350529	0.0998502
0.239804	0.190375	0.0698355
0.0545066	0.374583	0.070928
0.00371593	0.437633	0.0586628
0.200843	0.183302	0.115871
0.269786	0.025405	0.204833
0.049203	0.353625	0.0971941
0.230531	0.263966	0.00552171
0.346021	0.00597891	0.148014
0.00941864	0.0156049	0.474995
0.257247	0.048332	0.194439
0.363976	0.0162177	0.119822
0.250926	0.109322	0.139772
0.111792	0.131037	0.257193
0.11077	0.122636	0.266614
0.280079	0	0.219934
0.0243982	0.463794	0.0118218
0.110595	0.357642	0.0317778
0.404688	0.049393	0.0459356
0.176198	0.29187	0.0319482
0.385401	0.0125177	0.102098
0.0873055	0.0831471	0.329561
0.00418799	0.493229	0.00260011
0.0246689	0.173954	0.301394
0.359747	0.0179162	0.122354
0.176782	0.0861306	0.237101
0.0695729	0.167572	0.262876
0.240127	0.120054	0.139832
0.0833992	0.0801857	0.336431
0.369895	0.0184216	0.111696
0.00443677	0.00788718	0.48769
0.162559	0.187383	0.150078
0.0637575	0.436256	0
0.266755	0.19947	0.0337886
0.161923	0.0198924	0.318201
0.445874	0.016313	0.0378419
0.0700009	0.168602	0.261421
0.00418858	0.493299	0.00252689
0.175297	0.305558	0.0191642
0.205727	0.179553	0.114741
0.220658	0.100209	0.17914
0.42047	0.077616	0.00192572
0.00952102	0.0874521	0.403036
0.0718938	0.126273	0.301846
0.160763	0.16434	0.174953
0.0159007	0.3265	0.157619
0.0153063	0.445407	0.0392972
0.129608	0.132218	0.238197
0.0123642	0.373666	0.113983
0.0848205	0.0517005	0.363486
0.094722	0.0113861	0.393904
0.00507756	0.42679	0.0681453
0.0329833	0.233804	0.233223
0.401809	0.0541945	0.0440034
0.440589	0.0250521	0.0343712
0.0819694	0.0583806	0.35966
0.111863	0.0166135	0.371532
0.145278	0.220559	0.134174
0.00774967	0.48464	0.00761818
0.290196	0.20816	0.0016505
0.0506181	0.172056	0.277338
0.212648	0.269708	0.0176539
0.31427	0.118065	0.0676781
0.121697	0.0946703	0.28364
0.0564358	0.20087	0.242707
0.293526	0.194858	0.0116303
0.0526266	0.00453463	0.442848
0.194002	0.0406513	0.265359
0.177409	0.180982	0.141631
0.00758194	0.382705	0.109728
0.114938	0.117494	0.267575
0.0908563	0.113885	0.295274
0.474966	0.0046855	0.0203534
0.156028	0.0253563	0.318622
0.0766082	0.272668	0.150735
0.123974	0.0499554	0.326083
0.00137134	0.491018	0.00761818
0.150094	0.263701	0.0862206
0.43195	0.00812781	0.0599284
0.0179051	0.414445	0.0676599
0.0370487	0.332392	0.130569
0.040786	0.2458	0.213421
0.00463992	0.108563	0.386807
0.0456295	0.00393171	0.450448
0.139703	0.0448753	0.315431
0.282314	0.200874	0.0168182
0.0745952	0.0141516	0.411264
0.296921	0.126399	0.0766909
0.411352	0.0704837	0.0181701
0.0663913	0.0125952	0.421025
0.227437	0.241917	0.0306517
0.0933904	0.0953067	0.311315
0.443997	0.0478744	0.00813525
0.180756	0.1551	0.164151
0.0187564	0.343195	0.138059
0.335395	0.112235	0.0523824
0.323515	0.0498759	0.126618
0.342363	0.0127952	0.144851
0.44853	0.0306593	0.0208237
0.0944101	0.14344	0.262156
0.460134	0.0333271	0.00654866
0.169581	0.180377	0.150047
0.273877	0.216163	0.00997312
0.0693916	0.121878	0.308738
0.304492	0.13951	0.0560083
0.481204	0.0122566	0.00654866
0.0305657	0.338873	0.130569
0.189472	0.298833	0.0117021
0.0293519	0.22005	0.250609
0.098472	0.318471	0.0830611
0.0431483	0.266047	0.190813
0.0337925	0.251067	0.215155
0.138142	0.0224496	0.33942
0.428784	0.0531035	0.0181159
0.206181	0.160392	0.13344
0.00486163	0.435438	0.0597077
0.00882233	0.468578	0.0226153
0.405915	0.0695522	0.0245394
0.0616306	0.206543	0.231836
0.467906	0.0214991	0.010605
0.163012	0.00552624	0.33148
0.268216	0.0322055	0.199587
0.0210302	0.476347	0.00262881
0.330412	0.0757447	0.0958528
0.398064	0.0653838	0.0365575
0.0884275	0.0570251	0.354558
0.311274	0.0734562	0.115282
0.0748665	0.367932	0.057208
0.233403	0.183271	0.0833401
0.21055	0.272637	0.0168182
0.18732	0.129884	0.182805
0.000447761	0.0852692	0.414293
0.00909766	0.00172593	0.489192
0.23868	0.0165707	0.244762
0.0120364	0.398024	0.0899452
0.0319538	0.214851	0.253207
0.0865964	0.0616761	0.351739
0.379732	0.0809116	0.0393736
0.332104	0.104421	0.0634847
0.0139482	0.348004	0.138059
0.152907	0.0228894	0.324216
0.00104905	0.00175265	0.497207
0.250747	0.18803	0.0612371
0.0360501	0.309096	0.154865
0.201356	0.263651	0.0350002
0.0282183	0.27803	0.193779
0.0105458	0.0112172	0.478246
0.262546	0.0100644	0.227402
0.134842	0.00934728	0.355823
0.183043	0.114618	0.202351
0.015148	0.213049	0.271813
0.0543495	0.0103107	0.435354
0.168998	0.143616	0.187412
0.390839	0.0599191	0.0492504
0.484992	0.00604773	0.00901543
0.171226	0.296685	0.0320967
0.260844	0.0101474	0.229021
0.0272268	0.0925467	0.380239
0.158447	0.0508963	0.290666
0.0414805	0.388431	0.0701026
0.0242171	0.00265504	0.473139
0.35243	0.0302468	0.117339
0.190281	0.00351773	0.306207
0.265574	0.035384	0.19905
0.164913	0.303001	0.032097
0.361187	0.111458	0.0280854
1.29602e-06	0.499251	0.000765101
0.227752	0.0716107	0.200668
0.246126	0.175347	0.0785357
0.374089	0.0786464	0.0472722
0.00717622	0.147355	0.345489
0.370691	0.0737649	0.055556
0.0100591	0.113584	0.376368
0.0390285	0.306057	0.154932
0.130222	0.0222308	0.347559
0.495042	0.00118068	0.00378259
0.036869	0.0071205	0.456025
0.0954356	0.151384	0.253192
1.2926e-06	0.46119	0.038825
0.0460091	0.019589	0.434412
0.034207	0.00196492	0.463839
0.00720407	0.454721	0.0380865
0.0761257	0.135169	0.288718
0.0583244	0.315714	0.125979
0.278215	0.0426528	0.179141
0.0318183	0.00344113	0.464753
0.244985	0.174534	0.0804895
0.102443	0.18973	0.207837
0.366741	0.0136338	0.119637
0.0389062	0.0033524	0.457751
0.00718516	0.453527	0.0392971
0.0306392	0.224611	0.244762
0.0377206	0.354568	0.107738
0.109189	0.291457	0.0993733
0.0754033	0.0378	0.386808
0.37514	0.121386	0.00348847
0.104969	0.0727835	0.322253
0.0521874	0.311728	0.136097
0.0765062	0.203662	0.219842
0.225008	0.0726494	0.202348
0.106191	0.295261	0.0985678
0.0315378	0.464361	0.00411142
0.165325	0.114633	0.220052
0.0144899	0.00274891	0.482777
0.242631	0.0870691	0.170312
0.383035	0.0348703	0.0821097
0.202671	0.255868	0.0414742
0.0275389	0.15704	0.315431
0.00612539	0.326538	0.167353
0.0700898	0.364048	0.0658738
0.388107	0.0433561	0.068547
0.0288993	0.28474	0.186387
0.179052	0.227367	0.0939928
0.301057	0.189096	0.00986044
0.349235	0.0292907	0.121489
0.466612	0.0130463	0.0203537
0.0362061	0.190372	0.273432
0.204808	0.258565	0.0366437
0.181862	0.229015	0.08913
0.0866772	0.230737	0.182596
0.165886	0.169577	0.164547
0.0654032	0.00563553	0.428971
0.324988	0.0684833	0.106535
0.108154	0.350476	0.0413824
0.00185672	0.393734	0.104427
0.0320398	0.355216	0.112752
0.0132576	0.155939	0.33081
0.108271	0.289005	0.102743
0.254478	0.0178529	0.227679
0.0244935	0.475512	0
0.00613974	0.431222	0.0626557
0.236552	0.185744	0.077716
0.456579	0.0399381	0.00348841
0.246969	0.187428	0.0656158
0.48979	0.00901077	0.00121619
0.358651	0.102658	0.0387364
0.409366	0.0585444	0.0320967
0.500003	0	0
0.0893529	0.0955421	0.315238
0.312813	0.144928	0.0422612
0.396559	0.0401958	0.0632475
0.443323	0.0198358	0.0368463
0.0511299	0.0520845	0.396791
0.0252485	0.129209	0.345548
0.293737	0.0742149	0.132051
0.3284	0.0445013	0.127107
0.0958753	0.156388	0.247742
0.219936	0.192519	0.0880288
0.015835	0.152137	0.332035
0.304323	0.104109	0.0915734
0.00830623	0.488732	0.00296341
0.12257	0.339334	0.0388786
0.172402	0.184343	0.143389
0.00702471	0.169067	0.323928
0.384096	0.0474188	0.0684871
0.0281513	0.375679	0.0961764
0.0405918	0.256641	0.202772
0.105743	0.234516	0.159747
0.250276	0.0961285	0.153601
0.00859099	0.0284239	0.462991
0.488057	0.000110644	0.0118336
0.0811682	0.0117955	0.407041
0.454375	0.0398325	0.00580126
0.402354	0.0407832	0.0568654
0.0191384	0.0820627	0.398805
0.0170459	0.4805	0.0024558
0.00969825	0.0344784	0.45583
0.147478	0.307503	0.0450212
0.118476	0.0185459	0.362987
0.0158046	0.380377	0.103838
0.468995	0.0287701	0.00223706
0.197309	0.0911183	0.211578
0.064308	0.134169	0.301528
0.0347002	0.312275	0.153027
0.357176	0.0761887	0.0666382
0.0475976	0.0209523	0.431456
0.0645835	0.0481749	0.387243
0.0569138	0.269446	0.173644
0.20601	0.0627575	0.23124
0.123183	0.200472	0.176349
0.0865868	0.275568	0.137849
0.0541506	0.00957191	0.436299
0.0852337	0.0607571	0.35401
0.00529584	0.0532503	0.441455
0.0707386	0.332841	0.0964244
0.0839856	0.407941	0.008079
0.211012	0.120628	0.168361
0.144845	0.0812298	0.273932
0.236034	0.252383	0.011715
0.0811147	0.39415	0.0247384
0.120004	0.346869	0.033133
0.260651	0.102012	0.137343
0.00361712	0.00515618	0.49123
0.186993	0.271736	0.0412743
0.339983	0.0370762	0.122944
0.04415	0.355113	0.100742
0.0735338	0.0846657	0.341806
0.172714	0.0924483	0.234847
0.434468	0.0490783	0.0164561
0.0803887	0.344695	0.0749223
0.497653	0.000633361	0.00171447
0.0422781	0.121969	0.335762
0.273226	0.0996754	0.127107
0.0700883	0.00146776	0.428451
0.111024	0.11599	0.272995
0.0628819	0.017288	0.419835
0.25758	0.22547	0.0174326
0.243923	0.0717128	0.184368
0.169473	0.196156	0.134373
0.0933886	0.355503	0.051118
0.0226648	0.0642019	0.41314
0.0316434	0.320165	0.148199
0.0755121	0.118869	0.305626
0.345942	0.148447	0.0056192
0.010973	0.462062	0.0269703
0.0252072	0.474649	0.000147476
0.136566	0.140346	0.223092
0.189105	0.105799	0.205098
0.133284	0.178428	0.188292
0.222806	0.12737	0.149827
0.0102712	0.0414812	0.448254
0.438815	0.0150567	0.0465769
0.0434841	0.388031	0.0684871
0.427741	0.0559205	0.0163406
0.131063	0.290668	0.0782728
0.13976	0.278852	0.0814119
0.0987166	0.0234799	0.377811
0.335653	0.126801	0.0375504
0.00383273	0.398201	0.0979713
0.00712866	0.324782	0.168246
0.134788	0.138637	0.226578
0.20064	0.247278	0.0520927
0.290158	0.163239	0.0466081
0.181856	0.053393	0.26476
0.360145	0.088747	0.051118
0.055666	0.024504	0.419835
0.481262	0.00976492	0.00897865
0.337199	0.109275	0.0535272
0.350377	0.137129	0.0125066
0.0136285	0.114023	0.37235
0.18465	0.0560327	0.259326
0.0361635	0.363628	0.100211
0.353768	0.0386375	0.107596
0.11646	0.169832	0.213714
0.242304	0.255461	0.00223706
0.308268	0.172878	0.0188574
0.0457945	0.36834	0.0858692
0.0143088	0.240499	0.245202
0.0013172	0.497031	0.00165494
0.32076	0.0692737	0.109971
0.160993	0.0466619	0.292348
0.0146806	0.426173	0.05915
0.16472	0.0477422	0.287547
0.113529	0.0177716	0.368707
0.0889488	0.0263167	0.384737
0.42166	0.0551255	0.0232196
0.0265356	0.00429947	0.469172
0.00617111	0.300578	0.193253
0.03602	0.0140973	0.449893
0.217064	0.0661247	0.216821
0.177202	0.263696	0.0591074
0.0162813	0.470016	0.0137063
0.0875936	0.0590658	0.353342
0.461728	0.0359027	0.00237312
0.019707	0.46659	0.0137063
0.180246	0.0662472	0.253513
0.458676	0.0354844	0.00584343
0.0677338	0.140456	0.291826
0.258958	0.032786	0.208263
0.0799187	0.303625	0.116463
0.301419	0.117192	0.0814117
0.157927	0.00407773	0.338001
0.166206	0.049588	0.284215
0.372238	0.00779526	0.119974
0.330897	0.120714	0.0483973
0.247995	0.186018	0.066471
0.0781117	0.310133	0.111763
0	0.0220255	0.477982
0.0691395	0.266325	0.164538
0.12812	0.368921	0.00296342
0.411673	0.0878134	0.000518917
0.0689094	0.232541	0.198564
0.00125369	0.00278042	0.495971
0.408923	0.0534603	0.0376218
0.226653	0.0333716	0.239987
0.104578	0.0311946	0.36423
0.0315129	0.321626	0.146865
0.010401	0.458882	0.0307238
0.369444	0.0105909	0.119974
0.214807	0.236632	0.0486641
0.101503	0.360856	0.037643
0.182552	0.244383	0.0730728
0.151874	0.115808	0.23232
0.0143709	0.18001	0.305625
0.0166155	0.423031	0.0608367
0.0220632	0.44845	0.0294905
0.00655756	0.385842	0.107614
0.309995	0.188341	0.00212782
0.0838788	0.173935	0.2422
0.0113199	0.00353823	0.485146
0.0225987	0.28415	0.193252
0.0880349	0.402992	0.00897866
0.379865	0.0149469	0.105193
0.0450877	0.292295	0.162619
0.0622982	0.435468	0.00223706
0.0684522	0.0505166	0.381033
0.0127865	0.00207175	0.485149
0.283356	0.161332	0.0558107
0.278306	0.163223	0.0589267
0.477112	0.00306635	0.0198264
0.190795	0.00742587	0.301787
0.127863	0.14905	0.223092
0.416384	0.0544358	0.0291841
0.274633	0.222912	0.00245778
0.10886	0.114523	0.276621
0.00582031	0.0224198	0.471763
0.0315262	0.446595	0.0218812
0.194102	0.22763	0.0782729
0.153163	0.0858944	0.260947
0.142679	0.168292	0.189032
0.34157	0.15793	0.000503502
0.110696	0.11269	0.276623
0.0595317	0.440174	0.000299785
0.0738928	0.211324	0.214792
0.178485	0.249974	0.071563
0.376295	0.0944202	0.0292894
0.230438	0.00667671	0.26289
0.0663286	0.431438	0.00223706
0.2666	0.14951	0.0838956
0.280919	0.109945	0.109141
0.298051	0.010644	0.191315
0.0790771	0.164982	0.255944
0.0662187	0.218153	0.215631
0.270877	0.0319011	0.197235
0.228202	0.26748	0.00441403
