0.010139	0.0869873	0.402886
0.060246	0.082631	0.35713
0.354995	0.0772381	0.0677732
0.0672544	0.0525027	0.380253
0.380813	0.0303719	0.0888443
0.324243	0.0670928	0.108673
0.391134	0.0177856	0.094252
0.428297	0.0566376	0.0150736
0.0899764	0.394085	0.0159474
0.178005	0.0798757	0.242128
0.43584	0.0158891	0.0482783
0.116851	0.376414	0.00674251
0.09871	0.252545	0.148774
0.0253866	0.294095	0.180524
0.16472	0.119892	0.215398
0.0219156	0.157081	0.321012
0.442858	0.0464271	0.0107329
0.0380014	0.458664	0.0033431
0.0436345	0.0210582	0.435897
0.152007	0.0191726	0.328841
0.0887072	0.273658	0.137642
0.152108	0.110712	0.237192
0.339702	0.0909458	0.0707869
0.367546	0.0977583	0.0361289
0.108031	0.0286528	0.363323
0.052772	0.021706	0.425532
0.223467	0.121529	0.155011
0.111207	0.360688	0.0287364
0.331395	0.149638	0.0189802
0.0321511	0.451601	0.0162598
0.0954704	0.32558	0.0789549
0.277721	0.133534	0.0887921
0.058562	0.033065	0.408951
0.0549131	0.243022	0.202072
0.168788	0.105331	0.225901
0.00214473	0.00695621	0.49153
0.213292	0.0269024	0.259833
0.466282	0.0250085	0.0119541
0.0100901	0.0138474	0.476068
0.397371	0.0399167	0.0627189
0.0859082	0.0227853	0.391314
0.0383591	0.444377	0.0172754
0.349022	0.0494121	0.102176
0.0170473	0.466701	0.0162597
0.448581	0.0298811	0.0215434
0.165005	0.228687	0.106315
0.0448579	0.342966	0.112188
0.0346345	0.401228	0.064144
0.319631	0.178273	0.00210572
0.0779003	0.031986	0.39012
0.0799892	0.277772	0.142249
0.15756	0.133611	0.208841
0.105237	0.203938	0.190831
0.134345	0.297739	0.067927
0.00270686	0.333435	0.163869
0.0740604	0.302908	0.123041
0.345189	0.063011	0.0918124
0.481446	0.00850934	0.0100515
0.229505	0.0942353	0.176265
0.11347	0.385315	0.00122104
0.15041	0.00532474	0.34428
0.255125	0.115163	0.129719
0.236045	0.217454	0.0465098
0.246003	0.225019	0.0289809
0.0933976	0.0722316	0.334378
0.183229	0.30627	0.0105113
0.241108	0.185419	0.0734789
0.209103	0.118429	0.172481
0.0360414	0.14741	0.316558
0.367009	0.0982566	0.0361677
0.0461472	0.427877	0.0259987
0.114728	0.0902224	0.295059
0.0831302	0.288679	0.128201
0.218523	0.0275621	0.253931
0.402522	0.06454	0.0329473
0.217376	0.123115	0.159521
0.132147	0.335039	0.0328231
0.271878	0.192162	0.0359684
0.234425	0.143479	0.122104
0.0765664	0.349203	0.0748276
0.263854	0.0689187	0.167235
0.145309	0.059664	0.295032
0.00699971	0.476647	0.0163681
0.0451145	0.259605	0.195295
0.140205	0.0697384	0.290065
0.29595	0.0987535	0.105302
0.0868628	0.26792	0.145226
0.238495	0.14597	0.115543
0.282143	0.214523	0.0033431
0.029015	0.341078	0.129913
0.310085	0.0413867	0.152058
0.00603484	0.224998	0.268981
0.112395	0.35093	0.0381315
0.174899	0.0989773	0.226139
0.04399	0.224071	0.231948
0.487503	0.00399612	0.00850752
0.0237311	0.125798	0.350476
0.303995	0.180347	0.0156643
0.267824	0.130595	0.102172
0.168104	0.198265	0.13364
0.301033	0.117147	0.0818275
0.421772	0.0442165	0.0340256
0.203928	0.263134	0.0329473
0.114652	0.36933	0.0160251
0.0263545	0.471553	0.00210052
0.0502217	0.255813	0.193972
0.475814	0.0233829	0.00404708
0.200871	0.0348205	0.264314
0.299166	0.0418671	0.162413
0.0326626	0.0164292	0.450916
0.0561625	0.248551	0.195292
0.0684192	0.312045	0.119561
0.16154	0.131991	0.206477
0.471447	0.0258298	0.00594118
0.0340145	0.155133	0.311472
0.313374	0.128662	0.0579697
0.0499808	0.237266	0.21276
0.0371676	0.152016	0.310844
0.127777	0.0694894	0.302743
0.023067	0.0110928	0.465847
0.079003	0.323123	0.0978829
0.411123	0.0277505	0.061132
0.274991	0.189652	0.0353677
0.330449	0.158887	0.0106941
0.251721	0.10747	0.140819
0.49595	0.00209655	0.00196342
0.285408	0.167322	0.0472784
0.490299	0.00120399	0.00850759
0.199294	0.0272965	0.273418
0.144733	0.0198235	0.335451
0.0709339	0.244825	0.184252
0.18625	0.0502063	0.263562
0.198205	0.0540442	0.247766
0.0966166	0.212713	0.190676
0.123278	0.371069	0.00566021
0.0122367	0.0439436	0.44383
0.252066	0.170442	0.0807364
0.0128899	0.320345	0.166774
0.14409	0.0136878	0.342228
0.220785	0.164845	0.114379
0.197266	0.239882	0.0628574
0.129638	0.166438	0.20393
0.0413822	0.173217	0.285408
0.219086	0.160817	0.120107
0.0304785	0.282597	0.186942
0.0326192	0.387872	0.079517
0.0299679	0.425437	0.044606
0.0841673	0.28114	0.134702
0.121796	0.0707501	0.307474
0.0819142	0.284456	0.13364
0.0045367	0.0122643	0.483205
0.218839	0.110773	0.170399
0.110871	0.357169	0.0319685
0.460245	0.0376572	0.00210572
0.0339941	0.410297	0.0557176
0.00986504	0.492529	0.000873646
0.119319	0.0738688	0.30683
0.289681	0.196392	0.0139356
0.109811	0.314512	0.0756813
0.227636	0.209489	0.0628811
0.0503483	0.0113799	0.438283
0.124237	0.0721681	0.303614
0.0148181	0.405672	0.079517
0.00456048	0.0760008	0.419444
0.307304	0.124032	0.0703422
0.0211592	0.442066	0.0367846
0.00228976	0.0381591	0.459558
0.453096	0.0361369	0.0107746
0.248187	0.190422	0.0613989
0.231165	0.213239	0.0556034
0.0244852	0.108361	0.367166
0.0177767	0.0344495	0.447781
0.214514	0.260666	0.0248335
0.00895433	0.0122886	0.47876
0.346781	0.102676	0.0505609
0.0528031	0.23479	0.21242
0.314872	0.127184	0.0579506
0.0229428	0.101535	0.375528
0.000799559	0.14695	0.352256
0.287875	0.202128	0.0100054
0.228286	0.0239632	0.247766
0.0643544	0.207307	0.228345
0.0511841	0.438105	0.010733
0.000252654	0.000185793	0.499566
0.291275	0.197472	0.011264
0.190133	0.0329591	0.276913
0.0190227	0.0678897	0.413095
0.268407	0.189709	0.0419038
0.00168436	0.484647	0.0136774
0.384826	0.0789631	0.0362209
0.159248	0.135042	0.20572
0.0716977	0.30011	0.1282
0.0157805	0.0698378	0.414413
0.191243	0.0768208	0.231951
0.0028745	0.482037	0.0151002
0.406502	0.0922815	0.00122848
0.179393	0.136253	0.184365
0.236182	0.0666308	0.197207
0.070981	0.419873	0.00916709
0.0379476	0.256401	0.205662
0.0099681	0.436518	0.05353
0.0136738	0.48268	0.00365672
0.354554	0.0894891	0.0559773
0.01542	0.474977	0.00965154
0.176469	0.021389	0.302152
0.00524663	0.0801467	0.414624
0.0200199	0.430689	0.0493027
0.485481	0.0077145	0.00682575
0.0301099	0.0707244	0.39923
0.271575	0.00383511	0.224601
0.011756	0.446411	0.0418405
0.40849	0.0613899	0.0301325
0.106246	0.249389	0.14443
0.12535	0.00580165	0.368863
0.0614151	0.132301	0.306316
0.447592	0.0379517	0.0145421
0.0156963	0.0962044	0.388162
0.0317303	0.233631	0.234716
0.367417	0.0152303	0.117365
0.293259	0.0788448	0.12793
0.0216789	0.466379	0.0119768
0.387678	0.025036	0.0872998
0.329196	0.110524	0.0603079
0.0251219	0.194581	0.280372
0.0340636	0.394247	0.071747
0.00669578	0.00171365	0.491607
0.0832458	0.377395	0.039372
0.39606	0.069645	0.0343106
0.494655	0.00535321	0
0.371344	0.0337801	0.0948866
0.283794	0.0586477	0.157588
0.0289676	0.00955501	0.461503
0.257778	0.138562	0.103674
0.439589	0.0283884	0.0320375
0.081082	0.198387	0.220596
0.0368065	0.206253	0.256958
0.212488	0.121915	0.165618
0.475892	0.00756213	0.0165665
0.0981109	0.262883	0.139074
0.0934715	0.297713	0.108844
0.361759	0.0154807	0.122776
0.248889	0.0361869	0.21501
0.0412352	0.406972	0.0518269
0.0862185	0.0209073	0.392899
0.173626	0.325528	0.000884437
0.0431665	0.193668	0.263183
0.466253	0.0327479	0.00101297
0.304658	0.127344	0.0680149
0.300097	0.056812	0.143099
0.326728	0.130168	0.0431286
0.39039	0.0274196	0.082205
0.136222	0.319751	0.0440938
0.157912	0.227466	0.114635
0.434244	0.050967	0.0148014
0.286169	0.171111	0.0427312
0.317708	0.0813359	0.10097
0.0426943	0.189001	0.268321
0.118882	0.0565723	0.324559
0.334767	0.0642993	0.100976
0.217022	0.151255	0.131733
0.060248	0.356361	0.0834491
0.312471	0.0881008	0.0994916
0.0349118	0.123583	0.34152
0.0656097	0.117812	0.316604
0.0632852	0.149962	0.286781
0.195065	0.281477	0.0235315
0.0397174	0.292229	0.168076
0.231	0.108694	0.160353
0.0174561	0.240175	0.24243
0.00152103	0.114234	0.384308
0.20539	0.143148	0.151472
0.254014	0.067633	0.178386
0.241542	0.0180839	0.240381
0.0247938	0.38501	0.0902133
0.114718	0.2937	0.0916204
0.073114	0.180525	0.246373
0.202707	0.279279	0.0180278
0.109031	0.328946	0.0620463
0.132488	0.0108736	0.356659
0.172029	0.101419	0.226624
0.183193	0.0444229	0.272411
0.22631	0.0666366	0.207128
0.0880645	0.156766	0.255277
0.229874	0.0311349	0.239046
0.413181	0.0358134	0.0510111
0.00865666	0.414589	0.0767786
0.00963008	0.213977	0.276422
0.184062	0.0197465	0.29622
0.125764	0.31017	0.0640773
0.00848296	0.491358	0.000220672
0.132778	0.204853	0.1624
0.00448624	0.0248369	0.470693
0.0241644	0.0501824	0.425667
0.36262	0.0902648	0.0471462
0.26524	0.164915	0.0698628
0.0223378	0.456228	0.0214415
0.100793	0.244731	0.154561
0.0333511	0.343784	0.122881
0.213703	0.0931183	0.193241
0.244611	0.189087	0.0663184
0.0671743	0.00287552	0.429968
0.120174	0.362565	0.017274
0.163968	0.23619	0.099857
0.14396	0.100334	0.255721
0.0789308	0.374978	0.0461072
0.427334	0.0379165	0.0347819
0.112729	0.216511	0.170793
0.0458615	0.162344	0.291809
0.121574	0.0466593	0.331777
0.00487694	0.0744994	0.420646
0.0277984	0.242092	0.230186
0.138844	0.332495	0.0286748
0.208662	0.081179	0.210176
0.220439	0.104768	0.174814
0.0273846	0.0190859	0.453544
0.00436528	0.145162	0.350534
0.0846698	0.0105349	0.404805
0.482833	0.0145542	0.00265577
0.109582	0.337708	0.0527221
0.141839	0.0263939	0.331777
0.102847	0.019354	0.377888
0.152881	0.0491008	0.29803
0.0138146	0.270071	0.216151
0.340305	0.0858926	0.073828
0.351608	0.13654	0.0118739
0.0210238	0.452285	0.0267186
0.381209	0.107545	0.0112662
0.0158566	0.23071	0.253492
0.266988	0.107546	0.125476
0.101846	0.0293063	0.368865
0.096192	0.220909	0.182993
0.0199817	0.043599	0.436487
0.402513	0.0826013	0.014893
0.0173233	0.106176	0.376562
0.188253	1.47247e-05	0.311763
0.222517	0.0843038	0.193241
0.137602	0.0112933	0.351113
0.128408	0.307528	0.0640782
0.454153	0.0412533	0.00468085
3.27464e-08	0.0228522	0.477158
0.0950433	0.370207	0.0347819
0.0513802	0.176548	0.272102
0.0757902	0.300159	0.124082
0.338619	0.0126307	0.148768
0.200577	0.0491305	0.250313
0.148745	0.0395221	0.311761
0.121509	0.265127	0.11343
0.00741547	0.0517104	0.44089
0.193971	0.0470364	0.259014
0.346794	0.0929555	0.060312
0.00266798	0.000286226	0.497074
0.0734847	0.351491	0.085125
0.0849549	0.223953	0.191158
0.00445353	0.493569	0.00199128
0.307997	0.054648	0.137367
0.0356571	0.462525	0.00184399
0.262812	0.0631124	0.174102
0.0894791	0.149382	0.26124
0	0.0394979	0.460512
0.156003	0.0290295	0.314978
0.0563844	0.286058	0.157589
0.422327	0.0429001	0.0347801
0.0473411	0.106876	0.345795
0.309757	0.0586408	0.131613
0.0424192	0.389258	0.068356
0.263367	0.184236	0.0524061
0.000675861	0.0150174	0.484336
0.370416	0.0239212	0.105672
0.167915	0.0203522	0.311762
0.252135	0.101039	0.146834
0.00947414	0.219	0.271543
0.00637574	0.0448719	0.448762
0.0593456	0.00636671	0.434372
0.140021	0.201694	0.158298
0.0123796	0.301129	0.186505
0.374671	0.04661	0.0787335
0.451731	0.0162283	0.0320547
0.300333	0.125536	0.074145
0.0111112	0.0589387	0.429968
0.289596	0.135976	0.074444
0.0990469	0.371511	0.0294561
0.244658	0.0705932	0.184813
0.327368	0.0375637	0.1351
0.160871	0.112576	0.226623
0.25871	0.0167005	0.224602
0.146917	0.353092	0
0.0446432	0.274366	0.181012
0.0320047	0.315871	0.152157
0.116734	0.0638416	0.319576
0.00860962	0.412336	0.0790777
0.023962	0.459389	0.0166685
0.477915	0.0219736	0.000126918
0.0464582	0.28552	0.168092
0.418015	0.0484083	0.0335868
0.379698	0.0183988	0.101906
0.00627488	0.196704	0.297025
0.237154	0.0905874	0.172262
0.334909	0.0658839	0.0992116
0.0930496	0.207975	0.198979
0.484316	0.00367394	0.0120129
0.0339666	0.237638	0.228399
0.0609839	0.280039	0.158982
0.0667623	0.4037	0.0295419
0.293862	0.0837065	0.122436
0.103266	0.00997506	0.386762
0.0430478	0.101002	0.355954
0.0539458	0.351368	0.094689
0.390136	0.0201134	0.0897552
0.0232801	0.425089	0.0516343
0.160689	0.0834004	0.255916
0.0160723	0.0788679	0.405063
0.0989082	0.221392	0.179703
0.284774	0.170629	0.0446027
0.0599817	0.133833	0.306192
0.164794	0.258697	0.0765137
0.124966	0.230337	0.144703
0.00993586	0.0161865	0.473882
0.42123	0.0537827	0.0249919
0.0413334	0.396813	0.0618585
0.0250088	0.358616	0.11638
0.00802403	0.0452842	0.446696
0.153534	0.255821	0.0906483
0.05175	0.0868234	0.361431
0.0227258	0.146737	0.33054
0.304087	0.103133	0.0927842
0.0791732	0.137967	0.282867
0.35998	0.028835	0.111189
0.430152	0.0319631	0.0379234
0.0849981	0.00314221	0.411864
0.0829204	0.380772	0.0363152
0.146532	0.342429	0.011043
0.0707361	0.00261497	0.426654
0.347329	0.029351	0.123323
0.310578	0.122255	0.0671704
0.0558854	0.244076	0.200045
0.00867658	0.216408	0.274919
0.00372736	0.0295358	0.466776
0.0131515	0.323955	0.162898
0.135244	0.32879	0.0359716
0.0140911	0.0700015	0.415911
0.000561709	0.492063	0.0073784
0.0301106	0.375404	0.0944894
0.0315516	0.15869	0.309764
0.180996	0.148959	0.170049
0.00526388	0.04054	0.454244
0.215851	0.130838	0.153315
0.00668587	0.486851	0.00646617
0.0700508	0.127514	0.302438
0.015035	0.471317	0.013653
0.249549	0.0105315	0.239923
0.47485	0.0244808	0.000673301
0.0541526	0.182276	0.263575
0.215451	0.167087	0.117466
0.0263165	0.450754	0.0229334
0.341449	0.0383973	0.120157
0.0960837	0.224217	0.179703
0.298444	0.00416834	0.197391
0.212213	0.0392005	0.248592
0.308158	0.119233	0.0726115
0.0618979	0.250024	0.188083
0.281763	0.144126	0.0741141
0.147996	0.310952	0.0410554
0.370383	0.0265762	0.103044
0.15331	0.265004	0.0816889
0.351852	0.0472713	0.100881
0.194979	0.151211	0.153815
0.224281	0.07219	0.203535
0.184033	0.213335	0.102634
0.355476	0.00438171	0.186391
0.446691	0.00543889	0.0478763
0.0652599	0.318365	0.11638
0.150161	0.261659	0.0881875
0.139974	0.0737407	0.28629
0.186775	0.285407	0.0278216
0.243217	0.0959904	0.160796
0.469121	0.0197759	0.011108
0.167228	0.272431	0.060347
0.0369023	0.457919	0.0051831
0.0394734	0.366583	0.094546
0.0440191	0.189604	0.266381
0.261586	0.0172718	0.221147
0.395102	0.0198299	0.0850722
0.00142557	0.00250998	0.496067
0.275707	0.17173	0.052569
0.0848004	0.389405	0.025833
0.0300045	0.432907	0.0370917
0.0725424	0.3655	0.061962
0.364177	0.113132	0.0226962
0.0365739	0.0927593	0.37067
0.158797	0.000165661	0.341041
0.249092	0.0983091	0.152602
0.323464	0.0267013	0.14984
0.128342	0.336078	0.0355874
0.0494638	0.314839	0.1357
0.45728	0.0308918	0.0118356
0.434274	0.0407382	0.0249919
0.0730431	0.00640401	0.420593
0.265498	0.19499	0.0395151
0.0480714	0.317016	0.134915
0.0613786	0.0900076	0.348619
0.103713	0.00101432	0.39531
0.0818301	0.185756	0.232418
0.196244	0.00346748	0.300302
0.0806539	0.140547	0.278807
0.0847677	0.192903	0.222333
0.337643	0.0528932	0.109467
0.00294455	0.00654971	0.490509
0.209277	0.162299	0.128428
0.00742914	0.417352	0.0752236
0.205073	0.153951	0.14098
0.12404	0.266496	0.109467
0.0454926	0.436742	0.01777
0	0.463334	0.0366698
0.157588	0.338141	0.00427549
0.472705	0.0077651	0.0195332
0.0889758	0.408578	0.00252095
0.0131486	0.235153	0.251701
0.0774666	0.00198019	0.420591
0.0148196	0.0227848	0.4624
0.267326	0.174927	0.0577523
0.0277354	0.180651	0.291617
0.161825	0.112559	0.22562
0.0322809	0.442913	0.0248109
0.317949	0.124532	0.0575225
0.22889	0.0760422	0.195075
0.128415	0.101616	0.271419
0.0112273	0.0557748	0.433001
0.092028	0.0373053	0.37067
0.0197423	0.360489	0.119772
0.451153	0.0323717	0.0164783
0.040897	0.390028	0.069078
0.253598	0.00648242	0.239923
0.0153327	0.480648	0.00402338
0.151843	0.274891	0.0732709
0.402302	0.0250908	0.0726117
0.361914	0.00256385	0.18445
0.0384404	0.00417844	0.457386
0.142953	0.0172889	0.339765
0.0586198	0.107065	0.334319
0.491565	0.0080749	0.00036328
0.231659	0.0217454	0.246637
0.44031	0.0478615	0.0118356
0.11188	0.0136516	0.374473
0.00897009	0.415812	0.0752237
0.104242	0.0814763	0.314288
0.109548	0.304169	0.0862884
0.275429	0.0853783	0.139198
0.117906	0.0611716	0.320926
0.462249	0.0223989	0.0153555
0.0122998	0.000229481	0.487474
0.411128	0.0639075	0.0249688
0.0334917	0.234316	0.232196
0.131793	0.327154	0.0410553
0.0154685	0.084465	0.40007
0.114923	0.0641548	0.320926
0.279618	0.1119	0.108485
0.0965208	0.297646	0.105837
0.0447085	0.448222	0.00707342
0.416091	0	0.0839123
0.23344	0.0675204	0.199047
0.206473	0.014728	0.278806
0.107745	0.288132	0.104127
0.449477	0.0340483	0.0164783
0.408464	0.0494004	0.0421413
0.0673406	0.118378	0.314289
0.222416	0.0715897	0.206001
0.0432485	0.187537	0.269218
0.186133	0.269269	0.0446027
0.178391	0.078505	0.24311
0.10248	0.26636	0.131164
0.00361988	0.017763	0.47862
0.114078	0.173674	0.212251
0.258058	0.172869	0.0690784
0.109527	0.2464	0.144077
0.221952	0.0720535	0.206001
0.192965	0.22369	0.0833482
0.201277	0.157748	0.14098
0.243424	0.0903629	0.166217
0.105529	0.17749	0.216986
0.106436	0.0125488	0.381019
0.115784	0.0602259	0.323996
0.369503	0.125319	0.0051831
0.180215	0.108292	0.211497
0.000691804	0.0603208	0.438991
0.272785	0.109212	0.118007
0.313622	0.11377	0.0726115
0.103978	0.249976	0.14605
0.257384	0.214798	0.0278216
0.166342	0.298981	0.0346833
0.0278274	0.181249	0.290926
0.442405	0.011824	0.0457778
0.0038656	0.00161549	0.494539
0.294126	0.13163	0.0742759
0.450184	0.0457421	0.00410483
0.222774	0.0771967	0.200094
0.0520128	0.443807	0.00421135
0.0448513	0.00599603	0.449186
0.462886	0.014572	0.0225693
0.0364924	0.455881	0.00766414
0.2111	0.221193	0.0677366
0.204558	0.213345	0.0821209
0.00191361	0.494647	0.00346229
0.023476	0.174322	0.302229
0.00811189	0.484642	0.00726518
0.0147483	0.0933514	0.391926
0.0708232	0.385605	0.0435935
0.100372	0.126088	0.273568
0.041363	0.19507	0.263605
0.280983	0.0102603	0.208783
0.00786862	0.461833	0.0303152
0.124662	0.287535	0.0878408
0.118603	0.0476401	0.333801
0.206308	0.276164	0.0176811
0.214139	0.0309188	0.254959
0.168503	0.258622	0.0729009
0.474282	0.00222188	0.0235326
0.188887	0.284888	0.0262571
0.10977	0.0418161	0.348446
0.0413276	0.404928	0.053771
0.0083424	0.0124571	0.479238
0.123073	0.198896	0.178055
0.102838	0.391153	0.00603046
0.0289834	0.42238	0.0486582
0.0238242	0.397032	0.0791734
0.028303	0.340867	0.140815
0.0186277	0.472445	0.0105635
0.0730086	0.361213	0.065815
0.068629	0.00622767	0.425179
0.117373	0.336637	0.0460195
0.3053	0.0809495	0.113786
0.212786	0.267304	0.019934
0.273033	0.189106	0.0378813
0.181721	0.0548546	0.26347
0.467874	0.0183633	0.013783
0.433065	0.034658	0.0323045
0.158003	0.0243434	0.317712
0.317673	0.0205004	0.161855
0.27824	0.0723228	0.149461
0.149045	0.243569	0.107416
0.172047	0.0790066	0.248984
0.365254	0.0814419	0.0533238
0.442473	0.0326032	0.0249522
0.493818	0.00354045	0.00267052
0.0551848	0.0685686	0.376424
0.2004	0.0231551	0.27647
0.035288	0.176731	0.288009
0.249463	0.208715	0.0418473
0.26218	0.193213	0.044643
0.031779	0.0109517	0.457291
0.0532609	0.289985	0.156775
0.0880854	0.0122341	0.399713
0.482256	0.0151032	0.00267052
0.000306247	0.477517	0.0222318
0.037782	0.0268623	0.435381
0.0610653	0.328483	0.11049
0.378943	0.103615	0.0174741
0.386774	0.0353918	0.0778835
0.09135	0.347457	0.0612172
0.14375	0.0633888	0.292892
0.190899	0.229965	0.0791747
0.0939632	0.116815	0.289249
0.0805804	0.112559	0.306886
0.135179	0.232786	0.141889
0.0269772	0.118584	0.354464
0.0272626	0.246284	0.226486
0.321721	0.150631	0.027672
0.0969111	0.00675377	0.396366
0.115516	0.172374	0.213898
0.309969	0.0162321	0.173836
0.300459	0.14167	0.0579083
0.0123796	0.158132	0.329523
0.371345	0.128407	0.000284742
0.340113	0.0946613	0.0652446
0.0844256	0.319868	0.0957324
0.00370172	0.134726	0.361588
0.178279	0.260723	0.0610244
0.0319971	0.466298	0.00172606
0.0678682	0.410323	0.0218325
0.102105	0.167252	0.230671
0.347237	0.096644	0.0561561
0.161445	0.0445547	0.294039
0.240572	0.236888	0.0225694
0.0392158	0.0541291	0.406681
0.23484	0.0843777	0.180818
0.199349	0.0435006	0.25719
0.328995	0.155012	0.0160154
0.426735	0.0606126	0.0126748
0.0835608	0.316592	0.0998701
0.00343545	0.130405	0.366179
0.437838	0.0370969	0.0250937
0.226352	0.205946	0.0677374
0.335347	0.00528425	0.159408
0.0771169	0.0361291	0.386778
0.230557	0.234505	0.03497
0.0220317	0.0101173	0.467884
0.408692	0.0636657	0.0276817
0.34429	0.0344536	0.121276
0.0084823	0.437124	0.0544116
0.155543	0.239216	0.105269
0.0700083	0.0593303	0.370691
0.26485	0.0988885	0.136278
0.061456	0.330584	0.108003
0.161373	0.0266269	0.312026
0.0639331	0.429286	0.00682002
0.355836	0.0505422	0.0936451
0.140314	0.176264	0.183447
0.121057	0.145729	0.233446
0.257453	0.0513941	0.191183
0.0249161	0.182223	0.292893
0.0363949	0.374797	0.0888446
0.09544	0.159677	0.244911
0.403152	0.087973	0.0088978
0.035275	0.294749	0.169994
0.242362	0.112076	0.14559
0.123923	0.354633	0.0214689
0.0600649	0.0281227	0.411837
0.10752	0.187711	0.204795
0.33222	0.00155636	0.16626
0.242621	0.249543	0.0078757
0.0502798	0.109314	0.340445
0.0548872	0.320734	0.124404
0.20375	0.254427	0.0418472
0.381862	0.10125	0.0169287
0.406762	0.0655884	0.0276718
0.0127123	0.162382	0.324941
0.00358796	0.0597938	0.436648
0.181162	0.263575	0.0570884
0.12941	0.0288551	0.34175
0.396607	0.0399807	0.0634583
0.197037	0.297108	0.00588169
0.113566	0.0077298	0.381295
0.121858	0.156394	0.223443
0.0954156	0.364875	0.0397302
0.35194	0.121697	0.0263994
0.164811	0.0214373	0.313773
0.010182	0.146884	0.34297
0.162637	0.170365	0.167016
0.369095	0.113256	0.0176767
0.079249	0.163607	0.257185
0.1721	0.272637	0.0570885
0.0762711	0.416097	0.00766406
0.0244865	0.0114647	0.46407
0.0507602	0.004335	0.444934
0.0245625	0.367476	0.108002
0.0035245	0.0744824	0.422026
0.0626495	0.308304	0.129082
0.234712	0.0708505	0.194472
0.193804	0.292305	0.0139231
0.358723	0.124392	0.0169125
0.0824493	0.178553	0.239035
0.0564352	0.310413	0.133183
0.399598	0.029444	0.070986
0.0512476	0.312794	0.135999
0.00926802	0.434916	0.0558365
0.415183	0.0463178	0.0385323
0.141493	0.137625	0.2209
0.330587	0.153419	0.0160153
0.140659	0.147342	0.212026
0.23229	0.0701194	0.197635
0.020125	0.293285	0.186616
0.0739171	0.41936	0.00674817
0.0171991	0.123582	0.362147
0.245181	0.205132	0.049724
0.298076	0.0775431	0.124403
0.232564	0.107544	0.159922
0.10622	0.120241	0.273569
0.0212444	0.00342556	0.47536
0.204197	0.090587	0.205243
0.266379	0.0294297	0.204216
0.0819984	0.177576	0.240462
0.392387	0.0606127	0.0470376
0.184915	0.0844423	0.230671
0.152799	0.129605	0.217619
0.13716	0.143677	0.219182
0.0554574	0.11977	0.32481
0.0588103	0.378908	0.0623082
0.42239	0.0471219	0.0305135
0.0276048	0.0129247	0.459492
0.0565796	0.071571	0.371879
0.25278	0.178396	0.0688508
0.314133	0.0778941	0.107999
0.048188	0.00690761	0.444937
0.0586382	0.0228077	0.418577
0.342919	0.0522338	0.10487
0.423862	0.00842928	0.0677363
0.192063	0.301478	0.00648016
0.176318	0.00602796	0.317712
0.0115648	0.0164585	0.471999
0.500001	0	0
0.468697	0.00647637	0.0248307
0.443405	0.0210649	0.0355335
0.0194342	0.456665	0.0239081
0.0288936	0.44352	0.0275879
0.022582	0.00749551	0.469933
0.428408	0.0620285	0.0095666
0.203182	0.280856	0.0159683
0.374966	0.0724741	0.064228
0.330836	0.0804966	0.0886814
0.109881	0.139568	0.250561
0.0345856	0.422015	0.0434039
0.272145	0.049889	0.177969
0.000680067	0.3765	0.122822
0.103085	0.347442	0.0494915
0.139209	0.225314	0.135482
0.206886	0.183664	0.109456
0.337765	0.0592567	0.102991
0.146542	0.335673	0.0177954
0.407542	0.0140049	0.0784564
0.25647	0.0172493	0.226658
0.212773	0.202363	0.0848677
0.0395927	0.415169	0.0452533
0.100463	0.382928	0.0166186
0.384049	0.0531931	0.0627642
0.419227	0.011109	0.0696694
0.0809029	0.290695	0.128408
0.194718	0.296253	0.00903191
0.0071199	0.492493	0.000392911
0.0965212	0.23903	0.16445
0.236103	0.0253698	0.238529
0.245185	0.134089	0.120728
0.0477681	0.00683211	0.445409
0.14135	0.200423	0.158241
0.0686745	0.393523	0.0378042
0.0879143	0.000651892	0.411441
0.473559	0.023749	0.0026928
0.0177453	0.00014552	0.482114
0.0721839	0.0378871	0.389933
0.0101404	0.123307	0.366558
0.0197346	0.463723	0.0165473
0.00288197	0.365688	0.131435
0.0698377	0.114678	0.315489
0.0316988	0.429255	0.0390497
0.0931509	0.276339	0.130514
0.412815	0.0312764	0.0559148
0.36693	0.0975397	0.0355334
0.0165438	0.483357	0.000100824
0.0203833	0.389762	0.0977657
0.182687	0.0569304	0.260387
0.052323	0.145561	0.302119
0.0270123	0.00896603	0.464031
0.135694	0.0843786	0.279933
0.493608	0	0.00639828
0.0645159	0.178863	0.256629
0.178451	0.262706	0.0588478
0.120512	0.284793	0.0946999
0.126044	0.266423	0.107539
0.174232	0.0908219	0.235007
0.180014	0.236373	0.0836168
0.149446	0.130266	0.220295
0.089337	0.215576	0.195092
0.00387837	0.302621	0.193503
0.169688	0.310196	0.020119
0.0368685	0.405341	0.0578019
0.0417526	0.435836	0.0224128
0.0706134	0.229713	0.19968
0.0521045	0.126074	0.321824
0.0763609	0.0954606	0.328189
0.118286	0.350903	0.0308185
0.123899	0.192541	0.183614
0.0551754	0.293825	0.151005
0.128527	0.271672	0.0998067
0.349526	0.0267732	0.123704
0.252971	0.243084	0.00394986
0.00693781	0.479897	0.0131701
0.00990956	0.000882474	0.489213
0.0593507	0.17561	0.265042
0.192116	0.108802	0.199094
0.106653	0.0329362	0.360427
0.299301	0.157874	0.042887
0.0840344	0.0331904	0.382778
0.131747	0.0863569	0.281901
0.134873	0.1191	0.246033
0.0233553	0.0813248	0.395323
0.00202529	0.320497	0.186057
0.0211656	0.470598	0.00823837
0.343799	0.143441	0.0127627
0.293919	0.161332	0.0448143
0.477905	0.0220137	8.39437e-05
0.243908	0.246466	0.00963005
0.483827	0.0114979	0.00467942
0.0609094	0.147951	0.291142
0.0463999	0.0261499	0.427457
0.0538877	0.0412609	0.404857
0.00812309	0.473981	0.0179045
0.0809866	0.0404634	0.378555
0.487284	0.0126341	8.39436e-05
0.0152585	0.410722	0.0740248
0.0142113	0.00367948	0.482114
0.12866	0.0314784	0.339873
0.164562	0.315329	0.0201193
0.132669	0.32726	0.0400741
0.171895	0.220072	0.108037
0.227786	0.207104	0.065113
0.167922	0.16477	0.167311
0.103308	0.361161	0.0355334
0.0416598	0.0261474	0.432196
0.0571336	0.0704908	0.37238
0.117562	0.306528	0.0759138
0.210005	0.256436	0.0335616
0.0121057	0.354568	0.133329
0.259443	0.0646543	0.175907
0.221151	0.0549792	0.223874
0.122036	0.163163	0.214803
0.21866	0.190599	0.0907467
0.107255	0.0808302	0.311916
0.153829	0.0401694	0.306004
0.00199327	0.31543	0.190727
0.265781	0.131336	0.102884
0.154246	0.112572	0.233185
0.16116	0.0525534	0.286292
0.0220032	0.0766166	0.401384
0.12446	0.104051	0.271495
0.308488	0.0446654	0.146853
0.402767	0.0718313	0.0254027
0.111114	0.0354653	0.353434
0.309881	0.190019	0.000100824
0.288047	0.0309513	0.181006
0.29018	0.0967004	0.113123
0.010335	0.399811	0.0977659
0.436453	0.0469351	0.0166185
0.0732338	0.00549326	0.421275
0.0466145	0.128019	0.325369
0.224788	0.274425	0.000788551
0.0256977	0.0158036	0.458503
0.396179	0.0695792	0.034246
0.0600902	0.145961	0.293953
0.30276	0.150112	0.04713
0.250336	0.221277	0.0283904
0.0571044	0.00596071	0.436938
0.346991	0.0790318	0.0739864
0.0433416	0.00211017	0.454553
0.282131	0.0940181	0.123856
0.0906054	0.285693	0.123704
0.0539531	0.0873245	0.358726
0.312443	0.0973662	0.0901954
0.0309795	0.0743351	0.394689
0.0425888	0.0459773	0.41144
0.260047	0.0201764	0.219784
0.275708	0.171444	0.0528904
0.166183	0.11616	0.217696
0.185404	0.126976	0.187632
0.0661556	0.176161	0.257691
0.0487667	0.117998	0.333238
0.296012	0.0780893	0.125912
0.307962	0.0761559	0.115894
0.228928	0.00316329	0.267912
0.141237	0.323521	0.0352526
0.361295	0.103175	0.0355335
0.0112789	0.347968	0.140759
0.399053	0.00948329	0.0914682
0.393018	0.0990653	0.0079228
0.234036	0.0627997	0.203165
0.355499	0.0394716	0.105035
0.205991	0.254149	0.0398657
0.342119	0.15183	0.00606147
0.0334047	0.258614	0.207985
0.128614	0.356569	0.0148248
0.0449204	0.124216	0.33087
0.389367	0.102717	0.00792281
0.139229	0.204965	0.155819
0.15504	0.196927	0.148043
0.165923	0.211385	0.122694
0.000880333	0.00695497	0.492169
0.384783	0.00209748	0.113123
0.144774	0.102193	0.253037
0.0504367	0.173091	0.276477
0.156411	0.110407	0.233185
0.0965492	0.364736	0.0387182
0.187951	0.221308	0.0907467
0.275556	0.208479	0.0159682
0.155099	0.132708	0.212203
0.190644	0.166178	0.143184
0.418345	0.0726154	0.00905077
0.0435167	0.121062	0.335425
0.305886	0.167775	0.0263459
0.0654692	0.228879	0.205655
0.324837	0.100316	0.0748635
0.033475	0.0919338	0.374594
0.116578	0.0375976	0.345829
0.288312	0.0931886	0.118502
0.317494	0.098902	0.0836177
0.0298587	0.29905	0.171096
0.00157279	0.498429	0
0.0524782	0.064747	0.382779
0.0375315	0.124861	0.337609
0.345568	0.104957	0.0494913
0.329971	0.164657	0.00538767
0.00347635	0.482701	0.0138339
0.035982	0.250325	0.213714
0.0674161	0.388934	0.0436758
0.410028	0.0477776	0.0422105
0.266313	0.0262602	0.207441
0.00393694	0.487742	0.00837869
0.0759538	0.321661	0.102449
0.00209012	0.258942	0.239032
0.028916	0.342319	0.128782
0.397988	0.10187	0.000155515
0.0299593	0.441269	0.0287892
0.0716503	0.00727496	0.421101
0.128131	0.00512933	0.366753
0.0630678	0.00837849	0.428571
0.300249	0.147793	0.051965
0.109543	0.267606	0.122878
0.191029	0.294772	0.0201545
0.310723	0.0238501	0.16545
0.0595268	0.238301	0.202193
0.0952062	0.020036	0.384812
0.256538	0.157538	0.0859555
0.0910987	0.19023	0.218704
0.144697	0.299998	0.0553352
0.316684	0.172981	0.0103546
0.0272227	0.00644135	0.466389
0.0355786	0.357289	0.107164
0.205497	0.119904	0.174629
0.174809	0.140002	0.185207
0.063954	0.0406217	0.39544
0.491931	0.00648364	0.00160087
0.374753	0.0600785	0.0651924
0.472717	0.0162961	0.0110005
0.469689	0.00849714	0.0218315
0.02358	0.471046	0.00538765
0.101463	0.288137	0.110421
0.271715	0.142279	0.0860242
0.143213	0.00412948	0.352679
0.170285	0.0365472	0.293183
0.347427	0.013514	0.139178
0.395001	0.0574916	0.0475661
0.239019	0.204115	0.0569027
0.0576298	0.00215556	0.440227
0.178748	0.0542975	0.266972
0.139109	0.10929	0.251637
0.158864	0.329372	0.0117739
0.160431	0.337741	0.00184629
0.136389	0.282774	0.0808505
0.336564	0.0863889	0.0770653
0.044191	0.110111	0.34572
0.0935536	0.246222	0.160243
0.0508821	0.302967	0.146177
0.108232	0.0643252	0.327469
0.483864	0.00514608	0.0110004
0.0135808	0.206093	0.280341
0.0937727	0.232703	0.173622
0.0820163	0.265296	0.152711
0.352988	0.0516204	0.0954375
0.187236	0.243203	0.0695791
0.362964	0.111116	0.0259395
0.350992	0.0342498	0.114807
0.0134539	0.125267	0.361293
0.175337	0.136528	0.188269
0.0897781	0.00525176	0.405006
0.0651822	0.37289	0.0619407
0.0321266	0.456727	0.0111567
0.0389572	0.00205049	0.459072
0.218132	0.0349021	0.246994
0.0401258	0.407307	0.0525937
0.251302	0.153034	0.0957137
0.114769	0.381758	0.00349598
0.0578561	0.424824	0.0173748
0.339913	0.126698	0.0334198
0.0170032	0.0691186	0.413899
0.0547183	0.413357	0.0319438
0.0048237	0.00682031	0.48838
0.304957	0.184733	0.0103346
0.0106521	0.15579	0.333595
0.0278487	0.365015	0.107163
0.147768	0.194916	0.157342
0.0174323	0.00231586	0.480279
0.111538	0.272479	0.116059
0.225953	0.13184	0.142238
0.0328	0.221787	0.245472
0.0411707	0.279367	0.179491
0.137803	0.163563	0.198665
0.281175	0.0753214	0.143534
0.211524	0.0305202	0.257982
0.00037694	0.00181697	0.49786
0.0295581	0.43536	0.0351055
0.414217	0.0550282	0.0307737
0.277019	0.0742081	0.148806
0.318543	0.00992461	0.171548
0.155939	0.0473688	0.29671
0.0498201	1.68764e-05	0.450182
0.383832	0.065845	0.0503484
0.449763	0.0234387	0.0268238
0.0093917	0.401466	0.089225
0.0328997	0.181313	0.285798
0.00113675	0.144213	0.354669
0.185155	0.104263	0.210603
0.00817412	0.0820863	0.409771
0.262826	0.00895381	0.228336
0.322571	0.00875904	0.168697
0.0572397	1.93898e-05	0.442761
0.169434	0.26331	0.067327
0.0795598	0.118779	0.301727
0.321897	0.175883	0.00224455
0.222482	0.21372	0.0638182
0.160475	0.327766	0.011774
0.0988531	0.280725	0.12045
0.167288	0.198559	0.134181
0.341467	0.0189749	0.139695
0.274256	0	0.225768
0.153243	0.0251429	0.321641
0.049583	0.421029	0.0294106
0.432084	0.0240728	0.0438818
0.15573	0.0801768	0.264109
0.0601822	0.3472	0.0926345
0.290679	0.151577	0.057783
0.0149149	0.216227	0.268876
0.0373791	0.187357	0.275301
0.0784457	0.0464411	0.375131
0.419897	0.037907	0.0422104
0.0747912	0.395685	0.0295797
0.038267	0.219962	0.241819
0.0114695	0.0159439	0.472617
0.380621	0.0195525	0.0998397
0.207226	0.120913	0.171891
0.135283	0.00587619	0.358864
0.428802	0.0319021	0.0393973
0.0559603	0.419607	0.0244467
0.370431	0.0840443	0.0455591
0.0397277	0.228358	0.231971
0.023535	0.0920571	0.384454
0.162636	0.30949	0.027884
0.0746956	0.110372	0.314954
0.23456	0.0975235	0.167946
0.0804458	0.0950083	0.324568
0.00555406	0.00796305	0.486508
0.0207567	0.379504	0.0998062
0.0845342	0.349745	0.0657324
0.461494	0.0227896	0.0157358
0.236651	0.0710923	0.192282
0.390025	0.0441276	0.0658608
0.247196	0.0728266	0.179998
0.13152	0.174433	0.194084
0.148325	0.115495	0.236312
0.164895	0.307519	0.0276053
0.0130669	0.429192	0.0577834
0.0786086	0.0465376	0.374871
0.0246665	0.000495484	0.474858
0.051458	0.103481	0.345072
0.24277	0.138696	0.118553
0.0860613	0.315476	0.0984865
0.0225219	0.449908	0.0275872
0.197349	0.287145	0.0155768
0.0341403	0.367348	0.0986454
0.121799	0.0474691	0.330758
0.117326	0.000788217	0.381902
0.359399	0.00250471	0.138127
0.131296	0.0301089	0.338616
0.444129	0.0175649	0.0384265
0.0279945	0.465726	0.00629537
0.232659	0.133188	0.134181
0.294505	0.0255178	0.179998
0.126266	0.0662152	0.307531
0.0855076	0.353772	0.0607318
0.112874	0.0737924	0.313353
0.193039	0.096078	0.210896
0.000707505	0.0876518	0.411698
0.461834	0.0287248	0.00948984
0.0885838	0.312916	0.0985293
0.0277035	0.460884	0.0114242
0.0163504	0.211826	0.271958
0.0731536	0.292853	0.134003
0.0409521	0.449611	0.00948993
0.133009	0.108113	0.2589
0.0543734	0.0205699	0.425089
0.38684	0.0286585	0.0845191
0.110152	0.317348	0.0725174
0.12795	0.0308663	0.341205
0.437452	0.0255848	0.0369899
0.0182532	0.154305	0.32747
0.223141	0.194091	0.0828013
0.248502	0.0184099	0.233113
0.123904	0.275309	0.100884
0.099343	0.397696	0.00297281
0.425145	0.0674762	0.00741086
0.195568	0.114111	0.19035
0.119878	0.0726031	0.307531
0.387778	0.0351745	0.0770652
0.117136	0.289265	0.093699
0.0900517	0.188044	0.22196
0.182069	0.0138368	0.304111
0.287156	0.0624057	0.150465
0.140008	0.226993	0.133022
0.0106845	0.144904	0.34442
0.0178714	0.407888	0.0742973
0.00164206	0.420091	0.0782778
0.164199	0.181505	0.154322
0.0765855	0.0939714	0.329471
0.243939	0.0125451	0.243531
0.0941042	0.137259	0.268647
0.418267	0.0138924	0.0678645
0.117184	0.162644	0.220185
0.112204	0.0942407	0.293569
0.189575	0.00563026	0.304802
0.224226	0.0102939	0.265489
0.0161028	0.0234873	0.46042
0.273483	0.103105	0.123424
0.363621	0.112866	0.0235243
0.0209172	0.477405	0.00173574
0.237527	0.179246	0.0832571
0.00357415	0.0730509	0.423391
0.101472	0.169346	0.229192
0.175049	0.156298	0.168675
0.464001	0.0354716	0.000538917
0.215361	0.00988689	0.274763
0.276923	0.130143	0.0929517
0.00842772	0.0773308	0.414296
0.00312355	0.487698	0.00918882
0.300401	0.148664	0.050981
0.252183	0.238641	0.00918787
0.0498489	0.198792	0.251376
0.0538066	0.087385	0.358823
0.495423	0.00458494	0
0.0176516	0.00650634	0.475847
0.292993	0.140074	0.066987
0.0342797	0.433523	0.0322121
0.325843	0.0549741	0.1192
0.0418862	0.378788	0.0793381
0.154807	0.208507	0.136713
0.319886	0.0492155	0.130917
0.31614	0.148056	0.0358095
0.280326	0.071313	0.148386
0.00517786	0.337164	0.157673
0.0365165	0.253896	0.209594
0.451191	0.0413054	0.00751613
0.289089	0.100085	0.110849
0.104259	0.134567	0.26118
0.247728	0.174643	0.0776447
0.484684	0.00978607	0.0055391
0.0111776	0.165926	0.32291
0.443432	0.0292945	0.0272798
0.0780755	0.376652	0.0452843
0.0494101	0.270566	0.180042
0.404591	0.0309161	0.0645047
0.183052	0.215432	0.101545
0.136217	0.0534909	0.310307
0.420712	0.00871977	0.0705853
0.000599694	0.220175	0.279282
0.0486993	0.065396	0.386385
0.169703	0.126269	0.204044
0.0704309	0.0327877	0.396792
0.268265	0.00655684	0.225204
0.407427	0.0269159	0.0657059
0.130565	0.156237	0.213207
0.304987	0.138546	0.0564792
0.0859842	0.355059	0.0589674
0.0514002	0.0834768	0.365138
0.232761	0.0112485	0.255999
0.0220726	0.27763	0.200306
0.0415445	0.0158302	0.442634
0.0265956	0.316751	0.156664
0.179621	0.151729	0.168676
0.371294	0.0154645	0.113301
0.0558638	0.250686	0.193466
0.432267	0.0109658	0.0567788
0.202806	0.272215	0.0249855
0.142921	0.0682554	0.28883
0.247281	0.234002	0.0187334
0.208208	0.0529153	0.238887
0.220599	0.257603	0.0218111
0.0890159	0.129563	0.281475
0.0251824	0.0409191	0.433918
0.126797	0.232926	0.140293
0.123859	0.0472603	0.328894
0.23458	0.21159	0.0538369
0.145432	0.226818	0.127764
0.0148082	0.287648	0.197553
0.133038	0.04912	0.317858
0.426651	0.00710523	0.0662548
0.264458	0.204782	0.0307757
0.338578	0.0571225	0.104317
0.085319	0.351468	0.0632209
0.0259759	0.3091	0.164942
0.0981968	0.385822	0.0160025
0.214981	0.109833	0.175195
0.189269	0.222983	0.0877622
0.0157616	0.0180844	0.466175
0.0380317	0.449123	0.012857
0.0256885	0.309388	0.164942
0.00309432	0.0630237	0.433941
0.333675	0.159354	0.00697793
0.380485	0.00929969	0.110244
0.191435	0.293593	0.0149842
0.396976	0.0242353	0.0788031
0.0130555	0.443203	0.0437528
0.00977573	0.465108	0.0289261
0.43654	0.0259226	0.0375471
0.476566	0.0154987	0.00794642
0.147952	0.0569524	0.295105
0.00388081	0.0793187	0.416816
0.0398453	0.365727	0.0944862
0.222871	0.10655	0.170632
0.47024	0.0193522	0.0104207
0.106949	0.364671	0.0283921
0.167178	0.0149795	0.317857
0.394727	0.0202594	0.0850357
0.381393	0.0457761	0.0728478
0.0125378	0.346043	0.141433
0.157786	0.155467	0.186765
0.39065	0.0431091	0.0662552
0.053031	0.304995	0.141985
0.0843151	0.318215	0.097484
0.0870971	0.00410162	0.408864
0.0751856	0.00143891	0.423387
0.456924	0.0418303	0.00126762
0.441138	0.0153937	0.0434791
0.357809	0.108325	0.0338786
0.149826	0.213479	0.136709
0.0917678	0.0431093	0.365138
0.00134721	0.00183218	0.496824
0.014555	0.173349	0.312108
0.385643	0.0257335	0.0886326
0.20558	0.0610392	0.233403
0.0337348	0.0128544	0.453427
0.123233	0.188996	0.187787
0.0290648	0.371098	0.0998501
0.0623067	0.244808	0.192904
0.0568322	0.262979	0.180211
0.0829631	0.0671558	0.3499
0.0336964	0.426147	0.0401667
0.0522965	0.0704312	0.377327
0.311593	0.143677	0.0447762
0.0399605	0.0537458	0.406304
0.0181254	0.283645	0.198252
0.11587	0.193444	0.190703
0.198651	0.19431	0.107052
0.0681928	0.325208	0.106622
0.0133875	0.00579612	0.480829
0.211106	0.00352451	0.285392
0.00311201	0.493859	0.00303913
0.0168044	0.383537	0.0997153
0.127331	0.18826	0.184422
0.16098	0.15398	0.185057
0.00860187	0.120651	0.370761
0.0639645	0.32042	0.115644
0.0724984	0.026352	0.401159
0.0337148	0.426378	0.0399191
0.0116459	0.00429266	0.484067
0.212953	0.0462646	0.240791
0.16831	0.276123	0.0555789
0.353824	0.141777	0.00441293
0.00158121	0.472643	0.0295885
0.360104	0.091519	0.0483898
0.032912	0.29711	0.170007
0.311913	0.0134638	0.174643
0.481484	0.00933862	0.00918883
0.283809	0.0987163	0.117497
0.0197718	0.45806	0.0221832
0.10135	0.370488	0.0281782
0.240458	0.259043	0.000505492
0.103661	0.201685	0.194671
0.1465	0.228484	0.12503
0.024002	0.328277	0.147733
0.257187	0.181311	0.0615176
0.0385093	0.458643	0.00286068
0.459595	0.0253779	0.015041
0.0915493	0.391576	0.0168835
0.0465224	0.0624727	0.391483
0.471569	0.0164705	0.011986
0.00150253	0.451259	0.0510584
0.122281	0.186719	0.191015
0.196834	0.0505896	0.252596
0.0539343	0.398341	0.0477675
0.00365744	0.00500481	0.491349
0.0359744	0.0131633	0.450889
0.072859	0.0274682	0.399684
0.105836	0.360548	0.0374377
0.0809759	0.386833	0.0322125
0.254248	0.0391168	0.206655
0.00948257	0.116734	0.373795
0.2564	0.242632	0.000979843
0.00494665	0.0288993	0.466174
0.14727	0.333123	0.0234279
0.346813	0.00847117	0.144734
0.259534	0.00708637	0.233405
0.000859283	0.144775	0.354381
0.148213	0.00292284	0.348872
0.0205036	0.390802	0.0887188
0.360492	0.125282	0.0142406
0.193601	0.300923	0.00548886
0.111059	0.0733987	0.31558
0.391462	0.104305	0.00427671
0.129477	0.0456469	0.3249
0.00157979	0.473566	0.0248691
0.0397388	0.029437	0.43085
0.341922	0.00779918	0.150301
0.407089	0.0212149	0.0717212
0.0182605	0.340666	0.141102
0.142648	0.304151	0.0532103
0.0904199	0.366726	0.0428787
0.398389	0.0856507	0.0159653
0.0489713	0.269636	0.181402
0.475357	0.00330027	0.0213565
0.417899	0.0599264	0.0222188
0.17948	0.0436033	0.276961
0.288929	0.200541	0.0105432
0.0894574	0.391825	0.018735
0.419798	0.0788577	0.00137487
0.188582	0.0385796	0.27285
0.035898	0.288896	0.175224
0.0341184	0.0178845	0.44801
0.346991	0.00551395	0.147517
0.140334	0.299217	0.0604584
0.0615968	0.416437	0.0220029
0.380049	0.0367751	0.0832048
0.113685	0.26374	0.122596
0.245158	0.186662	0.0681952
0.466639	0.0268005	0.00659556
0.0161202	0.0983682	0.385528
0.15733	0.000140344	0.342552
0.0166762	0.00834082	0.474993
0.175022	0.03753	0.287461
0.0998789	0.04692	0.353221
0.000737956	0.33387	0.1654
0.0769898	0.312256	0.116785
0.0106487	0.327556	0.161837
0.0152998	0.457023	0.0277075
0.483703	0.00124367	0.0150669
0.0376133	0.0694046	0.393004
0.33593	0.0549135	0.109175
0.115331	0.27416	0.110545
0.310524	0.0567684	0.132739
0.291086	0.20741	0.00154842
0.0918813	0.0988516	0.309285
0.137455	0.315092	0.0474604
0.22894	0.175418	0.0956947
0.283551	0.0274375	0.189047
0.403977	0.0749503	0.0211322
0.135663	0.0837265	0.280636
0.172336	0.322633	0.0050454
0.0284903	0.0142498	0.457372
0.0460037	0.431813	0.0222184
0.134522	0.285726	0.0797748
0.0365865	0.0675098	0.395925
0.279456	0.12256	0.0979885
0.0190758	0.247099	0.233861
0.236817	0.0484473	0.214754
0.186907	0.228476	0.0846549
0.0594601	0.25709	0.183462
0.0265261	0.113989	0.35952
0.0853321	0.352583	0.0622155
0.157339	0.0916052	0.251067
0.0316683	0.399172	0.0691937
0.444366	0.0493536	0.00631281
0.064707	0.279776	0.155533
0.0545428	0.0228228	0.422665
0.146928	0.294398	0.058681
0.150497	0.0939778	0.255533
0.014172	0.482497	0.00336213
0.173459	0.0331363	0.293466
0.219872	0.0618753	0.218275
0.0138219	0.486078	0.000111617
0.0736361	0.0487886	0.377588
0.192606	0.1337	0.173719
0.0974171	0.100443	0.302154
0.0650668	0.35841	0.0765554
0.223441	0.180926	0.0956967
0.184504	0.0536849	0.26183
0.16797	0.276389	0.0556581
0.318695	0.147125	0.0342079
0.0717045	0.0475088	0.380799
0.436639	0.0514148	0.0119706
0.0425217	0.426013	0.0314879
0.0224779	0.411634	0.0659108
0.253434	0.232989	0.0136247
0.283185	0.1234	0.0934527
0.0212754	0.389613	0.089135
0.450896	0.0112287	0.0378821
0.357834	0.131635	0.0105438
0.435577	0.0226995	0.0417333
0.2639	0.163199	0.0729185
0.0108053	0.0837528	0.405474
0.461737	0.00768951	0.0305896
0.204235	0.168574	0.127209
0.16132	0.326088	0.0126036
0.199088	0.1382	0.162735
0.193764	0.21617	0.0900818
0.047378	0.425013	0.0276443
0.00649617	0.32318	0.170343
0.0161198	0.0706499	0.413253
0.0819896	0.359344	0.0586903
0.354895	0.0309656	0.114167
0.0085191	0.0874806	0.404023
0.295555	0.10966	0.094824
0.105542	0.0215915	0.372882
0.122784	0.0484807	0.328761
0.0945148	0.101685	0.303821
0.015041	0.218584	0.266419
0.205279	0.169436	0.12532
0.233062	0.0422603	0.224698
0.040867	0.251237	0.207929
0.020821	0.0103071	0.468896
0.164278	0.0715852	0.264179
0.0800602	0.0526418	0.367315
0.361733	0.0885706	0.0497076
0.31672	0.157151	0.0330612
0.210434	0.051525	0.238053
0.0367885	0.464221	6.65803e-05
0.0218777	0.283393	0.194765
0.0682332	0.375852	0.0559372
0.252254	0.00247335	0.245298
0.00404072	0.00437387	0.49159
0.427575	0.025015	0.0474321
0.0317006	0.0234827	0.444842
0.0470751	0.0348715	0.4181
0.119106	0.380926	0
0.00013859	0.0160071	0.483873
0.0587069	0.243819	0.19751
0.0626093	0.384902	0.0525187
0.0241711	0.00896816	0.4669
0.0585304	0.237983	0.203523
0.0149096	0.115565	0.369557
0.0217048	0.397475	0.0808261
0.299485	0.149792	0.0507606
0.274044	0.176839	0.0491238
0.268903	0.190769	0.0403495
0.149637	0.094481	0.255903
0.495754	0.00195241	0.00232574
0.0722163	0.129227	0.298567
0.0528921	0.436579	0.0105432
0.323896	0.141368	0.034772
0.217883	0.144101	0.138044
0.446605	0.0172869	0.0361238
0.325792	0.0415065	0.132741
0.0170754	0.135036	0.347912
0.0797003	0.160418	0.259893
0.100333	0.171828	0.227866
0.0575206	0.21409	0.228407
0.196049	0.209476	0.0945114
0.364009	0.101813	0.034208
0.0251392	0.194856	0.280036
0.0258953	0.372733	0.101402
0.234416	0.218965	0.0466331
0.00310529	0.00336132	0.493538
0.00364561	0.492656	0.00372531
0.0686316	0.377665	0.053734
0.106497	0.185085	0.208443
0.000981221	0.159881	0.33916
0.102582	0.197268	0.200188
0.0212954	0.039311	0.439421
0.489359	0.0105438	0.000111618
0.260874	0.119147	0.120008
0.329541	0.00341225	0.16707
0.0406464	0.223894	0.235482
0.000833462	0.0152644	0.483923
0.34845	0.119911	0.0316596
0.214008	0.0749118	0.211101
0.27694	0.196143	0.0269316
0.126524	0.293526	0.079969
0.101101	0.242293	0.156617
0.0777494	0.347873	0.0743955
0.454328	0.0128846	0.0328137
0.00561363	0.410542	0.0838679
0.335209	0.0448219	0.120011
0.00106283	0.151048	0.347911
0.0044252	0.0577186	0.437863
0.0505951	0.338903	0.11686
0.0519326	0.440172	0.007902
0.372775	0.105044	0.0222185
0.368716	0.12794	0.00335141
0.20376	0.0438068	0.252454
0.309447	0.182007	0.00857841
0.42688	0.0249743	0.0481838
0.000970383	0.137909	0.361147
0.352078	0.0329456	0.115006
0.0495796	0.346807	0.10364
0.375852	0.019587	0.104582
0.0628039	0.227804	0.209416
0.222974	0.0534142	0.223656
0.0515965	0.447359	0.00106379
0.0147604	0.0630655	0.4222
0.0255645	0.371516	0.102943
0.0164643	0.450445	0.0330984
0.0394332	0.275674	0.184938
0.028305	0.265684	0.206043
0.37093	0.0656641	0.0634361
0.0810702	0.188076	0.230879
0	0	0.5
0	0.500001	0
0.439986	0.0586924	0.00132326
0.175381	0.0434642	0.281158
0.0259395	0.349095	0.124969
0.212409	0.0179627	0.269646
0.10095	0.188237	0.210814
0.34072	0.0572495	0.102037
0.419018	0.0486963	0.032288
0.454304	0.0321621	0.013536
0.21544	0.202004	0.082557
0.16696	0.0141193	0.318922
0.458275	0.0329595	0.00876602
0.431083	0.0666899	0.00223067
0.146782	0.0301837	0.323042
0.239975	0.118706	0.141324
0.0372416	0.00943784	0.453323
0.126698	0.166113	0.207206
0.00731423	0.128681	0.364008
0.489303	0.000970352	0.0097297
0.27895	0.0845509	0.136503
0.401947	0.0696912	0.0283634
0.0954101	0.208306	0.196284
0.191443	0.275537	0.0330249
0.0269817	0.468917	0.00634407
0.0481725	0.413682	0.0381515
0.232841	0.0885631	0.178597
0.141944	0.296354	0.0617026
0.24688	0.027511	0.225611
0.0513194	0.161297	0.287387
0.375023	0.107471	0.0175086
0.110564	0.302734	0.0867025
0.33147	0.101684	0.0668482
0.110196	0.13628	0.253538
0.017346	0.0241593	0.45851
0.158682	0.196598	0.144727
0.0539326	0.100566	0.345503
0.119031	0.0489796	0.332025
0.00299347	0.269589	0.227418
0.0477915	0.0325638	0.419647
0.0879917	0.403918	0.00809316
0.479894	0.00657553	0.0135361
0.0225098	0.233134	0.244371
0.301036	0.117771	0.0811965
0.358383	0.137307	0.0043109
0.26563	0.111573	0.122801
0.295258	0.0151464	0.189598
0.0690612	0.0731074	0.357832
0.00629054	0.00216694	0.491544
0.0820728	0.0133026	0.404628
0.107559	0.170767	0.221677
0.131387	0.31382	0.0547944
0.31285	0.0160489	0.171118
0.0624858	0.00696307	0.430554
0.0571338	0.145744	0.297123
0.185351	0.118366	0.196284
0.393748	0	0.106253
0.035155	0.458801	0.00604545
0.268849	0.183187	0.0479658
0.139519	0.0516205	0.308866
0.0170136	0.327282	0.155707
0.366972	0.0904699	0.0425595
0.261129	0.164616	0.0742574
0.323691	0.016605	0.15972
0.22584	0.141029	0.133134
0.0359673	0.452233	0.0118016
0.118071	0.00254369	0.379388
0.308701	0.120645	0.0706575
0.00788186	0.439675	0.0524453
0.12668	0.321347	0.0519748
0.151756	0.251347	0.0969017
0.112261	0.336783	0.0509572
0.316758	0.115547	0.0677118
0.147671	0.240098	0.112234
0.200918	0.00415496	0.294929
0.0883096	0.405378	0.00631579
0.0781041	0.0386936	0.383204
0.188014	0.125184	0.186806
0.0438445	0.152352	0.303805
0.0855885	0.249574	0.164872
0.123823	0.36764	0.00855889
0.293208	0.197694	0.00909811
0.222754	0.166486	0.110765
0.00587495	0.142373	0.351768
0.282807	0.192697	0.024497
0.113497	0.288012	0.0984961
0.135703	0.344234	0.0200649
0.0758522	0.230813	0.193348
0.306072	0.191134	0.00279563
0.182475	0.21419	0.10334
0.178159	0.227092	0.0947516
0.104745	0.00585741	0.389399
0.0674692	0.131011	0.301521
0.0123324	0.364754	0.122921
0.00878894	0.0129763	0.478236
0.409822	0.0749432	0.0152401
0.120911	0.306128	0.0729656
0.495004	0.00329556	0.00170564
0.27398	0.121761	0.104288
0.257277	0.0960686	0.146665
0.0389122	0.0149124	0.446179
0.103558	0.392722	0.00373605
0.115465	0.030981	0.353555
0.18546	0.194758	0.119784
0	0.486567	0.0134343
0.210982	0.102933	0.18609
0.149313	0.174964	0.175725
0.199053	0.163664	0.137285
0.0517797	0.446669	0.00155713
0.0799248	0.0229042	0.397174
0.012854	0.0999943	0.387152
0.368561	0.0908616	0.0405792
0.219723	0.20602	0.0742571
0.0599767	0.432843	0.00718839
0.0677317	0.149304	0.282968
0.137865	0.0221741	0.339962
0.46638	0.0131483	0.0204853
0.00861718	0.480694	0.0106948
0.130869	0.359123	0.0100125
0.0282989	0.355814	0.115889
0.00153109	0.442915	0.0555573
0.0831393	0.383381	0.0334829
0.136742	0.0517378	0.311528
0.181973	0.25345	0.0645919
0.00345921	0.492232	0.0043109
0.00456246	0.256545	0.238894
0.172673	0.0653915	0.261936
0.0917521	0.0131974	0.395052
0.045672	0.161456	0.292875
0.250203	0.134481	0.115319
0.0743322	0.21586	0.214848
0.0420729	0.0117515	0.446177
0.0727105	0.311772	0.115531
0.16281	0.313285	0.0239061
0.384856	0.0720929	0.0430674
0.0481507	0.0793513	0.372499
0.329563	0.0169062	0.153549
0.015879	0.234863	0.24926
0.208127	0.256953	0.0349215
0.47456	0.00497708	0.0204857
0.175843	0.0622221	0.261936
0.387788	0.0239034	0.0883104
0.122992	0.374258	0.00275329
0.0219138	0.155052	0.323042
0.2119	0.156772	0.131329
0.0642503	0.223776	0.211989
0.411714	0.0691782	0.0191134
0.0205736	0.00667516	0.472753
0.0565024	0.0046155	0.438884
0.0919754	0.167801	0.240239
0.405155	0.0713023	0.0235477
0.00565284	0.026067	0.468284
0.168667	0.290844	0.0404948
0.351206	0.0870383	0.0617712
0.0134905	0.219155	0.267355
0.0750671	0.17368	0.251257
0.041479	0.120952	0.337604
0.378654	0.0151051	0.106256
0.380024	0.0689057	0.0510761
0.00452932	0.457326	0.0381515
0.354487	0.0635789	0.081937
0.00940588	0.00374179	0.486853
0.00379471	0.379065	0.117141
0.00218374	0.265386	0.232431
0.322162	0.177767	7.43333e-05
0.469649	0.0116063	0.018747
0.256241	0.111072	0.132717
0.00523047	0.474298	0.0204853
0.170397	0.293994	0.0356099
0.288118	0.00186654	0.214694
0.251572	0.0805064	0.167922
0.000585558	0.281254	0.218161
0.111614	0.0270556	0.361332
0.0331798	0.0552266	0.412488
0.0655835	0.00850905	0.425922
0.199367	0.0810541	0.219581
0.0305446	0.421745	0.0477128
0.128313	0.347191	0.024497
0.177291	0.242518	0.0801935
0.390125	0.0859235	0.023974
0.317665	0.0163029	0.166041
0.0551379	0.417239	0.0276253
0.118537	0.283819	0.0976449
0.27321	0.125842	0.100978
0.356924	0.109493	0.0335858
0.225603	0.0958111	0.178603
0.0435832	0.308374	0.148051
0.194463	0.247529	0.0580108
0.218605	0.26389	0.0175086
0.0464613	0.375638	0.0779066
0.237661	0.0388816	0.223462
0.0143194	0.0195964	0.466089
0.0549721	0.00614587	0.438885
0.103481	0.062173	0.334364
0.0185677	0.331011	0.150436
0.179983	0.241597	0.0784217
0.0790289	0.323736	0.0972357
0.287883	0.179775	0.0323443
0.169939	0.279967	0.0501098
0.00983467	0.0118985	0.478292
0.450813	0.0020978	0.0470929
0.436862	0.00757377	0.0555657
0.0184566	0.476709	0.00484269
0.0274736	0.016917	0.455612
0.055441	0.358663	0.0859007
0.0065646	0.490376	0.00306416
0.00434073	0.0286816	0.466983
0.0741241	0.0130952	0.412791
0.170789	0.0399102	0.289309
0.145521	0.0427422	0.311745
0.296962	0.142615	0.0604283
0.141518	0.0415664	0.316924
0.0319058	0.427705	0.0403996
0.0387168	0.312716	0.148572
0.0306499	0.336255	0.133101
0.00366455	0.00201515	0.494325
0.489441	0.010564	0
0.112378	0.35049	0.0371457
0.10279	0.271497	0.125731
0.431043	0.0224585	0.0465059
0.000560111	0.202443	0.297007
0.0363328	0.439975	0.0236938
0.0574187	0.0165018	0.426097
0.480841	0.00109333	0.0180735
0.246824	0.0923601	0.160822
0.155121	0.191794	0.15309
0.0829434	0.0570299	0.36003
0.349146	0.010268	0.140591
0.173274	0.14683	0.179918
0.32423	0.0803875	0.09546
0.0427924	0.324112	0.133101
0.0131075	0.0139192	0.472982
0.0595028	0.432662	0.00784057
0.158841	0.289736	0.0514292
0.125184	0.122012	0.252811
0.0777908	0.032018	0.390197
0.0433447	0.446955	0.00970617
0.211113	0.131673	0.157217
0.137133	0.10643	0.256442
0.422251	0.012248	0.0655072
0.110523	0.00542838	0.384053
0.342254	0.13593	0.0218206
0.111929	0.372917	0.0151608
0.05837	0.0461799	0.395456
0.0834193	0.415443	0.00114219
0.0675713	0.0167532	0.415689
0.128416	0.0964095	0.275191
0.172121	0.101353	0.226528
0.272093	0.0541719	0.173742
0.000271708	0.287427	0.21231
0.0157813	0.17829	0.305936
0.207962	0.173354	0.118691
0.313536	0.0827838	0.103697
0.225957	0.248265	0.0257835
0.35311	0.0103846	0.136519
0.0372127	0.46114	0.00165328
0.0478007	0.0315008	0.420708
0.0424327	0.0520802	0.405492
0.316802	0.0150893	0.168118
0.290867	0.0329734	0.176176
0.242783	0.253517	0.00372207
0.176786	0.126397	0.196824
0.231631	0.00499711	0.263388
0.054055	0.364353	0.0815955
0.0497661	0.391043	0.0591956
0.474241	0	0.0257655
0.200372	0.113259	0.186372
0.115514	0.035361	0.34913
0.151719	0.276745	0.0715393
0.45593	0.0069277	0.0371449
0.267726	0.205734	0.026545
0.422867	0.00898978	0.0681493
0.197395	0.116235	0.186372
0.0121307	0.28133	0.20655
0.117168	0.309472	0.0733617
0.303629	0.151633	0.0447428
0.105129	0.305857	0.089016
0.307443	0.153538	0.0390244
0.0175529	0.197122	0.285329
0.243542	0.0144474	0.242087
0.0332218	0.239708	0.227079
0.413468	0.0724567	0.0140767
0.021001	0.176675	0.30233
0.285275	0.162916	0.0518137
0.093646	0.318186	0.0881737
0.0803969	0.0199331	0.399684
0.0922815	0.0282491	0.379475
0.179442	0.210177	0.110387
0.0815669	0.406218	0.0122197
0.0292285	0.036028	0.434746
0.160743	0.0893342	0.249928
0.394374	0.075326	0.0303134
0.358283	0.060618	0.081107
0.217145	0.243249	0.0396163
0.379397	0.025587	0.0950211
0.139466	0.229447	0.131089
0.160579	0.194737	0.144691
0.298097	0.0495601	0.152346
0.0872885	0.0587732	0.353944
0.238495	0.0730078	0.188503
0.0982744	0.0215072	0.380236
0.235937	0.120418	0.143654
0.250646	0.24936	0
0.462649	0.00174464	0.0356069
0.077056	0.0934473	0.329502
0.221066	0.236249	0.0426921
0.373493	0.0727227	0.0537918
0.065947	0.393836	0.0402206
0.280926	0.164329	0.0547493
0.0223629	0.209796	0.267849
0.361606	0.0603231	0.0780784
0.135698	0.23644	0.127886
0.0186856	0.157196	0.324123
0.106539	0.0245549	0.36891
0.300868	0.00872707	0.190424
0.319509	0.0687459	0.111756
0.406467	0.00217675	0.0913645
0.16447	0.1371	0.198443
0.00196473	0.198926	0.325531
0.497529	0.00247603	0
0.101407	0.118656	0.279954
0.0347167	0.456305	0.00898718
0.00136592	0.49369	0.00495368
0.0119858	0.282683	0.205341
0.337243	0.0697009	0.0930662
0.178513	0.127632	0.193863
0.103997	0.0243851	0.37163
0.0194561	0.256732	0.224606
0.263219	0.00567858	0.231119
0.0471315	0.452111	0.00076734
0.271851	0.0631496	0.165008
0.264183	0.00392271	0.231897
0.392459	0.00834333	0.0992043
0.055525	0.346069	0.0984087
0.120314	0.109983	0.26972
0.19434	0.222671	0.0830012
0.186223	0.0950454	0.218737
0.0102366	0.267317	0.222451
0.164349	0.0365048	0.299157
0.271681	0.22647	0.00185588
0.0268482	0.246081	0.227079
0.0067326	0.0450593	0.448215
0.022057	0.47023	0.00772234
0.153087	0.0850789	0.261844
0.131369	0.0296606	0.338981
0.0567968	0.402622	0.0405864
0.112344	0.382711	0.00495366
0.0841648	0.0498876	0.365953
0.289301	0.133035	0.0776682
0.166978	0.024859	0.308255
0.213845	0.259334	0.0268267
0.048717	0.3828	0.0684892
0.126931	0.295403	0.0776679
0.36698	0.0758468	0.0571837
0.328934	0.0679836	0.103093
0.33336	0.04493	0.121724
0.0907042	0.394145	0.0151609
0.00220386	0.0624984	0.435304
0.275549	0.0216042	0.202852
0.111212	0.299777	0.0890167
0.399039	0.0190062	0.0819611
0.153763	0.0882518	0.257998
0.305971	0.139284	0.0547492
0.257019	0.235255	0.00774463
0.0220002	0.46902	0.00898715
0.468195	0.0146301	0.0171824
0.276422	0.160239	0.0633488
0.400961	0.0702649	0.0287754
0.0519791	0.408433	0.0395914
0.0167283	0.128796	0.35448
0.23276	0.168488	0.0987622
0.0438532	0.321583	0.13457
0.207011	0.0223924	0.270599
0.182602	0.293244	0.0241576
0.0216309	0.263015	0.21536
0.152263	0.112171	0.235573
0.0515833	0.00611922	0.442304
0.00118414	0.092879	0.40595
0.278896	0.157767	0.0633491
0.0210897	0.136435	0.34248
0.250239	0.0670128	0.182756
0.368514	0.108096	0.0233959
0.468654	0.00252374	0.0288266
0.191632	0.233864	0.0745083
0.177131	0.086387	0.236489
0.199422	0.181898	0.118692
0.411696	0.0337826	0.0545233
0.0107343	0.0903042	0.398966
0.150293	0.0721777	0.277539
0.0296961	0.39817	0.072144
0.0910776	0.293611	0.115325
0.386238	0.0957612	0.0180132
0.048947	0.343115	0.107949
0.381787	0.0615011	0.0567191
0.0310752	0.224219	0.244713
0.330518	0.0658038	0.103698
0	0.500001	0
0.0581465	0.0667321	0.375133
0.0137522	0.019531	0.466723
0.111965	0.230688	0.157359
0.0485797	0.370351	0.0810811
0.244541	0.176515	0.0789691
0.0450304	0.0930202	0.361977
0.0503492	0.0577835	0.391882
0.0941453	0.361955	0.0439065
0.0340011	0.234731	0.231284
0.00188108	0.0425405	0.455583
0.0442957	0.208879	0.24684
0.495611	0.0039505	0.00044664
0.311919	0.182525	0.00556643
0.0862408	0.188235	0.225531
0.025658	0.0481654	0.426194
0.0616109	0.413865	0.024535
0.0196091	0.419606	0.0607992
0.00213207	0.427084	0.0707979
0.0164076	0.00438192	0.479221
0.00795095	0.437944	0.0541253
0.407077	0.0149611	0.0779802
0.316918	0.00816953	0.174926
0.227375	0.0835728	0.189065
0.123124	0.0332079	0.343674
0.141572	0.205905	0.152537
0.456718	0.00980592	0.0334973
0.103237	0.0921867	0.304592
0.334903	0.000545733	0.164558
0.472591	0.0250609	0.00235953
0.0384536	0.386431	0.0751341
0.412136	0.0665536	0.0213208
0.482757	0.0090869	0.00817273
0.00518768	0.0458589	0.448965
0.0464869	0.247479	0.206041
0.285729	0.172751	0.0415305
0.367815	0.0654522	0.0667556
0.238354	0.144108	0.118457
0.357659	0.141143	0.00121615
0.0543323	0.118589	0.327096
0.304048	0.15901	0.0369547
0.194137	0.110968	0.194909
0.0173746	0.470775	0.0118626
0.444773	0.0379513	0.0172936
0.398232	0.000584204	0.101192
0.156629	0.313027	0.0303545
0.382112	0.00719247	0.110706
0.0786561	0.355444	0.0659134
0.0693077	0.0814293	0.349275
0.324448	0.127299	0.0482623
0.0714261	0.155205	0.273377
0.0576975	0.262428	0.179906
0.0661144	0.212366	0.221551
0.0323117	0.394362	0.0733353
0.0110617	0.432676	0.056292
0.180006	0.0790841	0.240925
0.167373	0.319296	0.0133446
0.00112256	0.482189	0.0167283
0.249676	0.130575	0.119754
0.400569	0.0147219	0.0847226
0.478281	0.0192977	0.00242615
0.423479	0.0361343	0.0404028
0.021934	0.0410463	0.437035
0.208636	0.150598	0.140792
0.0988982	0.350498	0.0506389
0.109041	0.343577	0.0473902
0.451006	0.00281702	0.0461903
0.417685	0.0721025	0.0102244
0.100648	0.0127722	0.386606
0.0379967	0.0825648	0.379446
0.322137	0.0622846	0.115584
0.0044531	0.452342	0.0432266
0.0270088	0.0877097	0.385297
0.0807652	0.280985	0.138278
0.0832717	0.303578	0.11318
0.28021	0.191345	0.0284633
0.273047	0.168871	0.0580942
0.177873	0.284923	0.0372143
0.00919946	0.44622	0.044597
0.0823863	0.405443	0.0121885
0.00963798	0.0492425	0.441142
0.000866605	0.164295	0.334856
0.185946	0.0782555	0.23582
0.206686	0.224891	0.0684329
0.0792331	0.137555	0.283224
0.26097	0.121552	0.117485
0.21688	0.254674	0.0284632
0.0115742	0.47625	0.0121884
0.190951	0.27167	0.0373855
0.119144	0.0230363	0.357825
0.0296562	0.0514857	0.41887
0.183376	0.220031	0.0966088
0.053863	0.230937	0.215212
0.103919	0.380974	0.0151464
0.0528511	0.094982	0.352185
0.352998	0.095106	0.0519113
0.149058	0.258777	0.0921785
0.0303729	0.408732	0.0609109
0.0874452	0.200114	0.212445
0.133732	0.0704104	0.295863
0.217863	0.125138	0.157019
0.136537	0.327681	0.0357954
0.232542	0.266513	0.000951336
0.29522	0.096582	0.108209
0.20336	0.223554	0.0731048
0.0345195	0.14588	0.319613
0.272202	0.1068	0.121008
0.130581	0.274167	0.0952664
0.252464	0.132033	0.115506
0.342846	0.134518	0.0226567
0.149978	0.0334688	0.316568
0.199376	0.0318674	0.26877
0.121438	0.068693	0.309881
0.000920459	0.174505	0.324606
0.0575455	0.308941	0.133542
0.223827	0.0984914	0.177716
0	0.289863	0.210143
0.131761	0.116287	0.25196
0.0107855	0.0541414	0.435078
0.0411351	0.383748	0.0751338
0.23556	0.114339	0.150112
0.431218	0.0426427	0.026151
0.0755224	0.00958375	0.41492
0.201562	0.0769081	0.221543
0.00870105	0.00552466	0.485788
0.124235	0.0629412	0.312834
0.0726323	0.3374	0.0899809
0.129459	0.0338102	0.336747
0.23352	0.00439553	0.262096
0.29986	0.15682	0.0433332
0.0171733	0.220743	0.262098
0.0332238	0.0576793	0.409111
0.44639	0.0357833	0.017838
0.125747	0.189275	0.184985
0.297422	0.00413074	0.198461
0.372115	0.0136761	0.114231
0.00238844	0.00333994	0.494303
0.0468862	0.0539852	0.399145
0.292204	0.102776	0.105041
0.350665	0.0223849	0.126965
0.144812	0.217972	0.137224
0.329033	0.0291256	0.141851
0.264373	0.113408	0.122229
0.144271	0.209831	0.145908
0.290465	0.0257116	0.183833
0.0903304	0.340806	0.0688848
0.196127	0.278541	0.025338
0.0375156	0.043055	0.41944
0.0913172	0.39804	0.0106623
0.340015	0.0287542	0.13124
0.158535	0.0729654	0.268514
0.147908	0.348114	0.00400146
0.376672	0.0275608	0.0957787
0.346955	0.136307	0.016743
0.394534	0.101213	0.00426891
0.463506	0.0352205	0.00128603
0	0.0768764	0.423131
0.213217	0.0896423	0.197163
0.0351629	0.459616	0.00523242
0.189509	0.269619	0.0408775
0.464699	0.0353112	0
0.39106	0.104687	0.0042674
0.0520517	0.35798	0.0899807
0.0117235	0.0164896	0.471793
0.0123015	0.00108892	0.486617
0.000785068	0.0932334	0.405993
0.0559733	0.3005	0.143559
0.0665243	0.145668	0.287874
0.0573959	0.399385	0.0432252
0.220641	0.0810977	0.198273
0.277623	0.189869	0.0325257
0.0554435	0.293322	0.151433
0.111465	0.24329	0.145254
0.0318886	0.0232635	0.444875
0.16464	0.0355294	0.299836
0.37424	0.00233753	0.123439
0.062783	0.37851	0.0587123
0.173036	0.0719163	0.255057
0.0463841	0.0544872	0.399145
0	0.493074	0.00693011
0.00397643	0.184784	0.311247
0.00773259	0.464893	0.0273837
0.194195	0.027129	0.278689
0.17589	0.2498	0.0743221
0.228616	0.100599	0.170795
0.0214014	0.196373	0.282236
0.0833983	0.0106202	0.405993
0.00512451	0.4884	0.00650007
0.184519	0.077809	0.237688
0.257954	0.114523	0.127534
0.0978628	0.376247	0.025898
0.0644531	0.135716	0.299836
0.268531	0.02377	0.207707
0.0049359	0.00310827	0.49197
0.25129	0.169294	0.0794452
0.161497	0.322756	0.0157544
0.196347	0.0310146	0.272645
0.00389192	0.375098	0.121018
0	0.500001	0
0.500001	0	0
0	0	0.500001
0.0824574	0.410937	0.00660704
0.0146577	0.00799815	0.483593
0.0540265	0.229819	0.216156
0.00212946	0.241403	0.25647
0.427969	0.0208917	0.051144
0.3751	0.0804522	0.0444502
0.437993	0.0406566	0.0213536
0.0446608	0.398176	0.0571653
0.0692679	0.221131	0.209607
0.0589013	0.265253	0.175858
0.356543	0.115453	0.0280241
0.269098	0.165349	0.0655548
0.0158511	0.186035	0.298115
0.0637463	0.29578	0.140476
0.301648	0.197803	0.000550653
0.0504944	0.16126	0.288249
0.38095	0.0212333	0.097821
0.361838	0.056905	0.0812586
0.407643	0.0769187	0.0154425
0.102039	0.0627981	0.335164
0.366367	0.0920614	0.0415753
0.42026	0.0380387	0.0476116
0.483556	0.00348784	0.0129591
0.209863	0.018971	0.271169
0.0491354	0.0858193	0.365061
0.0372468	0.34	0.122755
0.114183	0.329677	0.056149
0.0918995	0.383552	0.0245643
0.232512	0.140045	0.127456
0.152738	0.0995961	0.247669
0.10815	0.227736	0.164116
0.108366	0.359247	0.032393
0.25793	0.0671134	0.174957
0.340255	0.0499022	0.109846
0.47677	0.015749	0.00748781
0.0446722	0.324817	0.130511
0.13252	0.278261	0.0892197
0.0394026	0.305078	0.155522
0.25156	0.195614	0.0528278
0.159805	0.104204	0.235997
0.387293	0.0753015	0.0374185
0.26184	0.0681307	0.170031
0.171075	0.0635458	0.265384
0.132463	0.273588	0.0939549
0.121088	0.319799	0.0591156
0.204241	0.0268092	0.268959
0.0765003	0.226883	0.196623
0.115973	0.336377	0.0476572
0.047073	0.0822172	0.370726
0.00918406	0.170418	0.320404
0.44349	0.0481029	0.00841579
0.162963	0.243957	0.0930826
0.0454918	0.391153	0.0633573
0.0861825	0.0146395	0.399181
0.243457	0.156504	0.10004
0.0197847	0.449746	0.0304731
0.147203	0.256417	0.0963816
0.129575	0.350667	0.019771
0.00795366	0.0330092	0.459039
0.0181275	0.0347874	0.447088
0.350018	0.102498	0.0474851
0.0138504	0.440903	0.0452497
0.00417784	0.471666	0.0241589
0.134616	0.0111958	0.354191
0.0390282	0.280846	0.180128
0.125001	0.259618	0.115386
0.104663	0.00146647	0.393874
0.454297	0.0107405	0.03499
0.14537	0.12213	0.232505
0.462534	0.0168385	0.0206328
0.00791375	0.251919	0.240172
0.0529857	0.416543	0.030473
0.0264087	0.00238727	0.471207
0.212182	0.269055	0.0187642
0.264586	0.193019	0.0423971
0.00749222	0.378257	0.114255
0.346042	0.00299975	0.150961
0.306742	0.184401	0.00886043
0.0199471	0.0453767	0.434681
0.291808	0.124505	0.0836904
0.0011505	0.457268	0.0415857
0.448919	0.00916061	0.0419429
0.391147	0.0584182	0.0504402
0.29497	0.19412	0.0109137
0.13753	0.0365327	0.325943
0.0238903	0.0720807	0.404037
0.186769	0.0693754	0.24386
0.0621319	0.217321	0.220549
0.0752133	0.3472	0.0775938
0.0979807	0.124244	0.277778
0.179134	0.128584	0.192286
0.073733	0.307734	0.118537
0.0994018	0.289909	0.110704
0.0328113	0.0964788	0.370726
0.0233792	0.0991664	0.377465
0.0241284	0.0896881	0.386188
0.182496	0.130997	0.186511
0.0129567	0.101274	0.385774
0.0447902	0.370058	0.0851544
0.0161703	0.0288721	0.454968
0.0763837	0.353294	0.0703284
0.0910804	0.0497736	0.359149
0.00388724	0.434063	0.0620521
0.13437	0.205056	0.160585
0.0713174	0.0131399	0.415555
0.276186	0.17347	0.0503515
0.00379209	0.246204	0.250007
0.272664	0.214473	0.0128787
0.0205669	0.467527	0.0119083
0.397123	0.0097964	0.0930826
0.491398	0.000249036	0.00835837
0.0501893	0.118639	0.331172
0.0173574	0.477402	0.00524099
0.0850864	0.000710366	0.414207
0.326668	0.0867746	0.0865619
0.135525	0.0816276	0.28285
0.166952	0.286318	0.0467324
0.117667	0.373981	0.00835838
0.284278	0.178553	0.0371705
0.313547	0.0269915	0.159464
0.2249	0.137614	0.137496
0.0663977	0.0276959	0.405912
0.0266056	0.051057	0.42234
0.0442302	0.0778339	0.377952
0.139245	0.288506	0.0722521
0.00321186	0.490353	0.00643718
0.47	0.0226766	0.00732654
0.0422404	0.132392	0.325371
0.140838	0.210835	0.14833
0.17536	0.129804	0.194839
0.156372	0.120116	0.223514
0.0562943	0.158695	0.285014
0.0945755	0.0594372	0.34599
0.100848	0.294127	0.105039
0.00272018	0.496501	0.000780106
0.196531	0.149931	0.15354
0.0311076	0.0386816	0.430213
0.328578	0.168754	0.00267093
0.124827	0.190492	0.184683
0.0943394	0.393191	0.0124713
0.109442	0.331445	0.0591155
0.0389084	0.313863	0.147231
0.0280186	0.110857	0.361128
0.0343798	0.148612	0.317011
0.000941025	0.480931	0.0181315
0.058106	0.00181909	0.440078
0.0884534	0.109016	0.302535
0.413614	0.0780452	0.00834555
0.0842676	0.363535	0.0522
0.226811	0.134637	0.138561
0.333665	0.157921	0.00841568
0.0493744	0.44512	0.00550618
0.0405587	0.20213	0.257313
0.245806	0.179319	0.0748769
0.21716	0.144289	0.138561
0.0492917	0.142319	0.308398
0.124303	0.256734	0.118969
0.18946	0.0666842	0.243859
0.0389998	0.421218	0.0397858
0.141241	0.126257	0.232503
0.176725	0.0656443	0.257632
0.411217	0.0426474	0.046138
0.0216672	0.0122263	0.466109
0.16554	0.105331	0.229134
0.0403721	0.0673252	0.392308
0.119436	0.344391	0.0361831
0.193531	0.0290383	0.277437
0.0197578	0.0152993	0.464945
0.00979662	0.0515022	0.438703
0.175411	0.247023	0.077569
0.00187232	0.42997	0.0681612
0.336642	0.0530397	0.11032
0.0314564	0.128095	0.340452
0.0870854	0.223188	0.189748
0.00279194	0.1502	0.347017
0.366112	0.117852	0.0160559
0.294479	0.00412604	0.201402
0.319008	0.150984	0.0300109
0.213297	0.153432	0.133272
0.238747	0.0550985	0.206155
0.224036	0.258605	0.0173603
0.358053	0.0171253	0.124828
0.220311	0.146418	0.133272
0.0335989	0.0426048	0.423799
0.00750599	0.000339134	0.49216
0.0513102	0.107842	0.340848
0.000176282	0.0700632	0.42977
0.465086	0.0278791	0.00703757
0.147165	0.0905464	0.262298
0.310479	0.0336198	0.155902
0.0119986	0.17882	0.309189
0.0495642	0.00121545	0.449231
0.280434	0.182396	0.0371705
0.0134978	0.429677	0.0568273
0.49522	0	0.00478544
0.00685248	0.179544	0.313618
0.155139	0.316826	0.0280394
