3.74995e-33	6.12413e-17	1.00015
6.36025e-17	1.03871	9.92366e-285
1.33409e-17	6.11918e-17	1.02281
0.959655	0.203435	0.214948
0.379324	0.0796769	0.922522
0.317084	0.608137	0.739752
0.32356	0.0679637	0.945435
0.952516	0.283013	0.152114
0.542674	0.38393	0.754147
0.945891	0.224428	0.239501
0.346437	0.367128	0.867783
0.853971	0.180158	0.51126
0.204274	0.891945	0.408873
0.254615	0.966695	0.0531259
0.147035	0.957093	0.252091
0.198234	0.0877325	0.977897
0.66596	0.708083	0.253062
0.182459	0.0536711	0.984592
0.877517	0.189403	0.450001
0.519216	0.304375	0.808946
0.538157	0.303729	0.789096
0.624455	0.628712	0.504567
0.793245	0.597241	0.157189
0.106357	0.216059	0.9717
0.235726	0.498012	0.851081
0.742548	0.462754	0.487935
0.532289	0.71464	0.463662
0.978897	0.20611	0.0369516
0.212346	0.619192	0.757283
0.546417	0.83399	0.0870493
0.217504	0.951798	0.221253
0.500351	0.778813	0.388839
0.485926	0.882571	0.0202909
0.733656	0.485511	0.478097
0.651999	0.678334	0.352624
0.00360269	0.644178	0.777982
0.25336	0.867462	0.454446
0.984251	0.150433	0.101716
0.0294454	0.665217	0.755413
0.250418	0.788696	0.566435
0.686427	0.393951	0.618217
0.867836	0.467915	0.178696
0.64029	0.685305	0.370911
0.410678	0.816845	0.41687
0.976999	0.240055	0.00110718
0.91946	0.12104	0.404541
0.622945	0.660151	0.436939
0.549542	0.799773	0.24477
0.915366	0.4039	0.0301931
0.758836	0.632908	0.169557
0.51514	0.233907	0.826381
0.56078	0.159113	0.822076
0.295034	0.848114	0.468717
0.839995	0.440466	0.336045
0.0805433	0.166662	0.9936
0.0881487	0.254932	0.964943
0.879392	0.0274351	0.490415
0.657353	0.374161	0.683841
0.463714	0.13778	0.880353
0.68092	0.727885	0.145677
0.929295	0.347492	0.167962
0.417497	0.559401	0.722032
0.922422	0.0371858	0.393363
0.0538252	0.638912	0.76806
0.75063	0.0302603	0.663127
0.911815	0.274449	0.324285
0.774896	0.103889	0.628157
0.23316	0.676684	0.70143
0.354567	0.520523	0.783727
0.0518465	0.935616	0.366961
0.0443989	0.593276	0.81396
0.425545	0.0108413	0.909108
0.0708138	0.854989	0.522412
0.280327	0.92561	0.286253
0.895968	0.444445	0.0590264
0.458059	0.457484	0.762961
0.336775	0.887611	0.31903
0.162653	0.858532	0.50055
0.332799	0.877131	0.351683
0.310486	0.884131	0.379169
0.600196	0.599443	0.561649
0.384185	0.410684	0.838063
0.708996	0.141291	0.708641
0.509995	0.56729	0.657209
0.43679	0.00784089	0.904427
0.481634	0.806759	0.345191
0.693672	0.719885	0.0872813
0.16451	0.509191	0.846268
1.39057e-17	6.00838e-17	1.00718
0.843663	0.525769	0.116023
0.901634	0.426286	0.137089
0.208123	0.575286	0.798544
0.375981	0.0506036	0.932789
0.617452	0.65433	0.444371
0.718724	0.723623	0.0318608
0.499975	0.225688	0.837821
0.566969	0.762497	0.314388
0.128456	0.927194	0.37101
6.23593e-17	1.0184	7.78069e-206
0.173552	0.844785	0.528289
0.986209	0.0041544	0.227895
0.78967	0.605519	0.129965
0.610637	0.000613115	0.797058
0.270608	0.424833	0.865925
0.0397024	0.716464	0.715356
0.0595638	0.522671	0.858177
0.0979875	0.693831	0.727633
0.243331	0.290591	0.931916
0.222411	0.187325	0.959891
0.063717	0.991148	0.125341
0.662131	0.376881	0.677369
0.371869	0.111731	0.924705
0.821891	0.468939	0.338947
0.546089	0.6979	0.472003
0.603147	0.339388	0.724881
0.39646	0.720077	0.582835
0.780533	0.0129714	0.627202
0.0364286	0.841977	0.600123
0.227186	0.981625	4.28327e-184
0.369659	0.756436	0.543683
0.834897	0.552509	0.0125503
0.723112	0.690122	0.0938633
0.193634	0.813165	0.552453
0.617413	0.332498	0.72403
0.362444	0.540297	0.773873
0.189806	0.964691	0.188232
0.588649	0.451376	0.672645
0.596356	0.738167	0.318899
0.800349	0.229215	0.58303
0.0466029	0.820753	0.589772
0.15083	0.115723	0.984178
0.561967	0.745851	0.365783
0.235624	0.90649	0.36002
0.857627	0.328631	0.429243
0.300555	0.0514866	0.95349
0.114173	0.244841	0.966415
0.459843	0.061139	0.892749
0.429767	0.575842	0.696909
0.730571	0.310473	0.610016
0.91511	0.326924	0.260146
0.350506	0.741775	0.58171
0.969291	0.25957	0.0131418
0.589747	0.802897	0.11177
0.373431	0.581258	0.729091
0.740701	0.0978282	0.675481
0.534389	0.794952	0.305732
0.123768	0.734083	0.669289
0.0954049	0.910687	0.405451
0.998025	0.131383	1.82895e-141
0.420565	0.361347	0.838233
0.909993	0.35415	0.224547
0.0185557	0.767134	0.64245
0.928031	0.292296	0.276873
0.0149177	0.854115	0.527639
0.704106	0.430815	0.570714
0.0420923	0.612302	0.853185
0.16712	0.351776	0.927881
0.475072	0.0625397	0.884954
0.184882	0.535261	0.843908
0.887814	0.416866	0.209035
0.820064	0.157367	0.554399
0.9389	0.187107	0.293772
0.98816	0.157169	0.000771553
0.118493	0.374786	0.939007
0.00105386	1.01657	1.29197e-236
0.848332	0.528678	0.0621556
0.807171	0.585837	0.0910146
0.890059	0.418825	0.201926
0.494415	0.828166	0.269327
0.571793	0.772974	0.302684
0.476911	0.248977	0.848722
0.581598	0.578856	0.593084
0.367424	0.751861	0.553071
0.85806	0.490856	0.201052
0.860191	0.40477	0.331749
0.507028	0.315147	0.812854
0.450696	0.824626	0.34525
0.710851	0.136752	0.691447
0.489285	0.715806	0.518257
0.288518	0.861549	0.419967
0.443492	0.710724	0.553582
0.68662	0.482786	0.576295
0.0319436	0.721656	0.705018
0.466853	0.00769356	0.898574
0.969463	0.207582	0.19465
0.155387	0.921618	0.362395
0.403371	0.321951	0.867416
0.157845	0.971294	0.188395
0.0241953	1.00028	0.0142654
0.775935	0.123414	0.61967
0.401598	0.247546	0.886779
0.847737	0.432501	0.337185
0.765923	0.538547	0.418595
0.20505	0.84126	0.527267
0.875305	0.0970018	0.47681
4.77161e-17	3.92194e-17	1.00871
3.74995e-33	6.12413e-17	1.00015
0.0521547	0.73589	0.680373
0.414818	0.902914	0.122162
0.449432	0.831116	0.357568
0.814031	0.17343	0.575982
0.0625263	0.882231	0.469385
0.662675	0.478869	0.586084
0.251201	0.750613	0.614129
0.0585454	0.292594	0.958969
0.480608	0.0935324	0.873555
0.647339	0.519376	0.570055
0.523905	0.786551	0.333294
0.948526	0.210406	0.242645
0.455654	0.239503	0.857797
0.936179	0.315206	0.187991
0.331299	0.7266	0.604178
0.829189	0.407082	0.426726
0.0461955	0.69269	0.726491
0.845361	0.499924	0.254247
0.209255	0.869939	0.447776
0.927688	0.197603	0.327972
0.689967	0.707648	0.299486
0.108833	0.990175	0.0914728
0.74328	0.601123	0.341075
0.596518	0.803734	0.0641931
0.907357	0.4274	0.0496555
0.856332	0.514496	0.0848096
0.00911301	0.939635	0.350251
0.810398	0.272841	0.520498
0.465971	0.506455	0.742854
0.468614	0.135591	0.881224
0.529151	0.250229	0.815327
0.762411	0.539071	0.378622
0.877693	0.28673	0.421854
0.53799	0.846039	0.00336711
0.265884	0.0741526	0.968829
0.141556	0.413973	0.904957
0.163644	0.0830455	0.98385
0.227103	0.124225	0.966478
0.277475	0.954507	0.165795
0.181114	0.767754	0.619016
0.31657	0.954838	0.0355549
0.789803	0.380207	0.487525
0.992745	0.00870576	0.128433
0.0903257	0.911176	0.407643
0.377903	0.145127	0.916245
0.568911	0.106313	0.83144
0.920469	0.400397	0.077913
0.27914	0.658549	0.708277
0.897316	0.441069	0.0597017
0.509523	0.355125	0.784175
0.35828	0.794753	0.512375
0.440157	0.607672	0.664013
0.734493	0.350265	0.591867
0.530624	0.834455	0.199625
0.586722	0.810015	0.054207
0.609481	0.490043	0.654313
0.954404	0.123626	0.273939
0.33423	0.417852	0.847091
0.242901	0.584008	0.778825
0.728071	0.656164	0.209555
0.323005	0.947364	0.0397771
0.681562	0.22451	0.710575
0.698099	0.0407718	0.718424
0.226276	0.261433	0.946199
0.638371	0.461306	0.627621
0.881826	0.0610425	0.474989
0.654658	0.587517	0.49827
0.181749	0.149303	0.982174
0.709943	0.712858	0.0214555
0.670338	0.322697	0.670383
0.962752	0.0720645	0.262795
0.821852	0.561088	0.16981
0.922942	0.301512	0.24805
0.132491	0.592216	0.79764
0.0675027	0.975464	0.240165
0.862793	0.326002	0.395199
0.858505	0.435567	0.317094
0.9816	0.191032	0.0746248
0.223118	0.743534	0.673788
0.759265	0.385308	0.526348
0.516058	0.0214595	0.863143
0.0315608	0.928896	0.386557
0.591212	0.793492	0.151666
0.68159	0.743908	0.0964128
0.42487	0.905709	0.112918
0.635969	0.771773	0.0955626
0.70763	0.191531	0.692722
0.181144	0.158628	0.978396
0.562693	0.0344099	0.836565
0.246686	0.948839	0.219865
0.340997	0.130098	0.952136
0.616639	0.793289	0.013366
0.558067	0.335294	0.767516
0.773888	0.372546	0.536479
0.892081	0.164516	0.443665
0.62604	0.782671	0.00811493
0.409048	0.87539	0.304177
0.756159	0.649655	0.122563
0.14837	0.931539	0.344734
0.68078	0.0509581	0.731703
0.155819	0.696485	0.703823
0.371772	0.142772	0.928265
0.605832	0.278073	0.746279
0.125542	0.484199	0.868555
0.810938	0.12651	0.596966
0.17421	0.943959	0.320897
0.0743244	0.0377178	0.997194
0.970445	0.0566779	0.245874
0.986955	0.0597342	0.191497
0.968873	0.026483	0.277893
0.345145	0.181417	0.921397
0.0161798	0.447418	0.901241
0.0353828	0.35693	0.937747
0.601709	0.6335	0.510555
0.0704916	0.994619	0.106523
0.553533	0.818153	0.175077
0.00433705	0.629838	0.80173
0.320148	0.763563	0.562729
0.675542	0.00632648	0.756322
0.713498	0.344384	0.642097
0.577004	0.613575	0.614754
0.154784	0.430984	0.891262
0.841785	0.0642013	0.540518
0.563836	0.53369	0.632176
0.265165	0.913087	0.310702
0.865843	0.420039	0.289914
0.195856	0.982804	0.0129846
0.0900978	0.908878	0.413167
0.435844	0.160855	0.887829
0.992985	0.00420236	0.128461
0.796839	0.230561	0.562331
0.511171	0.36981	0.776865
0.772664	0.623573	0.181954
0.343555	0.720889	0.60418
0.588843	0.635446	0.50624
0.656019	0.527538	0.553919
0.0128314	0.53644	0.84556
0.889079	0.440048	0.138782
0.751891	0.674778	0.0748005
0.620186	0.226826	0.762363
0.74908	0.584198	0.368046
0.0687242	0.993117	0.150105
0.767274	0.029147	0.648689
0.363515	0.365008	0.865158
0.570688	0.71347	0.441161
0.347344	0.346592	0.874887
0.381632	0.645606	0.66372
0.876557	2.31498e-05	0.48772
0.097516	0.755953	0.648899
0.502293	0.111421	0.859799
0.189803	0.346511	0.920909
0.115362	0.247229	0.967165
0.716596	0.549819	0.434452
0.292302	0.944281	0.206152
0.139602	0.925067	0.36537
0.855239	0.328822	0.428413
0.625588	0.282987	0.738409
0.394364	0.0241162	0.926037
0.115377	0.109589	0.990921
0.273358	0.933074	0.267212
0.823682	0.575095	0.0557946
0.910019	0.427201	7.23141e-05
0.473677	0.545728	0.698854
0.0357344	0.988157	0.151555
0.300765	0.604948	0.737923
0.805652	0.591725	0.0724891
0.43218	0.555988	0.723473
0.840087	0.395415	0.3727
0.587702	0.801108	0.204002
0.696177	0.265607	0.694115
0.00624683	0.383444	0.934436
0.723103	0.695644	0.0368793
0.0990166	0.998848	1.59275e-292
0.42423	0.821121	0.383959
0.566165	0.391547	0.735279
0.122009	0.486703	0.868036
0.286525	0.840369	0.481761
0.0660479	0.962899	0.275509
0.73049	0.619588	0.320217
0.767851	0.0531528	0.642801
0.379305	0.841392	0.39281
0.42015	0.858189	0.301885
0.6659	0.611273	0.431253
0.78374	0.493169	0.384689
0.143888	0.671318	0.738354
0.64322	0.351841	0.69757
0.133617	0.117009	0.988233
0.283235	0.683322	0.675868
0.436283	0.497543	0.763945
0.544595	0.817613	0.228525
0.58207	0.622292	0.561939
0.290142	0.85879	0.459796
0.546546	0.178549	0.821472
0.608362	0.00328058	0.794954
4.76452e-17	4.00326e-17	1.01631
0.816616	0.577409	0.0670161
0.725379	0.317682	0.625163
0.0864784	0.726144	0.690087
0.239276	0.668032	0.705696
0.956924	0.328417	0.0510674
0.745225	0.425727	0.539879
0.80923	0.382823	0.469294
0.0147545	0.681019	0.75016
0.908245	0.19672	0.37999
0.805159	0.587808	0.193821
0.571991	0.399465	0.719313
0.402052	0.813865	0.430317
0.0764862	0.889844	0.482256
0.277892	0.130627	0.953274
0.371497	0.439688	0.833798
0.0377372	0.105358	0.994391
0.960075	0.313983	0.0124155
0.19502	0.804012	0.57418
0.396961	0.1901	0.904731
0.447902	0.263883	0.861856
0.138696	0.33345	0.935523
0.263702	0.457034	0.860345
0.293417	0.95119	0.0993208
0.923759	0.236721	0.323258
0.557254	0.827064	0.0895854
0.700797	0.596383	0.429591
0.00846951	0.390052	0.928185
0.00699132	0.655771	0.755632
0.0416865	0.81603	0.578028
0.94037	0.209242	0.271906
0.60382	0.742899	0.298205
0.120537	0.909674	0.418218
0.519237	0.37132	0.771783
0.0623035	0.870173	0.490772
0.786496	0.56387	0.271672
0.889891	0.282688	0.372201
0.33321	0.700559	0.638897
0.859931	0.000822322	0.526625
0.767541	0.617809	0.226882
0.610486	0.0717487	0.793754
0.252242	0.0428804	0.970457
0.679188	0.507881	0.566943
0.4909	0.488482	0.737963
0.670807	0.0138934	0.74336
0.778342	0.474903	0.438316
0.487902	0.348912	0.806557
0.110298	0.343562	0.941815
0.408746	0.702157	0.616875
0.788023	0.512846	0.34146
0.682919	0.138154	0.722427
0.318745	0.368097	0.88279
0.877192	0.150329	0.460403
0.6205	0.0212456	0.788636
0.836504	0.544053	0.0796343
0.85032	0.270118	0.458103
0.220489	0.959457	0.217372
0.791562	0.611417	0.0267749
0.20351	0.839014	0.517835
0.617005	0.420078	0.672206
0.0935598	0.862999	0.50129
0.711711	0.162359	0.70094
0.994902	0.0289882	0.103848
0.519613	0.690303	0.509719
0.214295	0.124684	0.974879
0.208417	0.453385	0.876832
0.757517	0.151992	0.640681
0.168082	0.96376	0.261655
0.417157	0.843558	0.399219
0.560958	0.0163445	0.830188
0.197363	0.873118	0.448311
0.628259	0.533866	0.58677
0.918843	0.44041	0.031378
0.946375	0.0684485	0.350522
0.125468	0.602869	0.804036
0.805821	0.0529663	0.599412
0.105727	0.975234	0.211251
0.598051	0.794184	0.133773
0.648916	0.556448	0.555342
0.139997	0.619336	0.776893
0.152547	0.120485	0.986274
0.971669	0.165181	0.181044
0.366086	0.175617	0.917572
0.548221	0.0304755	0.83768
0.366851	0.713493	0.603783
0.642262	0.168256	0.763447
0.159879	0.964934	0.251787
0.432044	0.85172	0.331325
0.533266	0.708441	0.471461
0.953707	1.77503e-08	0.305308
0.451386	0.0995124	0.897304
0.81466	0.595407	0.00679481
0.255929	0.966833	0.0403719
0.48067	0.881845	0.0800051
0.43241	0.000617994	0.907795
0.599416	0.795998	0.116904
0.425433	0.834585	0.389901
0.635621	0.752295	0.24076
0.868666	0.221045	0.451551
0.117187	0.246382	0.966701
0.377624	0.181152	0.910867
0.689263	0.504071	0.560268
0.537286	0.497747	0.696339
0.229251	0.846776	0.493692
0.329286	0.874536	0.361512
0.179492	0.662376	0.733153
0.731287	0.146729	0.680022
0.978376	0.191156	0.126145
0.931802	0.297828	0.23721
0.237728	0.156921	0.960197
0.19092	0.73258	0.664648
0.340855	0.942683	0.0010911
0.695134	0.0143972	0.732402
0.309333	0.961243	0.0972716
0.391238	0.841222	0.407485
0.0685391	0.916027	0.424639
0.782096	0.477194	0.412554
0.663187	0.485415	0.584921
0.449235	0.354816	0.825837
0.182464	0.551631	0.83619
0.501529	0.472265	0.734081
0.0322827	0.988118	0.1571
0.225753	0.83013	0.512813
0.149538	0.292151	0.948851
0.820956	0.531062	0.276525
0.323775	0.891989	0.335686
0.245894	0.962064	0.163517
0.929652	0.25052	0.313991
0.100768	0.948128	0.312149
0.272773	0.949871	0.169259
0.592198	0.796396	0.165267
0.0571313	0.867191	0.50513
0.835526	0.543761	0.0827101
0.419364	0.00789149	0.914352
0.579087	0.393594	0.716114
0.585584	0.418767	0.697002
0.781588	0.617315	0.138898
0.45477	0.834327	0.330496
0.424894	0.899374	0.148876
0.0485686	0.633891	0.783181
0.752173	0.162904	0.646754
0.4591	0.0358455	0.889577
0.174171	0.129783	0.983617
0.897317	0.468374	0.0332751
0.773917	0.644075	0.0880555
0.843185	0.311442	0.47663
0.511251	0.86467	0.0268902
0.996853	0.0812233	0
0.134272	0.262326	0.957892
0.868599	0.410909	0.287111
0.296775	0.919504	0.287034
0.016229	0.549515	0.83658
0.336288	0.938881	0.101297
0.988423	0.0549461	0.153906
0.524469	0.118375	0.846101
0.382903	0.77403	0.508123
0.684654	0.52358	0.553036
0.856035	0.485963	0.202558
0.603907	0.414652	0.7034
0.0446633	0.994135	0.111393
0.216364	0.256079	0.964123
0.885313	0.00078373	0.544653
0.622672	0.57017	0.553848
0.166153	0.735048	0.659721
0.739598	0.360143	0.585468
0.665316	0.442945	0.612026
0.964987	0.307175	0.0476778
0.923676	0.24891	0.322509
0.150368	0.610518	0.798669
0.0250694	0.0699911	0.998212
0.646208	0.196305	0.74857
0.0477063	0.622637	0.783552
0.716529	0.0767143	0.701044
0.905106	0.230318	0.376658
0.466633	0.878559	0.14952
0.943878	0.297332	0.180579
0.691537	0.447343	0.594272
0.357244	0.468439	0.81098
0.34758	0.462596	0.816653
0.196352	0.983317	0.0863693
0.00819265	0.924327	0.392133
0.827908	0.525224	0.27729
0.655775	0.145218	0.749275
0.158772	0.736864	0.667843
0.0971125	0.729841	0.685124
0.304089	0.287097	0.911662
0.71794	0.408199	0.569262
0.795517	0.172256	0.594748
0.506945	9.43519e-09	0.873368
0.465109	0.100767	0.888843
0.593813	0.790309	0.157687
0.0466626	0.785879	0.621507
0.460219	0.363491	0.821639
0.220648	0.7562	0.621879
0.75466	0.640368	0.146782
4.76452e-17	4.00326e-17	1.01631
1.0779e-30	6.1235e-17	1.00004
1.00002	0	0
0.676054	0.469121	0.571427
0.885145	0.453828	0.145483
0.49904	0.414186	0.772106
0.484761	0.352767	0.806968
0.826924	0.0241442	0.568854
0.927934	0.249014	0.285584
0.154431	0.739824	0.657475
0.63947	0.566279	0.534475
0.467797	0.204418	0.866223
0.723899	0.314519	0.620504
0.193506	0.67092	0.727067
0.647785	0.681927	0.341824
0.584206	0.368602	0.72818
0.847749	0.183001	0.503723
0.144487	0.700869	0.700629
0.562823	0.746215	0.366193
0.0843162	0.896995	0.438387
0.160219	0.647348	0.748613
0.443547	0.858619	0.314897
0.327521	0.713626	0.629234
0.689108	0.54869	0.485325
0.966013	0.0690007	0.259554
0.685828	0.526796	0.525349
0.00582951	0.264082	0.973759
0.0575385	0.880986	0.47546
0.938273	0.0417739	0.351099
0.402504	0.904758	0.161873
0.756663	0.540981	0.387772
0.0638351	0.844013	0.535659
0.954998	0.1794	0.251809
0.97704	0.19581	0.112169
0.0116255	0.331157	0.946207
0.558667	0.805547	0.292534
0.350568	0.0652996	0.936152
0.37462	0.911106	0.20262
0.0207435	0.21054	0.981373
0.996381	0.0491112	0.0994035
0.132946	0.308696	0.944682
0.340025	0.107824	0.936449
0.211878	0.444405	0.877161
0.177004	0.783766	0.598512
0.694483	0.390525	0.608515
0.190993	0.946358	0.300848
0.657852	0.691116	0.30645
0.87563	0.0352858	0.493056
0.433813	0.08138	0.898971
0.596143	0.496426	0.639573
0.793305	0.200389	0.58448
0.109678	0.757416	0.651421
0.357761	0.509517	0.823294
0.408447	0.869509	0.313023
0.392641	0.627461	0.676012
0.836405	0.418755	0.36647
0.449142	0.0904565	0.893549
0.286788	0.956122	0.114009
0.605368	0.434566	0.671235
0.381617	0.891173	0.271594
0.122134	0.0992545	0.989555
0.85048	0.497986	0.184139
0.98861	0.157519	0.0311134
0.767784	0.621512	0.22697
0.987365	0.186943	0.0255149
0.948126	0.296758	0.135779
0.335426	0.940792	0.0933102
0.679858	0.532771	0.518996
0.857232	0.40411	0.345629
0.296764	0.963864	0.100492
0.574079	0.827769	0.195671
0.0168472	0.989247	0.170318
0.657899	0.0216673	0.758012
0.166293	0.504927	0.851625
0.308961	0.214392	0.928018
0.0707794	0.767938	0.638464
0.943401	0.253165	0.216633
0.0337617	0.809387	0.595708
0.401523	0.22897	0.893235
0.285283	0.662418	0.715694
0.887897	0.244437	0.409298
0.667108	0.291513	0.691176
0.270306	0.925484	0.282158
0.520757	0.855167	0.0328031
0.319073	0.885544	0.399829
0.962446	0.276501	0.0137406
0.0905513	0.92473	0.377348
0.709906	0.55987	0.448536
0.242161	0.978426	0.0123908
0.867398	0.0333301	0.514742
0.415296	0.865505	0.295591
0.533169	0.168121	0.838477
0.380828	0.519578	0.767192
0.912993	0.00256054	0.417065
0.772973	0.636947	0.0397441
0.430982	0.907963	0.0648495
0.764382	0.632912	0.173546
0.0377883	0.522368	0.859291
0.13986	0.974659	0.221568
0.623167	0.115446	0.775627
0.81129	0.222249	0.556057
0.0569777	0.837678	0.560709
0.524445	0.797713	0.328845
0.652997	0.686015	0.326116
0.0464545	0.490771	0.872014
0.660028	0.538048	0.541639
0.260492	0.152	0.95442
0.362496	0.860881	0.370327
0.784137	0.629817	0.0153062
0.631328	0.664603	0.402881
0.65339	0.284724	0.709898
0.0279733	0.118124	0.997119
0.743224	0.322915	0.593355
0.518003	0.856118	0.045648
0.897785	0.16174	0.436272
0.816093	0.0156639	0.596844
0.169226	0.586736	0.797771
0.616988	0.428135	0.661542
0.458989	0.880028	0.156853
0.61304	0.304505	0.73198
0.865389	0.537341	0.0564187
0.28244	0.966925	0.00249116
0.00113743	0.265623	0.966541
0.129217	0.520983	0.859896
0.187564	0.528244	0.835995
0.576337	0.81894	0.000870341
0.0172097	0.179278	0.986457
0.0521211	0.997123	0.130783
0.975559	0.170951	0.192108
0.473733	0.475516	0.752624
0.417508	0.476592	0.790107
0.738002	0.239307	0.642305
0.735534	0.133631	0.66657
0.752389	0.511991	0.420542
0.65132	0.684253	0.332951
0.950255	0.297424	0.121053
0.394637	0.908703	0.150568
0.179364	0.372555	0.916427
0.454507	0.148861	0.882504
0.0807396	0.723266	0.701202
0.548962	0.343048	0.768878
0.985921	0.196457	0.025525
0.237308	0.95882	0.172416
0.802466	0.350662	0.489356
0.476127	0.473866	0.741781
0.82089	0.514475	0.27139
0.909515	0.362113	0.256896
0.284651	0.123292	0.956917
0.740593	0.65173	0.181015
0.873453	0.273385	0.410786
0.347871	0.582447	0.738916
0.948337	0.00265967	0.329846
0.608006	0.613169	0.510198
0.199987	0.95807	0.211912
0.599669	0.113539	0.799687
0.0291633	0.6031	0.805913
0.815861	0.555182	0.180119
0.912129	0.398582	0.124549
0.106864	0.0581683	0.99941
0.506953	0.800325	0.345508
0.543709	0.322136	0.784231
0.451711	0.641855	0.633027
0.182066	0.87608	0.466778
0.6083	0.432455	0.684669
0.31861	0.126851	0.949138
0.426923	0.0540583	0.907516
0.244745	0.718559	0.698168
0.805626	0.405449	0.457649
0.841209	0.488069	0.240738
0.173839	0.149904	0.978882
0.536034	0.838616	0.105104
0.11907	0.546281	0.830615
0.65591	0.395542	0.64867
0.422538	0.658856	0.62724
0.895757	0.00192914	0.463952
0.306062	0.945796	0.123962
0.748333	0.509231	0.430217
0.365907	0.823716	0.457359
0.230178	0.570682	0.789117
0.0754734	0.994313	0.0828893
0.205447	0.540106	0.817903
0.263883	0.928851	0.282584
0.398736	0.637202	0.662153
0.208932	0.973782	0.105172
0.705987	0.422901	0.571229
0.896253	0.448719	0.0872283
0.386152	0.215815	0.904639
0.290663	0.144379	0.948494
0.717183	0.581076	0.395898
0.701603	0.381089	0.609787
0.842308	0.488707	0.234904
0.245153	0.578867	0.780092
0.882022	0.236755	0.427905
0.664415	0.133156	0.738629
0.202403	0.597628	0.783408
0.540158	0.788349	0.361208
6.03636e-17	1.05429e-17	1.00074
0.00273582	1.01039	6.81989e-08
0.419821	0.604329	0.679213
0.0751239	0.990178	0.135724
0.744849	0.411622	0.531318
0.701876	0.561352	0.441774
0.493597	0.523201	0.696304
0.932855	0.361398	0.0295325
0.0501241	0.973777	0.244215
0.813932	0.547073	0.284774
0.758782	0.538907	0.369315
0.914895	0.367206	0.210351
0.356041	0.618444	0.708369
0.403114	0.906592	0.167103
0.679607	0.0441378	0.738007
0.253206	0.569454	0.789015
0.867432	0.495437	0.0606922
0.825965	0.447571	0.350017
0.122635	0.981524	0.203312
0.657929	0.761174	0.002642
0.452132	0.00319475	0.90287
0.0192366	0.202367	0.985254
0.172415	0.94947	0.263762
0.9799	0.137876	0.152326
0.263791	0.964329	0.0777382
0.954455	0.188631	0.27825
0.989037	0.0278575	0.154393
0.179083	0.353266	0.923599
0.0394374	0.704615	0.716504
0.47845	0.873829	0.11458
0.596001	0.693185	0.417677
0.479081	0.870123	0.119359
0.278647	0.0303627	0.96436
0.399603	0.172547	0.914304
0.50595	0.733055	0.46058
0.105246	0.438294	0.8946
0.710894	0.322069	0.639262
0.643981	0.421433	0.647809
0.270001	0.922295	0.313107
0.896149	0.460348	0.084375
0.188311	0.974832	0.139519
0.322911	0.0700326	0.945375
0.802355	0.430644	0.424508
0.523179	0.17381	0.839479
0.991351	0.0956673	0.147091
0.669525	0.0420542	0.746091
0.723158	0.230668	0.651994
0.928071	0.378545	0.0387965
0.104006	0.829455	0.551551
0.39111	0.529228	0.760322
0.615892	0.0595969	0.791773
0.288323	0.57233	0.77521
0.129871	0.715187	0.687956
0.517618	0.123276	0.847118
0.529763	0.0530135	0.847618
0.0150658	0.158491	0.996563
0.34738	0.80169	0.503174
0.752763	0.264678	0.616976
0.627959	0.34031	0.708956
0.63744	0.0267521	0.774237
0.822586	0.46729	0.352481
0.587278	0.141532	0.798813
0.862006	0.333356	0.389691
0.204488	0.296979	0.934763
0.292572	0.885614	0.383143
0.875211	0.487712	0.106998
0.0239378	0.481621	0.879159
0.588975	0.471055	0.670208
0.332135	0.0720332	0.941864
0.246831	0.626817	0.74167
0.467657	0.865025	0.189499
0.779997	0.154152	0.623977
0.764618	0.254569	0.594155
0.582774	0.651826	0.491373
0.489593	0.880349	0.015548
0.589291	0.746017	0.32035
0.344849	0.107871	0.936721
0.845976	0.274656	0.46939
0.691118	0.717431	0.102793
0.233108	0.0848952	0.979352
0.770405	0.437839	0.474999
0.160683	0.669226	0.734214
0.333865	0.373425	0.885129
0.775287	0.476083	0.437344
0.227863	0.0116492	0.982113
0.3009	0.489211	0.828187
0.92642	0.401371	0.0548861
0.364242	0.917097	0.216064
0.317648	0.952318	0.0214902
0.045671	0.99951	0.0672932
0.100872	0.812188	0.57721
0.215756	0.868075	0.455929
0.786111	0.549512	0.288377
0.532037	0.817717	0.236379
0.133774	0.520898	0.853569
0.443683	0.821024	0.383368
0.73821	0.00364247	0.68496
0.371449	0.732025	0.574568
0.410089	0.595574	0.695146
0.959775	0.186958	0.223497
0.335731	0.454292	0.827625
0.426244	0.911248	0.0977681
0.0390404	0.712136	0.724106
0.431502	0.879524	0.22808
0.849834	0.485386	0.23601
0.900884	0.315086	0.307311
0.698074	0.505429	0.517228
0.636458	0.69627	0.393809
0.600788	0.235235	0.781971
0.756512	0.389203	0.531694
0.782686	0.554802	0.300097
0.239215	0.953119	0.196565
0.113264	0.996863	0.0123623
0.908787	0.200014	0.376367
0.517997	0.116397	0.855059
0.481871	0.150493	0.866064
0.567735	0.656825	0.497933
0.275007	0.774274	0.589673
0.623285	0.337438	0.719599
0.578277	0.645008	0.517196
0.542291	0.197496	0.832629
0.837331	0.453062	0.322432
0.318793	0.886116	0.340186
0.438625	0.23768	0.868739
0.816197	0.223286	0.545045
0.165005	0.759492	0.630688
0.945491	0.0151493	0.405211
0.508285	0.301871	0.82048
0.646785	0.751921	0.177918
0.687545	0.390748	0.617885
0.16909	0.767878	0.62119
0.562612	0.62796	0.55487
0.876703	0.135147	0.466068
0.0262645	0.290535	0.970927
0.483926	0.0189546	0.876557
0.308965	0.817355	0.507715
0.403919	0.273216	0.889058
0.210222	0.639906	0.744355
0.760709	0.0319254	0.65399
0.97247	0.112229	0.218662
0.424586	0.785685	0.482666
0.611408	0.223244	0.763164
0.388795	0.852607	0.361256
0.890915	0.177668	0.435528
0.769393	0.403128	0.503596
0.141713	0.724612	0.681453
0.413534	0.508695	0.757447
0.0449381	0.972125	0.260061
0.312646	0.508309	0.80282
0.837606	0.514351	0.305029
0.341148	0.85895	0.389705
0.831237	0.563855	0.0984984
0.57884	0.621376	0.540833
0.260795	0.643242	0.723967
0.54042	0.664818	0.534707
0.910188	0.195139	0.376503
0.732644	0.378533	0.56987
0.716837	0.280673	0.660569
0.615899	0.719706	0.331191
0.241292	0.939555	0.253334
0.456622	0.260755	0.853789
0.150088	0.633535	0.779743
0.343604	0.738836	0.604448
0.00794709	0.776076	0.635273
0.186854	0.96729	0.186745
0.382387	0.426802	0.831962
0.264461	0.966776	0.0122174
0.432498	0.86757	0.252557
0.308965	0.769826	0.563605
0.80036	0.0484186	0.60579
0.571513	0.661196	0.497856
0.817293	0.15992	0.554157
0.855184	0.0810597	0.524305
0.235125	0.930069	0.314357
0.794876	0.585653	0.177122
0.965327	0.18804	0.197842
0.893026	0.307455	0.342991
0.510681	0.676052	0.564172
0.561843	0.219986	0.809463
0.584748	0.76001	0.294149
0.717188	0.214695	0.665281
0.997583	0.0939754	0.0822586
0.118136	0.906437	0.418075
0.734184	0.347124	0.584937
0.549049	0.816743	0.189651
0.945974	0.133102	0.301453
0.855554	0.0810947	0.523944
0.0335561	0.911564	0.429389
0.262989	0.839663	0.484863
0.894632	0.312899	0.328297
0.665621	0.245514	0.752786
0.0929026	0.181879	0.980383
0.064125	0.23154	0.972413
3.22098e-17	5.25435e-17	1.0065
3.74979e-33	6.12387e-17	1.0001
0.224807	0.195416	0.95856
0.0338202	0.20621	0.982311
0.546106	0.599166	0.586716
0.209072	0.937274	0.28424
0.788575	0.0494289	0.616576
0.524001	0.659378	0.541239
0.831932	0.43227	0.360305
0.877656	0.480047	0.117684
0.167528	0.442687	0.91098
0.749449	0.286674	0.598006
0.951896	0.198341	0.260663
0.955702	0.22948	0.208488
0.939774	0.355401	0.00234008
0.186553	0.54661	0.820091
0.541183	0.377918	0.756755
0.666983	0.491859	0.576677
0.756616	0.0663404	0.652202
0.443153	0.895704	0.199922
0.402861	0.526359	0.75685
0.903797	0.404926	0.164144
0.801738	0.122604	0.591197
0.858719	0.222506	0.49943
0.965363	0.133936	0.252961
0.217358	0.755135	0.622776
0.252812	0.277648	0.943372
0.590924	0.782152	0.23533
0.613301	0.806211	0.00949971
0.0508088	0.39927	0.927869
0.106103	0.873967	0.486222
0.925795	0.322024	0.23204
0.30888	0.952395	0.0419813
0.555797	0.607958	0.568164
0.235942	0.472078	0.854826
0.66492	0.72619	0.18251
0.849995	0.515639	0.123184
0.363363	0.793738	0.497062
0.99775	0.0874832	0.0151944
0.357057	0.425734	0.83657
0.578986	0.806046	0.156822
0.973863	0.251573	0.0240323
0.169247	0.650806	0.746867
0.190038	0.0754795	0.98159
0.595765	0.668315	0.463913
0.913782	0.416202	0.0801865
0.567665	0.833037	0.0986767
0.0434157	0.262485	0.973282
0.809852	0.565508	0.179371
0.919614	0.343207	0.23937
0.0895165	0.00535623	0.997033
0.523295	0.749569	0.407315
0.606109	0.0379917	0.79725
0.418708	0.584203	0.712105
0.924944	0.386633	0.00493858
0.0640536	0.918627	0.410806
0.824292	0.454227	0.35217
0.334441	0.940847	0.0698839
0.351358	0.928449	0.256438
0.863719	6.34614e-09	0.524519
0.775075	0.445049	0.459415
0.766173	0.62038	0.176486
0.0786121	0.0914018	0.995866
0.456557	0.888652	0.0977965
0.746711	0.613005	0.377709
0.280411	0.475564	0.844856
0.633149	0.239619	0.742764
0.479308	0.800279	0.392865
0.180537	0.859275	0.482257
0.379833	0.502678	0.781705
0.894611	0.340836	0.321009
0.686424	0.027122	0.73088
0.861529	0.348978	0.424283
0.121735	0.773758	0.629095
0.839728	0.185365	0.514721
0.468031	0.0605857	0.896941
0.136652	0.826177	0.551268
0.706507	0.170816	0.692091
0.7725	0.642292	0.0167617
0.485627	0.635748	0.605664
0.24888	0.471389	0.86341
0.124283	0.988229	0.143326
0.295268	0.242341	0.934191
0.0599373	0.840639	0.543296
0.58807	0.099167	0.806128
0.46358	0.83578	0.333742
0.51273	0.623421	0.594825
0.135647	0.876165	0.470053
0.637418	0.728126	0.275371
0.27376	0.0104761	0.975862
0.532733	0.846611	0.0513011
0.100449	0.827397	0.562459
0.111504	0.698185	0.709507
0.907414	0.0315184	0.429739
0.992926	0.0467904	0.123439
0.722191	0.177158	0.681045
0.676169	0.595327	0.438066
0.740195	0.107642	0.668386
0.371905	0.698095	0.630904
0.985056	0.156651	0.132642
0.17992	0.071461	0.984233
0.388243	0.520705	0.776941
0.337351	0.362773	0.870935
0.319172	0.897891	0.308195
0.817841	0.44733	0.379316
0.707163	0.169543	0.692415
0.55771	0.0333706	0.830502
0.434297	0.815087	0.388962
0.32908	0.741572	0.59138
0.174952	0.672257	0.723852
0.889998	0.329642	0.34455
0.48773	0.719783	0.506762
0.67167	0.73693	0.105043
0.130303	0.84315	0.530892
0.5959	0.0235452	0.80563
0.475659	0.630581	0.63464
0.633722	0.743904	0.2193
0.821684	0.31548	0.503817
0.160134	0.968148	0.20299
0.199286	0.390576	0.913375
0.142879	0.908147	0.404604
0.563769	0.679173	0.506522
0.285512	0.578364	0.780269
0.726457	0.50675	0.469595
0.652098	0.757574	0.130462
0.00903991	0.863314	0.517401
0.129661	0.986332	0.143154
0.669663	0.0407431	0.749542
0.759348	0.182332	0.6392
0.237397	0.912201	0.346459
0.829263	0.335813	0.460339
0.0212074	0.973212	0.237394
0.586027	0.68137	0.445767
0.0300647	0.964544	0.292985
0.345112	0.622195	0.720434
0.662712	0.352454	0.666717
0.04989	0.301628	0.956205
0.365121	0.538237	0.767065
0.882512	0.464327	0.117314
0.415879	0.860817	0.309907
0.642163	0.719637	0.278152
0.14788	0.980396	0.16069
0.988246	0.14174	0.135176
0.298728	0.606634	0.741912
0.24903	0.273495	0.944306
0.98822	0.0558837	0.211531
0.315709	0.820114	0.510322
0.016809	0.713445	0.717416
0.497217	0.114013	0.86966
0.255552	0.17645	0.971295
0.910382	6.81801e-155	0.415545
0.271041	0.553313	0.800481
0.886272	0.338563	0.344424
0.51133	0.711763	0.492687
0.897648	0.116797	0.444058
0.461308	0.175679	0.886115
0.762267	0.536438	0.42546
0.0857889	0.706639	0.708584
0.423688	0.582667	0.695902
0.638761	0.742684	0.222189
0.838567	0.305173	0.453711
0.005314	0.690209	0.734359
0.602306	0.796302	0.0700933
0.858832	0.521742	0.0566858
0.102372	0.404035	0.916358
0.758639	0.116071	0.647448
0.448194	0.593234	0.68037
0.288501	0.962855	0.0631574
0.619958	0.363649	0.70187
0.290785	0.371175	0.89614
0.626222	0.0135355	0.78613
0.505527	0.152145	0.850666
0.393545	0.770057	0.510729
0.449461	0.880888	0.200445
0.929199	0.310309	0.232851
0.621474	0.567556	0.574354
0.400089	0.764625	0.51853
0.738467	0.0974977	0.681621
0.270277	0.487277	0.841093
0.308056	0.902622	0.322583
0.84408	0.448913	0.306399
0.700508	0.266773	0.664038
0.737907	0.102378	0.67551
0.722772	0.423956	0.556622
0.0258022	0.155997	0.990059
0.377471	0.926974	2.20277e-09
0.654134	0.760558	6.12714e-06
0.887197	0.470582	0.0894739
0.382772	0.412281	0.827708
0.402582	0.267133	0.879192
0.673493	0.0106313	0.769115
0.432137	0.16457	0.899907
1.0779e-30	6.1235e-17	1.00004
6.12492e-17	1.00028	0
6.41232e-17	3.81951e-18	1.04907
0.695337	0.510513	0.524882
3.22098e-17	5.25435e-17	1.0065
0.27226	0.962132	0.0698281
0.902473	0.405059	0.156749
0.375319	0.481579	0.799204
0.108407	0.256504	0.963972
0.392764	0.926731	0.0827316
0.746263	0.0243513	0.676729
0.356997	0.928118	0.117665
0.918038	0.114248	0.382116
0.397436	0.103285	0.91528
0.591743	0.128413	0.812482
0.288722	0.415452	0.885095
0.711857	0.0733583	0.708665
0.315249	0.900915	0.3163
0.641849	0.38466	0.664703
0.258702	0.056056	0.966434
0.204875	0.767084	0.617717
0.326396	0.833337	0.461097
0.635417	0.741086	0.327812
0.649069	0.422376	0.63552
0.900654	0.0794145	0.429034
0.300989	0.534952	0.789648
0.0635896	0.521672	0.853449
0.175043	0.941748	0.289423
0.436077	0.0944899	0.897609
0.339712	0.124817	0.934088
0.956186	0.0308168	0.296583
0.988728	0.0357627	0.148913
0.347165	0.393681	0.85838
0.606119	0.556489	0.569205
0.659944	0.748369	0.134122
0.839691	0.311043	0.451809
0.224571	0.377627	0.907666
0.209968	0.0858961	0.975654
0.506756	0.643529	0.587042
0.134444	0.816139	0.563078
0.801355	0.143891	0.601669
0.115968	0.280163	0.957649
0.968583	0.202989	0.176077
0.0867282	0.0132516	0.996784
0.189571	0.443126	0.878347
0.841753	0.463538	0.304519
0.481957	0.734535	0.488462
0.927252	0.266185	0.272362
0.177341	0.663836	0.727812
0.650944	0.766742	0.0586318
0.0602799	0.361162	0.93266
0.0574442	0.95836	0.283741
0.724113	0.637552	0.291294
0.733346	0.276156	0.63941
0.600159	0.549905	0.58338
0.824927	0.468607	0.320409
0.530226	0.8081	0.266221
0.978308	0.212648	0.0154049
0.0131121	0.529444	0.860064
0.477036	0.24272	0.84733
0.202424	0.651178	0.737648
1.5167e-14	0.289095	0.970062
0.0270571	0.190168	0.983127
0.565192	0.363816	0.742885
0.118663	0.948463	0.313241
0.88605	0.390418	0.25495
0.951565	0.232179	0.214276
0.0423038	0.705767	0.707606
0.213673	0.0421804	0.985835
0.875292	0.173466	0.472976
0.492322	0.883291	0.203774
0.880147	0.191463	0.456406
0.484677	0.457081	0.753361
0.752087	0.63978	0.176513
0.624048	0.783334	0.0354525
0.788294	0.217317	0.577499
0.967312	0.270831	0.0243507
0.93231	0.345321	0.165916
0.7785	0.398388	0.505462
0.282177	0.907922	0.338568
0.243615	0.770623	0.598006
0.385042	0.218743	0.900788
0.618011	0.232725	0.766219
0.140119	0.0395776	0.989731
0.831686	1.30823e-189	0.593215
0.284337	0.158891	0.94887
0.442286	0.237037	0.870544
0.496706	0.6181	0.612639
0.463099	0.451752	0.77493
0.942135	0.326609	0.101691
0.198141	0.608665	0.770794
0.679965	0.623029	0.388411
0.741068	0.675041	0.0239021
0.250574	0.049659	0.978401
0.602875	0.790802	0.113348
0.55943	0.746357	0.377525
0.236217	0.299972	0.942216
0.0441281	0.864486	0.509075
0.513011	0.359484	0.78279
0.583629	0.737698	0.370239
0.519286	0.714811	0.477794
0.783271	0.353965	0.53634
0.660224	0.0180004	0.76297
0.869438	0.24238	0.438198
0.761326	0.269283	0.59932
0.767852	0.538059	0.349004
0.819649	0.529065	0.225582
0.144496	0.971192	0.196442
0.632154	0.596203	0.502247
0.238794	0.619391	0.749292
0.394778	0.931482	0.0322524
0.536156	0.848957	0.122868
0.735112	0.586252	0.356369
0.859985	0.322402	0.445889
0.0488666	0.578937	0.821263
0.654391	0.392176	0.647563
0.721065	0.70257	0.0525354
0.432012	0.621636	0.657328
0.535362	0.320012	0.783342
0.643504	0.59114	0.505055
0.845749	0.478826	0.238799
0.571144	0.44738	0.696683
0.992652	0.19891	0.00790921
0.261668	0.0518575	0.973925
0.0659141	0.983664	0.230049
0.180117	0.983252	0.0444234
0.76688	0.540992	0.360927
0.122335	0.859821	0.51139
0.201729	0.973908	0.146275
0.650539	0.761485	0.11211
0.576413	0.728576	0.397355
0.766141	0.180845	0.651983
0.551761	0.155849	0.819942
0.147948	0.435437	0.888442
0.08119	0.876146	0.476733
0.676747	0.165901	0.72074
0.52498	0.856394	0.0426666
0.626602	0.153968	0.808613
0.456145	0.896417	0.0019191
0.0357416	0.638495	0.77006
0.0392599	0.880579	0.482119
0.337847	0.245818	0.910583
0.994001	0.102434	0.0939888
0.812672	0.583949	0.028352
0.538396	0.296485	0.792377
0.900777	0.420729	0.145385
0.807065	0.427379	0.410149
0.553716	0.79676	0.249959
0.950428	0.18638	0.258755
0.180623	0.988357	0.0428052
0.329054	0.149537	0.940015
0.451554	0.679627	0.581999
0.976945	0.215725	0.0149246
0.246504	0.958894	0.157785
0.170445	0.917008	0.365184
0.939566	0.352236	0.0283085
0.921785	0.110791	0.380695
0.680238	0.165976	0.717111
0.148713	0.533956	0.840695
0.867272	0.37411	0.38139
0.379931	0.854983	0.393239
0.0992243	0.917141	0.386872
0.500997	0.489605	0.714931
0.469655	0.442136	0.772631
0.58019	0.744451	0.346048
0.465909	0.642055	0.610522
0.0178956	0.870474	0.49514
0.573806	0.80339	0.197208
0.420093	0.826263	0.389593
0.164233	0.841083	0.515997
0.801551	0.295009	0.553008
0.244749	0.684833	0.691983
0.161553	0.669674	0.730604
0.715674	0.26706	0.650796
0.228042	0.0451936	0.982956
0.308057	0.290517	0.911556
0.327389	0.381834	0.872576
0.277362	0.576905	0.770809
0.618839	0.601082	0.520094
0.72722	0.673696	0.248003
0.73045	0.572165	0.373337
0.545971	0.355286	0.761197
0.229993	0.860924	0.464885
0.801114	0.561367	0.212098
0.414094	0.184837	0.891805
0.0676467	0.559759	0.830102
0.659186	0.753086	0.0984413
0.0959986	0.226919	0.970696
0.806679	0.427175	0.418195
0.882362	0.388793	0.270151
0.944742	0.336497	0.00924974
0.81804	0.485573	0.311966
0.112494	0.720138	0.684934
0.479644	0.264131	0.840229
0.267502	0.816458	0.51215
2.4301e-17	6.01791e-17	1.0599
1.00001	0	0
4.02816e-06	1.01106	2.99672e-17
0.594381	0.191025	0.787621
0.304905	0.95536	0.040728
0.0403328	0.992849	0.13449
0.070019	0.242557	0.976166
4.60805e-17	4.47162e-17	1.04863
0.973702	0.0435416	0.232747
0.390477	0.298246	0.878745
0.85111	0.288457	0.466286
0.45743	0.0370369	0.897956
0.572499	0.823684	0.00581686
0.461391	0.647624	0.614966
0.621648	0.263871	0.750299
0.908945	0.311273	0.30487
0.945217	0.325129	0.10887
0.197499	0.849623	0.506292
0.082274	0.387674	0.918753
0.823181	0.411268	0.41176
0.895425	0.449751	0.0479464
0.537997	0.207439	0.823716
0.491862	0.154647	0.864404
0.444794	0.639948	0.636123
0.808791	0.00878704	0.598177
0.202494	0.980298	0.0728351
4.78081e-17	3.99982e-17	1.01798
0.79081	0.0606711	0.640903
0.71904	0.655756	0.244931
0.422869	0.229431	0.887879
0.510158	0.431825	0.746315
0.530893	0.349047	0.777038
0.0198708	1.00378	3e-16
0.382457	0.887364	0.263698
0.372641	0.738312	0.580651
0.615339	0.703837	0.398563
0.356265	0.618805	0.711545
0.692655	0.447717	0.571654
0.133499	0.710679	0.693741
0.739221	0.475945	0.483352
0.731841	0.68403	0.0263605
0.769611	0.117731	0.650077
0.256392	0.816144	0.519279
0.0464756	0.7324	0.683176
0.0306159	0.870456	0.540931
0.686313	0.750942	0.0772358
0.510916	0.860148	0.0542648
0.0997793	0.531781	0.849321
0.755865	0.279209	0.594694
0.82794	0.064489	0.563281
0.130264	0.7735	0.631879
0.843484	0.517522	0.163838
0.924849	0.39257	0.0593834
0.0619858	0.329979	0.943649
0.181026	0.720695	0.67676
0.774584	0.564362	0.329619
0.500559	0.169263	0.85245
0.669776	0.629448	0.404311
0.696223	0.101047	0.719226
0.682244	0.440987	0.589013
0.282941	0.559959	0.807705
0.330258	0.945691	0.0268848
0.65559	0.226982	0.729628
0.608657	0.708494	0.398197
0.314138	0.952901	0.0337949
0.190508	0.692069	0.698686
0.726194	0.0330627	0.724427
0.110781	0.971474	0.220737
0.686748	0.259766	0.701456
0.801837	0.456303	0.390392
0.630946	0.575415	0.528118
0.817459	0.50535	0.295139
0.289398	0.0909898	0.961861
0.614221	0.0178038	0.812497
0.202801	0.379451	0.905237
0.964592	0.074941	0.27212
0.888322	0.402555	0.239016
0.141567	0.603464	0.791432
0.432186	0.36008	0.848581
0.520363	0.605717	0.622575
0.642173	0.0477069	0.772413
0.886827	0.311906	0.343261
0.078863	0.392613	0.928216
0.105794	0.900773	0.43344
0.41713	0.909078	0.119923
0.321853	0.927441	0.216162
0.408628	0.212941	0.901585
0.474484	0.800251	0.36999
0.524038	0.669992	0.536452
0.833408	0.507478	0.253598
0.650844	0.59412	0.47642
0.209594	0.977885	0.116783
0.240042	0.970345	0.1573
0.00561097	0.895431	0.454011
0.261156	0.197015	0.950259
0.862562	0.515812	0.0186887
0.87764	0.0529243	0.482374
0.528881	0.166286	0.855481
0.921339	0.368037	0.147246
0.42008	0.403797	0.832043
0.952417	0.314796	1.4467e-144
0.74267	0.105464	0.662401
0.670494	0.467425	0.592502
0.250653	0.339193	0.912369
0.233007	0.181	0.956368
0.600722	0.768007	0.252446
0.144093	0.58946	0.797564
0.0568435	0.913512	0.404794
0.522037	0.183549	0.844271
0.480455	0.875529	0.0980073
0.700831	0.553672	0.472928
0.996242	0.0799273	0.0842367
0.901188	0.308616	0.314035
0.673473	0.59958	0.448888
0.567733	0.321309	0.760947
0.871569	0.0513459	0.500221
0.27055	0.894319	0.369474
0.213272	0.160891	0.973243
0.637455	0.235469	0.737705
0.715086	0.645464	0.283914
0.514506	0.799333	0.321615
0.114457	0.507	0.862439
0.645024	0.614156	0.493971
0.784725	0.0727668	0.628257
0.763225	0.640574	0.127019
0.665761	0.494037	0.574365
0.164051	0.356649	0.920353
0.855137	0.274387	0.467525
0.0655658	0.867392	0.498854
0.529193	0.761738	0.392706
0.246737	0.957492	0.172448
0.545669	0.806151	0.265778
0.725304	0.0692708	0.689252
0.637652	0.21562	0.743126
0.966908	0.145549	0.251028
0.932786	0.07247	0.36233
0.836983	0.00696289	0.54878
0.46164	0.39777	0.80092
0.429313	0.88055	0.20828
0.325596	0.938227	0.204496
0.559627	0.498225	0.673026
0.205628	0.303776	0.93842
0.71243	0.0948949	0.716218
0.631303	0.340949	0.698372
0.478691	0.436972	0.766421
0.186912	0.878325	0.447043
0.658711	0.620549	0.449889
0.0805027	0.963458	0.29691
0.438535	0.355415	0.851513
0.983617	0.130334	0.147182
0.804229	0.480476	0.354801
0.802842	0.539	0.332583
0.398131	0.863203	0.321611
0.743879	0.00686424	0.669909
0.441485	0.584448	0.687569
0.485409	0.678539	0.558124
0.564496	0.812554	0.180517
0.466531	0.543056	0.713438
0.652832	0.74706	0.137836
0.378228	0.843808	0.386788
0.374278	0.730904	0.579024
0.932007	0.089509	0.365428
0.763431	0.0188246	0.663688
0.878854	0.437979	0.198871
0.379294	0.122305	0.92132
0.628521	0.778756	0.0283295
0.79494	0.581402	0.21196
0.638583	0.749036	0.188612
0.176946	0.68666	0.732987
0.948	0.322	0.109047
0.394672	0.877251	0.310565
0.151554	0.034233	0.988076
0.496495	0.862374	0.169447
0.668841	0.106408	0.75487
0.327674	0.14849	0.934493
0.254046	0.796003	0.553872
0.992059	0.139583	0.0293879
0.274737	0.846552	0.471269
0.559445	0.785699	0.278668
0.193369	0.974067	0.156783
0.749713	0.666722	0.000291792
0.230324	0.131071	0.966326
0.708681	0.662203	0.252855
0.670409	0.61027	0.425423
0.83222	0.48989	0.271073
0.705352	0.525485	0.490717
0.224467	0.135828	0.96768
0.999358	0.000791479	0.0842295
0.150766	0.918899	0.375924
0.289108	0.115487	0.952571
0.465907	0.790165	0.410082
4.76062e-17	4.00344e-17	1.01584
0.220796	0.899149	0.38043
4.30666e-18	6.12008e-17	1.00196
1.00001	0	0
0.607476	0.366406	0.70719
0.474542	0.760095	0.445469
0.173982	0.646262	0.743731
0.0496927	0.606356	0.797407
0.80594	0.386127	0.456693
0.136469	0.312071	0.943676
0.63533	0.779391	0.211284
0.0669306	0.9977	0.0671516
0.498974	0.47318	0.756316
0.842361	0.327348	0.437227
0.23421	0.712071	0.666972
0.481418	0.744148	0.468595
0.375852	0.255689	0.897839
0.646738	0.681367	0.413166
0.79782	0.138468	0.597635
0.531781	0.486566	0.699458
0.507682	0.625769	0.615337
0.836261	0.297977	0.502766
0.413008	0.864822	0.288293
0.657697	0.407683	0.641203
0.736602	0.380114	0.572089
0.0626866	0.974728	0.231052
0.18262	0.0314586	0.982885
0.205779	0.728459	0.658108
0.805799	0.119086	0.587458
0.191673	0.461743	0.867045
0.0226906	0.934484	0.363547
0.785884	0.619776	0.0385822
0.350432	0.885676	0.313437
0.495661	0.837474	0.237106
0.777288	0.631164	0.0470683
0.271641	0.443756	0.855897
0.28476	0.525846	0.805882
0.777958	0.638727	0.0334093
0.502309	0.789464	0.356467
0.22812	0.874435	0.437212
0.519679	0.847474	0.115257
0.0938657	0.678815	0.731678
0.19589	0.812691	0.564059
0.294586	0.289688	0.919116
0.305328	0.0362682	0.954146
0.296871	0.548211	0.787943
0.0551137	0.981673	0.193135
0.373317	0.755321	0.548217
0.962098	0.231403	0.156469
0.86556	0.00478797	0.536092
0.166498	0.0168463	0.993308
0.83284	0.531902	0.184042
0.0465711	0.749135	0.672421
0.00482503	0.993014	0.124785
0.55113	0.565766	0.62756
0.0725494	0.723216	0.687802
0.875705	0.00484409	0.518478
0.154344	0.339064	0.932093
0.682602	0.682718	0.303157
0.190629	0.420962	0.889852
0.742307	0.27882	0.630344
0.16481	0.85997	0.487941
0.912902	0.0208316	0.419672
0.311378	0.948259	0.134882
0.669136	0.665555	0.332225
0.83872	0.430558	0.377435
0.101963	0.937403	0.339207
0.147171	0.448804	0.882837
0.977373	0.025994	0.27607
0.932582	0.111482	0.351219
0.391122	0.92457	0.00953017
0.215471	0.89393	0.400175
0.907405	0.182492	0.392062
0.59421	0.676533	0.441023
0.366894	0.644056	0.681417
0.674283	0.230904	0.721217
0.0424377	0.920692	0.400049
0.675883	0.572171	0.498684
0.823298	0.537989	0.202453
0.857121	0.214677	0.471504
0.428961	0.910383	0.00572653
0.366345	0.0534122	0.935391
0.32024	0.0588643	0.953054
0.880038	0.426423	0.221784
0.943219	0.163524	0.292462
0.456112	0.265178	0.850957
0.502841	0.882702	0.017574
0.632295	0.702677	0.327056
0.587498	0.783292	0.205736
0.389518	0.862889	0.327559
0.00862638	0.947356	0.323148
0.0816851	0.996731	0.109272
0.266635	0.436313	0.861235
0.799892	0.555242	0.241413
0.0632348	0.942609	0.339853
0.622795	0.109836	0.780344
0.0880776	0.208206	0.976698
0.708546	0.418012	0.579646
0.858913	0.201866	0.477513
0.448455	0.0647407	0.895564
0.191385	0.518056	0.840689
0.96677	0.246334	0.0872824
0.0379201	0.822684	0.575452
0.910376	0.15783	0.383577
0.473205	0.51151	0.719024
0.280971	0.0495519	0.963352
0.921958	0.354221	0.162946
0.74668	0.362043	0.572729
0.422042	0.831272	0.383652
0.425794	0.100072	0.908199
0.246917	0.244401	0.938789
0.327479	0.852639	0.414797
0.184751	0.0177709	0.984443
0.583869	0.510894	0.636809
0.514591	0.857683	0.0845626
0.48791	0.0731089	0.872195
0.11356	0.985055	0.146229
0.0748938	0.794931	0.609719
0.407722	0.875769	0.275448
0.0263247	0.732431	0.693236
0.193645	0.900371	0.409537
0.346235	0.815575	0.501782
0.618068	0.726134	0.311979
0.892418	0.15373	0.427851
0.919342	0.00227475	0.405286
0.340825	0.34766	0.876063
0.686966	0.67236	0.284876
0.250671	0.959166	0.1462
0.159491	0.350371	0.93111
0.430507	0.908676	0.138468
5.20367e-17	0.849824	0.531365
0.566034	0.559652	0.61122
0.813334	0.479833	0.367562
0.0561542	0.998764	0.0394061
0.715522	0.496677	0.51107
0.43995	0.890137	0.138062
0.146639	0.324202	0.940402
0.483299	0.82686	0.307268
0.811942	0.589203	0.081381
0.443631	0.0101233	0.902008
0.128958	0.6729	0.731542
0.0792763	0.967339	0.26724
0.61995	0.780675	0.150227
0.128963	0.315079	0.945131
0.397377	0.391467	0.834167
0.940653	0.233577	0.270812
0.891458	0.128694	0.436165
0.702188	0.717447	0.0401352
0.41948	0.042443	0.917486
0.572093	0.57599	0.589294
0.405262	0.401423	0.823007
0.788104	0.259422	0.568116
0.366809	0.71848	0.602389
0.107465	0.010805	0.995793
0.305525	0.49824	0.813422
0.0311722	0.454673	0.900135
0.493828	0.0450103	0.871295
0.463618	0.75908	0.475031
0.0853836	0.215798	0.973183
0.151842	0.568143	0.833509
0.261531	0.812838	0.532603
0.453545	0.270331	0.852616
0.941949	0.235883	0.256324
0.755395	0.652794	0.0925938
0.526115	0.445384	0.746661
0.822038	0.39384	0.41911
0.867445	0.4918	0.117676
0.720709	0.698181	0.166892
0.964021	0.22575	0.143643
0.58082	0.825392	0.023531
0.237799	0.952244	0.211307
0.664573	0.659181	0.371654
0.253913	0.664223	0.708863
0.728516	0.104469	0.696435
0.155485	0.632496	0.765306
0.0740694	0.738368	0.675299
0.724821	0.642003	0.253787
0.974807	0.0879592	0.210028
0.974908	0.177482	0.176612
0.92855	0.134049	0.34709
0.463955	0.754494	0.47936
0.161354	0.273781	0.948712
0.885455	0.416598	0.221932
0.233129	0.634646	0.75133
0.971991	0.191548	0.17513
0.577979	0.581916	0.588818
0.833887	0.151809	0.547797
0.76887	0.0711648	0.637438
0.400324	0.396532	0.826448
0.758336	0.451397	0.470927
0.980256	0.0974702	0.194194
0.624046	0.355541	0.715962
0.771973	0.600336	0.226294
0.978948	0.223063	0.097265
0.898234	0.404408	0.223409
0.658553	0.59438	0.502402
0.0425922	1.00622	0
0.495605	0.87071	0.0536948
0.831284	0.528155	0.179763
0.794297	0.61472	0.017075
0.434196	0.38898	0.814525
0.394681	0.85765	0.331366
0.948607	0.0138175	0.344626
0.545776	0.430886	0.722634
0.840833	0.340732	0.428707
0.1039	0.256608	0.966411
0.818982	0.450131	0.363071
0.281863	0.967603	0.0811602
0.335711	0.556048	0.770456
0.0837282	0.803644	0.594711
0.237638	0.930801	0.3016
0.369923	0.394526	0.849054
0.920899	0.108921	0.383149
0.663153	0.244278	0.708774
0.566568	0.817149	0.139403
0.0612248	0.934221	0.358423
0.89256	0.360763	0.272526
0.252976	0.764064	0.596337
0.908016	0.190328	0.374057
0.426174	0.17176	0.889397
0.618054	0.645485	0.454965
0.2687	0.832036	0.491466
0.901975	0.33199	0.281015
0.695749	0.387157	0.60958
0.420962	0.423246	0.805084
0.706131	0.708184	0.168648
0.764944	0.303302	0.576537
0.243421	0.221643	0.946796
0.707256	0.708859	0.0431052
0.714412	0.282589	0.643037
0.302649	0.881814	0.385541
0.132911	0.985449	0.115028
0.570279	0.738162	0.398353
0.232001	0.0853387	0.981394
0.751835	0.320032	0.580362
0.350747	0.77464	0.55977
0.223653	0.181099	0.960695
0.843681	0.524459	0.129605
0.392038	0.902518	0.202208
0.358171	0.0179613	0.936648
0.478881	0.592547	0.652857
0.936419	0.147076	0.321717
0.531657	0.84676	0.0644062
0.34447	0.130733	0.942701
0.228729	0.520935	0.825399
0.753532	0.321481	0.573989
0.363602	0.270964	0.905179
0.650302	0.695772	0.309088
0.308127	0.922116	0.240757
0.291484	0.939521	0.209154
0.781275	8.77389e-07	0.626977
0.956159	0.000105199	0.296057
0.0767367	0.537145	0.842539
0.826177	0.54088	0.166053
0.0059833	0.605006	0.798214
0.927126	0.363598	0.101182
0.322662	0.951341	0.0579205
0.31802	0.276203	0.908977
0.479088	0.791844	0.390456
0.612947	0.769977	0.189742
0.68758	0.68958	0.244824
0.656969	0.0346273	0.759489
0.2071	0.949807	0.236879
0.852389	0.116839	0.512229
0.174487	0.863935	0.47414
0.967623	0.0255634	0.254657
0.776865	0.0693286	0.635373
0.412545	0.911805	0.0246502
0.727141	0.264	0.641996
0.88103	0.203438	0.442703
0.158415	0.726526	0.669635
0.0668089	0.884371	0.464724
0.311247	0.945879	0.116457
0.397813	0.694918	0.60413
0.296259	0.293278	0.912474
0.62857	0.639009	0.446376
0.964614	0.235516	0.148489
0.655759	0.750215	0.0915008
0.582213	0.745257	0.349499
0.995732	0.0524827	0.123544
0.868551	0.308725	0.432841
0.313606	0.0429842	0.951594
0.969733	6.86743e-08	0.255123
0.353684	0.583798	0.734878
0.464527	0.465233	0.779836
0.803847	0.325745	0.50098
0.12635	0.209803	0.977759
0.871645	0.494965	0.0269152
0.0723481	0.957696	0.286413
0.639347	0.560359	0.533663
0.168734	0.70239	0.696466
0.163293	0.671965	0.729676
0.187768	0.620747	0.767363
0.135173	0.379963	0.916632
0.213254	0.960988	0.185845
0.874297	0.131964	0.480257
0.934187	0.36198	0.101791
0.540997	0.83068	0.15516
0.277791	0.00601757	0.971406
0.513626	0.482417	0.714021
0.379376	0.626426	0.694132
0.73409	0.406049	0.547269
0.693405	0.727328	0.116245
0.347613	0.866158	0.367491
0.510576	0.026623	0.860548
0.183131	0.964762	0.200786
0.538282	0.0944698	0.840846
0.807536	0.272705	0.534744
6.12936e-17	1.001	0.00146213
0.0698624	0.625802	0.777881
0.0236803	0.317893	0.95358
0.0272297	0.998286	0.0804223
0.153286	0.57958	0.803197
0.975494	0.154444	0.161918
0.723648	0.244376	0.659776
0.560904	0.350221	0.751765
0.153522	0.677592	0.748
0.672796	0.652039	0.358687
0.122002	0.893351	0.441131
0.446263	0.39979	0.802043
0.471998	0.502787	0.729673
0.117474	0.722465	0.685596
0.243886	0.374478	0.896789
0.627942	0.184827	0.767861
0.944626	0.0774648	0.328074
0.200503	0.443126	0.878517
0.0480631	0.378932	0.92874
0.605843	0.0790579	0.795463
0.400766	0.21755	0.894277
0.122642	0.140094	0.982646
0.0128752	0.979268	0.22193
0.98873	0.0172586	0.205444
0.462901	0.88563	0.0737265
0.910194	0.357287	0.230688
0.0522445	0.725116	0.698506
0.219143	0.712935	0.671669
0.988835	0.15344	0.0720136
0.717995	0.456177	0.527979
0.456173	0.433032	0.792691
0.595941	0.194108	0.793759
0.50047	0.76219	0.418575
0.199345	0.517792	0.833874
0.106969	0.717202	0.68948
0.40948	0.636068	0.657059
0.417984	0.910797	0.0385599
0.299696	0.905973	0.300851
0.535792	0.821755	0.22473
0.667503	0.626851	0.409428
0.773962	0.607722	0.22102
0.0183487	0.566441	0.828194
0.729191	0.681129	0.123632
0.855731	0.115283	0.507243
0.854624	0.373118	0.398239
0.804791	0.439487	0.401415
0.550085	0.771911	0.321704
0.425319	0.236673	0.87783
0.864473	0.0570125	0.502898
0.979821	0.000327833	0.20833
0.481516	0.162608	0.867668
0.0366352	0.915928	0.401288
0.261804	0.110324	0.95951
0.550372	0.570011	0.618161
0.0889505	0.785051	0.616383
0.146194	0.98983	2.74303e-06
0.963652	0.0104993	0.278356
0.0338664	0.38049	0.928803
0.435982	0.652736	0.639443
0.654822	0.658236	0.424511
0.0389088	0.437142	0.90168
0.912055	0.358018	0.222033
0.186956	0.102703	0.977596
0.0938261	0.654232	0.763579
0.502459	0.0676251	0.872567
0.210491	0.958992	0.196982
0.111077	0.983947	0.152049
0.502162	0.546868	0.681577
0.442617	0.510047	0.739068
0.683698	0.687408	0.255067
0.878378	0.47814	0.0323253
0.508589	0.0755219	0.862015
0.278256	0.311644	0.914485
0.667425	0.0296197	0.783701
0.597588	0.757293	0.312742
0.370358	0.824647	0.462472
0.0472017	0.125893	0.991328
0.173665	0.0630564	0.987139
0.456056	0.416431	0.801339
0.617483	0.658794	0.45101
0.747875	0	0.679173
0.612096	0.755158	0.24259
0.580911	0.633136	0.523122
0.517146	0.860458	0.0344906
0.140415	0.965503	0.276191
0.000529162	1.00216	1.24439e-07
4.77161e-17	3.92194e-17	1.00871
0.184129	0.0445895	0.983194
0.771682	0.401229	0.518262
0.664849	0.456127	0.599145
0.112433	0.0272272	0.995168
0.345035	0.872077	0.34826
0.294358	0.0811859	0.959909
0.765437	0.639183	0.0930509
0.241141	0.535026	0.813678
0.851246	0.487425	0.229651
0.813122	0.436361	0.410809
0.937867	0.333789	0.195014
0.44157	0.106493	0.891704
0.0292703	0.994628	0.111516
0.759731	0.61911	0.25199
0.723158	0.496409	0.527526
0.495221	0.794843	0.367206
0.846225	0.543599	0.138974
0.025566	0.884751	0.471327
0.253364	0.562145	0.790348
0.656331	0.73024	0.222468
0.943242	0.219981	0.262613
0.841165	0.424971	0.342493
0.0349128	0.321116	0.947663
0.298232	0.751309	0.611481
0.450558	0.389497	0.807982
0.380611	0.902549	0.215996
0.322392	0.347419	0.887532
0.967337	0.210416	0.159865
0.196436	0.596637	0.785483
0.976804	0.0715043	0.239733
0.660703	0.475498	0.587748
0.986813	0.0643078	0.175707
0.678557	0.604745	0.443003
0.456585	0.892457	0.076535
0.54943	0.672609	0.501719
0.0437715	0.768273	0.660906
0.900041	0.298201	0.32897
0.815736	0.502959	0.303883
0.280804	0.615873	0.74568
0.105382	0.969272	0.243099
0.523618	0.0905986	0.850857
0.919824	0.16865	0.360171
0.144373	0.97973	0.166266
0.255271	0.566377	0.787736
0.588226	0.760399	0.287671
0.135903	0.662524	0.743809
0.234766	0.511186	0.837887
0.969126	0.00273808	0.268244
0.582003	0.284612	0.764628
0.171968	0.885174	0.44511
0.467964	0.161242	0.871098
0.479842	0.667081	0.571802
0.127591	0.738686	0.667194
0.735081	0.603679	0.320129
0.519539	0.354822	0.777762
0.0598113	0.848759	0.552132
0.689934	0.255253	0.68353
0.776653	0.178935	0.621523
0.338313	0.833979	0.45327
0.397113	0.745523	0.54126
0.215053	0.0996108	0.972586
0.405338	0.369314	0.849605
0.412339	0.641924	0.650372
0.20202	0.716293	0.674176
0.187965	0.965268	0.187063
0.953662	0.237119	0.206762
0.419474	0.855695	0.311768
0.0569032	0.998407	0.0912119
0.836643	0.529722	0.151123
0.292099	0.959662	0.0384731
0.907086	0.228546	0.389087
0.0957922	0.974858	0.207468
0.263111	0.60434	0.753113
0.0132169	0.977674	0.218747
0.430548	0.575146	0.719415
0.203698	0.722243	0.669813
0.164651	0.305198	0.939769
0.45294	0.0325299	0.903281
0.314466	0.955133	0.0579601
0.721993	0.375391	0.585596
0.691026	0.141964	0.710419
0.435186	0.757996	0.507049
0.325026	0.151418	0.936345
0.170475	0.702195	0.69313
0.142381	0.114766	0.986452
0.807042	0.192623	0.561783
0.509264	0.318885	0.799849
0.384399	0.5757	0.739712
0.532378	0.186276	0.827286
0.217482	0.0526663	0.976604
0.0597982	0.39773	0.915803
0.454723	0.889498	0.0767727
0.430608	0.906652	0.0656159
0.148743	0.989319	6.92723e-06
0.953704	0.311979	0.053603
0.12833	0.272127	0.955528
5.06938e-17	0.827892	0.583331
0.0789692	0.999513	0.0228021
0.701117	0.363914	0.616016
0.226391	0.934923	0.27966
0.647565	0.123015	0.753129
0.626129	0.787397	0.0427003
0.36234	0.912808	0.254188
0.828341	0.555928	0.0941938
0.589931	0.378716	0.759674
0.712502	0.461338	0.534944
0.622716	0.233032	0.757066
0.39161	0.894094	0.246463
0.786734	0.461723	0.425584
0.821852	0.0217605	0.571551
0.823237	0.521234	0.237975
0.240445	0.548966	0.819923
0.0464348	0.921172	0.430308
0.0788453	0.997944	0.0296666
0.602768	0.694273	0.453801
0.340559	0.945356	0.00554986
0.750832	0.666429	0.0304457
0.30332	0.326866	0.902789
0.285021	0.246395	0.94061
0.307034	0.954417	0.100779
0.527348	0.771783	0.396087
0.925728	0.190039	0.334361
0.866113	0.448133	0.238696
0.67666	0.420872	0.621423
0.595909	0.215715	0.774122
0.873797	0.111025	0.480321
0.750099	0.645721	0.198269
0.787274	0.276785	0.559182
0.50846	0.177907	0.84343
0.726751	0.677578	0.118672
0.612514	0.165874	0.793606
0.762077	0.652835	0.064403
0.0090027	0.586703	0.811918
0.0216204	0.961351	0.279559
0.479031	0.690751	0.548691
0.218577	0.900355	0.378597
0.906497	0.00473573	0.438645
0.695706	0.674779	0.38737
0.60886	0.408627	0.685528
0.0526623	0.923997	0.404414
0.131183	0.278177	0.95363
0.00354363	0.818973	0.575998
0.50953	0.0656935	0.859835
0.518355	0.591294	0.61873
0.731527	0.289757	0.647112
0.704975	0.684098	0.293406
0.195496	0.805283	0.56108
0.794769	0.583217	0.207415
0.880995	0.183661	0.437323
0.949519	0.297064	0.126967
0.58427	0.812259	0.047868
0.27105	0.264443	0.92977
0.273529	0.0228886	0.966657
0.708318	0.146274	0.698864
0.0830897	0.951116	0.317967
0.350777	0.244706	0.90503
0.271757	0.263583	0.929541
0.513106	0.814241	0.298757
0.209115	0.862781	0.466259
0.500839	0.482064	0.721972
0.884437	0.412028	0.233635
0.611979	0.70836	0.355491
0.00239058	0.777696	0.659727
0.146918	0.4284	0.900865
0.605919	0.712212	0.357815
0.996292	0.00376203	0.151084
0.279468	0.181352	0.944643
0.273894	0.966287	0.100957
0.545526	0.525077	0.654819
0.22098	0.860003	0.463069
0.709068	0.471137	0.536521
0.327645	0.644807	0.698876
0.467979	0.161914	0.86998
0.316128	0.46313	0.831235
0.0470788	0.853146	0.545347
0.354661	0.584712	0.730765
0.855874	0.49754	0.159869
0.566694	0.69693	0.459416
0.744908	0.295057	0.633108
0.0931162	0.922259	0.392784
0.660705	0.465127	0.600433
0.981068	0.199242	0.015115
0.978428	0.172283	0.171557
0.0840604	0.346259	0.937603
0.551293	0.837376	0.0113556
0.594268	0.50908	0.628963
0.370067	0.795883	0.481112
0.895087	0.451402	0.0549917
0.562636	0.802388	0.277353
0.292739	0.283933	0.919919
0.543853	0.135594	0.830371
0.571158	0.545849	0.616102
0.643631	0.447403	0.63293
0.209596	0.137727	0.972156
0.00498849	1.00666	3.49066e-204
3.862e-17	4.94281e-17	1.02441
0.0425922	1.00622	0
0.719912	0.692112	0.0852648
0.452904	0.858963	0.268907
0.496359	0.868233	0.0578902
0.457993	0.894989	0.0106674
0.68807	0.721409	0.0911861
0.743162	0.0963794	0.681415
0.952694	0.208162	0.254958
0.820551	0.44962	0.359719
0.2078	0.983357	0.0483856
0.825448	0.409111	0.395841
0.776334	0.100681	0.642834
0.607699	0.669255	0.441865
0.806454	0.555504	0.286868
0.261668	0.294351	0.936718
0.884367	0.223528	0.414418
0.138998	0.960862	0.248964
0.642808	0.118207	0.759072
0.572099	0.595172	0.566623
0.942354	0.06956	0.329427
0.755661	0.62491	0.230957
0.743938	0.585285	0.345458
0.492831	0.592872	0.657578
0.22881	0.931754	0.345772
0.145445	0.133073	0.991012
0.531557	0.849794	0.114231
0.787861	0.497592	0.415799
0.586392	0.168292	0.804319
0.936879	0.34517	0.101675
0.188158	0.387011	0.905097
0.178677	0.651053	0.738744
0.81546	0.561708	0.190886
0.661444	0.253361	0.710739
0.528698	0.10893	0.842592
0.304854	0.90394	0.306801
0.885509	0.508339	0.0298757
0.669758	0.360899	0.686118
0.586462	0.573835	0.577327
0.61776	0.656604	0.451915
0.180842	0.979407	0.166457
0.699175	0.681823	0.314079
0.767647	0.602066	0.239644
0.213731	0.951967	0.239317
0.350614	0.646903	0.680387
0.751186	0.489369	0.47415
0.635886	0.342647	0.700039
0.12687	0.940313	0.32024
0.891753	0.261382	0.37917
0.27045	0.744794	0.632526
0.554058	0.381018	0.74845
0.482962	0.120025	0.872034
0.0712128	0.887843	0.460781
0.440396	0.83913	0.333146
0.930134	0.300165	0.224321
0.276307	0.265883	0.951872
0.280835	0.0799428	0.96097
0.760578	0.607941	0.245079
0.103672	0.108347	0.991773
0.199098	0.741536	0.648238
0.627713	0.513419	0.602723
0.496649	0.639009	0.606494
0.923091	0.292826	0.256762
0.547862	0.277459	0.79387
0.778467	0.0344484	0.647908
0.378414	0.237143	0.895737
0.11593	0.654456	0.773073
0.387663	0.783449	0.495876
0.643936	0.709162	0.303547
0.48686	0.313054	0.836677
0.686649	0.683167	0.317134
0.279679	0.818859	0.51722
0.445325	0.457539	0.77952
0.578955	0.31197	0.760595
0.630518	0.503983	0.598723
0.678641	0.0895071	0.741823
0.0341858	0.394453	0.919108
0.284656	0.956079	0.133127
0.852047	0.522838	0.0440265
0.247361	0.92664	0.345646
0.765109	0.628921	0.15483
5.68062e-17	2.57765e-17	1.01876
0.524321	0.577431	0.656639
0.0754727	0.0775686	0.994518
0.507314	0.763029	0.405389
0.513955	0.773017	0.378766
0.124233	0.159925	0.982638
0.636452	0.765648	0.124372
0.703989	0.702401	0.141499
0.894785	0.445502	0.0708129
0.0653704	0.99995	0.0227205
0.368023	0.907846	0.215188
0.147087	0.228655	0.96967
0.293649	0.731471	0.629202
0.67336	0.741567	0.101565
0.961673	0.244331	0.149223
0.184077	0.553351	0.813914
0.309225	0.792012	0.546571
0.116893	0.982619	0.178954
0.709094	0.707495	0.0784425
0.565057	0.412793	0.723853
0.59502	0.157666	0.811559
0.998131	0.0250174	0.0723029
0.341213	0.326652	0.883045
0.613501	0.659887	0.454869
0.649129	0.323193	0.696939
0.205686	0.665009	0.721501
0.597499	0.158322	0.789691
0.877002	0.472573	0.119056
0.395422	0.799131	0.482962
0.578555	0.186706	0.796599
0.356625	0.815572	0.467317
0.473586	0.468887	0.76897
0.254159	0.553582	0.800774
0.0357244	0.971417	0.263097
0.29921	0.756068	0.585881
0.0217461	0.306968	0.952542
0.984132	0.0036273	0.195524
0.0323186	0.375143	0.927864
0.943469	0.056113	0.329503
0.239228	0.810146	0.554359
0.382767	0.747985	0.553011
0.559082	0.10281	0.82371
0.476287	0.466032	0.768965
0.701151	0.000781759	0.725275
0.23263	0.0490034	0.971671
0.152118	0.139177	0.9802
0.334803	0.333308	0.882858
0.413239	0.805469	0.425506
0.913632	0.192991	0.378747
0.0494738	0.181463	0.984478
0.915719	0.145241	0.401674
0.43178	0.0103917	0.913894
0.411825	0.407739	0.817994
0.592684	0.649217	0.500596
0.601921	0.61959	0.52361
0.833331	0.543114	0.120034
0.885238	0.403671	0.26333
0.423613	0.79458	0.44556
0.796456	0.467091	0.396721
0.54196	0.778498	0.32015
0.933384	0.192427	0.30903
0.0171345	0.376907	0.929746
0.082396	0.863536	0.503532
0.800416	0.535033	0.288135
0.377805	0.735047	0.592033
0.967508	0.151388	0.21714
0.906372	0.00346675	0.430386
0.342316	0.351822	0.876143
0.33928	0.337766	0.8784
0.377023	0.358164	0.855771
0.317232	0.914467	0.268042
0.667104	0.211621	0.716259
0.7136	0.410097	0.571444
0.360582	0.352818	0.875403
0.157656	0.840201	0.534482
0.693779	0.690261	0.294281
0.0777899	0.237302	0.974356
0.539606	0.543333	0.66611
0.845546	0.533219	0.0464334
0.926904	0.0551278	0.373835
0.798456	0.001957	0.614173
0.93584	0.0430858	0.369258
0.0308766	0.915173	0.404444
0.643065	0.441712	0.626337
0.287216	0.851641	0.446369
0.0540469	0.876196	0.487933
0.406133	0.271477	0.877553
0.19916	0.995783	0.0418264
0.852223	0.147463	0.527936
0.0985209	0.730201	0.67832
0.417191	0.278869	0.870354
0.273892	0.416246	0.893628
0.436443	0.880123	0.209088
0.810271	0.618807	0.0188816
0.398705	0.419003	0.836045
0.863248	0.0397436	0.510855
0.654192	0.583254	0.51496
0.445724	0.78729	0.437876
0.750107	0.516691	0.458824
0.465483	0.83227	0.326459
0.860066	0.493733	0.159147
0.959785	0.279142	0.131599
0.530801	0.559536	0.67089
0.900526	0.174906	0.410398
0.707489	0.694032	0.162144
0.162995	0.178577	0.979917
0.265311	0.811883	0.549851
0.97277	0.24715	0.00898031
0.160591	0.855844	0.513012
0.809477	0.170082	0.564498
0.116365	0.977825	0.179574
0.658964	0.724918	0.286986
0.47925	0.426091	0.774762
0.719042	0.480639	0.507239
0.0399411	0.788064	0.618769
0.430907	0.288037	0.862924
