3.89328e-17	4.83448e-17	1.01372
0.894297	0.446164	0.0484558
0.883474	0.285473	0.374609
0.898221	0.448121	0.0438956
0.287892	0.923891	0.277778
0.996071	0.0525238	0.0955388
0.975708	0.0600338	0.215326
0.967491	0.0980246	0.261123
0.517132	0.871531	0.0158862
0.778883	0.19762	0.61963
0.330816	0.572765	0.761835
0.0482299	0.302131	0.954971
0.45313	0.863058	0.235321
0.615185	0.747896	0.259688
0.453888	0.00876007	0.894538
0.543105	0.865512	0.0301056
0.852253	0.405499	0.342638
0.432369	0.835837	0.366912
0.135959	0.949124	0.310237
0.503832	0.0139924	0.881084
0.467292	0.0684448	0.885512
0.496951	0.86312	0.111923
0.442558	0.881465	0.197031
0.485255	0.459163	0.750149
0.95279	0.0265343	0.331162
0.0940227	0.828436	0.571248
0.606937	0.737868	0.303538
0.321421	0.849962	0.440214
0.831214	0.326002	0.456387
0.119923	0.897153	0.432103
0.387058	0.704183	0.597012
0.248091	0.483875	0.848036
0.523923	0.27045	0.810769
0.692214	0.685709	0.247284
0.668988	0.119195	0.736278
0.5551	0.549884	0.634124
0.908314	0.33834	0.250273
0.375559	0.153185	0.914369
0.0920621	0.163879	0.986183
0.754056	0.618308	0.364272
0.233506	0.921855	0.316196
0.222064	0.815503	0.541297
0.258125	0.67493	0.693588
0.922303	0.347441	0.22821
0.621111	0.283676	0.732587
0.939561	0.0187741	0.353837
0.650448	0.769141	0.0105908
0.340076	0.93103	0.1425
0.680889	0.720807	0.153286
0.301507	0.805053	0.520313
0.239343	0.586678	0.77741
0.708423	0.0972287	0.705245
0.0734216	0.975606	0.218526
0.261222	0.453698	0.862309
0.536587	0.0756	0.8451
0.420289	0.5544	0.747391
0.529654	0.844075	0.126678
0.630673	0.246215	0.743111
0.312923	0.135013	0.943838
0.175088	0.880338	0.4504
0.769855	0.37177	0.546277
0.791833	0.53776	0.299657
0.623647	0.730829	0.294694
0.744121	0.65563	0.147922
0.844183	0.159359	0.515924
0.105826	0.512344	0.854189
0.595588	0.697892	0.410142
0.242777	0.958304	0.164886
0.725835	0.690089	0.012288
0.961087	0.00117537	0.327276
0.871425	0.304208	0.403612
0.473264	0.154778	0.874585
0.229096	0.202791	0.954971
0.932636	0.0922814	0.352251
0.928262	0.377324	0.00228654
0.0168323	0.498838	0.868805
0.183386	0.491627	0.856731
0.0455072	0.253804	0.971308
0.10108	0.264965	0.962535
0.981954	0.143828	0.175452
0.41062	0.145938	0.902077
0.544591	0.529713	0.660717
0.733404	0.498079	0.480753
0.768735	0.371229	0.556612
0.686994	0.603098	0.406925
0.465174	0.869208	0.229015
0.85826	0.430224	0.283956
0.529742	0.173249	0.838965
0.180798	0.983018	0.0599156
0.840797	0.19196	0.509145
0.168998	0.885089	0.452156
0.249578	0.708613	0.663593
0.950765	0.335987	0.0106021
0.57735	0.511058	0.643552
0.426529	0.88966	0.173089
0.907325	0.318845	0.294989
0.50821	0.59051	0.628348
0.723604	0.5442	0.464604
0.634247	0.234723	0.741421
0.267836	0.131222	0.95877
0.147312	0.989158	0.0599493
0.990689	0.124813	0.0756885
0.748331	0.417178	0.525634
0.304976	0.559864	0.788942
0.0828716	0.391164	0.91944
0.060569	0.112105	0.993171
0.403831	0.170818	0.907644
0.80804	0.355899	0.476187
0.883452	0.421557	0.207833
0.128504	0.50724	0.855339
0.719786	0.347591	0.640106
0.788864	0.407168	0.472535
0.572649	0.247166	0.785734
0.794746	0.0624149	0.606177
0.494038	0.85806	0.163014
0.192072	0.213301	0.961832
0.696838	0.343174	0.65528
0.26528	0.714075	0.65469
0.379028	0.645841	0.667747
0.0339286	0.398465	0.919581
0.569367	0.0802184	0.820098
0.110267	0.196285	0.979397
0.485461	0.79072	0.393805
0.29993	0.7976	0.529094
0.27853	0.938078	0.230783
0.152536	0.744113	0.652823
0.0908304	0.93132	0.377549
0.274517	0.592151	0.771823
0.664782	0.6359	0.413379
0.699866	0.0649887	0.722092
0.585954	0.614858	0.535761
0.837609	0.352859	0.424133
0.0642193	0.996933	0.128926
0.797076	0.00636417	0.613713
0.368469	0.757674	0.548537
0.188413	0.985461	0.026823
0.50755	0.630251	0.590589
0.750518	0.63911	0.200935
0.151589	0.926605	0.347744
0.370887	0.521443	0.774455
0.716161	0.236847	0.671915
0.138266	0.9865	0.187244
0.00175953	0.0844176	0.997894
0.649401	0.259136	0.718067
0.764075	0.0771357	0.642379
0.36631	0.604856	0.710585
0.154781	0.3526	0.931398
0.118409	0.649521	0.760439
0.267043	0.046769	0.968786
0.645395	0.623646	0.485167
0.176751	0.275653	0.949133
0.879457	0.426613	0.221415
0.195663	0.27509	0.949829
0.349526	0.474176	0.812903
0.486894	0.793056	0.390459
0.592844	0.705133	0.415624
0.139782	0.905316	0.418088
0.582212	0.215466	0.786725
0.113837	0.855997	0.505877
0.564476	0.46635	0.687078
0.551984	0.747418	0.383482
0.232487	0.464858	0.865171
0.347518	0.496718	0.79771
0.0689101	0.320194	0.945444
0.547723	0.139505	0.831915
0.656905	0.104556	0.753404
0.030185	0.991758	0.169777
0.793653	0.22339	0.582465
0.390034	0.787541	0.497346
0.32322	0.848331	0.439784
0.827538	0.562008	0.101046
0.737954	0.668387	0.148504
0.225966	0.829832	0.518074
0.0368066	0.221702	0.977654
0.532751	0.178522	0.830736
0.925842	0.364619	0.139074
0.453199	0.763055	0.493081
0.141224	0.976581	0.185476
0.567	0.0418977	0.824317
0.995198	0.0524821	0.104126
0.404859	0.741651	0.552815
0.143547	0.899233	0.41753
0.491141	0.049865	0.876283
0.0229923	0.911647	0.420599
0.357618	0.569913	0.758869
0.767081	0.0407207	0.642304
0.276061	0.783805	0.565473
0.599671	0.0316212	0.803697
0.297648	0.794748	0.536712
5.90651e-17	1.66336e-17	1.00213
0.961772	0.288212	0
0.0340876	0.600142	0.814293
0.122839	0.0158376	0.996665
0.944914	0.223947	0.254665
0.4519	0.774096	0.449146
0.333089	0.887213	0.354523
0.550843	0.512174	0.66548
0.894216	0.44038	0.144227
0.0397494	0.286059	0.960039
0.80209	0.579804	0.222913
0.109515	0.977396	0.236635
0.845639	0.270648	0.469564
0.189119	0.544498	0.827464
0.308773	0.822446	0.507721
0.243246	0.205994	0.94931
0.720145	0.493378	0.502546
0.170739	0.708619	0.692819
0.29222	0.861892	0.43381
0.628488	0.555283	0.547993
0.752918	0.150465	0.654349
0.526621	0.852351	0.0940091
0.701431	0.720201	0.0921205
0.530799	0.804777	0.270877
0.264404	0.965603	0.0316418
0.104505	0.175728	0.981315
0.618653	0.45968	0.642646
0.882647	0.113558	0.464814
0.43263	0.739263	0.521739
0.366656	0.932345	0.0403941
0.684401	0.618474	0.429064
0.978591	0.146022	0.17468
0.555806	0.57068	0.615549
0.287434	0.921024	0.268053
0.324366	0.218357	0.933049
0.0105022	0.387648	0.925176
0.138251	0.780432	0.624668
0.589508	0.790684	0.180582
0.267089	0.763194	0.598974
0.707859	0.649266	0.289395
0.988477	0.123835	0.11956
0.0796015	0.237116	0.971876
0.614049	0.0769274	0.790048
0.407745	0.361254	0.843372
0.965626	0.0888022	0.24642
0.0477532	0.840736	0.541628
0.517365	0.651691	0.571948
0.11948	0.755315	0.64598
0.916695	0.264434	0.306711
0.833137	0.089399	0.588835
0.248802	0.0262484	0.972116
0.257245	0.675545	0.698716
0.733323	0.467511	0.506038
0.661387	0.596614	0.458338
0.896865	0.201888	0.422206
0.95498	0.223226	0.2028
0.541598	0.475372	0.703938
0.67036	0.158877	0.734889
0.592233	0.745687	0.334151
0.812781	0.429781	0.41575
0.886925	0.26037	0.38914
0.63683	0.437161	0.635926
0.216294	0.563105	0.804978
0.744273	0.682375	0.0803085
0.253304	0.594225	0.76445
0.226426	0.589483	0.782488
0.873367	0.407615	0.344987
0.0911571	0.958966	0.276397
0.0847178	0.235389	0.972067
0.314898	0.949234	0.0592732
0.493892	0.848459	0.215586
0.73763	0.695062	0.0857897
0.474822	0.419516	0.7778
0.577302	0.50026	0.652251
0.593855	0.524084	0.618726
0.044652	0.53743	0.868919
0.573064	0.728243	0.411333
0.676435	0.00893589	0.743786
0.342437	0.609779	0.716005
0.0213534	0.458539	0.890368
0.0726024	0.996153	0.0722431
0.345494	0.940112	0.0403835
0.779731	0.422292	0.479923
0.221792	0.975241	0.065571
0.103395	0.628793	0.782264
0.271452	0.894989	0.363684
0.653056	0.750847	0.107599
0.796748	0.539495	0.302958
0.0769509	0.989606	0.148456
0.203355	0.277489	0.940735
0.446794	0.0367294	0.897137
0.854754	0.329171	0.418654
0.588458	0.722574	0.400042
0.161463	0.640776	0.754986
0.397336	0.861792	0.318338
0.986548	0.123594	0.129371
0.469536	0.135391	0.880991
0.741069	0.0724998	0.669894
0.661556	0.15679	0.741905
0.353205	0.927543	0.155509
0.818432	0.608122	0.0144156
0.740633	0.0473829	0.682793
0.789497	0.308237	0.534918
0.603957	0.182769	0.798924
0.807678	0.243711	0.540105
0.642112	0.250318	0.730209
0.374806	0.166298	0.916
0.185252	0.494906	0.849843
0.0950823	0.698731	0.70959
0.156999	0.79581	0.588462
0.905057	0.41014	0.115736
0.630648	0.786104	0.104228
0.272673	0.835891	0.491598
0.336591	0.447717	0.831555
0.541649	0.797738	0.287594
0.115724	0.927422	0.370941
0.473552	0.868428	0.168245
0.955702	0.298332	0.0186654
0.382855	0.083051	0.934645
0.6666	0.0835109	0.746453
0.697867	0.56445	0.45254
0.919466	0.246301	0.319313
0.176426	0.984437	0.115077
0.553634	0.657874	0.526872
0.13537	0.372713	0.949387
0.786837	0.42747	0.477015
0.929561	0.377725	0.0599527
0.849417	0.256922	0.480291
0.440073	0.213591	0.893319
0.288172	0.635857	0.726632
0.298315	0.95589	0.0246779
0.582323	0.733515	0.374913
0.115934	0.804493	0.602758
0.458617	0.695339	0.55588
0.869552	0.419569	0.330333
0.947182	0.189631	0.281854
0.231068	0.579531	0.789924
0.693046	0.669654	0.298272
0.208432	0.397716	0.898583
0.828017	0.179327	0.557225
0.277777	0.962318	0.00965261
0.816905	0.311275	0.48904
0.447818	0.214237	0.886322
0.176452	0.050647	0.986364
0.507015	0.0619139	0.862572
0.211748	0.976488	0.192396
0.00819993	0.999466	0.192457
0.745113	0.168101	0.650968
0.0978528	0.703965	0.707445
0.947744	0.1867	0.281848
0.0579061	0.416726	0.910017
0.229485	0.952436	0.239351
0.491967	0.87987	0.103301
0.687648	0.63081	0.407571
0.764063	0.522013	0.385172
0.565271	0.831103	0.0245754
0.357941	0.921997	0.15478
0.375149	0.100086	0.926321
0.430939	0.913447	0.108925
0.304586	0.542306	0.787659
0.369297	0.118194	0.927773
0.134602	0.950657	0.286054
0.511935	0.870713	0.0292853
0.759729	0.302054	0.577261
0.392499	0.519128	0.761411
0.487498	0.669026	0.563245
0.939945	0.318596	0.146033
0.356579	0.673031	0.675327
0.847577	1.35795e-08	0.534944
0.616583	0.282366	0.75541
0.461707	0.837133	0.33222
0.147959	0.493847	0.858369
0.461138	0.892715	0.00387165
0.368568	0.937207	0.0394867
0.00614974	0.251698	0.972614
0.965385	0.0944449	0.245388
0.726807	0.332843	0.633831
0.193822	0.33805	0.922289
0.474162	0.824861	0.315239
0.269114	0.486212	0.833155
0.413292	0.132274	0.907125
0.146992	0.987783	0.0636029
0.200416	0.345287	0.9194
0.165554	0.934558	0.342931
0.644777	0.768711	1.53289e-134
0.361486	0.857524	0.380105
0.820245	0.107649	0.581358
0.984223	0.140763	0.126308
0.533915	0.681868	0.512535
0.0660315	0.666003	0.762446
0.318489	0.769859	0.555997
0.305397	0.406225	0.864279
0.220755	0.38293	0.906625
0.666254	0.352301	0.668459
0.41751	0.133625	0.905467
0.378926	0.366136	0.85674
3.74947e-33	6.12334e-17	1.00002
5.99753e-17	1.41592e-17	1.0064
6.1233e-17	1.00001	0
0.423471	0.585464	0.693612
0.0250454	0.960322	0.277817
0.509404	0.207161	0.83622
0.585234	0.808959	0.0814763
0.522357	0.170667	0.851929
0.917658	0.358697	0.177673
0.303507	0.642144	0.718227
0.9564	0.217649	0.200924
0.780444	0.25188	0.587708
0.326963	0.369653	0.879937
0.310468	0.77877	0.557354
0.531701	0.794206	0.318019
0.105729	0.947199	0.327413
0.718957	0.517746	0.474449
0.76986	0.609246	0.206409
0.440371	0.142125	0.899545
0.0513519	0.191718	0.980609
0.0186781	0.677572	0.737267
0.569821	0.818256	0.0907717
0.0657623	0.669765	0.748028
0.207785	0.0451333	0.994208
0.557317	0.839643	0.0111141
0.351375	0.115228	0.932495
0.372898	0.761279	0.535686
0.749064	0.161222	0.644399
0.625957	0.201164	0.760824
0.416307	0.63117	0.661734
0.988157	0.0779304	0.161174
0.113319	0.267932	0.958651
0.0776243	0.151319	0.987651
0.615942	0.737363	0.299644
0.551056	0.182837	0.815894
0.17724	0.374994	0.91111
0.968252	0.233742	0.096098
0.21721	0.459561	0.862563
0.379637	0.432471	0.827651
0.690234	0.129031	0.713614
0.627849	0.085753	0.77462
0.941026	0.00815898	0.341314
0.183489	0.951526	0.254716
0.431228	0.878255	0.236457
0.781861	0.625401	0.00621398
0.9783	0.210561	0.0232701
0.989335	0.0095635	0.164119
0.271432	0.564593	0.78306
0.831471	0.556493	0.121197
0.190737	0.658427	0.729575
0.264141	0.523229	0.812485
0.798257	0.592305	0.217823
0.415634	0.920739	0.0172208
0.0974994	0.314306	0.944649
0.925137	0.382753	0.034552
0.279049	0.400711	0.887809
0.857002	0.136154	0.503754
0.913067	0.0493362	0.423336
0.658051	0.729709	0.201282
0.702013	0.645348	0.308677
0.683538	0.490236	0.569518
0.887573	0.10431	0.463034
0.836624	0.553711	0.110018
0.172641	0.895269	0.415782
0.149986	0.378008	0.921448
0.594383	0.51027	0.625008
0.804355	0.0597064	0.595189
0.245018	0.741673	0.635728
0.845615	0.30377	0.446072
0.212323	0.428694	0.888162
0.10962	0.363515	0.928259
0.118225	0.944867	0.318948
0.592115	0.544321	0.621837
0.140658	0.855105	0.500648
0.905597	0.350793	0.25923
0.790095	0.606752	0.145383
0.877909	0.298953	0.378052
0.157907	0.704715	0.693288
0.471075	0.382146	0.795266
0.251257	0.753295	0.609453
0.618208	0.442303	0.66527
0.93947	0.319916	0.148087
0.463429	0.698154	0.577079
0.392302	0.467168	0.799791
0.0594495	0.596868	0.804141
0.659515	0.131224	0.742509
0.884155	0.397149	0.248344
0.148574	0.449731	0.883507
0.677015	0.703736	0.262573
0.566328	0.825224	2.89984e-05
0.710818	0.535498	0.462018
0.131858	0.914948	0.392416
0.710448	0.235525	0.670165
0.125216	0.992782	0.119678
0.824189	0.291186	0.488677
0.410895	0.507298	0.759305
0.637647	0.768402	0.0607049
0.527745	0.707661	0.480402
0.465863	0.512676	0.726974
0.4925	0.618384	0.615606
0.5402	0.212651	0.815826
0.8985	0.371733	0.237807
0.229304	0.968804	0.109175
0.0100726	0.27158	0.966041
0.294664	0.891943	0.356102
0.859971	0.0378409	0.511282
0.841218	0.485117	0.28557
0.702902	0.652024	0.290732
0.795762	0.615725	0.0536907
0.0417295	0.999038	0.0345079
0.73216	0.566065	0.385392
0.0895301	0.911832	0.405127
0.965338	0.226444	0.152413
0.582003	0.535025	0.630742
0.161963	0.714934	0.682973
0.854216	0.347362	0.441195
0.0456974	0.995048	0.124979
0.175954	0.983993	0.0511456
0.271294	0.573023	0.782887
0.603719	0.681734	0.421097
0.115963	0.225757	0.975163
0.884479	0.334457	0.362795
0.913433	0.306188	0.272159
0.732572	0.551886	0.408848
0.9341	0.329445	0.147796
0.438094	0.884496	0.188437
0.150052	0.980973	0.141282
0.997853	0.0372428	0.0652502
0.341973	0.852979	0.396178
0.0700015	0.312406	0.949205
0.151661	0.187301	0.971307
0.418911	0.845765	0.348474
0.474083	0.68897	0.551771
0.588964	0.814114	0.0744703
0.357613	0.924299	0.144635
0.608599	0.78358	0.1343
0.447605	0.0950839	0.89554
0.865552	0.294745	0.413121
0.543168	0.128166	0.842372
0.893997	0.363645	0.283274
0.959971	0.218462	0.187348
0.256544	0.829123	0.532494
0.365871	0.934391	0.00326516
0.033212	0.891893	0.455856
0.0284536	0.178471	0.985412
0.704306	0.683977	0.21896
0.490714	0.706275	0.527652
0.483345	0.44433	0.756701
0.28652	0.418859	0.863935
0.0547368	0.244282	0.970613
0.724803	0.579761	0.375424
0.00401711	0.941012	0.341303
0.137676	0.657372	0.754441
0.433923	0.904352	0.00304034
0.481172	0.102215	0.88177
0.902685	0.33909	0.284914
0.696481	0.524697	0.496905
0.301118	0.906706	0.317141
0.0719891	0.343401	0.938748
0.694163	0.49989	0.524837
0.465402	0.705604	0.543228
0.666269	0.530405	0.536885
0.379721	0.473161	0.795398
0.113175	0.942124	0.332769
0.477277	0.438752	0.763958
0.691165	0.503494	0.521322
0.653399	0.0238311	0.76219
0.773168	0.27316	0.574447
0.652467	0.496851	0.588376
0.401185	0.916268	0.0653613
0.00630206	0.882895	0.480049
0.646501	0.0235795	0.767853
0.0852419	0.868159	0.492833
0.185331	0.577449	0.796245
0.763394	0.59068	0.302958
0.497016	0.613624	0.614918
0.632653	0.766064	0.118827
0.842943	0.0625707	0.556075
0.808429	0.396625	0.457549
0.890833	0.229194	0.436359
0.168092	0.448135	0.892807
0.542676	0.416747	0.738304
0.275209	0.811824	0.517782
0.757119	0.439483	0.485847
0.399152	0.836029	0.389104
0.688473	0.598356	0.427851
0.628023	0.780033	0.023287
0.664989	0.657309	0.405107
0.387163	0.46974	0.799488
0.697499	0.719763	0.106284
0.229398	0.969202	0.105543
0.744208	0.583067	0.352442
0.0380255	0.845192	0.53741
0.87394	0.280813	0.438466
0.345531	0.673571	0.655071
0.0865663	0.970857	0.230151
2.56618e-17	5.65938e-17	1.01482
1.00001	0	0
0.356103	0.122801	0.930252
0.115197	0.0825168	0.995719
0.446503	0.0339001	0.911282
0.904921	0.421618	0.138621
0.983449	0.227487	0.0321331
0.912681	0.132447	0.389583
0.86816	0.494811	0.0677134
0.125627	0.554799	0.837422
0.894681	0.399204	0.20446
0.151324	0.0190257	0.993331
0.104726	0.605692	0.791341
0.999909	0.0525137	0.0492505
0.25154	0.705731	0.665644
0.472047	0.573525	0.67984
0.635864	0.708431	0.319175
0.189755	0.0655144	0.98395
0.190897	0.203283	0.972004
0.734312	0.490182	0.472531
0.676727	0.0969095	0.736963
0.556177	0.0933187	0.830491
0.316352	0.872298	0.396803
0.482592	0.514734	0.715104
0.699021	0.714439	0.0591393
0.213821	0.40485	0.891844
0.718683	0.6201	0.365299
0.966037	0.13834	0.241512
0.260002	0.55087	0.80439
0.044812	0.759181	0.65166
0.809717	0.548283	0.218637
0.535411	0.260093	0.807246
0.69329	0.590972	0.456675
0.625701	0.30331	0.7285
0.297056	0.632046	0.717903
0.0690076	0.991923	0.140329
0.646118	0.308812	0.700409
0.957983	0.179454	0.270501
0.038626	0.985294	0.169474
0.178106	0.817915	0.555189
0.501049	0.641542	0.599601
0.621689	0.27611	0.743322
0.589571	0.80311	0.193928
0.307493	0.550687	0.782363
0.889	0.469298	0.0305783
0.598696	0.678806	0.446951
0.343881	0.17106	0.924665
0.491728	0.858606	0.161845
0.202257	0.808732	0.560812
0.917042	0.29769	0.275673
0.158047	0.269454	0.950123
0.848149	0.150686	0.524879
0.588292	0.32773	0.749896
0.84364	0.53375	0.155343
0.763918	0.190479	0.619532
0.505122	0.117074	0.856156
0.571476	0.0453865	0.820571
0.358451	0.868455	0.36142
0.397669	0.765829	0.513891
0.51291	0.161953	0.852752
0.941528	0.290409	0.181703
0.0877285	0.784871	0.615167
0.222219	0.979382	0.00495399
0.94082	0.322802	0.121728
0.747811	0.383111	0.593646
0.223958	0.689654	0.691681
0.978809	0.172619	0.14948
0.796871	0.444081	0.418418
0.886798	0.461359	0.116046
0.755092	0.416966	0.529162
0.401753	0.883065	0.259278
0.340368	0.748139	0.576953
0.840254	0.149283	0.537059
0.570719	0.74229	0.378142
0.28675	0.958959	0.0825252
0.051558	0.996363	0.0996634
0.770112	0.656456	0.0398524
0.662642	0.361656	0.658259
0.765233	0.650891	0.0422159
0.911982	0.314279	0.374899
0.12533	0.898824	0.42348
0.597921	0.509159	0.638987
0.566439	0.625815	0.540277
0.00268277	0.453997	0.90829
0.376873	0.893554	0.252465
0.921834	0.232896	0.330042
0.771518	0.145161	0.622386
0.362536	0.878352	0.356268
0.517542	0.37845	0.772832
0.412795	0.773037	0.499268
0.237896	0.302954	0.943471
0.694524	0.692781	0.298576
0.279331	0.934146	0.227173
0.831911	0.473361	0.302481
0.704398	0.596066	0.394606
0.611885	0.779219	0.238307
0.481988	0.222349	0.849871
0.453728	0.826622	0.338505
0.682779	0.296121	0.684321
0.0599483	0.964515	0.263637
0.127429	0.0626932	0.997925
0.164594	0.854809	0.534035
0.423934	0.910062	0.0363834
0.829862	0.37505	0.41666
0.975485	0.15806	0.162524
0.929529	0.347751	0.176872
0.936284	0.346253	0.106153
0.523999	0.714214	0.476321
0.590539	0.627985	0.51733
0.244979	0.546426	0.812111
0.87593	0.0764615	0.494227
0.0506332	0.727808	0.695716
0.970377	0.178289	0.171809
0.85554	0.0672998	0.549294
0.673819	0.740135	0.0733711
0.785019	0.0223272	0.638989
0.872138	0.439733	0.221125
0.268816	0.578801	0.780813
0.656252	0.738011	0.187334
0.423172	0.757857	0.506691
0.617461	0.522499	0.608812
0.824028	0.048804	0.573951
0.440404	0.250591	0.864923
0.949504	0.159314	0.285019
0.247355	0.140746	0.961846
0.343815	0.754727	0.568296
0.208686	0.669137	0.720524
0.685411	0.2362	0.709059
0.690329	0.33535	0.647038
0.735072	0.4761	0.486746
0.975837	0.028196	0.232131
0.523245	0.198037	0.834968
0.405403	0.196733	0.898146
0.779484	0.644393	0.0388367
0.375589	0.891769	0.256902
0.387326	0.216005	0.901648
0.334677	0.938981	0.130087
0.550132	0.262471	0.797536
0.280007	0.936408	0.213853
0.0932563	0.844213	0.552585
0.415405	0.390189	0.845604
0.285279	0.0478659	0.962966
0.339912	0.356639	0.878139
0.411038	0.920855	0.059666
0.742272	3.87179e-237	0.670116
0.331512	0.106363	0.939667
0.0341807	0.603851	0.798674
0.885082	0.435199	0.209008
0.594455	0.810245	0.0220591
0.613919	0.21038	0.763015
0.093644	0.847722	0.547097
0.781852	0.431743	0.454713
0.246609	0.461821	0.857048
0.477282	0.525785	0.708505
0.203834	0.698412	0.690968
0.329305	0.0552528	0.946938
0.327338	0.184786	0.928304
0.942163	0.00428998	0.349811
0.332129	0.00581745	0.951692
0.527495	0.394896	0.766695
0.393105	0.738024	0.586334
0.285512	0.954819	0.0882606
0.668852	0.343983	0.677321
0.650439	0.282996	0.707667
0.65197	0.69427	0.324553
0.429132	0.244178	0.874018
0.862377	0.400896	0.317344
0.0353654	0.904686	0.431158
0.603015	0.791064	0.160979
0.697549	0.410041	0.601009
0.381904	0.488989	0.798927
0.0249106	0.182912	0.996258
0.0825339	0.731498	0.694663
0.720788	0.315149	0.632052
0.0573298	0.97125	0.265427
0.0977918	0.610638	0.796183
0.788775	0.626908	0.0441519
0.548211	0.750834	0.403829
0.197433	0.531516	0.830744
0.436074	0.244101	0.885668
0.466158	0.396956	0.806904
0.0145558	0.784073	0.627294
0.601149	0.0096527	0.817131
6.11529e-17	1.09524e-17	1.01459
0.942653	0.161484	0.310967
0.826945	0.391539	0.41078
0.847641	0.541321	0.0969153
0.545753	0.0160002	0.845993
0.646119	0.298065	0.705077
0.228797	0.699347	0.680271
0.213165	0.818764	0.54449
1.13701e-17	6.05122e-17	1.00553
0.170767	0.0216125	0.990932
0.559272	0.651736	0.523752
0.101565	0.711786	0.704454
0.793927	0.465217	0.400571
0.768475	0.282623	0.609821
0.78307	0.615499	0.115848
0.780506	0.327623	0.550871
0.732393	0.333756	0.600827
0.633108	0.312764	0.713935
0.689701	0.724648	0.0515526
0.237621	0.625445	0.745607
0.847328	0.420488	0.332391
0.368814	0.536164	0.768831
0.455402	0.15843	0.888413
0.837042	0.477856	0.267077
0.580552	0.816057	0.0356027
0.75009	0.148618	0.650328
0.223778	0.642468	0.751222
0.961678	0.182254	0.223291
0.737696	0.604405	0.307539
0.441488	0.701697	0.564016
0.573031	0.822183	0.0324198
0.889565	0.446365	0.144113
0.332934	0.876318	0.349411
0.826738	0.257774	0.505611
0.812683	0.58199	0.0836327
0.702335	0.279812	0.663527
0.659127	0.0805091	0.757426
0.12453	0.543807	0.852999
0.700657	0.597345	0.408662
0.615142	0.038303	0.789112
0.42926	0.442759	0.789561
0.667199	0.546646	0.510792
0.349157	0.931903	0.169414
0.092908	0.245734	0.966517
0.372716	0.660457	0.657718
0.162909	0.240136	0.958752
0.212354	0.0392728	0.977516
0.742436	0.399096	0.547137
0.513033	0.745727	0.430666
0.495596	0.742526	0.453105
0.688375	0.730992	0.107679
0.835859	0.264079	0.489124
0.613203	0.560701	0.556967
0.173256	0.220537	0.964268
0.595843	0.674616	0.506341
0.90735	0.392062	0.209241
0.695206	0.273225	0.671753
0.47438	0.0609024	0.88415
0.815334	0.576939	0.0880645
0.320384	0.525472	0.809145
0.927807	0.119886	0.373243
0.866944	0.497587	0.153389
0.503416	0.0692916	0.868653
0.192939	0.985661	0.066741
0.628783	0.375669	0.682085
0.799514	0.264723	0.572977
0.758117	0.554508	0.345909
0.111652	0.998179	0.044341
0.100595	0.739286	0.677028
0.0697174	0.488594	0.87202
0.0493934	0.436971	0.911351
0.0177486	0.996016	0.160926
0.671875	0.339101	0.67254
0.566031	0.708558	0.425195
0.301728	0.162193	0.947672
0.401049	0.678166	0.619855
0.713596	0.297853	0.642084
0.827357	0.502076	0.268169
0.0767259	0.551201	0.832649
0.868575	0.274415	0.423688
0.887009	0.404161	0.238848
0.253917	0.971729	0.0533319
0.723989	0.305832	0.63603
0.318644	0.919572	0.230587
0.157995	0.688848	0.714527
0.18581	0.913144	0.384876
0.447148	0.792685	0.468676
0.385987	0.186903	0.920998
0.38957	0.209413	0.903482
0.355893	0.545036	0.77858
0.898183	0.460005	0.0965987
0.117562	0.888404	0.45677
0.056008	0.809446	0.591805
0.930825	0.351631	0.120323
0.196364	0.0937703	0.981553
0.755663	0.295485	0.586771
0.555618	0.253641	0.796507
0.199867	0.786698	0.586626
0.408159	0.145681	0.905236
0.29581	0.524401	0.826482
0.949301	0.175564	0.292064
0.709417	0.299677	0.652958
0.310895	0.132155	0.945019
0.00580078	0.936729	0.351701
0.60911	0.567371	0.566323
0.186173	0.979825	0.100238
0.602018	0.695845	0.395261
0.463849	0.583216	0.685763
0.544143	0.227167	0.8119
0.996454	0.00943553	0.127825
0.915106	0.362116	0.199255
0.981432	0.181688	0.0923623
0.0328958	0.975625	0.254452
0.859955	0.298854	0.416971
0.994225	0.100548	0.0773489
0.109592	0.927396	0.359825
0.18118	0.953546	0.24489
0.647607	0.481954	0.594806
0.447037	0.508411	0.747546
0.20786	0.584597	0.787228
0.895277	0.373758	0.278226
0.229028	0.668081	0.723937
0.264982	0.776703	0.593975
0.778568	0.633096	0.0675653
0.458039	0.241288	0.86353
0.0863105	0.19989	0.981145
0.424592	0.837896	0.362387
0.233696	0.66652	0.723992
0.27113	0.40622	0.881911
0.864532	0.514434	0.0676731
0.353145	0.796196	0.517432
0.991143	0.0539656	0.125513
0.85594	0.516082	0.139318
0.264157	0.193133	0.951257
0.920817	0.408253	0.130432
0.255408	0.863569	0.485003
0.325375	0.91858	0.257368
0.970667	3.91629e-05	0.24575
0.136523	0.591231	0.799915
0.937736	4.71281e-241	0.352072
0.144633	0.761198	0.633471
0.413704	0.557469	0.740015
0.394941	0.35715	0.873602
0.0662398	0.948663	0.327853
0.379502	0.601345	0.733897
0.683496	0.540232	0.494053
0.533892	0.30643	0.796345
0.527474	0.804476	0.293865
0.838892	0.107041	0.543968
0.0666425	0.288604	0.959257
0.149847	0.68433	0.739468
0.247155	0.605816	0.763211
0.992352	0.129247	0.0285149
0.282801	0.847843	0.48135
0.482343	0.861289	0.191579
0.490697	0.219228	0.847035
0.326981	0.864839	0.383801
0.901883	0.166795	0.403642
0.318893	0.865501	0.439476
0.518381	0.85986	0.0223533
0.47089	0.750056	0.498209
0.910946	0.413498	0.0264825
0.852829	0.450941	0.288835
0.715732	0.51864	0.475329
0.679356	0.579185	0.464661
0.338615	0.310682	0.890559
0.263093	0.679853	0.693734
0.774381	0.462657	0.459784
0.0706424	0.594425	0.818276
0.885131	0.520272	0.00370174
0.216011	0.960478	0.216396
0.839899	0.115606	0.539132
0.300064	0.825834	0.53586
0.747663	0.139541	0.654607
0.0433555	0.387603	0.926768
0.477622	0.218036	0.861389
0.0512762	0.345432	0.939952
0.27191	0.926227	0.295011
0.879174	0.305856	0.384463
0.0278975	0.692936	0.73203
0.972967	0.21739	0.099912
0.506584	0.235281	0.835702
0.33572	0.903894	0.29455
0.0394017	0.353182	0.938761
0.468531	0.792275	0.391948
0.209965	0.945415	0.255768
0.51878	0.860523	0.0134055
0.11747	0.897958	0.434646
0.588418	0.264991	0.766307
0.535896	0.305216	0.801935
0.645619	0.121716	0.755286
0.275767	0.965156	0.0796741
0.905327	0.381035	0.227055
0.95433	0.00756641	0.313918
0.503596	0.229893	0.843428
0.851826	0.42272	0.322365
0.0212253	0.349426	0.94014
0.499484	0.825792	0.273772
0.524259	0.850019	0.183171
0.241552	0.790801	0.571735
0.718467	0.137415	0.683696
0.540203	0.110186	0.83819
0.384094	0.185986	0.922435
0.0607504	0.923632	0.398329
0.94716	2.03547e-148	0.343607
4.43937e-17	4.43727e-17	1.02507
0.176112	0.592285	0.788519
0.989231	0.0138147	0.151583
0.817974	0.437405	0.376127
0.255758	0.612644	0.751108
0.0928069	0.967645	0.246776
0.305107	0.959635	0.0273057
0.0403736	0.500351	0.874138
0.827974	0.529307	0.205765
0.0577476	0.733363	0.685431
0.907525	0.188805	0.389115
0.553423	0.638209	0.540267
0.216252	0.306161	0.94496
0.050245	0.875925	0.508445
0.524453	0.333068	0.792153
0.39941	0.419133	0.82423
0.139259	0.808056	0.584684
0.809208	0.233346	0.576037
0.583308	0.798238	0.198436
0.500247	0.855615	0.220824
0.0165868	0.434135	0.902615
0.0792549	0.15537	0.98829
0.349297	0.946928	7.17062e-08
0.126461	0.339308	0.942589
0.150694	0.741412	0.660465
0.163296	0.9984	0.0142463
0.451913	0.457444	0.770925
0.145823	0.889908	0.452045
0.360261	0.680864	0.653842
0.513616	0.625959	0.593462
0.599163	0.268544	0.76135
0.632341	0.415278	0.660413
0.383558	0.389452	0.847394
0.530093	0.124103	0.840836
0.59016	0.071733	0.8131
0.2031	0.694091	0.692753
0.995182	0.068253	0.0869283
0.365215	0.0855028	0.929187
0.424713	0.81925	0.414582
0.884727	0.293109	0.368857
0.342191	0.941092	0.0436592
0.477923	0.31816	0.833314
0.776779	0.233481	0.589918
0.284758	0.311601	0.914004
0.00987055	0.359096	0.934214
0.674811	0.739318	0.0955872
0.974106	0.00820575	0.240049
0.850323	0.543601	0.0566313
0.183737	0.663718	0.740402
0.27516	0.0297768	0.962134
0.700638	0.733727	0.0515018
0.0312363	0.817565	0.605406
0.832986	0.466622	0.299636
0.96213	0.0457099	0.271094
0.79622	0.142693	0.60726
0.535358	0.511435	0.708339
0.54566	0.548208	0.635948
0.460545	0.904698	0.0185532
0.567644	0.618391	0.561847
0.939742	0.325686	0.124574
0.169636	0.985357	0.138574
0.933146	0.107838	0.360715
0.581233	0.369127	0.734518
0.915395	0.38195	0.173577
0.74807	0.643729	0.17933
0.958999	0.0708164	0.282605
0.465579	0.88337	0.0744506
0.797076	0.606351	0.116866
0.472175	0.0516769	0.882004
0.689103	0.000667664	0.725803
0.56401	0.835768	0.0314123
0.561172	0.477368	0.712535
0.568454	0.757889	0.327711
0.288146	0.897565	0.343814
0.0700898	0.979869	0.20831
0.710115	0.684659	0.182432
0.326283	0.24821	0.922083
0.754496	0.658044	0.0413314
0.554262	0.553772	0.628119
0.815063	0.0108204	0.597441
0.693099	0.376361	0.616288
0.314515	0.75125	0.594224
0.903666	0.307091	0.303342
0.119066	0.848183	0.526667
0.0120576	0.398151	0.925332
0.608899	0.0374288	0.798611
0.268023	0.177169	0.949707
0.762711	0.178563	0.644291
0.841369	0.563201	0.0349751
0.707569	0.475307	0.547549
0.364152	0.387093	0.853218
0.394952	0.929481	0.0752975
0.344079	0.365756	0.870646
0.625672	0.666169	0.418085
0.128773	0.27851	0.95653
0.716046	0.0943582	0.697496
0.542352	0.841051	0.102501
0.0832308	0.0795115	0.997873
0.108739	0.909488	0.408073
0.278531	0.783695	0.55722
0.316666	0.854788	0.430235
0.68183	0.621396	0.393006
0.413562	0.117649	0.904075
0.807641	0.516314	0.321395
0.188947	0.650209	0.738705
0.934004	0.290565	0.214662
0.743214	0.44548	0.503197
0.169267	0.575017	0.804167
0.430989	0.901108	0.131037
0.863718	0.169499	0.48238
0.294646	0.70379	0.668387
0.387241	0.707032	0.613207
0.329911	0.346492	0.888025
0.799118	0.464969	0.424807
0.107585	0.913799	0.398725
0.342168	0.925192	0.202337
0.706412	0.165383	0.702872
0.671904	0.746395	0.0656751
0.660425	0.72268	0.235753
0.876194	0.314426	0.369171
0.0667223	0.210201	0.978208
0.720059	0.222088	0.672398
0.66823	0.585403	0.471372
0.683111	0.713965	0.265303
0.482245	0.150024	0.864693
0.226692	0.708871	0.673178
0.945018	0.327515	0.116748
0.441193	0.137253	0.888713
0.0266162	0.69664	0.72604
0.643909	0.563061	0.519358
0.78684	0.498131	0.368559
0.4207	0.488923	0.765939
0.764218	0.429732	0.483759
0.619311	0.597882	0.534813
0.0894409	0.478371	0.879578
0.430753	0.00381213	0.905756
0.968199	0.0415413	0.257002
0.983667	0.193039	0.0781967
0.236363	0.952299	0.214888
0.890742	0.324599	0.329155
0.832079	0.4646	0.332982
0.90089	0.0574155	0.434788
0.137083	0.0387239	0.994881
0.929724	0.119233	0.353417
0.950766	0.0437699	0.345411
0.53983	0.225245	0.819973
0.0556713	0.209033	0.985213
0.249565	0.926235	0.323281
0.868146	0.494761	0.062202
0.982414	0.20857	0.135248
0.726542	0.212002	0.677752
0.541784	0.570174	0.631176
0.558242	0.560848	0.613901
0.447878	0.139763	0.88567
0.0902193	0.978147	0.277254
0.485088	0.152699	0.862507
0.855968	0.193776	0.480975
0.714716	0.0909038	0.69799
0.734886	0.661344	0.155325
0.649807	0.653222	0.395337
0.573516	0.330193	0.756141
0.641684	0.565989	0.531589
0.860305	0.252386	0.445711
0.230057	0.976118	0.0159866
0.423395	0.816707	0.420836
0.966833	0.0448397	0.256679
0.487887	0.514665	0.729206
0.323187	0.7149	0.621489
0.434492	0.842847	0.36216
0.617744	0.237076	0.756024
0.702804	0.642754	0.345639
0.393134	0.419786	0.81877
0.197887	0.860022	0.473467
0.898189	0.0557118	0.443318
0.469941	0.132661	0.877419
0.264509	0.265023	0.94396
0.740163	0.468581	0.485828
0.102799	0.88793	0.466718
0.669941	0.586902	0.463193
0.298846	0.928606	0.237503
0.686158	0.717149	0.153279
0.195906	0.205752	0.968261
0.578108	0.577835	0.581382
0.63656	0.34566	0.704226
0.727194	0.435878	0.535774
0.967945	0.280483	0.0338545
0.767566	0.40724	0.504349
0.51334	0.321098	0.810145
0.290711	0.913585	0.289503
0.421839	0.443938	0.806115
0.2753	0.768916	0.582364
0.0986106	0.874169	0.495854
0.454718	0.386811	0.838812
0.797782	0.199338	0.580846
0.640555	0.363222	0.678759
0.606245	0.789678	0.111742
5.99753e-17	1.41592e-17	1.0064
0.549207	0.776397	0.320749
0.392267	0.387766	0.839086
0.101961	0.825523	0.558366
0.767288	0.255803	0.595926
0.381797	0.656913	0.652744
0.175608	0.752727	0.638882
0.49914	0.818527	0.296516
0.0328816	0.271532	0.964911
0.9257	0.215505	0.365905
0.98575	0.135103	0.167657
0.560554	0.484826	0.6764
0.832988	0.331618	0.451181
0.706959	0.707675	0.0779725
0.843228	0.444282	0.305446
0.783451	0.100251	0.624545
0.352302	0.913617	0.214805
0.840033	0.437338	0.329306
0.699488	0.680987	0.230187
0.623507	0.305916	0.729975
0.648146	0.575282	0.507449
0.617207	0.72917	0.313603
0.732769	0.709664	0.0265342
0.630157	0.542995	0.57559
0.0767342	0.562117	0.830275
0.156578	0.607067	0.783834
0.755651	0.294686	0.586785
0.0671098	0.969138	0.244059
0.58298	0.78069	0.242068
0.537751	0.832165	0.179682
0.109446	0.989084	0.106426
0.23765	0.568829	0.790817
0.330943	0.589299	0.749194
0.188606	0.027585	0.990869
0.3724	0.604153	0.712615
0.169232	0.328049	0.932009
0.877742	0.47985	0.0826509
0.712212	0.144282	0.698287
0.147119	0.721396	0.683841
0.166479	0.846735	0.515312
0.183647	0.321535	0.93493
0.367936	0.920217	0.143891
0.823953	0.231353	0.522789
0.809474	0.461051	0.379679
0.20902	0.551478	0.810125
0.443549	0.889078	0.12127
0.214693	0.942424	0.266388
0.447001	0.864643	0.241823
0.819606	0.225926	0.52829
0.453501	0.184608	0.873796
0.108139	0.791084	0.609475
0.0933125	0.150578	0.985232
0.995176	0.0368844	0.102986
0.554516	0.834973	0.044655
0.307393	0.530094	0.805361
0.695623	0.556989	0.496521
0.961907	0.264447	0.0990073
0.563457	0.548554	0.621811
0.725624	0.0440212	0.704197
0.75906	0.248887	0.612921
0.845015	0.353765	0.405293
0.910315	0.428183	0.0998403
0.95752	0.313765	0.0169315
0.114324	0.925615	0.398341
0.842316	0.199193	0.516867
0.220729	0.978671	0.0581926
0.598165	0.804874	0.157098
0.319051	0.639527	0.717286
0.462456	0.499242	0.751879
0.26444	0.6977	0.672717
0.592859	0.797734	0.159768
0.481956	0.470264	0.743982
0.28496	0.539955	0.802421
0.359015	0.374922	0.85676
0.667912	0.66595	0.336445
0.130334	0.915438	0.391638
0.549641	0.277747	0.799143
0.871888	0.16334	0.473095
0.18031	0.343046	0.922722
0.504321	0.138648	0.854195
0.232345	0.369573	0.906615
0.396246	0.909593	0.150702
0.123058	0.972562	0.201842
0.438364	0.0590203	0.901004
0.747602	0.633531	0.211423
0.488481	0.113544	0.867147
0.933708	0.0123646	0.414877
0.637103	0.736055	0.241856
0.517193	0.50804	0.696804
0.532718	0.650221	0.543752
0.918646	0.360622	0.18391
0.227284	0.974234	0.043718
0.585965	0.00765251	0.822874
0.192603	0.979606	0.0985155
0.673661	0.0408688	0.755962
0.662216	0.0891593	0.755398
0.606267	0.806236	0.058508
0.260137	0.808554	0.555737
0.246498	0.678798	0.697466
0.200313	0.945636	0.280677
0.791511	0.160346	0.601601
0.0694578	0.751298	0.66178
0.594797	0.512526	0.62893
0.409701	0.53709	0.782313
0.9661	0.224563	0.138636
0.867922	0.421219	0.275621
0.557037	0.744606	0.413152
0.339444	0.0485452	0.942192
0.313311	0.800829	0.533276
0.528918	0.693377	0.503343
0.573057	0.740549	0.360486
0.254317	0.080162	0.971939
0.325121	0.356167	0.880495
0.345922	0.424129	0.84362
0.424635	0.885049	0.206298
0.939258	0.348968	0.0321678
0.904759	0.240999	0.360458
0.0258518	0.069111	0.999431
0.798198	0.0529305	0.610628
0.774721	0.180078	0.608581
0.29336	0.759119	0.588777
0.296697	0.661458	0.719812
0.278838	0.0793978	0.957157
0.505875	0.855734	0.125886
0.37615	0.461191	0.818807
0.37917	0.652624	0.66024
0.275925	0.0856112	0.959895
0.36064	0.935241	0.00346877
0.38772	0.0771396	0.936488
0.922598	0.253038	0.298693
0.891206	0.177312	0.442156
0.614231	0.594847	0.588908
0.936063	0.109327	0.3442
0.946702	0.311148	0.0913984
0.0476401	0.209122	0.979074
0.0058273	0.901558	0.435641
0.293456	0.570347	0.769202
0.680468	0.659012	0.324136
0.829839	0.150653	0.539771
0.567577	0.572688	0.600753
0.33925	0.330238	0.890311
0.82108	0.18867	0.543579
0.673708	0.58297	0.462139
0.883776	0.126392	0.456344
0.897958	0.169285	0.444639
0.020273	0.933465	0.380543
0.294909	0.906819	0.346387
0.856928	0.456065	0.256691
0.931776	0.28398	0.257579
0.906658	0.239358	0.361003
0.267097	0.966756	0.151535
0.724201	0.395911	0.568452
0.858314	0.452263	0.256544
0.19202	0.890793	0.430337
0.434165	0.711978	0.564461
0.274428	0.883737	0.397511
0.465484	0.872515	0.188719
0.70838	0.709097	0.0631803
0.219327	0.975145	0.0695868
0.00578605	0.895175	0.448304
0.538652	0.0787818	0.847596
0.926459	0.111669	0.406597
0.054915	0.40351	0.916156
0.588145	0.0934545	0.807493
0.742889	0.0643293	0.668177
0.800716	0.392832	0.480899
0.950963	0.254103	0.287092
0.290555	0.373516	0.88341
0.370149	0.644388	0.678226
0.0683284	0.499851	0.868655
0.523442	0.68488	0.512984
0.117974	0.955171	0.28576
0.402879	0.877676	0.27102
0.374305	0.172693	0.923674
0.0591943	0.434953	0.901536
0.653165	0.630639	0.422147
0.805403	0.127799	0.600843
0.519348	0.840964	0.183047
0.997339	0.126693	0.00863149
0.489936	0.176988	0.859976
0.881772	0.466324	0.0887696
0.889809	0.232262	0.402239
0.354213	0.29017	0.893932
0.313229	0.402664	0.861177
0.52983	0.693238	0.495671
0.179014	0.713772	0.6835
0.301842	0.878632	0.380692
0.154444	0.0395288	0.988448
0.419279	0.897862	0.166301
0.898227	0.432929	0.112872
0.32962	0.00237293	0.946989
0.129103	0.847614	0.517824
0.24274	0.970572	0.0499253
0.298587	0.476645	0.832342
0.672089	0.684708	0.301657
1.55355e-17	5.99207e-17	1.01093
0.634613	0.781505	0.0379701
0.985497	0.122801	0.123097
0.103514	0.870209	0.486161
0.561865	0.27992	0.780871
0.327508	0.720022	0.630765
0.36202	0.551593	0.758933
0.217354	0.926399	0.320527
0.275424	0.624522	0.735515
0.197397	0.880055	0.444175
0.441638	0.55381	0.715681
0.692102	0.627372	0.364203
0.169298	0.529133	0.839058
0.265813	0.697168	0.673044
0.597529	0.572914	0.595343
0.538349	0.804753	0.263939
0.157399	0.462491	0.891266
0.148097	0.839377	0.532389
0.341838	0.640522	0.70323
0.239972	0.711571	0.681746
0.336777	0.190429	0.922734
0.88912	0.45907	0.103172
0.721521	0.426073	0.550457
0.391808	0.822357	0.419409
0.62894	0.530444	0.590222
0.114023	0.993731	0.08324
0.896903	0.219869	0.387461
0.304854	0.382284	0.881937
0.146087	0.000395698	0.994634
0.750565	0.633022	0.195788
0.862367	0.488493	0.140911
0.036626	0.60458	0.798012
0.600949	0.774591	0.240867
0.763051	0.651014	0.163578
0.959058	0.133911	0.258187
0.287029	0.4963	0.819849
0.152299	0.199237	0.969773
0.788044	0.536779	0.334264
0.54581	0.0742846	0.837046
0.42153	0.389649	0.820481
0.356452	0.942265	0.0318173
0.910578	0.342283	0.269471
0.782604	0.107015	0.61905
0.811468	0.596175	0.0633628
0.231546	0.598176	0.77492
0.567653	0.736362	0.393319
0.668445	0.0293734	0.754553
0.79729	0.366429	0.48043
0.986917	0.00773706	0.187792
0.552186	0.304286	0.794273
0.680371	0.322011	0.676939
0.0957414	0.507208	0.859145
0.776114	0.435302	0.459158
0.0808859	0.267972	0.966036
0.0430097	0.37829	0.930347
0.25387	0.165263	0.957552
0.839043	0.0668414	0.562714
0.892248	0.449786	0.0686354
0.629709	0.765889	0.213205
0.235356	0.608018	0.768625
0.850021	0.216441	0.486605
0.322876	0.183955	0.932803
0.928457	0.325478	0.194844
0.121328	0.663982	0.740609
0.534208	0.798563	0.28436
0.322823	0.15195	0.942529
0.227162	0.67359	0.71112
0.70517	0.356543	0.635384
0.805872	0.592063	0.0642259
0.408494	0.846538	0.347296
0.645844	0.53393	0.550482
0.947671	0.111306	0.303769
0.976483	0.237056	0.092423
0.909925	0.0806489	0.430831
0.395669	0.825003	0.413936
0.641615	0.436915	0.641954
0.369557	0.249997	0.897962
0.469173	0.883868	0.151643
0.714543	0.421748	0.561371
0.431844	0.7467	0.507969
0.0927423	0.513741	0.854707
0.117045	0.309402	0.953439
0.459634	0.615064	0.659099
0.698068	0.678708	0.251708
0.826577	0.563026	0.100676
0.529718	0.858044	0.180524
0.73007	0.252641	0.63885
0.593745	0.795792	0.146606
0.0577208	0.953809	0.310523
0.857806	0.262646	0.446718
0.435132	0.752384	0.495656
0.77566	0.190147	0.634872
0.882755	0.0121172	0.479469
0.511568	0.521173	0.697431
0.137545	0.893768	0.43076
0.181451	0.10147	0.979078
0.019881	0.817978	0.577089
0.0728929	0.789417	0.615121
0.255768	0.94829	0.226673
0.694132	0.228688	0.707882
0.709239	0.155399	0.68981
0.310131	0.398651	0.872562
0.370243	0.931706	0.0145077
0.00902712	0.986169	0.177976
0.197711	0.290371	0.93707
0.520107	0.0416426	0.857329
0.481776	0.658131	0.613021
0.81852	0.0732298	0.573217
0.261522	0.34726	0.901791
0.21895	0.442498	0.890504
0.576862	0.770071	0.285286
0.588122	0.768284	0.286879
0.503975	0.861825	0.0945525
0.653233	0.744482	0.172696
0.0196963	0.939514	0.366382
0.121508	0.659185	0.74752
0.0241705	0.623332	0.784598
0.963609	0.135699	0.242898
0.381181	0.388338	0.84416
0.234551	0.954093	0.201726
0.778173	0.0497214	0.651814
0.928574	0.0942045	0.376881
0.0923687	0.144232	0.988675
0.912845	0.0844544	0.404608
0.314469	0.212142	0.926945
0.351273	0.800537	0.490182
0.206958	0.26603	0.952765
0.0499219	0.93063	0.382247
0.52659	0.660393	0.542012
0.965318	0.118431	0.242672
0.153918	0.578216	0.806726
0.228074	0.0857319	0.986195
0.71634	0.24789	0.654572
0.655569	0.340829	0.682785
0.839289	0.20375	0.504866
0.757126	0.543471	0.376664
0.734655	0.416468	0.538998
0.75622	0.645186	0.180051
0.824406	0.561547	0.108714
0.745673	0.640767	0.199735
0.379713	0.897992	0.253528
0.700331	0.232169	0.68903
0.95101	0.0925766	0.303733
0.400909	0.205029	0.904791
0.821367	0.559318	0.134576
0.611267	0.352038	0.714717
0.00381842	0.585165	0.814115
0.413276	0.908581	0.131592
0.995052	0.0425875	0.114435
0.487277	0.830868	0.284462
0.682583	0.731141	0
0.107473	0.167817	0.981222
0.648335	0.501223	0.601352
0.404831	0.922593	0.0172029
0.922175	0.0430293	0.387343
0.734048	0.281478	0.632154
0.016293	0.520008	0.868948
0.977944	0.00964205	0.233526
0.0855176	0.471854	0.879733
0.715977	0.69612	0.149393
0.00731582	0.799218	0.605269
0.493824	0.240404	0.838774
0.715663	0.702787	0.0235443
0.00109854	0.175226	0.98961
0.741734	0.260021	0.626763
0.913977	0.081008	0.422966
0.498068	0.842952	0.221883
0.815199	0.412175	0.430094
0.455132	0.786402	0.424139
0.910813	0.363103	0.214381
0.522098	0.174574	0.841999
0.105417	0.583954	0.806421
0.892086	0.449705	0.0750931
0.568928	0.759509	0.34173
0.83723	0.289723	0.468942
0.906964	0.101034	0.413563
0.417022	0.406144	0.814667
0.852108	0.438577	0.294426
0.282425	0.911637	0.310142
0.554123	0.467606	0.694691
0.4988	0.862472	0.09049
0.091433	0.915177	0.399005
0.258147	0.332173	0.913944
0.191076	0.298363	0.935943
0.315562	0.0986326	0.960237
0.938133	0.349165	0.00356383
0.434699	0.886938	0.165223
0.0704172	0.976949	0.214157
0.826182	0.46716	0.317016
3.0507e-17	5.38011e-17	1.01006
0.736627	0.210924	0.68033
0.713537	0.68146	0.176479
0.0873101	0.50373	0.871352
0.496653	0.454222	0.74328
0.730706	0.0273757	0.701914
0.599642	0.80554	0.0332909
0.327794	0.149	0.945875
0.264534	0.0366728	0.96715
0.218828	0.284165	0.934684
0.320882	0.254654	0.913228
0.852894	0.371263	0.389269
0.123299	0.950607	0.305539
0.192504	0.446481	0.876909
0.071169	0.129165	0.993243
0.170784	0.22417	0.961644
0.294733	0.485954	0.823261
0.561016	0.067621	0.831773
0.893233	0.187419	0.411259
0.486559	0.637209	0.59921
0.284028	0.169194	0.957601
0.348469	0.788508	0.508358
0.654014	0.760283	0.0232981
0.77708	0.153772	0.623193
0.335839	0.302077	0.897052
0.80741	0.55641	0.202299
0.305385	0.494593	0.81607
0.275677	0.957742	0.102533
0.511935	0.288047	0.812209
0.142713	0.829269	0.540931
0.592283	0.739293	0.337552
0.423753	0.56794	0.70982
0.608839	0.0685221	0.794952
0.64083	0.744956	0.197727
0.186136	0.867293	0.481418
0.622294	0.24302	0.752442
0.392595	0.794622	0.469096
0.178796	0.491886	0.86185
0.0318076	0.940211	0.352018
0.727134	0.0857984	0.694926
0.076011	0.234539	0.970971
0.632326	0.777807	0.053835
0.365261	0.872988	0.383327
0.78736	0.134766	0.605505
0.678377	0.740222	0.0104068
0.796795	0.549095	0.299575
0.150552	0.88513	0.444341
0.401523	0.650239	0.648631
0.420052	0.891317	0.188978
0.228519	0.948413	0.235659
0.435818	0.461682	0.782154
0.955932	0.294405	0.0809058
0.554707	0.837006	0.0197889
0.755112	0.59926	0.292031
0.830281	0.200197	0.549751
0.782738	0.631795	0.120454
0.108128	0.901112	0.428242
0.67129	0.46854	0.577455
0.481294	0.6097	0.651255
0.141222	0.888962	0.453502
0.201841	0.00836359	0.985043
0.791934	0.240341	0.568849
0.61981	0.409452	0.67234
0.132906	0.956555	0.263654
0.887127	0.389172	0.27527
0.764208	0.434704	0.491495
0.741707	0.338313	0.586037
0.339647	0.124875	0.940407
0.634329	0.590234	0.525773
0.724573	0.692353	0.0388263
0.113975	0.961758	0.271693
0.0473469	0.964692	0.27776
0.538892	0.662877	0.531896
0.271272	0.876976	0.403711
0.126341	0.734133	0.678786
0.00107354	0.704198	0.71705
0.223115	0.925985	0.369162
0.23689	0.258144	0.939261
0.549978	0.715859	0.434115
0.449631	0.13902	0.889186
0.962724	0.27777	0.0587312
0.00976262	0.425254	0.926421
0.684983	0.535521	0.515068
0.385999	0.668012	0.658458
0.0159811	0.992016	0.146496
0.356329	0.712143	0.627997
0.462254	0.496413	0.7491
0.696213	0.701911	0.228393
0.333525	0.0541349	0.94317
0.768345	0.437058	0.490188
0.572739	0.822477	0.00446556
0.0810761	0.134729	0.988291
0.89137	0.388679	0.253227
0.224738	0.932116	0.290117
0.250361	0.599679	0.768316
0.310955	0.511395	0.806254
0.515224	0.854323	0.113958
0.627258	0.414373	0.667404
0.748519	0.309821	0.592424
0.112716	0.544161	0.83497
0.152372	0.851005	0.510811
0.491561	0.624385	0.611536
0.743258	0.467007	0.481562
0.66479	0.69131	0.322763
0.196919	0.26648	0.959745
0.913478	0.0939987	0.419904
0.407787	0.11573	0.908052
0.376775	0.0908478	0.927789
0.685682	0.193603	0.727311
0.424346	0.89608	0.183382
0.16679	0.983912	0.0981436
0.568863	0.747258	0.347965
0.0149583	0.997507	0.163729
0.0660781	0.655179	0.754198
0.602733	0.575638	0.55743
0.281617	0.167758	0.960073
0.840531	0.521736	0.173024
0.837064	0.532248	0.131637
0.867325	0.516662	0.0840903
0.394177	0.797824	0.463863
0.0525731	0.952961	0.304213
0.934675	0.184958	0.332792
0.910177	0.112821	0.419374
0.94702	0.0448642	0.319569
0.732865	0.583507	0.365711
0.383141	0.907487	0.188923
0.0591624	0.420464	0.924767
0.446585	0.019612	0.896796
0.774758	0.00332383	0.65248
0.647049	0.415646	0.643829
0.286623	0.475156	0.850662
0.995938	0.117516	0.0685657
0.42979	0.499795	0.778362
0.563097	0.770076	0.32153
0.411868	0.914603	0.0934311
0.0141661	0.766028	0.656355
0.801456	0.559607	0.222257
0.504455	0.404167	0.769293
0.383391	0.524124	0.76403
0.0327019	0.483809	0.883892
0.518427	0.86646	0.0708732
0.862354	0.513701	0.136452
0.471279	0.0103578	0.890623
0.596061	0.117951	0.804475
0.661242	0.702182	0.297931
0.989796	0.0592996	0.154792
0.802912	0.560623	0.210544
0.041507	0.278728	0.961601
0.00553772	0.800035	0.63754
0.371994	0.104793	0.924548
0.44984	0.92309	0.0243808
0.91854	0.401499	7.48568e-08
0.504386	0.816889	0.284344
0.438799	0.901891	0.0912468
0.19396	0.17739	0.980737
0.54668	0.71802	0.441773
0.481293	0.554336	0.696768
0.487543	0.617615	0.639735
0.520554	0.683706	0.541293
0.617218	0.750307	0.267318
0.53126	0.329765	0.785386
0.702194	0.713931	0.131321
0.903805	0.275485	0.356343
0.532212	0.437331	0.731834
0.647222	0.665396	0.374129
0.924617	0.377181	0.0982067
0.958457	0.290878	0.0551116
0.874534	0.383995	0.352826
0.921092	0.110822	0.407739
0.209974	0.351665	0.914218
0.537257	0.337572	0.77731
0.100152	0.988586	0.139569
0.524945	0.325845	0.791306
0.450917	0.647536	0.628785
0.700817	0.72026	0.0349895
0.158827	0.845728	0.517484
0.252277	0.481918	0.842216
0.926626	0.265171	0.288975
0.843858	0.0503688	0.562121
0.344422	0.791144	0.518898
0.169976	0.987685	0.043314
0.459842	0.5011	0.735411
0.758487	0.23019	0.614645
0.107992	0.106511	0.989936
0.0646008	0.375379	0.929361
0.631159	0.591282	0.524801
0.474058	0.684609	0.556937
0.541757	0.842594	0.238725
0.57046	0.574702	0.59217
0.865547	0.0974134	0.496046
0.441669	0.000849626	0.90585
0.490045	0.147395	0.862205
0.917821	0.358127	0.183803
2.62909e-17	5.70994e-17	1.0266
0.502237	0.0577008	0.863972
0.893635	0.401677	0.20775
0.433324	0.0907277	0.8985
0.356058	0.0386052	0.940429
0.127962	0.960183	0.266142
0.0624127	0.831545	0.560778
0.449254	0.571702	0.688715
0.941324	0.321365	0.159451
0.259096	0.90254	0.366818
0.240251	0.841884	0.490685
0.47096	0.210193	0.859227
0.707455	0.466125	0.573645
0.974871	0.221328	0.0954343
0.728675	0.585414	0.420638
0.882443	0.119754	0.456218
0.731706	0.688858	0.191782
0.924105	0.354177	0.193379
0.282907	0.645001	0.712067
0.490074	0.0508993	0.875096
0.0186025	0.700808	0.730058
0.868181	0.121539	0.485332
0.327699	0.907002	0.328303
0.384484	0.621412	0.702043
0.948125	0.32639	0.0463719
0.549322	0.382781	0.746816
0.0384381	0.1415	0.9897
0.277013	0.343695	0.911246
0.0866693	0.650334	0.769568
0.56103	0.782379	0.29818
0.409352	0.914302	0.023834
0.604887	0.640728	0.476782
0.519859	0.143676	0.845946
0.052786	0.194318	0.980192
0.966445	0.265768	0.0434748
0.754055	0.51129	0.423261
0.134544	0.231844	0.970024
0.640508	0.769633	0.0706092
0.263306	0.969294	0.0155449
0.358516	0.657124	0.663535
0.284468	0.270172	0.922985
0.143339	0.843023	0.520036
0.935106	0.357877	0.0921686
0.301453	0.114445	0.948677
0.0277281	0.282615	0.961742
0.459759	0.10438	0.88925
0.564589	0.282391	0.778819
0.926676	0.257062	0.278018
0.984004	0.103686	0.169998
0.745838	0.439119	0.517768
0.812128	0.55753	0.180674
0.852212	0.475068	0.232993
0.0481334	0.189617	0.983857
0.308481	0.947671	0.210379
0.93014	0.0414326	0.376914
0.532388	0.855703	0.102661
0.591064	0.0724945	0.810296
0.661132	0.536812	0.570239
0.908651	0.24119	0.346564
0.763654	0.293667	0.584515
0.616923	0.425565	0.705308
0.213701	0.577569	0.791375
0.900038	0.303394	0.358354
0.552117	0.200921	0.813432
0.5781	0.415439	0.73467
0.75501	0.518318	0.412131
0.516055	0.111567	0.851644
0.284106	0.951762	0.149744
0.630595	0.786527	0.00543644
0.563368	0.794272	0.256218
0.271504	0.93722	0.265572
0.00981653	0.996766	0.119996
0.221246	0.312226	0.926221
0.194427	0.814875	0.587326
0.391126	0.862991	0.333878
0.172106	0.725039	0.671429
0.0989131	0.892171	0.448436
0.391775	0.907908	0.222537
0.81638	0.57958	0.0621529
0.38628	0.875991	0.31222
0.156457	0.762155	0.633604
0.268436	0.00824561	0.971858
0.410498	0.0116964	0.933421
0.336441	0.779429	0.540561
0.980685	0.0912759	0.2352
0.00873132	0.371518	0.929339
0.913438	0.410579	0.00106672
0.482075	0.883371	0.0109275
0.472974	0.8742	0.134894
0.5103	0.330971	0.822597
0.758022	0.434023	0.511011
0.875204	0.436812	0.218591
0.912016	0.456633	0.0766984
0.248932	0.170893	0.956289
0.777217	0.21505	0.592769
0.719033	0.698617	0.0886272
0.992246	0.015924	0.166017
0.197187	0.985053	0.0187898
0.105932	0.529187	0.846851
0.792728	0.60365	0.104438
0.1816	0.636361	0.755069
0.790401	0.542614	0.290255
0.71488	0.202959	0.680358
0.634953	0.497143	0.592776
0.905131	0.250241	0.345857
0.799458	0.250909	0.553154
0.796473	0.609255	0.0649147
0.298661	0.719839	0.650511
0.474164	0.664809	0.578991
0.49614	0.333601	0.806944
0.183624	0.723367	0.674106
0.768932	0.550681	0.352812
0.52486	0.652037	0.550313
0.406017	0.675013	0.621083
0.736475	0.56336	0.383195
0.834638	0.39358	0.390269
0.157848	0.763451	0.628744
0.612025	0.428913	0.681127
0.148814	0.450787	0.893634
0.318664	0.707491	0.642103
0.33486	0.735279	0.598397
0.40514	0.868129	0.313782
0.253146	0.848045	0.468024
0.349269	0.913414	0.245548
0.188644	0.769883	0.624091
0.0674596	0.261345	0.964699
0.111473	0.388307	0.918251
0.198576	0.631079	0.763211
0.216199	0.61508	0.766526
0.230766	0.900887	0.375876
0.0351768	0.999731	0.000140469
0.757307	0.519895	0.406325
0.422381	0.848493	0.329717
0.452212	0.479007	0.755645
0.602296	0.296405	0.750264
0.558394	0.41954	0.720788
0.214467	0.593599	0.781767
0.372721	0.599071	0.720898
0.0758769	0.717975	0.697948
0.463802	0.693143	0.574675
0.623892	0.488483	0.611873
0.430527	0.446101	0.788291
0.162786	0.95567	0.248712
0.616521	0.000462332	0.787446
0.347007	0.337155	0.881739
0.577272	0.805029	0.185737
0.0924965	0.825297	0.558478
0.818397	0.569855	0.109099
0.681206	0.526301	0.527761
0.0449537	0.973917	0.241921
0.585459	0.69355	0.433867
0.34209	0.168351	0.932912
0.303727	0.921182	0.252394
0.106203	0.988125	0.154276
0.60085	0.307446	0.741478
0.718959	0.547475	0.475457
0.529586	0.851198	0.112153
0.539955	0.746745	0.426897
0.824479	0.0978474	0.563826
0.723131	0.495059	0.493449
0.832013	0.396121	0.395364
0.649919	0.541809	0.535416
0.787729	0.16557	0.602783
0.537723	0.732414	0.432633
0.118259	0.150492	0.983187
0.839863	0.540429	0.079705
0.683808	0.649443	0.34072
0.20058	0.667678	0.720417
0.376909	0.303472	0.878144
0.856598	0.434374	0.281638
0.888391	0.483823	0.0760705
0.167165	0.710123	0.692914
0.39717	0.0901706	0.917371
0.211332	0.707968	0.685236
0.852975	0.0855703	0.525698
0.373725	0.931996	0.0147789
0.951977	0.0138968	0.359214
0.148443	0.558429	0.819567
0.34574	0.772223	0.535384
0.205891	0.867366	0.460756
0.594698	0.810018	0.0352952
0.892121	0.236802	0.394537
0.876423	0.179837	0.465805
0.921404	0.129206	0.375967
0.485397	0.869526	0.131055
0.372284	0.847899	0.384336
0.367248	0.0793385	0.92812
0.149347	0.164015	0.978117
0.996283	0.122195	0.0785263
0.671321	0.50619	0.554695
0.956905	0.153777	0.255008
0.970877	0.0972354	0.233005
0.100517	0.783074	0.618595
0.594908	0.0556074	0.804111
0.385132	0.706672	0.606557
0.583009	0.690648	0.441134
3.74944e-33	6.12331e-17	1.00001
0.971305	0.177839	0.161719
0.124142	0.989369	0.121001
0.993569	0.0350604	0.126854
0.05385	0.435421	0.915259
0.471965	0.612743	0.640949
0.98408	0.107459	0.146966
0.196066	0.983096	0.0829837
0.2771	0.366306	0.895482
0.342464	0.44989	0.834436
0.170026	0.489263	0.871386
0.141539	0.660358	0.740188
0.849275	0.378163	0.382044
0.3519	0.906636	0.254814
0.291774	0.632374	0.719027
0.987693	0.166071	0.0121584
0.677592	0.737731	0.0220553
0.929525	0.369677	0.00693473
0.937189	0.347162	0.0677992
0.00104461	0.790274	0.619771
0.956343	0.00674686	0.301612
0.301388	0.181788	0.939105
0.27213	0.357493	0.904942
0.805131	0.485834	0.34212
0.809082	0.140422	0.585887
0.465753	0.150345	0.881946
0.755129	0.153983	0.652795
0.528254	0.774134	0.373929
0.0623003	0.79789	0.608546
0.23282	0.0833169	0.982001
0.605978	0.591972	0.536035
0.0476279	0.987935	0.148251
0.333845	0.856812	0.407885
0.416935	0.903639	0.10704
2.01427e-17	5.88202e-17	1.01537
0.307064	0.57555	0.779333
0.548336	0.546361	0.63429
0.876884	0.246158	0.460452
0.251234	0.318942	0.922333
0.207708	0.682432	0.703915
0.510072	0.259706	0.824941
0.262037	0.294855	0.928242
0.211773	0.272351	0.951236
0.586545	0.327579	0.754236
0.915693	0.392531	0.0909905
0.729051	0.407279	0.562621
0.874911	0.120866	0.47234
0.533463	0.0285523	0.845361
0.405489	0.836255	0.421516
0.975965	0.0319504	0.222953
0.072151	0.552069	0.839489
0.94809	0.328966	0.0735013
0.136344	0.626855	0.768195
0.396593	0.19406	0.90635
0.32534	0.56348	0.763736
0.0953952	0.960125	0.274793
0.223703	0.816336	0.547279
0.887137	0.353438	0.323627
0.454301	0.893532	0.0829784
0.814518	0.398557	0.446739
0.13962	0.115449	0.985053
0.614858	0.769517	0.210244
0.947718	0.268667	0.173178
0.668859	0.654315	0.358259
0.315912	0.453418	0.838812
0.737219	0.0261316	0.687666
0.239527	0.676644	0.697934
0.156186	0.540185	0.82903
0.156471	0.229302	0.963766
0.702189	0.092238	0.723923
0.402399	0.878628	0.267913
0.320076	0.411634	0.866528
0.893495	0.349479	0.323801
0.366591	0.909803	0.198233
0.0986683	0.793631	0.614656
0.600389	0.598595	0.549495
0.524221	0.224501	0.821898
0.69589	0.613415	0.396973
0.442335	0.419641	0.807506
0.151963	0.702903	0.699117
0.632666	0.641013	0.445969
0.236972	0.926379	0.307086
0.440357	0.43955	0.794193
0.799405	0.430265	0.429578
0.434562	0.209714	0.889245
0.555847	0.808824	0.207327
0.980903	0.186405	0.0979728
0.74928	0.019155	0.673263
0.944795	0.13048	0.307925
0.651578	0.674638	0.388269
0.246861	0.823033	0.526353
0.111156	0.812457	0.585065
0.0187238	0.334606	0.944513
0.507753	0.204492	0.848803
0.574116	0.829911	0.0174958
0.424261	0.530979	0.744904
0.481517	0.870874	0.110848
0.0198979	0.306148	0.958427
0.823529	0.473276	0.346647
0.253752	0.972059	0.05889
0.457546	0.730422	0.523635
0.478341	0.828473	0.319682
0.410187	0.88401	0.251769
0.771147	0.335236	0.554482
0.187203	0.206751	0.960856
0.837762	0.568107	0.04726
0.783218	0.473537	0.416289
0.38107	0.510765	0.774459
0.867442	0.466985	0.187349
0.280295	0.912938	0.317295
0.903822	0.316497	0.291443
0.860119	0.155469	0.50568
0.674318	0.696922	0.292892
0.116541	0.0671674	0.992034
0.266304	0.867368	0.43373
0.623276	0.644728	0.515529
0.682741	0.690677	0.247727
0.327232	0.566756	0.756745
0.424647	0.402861	0.824394
0.782888	0.530895	0.350057
0.270285	0.938909	0.243019
0.817538	0.10739	0.574585
0.257916	0.100329	0.964271
0.388068	0.860319	0.335634
0.844118	0.510357	0.187588
0.834731	0.545973	0.0780077
0.0240511	0.646623	0.784009
0.830476	0.302414	0.475283
0.947142	0.172985	0.282088
0.0053205	0.525807	0.860832
0.62675	0.751238	0.227164
0.811715	0.0266133	0.597506
0.776547	0.311597	0.551515
0.858075	0.501875	0.181622
0.615545	0.0677798	0.800066
0.540025	0.720075	0.440158
0.374049	0.953898	2.54078e-283
0.739955	0.693291	0.0550964
0.36306	0.340821	0.886973
0.70621	0.717266	0.0325259
0.243282	0.973312	0.0432022
0.473949	0.200472	0.85836
0.0725808	0.555358	0.8362
0.0817545	0.851751	0.535522
0.846719	0.443401	0.323895
0.570859	0.0749869	0.82169
0.642574	0.760414	0.0997594
0.95936	0.000190556	0.302556
0.0412558	0.945756	0.330619
0.507355	0.842087	0.192816
0.33133	0.850358	0.413919
0.154142	0.0166056	0.997923
0.658401	0.414787	0.635182
0.919204	0.046657	0.401239
0.287586	0.936685	0.235167
0.108922	0.994424	0.00693495
0.364112	0.820336	0.493148
0.443334	0.516869	0.746324
0.550877	0.721572	0.438105
0.0250632	0.199734	0.988482
0.650478	0.392348	0.659879
0.666842	0.652343	0.365943
0.504488	0.290538	0.814729
0.516071	0.252226	0.831243
0.840601	0.0971547	0.57735
0.793406	0.457271	0.404861
0.432415	0.43061	0.80821
0.0369621	0.28223	0.959655
0.864491	0.242679	0.470355
0.199086	0.814192	0.571879
0.35536	0.615473	0.709375
0.542945	0.52115	0.66484
0.920722	0.046734	0.399818
0.628457	0.694081	0.372822
0.564837	0.797965	0.237743
0.654132	0.620073	0.466371
0.783986	0.314582	0.549544
0.489652	0.498749	0.721602
0.37014	0.798634	0.483198
0.458984	0.582682	0.676033
0.68974	0.687256	0.231305
0.721318	0.4937	0.495266
0.772125	0.139984	0.636039
0.104124	0.0987826	0.9959
0.853181	0.528188	0.0459785
0.680935	0.708723	0.215539
0.0909073	0.200886	0.978295
0.324499	0.87319	0.365523
0.502123	0.848421	0.186575
0.271116	0.962855	0.0341623
0.690529	0.468265	0.571086
0.611095	0.0802722	0.796195
0.909959	0.384077	0.182767
0.485398	0.577366	0.681373
0.763129	0.353523	0.56793
0.96262	0.0204688	0.291491
0.662951	0.628939	0.420847
6.12329e-17	1.00001	0
5.54581e-17	2.61805e-17	1.00155
1.00001	0	0
0.584867	0.644152	0.51351
0.706189	0.322569	0.640846
0.648419	0.727591	0.244489
0.412187	0.169826	0.896738
0.715601	0.504488	0.48649
0.148722	0.506327	0.850512
0.048792	0.21774	0.978619
0.475561	0.18428	0.866469
0.943352	0.341558	0.100245
0.990462	0.0725997	0.129707
0.0793094	0.831855	0.562712
0.958751	0.151604	0.270718
0.785757	0.523896	0.348021
0.440792	0.864391	0.261329
0.329882	0.878965	0.365686
0.0918447	0.570374	0.83422
0.929527	0.12375	0.357251
0.910995	0.368897	0.210712
0.191142	0.979976	0.0865285
0.809082	0.579391	0.141053
0.98952	0.13468	0.115625
0.553146	0.767112	0.328686
0.519961	0.275425	0.811031
0.546075	0.8532	0.0420777
0.945233	0.292145	0.184078
0.595755	0.543232	0.595203
0.431859	0.821473	0.393462
0.856597	0.468449	0.229522
0.251455	0.90789	0.338608
0.509153	0.264736	0.822088
0.180074	0.348053	0.923554
0.909611	0.422958	0.0293171
0.316876	0.858432	0.407493
0.38598	0.78229	0.542015
0.312807	0.630483	0.729232
0.349242	0.653117	0.684071
0.0979828	0.977514	0.200224
0.97308	0.141078	0.222979
0.953316	0.306915	0.162916
0.398698	0.916704	0.0539544
0.425072	0.657423	0.631428
0.669007	0.551928	0.519326
0.979755	0.115802	0.179339
0.780439	0.34905	0.531428
0.191009	0.979293	0.0903195
0.77259	0.63774	0.0200558
0.403018	0.817332	0.432513
0.353655	0.899274	0.258906
0.641678	0.73183	0.235055
0.159266	0.973855	0.224028
0.0552858	0.283448	0.958746
0.293234	0.795572	0.559353
0.274204	0.59461	0.760252
0.465223	0.886011	0.0619574
0.147238	0.237717	0.96363
0.732352	0.112209	0.674912
0.61884	0.280855	0.735474
0.730796	0.5152	0.451457
0.303104	0.147532	0.94382
0.531979	0.0825762	0.850717
0.362004	0.0203358	0.938392
0.436402	0.888047	0.166635
0.757174	0.61824	0.229803
0.677624	0.0966818	0.752236
0.61081	0.563404	0.575635
6.12013e-17	0.999492	0.0332901
0.84166	0.211179	0.539151
0.497285	0.772857	0.409283
0.282972	0.395429	0.878295
0.563132	0.322879	0.782501
0.0286192	0.699369	0.718573
0.847741	0.486064	0.284494
0.762937	0.198155	0.62482
0.22772	0.161547	0.966514
0.491114	0.874043	0.0170389
0.741363	0.0193755	0.681345
0.0332506	0.804947	0.618127
0.115816	0.708172	0.707516
0.457959	0.8038	0.383906
0.371533	0.0946448	0.935315
0.203144	0.107333	0.977352
0.48624	0.569102	0.668654
0.674636	0.44048	0.612224
0.590369	0.82361	0.00891964
0.0207902	0.714612	0.721916
0.902439	0.428759	0.0767512
0.422033	0.810622	0.447705
0.694065	0.603795	0.403993
0.814272	0.0782084	0.604933
0.59505	0.356792	0.727239
0.451526	0.225669	0.870856
0.872743	0.388143	0.311813
0.636233	0.52671	0.58126
0.720176	0.46201	0.523403
0.864939	0.203194	0.474356
0.196704	0.923623	0.330107
0.333554	0.0424169	0.948048
0.920956	0.367507	0.151022
0.603995	0.50467	0.653197
0.886511	0.404935	0.238218
0.951882	0.2942	0.181264
0.611765	0.277643	0.741444
0.308228	0.652307	0.696376
0.38996	0.738939	0.553672
0.572293	0.251973	0.799978
0.702772	0.663528	0.281303
0.00363007	0.962924	0.298695
0.110849	0.648399	0.766822
0.275761	0.400696	0.8786
0.164357	0.770509	0.62098
0.104232	0.747798	0.657662
0.766477	0.449559	0.463817
0.171427	0.348841	0.925707
0.735704	0.678605	0.136883
0.9257	0.0520018	0.377186
0.037419	0.191483	0.994994
0.238595	0.452852	0.859637
0.310087	0.949622	0.155589
0.464163	0.118242	0.886287
0.975783	0.103767	0.195213
0.657752	0.429456	0.623052
0.829073	9.87589e-05	0.575715
0.895239	0.368848	0.251844
0.724039	0.532095	0.459971
0.170752	0.230214	0.960046
0.541058	0.845361	0.144616
0.788594	0.613331	0.145041
0.522378	0.415227	0.774781
0.671707	0.538131	0.516132
0.718584	0.533982	0.469051
0.684415	0.0727821	0.744694
0.92792	0.376628	0.084681
0.295051	0.639817	0.710586
0.802838	0.458968	0.418326
0.919068	0.00740874	0.401971
0.13173	0.604489	0.789589
0.752237	0.501184	0.475368
0.124303	0.512939	0.850622
0.525824	0.293847	0.802831
0.0778525	0.570979	0.828474
0.716222	0.303805	0.634506
0.304944	0.78528	0.553047
0.230657	0.16363	0.965421
0.566126	0.0059644	0.829849
0.626668	0.519776	0.60209
0.421373	0.843216	0.338423
0.825141	0.489281	0.286888
0.820831	0.452154	0.429351
0.836196	0.397287	0.389822
0.0661269	0.0301028	0.999434
0.660624	0.755227	0.161023
0.606105	0.691259	0.405082
0.75171	0.616674	0.237651
0.270153	0.333428	0.916915
0.601924	0.156141	0.787001
0.531418	0.361843	0.768628
0.0958637	0.595332	0.81695
0.865075	0.384733	0.331181
0.0837732	0.479815	0.875578
0.44441	0.032793	0.91485
0.212031	0.670361	0.713669
0.206156	0.435195	0.891098
0.01838	0.958347	0.306347
0.23955	0.720421	0.660618
0.206857	0.797191	0.588208
0.0679015	0.945889	0.320656
0.00631618	0.304345	0.955444
0.213915	0.609463	0.76586
0.488613	0.783556	0.423071
0.0126567	0.194693	0.994987
0.482032	0.0148902	0.884237
0.375766	0.702627	0.610197
0.474128	0.610513	0.637945
0.578612	0.0411811	0.820213
0.134775	0.285226	0.951729
0.631078	0.721449	0.335063
0.1979	0.969983	0.170655
0.210429	0.939064	0.294929
0.374652	0.84617	0.412103
0.665381	0.448112	0.609568
0.92437	0.167317	0.361068
0.395125	0.0372449	0.920919
0.017043	0.957158	0.314532
0.00468892	0.0896785	0.998785
0.119363	0.49255	0.875302
0.451319	0.779744	0.441353
0.485949	0.19507	0.855323
0.416633	0.157954	0.896274
0.0711683	0.188456	0.981549
0.739142	0.481032	0.481156
0.449757	0.881971	0.165108
0.245206	0.80121	0.551162
0.975463	0.248491	0.11049
0.798932	0.324274	0.539277
