6.14473e-17	1.40019e-20	1.00351
3.74944e-33	6.1233e-17	1.00001
0.93186	0.274953	0.243372
0.244424	0.505955	0.839388
0.050823	0.746474	0.680055
0.88582	0.445966	0.176491
0.0697868	0.988744	0.160583
0.270901	0.379373	0.88604
0.0863496	0.96608	0.25519
0.453157	0.193931	0.873958
0.107124	0.769708	0.632833
0.847295	0.509538	0.168239
0.143534	0.994235	0.0555442
0.191262	0.970286	0.151713
0.298898	0.266284	0.923185
0.462546	0.598385	0.665656
0.347427	0.916495	0.266989
0.74003	0.000223922	0.685502
0.638091	0.533942	0.560031
0.368113	0.0138395	0.936862
0.433955	0.294156	0.85448
0.662615	0.469382	0.605481
0.645326	0.708072	0.313335
5.87398e-17	0.959294	0.283186
0.787973	0.219847	0.582436
0.403132	0.907405	0.14029
0.9379	0.245717	0.264106
0.437058	0.849539	0.308331
0.911759	0.425582	0.0527611
0.274021	0.640921	0.728742
0.134224	0.992665	0.0942253
0.153853	0.105353	0.984279
0.899226	0.462163	0.0245161
0.533451	0.848232	0.03918
0.305945	0.693769	0.667422
0.056806	0.83435	0.555127
0.49614	0.301119	0.816615
0.676772	0.68461	0.294359
0.543981	0.84187	0.0712679
0.961575	0.281169	0.019613
0.199234	0.404657	0.898099
0.0743631	0.324423	0.962727
0.511496	0.7782	0.369748
0.670663	0.328533	0.690001
0.842555	0.54284	0.00946923
0.0951178	0.178203	0.990139
0.874159	0.494428	0.0239139
0.863924	0.237247	0.449848
0.310014	0.479781	0.828642
0.570719	0.334666	0.756242
0.856775	0.367357	0.390596
0.25812	0.946195	0.200296
0.254941	0.605244	0.776728
0.317771	0.306878	0.914816
0.889951	0.416775	0.227186
0.819268	0.34234	0.469001
0.113274	0.41523	0.904403
0.745032	0.352796	0.571283
0.157546	0.0412751	0.993073
0.600856	0.802212	0.00946922
0.85627	0.187099	0.495771
0.236339	0.57331	0.789265
0.486365	0.593663	0.643679
0.170777	0.925505	0.342428
0.357287	0.0792694	0.933774
0.590236	0.699584	0.429761
0.303824	0.629985	0.732498
0.782582	0.459545	0.439844
0.52805	0.66186	0.546842
0.352828	0.691945	0.647628
0.619118	0.0739066	0.783398
0.00700527	0.497762	0.878201
0.21551	0.437715	0.879873
0.341261	0.812012	0.502973
0.954124	0.114385	0.293838
0.196723	0.644188	0.750189
0.92217	0.395396	0.00409427
0.481515	0.734351	0.480814
0.540472	0.282983	0.798271
0.427631	0.894051	0.18968
0.990298	0.0562431	0.137115
0.975071	0.0314749	0.226191
0.218937	0.701728	0.699554
0.901875	0.254038	0.354204
0.809443	0.575563	0.183226
0.971519	0.225203	0.115783
0.126513	0.852106	0.525253
0.456288	0.0839671	0.891583
0.0751648	0.555889	0.834303
0.788994	0.337655	0.519538
0.169872	0.846845	0.534516
0.759288	0.654527	0.00412657
0.277493	0.563212	0.787636
0.753038	0.00768117	0.660966
0.837957	0.35862	0.419882
0.131705	0.347431	0.943613
0.14797	0.890417	0.453222
0.70833	0.0795902	0.7054
0.0552643	0.711853	0.710202
0.992564	0.119013	0.110261
0.265965	0.642945	0.721879
0.0763973	0.32191	0.958425
0.686187	0.39014	0.625318
0.0936794	0.625998	0.775502
0.122132	0.140743	0.983643
0.836588	0.551523	0.00169529
0.979311	0.0084569	0.212949
0.29247	0.425105	0.861278
0.505423	0.856578	0.133087
0.555703	0.279768	0.791748
0.00373933	0.933029	0.378372
0.6617	0.169947	0.744994
0.0439431	0.720353	0.694019
0.893545	0.251692	0.376458
0.0335971	0.821771	0.596027
0.296097	0.867517	0.407432
0.916831	0.440356	0.0424583
0.772117	0.453471	0.447863
0.187516	0.958185	0.221471
0.104717	0.203545	0.974418
0.965925	0.167159	0.21096
0.0316032	0.70013	0.716153
0.783176	0.516311	0.350401
0.779602	0.369166	0.51233
0.46992	0.426153	0.777223
0.41989	0.901239	0.138131
0.943689	0.130516	0.338205
0.549614	0.838208	0.0404519
0.182361	0.917901	0.364671
0.0121493	0.863272	0.508206
0.730446	0.418001	0.566475
0.692474	0.434687	0.592508
0.593241	0.287371	0.754483
0.343674	0.727399	0.614892
0.700492	0.667434	0.324359
0.562327	0.790052	0.249174
0.586491	0.0967194	0.811848
0.519389	0.831862	0.20028
0.490543	0.148789	0.863867
0.402266	0.905457	0.251543
0.435449	0.738362	0.540017
0.944873	0.12266	0.338251
0.41027	0.805555	0.453918
0.324192	0.0403525	0.947609
0.113915	0.19852	0.97433
0.38613	0.447941	0.807725
0.546458	0.763686	0.350202
0.161756	0.110765	0.981929
0.393762	0.353866	0.851142
0.116565	0.952047	0.287235
0.325529	0.612647	0.73489
0.64461	0.75705	0.118246
0.217726	0.973856	0.126219
0.29682	0.441625	0.849121
0.381252	0.774349	0.526271
0.565766	0.82234	0.106932
0.47517	0.730647	0.493009
0.171816	0.875038	0.471024
0.445001	0.677034	0.58946
0.402879	0.523958	0.759492
0.203602	0.76465	0.61894
0.712289	0.591393	0.386174
0.419765	0.179647	0.893375
0.13684	0.619271	0.777022
0.842301	0.360479	0.408522
0.360238	0.804717	0.498722
0.378654	0.578261	0.725092
0.703501	0.484516	0.538131
0.810906	0.204103	0.572301
0.266922	0.610269	0.761395
0.410089	0.686654	0.607962
0.133177	0.528791	0.866435
0.231933	0.915705	0.395796
0.47424	0.00589151	0.901453
0.868949	0.446602	0.257985
0.828886	0.0809366	0.55542
0.499668	0.743433	0.448916
0.226903	0.248966	0.951476
0.157667	0.931978	0.332854
0.657184	0.0651932	0.752113
0.576363	0.247125	0.783548
0.537479	0.656054	0.531598
0.20835	0.259906	0.952937
0.581109	0.280205	0.771629
0.285391	0.31314	0.918538
0.776113	0.455746	0.443587
0.764329	0.658715	2.08874e-06
0.503459	0.230541	0.838469
0.1984	0.385643	0.906912
0.727885	0.208714	0.657907
0.354026	0.940463	0.0210322
0.61844	0.229225	0.76538
0.793041	0.543834	0.337941
0.301406	0.490568	0.830004
0.00720337	1.00198	6.72438e-19
1.11392e-17	6.09043e-17	1.01114
0.00705961	0.981985	0.199088
0.992561	0.00468902	0.296363
0.355864	0.710672	0.61273
0.660221	0.284925	0.709625
0.298374	0.728638	0.624793
0.474503	0.434027	0.793948
0.504728	0.764652	0.417399
0.247378	0.966098	0.11531
0.204727	0.969911	0.154621
0.646761	0.531981	0.559052
0.970951	0.259478	0.0252861
0.636064	0.746346	0.219763
0.710918	0.381385	0.593994
0.843688	0.190166	0.51354
0.409879	0.173925	0.908492
0.329508	0.524026	0.803575
0.0531223	0.800561	0.600448
0.606086	0.467533	0.644714
0.345811	0.931615	0.121918
0.0257925	0.85147	0.541798
0.398393	0.885573	0.31292
0.00262726	0.235207	0.996877
0.657458	0.048536	0.752537
0.0382262	0.181089	0.985977
0.165118	0.898794	0.410302
0.436821	0.871866	0.226509
0.372617	0.791584	0.499175
0.22755	0.538416	0.816369
0.360079	0.204958	0.921754
0.855349	0.192794	0.49034
0.0556629	0.83885	0.55181
0.569371	0.804221	0.176969
0.305409	0.168773	0.94565
0.00988564	0.424158	0.933682
0.70402	0.22891	0.675918
0.863734	0.251382	0.453864
0.0806669	0.719609	0.721245
0.00415988	0.444288	0.904768
0.580442	0.314498	0.756046
0.545668	0.0619929	0.848799
0.0435301	0.41656	0.92409
0.11485	0.993237	0.0459232
0.610538	0.155625	0.779914
0.889884	0.264905	0.384488
0.833329	0.343754	0.439803
0.367466	0.848956	0.406767
0.546823	0.834069	0.101022
0.183199	0.949942	0.267068
0.725672	0.683682	0.131964
0.753877	0.661751	0.0426593
0.879152	0.111679	0.472005
0.160494	0.147928	0.98159
0.540638	0.472735	0.708728
0.18413	0.958224	0.23056
0.616383	0.496431	0.637667
0.628686	0.584605	0.524051
0.759108	0.655969	0.0239059
0.741253	0.241017	0.631464
0.411048	0.844354	0.356288
0.106962	0.63767	0.770309
0.314332	0.862582	0.444223
0.812406	0.0502099	0.586265
0.963931	0.224128	0.181514
0.949315	0.301531	0.16413
0.0135896	0.570514	0.82317
0.0313916	0.567795	0.830532
0.0660271	0.923348	0.387774
0.910154	0.399575	0.134217
0.457385	0.136156	0.881589
0.25301	0.702221	0.668712
0.91313	0.244026	0.347838
0.945481	0.121188	0.307533
0.0989506	0.507622	0.857724
0.92599	0.0496518	0.375147
0.103081	0.999145	0.0142268
0.5166	0.219129	0.834221
0.10549	0.7199	0.698834
0.0181672	0.321557	0.951314
0.818482	0.454539	0.365741
0.0860575	0.492955	0.871957
0.479487	0.390362	0.802643
0.111244	0.67672	0.735679
0.334043	0.641489	0.692473
0.623912	0.754604	0.209645
0.77989	0.212632	0.604965
0.920542	0.309871	0.287692
0.516629	0.480405	0.716757
0.220971	0.150795	0.966359
0.0743895	0.962204	0.283781
0.430394	0.135644	0.893574
0.383203	0.595138	0.734663
0.94156	0.349574	0.00653796
0.689895	0.373802	0.628957
0.443597	0.360109	0.824161
0.210148	0.505741	0.838432
0.914118	0.214056	0.363449
0.16198	0.625355	0.77497
0.734778	0.673489	0.128195
0.265673	0.778738	0.584963
0.127586	0.974919	0.236256
0.665267	0.551221	0.510813
0.803922	0.277626	0.534155
0.783125	0.276103	0.564314
0.674802	0.370583	0.638731
0.897978	0.316596	0.317445
0.594759	0.80583	0.138169
0.67941	0.253535	0.715641
0.744673	0.661956	0.120104
0.962594	0.063792	0.276543
0.769783	0.644393	0.017603
0.715811	0.267743	0.66611
0.30568	0.0993911	0.949431
0.935034	0.205873	0.321445
0.0783122	0.437454	0.900761
0.882623	0.305169	0.391203
0.201609	0.161372	0.971973
0.556065	0.761931	0.336301
0.526459	0.185611	0.83409
0.488495	0.758354	0.456121
0.878332	0.48731	0.0635508
0.268384	0.783553	0.579474
0.49382	0.178612	0.860445
0.278343	0.705244	0.659196
0.676619	0.671146	0.30747
0.613436	0.719794	0.330781
0.953541	0.333575	0.0904463
0.828342	0.408482	0.386886
0.802201	0.463199	0.381598
0.495614	0.126331	0.876517
0.191575	0.734284	0.659164
0.372208	0.790714	0.504731
0.620819	0.547176	0.572811
0.903594	0.421624	0.0805232
0.877804	0.407155	0.25709
0.385044	0.82285	0.426823
0.89687	0.115116	0.429822
0.651278	0.0867178	0.759576
0.62346	0.561965	0.552191
0.316915	0.925014	0.247766
0.667987	0.740843	0.142584
0.562685	0.330389	0.763388
0.0146318	0.906546	0.467127
0.394762	0.12848	0.919462
0.236573	0.980465	0.0388221
0.869474	0.256957	0.429876
0.193462	0.452384	0.873097
0.519879	0.0684124	0.852915
0.336031	0.943336	0.0691187
0.348794	0.0386057	0.937713
0.289183	0.916231	0.286783
0.153452	0.225443	0.963976
0.342767	0.683511	0.64878
0.390753	0.868591	0.313298
0.592722	0.520289	0.620487
0.293589	0.81304	0.519658
0.388776	0.830826	0.403344
0.0806414	0.380703	0.926564
0.486694	0.391784	0.790121
0.985383	0.223717	0.000916651
0.956446	0.269579	0.166792
0.250243	0.974446	0.0615946
0.289887	0.918463	0.272728
0.0366795	0.552766	0.839584
0.68566	0.699352	0.236683
0.291971	0.925066	0.252368
0.462326	0.0108572	0.890104
0.232643	0.616891	0.752598
0.974978	0.188413	0.146807
0.494832	0.512281	0.704177
0.321203	0.607526	0.72966
0.277172	0.0898255	0.958102
0.135693	0.856342	0.521223
0.133541	0.815905	0.573952
0.452067	0.396822	0.80109
0.234915	0.691108	0.687229
0.932309	0.0329915	0.387041
0.563711	0.325493	0.761543
0.415438	0.341711	0.84569
0.904861	0.0204874	0.434949
0.14316	0.743177	0.657406
0.594555	0.329596	0.74341
0.618895	0.557622	0.576627
0.175008	0.857942	0.485853
0.857061	0.0110285	0.525697
0.55535	0.894928	0.0365727
0.468582	0.580345	0.6705
0.310064	0.835313	0.461818
0.935527	0.355522	0.0394763
0.697473	0.598904	0.425383
0.0470858	0.627236	0.816539
0.979602	0.189306	0.106384
0.99595	0.0663568	0.0867585
0.775577	0.0831588	0.630007
0.214204	0.279383	0.940719
0.446631	0.523615	0.730735
6.1233e-17	1.00001	0
3.74944e-33	6.1233e-17	1.00001
1.00001	0	0
8.4062e-18	6.0702e-17	1.0008
0.672573	0.294696	0.68489
0.0979043	0.781803	0.668754
0.545884	0.452561	0.70837
0.522965	0.654442	0.564682
0.380368	0.751637	0.547962
0.0391982	0.883762	0.466319
0.80046	0.0268015	0.603943
0.168847	0.368104	0.919187
0.44473	0.910907	0.122529
0.26054	0.677392	0.691398
0.0713057	0.965661	0.275498
0.130959	0.384003	0.924961
0.928462	0.0197392	0.392342
0.281118	0.874628	0.406576
0.499336	0.864523	0.101543
0.420042	0.503001	0.778374
0.409755	0.242294	0.886348
0.881579	0.431114	0.203437
0.0840037	0.978595	0.20159
0.392121	0.922402	0.0473454
0.224021	0.927084	0.319668
0.12898	0.875947	0.473784
0.474136	0.149242	0.870969
0.328154	0.709282	0.631756
0.503807	0.2516	0.826753
0.486805	0.745336	0.514502
0.604774	0.0100014	0.810798
0.597272	0.563585	0.573631
0.691191	0.315836	0.652051
0.72892	0.0548386	0.683898
0.918831	0.280713	0.294054
0.0593627	0.325409	0.948576
0.611652	0.095879	0.797963
0.685571	0.412142	0.605642
0.634125	0.194142	0.755479
0.135749	0.798607	0.587612
0.775003	0.636508	0.0822747
0.234225	0.824063	0.528214
0.180006	0.12902	0.984406
0.0844681	0.984006	0.178237
0.337604	0.716189	0.612715
0.173435	0.944203	0.297112
0.848717	0.423772	0.386895
0.895562	0.118327	0.436411
0.120863	0.674345	0.733185
0.356547	0.10303	0.929704
0.252326	0.1746	0.958484
0.670116	0.731521	0.138212
0.585593	0.799345	0.156296
0.572109	0.625269	0.534154
0.136239	0.997553	0.0407115
0.740297	0.549394	0.417985
0.697347	0.358068	0.632649
0.00682512	0.933578	0.361991
0.286414	0.0827641	0.955629
0.752116	0.0421248	0.659957
0.106673	0.851364	0.52216
0.4588	0.276057	0.849169
0.771908	0.632081	0.091177
0.645412	0.649724	0.420857
0.190551	0.0940971	0.977591
0.663349	0.213683	0.723529
0.715676	0.399364	0.595395
0.305791	0.42381	0.859706
0.439104	0.779674	0.469316
0.858502	0.5272	0.0328963
0.65221	0.210847	0.744024
0.402162	0.232091	0.893495
0.954249	0.162637	0.25755
0.515471	0.843752	0.18477
0.791236	0.394544	0.496789
0.0758927	0.261876	0.966396
0.0445968	0.531606	0.855205
0.29148	0.167088	0.942915
0.922803	0.289128	0.264735
0.782041	0.252819	0.57745
0.725239	0.227014	0.650716
0.185545	0.740749	0.648149
0.817918	0.39168	0.447105
0.866371	0.0607045	0.505132
0.0653795	0.686325	0.727502
0.259344	0.954251	0.185437
0.970989	0.0725121	0.230329
0.398314	0.346083	0.852639
0.0200093	0.457306	0.898488
0.0185144	0.582704	0.816768
0.320852	0.907207	0.276525
0.311563	0.900671	0.30388
0.149531	0.405664	0.904991
0.65527	0.46206	0.598113
0.21892	0.76408	0.620177
0.14164	0.667085	0.735894
0.225379	0.592437	0.774192
0.407979	0.139889	0.905795
0.113202	0.898592	0.458666
0.360663	0.0594598	0.938837
0.0674176	0.044777	0.998221
0.367616	0.43651	0.844214
0.627514	0.416778	0.659971
0.992832	0.15942	0.0530187
0.535385	0.322137	0.786781
0.902997	0.125729	0.434616
0.249789	0.182469	0.957935
0.733631	0.471119	0.493721
0.40296	0.238398	0.887503
0.599454	0.353673	0.72143
0.316106	0.258845	0.914984
0.148694	0.113913	0.989158
0.55643	0.756879	0.351571
0.531603	0.166559	0.836065
0.287411	0.912019	0.306004
0.763417	0.447331	0.481234
0.745711	6.48163e-142	0.668286
0.835464	0.259205	0.510049
0.949619	0.33207	0.032849
0.214064	0.626514	0.756186
0.693357	0.60036	0.411073
0.00490257	0.991036	0.147603
0.155413	0.954427	0.264724
0.969085	1.78985e-05	0.24979
0.843511	0.497664	0.215292
0.845689	0.475809	0.257109
0.805213	0.537747	0.291901
0.37744	0.668186	0.65274
0.16314	0.269408	0.956678
0.0480713	0.871743	0.498979
0.992367	0	0.132942
0.0337471	0.619891	0.792179
0.786323	0.111883	0.61414
0.11515	0.389107	0.925115
0.754867	0.555081	0.356321
0.264163	0.201013	0.946787
0.708388	0.00550402	0.714413
0.270097	0.482065	0.845162
0.0521158	0.810385	0.585488
0.703342	0.523641	0.486724
0.209724	0.828926	0.520349
0.384694	0.330265	0.876614
0.208515	0.832235	0.522123
0.875631	0.489546	0.0916801
0.446713	0.488447	0.769856
0.852071	0.521459	0.158549
0.961619	0.00227782	0.285336
0.626616	0.191843	0.76219
0.0514164	0.575207	0.820535
0.818048	0.573392	0.0669774
0.445164	0.911794	0.108361
0.460832	0.705569	0.595288
0.428709	0.89126	0.169448
0.515104	0.591684	0.625022
0.927102	0.026009	0.39207
0.825025	0.487849	0.29156
0.889859	0.0132827	0.502628
0.999395	0.0863548	0.0633957
0.568825	0.72331	0.453672
0.906775	0.462095	0.00151721
0.522668	0.812861	0.280086
0.489537	0.364462	0.795498
0.620112	0.747782	0.240615
0.0277567	0.873584	0.4911
0.52151	0.619246	0.609915
0.338021	0.572658	0.766455
0.508464	0.437137	0.749856
0.506314	0.859831	0.106105
0.88527	0.467055	0.0661756
0.365257	0.181828	0.913751
0.0353761	0.990062	0.149323
0.945608	0.291264	0.16515
0.301559	0.873059	0.418795
0.275088	0.967831	0.0255812
0.988571	0.00684423	0.174602
0.267848	0.154577	0.957671
0.024565	0.595204	0.815614
0.561213	0.487621	0.669489
0.465976	0.611202	0.641974
0.723997	0.694758	0.047399
0.565503	0.724244	0.453024
0.810224	0.439296	0.428356
0.542388	0.818607	0.212268
0.158028	0.929671	0.335596
0.241384	0.84925	0.485703
0.3539	0.176174	0.91937
0.433715	0.601107	0.675265
0.19256	0.987579	0.0255815
0.476441	0.335349	0.819034
0.705297	0.217244	0.677707
0.59001	0.202646	0.785538
0.262152	0.142136	0.970674
0.898868	0.4749	0.0147316
0.783316	0.207968	0.591298
1.00001	0	0
3.74944e-33	6.1233e-17	1.00001
6.1233e-17	1.00001	0
5.207e-17	3.33884e-17	1.01017
0.245043	0.0780395	0.968629
0.926886	0.379533	0.028281
0.790891	0.608512	0.0806344
0.919212	0.0604942	0.395511
0.599278	0.725999	0.349616
0.997037	0.108055	0.0543866
0.857271	0.35787	0.3778
0.666879	0.731007	0.164476
0.592607	0.806373	0.0459488
0.142057	0.986175	0.0961276
0.280996	0.970417	0.0916119
0.713447	0.376687	0.648624
0.0132977	0.886109	0.479094
0.984641	0.157006	0.114196
0.585786	0.746791	0.32579
0.150808	0.955811	0.262222
0.475747	0.546644	0.698582
0.836148	0.254544	0.487575
0.518846	0.415005	0.751828
0.654802	0.407258	0.638466
0.746962	0.661723	0.137561
0.695621	0.709035	0.133626
0.0222462	0.166979	0.986817
0.826436	0.36574	0.434894
0.020262	0.859055	0.513862
0.690993	0.145869	0.713252
0.644367	0.534892	0.548753
0.86785	0.18777	0.462643
0.699864	0.0201717	0.726652
0.074711	0.974547	0.225805
0.53092	0.798409	0.300711
0.00201547	0.8275	0.56521
0.235844	0.577758	0.795869
0.306502	0.926705	0.221945
0.809321	0.483786	0.361343
0.038652	0.0536393	0.999764
0.884748	0.0712599	0.479853
0.178541	0.863614	0.498735
0.342907	0.838699	0.432097
0.739281	0.672926	0.132799
0.870626	0.278789	0.427351
0.854606	0.349915	0.385268
0.507132	0.211196	0.854708
0.0858361	0.644281	0.763363
0.00795669	0.231984	0.980325
0.0591543	0.993277	0.110535
0.448493	0.872481	0.199696
0.757755	0.336284	0.592728
0.318681	0.780689	0.552862
0.681918	0.703283	0.210916
0.440484	0.335282	0.838862
0.494552	0.568906	0.658944
0.0930327	0.321288	0.957221
0.840281	0.177384	0.527755
0.137698	0.984986	0.157351
0.811701	0.0938975	0.582834
0.564327	0.692285	0.455974
0.617627	0.787932	0.151448
0.100888	0.638881	0.771596
0.227145	0.774279	0.618934
0.21225	0.851544	0.496315
0.292521	0.0891434	0.954004
0.36712	0.282462	0.889499
0.173989	0.241452	0.95528
0.0993815	0.957026	0.279033
0.03849	0.560136	0.832279
0.972675	0.0150082	0.245304
0.291831	0.670568	0.691254
0.402866	0.430709	0.816274
0.118253	0.986876	0.125666
0.0592647	0.965315	0.258573
0.891055	0.367233	0.280903
0.980942	0.0347514	0.206771
0.312896	0.588358	0.758007
0.417658	0.899798	0.171846
0.93364	0.271951	0.238025
0.999798	0.0294512	0.0677971
0.945466	0.204563	0.262143
0.0927543	0.849118	0.529621
0.753857	0.656171	0.0643254
0.885988	0.446335	0.146006
0.656861	0.604834	0.523176
0.455755	0.185048	0.876063
0.27104	0.521091	0.810598
0.657791	0.447952	0.606835
0.916838	0.103292	0.389624
0.717367	0.223946	0.662987
0.689546	0.530536	0.518267
0.352491	0.401368	0.848583
0.84636	0.499691	0.223555
0.348656	0.596932	0.732837
0.911536	0.0984477	0.407748
0.676012	0.352872	0.65364
0.963271	0.300635	0.0753248
0.399235	0.354317	0.86484
0.630953	0.510939	0.601757
0.191163	0.265286	0.945555
0.77129	0.496541	0.421642
0.445733	0.685289	0.579163
0.855052	0.461597	0.294832
0.740403	0.565207	0.373725
0.210453	0.844334	0.504853
0.557247	0.426848	0.717572
0.221914	0.283154	0.934696
0.784236	0.24874	0.573353
0.359632	0.934825	0.0830728
0.273581	0.93465	0.250634
0.163939	0.854929	0.518554
0.0510213	0.382963	0.926794
0.112574	0.939481	0.336269
0.389867	0.456706	0.808873
0.386457	0.903178	0.19105
0.298949	0.5417	0.80136
0.371598	0.745677	0.566443
0.135229	0.995059	0.055308
0.57625	0.118145	0.812339
0.900348	0.193133	0.402514
0.550211	0.771651	0.320366
0.625734	0.760868	0.181022
0.596677	0.755882	0.288344
0.751989	0.405027	0.53769
0.642384	0.045923	0.780378
0.930209	0.153417	0.364883
0.250209	0.321832	0.929303
0.614267	0.514917	0.61894
0.761662	0.651811	0.0129723
0.463905	0.636143	0.627535
0.326864	0.47651	0.835446
0.173501	0.132901	0.977036
0.550752	0.73632	0.401358
0.940283	0.039243	0.346301
0.965416	0.307507	1.5449e-05
0.631074	0.767362	0.180378
0.0652695	0.793843	0.607361
0.524224	0.735206	0.430604
0.724677	0.62016	0.310268
0.469275	0.197704	0.863674
0.730854	0.610341	0.343056
0.232466	0.582913	0.792375
0.3265	0.960192	0.00888612
0.459792	0.586576	0.68081
0.369636	0.929917	0.0493413
0.497064	0.297129	0.823466
0.411547	0.00181596	0.918982
0.483715	0.821496	0.316263
0.96912	0.269078	0.0225115
0.552768	0.508986	0.664947
0.814359	0.596315	0.00917479
0.838626	0.478232	0.304112
0.959499	0.158247	0.244238
0.441571	0.251069	0.872627
0.711093	0.383881	0.619861
0.544781	0.626687	0.559327
0.00739187	0.980302	0.25886
0.271994	0.921669	0.286771
0.755777	0.551915	0.440992
0.437295	0.946712	0.000953767
0.335978	0.823062	0.464611
0.0958688	0.305548	0.947733
0.186602	0.902601	0.415259
0.696836	0.557372	0.454558
0.533591	0.074687	0.855915
0.0975052	0.28675	0.96369
0.967254	0.215356	0.177349
0.890076	0.464612	2.81707e-05
0.0761672	0.697271	0.716538
0.47038	0.642611	0.610253
0.903604	0.141404	0.412671
0.446237	0.898896	0.123289
0.303714	0.791655	0.543972
0.953255	0.00133698	0.354024
0.464429	0.135279	0.881506
0.428176	0.127512	0.897341
0.951504	0.209012	0.238453
0.267531	0.345996	0.912449
0.733462	0.438439	0.537934
0.581312	0.686881	0.443941
0.775836	0.495817	0.423221
0.981362	0.0127699	0.199401
0.698633	0.128505	0.737237
0.172324	0.532865	0.830174
0.73565	0.0068218	0.688156
0.15397	0.594559	0.793881
0.165452	0.594371	0.797496
0.772779	0.491103	0.428241
0.0584727	0.952415	0.314755
0.722875	0.561861	0.407177
0.252913	0.32709	0.923255
0.44958	0.197747	0.874743
0.275782	0.942211	0.199846
0.636252	0.818382	0.0121234
0.905554	0.139011	0.413375
0.12305	0.888836	0.44269
0.638305	0.0465131	0.775499
0.0522613	0.392271	0.918887
0.12372	0.0962133	0.99501
6.20176e-17	5.49274e-23	1.01282
0.00124641	1.0446	1.77001e-16
0.237914	0.938534	0.269248
0.00243593	1.03836	1.75946e-16
0.946128	0.076514	0.326447
0.581919	0.094613	0.811439
0.15412	0.842658	0.525589
0.255143	0.126553	0.959855
0.419832	0.118997	0.910586
0.0298311	0.720372	0.694781
0.699771	0.564993	0.448157
0.57171	0.320215	0.757967
0.99379	0.0684764	0.101536
0.979587	0.140753	0.154269
0.429075	0.889577	0.190011
0.757234	0.413221	0.512922
0.48787	0.86606	0.126523
0.283321	0.438179	0.873004
0.0086803	0.760185	0.664608
0.343222	0.845547	0.429299
0.890999	0.247172	0.39237
0.726206	0.325309	0.611949
0.273033	0.56152	0.783461
0.0687258	0.95377	0.303389
0.0871478	0.613656	0.788664
0.172471	0.764664	0.639448
0.968375	0.276306	0.0653384
0.395905	0.898096	0.219554
0.576828	0.776267	0.256757
0.855414	0.130944	0.5185
0.563194	0.810161	0.185269
0.11831	0.573664	0.813603
0.215945	0.578323	0.798028
0.749107	0.597368	0.316374
0.838615	0.525664	0.171692
0.0281155	0.730898	0.699432
0.899074	0.229308	0.378053
0.111394	0.54013	0.836189
0.719187	0.402817	0.569822
0.516059	0.831104	0.253124
0.192667	0.260311	0.947176
0.135144	0.75628	0.645904
0.289609	0.884541	0.416856
0.314393	0.949515	0.0803972
0.0455757	0.771935	0.647717
0.0843433	0.982182	0.182776
0.728261	0.330897	0.606223
0.971917	0.264603	0.0087307
0.336386	0.459848	0.829866
0.421181	0.873212	0.293406
0.125086	0.330595	0.938253
0.943016	0.0411716	0.336403
0.956162	0.269328	0.138804
0.80602	0.355413	0.482062
0.352298	0.00201425	0.940316
0.422027	0.178323	0.899081
0.141871	0.682644	0.718485
0.30294	0.932131	0.280154
0.0737647	0.968372	0.24158
0.496998	0.584042	0.67575
0.0216062	0.985298	0.211964
0.16628	0.502191	0.857801
0.619086	0.0504424	0.800816
0.644168	0.77051	0.119524
0.989058	0.156233	0.0482931
0.686716	0.369701	0.636215
0.440872	0.819113	0.384938
0.594721	0.800347	0.0861981
0.769069	0.647551	0.0519319
0.617956	0.752453	0.235625
0.804851	0.185058	0.576805
0.483245	0.555434	0.69371
0.120422	0.637865	0.768078
0.738785	0.366444	0.574845
0.296666	0.744996	0.608466
0.743454	0.674144	0.0383795
0.863906	0.241064	0.454706
0.177758	0.855323	0.489832
0.0935466	0.688117	0.727963
0.70679	0.717102	4.80881e-17
0.797595	0.446733	0.409534
0.783072	0.341012	0.540168
0.0147141	0.821092	0.575923
0.514451	0.835155	0.311172
0.0728259	0.966431	0.25557
0.553906	0.310243	0.774726
0.493585	0.075532	0.872104
0.370747	0.913354	0.228485
0.102567	0.173572	0.980566
0.260869	0.705803	0.682402
0.186885	0.971343	0.161237
0.846584	0.498701	0.216053
0.979014	0.235057	0.0220199
0.968871	0.150742	0.199422
0.385303	0.0161039	0.927027
0.338559	0.940951	0.0929049
0.601819	0.553476	0.587813
0.224336	0.971803	0.0762031
0.612379	0.488909	0.624589
0.884697	0.520325	0.0175902
0.228025	0.378983	0.905027
0.201749	0.873957	0.446939
0.378323	0.585107	0.738969
0.674789	0.544897	0.506574
0.538965	0.31163	0.802665
0.522091	0.231177	0.825154
0.266978	0.785475	0.566687
0.0462635	0.0893815	0.996948
0.535657	0.484257	0.70741
0.188481	0.456156	0.877669
0.00385926	0.533365	0.847538
0.410628	0.906908	0.114117
0.523041	0.422607	0.750841
0.0923207	0.252961	0.964895
0.678949	0.548257	0.50199
0.365626	0.0564317	0.929943
0.761667	0.0043548	0.653543
0.798204	0.362677	0.488559
0.16646	0.0253268	0.986202
0.670808	0.285328	0.687875
0.380582	0.474726	0.811955
0.954494	0.294331	0.0677058
0.811669	0.387119	0.455898
0.833767	0.448397	0.332875
0.0508284	0.255282	0.968595
0.453474	0.619909	0.679071
0.460712	0.657463	0.610848
0.868097	0.490796	0.095058
0.29997	0.712206	0.650152
0.775719	0.465905	0.433972
0.875026	0.50594	0.0724049
0.643996	0.708387	0.318261
0.893285	0.395111	0.224303
0.401754	0.696391	0.600122
0.474827	0.661575	0.593782
0.318159	0.787707	0.531386
0.207321	0.336563	0.920952
0.813502	0.191841	0.55981
0.467909	0.671267	0.588803
0.467347	0.814779	0.349626
0.502895	0.627295	0.600139
0.518119	0.166791	0.842718
0.64051	0.527346	0.592135
0.666815	0.201965	0.719213
0.920909	0.397073	0.0233756
0.473146	0.664694	0.594919
0.158307	0.429522	0.894817
0.181949	0.994818	0.0398408
0.844511	0.43468	0.333972
0.219399	0.550961	0.809121
0.684068	0.220213	0.70169
0.0566446	0.786108	0.625861
0.830313	0.0121845	0.568719
0.85722	0.516774	0.0764766
0.196745	0.196727	0.971975
0.365366	0.0572283	0.929605
0.10054	0.685719	0.7265
0.518318	0.370315	0.778268
0.307194	0.626134	0.722246
0.849952	0.308205	0.459439
0.866208	0.542695	0.0564927
0.130183	0.0392845	0.992431
0.611357	0.622861	0.502042
0.585224	0.290276	0.764121
0.010098	0.880178	0.479664
0.785682	0.607323	0.132505
0.799573	0.35257	0.49425
0.0773236	0.090866	0.99631
0.775423	0.632032	0.114884
0.0680994	0.205671	0.981414
0.614595	0.716528	0.364814
0.159655	0.427366	0.891693
0.754105	0.000311401	0.657933
0.673669	0.736537	0.131077
0.818271	0.192965	0.553956
0.982999	0.216963	0.0244652
0.549081	0.78986	0.353948
0.436233	0.856469	0.285896
0.553007	0.793349	0.28303
0.748436	0.40842	0.530318
0.328686	0.784176	0.539365
0.93144	0.145894	0.344746
0.90412	0.212656	0.4029
0.630043	0.641798	0.448147
0.544884	0.51201	0.702382
0.0633235	0.831301	0.561526
0.359605	0.815751	0.468225
0.356004	0.172303	0.922251
0.321738	0.932552	0.179444
0.511573	0.425817	0.749034
0.446736	0.803388	0.407907
1.14535e-17	6.05057e-17	1.00568
0.149293	0.427036	0.895739
0.471145	0.233516	0.860493
0.435957	0.724806	0.543011
0.324442	0.461729	0.827793
0.671718	0.707686	0.263597
0.392233	0.168189	0.907513
0.499941	0.152475	0.855315
0.339691	0.0277347	0.942419
0.634088	0.630435	0.455933
0.597013	0.350842	0.721697
0.928539	0.22124	0.300181
0.664093	0.283827	0.701271
0.213504	0.744527	0.64641
0.461813	0.80746	0.390511
0.289909	0.715084	0.639113
0.230878	0.781204	0.586246
0.135629	0.652759	0.748037
0.859292	0.344131	0.38076
0.217428	0.62193	0.756624
0.351863	0.885637	0.33077
0.690067	0.69606	0.242283
0.656233	0.577897	0.490244
0.0287521	0.871639	0.494392
0.970389	0.247947	0.0365636
0.36773	0.924236	0.138703
0.491322	0.541321	0.688295
0.155109	0.983839	0.111774
0.983427	0.000413734	0.184986
0.275549	0.919114	0.343053
0.333486	0.941851	0.0661543
0.356518	0.414014	0.841687
0.0511852	0.14437	0.995692
0.911782	0.365152	0.194542
0.815844	0.505503	0.323404
0.206494	0.596254	0.784851
0.477692	0.8225	0.318458
0.195071	0.734821	0.660719
0.955531	0.0671195	0.28854
0.305343	0.211667	0.930101
0.268661	0.437294	0.861674
0.776525	0.585837	0.278909
0.0638868	0.897546	0.461773
0.948663	0.266762	0.175153
0.112196	0.192778	0.980332
0.34456	0.830455	0.442252
0.254536	0.972592	0.00458099
0.781784	0.334127	0.534773
0.529467	0.794469	0.312187
0.301319	0.57354	0.764728
0.767889	0.324275	0.554106
0.907154	0.36781	0.207221
0.38437	0.243186	0.892565
0.100939	0.723847	0.700109
0.86368	0.0528271	0.509064
0.578892	0.467009	0.67068
0.190997	0.726824	0.68315
0.992534	0.106454	0.083728
0.962445	0.0447001	0.277758
0.589419	0.801335	0.111636
0.423633	0.691906	0.594312
0.61051	0.00232678	0.79345
0.259861	0.967764	0.0482311
0.814362	0.0572034	0.578409
0.727962	0.673244	0.144851
0.115267	0.198055	0.975419
0.239874	0.122966	0.965264
0.456137	0.392233	0.804708
0.929094	0.388159	0.0412279
0.641715	0.403787	0.656137
0.200836	0.978148	0.218073
0.840086	0.528609	0.196853
0.420359	0.603916	0.685801
0.804874	0.330382	0.504231
0.142715	0.854094	0.501577
0.527347	0.0749751	0.848455
0.38087	0.376729	0.847265
0.311458	0.947046	0.0939871
0.249567	0.950314	0.228724
0.589823	0.184066	0.790465
0.886933	0.49817	0.0169836
0.287324	0.936954	0.267984
0.279657	0.14336	0.950935
0.508402	0.0125795	0.868109
0.257382	0.9631	0.101609
0.958765	0.176637	0.23895
0.312132	0.892822	0.337567
0.565557	0.539226	0.626389
0.73527	0.684651	0.131548
0.297592	0.826761	0.479454
0.967313	0.136823	0.22224
0.182996	0.954926	0.251364
0.359688	0.938304	0.0245728
0.846235	0.395709	0.374221
0.0411712	0.816312	0.604267
0.223388	0.638978	0.739461
0.444262	0.749296	0.514177
0.160125	0.252467	0.956092
0.8324	0.0484871	0.595154
0.897786	0.129857	0.436313
0.921663	0.115157	0.382529
0.599269	0.571369	0.57064
0.17895	0.46682	0.872476
0.212265	0.612917	0.771389
0.959444	0.0203666	0.302611
0.448512	0.755749	0.487922
0.0793483	0.272214	0.960723
0.146894	0.844546	0.548167
0.569057	0.0348064	0.837697
0.451109	0.492584	0.749423
0.871473	0.470696	0.165474
0.126245	0.122277	0.990797
0.37135	0.933911	0.131595
0.948635	0.314187	0.0612531
0.936409	0.335713	0.119633
0.998345	0.0701269	0.0122234
0.0186091	0.86616	0.514472
0.242021	0.67993	0.705844
0.793431	0.548025	0.291961
0.536145	0.202893	0.822964
0.548193	0.208044	0.8131
0.586496	0.521668	0.629201
0.879891	0.0419237	0.520889
0.545675	0.851198	0.156004
0.108757	0.779912	0.631754
0.79528	0.304381	0.526265
0.403684	0.0246914	0.919211
0.801761	0.399872	0.466645
0.173931	0.88218	0.448156
0.249855	0.294982	0.924863
0.541461	0.844624	0.158844
0.306915	0.8779	0.393673
0.0373606	0.646697	0.77037
0.0571007	0.997428	0.0741048
0.899175	0.419348	0.145668
0.480287	0.0386265	0.879374
0.586553	0.834753	0.153153
0.603504	0.688728	0.420383
0.648434	0.500427	0.588329
0.59144	0.67496	0.475299
0.126877	0.477939	0.879088
0.924799	0.386555	0.0489745
0.233724	0.450011	0.865646
0.0236227	0.913754	0.414524
0.812254	0.0570553	0.581196
0.93771	0.335232	0.121886
0.0138397	1.00171	1.03615e-12
0.448663	0.815249	0.390237
0.609701	0.705341	0.363334
0.892033	0.417125	0.189503
0.567341	0.21362	0.803696
0.540435	0.768007	0.366252
0.165809	0.839428	0.533342
0.824185	0.55087	0.245048
0.772211	0.585905	0.256544
0.694134	0.65027	0.31106
0.407433	0.314552	0.875488
0.942604	0.292221	0.172773
0.397184	0.0813121	0.927398
0.82052	0.496283	0.288252
0.117995	0.554041	0.830943
0.848763	0.534069	0.0338963
0.244547	0.699501	0.673051
0.919931	0.400557	0.0492007
0.520484	0.0395139	0.856847
0.0223221	0.908561	0.427193
0.646151	0.762855	0.0785816
0.23322	0.670804	0.714532
0.22275	0.862453	0.483678
0.623963	0.661109	0.435633
0.0532916	0.930892	0.367076
0.843863	0.490181	0.228234
0.513331	0.470515	0.732313
0.557012	0.163	0.820303
0.0696466	0.624815	0.778375
0.197855	0.737947	0.660022
0.377556	0.908602	0.18836
0.756887	0.519112	0.42351
0.164485	0.900268	0.409537
0.0534325	0.933352	0.357986
0.791087	0.154559	0.610292
0.897965	0.291987	0.350531
0.315373	0.307608	0.910788
0.252037	0.975726	0.0274734
0.072136	0.215755	0.976886
0.592692	0.239165	0.775222
0.721318	0.0927398	0.696665
0.748705	0.624577	0.242235
0.217488	0.72725	0.655102
0.174603	0.664438	0.728269
0.328728	0.258545	0.915741
0.138714	0.474163	0.878277
0.75874	0.515682	0.423324
0.528169	0.443278	0.739847
0.576732	0.564027	0.60509
0.787172	0.165646	0.609056
6.17104e-17	1.34018e-18	1.00804
6.14055e-17	1.00283	1.66583e-11
0.603162	0.703694	0.376251
0.917627	0.397311	0.0815038
0.685397	0.744212	0.103465
0.638306	0.419469	0.676289
0.690489	0.581066	0.432232
0.881805	0.0278565	0.475556
0.284581	0.615356	0.754778
0.352706	0.487414	0.803668
0.670674	0.546573	0.533416
0.53941	0.833833	0.241046
0.667001	0.642292	0.394176
0.861217	0.445768	0.260242
0.864156	0.43342	0.277157
0.712409	0.238035	0.66549
0.834468	0.291312	0.499022
0.733365	0.0143101	0.685911
0.05076	0.889056	0.460536
0.634665	0.631007	0.468922
0.489005	0.475852	0.734856
0.290587	0.378724	0.883704
0.892777	0.310647	0.359581
0.157979	0.954892	0.267503
0.192283	0.457544	0.877345
0.625348	0.782203	0.0226628
0.614516	0.768655	0.195746
0.563595	0.819223	0.122335
0.13683	0.269779	0.956929
0.299798	0.252216	0.92799
0.759099	0.159842	0.642387
0.411152	0.357119	0.844611
0.200972	0.104356	0.974836
0.773449	0.598514	0.220549
0.87207	0.336986	0.355639
0.0646485	0.0928796	0.99537
0.2161	0.426224	0.896739
0.992929	0.110028	0.0626256
0.0442073	0.643273	0.770328
0.141761	0.508548	0.85527
0.268756	0.0995632	0.962098
0.949869	0.316448	0.0446472
0.148015	0.992379	0.105012
0.286722	0.870598	0.404475
0.791013	0.610287	0.0680538
0.930064	0.23213	0.314087
0.650069	0.748577	0.183885
0.0572536	0.800184	0.62011
0.909503	0.222701	0.370425
0.549876	0.641586	0.552869
0.55683	0.537605	0.635687
0.98025	0.0353143	0.223695
0.453398	0.121568	0.885031
0.30579	0.842352	0.450145
0.207554	0.848803	0.487317
0.844402	0.465923	0.298252
0.234275	0.374598	0.90215
0.0727846	0.812335	0.610235
0.82308	0.52516	0.254631
0.330493	0.714634	0.656213
0.256654	0.601105	0.780758
0.117989	0.879279	0.481687
0.31707	0.403371	0.861247
0.160271	0.595601	0.798737
0.531013	0.279516	0.822254
0.325752	0.443482	0.835754
0.00233628	0.366473	0.938492
0.78088	0.175137	0.62204
0.0915542	0.518615	0.855417
0.622889	0.777756	0.147325
0.962507	0.197768	0.201379
0.647769	0.0760375	0.7791
0.797484	0.213827	0.57194
0.98637	0.148498	0.130877
0.295172	0.259599	0.931088
0.783038	0.209954	0.588167
0.91676	0.245808	0.33741
0.366698	0.839511	0.416088
0.493894	0.755089	0.441122
0.547927	0.545826	0.638922
0.441504	0.689314	0.59389
0.746883	0.667096	0.0682138
0.168227	0.0451064	0.986359
0.975448	0.211941	0.093334
0.533862	0.575955	0.625088
0.0682263	1.00015	0.149841
0.933268	0.142496	0.345048
0.464889	0.452385	0.764758
0.817444	0.0319674	0.597305
0.828586	0.256929	0.526445
0.41981	0.229887	0.891625
0.748704	0.630056	0.218852
0.210331	0.96473	0.243643
0.600843	0.803993	0.0827975
0.0267132	0.826972	0.587155
0.637501	0.77447	0.114012
0.910291	0.244074	0.35286
0.522528	0.329382	0.791161
0.58286	0.0832323	0.82842
0.247193	0.932719	0.289904
0.251355	0.948423	0.232211
0.844761	0.53825	0.032347
0.0333853	0.861514	0.522614
0.974144	0.240242	0.0117177
0.835391	0.469139	0.300194
0.404246	0.182595	0.912257
0.207492	0.201297	0.965845
0.690046	0.347425	0.649952
0.255603	0.917513	0.319896
0.846294	0.34889	0.406754
0.116184	0.772351	0.631222
0.474391	0.885347	0.038837
0.951724	0.0540786	0.313631
0.341236	0.939995	0.0668246
0.795988	0.158869	0.616883
0.580191	0.411152	0.721283
0.13889	0.850968	0.519328
0.515527	0.794673	0.333017
0.0117752	0.568381	0.825827
0.958498	8.565e-107	0.287865
0.480864	0.160581	0.864848
0.510756	0.499415	0.700719
0.971332	0.218452	0.0985285
0.0274454	0.645619	0.772014
0.221235	0.697436	0.684326
0.664458	0.657265	0.358643
0.894539	0.134673	0.448821
0.799004	0.53367	0.322713
0.794867	0.194482	0.604334
0.516903	0.014093	0.865032
0.804491	0.588083	0.145177
0.245812	0.965335	0.137783
0.211435	0.862139	0.464571
0.184665	0.0495137	0.983117
0.869697	0.280478	0.423433
0.131325	0.804617	0.60088
0.261664	0.947159	0.23256
0.501802	0.732014	0.46728
0.388125	0.582596	0.725615
0.421808	0.909443	0.0355203
0.86663	0.301501	0.407727
0.826676	0.46878	0.327165
0.49707	0.482228	0.723825
0.109904	0.983166	0.166365
0.587044	0.769057	0.266819
0.390473	0.918715	0.118073
0.457699	0.571655	0.690835
0.181954	0.968395	0.180094
0.0977154	0.0622606	0.99776
0.350327	0.0110096	0.943931
0.0321955	0.813091	0.58288
0.468546	0.29854	0.836875
0.426831	0.884632	0.211076
0.753618	0.166765	0.63916
0.590522	0.654256	0.477644
0.660357	0.145764	0.742373
0.512219	0.4976	0.704624
0.113396	0.989041	0.154296
0.575864	0.577792	0.59184
0.938139	0.331833	0.158626
0.528811	0.845551	0.173841
0.393318	0.0884945	0.917583
0.0846862	0.30399	0.951021
0.755946	0.664843	0.075051
0.653978	0.143864	0.748424
0.313953	0.929093	0.206481
0.100876	0.187214	0.978303
0.00479798	0.943261	0.344254
0.752194	0.171543	0.660506
0.171804	0.448567	0.889226
0.519015	0.151155	0.848421
0.303695	0.0678353	0.955391
0.896702	0.437721	0.0717189
0.178034	0.187042	0.969302
0.749435	0.0146237	0.66877
0.399617	0.84091	0.369019
0.194619	0.686754	0.704301
0.135268	0.859871	0.509556
0.594688	0.649327	0.47807
0.173782	0.9844	0.105689
0.431385	0.0871874	0.901149
0.331988	0.691634	0.663393
0.183445	0.590161	0.79036
0.226798	0.89769	0.417835
0.104853	0.583979	0.81298
0.286529	0.0101997	0.962451
0.382701	0.12701	0.919267
0.133842	0.314216	0.944246
0.568842	0.114197	0.816425
0.402197	0.349341	0.849079
0.221034	0.858487	0.464794
0.00461875	0.724506	0.69685
0.38468	0.714873	0.588969
0.302744	0.670396	0.687973
0.0751782	0.750933	0.664631
0.899269	0.451031	1.42266e-07
0.459157	0.289181	0.84742
0.0724719	1.02951	8.53605e-95
3.74944e-33	6.1233e-17	1.00001
3.59868e-17	5.09644e-17	1.01889
0.647953	0.317155	0.699426
0.45604	0.573882	0.68317
0.979476	0.00457948	0.205912
0.0672247	0.954426	0.299468
0.564691	0.295108	0.772465
0.0399308	0.82539	0.569124
0.267748	0.567034	0.783945
0.19702	0.41739	0.887936
0.258336	0.368182	0.895545
0.508016	0.857825	0.129842
0.187479	0.950233	0.256139
0.462355	0.808683	0.375001
0.701277	0.594882	0.466459
0.942834	0.00376037	0.357999
0.022513	0.473199	0.887991
0.335282	0.707333	0.624163
0.74174	0.648443	0.243581
0.574856	0.6984	0.435384
0.638837	0.32979	0.705204
0.686707	0.598191	0.425172
0.657472	0.0544421	0.754052
0.917194	0.306683	0.317026
0.634518	0.789664	0.00820169
0.928848	0.111687	0.355226
0.321075	0.17891	0.931741
0.142696	0.986826	0.180287
0.373422	0.910867	0.186624
0.231213	0.53503	0.814216
0.790933	0.670935	0.0409783
0.0500632	0.967401	0.280191
0.800951	0.562266	0.220727
0.0311404	0.442117	0.899782
0.519072	0.624894	0.602619
0.813774	0.202124	0.574623
0.471817	0.88151	0.113344
0.98668	0.083763	0.146271
0.34083	0.939971	0.0578078
0.73689	0.613715	0.294844
0.49356	0.0669357	0.878439
0.301012	0.914872	0.284108
0.0992138	0.148273	0.987331
0.198597	0.981575	0.0951186
0.0842925	0.940164	0.341788
0.81992	0.568199	0.11023
0.774846	0.219358	0.594772
0.0150867	0.840058	0.578381
0.384385	0.0292694	0.928264
0.0539588	0.987724	0.151868
0.336735	0.926358	0.174158
0.449918	0.899546	0.0251362
0.996165	0.0805229	0.0796714
0.485457	0.58706	0.652671
0.347809	0.752846	0.582607
0.875596	0.483664	0.0315076
0.856112	0.0227233	0.519457
0.843	0.100437	0.538665
0.57501	0.160182	0.803233
0.562312	0.668271	0.490032
0.868035	0.0230397	0.51785
0.959826	0.215549	0.195233
0.389038	0.119148	0.918931
0.272749	0.446266	0.855373
0.394002	0.783879	0.484884
0.606373	0.0422041	0.80835
0.710824	0.654359	0.278995
0.675118	0.733999	0.100357
0.0524476	0.745055	0.671741
0.107654	0.227509	0.97152
0.95725	0.296895	0.011813
0.671452	0.508291	0.563523
0.50369	0.469294	0.735759
0.84508	0.100685	0.527395
0.20356	0.937907	0.302276
0.312598	0.082309	0.961767
0.917488	0.125032	0.379755
0.214073	0.236438	0.948973
0.587838	0.165793	0.796129
0.249518	0.527419	0.814389
0.151602	0.780442	0.612752
0.991121	0.130845	0.0793555
0.556257	0.385483	0.741558
0.798229	0.553167	0.253253
0.168935	0.343122	0.925243
0.715453	0.705788	0.0664028
0.293651	0.491016	0.821667
0.749333	0.62187	0.232283
0.0105487	0.894086	0.513786
0.305659	0.432245	0.863171
0.96979	0.00492746	0.253274
0.89704	0.146439	0.440905
0.417099	0.639328	0.654022
0.380582	0.478925	0.793561
0.449218	0.806018	0.394287
0.435129	0.546763	0.719105
0.739784	0.229482	0.635567
0.431775	0.0363415	0.90432
0.667785	0.716781	0.227362
0.481882	0.879295	0.166084
0.61908	0.761407	0.200397
0.0879041	0.768565	0.641899
0.828967	0.391727	0.424325
0.885583	0.00250543	0.472727
0.411834	0.874141	0.261799
0.827532	0.291225	0.486589
0.663301	0.241443	0.715414
0.782242	0.435882	0.459934
0.783367	0.436508	0.446814
0.563073	0.070806	0.834629
0.179946	0.972282	0.161671
0.283723	0.404364	0.870614
0.607614	0.523226	0.618007
0.132001	0.358699	0.932201
0.0839837	0.194339	0.982867
0.726134	0.57309	0.386958
0.800507	0.60555	0.133248
0.767125	0.468033	0.447738
0.0891192	0.800754	0.597677
0.682759	0.513061	0.533278
0.147999	0.223518	0.966947
0.888034	0.0929129	0.452903
0.935094	0.26744	0.234256
0.356648	0.0127267	0.93949
0.593312	0.720824	0.396671
0.761653	0.542069	0.405835
0.628144	0.346976	0.703944
0.588267	0.168246	0.794641
5.04442e-17	3.54211e-17	1.00663
0.16332	0.65768	0.737036
0.429309	0.912072	0.0149276
0.599351	0.72154	0.373624
0.728201	0.678475	0.163805
0.167158	0.826184	0.548867
0.00613337	0.50187	0.867238
0.673088	0.354136	0.655325
0.364283	0.0129991	0.938659
0.288779	0.0878174	0.953981
0.537357	0.682413	0.498376
0.0444934	0.834287	0.55649
0.0363579	0.577918	0.823425
0.57627	0.568485	0.598679
0.475351	0.850276	0.228461
0.55433	0.836385	0.0394626
0.157326	0.191137	0.969768
0.117165	0.18216	0.978362
0.922711	0.286234	0.265123
0.409507	0.749574	0.525795
0.223852	0.975359	0.0762636
0.243333	0.514242	0.827414
0.125292	0.676973	0.728199
0.236811	0.302577	0.924514
0.623924	0.766881	0.173331
0.399905	0.699455	0.605372
0.226917	0.62178	0.750355
0.183758	0.904759	0.409746
0.529547	0.182469	0.858876
0.216559	0.45775	0.866312
0.516048	0.863041	0.031502
0.522383	0.854503	0.0407064
0.904933	0.085298	0.419526
0.923184	0.28229	0.27068
0.325986	0.376484	0.878307
0.366469	0.559515	0.758239
0.268326	0.453326	0.858883
0.214295	0.323643	0.923617
0.793287	0.605879	0.0725133
0.0070919	0.580302	0.81683
0.624185	0.798529	0.031298
0.80773	0.319735	0.503884
0.199877	0.9879	8.2518e-05
0.702993	0.603447	0.401651
0.665455	0.0528794	0.763002
0.354671	0.726697	0.589857
0.163569	0.247033	0.958324
0.391708	0.106698	0.91691
0.542272	0.688655	0.486173
0.533448	0.757929	0.470126
0.924509	0.136565	0.357534
0.546846	0.298441	0.800036
0.906306	0.428274	0.0717399
0.669457	0.20503	0.721198
0.122527	0.25837	0.959825
0.619648	0.693658	0.371071
0.912324	0.254976	0.324417
0.402297	0.800382	0.449655
0.125344	0.343888	0.934189
0.443314	0.675827	0.599571
0.805985	0.242569	0.54246
0.396505	0.377991	0.850576
0.679933	0.520564	0.5584
0.861005	0.402915	0.325558
0.637953	0.775329	0.0100255
0.419477	0.834563	0.366337
4.75345e-17	4.04392e-17	1.01921
0.0789756	1.00911	8.08649e-44
0.946661	0.135207	0.303182
0.883335	0.0459983	0.469989
0.302336	0.180535	0.946279
0.252231	0.947611	0.216567
0.605665	0.196974	0.771529
0.0918522	0.88814	0.455567
0.89735	0.000101278	0.487923
0.727744	0.680866	0.132331
0.296755	0.0946529	0.952655
0.614191	0.117437	0.789007
0.0905884	0.971016	0.237954
0.330689	0.197741	0.937714
0.282806	0.929208	0.242126
0.996737	0.101244	0.0338304
0.854919	0.437124	0.29077
0.142	0.86289	0.49772
0.644963	0.524163	0.582162
0.891365	0.304403	0.344476
0.990978	0.150025	0.113696
0.651983	0.715651	0.316841
0.60083	0.729055	0.329994
0.932359	0.00776438	0.391946
0.269979	0.979023	0.0195602
0.860107	0.448082	0.254077
0.321104	0.684618	0.658565
0.234814	0.765465	0.606501
0.4944	0.83826	0.247656
0.383576	0.777916	0.507447
0.259106	0.418496	0.873676
0.224261	0.871426	0.441024
0.263596	0.701613	0.679244
0.079007	0.173135	0.98294
0.681335	0.109607	0.731767
0.546218	0.823808	0.169745
0.438439	0.900027	0.146259
0.105139	0.745745	0.669358
0.659188	0.0216728	0.755393
0.457594	0.797668	0.409947
0.423948	0.348977	0.845117
0.132353	0.704486	0.709131
0.618456	0.54684	0.576031
0.190813	0.372146	0.910202
0.118425	0.497795	0.860963
0.482876	0.291246	0.848896
0.977114	0.14569	0.17419
0.582192	0.603398	0.550431
0.726228	0.253411	0.648815
0.0782237	0.126551	0.992231
0.200833	0.722117	0.672068
0.20474	0.472165	0.867716
0.82171	0.57576	0.00737438
0.866909	0.486264	0.118794
0.534968	0.245643	0.817597
0.809753	0.121995	0.585619
0.475069	0.218139	0.882057
0.845058	0.310841	0.447779
0.557246	0.397396	0.737069
0.24443	0.383327	0.893572
0.400998	0.233897	0.886232
0.291434	0.583115	0.760744
0.568292	0.516509	0.641117
0.672155	0.39206	0.628851
0.870442	0.492806	0.0535436
0.369073	0.694337	0.635513
0.610443	0.357209	0.716706
0.552097	0.0888165	0.836175
0.527348	0.853148	0.0423729
0.594218	0.431548	0.688335
0.0292954	0.508472	0.869655
0.971311	0.166935	0.184126
0.984013	0.0336274	0.18022
0.853441	0.444609	0.274343
0.112987	0.264496	0.971189
0.535768	0.275593	0.801266
0.927274	0.365973	0.12461
0.12511	0.994077	0.0595512
0.735924	0.673675	0.0952796
0.73453	0.653908	0.189388
0.563329	0.0804576	0.825527
0.219318	0.757763	0.618271
0.596156	0.79303	0.16402
0.0596411	0.206065	0.987443
0.0430735	0.422469	0.927811
0.334321	0.78263	0.533344
0.415693	0.896943	0.16977
0.926384	0.323615	0.196549
0.465841	0.213902	0.888166
0.634363	0.491251	0.600823
0.443423	0.88307	0.169694
0.955629	0.302672	0.219505
0.0538052	0.209075	0.97802
0.701128	0.709746	0.157122
0.273841	0.617617	0.742757
0.157217	0.270989	0.966641
0.916482	0.0715482	0.404848
0.93389	0.286149	0.258476
0.688237	0.0623558	0.727049
0.805269	0.48268	0.354102
0.665482	0.388167	0.63833
0.43779	0.0423971	0.89865
0.57758	0.344893	0.762989
0.837287	0.351275	0.432758
0.717213	0.00936758	0.699993
0.183091	0.984452	0.00821253
0.829354	0.227205	0.51949
0.508426	0.369242	0.780072
0.627811	0.555112	0.559654
0.793449	0.610457	0.0775347
0.341914	0.771148	0.545212
0.00965099	0.140409	0.99179
0.0682954	0.993607	0.10163
0.78543	0.112179	0.62227
0.323483	0.757258	0.571377
0.273493	0.811822	0.528278
0.0971426	0.626661	0.777978
0.042689	0.31786	0.963897
0.762543	0.607343	0.228687
0.0396545	0.900679	0.438106
0.543049	0.638077	0.558104
0.875102	0.331328	0.369767
0.706646	0.585056	0.417402
0.136197	0.856207	0.500398
0.709808	0.0643102	0.703793
0.636166	0.648741	0.424082
0.664065	0.0641127	0.745949
0.650764	0.232538	0.725446
0.607012	0.537426	0.59494
0.470456	0.377406	0.805194
0.361788	0.753876	0.561738
0.419897	0.90394	0.0881351
0.10171	0.974713	0.211936
0.755866	0.0732008	0.651915
0.209472	0.875604	0.439678
0.623122	0.354623	0.712212
0.0661269	0.962058	0.271901
0.724065	0.693297	0.105691
0.047582	0.923437	0.385306
0.0714701	0.176755	0.984734
0.967645	0.265095	1.63421e-228
0.0104011	0.0692201	0.998031
0.433357	0.919149	0.0673811
0.67493	0.475147	0.586607
0.243566	0.951968	0.201005
0.915746	0.15234	0.37916
0.395882	0.338062	0.855921
0.33776	0.79068	0.517649
0.348394	0.786468	0.514236
0.836643	0.4807	0.277197
0.391455	0.916378	0.120873
0.638646	0.519029	0.591128
0.774007	0.463941	0.44977
0.139627	0.393426	0.912098
4.46098e-17	4.27142e-17	1.00865
0.018113	0.571024	0.833652
0.822345	0.0269924	0.587815
0.996449	0.00343229	0.107054
0.158635	0.545166	0.832977
0.947232	0.0377937	0.356983
0.853676	0.53292	0.044986
0.591732	0.835472	7.76119e-46
0.514547	0.858896	0.0709207
0.374561	0.924334	0.120976
0.837077	0.29459	0.467956
0.654909	0.0182601	0.758207
0.165482	0.50775	0.849744
0.792529	0.613735	0.0477948
0.455931	0.804912	0.414283
0.972712	0.0132739	0.247555
0.937687	0.0384409	0.371051
0.405743	0.830564	0.41229
0.34799	0.738085	0.6099
0.828345	0.459211	0.323062
0.95784	0.296736	0.00363785
0.874407	0.345108	0.34497
0.413027	0.657139	0.644389
0.572038	0.452981	0.697397
0.909749	0.310682	0.283985
0.496486	0.000367929	0.897154
0.15375	0.42815	0.896975
0.0485318	0.361365	0.948686
0.212536	0.757376	0.624874
0.449115	0.844921	0.325509
0.777207	0.329898	0.538181
0.914761	0.159704	0.379269
0.574388	0.454841	0.692217
0.148431	0.296989	0.950332
0.319892	0.2262	0.922962
0.436515	0.752406	0.510883
0.352609	0.0533817	0.942026
0.765006	0.642572	0.0714383
0.756164	0.598477	0.284974
0.538973	0.247482	0.805815
0.637803	0.766376	0.0860687
0.807373	0.281116	0.527206
0.69479	0.280422	0.679017
6.284e-17	1.36688e-25	1.02625
0.967273	0.0259804	0.261026
0.847368	0.51325	0.153972
0.0133663	0.562335	0.83035
0.728468	0.633444	0.270817
0.0421348	0.903167	0.436881
0.259215	0.964667	0.0783919
0.487609	0.661757	0.579819
0.0286594	0.517698	0.859906
0.204591	0.816005	0.548559
0.895375	0.0614321	0.451819
0.43227	0.896443	0.109534
0.0995419	0.826311	0.565124
0.405537	0.0884456	0.916877
0.31879	0.951814	0.0241837
0.263734	0.919506	0.29643
0.68093	0.295879	0.672019
0.795106	0.368092	0.493752
0.667051	0.745269	0.0678366
0.661481	0.75456	0.00136762
0.236956	0.978903	0.14218
0.679114	0.73273	0.102605
0.92328	0.236221	0.312107
0.855334	0.207345	0.484254
0.612158	0.128635	0.792414
0.0549094	0.991873	0.134406
0.595564	0.70876	0.388402
0.202072	0.337203	0.924366
0.817657	0.0701497	0.593082
0.394096	0.104365	0.931796
0.103505	0.967105	0.244301
0.773815	0.599794	0.213662
0.446384	0.647535	0.619032
0.624149	0.831119	0.0822305
0.0836162	0.930167	0.375436
0.253699	0.0194574	0.970832
0.755597	0.0586815	0.66593
0.176537	0.882974	0.446134
0.787381	0.622456	0.0351743
0.884128	0.248631	0.397802
0.385741	0.923242	0.0951481
0.922318	0.379391	0.0983097
0.942201	0.345893	0.100788
0.503341	0.47893	0.728211
0.126139	0.144107	0.988784
0.527602	0.012312	0.851823
0.237468	0.57774	0.787243
0.799136	0.36002	0.493927
0.0591812	0.945298	0.323828
0.24259	0.713012	0.6908
0.76407	0.582255	0.32844
0.27713	0.214807	0.938345
0.838298	0.469632	0.347699
0.619701	0.767961	0.180921
0.310957	0.796196	0.534458
0.167529	0.98246	0.122798
0.719767	0.301201	0.634276
0.466121	0.735624	0.503477
0.471734	0.016436	0.882587
0.891572	0.454619	0.0450989
0.988007	0.00893721	0.163836
0.641734	0.461093	0.63138
0.971564	0.265423	0.0133429
0.202522	0.887182	0.418087
0.832265	0.48295	0.286567
0.860109	0.537562	5.19658e-05
0.75165	0.547458	0.373129
0.831713	0.504095	0.233467
0.812272	0.0622972	0.628221
0.341976	0.699151	0.645308
0.29481	0.474833	0.834333
0.0363011	0.608169	0.805289
0.455699	0.0379944	0.892281
0.824502	0.193058	0.555726
0.683408	0.565067	0.467131
0.335147	0.859301	0.41786
0.283251	0.832521	0.488591
0.841208	0.404767	0.405256
0.88923	0.166558	0.437145
0.218753	0.861727	0.459641
0.0482206	0.543188	0.843628
0.605825	0.775479	0.191283
0.480712	0.116532	0.870815
0.0942187	0.782123	0.629095
0.737613	0.0928496	0.683961
0.0862646	0.220878	0.979304
0.182716	0.147093	0.976372
0.994194	0.125148	0.0606312
0.331476	0.591046	0.751968
0.938348	0.219715	0.279267
0.478218	0.710077	0.51949
0.461697	0.685545	0.564181
0.632943	0.459884	0.651576
0.698754	0.640634	0.360502
0.312551	0.325119	0.894727
0.949097	0.158887	0.276135
0.952559	0.187543	0.244189
0.175599	0.393351	0.910304
0.426529	0.889207	0.178435
0.438377	0.112245	0.906785
0.361535	0.913441	0.200903
0.928393	0.258811	0.301085
0.366278	0.319366	0.87758
0.376339	0.604696	0.710066
0.373072	0.9086	0.241093
0.777897	0.619427	0.118345
0.0110038	0.462939	0.887286
0.669679	0.0485891	0.74512
0.0697475	0.880157	0.488138
0.744502	0.280095	0.614954
0.736173	0.678573	0.0525655
0.975678	0.227395	0.100602
0.651865	0.353981	0.674251
0.878441	0.488562	0.0573686
0.538198	0.445314	0.734742
0.230861	0.938229	0.320062
0.20931	0.869179	0.497931
0.57056	0.715535	0.411432
0.873004	0.320841	0.373899
0.227889	0.941448	0.317221
0.983607	0.0798212	0.195367
0.150957	0.436169	0.900203
0.436206	0.453746	0.778624
0.553332	0.397575	0.75774
0.506666	0.52704	0.691134
0.554039	0.203617	0.810724
0.272676	0.702677	0.658348
0.217001	0.871692	0.463728
0.503752	0.836477	0.302588
0.785592	0.619698	0.0368766
0.483729	0.422314	0.772641
0.396508	0.101524	0.923202
0.304135	0.776427	0.559872
0.519764	0.58778	0.64062
5.94404e-17	1.65699e-17	1.00775
0.195262	0.49518	0.863283
0.277082	0.806318	0.526894
0.983122	0.00189513	0.225519
0.203374	0.161558	0.969994
0.608738	0.1697	0.781912
0.543217	0.723349	0.512908
0.155616	0.257343	0.960923
0.693477	0.721878	0.0656016
0.0758047	0.629265	0.786206
0.911231	0.378632	0.180913
0.992529	0.139558	0.0217932
0.575304	0.0441229	0.822617
0.311437	0.774367	0.585574
0.0377363	0.696282	0.722198
0.564913	0.039275	0.842782
0.743212	0.324376	0.607226
0.580859	0.734679	0.36583
0.299394	0.0802241	0.956515
0.977418	0.201923	0.0949077
0.290908	0.181815	0.951002
0.682857	0.693673	0.237928
0.433186	0.311249	0.856407
0.323335	0.0541292	0.947169
0.710656	0.411119	0.574806
0.590919	0.788569	0.207343
0.136057	0.680508	0.725815
0.584063	0.742153	0.341241
4.15063e-17	4.71794e-17	1.02623
0.302613	0.35239	0.897371
0.132614	0.979244	0.163637
0.700182	0.138286	0.703619
0.834434	0.521949	0.214364
0.707326	0.418881	0.575539
0.553761	0.803298	0.223809
0.77928	0.56621	0.338243
0.370035	0.314143	0.879944
0.594175	0.274143	0.762484
0.632205	0.110707	0.779254
0.963994	0.210243	0.202625
0.192143	0.0258703	0.984633
0.196416	0.243408	0.956986
0.355697	0.250439	0.921718
0.0805241	0.668442	0.74826
0.949617	0.0728308	0.390527
0.912598	0.252379	0.342122
0.509073	0.841858	0.207006
0.410574	0.839398	0.406339
0.962856	0.149623	0.235585
0.199389	0.95454	0.23505
0.349225	0.891538	0.322714
0.0954412	0.932997	0.369779
0.825608	0.537693	0.207569
0.0782021	0.649167	0.769464
0.482759	0.106638	0.870395
0.222001	0.807266	0.582248
0.307888	0.485344	0.823626
0.113721	0.93452	0.340084
0.829489	0.47009	0.362576
0.178241	0.986574	0
5.19576e-17	3.30475e-17	1.00563
0.877541	0.386287	0.291881
0.266523	0.512795	0.820391
0.65981	0.281844	0.719368
0.253147	0.771455	0.587087
0.240622	0.0241463	0.971412
0.0256415	0.527284	0.852465
0.454825	0.658982	0.611728
0.141899	0.436351	0.891315
0.0664897	0.933279	0.362612
0.427261	0.140748	0.899364
0.844664	0.33433	0.424296
0.67735	0.548967	0.506686
0.350648	0.294899	0.890006
0.741399	0.632594	0.273242
0.756878	0.324767	0.568047
0.0798804	0.933952	0.35291
0.462796	0.678728	0.581094
0.0755503	0.96846	0.259905
0.0368504	0.352394	0.939232
0.865178	0.0296501	0.500909
0.279954	0.580084	0.773915
0.901672	0.396911	0.196086
0.952759	0.300317	0.0734289
0.746727	0.673859	0.0638912
0.816632	0.591405	0.103938
0.153642	0.962631	0.23359
0.132468	0.318027	0.942463
0.227527	0.926076	0.311181
0.0325341	0.245476	0.9846
0.94558	0.311492	0.117953
0.586704	0.765936	0.279642
0.553655	0.187636	0.825163
0.372504	0.752727	0.549277
0.994677	0.015936	0.125664
0.10307	0.277702	0.962963
0.515236	0.468284	0.732149
0.293427	0.562543	0.778063
0.49108	0.87232	0.0961621
0.169592	0.60949	0.775822
0.260062	0.446238	0.859111
0.37091	0.820071	0.463532
0.461593	0.878434	0.149307
0.931932	0.364929	0.0845564
0.731514	0.709627	0.0503436
0.970489	0.0762419	0.238985
0.483665	0.882909	0.0314069
0.65424	0.135269	0.755391
0.934752	0.301632	0.211923
0.943653	0.148691	0.324576
0.909178	0.400215	0.141757
0.1598	0.47454	0.869192
0.852208	0.0943933	0.538559
0.216943	0.929809	0.303311
0.329701	0.228302	0.921105
0.437061	0.640984	0.651369
0.0833649	0.893474	0.473678
0.59684	0.497748	0.635805
0.838297	0.0332279	0.558727
0.195039	0.716787	0.680169
0.668054	0.138125	0.746966
0.378414	0.815641	0.446007
0.337748	0.663239	0.684783
0.243606	0.421443	0.875187
0.767497	0.635883	0.202695
0.531045	0.791945	0.315408
0.220786	0.976341	0.0683299
0.44305	0.306374	0.851914
0.615807	0.689065	0.387606
0.506243	0.237429	0.834208
0.543102	0.809925	0.234004
0.768088	0.121027	0.642926
0.523328	0.451349	0.729657
0.923209	0.369616	0.187558
0.0120807	0.604853	0.805408
0.260544	0.967032	0.0421088
0.313034	0.914186	0.263679
0.800107	0.0578413	0.618942
0.390371	0.843964	0.37899
0.0901912	0.00666703	0.997213
0.868654	0.455673	0.245523
0.379693	0.415009	0.831689
0.189588	0.710657	0.687871
0.873006	0.373039	0.324383
0.495811	0.732196	0.480847
0.41416	0.0469993	0.911391
0.717875	0.654622	0.248117
0.965325	0.097494	0.247708
0.718027	0.070802	0.69414
0.204399	0.0899749	0.977022
0.417575	0.850067	0.334974
0.592748	0.490779	0.655136
0.742899	0.0846422	0.668663
0.173516	0.909004	0.392635
0.558899	0.827437	0.130206
0.0975574	0.13068	0.98932
0.568726	0.834082	0.0250021
0.640318	0.507569	0.594418
0.39599	0.402964	0.842554
0.830642	0.214378	0.538836
0.0359092	0.625379	0.786997
0.539356	0.782919	0.321518
0.044552	0.798099	0.660045
0.673234	0.731683	0.110212
0.714578	0.0663448	0.701048
0.780673	0.615545	0.144922
0.0989693	0.951297	0.34985
0.678338	0.737231	6.80315e-05
0.925027	0.260881	0.29613
0.801239	0.0821691	0.597416
0.117897	0.889555	0.462133
0.00702638	0.957496	0.307864
0.319268	0.472669	0.828066
0.0871545	0.328055	0.947234
0.312021	0.840675	0.457663
0.347063	0.285341	0.906438
0.482834	0.00144207	0.880757
0.0483936	0.995153	0.121278
0.0209332	0.977747	0.299564
0.512337	0.458211	0.739897
0.617719	0.487431	0.623142
0.70513	0.562989	0.476294
0.520051	0.758778	0.395833
0.0539603	0.0935928	0.99635
0.329322	0.670408	0.671705
0.7044	0.623165	0.3814
0.585478	0.507192	0.648088
0.127581	0.208983	0.973334
0.302965	0.460469	0.845934
0.919637	0.403816	0.00115869
0.285728	0.0211213	0.95943
0.622183	0.533381	0.592452
0.60602	0.23993	0.765514
0.367984	0.7557	0.54972
0.507693	0.715804	0.493726
0.956605	0.295467	0.0593381
0.487115	0.497075	0.74602
0.992006	0.100181	0.0899597
0.596658	0.168273	0.796758
0.117173	0.158374	0.987923
0.401195	0.897248	0.216149
0.61428	0.0714467	0.797685
0.363531	0.803755	0.487726
0.42265	0.813186	0.418496
0.385446	0.695567	0.627443
0.603825	0.535938	0.60187
0.714623	0.0630338	0.707933
0.635007	0.770383	0.101324
0.330312	0.667368	0.685109
0.449492	0.405629	0.806051
0.682598	0.717562	0.167096
0.879893	0.425344	0.223845
0.930173	0.0366004	0.384632
0.610914	0.217524	0.765857
0.872743	0.345529	0.368801
0.942013	0.00273847	0.365081
0.0534695	0.0476622	0.998875
0.692786	0.591923	0.432082
0.763912	0.637082	0.135728
0.649089	0.565348	0.51503
0.405621	0.840654	0.371359
0.806116	0.206062	0.562211
0.695717	0.709942	0.174925
0.436574	0.651061	0.626151
0.101331	0.887721	0.485856
0.792139	0.62391	0.0185784
0.575322	0.253254	0.793127
0.387853	0.699911	0.620609
0.555565	0.828447	0.134446
0.473582	0.721691	0.517823
0.6499	0.682008	0.370015
0.327957	0.502359	0.808913
0.976077	0.174861	0.145578
0.300258	0.569877	0.770164
0.888956	0.0642644	0.49991
0.745986	0.544995	0.403655
0.56693	0.629708	0.535401
0.670436	0.648717	0.368283
0.715755	0.650822	0.341449
0.0157564	0.358838	0.952137
0.539622	0.576024	0.627676
0.629629	0.11587	0.771851
0.0824634	0.11134	0.993871
0.289797	0.443905	0.856395
0.357683	0.463834	0.816109
0.799021	0.254875	0.548513
0.309206	0.780205	0.558429
0.311953	0.949975	0.0554155
0.285616	0.870404	0.406347
0.27587	0.539066	0.811239
2.37765e-17	5.92712e-17	1.04295
0.456695	0.431547	0.783557
0.392956	0.799962	0.497049
0.251868	0.743428	0.632069
0.0171312	0.573828	0.823661
0.76767	0.592055	0.254099
0.507184	0.533064	0.689091
0.375553	0.693873	0.618471
0.862255	0.514773	0.0584973
0.487803	0.780329	0.397399
0.445001	0.897348	0.10544
0.0407784	0.954539	0.304493
0.397176	0.652236	0.659032
0.331495	0.398693	0.859153
0.823162	0.518686	0.274893
0.296731	0.942362	0.175552
0.947296	0.113093	0.314061
0.0549096	0.816778	0.58066
0.475865	0.887929	0.0303867
0.189174	0.926603	0.342633
0.664838	0.645877	0.391084
0.658814	0.414125	0.646315
0.806534	0.291883	0.527966
0.481675	0.032744	0.878684
0.967311	0.204887	0.169734
0.417167	0.394196	0.82347
0.435903	0.012097	0.900554
0.775526	0.621344	0.134704
0.260022	0.891157	0.376788
0.0853061	0.14082	0.987695
0.647495	0.730796	0.228467
0.691814	0.668931	0.283195
4.09215e-17	4.86429e-17	1.03812
0.325497	0.726136	0.612504
0.817301	0.0552796	0.579608
0.267109	0.167903	0.961542
0.679045	0.148792	0.737095
0.843742	0.521556	0.146351
0.933613	0.186929	0.327472
0.466608	0.355226	0.817274
0.528328	0.655182	0.597003
0.428918	0.270631	0.870026
0.765083	0.478751	0.446729
0.117386	0.910144	0.409397
0.0270988	0.162926	0.994387
0.0090096	0.980588	0.205172
0.551764	0.544636	0.643929
0.644071	0.752965	0.158553
0.912959	0.376949	0.196526
0.0811154	0.238681	0.970359
0.0673949	0.923568	0.399332
0.127489	0.21922	0.974841
0.124109	0.823504	0.554654
0.560678	0.0420609	0.835197
0.225854	0.959179	0.184686
0.961451	0.303693	0.0346978
0.704597	0.485968	0.545767
0.737787	0.561672	0.393841
0.0914353	0.0906943	0.997124
0.825752	0.0764493	0.571338
0.642922	0.0680427	0.773372
0.33537	0.425298	0.845908
0.238821	0.149516	0.967256
0.292635	0.863882	0.413101
0.957553	0.31145	0.0665895
0.792212	0.612474	0.133464
0.68283	0.496716	0.538404
0.575264	0.810413	0.126162
0.30986	0.588869	0.751797
0.501012	0.594275	0.634789
0.657693	0.222851	0.723487
0.280695	0.825938	0.49508
0.492679	0.872035	0.0797315
0.502826	0.0481761	0.866539
0.724202	0.23147	0.671843
0.557918	0.83025	0.092711
0.597037	0.633788	0.505342
0.842035	0.525324	0.136566
0.195689	0.62347	0.757552
0.544798	0.339754	0.76738
0.319006	0.262859	0.923805
0.372337	0.774011	0.528696
0.580771	0.690487	0.438834
0.697229	0.70998	0.163236
0.704344	0.173774	0.695721
0.370336	0.47297	0.80531
0.137539	0.973371	0.244961
0.810749	0.584944	0.130706
0.871922	0.256516	0.418141
0.990728	0.192131	0.000527967
0.2182	0.407144	0.89564
0.537261	0.816585	0.214275
0.16165	0.68068	0.72055
0.148504	0.702095	0.698312
0.217972	0.101888	0.976902
0.919017	0.202677	0.354242
0.869397	0.502316	0.060977
0.5639	0.351666	0.747937
0.201544	0.642127	0.740399
0.419447	0.719272	0.565892
0.718122	0.246125	0.672285
0.952737	0.314181	0.0652047
0.62775	0.77722	0.0600989
0.713966	0.359228	0.602771
0.851095	0.532837	0.0778673
0.159239	0.984984	0.118948
0.274128	0.870169	0.414579
0.108406	0.918729	0.399016
0.247204	0.976101	0.0220194
0.00108663	1.00056	9.63343e-09
0.229932	0.67657	0.702419
0.571992	0.119822	0.814446
0.84561	0.54222	0.0185364
0.35749	0.246564	0.913505
0.519982	0.370921	0.780145
0.303567	0.915931	0.278434
0.125642	0.715276	0.715095
0.609576	0.460857	0.662855
0.275762	0.965119	0.0125652
0.155519	0.993632	0.0316872
0.134097	0.570177	0.828842
0.652254	0.76705	0.0140536
0.632064	0.520817	0.579487
0.359592	0.834578	0.418085
0.0383505	0.15734	0.996283
0.58233	0.763355	0.305992
0.618917	0.00948026	0.792942
0.644097	0.706303	0.323925
0.0761482	0.331949	0.947646
0.182756	0.929912	0.364792
0.588272	0.804538	0.110204
0.447397	0.531916	0.730426
0.527611	0.843018	0.199412
0.56763	0.820653	0.117022
0.981069	0.000135445	0.229565
0.316391	0.289147	0.905328
0.51243	0.803949	0.328647
0.755899	0.0814847	0.665914
0.0553631	0.987815	0.196854
0.890762	0.455358	0.0475973
0.877069	0.482096	0.0465303
0.819689	0.359535	0.46105
0.68722	0.667103	0.294977
0.638681	0.464601	0.614221
0.49751	0.756168	0.433438
0.553732	0.421552	0.728625
0.794857	0.604192	0.130789
0.241392	0.290166	0.931904
0.857593	0.446383	0.317873
0.922958	0.303715	0.242034
0.611854	0.439077	0.670933
0.753041	0.0856195	0.663825
0.21091	0.250754	0.950588
0.866983	0.271321	0.457337
0.128791	0.976345	0.190178
0.839664	0.282674	0.468746
0.206474	0.488179	0.851376
0.522153	0.37247	0.778844
0.345874	0.941468	0.0390252
0.288924	0.852906	0.478302
0.844473	0.317737	0.43884
0.892808	0.261822	0.371405
0.901935	0.104289	0.426359
0.601148	0.768757	0.223521
0.177248	0.452311	0.876625
0.09569	0.88329	0.496419
0.783713	0.488749	0.384703
0.208482	0.907964	0.371132
0.335463	0.278557	0.908057
0.827616	0.0229677	0.562309
0.812151	0.357134	0.470909
0.28673	0.875309	0.403523
0.542103	0.713563	0.452286
0.747965	0.554311	0.383651
0.746316	0.552923	0.388872
0.680614	0.692836	0.293298
0.366613	0.850874	0.391728
0.882319	0.36241	0.303995
0.367785	0.759978	0.543943
0.34145	0.823255	0.485243
0.976925	0.242505	0.00812547
0.496025	0.492006	0.719779
0.71656	0.662238	0.248754
0.832452	0.323925	0.450835
0.545437	0.529881	0.656095
0.0990472	0.934358	0.343597
0.718937	0.356876	0.605332
0.512268	0.39508	0.767248
0.923101	0.184825	0.351273
0.0766897	0.177989	0.981387
0.333567	0.130505	0.940538
0.534053	0.329995	0.796571
0.339819	0.262081	0.914801
