0.000428649	2.90098e-134	1.00665
0.421149	0.14381	0.899955
0.844559	0.299872	0.448369
0.838083	0.547279	0.100172
0.463162	0.767517	0.462596
0.936152	0.319669	0.160847
0.333356	0.792129	0.512466
0.0503538	0.842837	0.546039
0.252324	0.426234	0.870825
0.274528	0.0520685	0.967405
0.49279	0.453314	0.743503
0.927155	0.309177	0.216725
0.301692	0.518364	0.800596
0.522976	0.200301	0.834156
0.590555	0.693726	0.436178
0.532902	0.0718658	0.848445
0.823918	0.435301	0.384757
0.599817	0.719875	0.35468
0.375875	0.911253	0.198805
0.23024	0.939209	0.263329
0.265241	0.893712	0.363816
0.0164688	0.536257	0.846527
0.211864	0.978332	0.0870903
0.444305	0.860602	0.258868
0.270577	0.916066	0.308775
0.109125	0.44515	0.891013
0.440855	0.635102	0.641453
0.56536	0.241434	0.795667
0.474783	0.776986	0.414966
0.571332	0.424584	0.705808
0.240291	0.545167	0.813376
0.544449	0.665475	0.525205
0.324953	0.839875	0.442125
0.431068	0.258624	0.866336
0.368669	0.932801	0.0387544
0.413188	0.631342	0.662171
0.204977	0.983039	0.0194433
0.787635	0.104366	0.610512
0.505954	0.524221	0.697042
0.777877	0.577829	0.251255
0.212333	0.953995	0.226069
0.867176	0.287551	0.423709
0.466536	0.801598	0.374722
0.735385	0.653738	0.191444
0.708895	0.712463	0.00884292
0.529274	0.350484	0.774061
0.451459	0.192793	0.878891
0.723645	0.211863	0.660088
0.676886	0.741815	0.0114178
0.390315	0.699332	0.628856
0.554782	0.340542	0.766757
0.229441	0.93595	0.277177
0.658922	0.755248	0.040839
0.683712	0.131131	0.733607
0.923901	0.394547	5.51009e-06
0.0600068	0.876565	0.48444
0.198816	0.358656	0.913696
0.457922	0.763827	0.487359
0.74726	0.486268	0.47187
0.215061	0.363289	0.909025
0.0983886	0.0603939	0.996419
0.287732	0.645929	0.718344
0.517415	0.621538	0.596926
0.226454	0.923764	0.325709
0.264241	0.678267	0.687337
0.292942	0.156197	0.947927
0.399448	0.906261	0.192696
0.885342	0.466952	0.0497484
0.648703	0.205677	0.736626
0.891948	0.263742	0.379042
0.812509	0.580544	0.0789599
0.282849	0.831939	0.483503
0.7037	0.460572	0.556161
0.729755	0.686844	0.0286287
0.624224	0.724133	0.317999
0.680946	0.601348	0.425579
0.345663	0.885363	0.338097
0.406841	0.415068	0.817602
0.316889	0.824478	0.473007
0.636904	0.230934	0.759243
0.632453	0.771644	0.143003
0.177144	0.809578	0.565277
0.668972	0.735639	0.176257
0.0765668	0.831902	0.575209
0.949942	0.182518	0.258448
0.918362	0.326077	0.233084
0.791681	0.552601	0.284881
0.668967	0.146894	0.748545
0.321608	0.844215	0.443526
0.584653	0.774304	0.295614
0.12199	0.497629	0.860617
0.642834	0.034563	0.778525
0.404001	0.737464	0.553317
0.144001	0.588262	0.811241
0.0341808	0.573657	0.823054
0.0804608	0.87421	0.49465
0.0206535	0.345705	0.943627
0.479623	0.851273	0.216668
0.691251	0.492106	0.532958
0.00430982	0.617057	0.792287
0.859056	0.123409	0.514811
0.853887	0.383718	0.354349
0.1016	0.795837	0.598517
0.244391	0.973787	0.0560793
0.35056	0.106816	0.937269
0.306131	0.853096	0.431657
0.0904073	0.528909	0.846638
0.816091	0.564631	0.220058
0.696979	0.235239	0.678639
0.1432	0.788629	0.607668
0.819636	0.608848	0.0611744
0.521517	0.680587	0.523616
0.761807	0.637799	0.128054
0.903547	0.247811	0.354641
0.125795	0.939553	0.336111
0.308367	0.369412	0.886039
0.720784	0.246127	0.651961
0.602567	0.567135	0.573393
0.315603	0.747493	0.607518
0.609213	0.373953	0.707546
0.827314	0.0372365	0.562679
0.358442	0.234103	0.917958
0.166821	0.93777	0.314082
0.55143	0.798343	0.244183
0.0654767	0.956468	0.295893
0.76774	0.503747	0.407852
0.9634	0.129526	0.239692
0.560108	0.131457	0.823989
0.158452	0.814004	0.561277
0.218099	0.252612	0.945448
0.0118783	0.275814	0.964423
0.0295509	0.989794	0.16823
0.130094	0.381269	0.917543
0.767483	0.504896	0.408036
0.742013	0.673837	0.0286336
0.614383	0.0217625	0.789669
0.498927	0.857251	0.147322
0.361235	0.110557	0.9286
0.345073	0.357532	0.875944
0.849228	0.333745	0.412335
0.872795	0.2974	0.396966
0.802603	0.00776904	0.609346
0.877022	0.12599	0.476901
0.0280872	0.597787	0.803223
0.311228	0.045658	0.951533
0.759397	0.271106	0.619893
0.71832	0.47014	0.529802
0.0429232	0.649138	0.78674
0.0329677	0.407153	0.935102
0.106247	0.676616	0.748547
0.193806	0.984225	0.133882
0.342312	0.015916	0.94366
0.115823	0.227832	0.974439
0.772035	0.00747315	0.64002
0.624323	0.0281001	0.781582
0.840574	0.281057	0.477058
0.798353	0.627083	0.136749
0.618518	0.411528	0.670309
0.888794	0.266301	0.394803
0.515969	0.534598	0.679491
0.480511	0.852849	0.208341
0.0489493	0.819328	0.583971
0.0845123	0.284758	0.95499
0.817004	0.00527979	0.586276
0.29857	0.644387	0.705812
0.0655784	0.957953	0.287878
0.0829404	0.909686	0.416657
0.293719	0.0991338	0.952034
0.850004	0.189562	0.503327
0.241855	0.963682	0.175793
0.972993	0.218144	0.152337
0.135102	0.0829294	0.992374
0.248881	0.0642195	0.982549
0.689373	0.703947	0.182651
0.616603	0.410253	0.67228
0.718894	0.707434	0.0330326
0.755962	0.26988	0.625901
0.884903	0.0048896	0.491776
0.397424	0.402618	0.830346
0.801945	0.596366	0.154984
0.428644	0.899291	0.10503
0.7818	0.559428	0.283662
0.581162	0.769681	0.314927
0.852544	0.161391	0.501478
0.906297	0.203191	0.386866
0.54759	0.364336	0.761926
0.115933	0.263027	0.960222
0.663537	0.748082	0.04354
0.456479	0.884183	0.132888
0.13347	0.609981	0.78527
0.979057	0.076165	0.202698
0.943279	0.205162	0.280465
0.511667	0.624276	0.620532
0.688414	0.209014	0.717953
3.74962e-33	6.12359e-17	1.00006
6.19501e-17	9.75118e-18	1.02418
0.106138	0.998267	0.036263
0.165756	0.356188	0.931384
0.531309	0.849471	0.0692969
0.722198	0.639495	0.293154
0.465082	0.820307	0.362719
0.0410889	0.934408	0.359092
0.249149	0.926895	0.287165
0.692037	0.701491	0.208103
0.75133	0.668611	0.0502127
0.294967	0.460126	0.837781
0.047316	0.271806	0.968193
0.269657	0.806545	0.528889
0.207783	0.979089	0.117054
0.219811	0.871805	0.451222
0.605356	0.788258	0.165017
0.799246	0.397149	0.456443
0.945772	0.329483	0.0270365
0.178626	0.442871	0.879165
0.920242	0.115996	0.379788
0.173306	0.253961	0.954209
0.477628	0.84081	0.26788
0.766895	0.263444	0.595251
0.519345	0.827361	0.230995
0.496201	0.697388	0.531189
0.408845	0.879625	0.263485
0.348549	0.506443	0.798384
0.342772	0.884406	0.343431
0.457943	0.613325	0.649455
0.674128	0.077287	0.740126
0.27745	0.837188	0.472697
0.712139	0.385772	0.588709
0.153033	0.7211	0.686736
0.793225	0.147464	0.598459
0.309548	0.302362	0.904196
0.356577	0.511983	0.791588
0.831133	0.468804	0.306344
0.587885	0.296254	0.757319
0.894214	0.448607	0.0464441
0.22264	0.00650978	0.987645
0.812411	0.291255	0.51683
0.491899	0.179589	0.858843
0.953311	0.312469	0.02742
0.370584	0.915276	0.167621
0.503263	0.70688	0.504752
0.0978704	0.493483	0.865837
0.706282	0.400589	0.602287
0.904335	0.355422	0.246462
0.97547	0.188038	0.126923
0.763731	0.596447	0.271767
0.229599	0.658028	0.721121
0.658951	0.260607	0.714371
0.0580669	0.94084	0.339227
0.907558	0.321232	0.295931
0.787942	0.464658	0.410114
0.28649	0.732863	0.64163
0.929914	0.168197	0.330909
0.00839894	0.991799	0.137269
0.773954	0.0972516	0.636062
0.402795	0.906348	0.189142
0.0265525	0.683583	0.732739
0.878261	0.334817	0.381059
0.399964	0.899976	0.199196
0.52422	0.584717	0.621578
0.0875121	0.502712	0.867139
0.613041	0.043115	0.798075
0.0364515	0.530531	0.847178
0.915944	0.411891	0.0791246
0.560104	0.572575	0.609949
0.0482934	0.155525	0.993422
0.4896	0.85666	0.173364
0.563614	0.244711	0.797934
0.9019	0.308274	0.313633
0.681396	0.0230339	0.734788
0.415433	0.8938	0.260249
0.986002	0.155728	0.103408
0.445691	0.797641	0.427907
0.449691	0.165833	0.882399
0.783481	0.625582	0.166463
0.257944	0.771941	0.597469
0.989243	0.155838	0.102933
0.934735	0.0326186	0.359457
0.50598	0.538704	0.679396
0.854873	0.135676	0.501797
0.238539	0.748378	0.623367
0.208654	0.95482	0.218006
0.870125	0.350031	0.371142
0.84261	0.300635	0.464484
0.479807	0.720606	0.501888
0.587467	0.232337	0.785058
0.685752	0.236349	0.69967
0.0662699	0.96452	0.258589
0.594074	0.797801	0.12185
0.5824	0.217357	0.789354
0.255789	0.0558202	0.968665
0.644755	0.630239	0.440129
0.74112	0.0930622	0.665627
0.702803	0.405118	0.589647
0.599149	0.803959	0.0046631
0.434385	0.0487727	0.926281
0.369124	0.918283	0.148032
0.456476	0.207964	0.873721
0.00104159	0.457483	0.892379
0.386583	0.779197	0.54082
0.0712719	0.975307	0.233218
0.894362	0.426585	0.159059
0.835148	0.472975	0.287041
0.33065	0.889509	0.343401
0.642879	0.604042	0.483539
0.729228	0.685175	1.59025e-07
0.560681	0.0665684	0.825704
0.575487	0.780315	0.255792
0.890301	0.351257	0.321132
0.265364	0.0259409	0.980446
0.21368	0.657819	0.729204
0.84271	0.185198	0.514232
0.565835	0.816512	0.154157
0.419675	0.90471	0.0838659
0.383405	0.743955	0.556683
0.423529	0.56877	0.70799
0.544021	0.0382608	0.846708
0.332996	0.121916	0.942361
0.652654	0.0638007	0.775157
0.0790878	0.0124041	0.999697
0.130995	0.375065	0.923971
0.339176	0.728845	0.614441
0.751634	0.668881	0.0131139
0.646131	0.221546	0.747398
0.445366	0.605759	0.668791
0.937138	0.169504	0.325812
0.236744	0.938963	0.313618
0.422243	0.422314	0.820202
0.11287	0.323209	0.952949
0.63606	0.653512	0.419269
0.305994	0.725105	0.621037
0.402816	0.138375	0.919584
0.00900607	0.990541	0.236241
0.201704	0.966413	0.185264
0.823223	0.289169	0.492022
0.150638	0.865339	0.482233
0.62075	0.550903	0.566109
0.559418	0.571874	0.618844
0.977957	0.142486	0.173642
0.54786	0.199804	0.816053
0.48584	0.864088	0.178955
0.546242	0.553704	0.629298
0.314205	0.540001	0.785304
0.396215	0.367807	0.841725
0.84568	0.0247269	0.546477
0.668424	0.0766329	0.747406
0.308883	0.958646	0.0592623
0.629373	0.647121	0.440661
0.943998	0.319065	0.118196
0.0604207	0.252927	0.969743
0.884166	0.00145298	0.474597
0.827849	0.308961	0.471266
0.282216	0.680677	0.683448
0.810476	0.129269	0.58205
0.323212	0.765166	0.567124
0.631518	0.777707	0.0106433
0.818527	0.293448	0.505955
0.627619	0.551608	0.551181
0.131609	0.376823	0.92265
0.430778	0.369072	0.833174
0.196961	0.94369	0.281078
0.11041	0.172302	0.982457
0.017535	0.338834	0.944423
0.0347504	0.52339	0.860295
0.322459	0.920846	0.225874
5.64793e-17	0.922376	0.392249
0.529123	0.497159	0.694495
0.740242	0.0926678	0.674517
0.539123	0.381018	0.761299
0.0928569	0.557802	0.827398
0.514591	0.591504	0.622208
0.0610481	0.679489	0.745953
0.202841	0.39063	0.900356
0.389198	0.622174	0.706437
0.142484	0.604812	0.789051
0.436717	0.750982	0.502952
0.574502	0.200142	0.803533
0.317653	0.616644	0.721809
0.37988	0.670028	0.650617
0.41836	0.812141	0.422069
0.738806	0.0927717	0.671095
0.621139	0.19155	0.764753
0.924247	0	0.389908
0.97325	0.122211	0.197063
0.995919	0.10038	0.0654397
0.858144	0.339386	0.401806
0.92629	0.348729	0.152399
0.994304	0.132478	0.0958942
0.536759	0.433865	0.72701
0.758122	0.617544	0.261993
4.39868e-17	4.30095e-17	1.00469
0.000695165	2.75922e-242	1.00728
0.940754	0.280857	0.198116
0.344782	0.640374	0.701861
0.262988	0.37821	0.891579
0.914551	0.0448355	0.402881
0.415741	0.117271	0.904415
0.9517	0.047685	0.306876
0.473138	0.750946	0.527955
0.908896	0.295624	0.32054
0.527696	0.100275	0.845172
0.0610516	0.394898	0.924282
0.843138	0.425346	0.362854
0.041369	0.968593	0.255466
0.501752	0.854213	0.162678
0.499538	0.650885	0.585137
0.538334	0.671273	0.512347
0.779305	0.23748	0.583101
0.493866	0.29927	0.825856
0.423744	0.902467	0.142109
0.259058	0.0874057	0.965709
0.139591	0.816209	0.573323
0.92293	0.0254249	0.413753
0.458509	0.877973	0.151095
0.926149	0.320639	0.206404
0.167454	0.075278	0.985139
0.827207	0.0574613	0.561384
0.986737	0.0355361	0.17224
0.790907	0.55387	0.300005
0.818408	0.582067	0.10274
0.0558586	0.0801075	0.996933
0.557963	0.166577	0.814896
0.644634	0.718045	0.266831
0.518722	0.845606	0.148618
0.601065	0.619016	0.524057
0.552622	0.804221	0.25451
0.152076	0.523361	0.840306
0.855623	0.518485	0.0453384
0.823857	0.418175	0.388617
0.157774	0.542973	0.827296
0.753924	0.347424	0.561
0.258197	0.979585	0.0565389
0.0535659	0.975296	0.21512
0.592867	0.301185	0.751371
0.746054	0.478115	0.481391
0.655155	0.213093	0.73249
0.333997	0.868968	0.369487
0.239407	0.862071	0.47465
0.0778017	0.70723	0.71483
0.618187	0.207745	0.763863
0.84695	0.463672	0.279008
0.623541	0.485475	0.632951
0.359733	0.785188	0.50655
0.207995	0.958277	0.226345
0.693554	0.387663	0.6115
0.183285	0.228546	0.957283
0.640486	0.132839	0.773033
0.632193	0.380298	0.677178
0.229337	0.732548	0.647697
0.610181	0.0383348	0.792145
0.126934	0.568604	0.815319
0.970735	0.270379	0.0944092
0.772801	0.356123	0.527958
0.0851226	0.890485	0.456872
0.933333	0.360432	0.0361218
0.295325	0.699638	0.654176
0.662583	0.334259	0.683578
0.83126	0.454427	0.337914
0.718973	0.00612572	0.726961
0.276931	0.417263	0.866586
0.235914	0.849493	0.489675
0.411304	0.122666	0.909305
0.0975018	0.467811	0.879614
0.997191	0.0373744	0.0843166
0.115823	0.893673	0.451503
0.302816	0.661469	0.689794
0.291813	0.691317	0.663401
0.223095	0.331084	0.923459
0.00127543	0.0959656	0.999577
0.961513	0.252714	0.119658
0.379652	0.897989	0.240095
0.104168	0.499793	0.861585
0.961179	0.286441	0.0939657
0.566692	0.683299	0.469249
0.839005	0.458661	0.315423
0.50616	0.137327	0.853048
0.686841	0.564838	0.459091
0.560091	0.836417	0.0311223
0.309197	0.792258	0.530809
0.669547	0.184604	0.72875
0.308154	0.0196801	0.973444
0.765465	0.629496	0.137088
0.324446	0.110791	0.941148
0.548813	0.798677	0.263262
0.404253	0.744835	0.541999
0.901797	0.00522939	0.446369
0.313025	0.243714	0.929892
0.406687	0.58018	0.709894
0.577872	0.147554	0.813223
0.338107	0.829527	0.486648
0.216167	0.960537	0.184167
0.0322498	0.979817	0.246237
0.0529361	0.783504	0.625117
0.722696	0.290334	0.632348
0.448112	0.883829	0.175007
0.573408	0.149078	0.807846
0.757329	0.196416	0.635231
0.542858	0.911282	0.0160746
0.734517	0.438144	0.51947
0.660338	0.409929	0.653776
0.350523	0.113371	0.937846
0.404043	0.656718	0.641121
0.372797	0.907811	0.236985
0.522944	0.599941	0.627864
0.525246	0.189438	0.832487
0.244198	0.950002	0.227956
0.52011	0.154363	0.841959
0.195927	0.779284	0.606182
0.910195	0.445665	0.0086556
0.429948	0.244908	0.875208
0.334262	0.528335	0.784435
0.863199	0.344665	0.373769
0.161846	0.57568	0.803235
0.680622	0.217208	0.718212
0.385299	0.611883	0.697804
0.848526	0.314444	0.441809
0.703977	0.404481	0.593648
0.316025	0.76037	0.570117
0.0188883	0.818544	0.578308
0.19935	0.438045	0.878609
0.466034	0.265562	0.844703
0.165499	0.662505	0.741906
0.884564	0.223617	0.422894
0.812538	0.584251	0.0215158
0.742596	0.608057	0.294636
0.7044	0.628277	0.333099
0.180924	0.622641	0.763338
0.321315	0.852859	0.427187
0.299475	0.681737	0.668704
0.0750575	0.710809	0.720268
0.291578	0.498177	0.821183
0.00779907	0.66968	0.749505
0.777504	0.261359	0.5809
0.931438	0.372865	0.00049689
0.607688	0.791802	0.12691
0.0373637	0.574994	0.819723
0.256835	0.90261	0.420546
0.170708	0.982138	0.13464
0.793229	0.491342	0.378124
0.101621	0.617988	0.78653
0.268438	0.751458	0.612417
0.0142113	0.506825	0.864453
0.903145	0.455618	0.00791349
0.433572	0.553663	0.716828
0.24823	0.910906	0.333981
0.801022	0.576113	0.178559
0.955253	0.0635815	0.293285
0.446931	0.769469	0.483423
0.285638	0.74038	0.615378
0.364542	0.2758	0.908594
0.727972	0.367247	0.583216
0.69685	0.257714	0.681965
0.828666	0.373499	0.433081
0.709467	0.533782	0.493419
0.68469	0.177141	0.720912
0.304901	0.733034	0.615647
0.666001	0.19689	0.724523
0.223111	0.126232	0.968527
0.102938	0.983579	0.185848
0.701942	0.41494	0.596213
0.957906	0.245325	0.178946
0.193535	0.538168	0.836046
0.87931	0.189352	0.439149
0.324895	0.921819	0.23204
0.868395	0.00159152	0.517066
0.190379	0.133001	0.982093
0.189164	0.624813	0.762886
0.246391	0.701911	0.670625
0.871908	0.3165	0.384266
0.327051	0.931693	0.167539
0.768906	0.029795	0.651005
0.410644	0.912289	0.0725788
0.13767	0.374824	0.923629
0.956909	0.0636917	0.287556
0.441264	0.466046	0.772527
0.613799	0.799764	0.121687
0.335209	0.822417	0.499335
0.582346	0.591326	0.561332
0.309811	0.225694	0.932477
0.212534	0.765307	0.621522
0.939091	0.343132	0.124671
0.345565	0.940998	0.0454145
0.809439	0.48038	0.351843
0.0716016	0.949179	0.311614
0.738016	0.361429	0.572054
0.430528	0.772489	0.472352
3.74962e-33	6.12359e-17	1.00006
3.69097e-17	4.97632e-17	1.01184
0.282642	0.831416	0.487083
0.755989	0.634442	0.192844
0.240847	0.501095	0.850684
0.355026	0.916831	0.207177
0.357951	0.938006	0.0471068
0.1366	0.842521	0.549983
0.830171	0.56267	0.0698841
0.176315	0.907435	0.433083
0.882979	0.10397	0.472415
0.45638	0.859487	0.238364
0.205648	0.850284	0.505358
0.774394	0.526322	0.355038
0.228984	0.902917	0.391977
0.223397	0.972487	0.096514
0.185546	0.766581	0.627566
0.671928	0.615735	0.425035
0.932464	0.414981	0.0119151
0.307181	0.181216	0.942043
0.167901	0.402007	0.91077
0.950846	0.288196	0.18325
0.10133	0.71684	0.700776
0.539718	0.311891	0.791473
0.389166	0.815204	0.46029
0.939659	0.197694	0.303627
0.481374	0.722332	0.528101
0.752391	0.0600472	0.658988
0.627614	0.361216	0.70911
0.25737	0.818173	0.552674
0.951033	0.225176	0.230068
0.362149	0.254907	0.912241
0.0950519	0.997162	0.0230337
0.607105	0.79325	0.0992284
0.374529	0.855538	0.362503
0.686861	0.232161	0.690218
0.400402	0.754245	0.521366
0.695307	0.670605	0.27147
0.314559	0.957219	0.075796
0.529971	0.689743	0.499958
0.510554	0.135138	0.856815
0.945295	0.116155	0.318788
0.0603657	0.375247	0.926262
0.617444	0.266674	0.743566
0.781185	0.601792	0.173993
0.180794	0.74695	0.649812
0.430274	0.317733	0.848071
0.469446	0.884094	0.0574293
0.411094	0.892685	0.218511
0.86181	0.51289	0.0259603
0.759872	0.637701	0.169805
0.856503	0.0367632	0.523415
0.271791	0.952712	0.141316
0.860977	0.512394	0.0281271
0.2965	0.035978	0.959268
0.702424	0.696257	0.159118
0.894071	0.346595	0.32598
0.848675	0.085699	0.530441
0.0685467	0.928574	0.40675
0.596217	0.551668	0.58543
0.248883	0.880562	0.416199
0.0227641	0.33236	0.951155
0.711916	0.560952	0.444922
0.983661	0.208701	0.0175922
0.709119	0.418332	0.57935
0.00809871	0.656807	0.758941
0.763976	0.340383	0.570596
0.15045	0.785013	0.61817
0.726507	0.675619	0.170514
0.272424	0.0191364	0.968189
0.910452	0.276226	0.342502
0.492404	0.650796	0.60127
0.458776	0.891647	0.093351
0.204987	0.7749	0.612483
0.554105	0.30557	0.778745
0.989347	0.149468	0.0363585
0.802973	0.473699	0.404153
0.81164	0.0288202	0.592523
0.28102	0.378423	0.89446
0.976122	0.000157462	0.244927
0.219796	0.665981	0.726979
0.385408	0.922786	0.108612
0.420709	0.216914	0.883537
0.822347	0.0977456	0.572796
0.886166	0.394377	0.298679
0.416747	0.872981	0.259298
0.121264	0.490526	0.863779
0.521556	0.683965	0.513084
0.65216	0.0763333	0.770722
0.365329	0.757167	0.564059
0.633346	0.2735	0.735127
0.716809	0.155819	0.687404
0.52335	0.0643077	0.852491
0.428614	0.587776	0.695212
0.482415	0.129162	0.872075
0.0521849	0.268579	0.963245
0.734051	0.243908	0.643578
0.577248	0.727478	0.38071
0.349269	0.910791	0.251963
0.776567	0.438361	0.467016
0.503774	0.484066	0.731246
0.641712	0.165787	0.764571
0.398825	0.923584	0.0826602
0.153357	0.568275	0.81935
0.596918	0.759342	0.267109
0.824594	0.0529595	0.569375
0.672316	0.673288	0.310565
0.140656	0.482059	0.869704
0.107507	0.316241	0.946421
0.565605	0.348694	0.747897
0.56003	0.787126	0.306959
0.113505	0.925323	0.37073
0.0540002	0.171593	0.989384
0.888666	0.108416	0.454256
0.794289	0.363883	0.490989
0.496308	0.646896	0.600721
0.076485	0.921678	0.386384
0.329106	0.460916	0.831897
0.495057	0.809258	0.33297
0.0409343	0.57624	0.831528
0.620844	0.79157	0.102972
0.180216	0.429309	0.902186
0.0836191	0.356372	0.941478
0.988303	0.00587371	0.159005
0.972296	0.105968	0.222438
0.0379	0.702405	0.722569
0.397939	0.241893	0.90236
0.160229	0.044005	0.997294
0.900671	0.213252	0.383177
0.437584	0.241312	0.873004
0.745044	0.047274	0.668301
0.196994	0.120458	0.977751
0.818071	0.572618	0.127868
0.866956	0.0307998	0.512834
0.784618	0.627391	2.99018e-07
0.646885	0.167263	0.75259
0.171693	0.641902	0.747915
0.81355	0.574581	0.123238
0.327661	0.458893	0.837766
0.588888	0.773771	0.283393
0.585107	0.467859	0.666211
0.323717	0.453369	0.840917
0.592565	0.264013	0.781598
0.657416	0.0769485	0.761772
0.147273	0.3249	0.942227
0.318256	0.743012	0.594687
0.705453	0.555859	0.446374
0.453105	0.875509	0.212622
0.837618	0.173426	0.548543
0.680446	0.571045	0.467741
0.194919	0.146504	0.972331
0.570169	0.299835	0.776153
0.509563	0.822311	0.290026
0.180981	0.431131	0.889489
0.873112	0.212983	0.449693
0.0286817	0.176753	0.984848
0.34254	0.943664	0.00550407
0.44827	0.376198	0.816764
0.535303	0.497808	0.685015
0.272017	0.962411	0.0350881
0.849983	0.386523	0.362431
0.470883	0.614505	0.634966
0.152721	0.989533	0.0590021
0.492275	0.59839	0.635208
0.129347	0.280876	0.956691
0.0421999	0.594055	0.819082
0.375104	0.765187	0.54649
0.548886	0.00111057	0.839845
0.638423	0.354779	0.688937
0.0666542	0.699241	0.716201
0.00872201	0.532918	0.851324
0.545129	0.29784	0.800573
0.589209	0.021103	0.812557
0.0403472	0.607875	0.810877
0.414521	0.900126	0.184882
0.740239	0.0590774	0.682636
0.742992	0.540986	0.398427
0.968807	2.71448e-194	0.24883
0.713239	0.420762	0.572771
0.263276	0.955971	0.141436
0.899231	0.204999	0.393036
0.825819	0.581272	0.00182358
0.119006	0.34274	0.932899
0.165705	0.986774	0.150474
0.624821	0.328575	0.724472
0.306615	0.0929597	0.952595
0.0695979	0.730131	0.683758
0.50883	0.82958	0.238378
0.955473	0.143006	0.265009
0.169736	0.923377	0.348567
0.468063	0.610826	0.644605
0.30199	0.385034	0.879272
0.0869888	0.372507	0.931708
0.441521	0.900353	0.093354
0.666942	0.739618	0.112557
0.0464707	0.700132	0.715449
0.336657	0.415966	0.848479
0.178171	0.736113	0.661954
3.42038e-17	5.23131e-17	1.02074
0.328636	0.950153	0.0736588
0.729868	0.202186	0.680231
0.680772	0.740737	0.103864
0.15814	0.989301	0.038463
0.980052	0.180789	0.117745
0.176666	0.764072	0.627959
0.771056	0.369053	0.54083
0.0308269	5.74618e-191	1.00571
0.221611	0.967892	0.167007
0.170694	0.78908	0.613163
0.673919	0.307561	0.681931
0.280902	0.187034	0.944927
0.520202	0.861329	0.0594405
0.61405	0.619364	0.49605
0.860895	0.412053	0.332158
0.337182	0.229371	0.919362
0.416427	0.876749	0.264313
0.624455	0.749108	0.392749
0.705594	0.61244	0.368685
0.581634	0.0428016	0.817075
0.311022	0.295606	0.907348
0.65047	0.400004	0.65285
0.759618	0.544262	0.375926
0.00801514	0.168927	0.989165
0.996675	0.0280806	0.0874028
0.135901	0.849671	0.510432
0.374006	0.372087	0.855308
0.960494	0.0195009	0.29119
0.809081	0.0524482	0.599695
0.79994	0.528062	0.30196
0.183361	0.134675	0.98229
0.368342	0.812093	0.465272
0.896719	0.422174	0.151679
0.140574	0.382685	0.919103
0.946048	0.0059519	0.362382
0.748808	0.466554	0.473229
0.607559	0.80295	0.0801623
0.547304	0.517491	0.660192
0.497206	0.794003	0.382313
0.423101	0.256143	0.878244
0.499961	0.845416	0.193773
0.474635	0.730817	0.514151
0.364526	0.923064	0.128782
0.642515	0.582099	0.499773
0.639888	0.0136273	0.799704
0.548683	0.515976	0.667768
0.273615	0.140114	0.954603
0.955971	0.32318	0.181493
0.787515	0.604768	0.142709
0.885725	0.475563	0.00570409
0.616813	0.120733	0.786381
0.489523	0.853372	0.199345
0.0416555	0.813977	0.581652
0.507298	0.817912	0.310962
0.654961	0.641535	0.409602
0.329895	0.90204	0.282697
0.568905	0.434842	0.707378
0.661307	0.687205	0.324601
0.195196	0.143368	0.974474
0.194525	0.83535	0.51732
0.0782226	0.674271	0.744715
0.394902	0.644169	0.662261
0.449952	0.0831088	0.897448
0.684118	0.355317	0.644777
0.297233	0.799283	0.527587
0.912687	0.436843	0.00784043
0.931141	0.205514	0.324544
0.0594255	0.212417	0.977354
0.713948	0.548272	0.448799
0.656302	0.232514	0.721168
0.170911	0.691349	0.70615
0.253902	0.0673022	0.966267
0.803804	0.564608	0.247743
0.259416	0.173299	0.953197
0.205401	0.150864	0.970343
0.131284	0.88691	0.479276
0.8492	0.321039	0.456451
0.384799	0.0520556	0.925022
0.11471	0.342932	0.935222
0.721796	0.682835	0.167482
0.480226	0.351725	0.806654
0.346196	0.235503	0.909943
0.540079	1.00672e-189	0.893026
0.688624	0.727883	0.112922
0.234722	0.913441	0.348882
0.0721489	0.833041	0.551724
0.0920437	0.50519	0.860826
0.320521	0.327724	0.897657
0.820261	0.48736	0.313832
0.0508907	0.768537	0.654185
0.631501	0.593858	0.499705
0.0390395	0.822796	0.573166
0.776365	0.0349955	0.637572
0.239441	0.598821	0.781852
0.404261	0.919624	0.129457
0.0215346	0.940849	0.349517
0.292553	0.25393	0.926292
0.12281	0.996181	0.0241947
0.453312	0.89431	0.0543057
0.598649	0.576198	0.560358
0.0642736	0.980277	0.23801
0.0933736	0.512146	0.85556
0.149533	0.718356	0.69386
0.0192525	0.722666	0.695076
0.693842	0.334954	0.6438
0.184401	0.65951	0.734463
0.086844	0.277261	0.959999
0.690675	0.565225	0.484439
0.44256	0.68143	0.587634
0.552507	0.570273	0.610634
0.776751	0.0362309	0.631304
0.512466	0.393545	0.766567
0.168141	0.220857	0.963298
0.223575	0.467304	0.868416
0.974194	0.184875	0.160352
0.0645031	0.315123	0.949988
0.665834	0.7054	0.268567
0.459244	0.336357	0.836276
0.555255	0.766518	0.333939
0.38178	0.826804	0.428137
0.751966	0.362736	0.563048
0.0137431	0.600438	0.811598
0.573916	0.0410102	0.822316
0.235734	0.878786	0.41963
0.532602	0.639271	0.557262
0.147985	0.897802	0.427772
0.488131	0.285079	0.833116
0.75698	0.555989	0.364903
0.93526	0.00318821	0.373143
0.5147	0.300596	0.810159
0.369091	0.93257	0.0477935
0.83024	0.423538	0.371712
0.0997952	0.482548	0.876352
0.680369	0.00216954	0.736772
0.843867	0.103154	0.53764
0.865489	0.271104	0.455998
0.917082	0.0204336	0.404069
0.902608	0.00891805	0.439299
0.429471	0.756823	0.496587
0.585075	0.447201	0.687892
0.525486	0.759916	0.386924
0.0585889	0.0960737	0.997862
0.139283	0.538115	0.83524
0.357868	0.789534	0.514218
0.298777	0.931172	0.233484
0.848961	0.449879	0.297381
0.62385	0.629248	0.477852
0.809128	0.589549	0.0939073
0.855553	0.49058	0.24981
0.466976	0.776527	0.449765
0.605945	0.149581	0.785016
0.406779	0.881345	0.254301
0.857802	0.418551	0.308379
0.89413	0.20758	0.422624
0.558574	0.125242	0.825546
0.921582	0.313581	0.274452
0.548311	0.267288	0.80232
0.595387	0.572791	0.565917
0.0985447	0.980021	0.175644
0.833643	0.281825	0.478846
0.225696	0.976746	0.0662208
0.314778	0.858034	0.430934
0.517219	0.161701	0.843163
0.107826	0.652671	0.753774
0.576854	0.440917	0.689816
0.527925	0.709457	0.476542
0.813762	0.379811	0.481689
0.973809	0.060172	0.26988
0.827329	0.157004	0.550486
0.300385	0.936183	0.210569
0.383162	0.382248	0.847891
0.86565	0.392724	0.350952
0.873174	0.497811	0.0322892
0.190452	0.618694	0.771379
0.109654	0.693399	0.729786
0.16389	0.661759	0.749741
0.555656	0.573523	0.60417
0.216858	0.456575	0.869597
0.438905	0.707643	0.567743
0.469207	0.774747	0.440808
0.227954	0.974135	0.0938439
0.536805	0.531111	0.661877
0.79351	0.176551	0.588204
0.526727	0.668735	0.533894
0.406184	0.840527	0.383678
0.900474	0.0234299	0.451222
0.617557	0.218788	0.759284
0.888499	0.43983	0.206903
0.288671	0.721942	0.640401
0.636957	0.114056	0.766854
0.394491	0.618292	0.685771
0.466145	0.46044	0.75961
0.867989	0.508059	0
6.06639e-17	8.50133e-18	1.0004
0.192862	0.921013	0.352715
0.491884	0.543935	0.683668
0.389958	0.916609	0.151294
0.0708684	0.886399	0.461041
0.596825	0.474374	0.656285
0.837224	0.0220237	0.574283
0.0630382	0.89338	0.475695
0.373073	0.827737	0.440774
0.352814	0.400977	0.851362
0.701702	0.648651	0.311859
0.390425	0.743207	0.55221
0.725885	0.488783	0.490315
0.825359	0.565129	0.103074
0.296739	0.776807	0.563782
0.0462436	0.135173	0.994483
0.134564	0.97701	0.182041
0.556779	0.81558	0.173832
0.174887	0.124554	0.982546
0.740743	0.265249	0.630597
0.93421	4.11354e-07	0.369924
0.408065	0.905375	0.147521
0.794196	0.381867	0.488134
0.506361	0.860526	0.0921289
0.680574	0.00946104	0.745574
0.0773692	0.406389	0.91229
0.618218	0.785953	0.129102
0.249319	0.121255	0.963751
0.948599	0.224233	0.287416
0.761879	0.367006	0.53885
0.102684	0.555416	0.846298
0.256527	0.111095	0.969098
0.377939	0.838533	0.425136
0.983373	0.0790176	0.191298
0.632015	0.698894	0.343804
0.0540458	0.954131	0.304205
0.342382	0.521798	0.793664
0.539685	0.825057	0.186749
0.48889	0.630175	0.641545
0.181281	0.962965	0.206348
0.356921	0.0664621	0.941801
0.271724	0.523709	0.837761
0.040243	0.993476	0.220538
0.190314	0.149355	0.97445
0.690884	0.555825	0.508878
0.317844	0.0591857	0.956565
0.0114103	0.838024	0.596125
0.738931	0.359261	0.584415
0.216175	0.980073	0.0266014
0.821838	0.46125	0.336055
0.924923	0.00170945	0.385771
0.460852	0.828127	0.330755
0.903349	0.4367	0.0400765
0.512388	0.282377	0.816579
0.65975	0.774126	0.087402
0.12722	0.92767	0.37394
0.00879002	0.639586	0.803883
0.779814	0.448819	0.451801
0.0832093	0.948713	0.326734
0.0341377	0.270388	0.965118
0.942976	0.354671	0.0494946
0.988675	0.160827	0.0428836
0.873963	0.387904	0.318376
0.861185	0.508391	0.140664
0.163944	0.103765	0.985227
0.583378	0.278874	0.778703
0.277606	0.80512	0.536116
0.314584	0.0748883	0.953412
0.0803387	0.687465	0.730893
0.399276	0.931498	0.0506479
0.400042	0.142448	0.907836
0.574822	0.339124	0.75014
0.443468	0.808624	0.414962
0.532378	0.229762	0.828947
0.920689	0.213629	0.339318
0.480359	0.701208	0.546005
0.100181	0.731292	0.676458
0.446384	0.351658	0.823825
0.0399067	0.294144	0.958321
0.752387	0.212133	0.626584
0.645165	0.505396	0.58684
0.350892	0.315825	0.886063
0.896312	0.307968	0.321943
0.88166	0.425279	0.238809
0.438121	0.900351	0.0640954
0.117217	0.714811	0.703439
0.380881	0.284902	0.886559
0.00575251	0.796618	0.622503
0.850375	0.470502	0.262936
0.0968171	0.766944	0.63963
0.485418	0.536784	0.723087
0.435035	0.912441	0.0591201
0.262482	0.0340235	0.972956
0.457146	0.085125	0.897902
0.688487	0.675092	0.281696
0.96753	0.0237844	0.272545
0.291408	0.671587	0.702777
0.477836	0.875935	0.0924998
0.563235	0.750522	0.377718
0.329583	0.184861	0.928288
0.424588	0.192077	0.892413
0.69573	0.14785	0.709376
0.660755	0.75778	0.0788612
0.973191	0.0504264	0.243607
0.178761	0.986451	0.13062
0.394754	0.894829	0.267288
0.664984	0.379448	0.647827
0.792233	0.576378	0.291505
0.154928	0.96883	0.210892
0.452978	0.6925	0.583281
0.199254	0.951538	0.258685
0.611745	0.381374	0.696735
0.959063	0.0962909	0.275675
0.675193	0.662057	0.340969
0.959206	0.0937942	0.275646
0.913973	0.41673	0.0249587
0.455267	0.844847	0.294838
0.975201	0.242453	0.00231992
0.0524255	0.512652	0.862716
0.15301	0.447823	0.906255
0.146781	0.911133	0.400347
0.227762	0.433565	0.872074
0.683332	0.497148	0.569184
0.802261	0.550456	0.254431
0.000478155	0.694115	0.755844
0.237379	0.891104	0.415055
0.361999	0.85	0.400778
0.471004	0.567989	0.676229
0.475146	0.881737	0.0798045
0.349728	0.857645	0.42221
0.777135	0.605052	0.200539
0.656021	0.108806	0.765932
0.00275066	0.667548	0.752801
0.569129	0.259938	0.804909
0.71348	0.430071	0.567789
0.57714	0.79151	0.228751
0.612446	0.596069	0.54105
0.00518307	0.530689	0.877908
0.988928	0.154963	0.0428546
0.301231	0.631956	0.721249
0.863808	0.512262	0.068022
0.549184	0.169812	0.831337
0.201201	0.983222	0.133826
0.517387	0.24415	0.845219
0.358897	0.721397	0.60096
0.305263	0.273518	0.919968
0.664234	0.303375	0.714881
0.266125	0.363938	0.896735
0.624708	0.273644	0.739956
0.12215	0.877754	0.491811
0.0211795	0.310963	0.959616
0.717849	0.182217	0.70327
0.347445	0.852046	0.441713
0.970906	0.257305	0.0506967
0.522729	0.853488	0.0199934
0.0833438	0.950246	0.308589
0.801278	0.578354	0.173954
0.458386	0.0430238	0.892485
0.61729	0.410132	0.68574
0.851404	0.528497	0.0265607
0.380019	0.842314	0.391268
0.320823	0.727243	0.612055
0.708592	0.247816	0.666745
0.326733	0.149228	0.936859
0.286544	0.660377	0.707157
0.229561	0.459954	0.861969
0.829659	0.518848	0.24908
0.121377	0.872201	0.500238
0.803793	0.276179	0.527837
0.242748	0.752295	0.617698
0.706962	0.257877	0.665926
0.467698	0.70377	0.540472
0.228742	0.868661	0.448539
0.161136	0.846379	0.51508
0.166551	0.762667	0.641356
0.983084	0.208917	0.0139754
0.647142	0.202947	0.742759
0.652523	0.299777	0.72832
0.0261038	0.345527	0.943422
0.939248	0.326428	0.114174
0.0658485	0.597966	0.811345
0.332092	0.916607	0.236438
0.63774	0.657516	0.4068
0.281014	0.178636	0.949715
0.564714	0.818673	0.139671
0.846362	0.210421	0.531044
0.0912255	0.728877	0.687416
0.620692	0.586043	0.530685
0.22786	0.865309	0.454069
5.87539e-17	1.73967e-17	1.0007
0.428602	0.741384	0.521886
0.482873	0.160072	0.864258
0.925653	0.220866	0.339165
0.0704493	0.384446	0.922727
0.551063	0.63024	0.576846
0.401225	0.788759	0.46937
0.410094	0.113202	0.910219
0.450104	0.723787	0.531918
0.290229	0.958247	8.91049e-06
0.830613	0.403774	0.385885
0.790746	0.125525	0.601719
0.82055	0.165498	0.559222
0.518495	0.0832774	0.854767
0.0286313	0.259035	0.972877
0.807773	0.269213	0.528305
0.923396	0.355555	0.156777
0.668337	0.670958	0.329049
0.581581	0.484619	0.654872
0.571202	0.766179	0.3078
0.532728	0.780232	0.346393
0.276242	0.676071	0.685595
0.367628	0.249878	0.902012
0.31786	0.510758	0.806141
0.199162	0.952144	0.236088
0.607489	0.749658	0.268422
0.175085	0.299773	0.940322
0.466866	0.397091	0.795056
0.0577493	0.997045	0.0641678
0.2235	0.439373	0.870988
0.706884	0.453803	0.548434
0.0871968	0.559834	0.829254
0.185612	0.887367	0.425112
0.521535	0.661704	0.554236
0.201958	0.96551	0.176094
0.941425	0.189878	0.301828
0.11952	0.541735	0.843463
0.167734	0.0523635	0.986967
0.262901	0.51683	0.815238
0.374244	0.105969	0.927726
0.00598129	0.306723	0.958637
0.00928636	0.826184	0.565187
0.0269809	0.317154	0.955534
0.635845	0.344717	0.695277
0.910243	0.412109	0.0816144
0.841651	0.376551	0.406256
0.800157	0.366813	0.487764
0.935101	0.0984491	0.345821
0.495025	0.65692	0.601086
0.13533	0.440984	0.888801
0.997667	0.0690105	0.102478
0.386511	0.933641	0.00335542
0.453097	0.890025	0.128922
0.0533132	0.0612178	0.998941
0.768279	0.62312	0.189926
0.738458	0.235657	0.634956
0.392977	0.772544	0.499621
0.301121	0.901952	0.324779
0.686986	0.0751708	0.724972
0.754748	0.245134	0.612204
0.455805	0.823495	0.36367
0.380258	0.907601	0.201276
0.354941	0.923479	0.177224
0.952556	0.308674	0.0897857
0.503607	0.842261	0.212405
0.732756	0.503791	0.461517
0.0343962	0.152854	0.998046
0.471936	0.500964	0.774815
0.720459	0.00389632	0.696832
0.84943	0.53304	0.0694011
0.777574	0.642736	0.0356818
0.885208	0.240521	0.401187
0.179185	0.987824	0.0735901
0.700848	0.339158	0.637783
0.43629	0.70106	0.584053
0.957617	0.191569	0.242297
0.2347	0.520753	0.821992
0.0737713	0.128437	0.990907
0.714212	0.618942	0.358678
0.416126	0.582086	0.705078
0.672499	0.296338	0.701221
0.228753	0.0480228	0.974571
0.964947	0.281169	0.00333685
0.561352	0.823321	0.0965642
0.52678	0.851785	0.0218743
0.10265	0.178645	0.980636
0.901624	0.420508	0.136884
0.894834	0.171605	0.44857
0.730527	0.231739	0.644817
0.622447	0.518078	0.591956
0.935767	0.314594	0.20572
0.792499	0.606995	0.0909965
0.308922	0.0734205	0.953215
0.188576	0.429312	0.8846
0.508934	0.148214	0.856769
0.000821959	0.981404	0.224593
0.846916	0.411313	0.345204
0.59367	0.681691	0.429819
0.815113	0.572768	0.167204
0.0802377	0.563224	0.832661
0.798312	0.325458	0.515909
0.332845	0.868437	0.370554
0.644819	0.713232	0.281806
0.861537	0.197573	0.483175
0.748774	0.537794	0.415478
0.76591	0.594544	0.25442
0.0952915	0.876486	0.474211
0.836841	0.0102548	0.550537
0.597926	0.493589	0.63511
0.825959	0.268263	0.538971
0.399841	0.916791	0.115535
0.358415	0.595349	0.721065
0.000633657	0.756575	0.65448
0.252392	0.496172	0.831204
0.614104	0.812311	0.0323934
0.541637	0.806289	0.280558
0.992871	0.0189279	0.145756
0.189966	0.956107	0.226666
0.62964	0.722994	0.28972
0.210087	0.349331	0.913591
0.155421	0.690681	0.715667
0.810578	0.34333	0.487798
0.64945	0.320429	0.691012
0.173316	0.19293	0.968151
0.972563	0.268466	0.0292325
0.101253	0.940137	0.381054
0.242456	0.626563	0.762183
0.237122	0.526128	0.818136
0.725349	0.552969	0.449126
0.325723	0.576545	0.753178
0.495586	0.868631	0.0463146
0.0451855	0.389102	0.934307
0.0782019	0.548072	0.838949
0.212511	0.367721	0.908678
0.933271	0.349806	0.110807
0.978264	0.0425264	0.21194
0.247447	0.0789873	0.969653
0.536776	0.709055	0.461375
0.625127	0.152311	0.766933
0.510332	0.820036	0.303616
0.8926	0.433907	0.132595
0.914675	0.479334	0.010074
0.878399	0.209591	0.433486
0.309882	0.930328	0.214052
0.760162	0.0435298	0.65866
0.470335	0.135269	0.876811
0.430946	0.567765	0.741641
0.715851	0.618665	0.32971
0.275442	0.929754	0.260118
0.348438	0.896684	0.302338
0.85814	0.267896	0.442585
0.556445	0.0279547	0.831907
0.661938	0.353299	0.669336
0.566813	0.460063	0.718312
0.325557	0.576846	0.750585
0.127092	0.653816	0.764839
0.534285	0.694353	0.495317
0.921104	0.0368108	0.390205
0.587658	0.226279	0.780685
0.23914	0.470634	0.85326
0.785849	0.601193	0.19385
0.875286	0.241614	0.420623
0.744341	0.622048	0.313199
0.451178	0.383748	0.811599
0.730328	0.41916	0.542614
0.343201	0.456766	0.865786
0.506487	0.864737	0.0218881
0.338737	0.931743	0.163052
0.243381	0.468293	0.853028
0.655767	0.350005	0.675118
0.315556	0.33198	0.893612
0.0934409	0.877422	0.482346
0.695159	0.226275	0.702612
0.162213	0.137357	0.979192
0.946352	0.286552	0.16074
0.850806	0.0169856	0.529065
0.603305	0.744495	0.289036
0.434885	0.703194	0.585726
0.217139	0.375944	0.904966
0.51409	0.862552	0.0117114
0.0421719	0.447266	0.896216
0.975909	0.106785	0.198678
0.617307	0.479742	0.627123
0.775756	0.614033	0.195992
0.442539	0.643986	0.640064
0.872137	0.283912	0.436107
0.269369	0.70282	0.6831
0.372607	0.799171	0.474272
0.698482	0.140878	0.711278
0.766279	0.586912	0.270893
0.911664	0.0392084	0.413269
0.956139	0.292054	0.0592735
0.653155	0.322257	0.68688
0.112739	0.993957	0.114877
0.297584	0.92118	0.297081
5.25089e-17	3.31556e-17	1.01418
0.93251	0.258729	0.262443
0.956689	0.319403	0.0635236
0.44385	0.412864	0.799475
0.575215	0.545936	0.609934
0.563738	0.732628	0.408354
0.0600338	0.495704	0.880117
0.634542	0.459151	0.624617
0.964813	0.190046	0.205466
0.67376	0.48163	0.56844
0.377703	0.508007	0.789478
0.194588	0.984332	0.147754
0.129234	0.794884	0.59849
0.0166649	0.52012	0.902514
0.852218	0.12262	0.52292
0.651122	0.0417846	0.771523
0.556654	0.727008	0.416049
0.215982	0.305408	0.935839
0.432298	0.87196	0.263935
0.60385	0.0911845	0.793636
0.201748	0.471845	0.889991
0.456163	0.88631	0.0997706
0.411088	0.842388	0.366334
0.380108	0.752786	0.551819
0.859885	0.504664	0.108541
0.226967	0.921938	0.323398
0.886333	0.142064	0.477352
0.914574	0.397755	0.139806
0.288732	0.805782	0.54394
0.972879	0.155908	0.185055
0.427698	0.294305	0.859334
0.978383	0.103812	0.230294
0.402091	0.817149	0.425692
0.190372	0.0833533	0.983551
0.166094	0.382091	0.911914
0.522449	0.810656	0.27535
0.0440843	0.712586	0.725693
0.230024	0.960169	0.196276
0.721051	0.0997214	0.687866
0.00512783	0.848663	0.554298
0.109955	0.734839	0.67314
0.870656	0.000331576	0.492462
0.120331	0.950345	0.336461
0.485257	0.205285	0.851251
0.0230371	0.205506	0.978689
0.581221	0.576534	0.579645
0.906651	0.00654658	0.486498
0.385259	0.782192	0.514814
0.968527	0.239944	0.0833522
0.343869	0.0577378	0.94377
0.791749	0.601863	0.190457
0.294985	0.236594	0.930541
0.366467	0.635393	0.681604
0.341998	0.94723	0.102182
0.76104	0.550462	0.392343
0.413961	0.905308	0.116368
0.493606	0.860215	0.176168
0.0618874	0.171409	0.987088
0.84139	0.532663	0.130677
0.512343	0.686252	0.533776
0.278973	0.660965	0.699395
0.814214	0.424934	0.420925
0.608579	0.0407962	0.794792
0.800074	0.33092	0.503824
0.301728	0.392084	0.873016
0.0390446	0.929119	0.388176
0.916754	0.215965	0.35742
0.756186	0.524893	0.402111
0.836998	0.441371	0.332355
0.659584	0.110748	0.749953
0.554118	0.744141	0.378087
0.463662	0.803915	0.374778
0.45068	0.697907	0.5654
0.669115	0.631004	0.444893
0.919411	0.376427	0.124631
0.504531	0.275682	0.820685
0.0413717	0.370802	0.933441
0.314376	0.940769	0.158471
0.532736	0.846212	0.0364601
0.990024	0.147616	0.0216862
0.747613	0.19277	0.643768
0.264717	0.466288	0.860326
0.546772	0.223075	0.808586
0.179061	0.908868	0.381979
0.204997	0.986554	0.0416386
0.921112	0.265318	0.300133
0.153641	0.945006	0.304835
0.242368	0.337397	0.915631
0.186876	0.989973	0.0416316
0.508599	0.681238	0.544837
0.0925021	0.433726	0.906813
0.152604	0.700513	0.721761
0.084971	0.757997	0.648986
0.0445243	0.511255	0.890032
0.736533	0.623823	0.287757
0.995271	0.105604	0.0078644
0.531752	0.856183	0.0695711
0.595274	0.255016	0.764716
0.223306	0.895203	0.405747
0.168522	0.678903	0.718517
0.273236	0.959161	0.237968
0.345183	0.249772	0.906344
0.675255	0.071154	0.744775
0.89229	0.218739	0.397115
0.280068	0.965322	0.143956
0.50319	0.0750275	0.867044
0.779377	0.542849	0.316639
0.160748	0.228182	0.961935
0.904181	0.31406	0.308108
0.689837	0.353803	0.635385
0.495022	0.870547	0.0117277
0.0268359	0.838453	0.561091
0.132875	0.674443	0.734462
0.795173	0.595777	0.179544
0.773507	0.617847	0.170724
0.971578	0.229618	0.0833969
0.759448	0.643231	0.162354
0.615048	0.625783	0.490473
0.806922	0.282746	0.533646
0.394413	0.323038	0.864506
0.354086	0.935863	0.0957933
0.746925	0.437086	0.574526
0.305683	0.587367	0.758431
0.328138	0.569757	0.754375
0.620654	0.773094	0.248415
0.64143	0.125652	0.762963
0.844	0.539703	0.0719417
0.625867	0.782281	0.0298368
0.705622	0.717937	0.0477546
0.47762	0.828115	0.297348
0.0331282	0.931963	0.382078
0.498499	0.0631075	0.885671
0.787488	0.598623	0.197922
0.146624	0.806188	0.592151
0.681583	0.34957	0.646477
0.0910248	0.997651	0.0627804
0.656543	0.51312	0.570001
0.083431	0.741906	0.668556
0.322933	0.559913	0.764239
0.116866	0.0739847	0.994647
0.357766	0.832886	0.432639
0.472251	0.877241	0.127727
0.392851	0.910718	0.155143
0.0766317	0.298041	0.954275
0.526265	0.0327116	0.850802
0.991626	0.146688	0.0217803
0.264455	0.971836	0.000382445
0.653021	0.0281014	0.80642
0.70428	0.700115	0.218503
0.421451	0.361612	0.837132
0.122594	0.165991	0.983467
0.768131	0.279401	0.587665
0.914806	0.289217	0.293594
0.144976	0.914648	0.39782
0.551914	0.720819	0.429255
0.726355	0.187289	0.665572
0.13963	0.721677	0.680269
0.658036	0.348196	0.693451
0.84134	0.287933	0.497076
0.3334	0.578893	0.745071
0.370609	0.446055	0.818373
0.653808	0.134573	0.748674
0.541644	0.18056	0.827102
0.367639	0.162493	0.920563
0.25131	0.904407	0.3618
0.368327	0.929699	0.0957352
0.100658	0.902167	0.460187
0.331173	0.588596	0.738906
0.713584	0.183996	0.67692
0.344462	0.592976	0.734196
0.0586894	0.562691	0.82695
0.0945697	0.549782	0.834418
0.150247	0.897944	0.440876
0.988619	0.00907764	0.234092
0.701078	0.652135	0.299798
0.396257	0.763867	0.514391
0.777114	0.612604	0.172687
0.887532	0.0477147	0.46888
0.439173	0.343978	0.837406
0.986685	0.0610791	0.169115
0.0477526	0.394297	0.921513
0.25375	0.881362	0.436369
0.0723233	0.763484	0.655264
0.757019	0.184079	0.631199
0.788815	0.415861	0.467411
0.82012	0.363385	0.450045
0.696224	0.692107	0.2221
0.580383	0.686217	0.450204
0.742668	0.582506	0.347288
0.172235	0.693859	0.70817
0.900309	0.381165	0.242035
0.075959	0.267265	0.963785
0.595686	0.252482	0.764971
0.0962314	0.768359	0.63596
2.92681e-17	5.72232e-17	1.04967
1.00002	0	0
0.981063	0.0364422	0.261778
0.0344662	0.864856	0.551683
0.943863	0.310242	0.141541
0.857444	0.500318	0.129457
0.00259439	0.943177	0.337652
0.132515	0.658307	0.750801
0.0225979	0.932846	0.380365
0.565089	0.728657	0.390573
0.0640842	0.339803	0.94439
2.2945e-17	5.82861e-17	1.02298
0.118792	0.154867	0.989444
0.87017	0.485663	0.0921045
0.220119	0.219633	0.958555
0.673498	0.690128	0.310713
0.103584	0.588011	0.80675
0.0463559	0.8148	0.587042
0.586883	0.601374	0.557755
0.0532396	0.285962	0.962654
0.211081	0.976472	0.0627726
0.0853417	0.743876	0.673199
0.17013	0.902107	0.399561
0.77907	0.131974	0.64171
0.260156	0.752741	0.624604
0.464365	0.38955	0.799097
0.685572	0.426307	0.593461
0.313245	0.100144	0.946865
0.661081	0.527042	0.564653
0.958337	0.0249959	0.292674
0.59429	0.700428	0.409918
0.0816036	0.57206	0.824215
0.122405	0.651055	0.755563
0.755286	0.146639	0.642652
0.813448	0.171212	0.577602
0.571929	0.103319	0.817398
0.275752	0.881688	0.405744
0.22683	0.952998	0.223377
0.326865	0.419015	0.853453
0.36637	0.688335	0.628056
0.609296	0.344476	0.719375
0.412652	0.465395	0.789697
0.930789	0.188111	0.329524
0.301601	0.597303	0.747035
0.0275416	0.916194	0.438418
0.142377	0.243271	0.972951
0.485942	0.143474	0.86488
0.916131	0.305621	0.273834
0.199345	0.922926	0.350526
0.604539	0.615699	0.543648
0.736808	0.471179	0.486306
0.223611	0.839786	0.514342
0.695542	0.389774	0.613999
0.879384	0.249249	0.452125
0.623172	0.638559	0.478737
0.194208	0.886766	0.434197
0.82564	0.552891	0.143057
0.763674	0.279676	0.584998
0.396675	0.270519	0.884428
0.743716	0.43799	0.533101
0.308172	0.715039	0.631942
0.208041	0.957867	0.223509
0.65619	0.740061	0.179168
0.183356	0.667018	0.734095
0.157605	0.970504	0.231857
0.793862	0.0718259	0.606977
0.125873	0.775103	0.632907
0.359031	0.349602	0.868182
0.156901	0.966169	0.242984
0.135034	0.567724	0.814076
0.0171164	0.0910398	0.996109
0.847648	0.514636	0.233844
0.213593	0.983651	0.0501635
0.908615	0.273201	0.319983
0.715389	0.705651	0.144667
0.628636	0.256536	0.737414
0.541354	0.829984	0.179504
0.962861	0.204331	0.216789
0.141474	0.991766	0.00432605
0.708369	0.226988	0.676215
0.904782	0.185873	0.416956
0.700134	0.716654	0.00297563
0.493386	0.290268	0.826724
0.841147	0.543467	0.0102359
0.946058	0.0556751	0.327158
0.457417	0.520671	0.727576
0.687223	0.674758	0.301848
0.634774	0.56126	0.574945
0.722379	0.130498	0.685398
0.179403	0.677057	0.719879
0.149847	0.624472	0.769009
0.925055	0.295738	0.246527
0.802254	0.173826	0.572437
0.992142	0.0609517	0.15265
0.261922	0.640681	0.738204
0.184057	0.988615	0.0171382
6.22662e-17	5.36268e-19	1.01692
0.906752	0.0495535	0.427583
0.887245	0.0820103	0.455034
0.697563	0.475714	0.546434
0.70001	0.133151	0.71049
0.531752	0.121675	0.840841
0.645663	0.147429	0.762819
0.996587	0.0586487	0.121331
0.990496	0.0258347	0.166496
0.66936	0.452249	0.593836
0.480871	0.845418	0.288586
0.333772	0.539972	0.788385
0.863071	0.503601	0.0749268
0.446068	0.514958	0.743203
0.88301	0.322715	0.425453
0.513924	0.787929	0.364559
0.831632	0.32946	0.448658
0.346461	0.395312	0.854736
0.476328	0.399586	0.789374
0.491611	0.809791	0.359264
0.578562	0.592847	0.577159
0.665843	0.564298	0.505223
0.723524	0.449906	0.525355
0.230107	0.381206	0.90085
0.0099193	0.409471	0.917571
0.249702	0.962064	0.143096
0.92137	0.267286	0.299511
0.621449	0.609595	0.497847
0.384344	0.62772	0.689407
0.820816	0.581902	0.0309231
0.0202421	0.835596	0.604449
0.796107	0.461162	0.394791
0.162035	0.919816	0.372231
0.487077	0.0281659	0.877599
0.949712	0.328049	0.0729999
0.196237	0.926887	0.344206
0.950054	0.233301	0.215462
0.915608	0.319878	0.256815
0.939129	0.1797	0.311034
0.403348	0.0252007	0.934455
0.293973	0.194104	0.941937
0.338209	0.210307	0.927486
0.405764	0.0879177	0.924083
0.319383	0.264934	0.912716
0.616903	0.378013	0.696475
0.351184	0.809054	0.500963
0.0934819	0.213969	0.977116
0.546236	0.765693	0.368459
0.733337	0.507472	0.461791
0.968142	0.236965	0.0973714
0.595788	0.702194	0.409144
0.729041	0.431018	0.548822
0.532935	0.826608	0.188897
0.421127	0.834524	0.361668
0.100952	0.879942	0.470912
0.0699306	0.49023	0.870309
0.403673	0.92998	0.0219146
0.47343	0.050593	0.897302
0.190459	0.756851	0.653545
0.713632	0.224651	0.680131
0.529058	0.855901	0.105446
0.0774931	0.410903	0.9146
0.384255	0.917295	0.117919
0.526649	0.778876	0.368323
0.46816	0.0599215	0.890498
0.849157	0.520329	0.158153
0.828948	0.189679	0.530109
0.374649	0.822541	0.44259
0.182097	0.726332	0.674639
0.397695	0.832164	0.41634
0.768662	0.452681	0.459418
0.459571	0.761346	0.468006
0.430451	0.0183785	0.908663
0.876026	0.486461	0.0337708
0.809012	0.534174	0.289096
0.409257	0.374027	0.841836
0.427992	0.0783218	0.901387
0.79417	0.0685188	0.606989
0.890445	0.355746	0.307714
0.240859	0.876104	0.43866
0.874529	0.488096	0.0292407
0.612939	0.768379	0.196584
0.649734	0.446851	0.622377
0.614848	0.363821	0.700409
0.975249	0.0901447	0.208739
0.163871	0.800289	0.5797
0.985621	0.136295	0.117975
0.797559	0.644998	0.0105744
0.555089	0.818515	0.192019
0.0318783	0.231577	0.973879
0.615034	0.771006	0.171113
0.188489	0.109468	0.979427
0.233171	0.0102439	0.976685
0.973689	0.194569	0.12733
0.97993	0.195816	0.0736873
0.53572	0.495742	0.702832
0.561526	0.114135	0.835735
0.12471	0.620799	0.785015
0.651893	0.448336	0.619909
0.246549	0.36017	0.904234
0.370972	0.151387	0.92728
6.12335e-17	1.00002	0
1.00001	0	0
6.14614e-17	8.55844e-33	1.00374
0.964819	0.226095	0.143307
0.301803	0.59329	0.747296
0.208124	0.684491	0.70335
0.611414	0.768417	0.21714
0.24718	0.452238	0.860233
0.788202	0.366124	0.500581
0.385106	0.17223	0.923666
0.418945	0.785433	0.49283
0.584371	0.774035	0.308571
0.446111	0.740182	0.523886
0.463698	0.143317	0.87554
0.0570602	0.943295	0.336359
0.57485	0.547473	0.616531
0.461938	0.461531	0.759383
0.944472	0.298923	0.168648
0.332898	0.628188	0.705842
0.784088	0.60756	0.186822
0.704457	0.706756	0.120452
0.31	0.552269	0.775685
0.292604	0.958052	0.0535557
0.903587	0.355238	0.248878
0.995147	0.0255529	0.111249
0.17286	0.401717	0.910818
0.197863	0.82695	0.529887
0.427034	0.854914	0.299185
0.0855916	0.997446	0.0231636
0.594723	0.810439	0.105349
0.626081	0.644034	0.446742
0.824553	0.438119	0.382491
0.510158	0.868026	0.0312707
0.661609	0.709195	0.265796
0.658205	0.722567	0.223348
0.632893	0.490404	0.607558
0.358505	0.0945373	0.934007
0.558034	0.126066	0.824046
0.392257	0.393676	0.833985
0.69099	0.00496178	0.733135
0.81454	0.0360425	0.591296
0.128022	0.265036	0.960766
0.341478	0.769643	0.543236
0.456113	0.610092	0.650777
0.653461	0.506342	0.567482
0.692538	0.674414	0.300983
0.770789	0.653342	0.00823118
0.142976	0.00632653	0.990059
0.410854	0.413926	0.814995
0.749119	0.0547293	0.661809
0.125671	0.694317	0.710014
0.269423	0.53938	0.799539
0.976178	0.203918	0.0823318
0.952572	0.309766	0.0422864
0.0961883	0.81346	0.576646
0.656541	0.516205	0.555131
0.0479311	0.152491	0.988011
0.618427	0.777231	0.157547
0.241021	0.849022	0.483349
0.871009	0.235529	0.434864
0.847458	0.379316	0.402445
0.600895	0.161699	0.79394
0.998337	0.0506912	0.0682093
0.184609	0.930695	0.319871
0.713242	0.70154	0.0260519
0.0237454	0.636731	0.771634
0.641453	0.497037	0.589442
0.402147	0.735763	0.550373
0.800785	0.240784	0.564535
0.709138	0.67109	0.240862
0.743903	0.273051	0.611395
0.912894	0.376511	0.16811
0.36825	0.666427	0.652251
0.396599	0.794661	0.47932
0.77816	0.0773062	0.626122
0.121154	0.972052	0.205878
0.621947	0.747915	0.263953
0.479462	0.654545	0.589356
0.350438	0.105686	0.932668
0.0874482	0.194246	0.978813
0.297028	0.125671	0.94741
0.775939	0.585271	0.243188
0.734499	0.250516	0.633675
0.247456	0.19137	0.969681
0.327019	0.659614	0.677165
0.12157	0.577582	0.809781
0.874871	0.384614	0.346474
0.799106	0.324676	0.514536
0.948173	0.255775	0.194904
0.234155	0.101234	0.973127
0.328343	0.32739	0.890592
0.370726	0.615105	0.696978
0.109236	0.944166	0.313171
0.843609	0.19617	0.50277
0.341094	0.524881	0.798665
0.137112	0.757524	0.642355
0.496259	0.436281	0.764632
0.856033	0.336854	0.398739
0.882034	0.323014	0.372786
0.761914	0.278129	0.59079
0.37223	0.834839	0.41125
0.158211	0.930344	0.3345
0.672139	0.437921	0.60874
0.172497	0.909713	0.394868
0.680251	0.045648	0.739822
0.931368	0.250628	0.295419
0.0646274	0.792662	0.613602
0.926302	0.261828	0.287248
0.970613	0.258421	0.0119494
0.380289	0.0168274	0.925931
0.678065	0.178805	0.720074
0.153972	0.900009	0.420008
0.525328	0.176484	0.841748
0.643391	0.61275	0.462426
0.714864	1.45093e-24	0.71387
0.500341	0.0400051	0.867815
0.564224	0.537353	0.630278
0.279044	0.0901728	0.957228
0.538465	0.16255	0.829784
0.768832	0.0579451	0.643339
0.0464803	0.205612	0.981628
0.934625	0.0691196	0.35222
0.326322	0.755287	0.573078
0.135017	0.485545	0.869661
0.483553	0.0165781	0.884867
0.443887	0.790789	0.428775
0.00597039	0.802937	0.638669
0.519434	0.517926	0.684093
0.972961	0.246561	0.114998
0.254806	0.571479	0.783103
0.10122	0.141465	0.992721
0.81431	0.466488	0.362962
0.759312	0.260861	0.602714
0.433594	0.0197739	0.903975
0.351338	0.334023	0.877261
0.197653	0.981535	0.0535289
0.912345	0.213798	0.35079
0.958964	0.28981	0.0964857
0.212302	0.476922	0.854077
0.52073	0.530539	0.670937
0.323728	0.317028	0.899722
0.810362	0.464226	0.370639
0.958977	0.289814	0.0942742
0.724051	1.46958e-24	0.700954
0.888013	0.110087	0.455823
0.147463	0.805858	0.576724
0.98828	0.0569267	0.179536
0.321923	0.591686	0.741856
0.965662	0.0714149	0.253787
0.409342	0.918464	0.0388063
0.00446852	0.113629	0.996666
0.921247	0.0884634	0.409626
0.893566	0.399575	0.277091
0.837303	0.338681	0.437079
0.160643	0.888076	0.434959
0.217834	0.474432	0.854094
0.117005	0.725343	0.694212
0.989191	0	0.147587
0.0206207	0.818816	0.621535
0.539006	0.833598	0.19701
0.858961	0.110851	0.513841
0.165698	0.920763	0.386935
0.40727	0.914713	0.0640785
0.489661	0.777574	0.410425
0.178241	0.990467	0.185496
0.698727	0.716083	0.120036
0.515248	0.155542	0.848865
0.941063	0.343332	0.0414205
0.89781	0.0015364	0.471207
0.740671	0.121871	0.68646
0.898474	0.0602918	0.440436
0.257942	0.950868	0.20597
0.891349	0.324448	0.355096
0.0274619	0.883665	0.489072
0.0710118	0.157736	0.987313
0.268169	0.833385	0.511578
0.103966	0.927312	0.367434
0.0719221	0.342307	0.937106
0.332611	0.362552	0.871374
0.822439	0.37836	0.42632
0.515505	0.64295	0.598602
0.997606	0.0874658	0.0470503
0.436634	0.906611	0.00279821
0.0781645	0.929806	0.367419
0.597036	0.798589	0.0839842
0.280199	0.643755	0.722726
0.829381	0.0366991	0.569008
0.999428	0.0821939	0.0443051
0.48198	0.845857	0.233923
0.485229	0.836707	0.257545
0.237565	0.417944	0.878478
0.337123	0.535346	0.782553
0.870381	0.195944	0.458304
0.895901	0.352216	0.272509
0.98432	0.128146	0.183227
0.570795	0.0466087	0.832232
0.52903	0.538995	0.6588
0.17611	0.964362	0.23555
0.704304	0.293432	0.669548
3.74953e-33	6.12344e-17	1.00003
1.00001	0	0
1.30364e-17	6.01336e-17	1.00487
6.1233e-17	1.00001	0
0.412855	0.672119	0.625976
0.298739	0.949103	0.112778
0.354435	0.692438	0.648654
0.156188	0.715012	0.685229
0.116096	0.846517	0.525802
0.524945	0.818319	0.250934
0.950186	0.0642571	0.365838
0.0582141	0.450546	0.909427
0.509706	0.0603208	0.858852
0.0663339	0.992851	0.181597
0.127177	0.558985	0.826123
0.954373	0.21546	0.212134
0.271863	0.962213	0.0506875
0.63823	0.699262	0.32543
0.996355	0.0800675	0.0421249
0.174675	0.703996	0.695323
0.779573	0.637816	0.126538
0.670421	0.732144	0.145954
0.787007	0.568189	0.272741
0.249695	0.775997	0.590756
0.590349	0.681889	0.464626
0.092021	0.760916	0.65532
0.0753438	0.986621	0.182745
0.896908	0.453536	0.097427
0.417426	0.836122	0.360859
0.547502	0.355575	0.767378
0.65493	0.749349	0.14632
0.109162	0.626359	0.780081
0.624209	0.503815	0.608342
0.678779	0.707512	0.206312
0.811431	0.234952	0.581042
0.583015	0.0279058	0.812914
0.988241	0.0823418	0.158576
0.845014	0.544352	0.0722084
0.935145	0.298036	0.224127
0.978373	0.149945	0.169812
0.0185906	0.325486	0.948667
0.471792	0.73889	0.488587
0.919402	0.327775	0.242427
0.275662	0.766123	0.590051
0.597264	0.180164	0.784377
0.480598	0.835152	0.287717
0.930005	0.366138	0.0565823
0.877914	0.473498	0.171855
0.562355	0.172999	0.819467
0.395411	0.826635	0.411099
0.885004	0.467836	0.00890569
0.793542	0.599052	0.112694
0.689419	0.0516038	0.730419
0.337374	0.219581	0.917296
0.144819	0.788303	0.599377
0.835843	0.444505	0.330305
0.796297	0.519272	0.315368
0.450852	0.611787	0.659492
0.103058	0.328522	0.941627
0.159033	0.728035	0.671349
0.770419	0.415521	0.508814
0.367261	0.399315	0.845227
0.859392	0.284723	0.443459
0.314865	0.40816	0.862586
0.623456	0.0787034	0.781641
0.940997	0.152232	0.319396
0.814641	0.362231	0.477171
0.493647	0.0326507	0.871264
0.85728	0.337507	0.408105
0.13345	0.627608	0.773723
0.890079	0.209897	0.422989
0.00141552	0.0984102	0.996855
0.251832	0.782638	0.579766
0.193481	0.2293	0.966929
0.0512592	0.677009	0.74748
0.341368	0.793142	0.545161
0.196606	0.824359	0.53832
0.956797	0.257189	0.158614
0.47633	0.526776	0.718912
0.66742	0.435652	0.609025
0.499061	0.819672	0.298959
0.212176	0.66361	0.723965
0.23587	0.277988	0.938586
0.0891193	0.807798	0.614732
0.749856	0.486994	0.452972
0.148612	0.642829	0.756248
0.752574	0.4816	0.459231
0.611305	0.285648	0.744019
0.678557	0.140686	0.732153
0.842472	0.540252	0.137314
0.0144383	0.905001	0.433675
0.497597	0.111456	0.863779
0.0381696	0.554889	0.834433
0.0450481	0.654884	0.764916
0.618197	0.0462728	0.79452
0.659285	0.744461	0.153933
0.321847	0.85596	0.416066
0.96496	0.00950566	0.307135
0.869413	0.343132	0.371348
0.410596	0.291964	0.874352
0.736404	0.631652	0.261434
0.698735	0.58653	0.447108
0.349661	0.934103	0.0921942
0.643108	0.15693	0.752422
0.266058	0.91436	0.321611
0.206118	0.923252	0.336924
0.347434	0.69615	0.648783
0.703111	0.572725	0.431405
0.0818307	0.973732	0.231385
0.974032	0.116348	0.197299
0.847711	0.24536	0.502698
0.606974	0.805069	0.0339227
0.790103	0.348233	0.518558
0.746571	0.609133	0.302662
0.464934	0.514173	0.735608
0.999563	0.022879	0.121594
0.198824	0.947055	0.260917
0.22396	0.902631	0.38797
0.49105	0.799418	0.363561
0.160253	0.872313	0.464813
0.719489	0.635187	0.312003
0.240795	0.403711	0.893863
0.30913	0.364329	0.889323
0.531861	0.24028	0.812825
0.557678	0.620518	0.557012
0.263867	0.865835	0.42926
0.287672	0.468324	0.840981
0.478842	0.529554	0.713616
0.271045	0.885613	0.39657
0.261935	0.889296	0.396959
0.482733	0.533858	0.701658
0.736778	0.31341	0.605211
0.821656	0.497403	0.283763
0.573235	0.373684	0.730844
0.517007	0.271494	0.813327
0.898899	0.274041	0.353137
0.0979157	0.979681	0.187665
0.440817	0.168174	0.883401
0.898311	0.265929	0.357027
0.425814	0.907206	0.0824151
0.0614633	0.875196	0.487102
0.594473	0.388036	0.70955
0.0326926	0.973903	0.238153
0.335455	0.755369	0.566189
0.465603	0.306944	0.833065
0.36505	0.00857978	0.936309
0.146943	0.844244	0.523766
0.868097	0.0141381	0.5031
0.882618	0.261283	0.40645
0.837453	0.138704	0.539146
0.383557	0.940485	5.23575e-05
0.258853	0.499473	0.84398
0.553711	0.357678	0.753017
0.403392	0.787259	0.472097
0.565121	0.653855	0.514674
0.693786	0.701068	0.199205
0.493033	0.0215591	0.878128
0.359277	0.861859	0.372446
0.282821	0.00509923	0.96296
0.823492	0.103955	0.56068
0.657747	0.579235	0.496022
0.334337	0.591999	0.739305
0.387568	0.456774	0.801455
0.0234179	0.194514	0.984913
0.445496	0.898096	0.0283059
0.206457	0.984869	0.0873538
0.230097	0.187509	0.959291
0.504479	0.440092	0.765979
0.435428	0.383453	0.823589
0.960943	0.133745	0.274359
0.33235	0.793985	0.516935
0.924421	0.380019	0.0787525
0.229436	0.190659	0.955763
0.541595	0.224251	0.814443
0.20229	0.919533	0.348249
0.247934	0.396239	0.888817
0.73068	0.656353	0.237678
0.74077	0.00133587	0.679115
0.284523	0.90272	0.342432
0.389161	0.313961	0.873774
0.804721	0.369397	0.473912
0.168874	0.277364	0.95081
0.872927	0.512249	0.13624
0.15313	0.746756	0.665459
0.386501	0.420234	0.828736
0.220694	0.752736	0.623385
0.786452	0.210729	0.590041
0.829281	0.11542	0.552559
0.183879	0.586157	0.797803
0.711711	0.597423	0.415367
0.00546486	0.371519	0.930203
0.164444	0.0382109	0.9865
0.757347	0.512015	0.431585
0.138042	0.966918	0.23128
0.975126	0.15705	0.169451
0.569493	0.202059	0.800949
0.432364	0.232168	0.873237
0.453681	0.893819	0.0283016
3.40882e-17	5.23218e-17	1.01983
0.790743	0.434274	0.435118
0.142688	0.338124	0.931437
0.755619	0.643141	0.14742
0.441502	0.578688	0.692857
0.429792	0.50111	0.751876
0.835945	0.222203	0.526663
0.167381	0.448034	0.878762
0.0818733	0.979349	0.190715
0.671037	0.352983	0.658341
0.346491	0.912285	0.237339
0.328759	0.894375	0.308327
0.464381	0.849005	0.336691
0.853564	0.318929	0.445277
0.408817	0.917761	0.0314228
0.131093	0.8578	0.504267
0.541422	0.111517	0.834595
0.813303	0.421092	0.417352
0.0453281	0.454453	0.894689
0.258462	0.301351	0.919117
0.973459	0.0550517	0.231518
0.0942309	0.995861	0.0230633
0.377937	0.495372	0.784634
0.768149	0.63118	0.155489
0.412803	0.139556	0.902309
0.948873	0.32515	0.0007294
0.568829	0.154499	0.812072
0.658633	0.665846	0.361863
0.844053	0.242525	0.485603
0.580873	0.798667	0.193953
0.691523	0.362704	0.643334
0.822356	0.344628	0.463744
0.717132	0.706835	0.0821044
0.1104	0.688867	0.71971
0.239349	0.974108	0.0379342
0.649266	0.78048	0.0578067
0.249599	0.694141	0.676549
0.824689	0.426563	0.37811
0.194207	0.637741	0.759255
0.397859	0.316696	0.865244
0.696825	0.205964	0.709603
0.535227	0.718281	0.467968
0.910092	0.307356	0.296252
0.986277	0.0737921	0.163419
0.98449	0.176395	0.0544143
0.384865	0.930487	0.0169204
0.856812	0.389437	0.347593
0.635872	0.784898	0.00239394
0.638661	0.0459958	0.771686
0.185903	0.960264	0.222948
0.897991	0.129669	0.427422
0.0739219	0.797522	0.612112
0.199635	0.590612	0.788669
0.646042	0.605085	0.479637
0.762002	0.259016	0.596787
0.269881	0.214274	0.944597
0.429497	0.746146	0.514785
0.945223	0.0743694	0.357868
0.251627	0.815524	0.53327
0.228921	0.819006	0.531356
0.559025	0.741424	0.38128
0.667562	0.74857	0.0762968
0.12421	0.822126	0.56394
0.99064	0.00202865	0.17391
0.524362	0.0106338	0.858847
0.908405	0.408791	0.134751
0.765766	0.363968	0.542236
0.612209	0.0463023	0.802204
0.0584262	0.698881	0.731785
0.151584	0.55405	0.823506
0.58187	0.508522	0.637662
0.038231	0.100203	0.996046
0.606733	0.653397	0.461628
0.205287	0.952172	0.241691
0.752233	0.375961	0.546137
0.491535	0.476074	0.744902
0.33447	0.121828	0.938864
0.315429	0.94435	0.101902
0.886837	0.473293	0.0225518
0.895527	0.460778	0.205322
0.197455	0.468907	0.865702
0.367573	0.936621	0.0176912
0.161509	0.23483	0.963097
0.958067	0.284977	0.0900122
0.775702	0.142652	0.6216
0.390105	0.573175	0.72764
0.937415	0.288373	0.209208
0.30561	0.90552	0.331796
0.357724	0.925303	0.129732
0.734548	0.621734	0.281675
0.61864	0.0934359	0.791475
0.681836	0.732706	0.065703
0.398993	0.535188	0.760273
0.546459	0.519503	0.682559
0.309719	0.863392	0.41299
0.299504	0.240897	0.925441
0.679359	0.730028	0.119076
0.398591	0.134752	0.912784
0.936586	0.292961	0.219088
0.474471	0.834578	0.299178
0.296229	0.482614	0.827257
0.585676	0.467457	0.668035
0.902772	0.0512023	0.435075
0.182757	0.946737	0.274481
0.915587	0.40235	0.0386451
0.120721	0.264381	0.958535
0.356188	0.84522	0.409605
0.5268	9.5186e-07	0.884819
0.592398	0.333646	0.740116
0.458316	0.117433	0.883767
0.472187	0.0824686	0.884209
0.447791	0.777927	0.447791
0.782862	0.385523	0.520912
0.0285409	0.0625052	0.999236
0.803316	0.12562	0.58289
0.866336	0.52636	0.0971225
6.13504e-17	4.47136e-21	1.00193
0.881908	0.462257	0.108873
0.916448	0.0072873	0.422644
0.32667	0.905148	0.281659
0.0687752	0.639867	0.775587
0.518619	0.854117	0.114254
0.711295	0.0583907	0.703844
0.628448	0.462943	0.633101
0.861866	0.18056	0.495086
0.741003	0.363738	0.575575
0.259481	0.164383	0.956145
0.222047	0.121947	0.970498
0.242558	0.888179	0.397446
0.498434	0.491277	0.722278
0.706079	0.395517	0.602655
0.0375052	0.67736	0.738488
0.276912	0.656191	0.703292
0.781058	0.384634	0.522561
0.688466	0.655002	0.404566
0.113062	0.825531	0.55849
0.369069	0.41461	0.834827
0.483873	0.841506	0.250619
0.512111	0.28147	0.818439
0.0637791	0.951724	0.319569
0.860624	0.418587	0.295151
0.87432	0.48562	0.0479126
0.423407	0.597925	0.687851
0.0483065	0.873004	0.48893
0.278994	0.96579	0.0768586
0.328308	0.0899278	0.947497
0.96089	0.25408	0.122698
0.287902	0.721644	0.638671
0.773212	0.569581	0.287788
0.337261	0.887985	0.325579
0.469752	0.683007	0.567229
0.748126	0.61452	0.271152
0.872547	4.25056e-06	0.509561
0.50889	0.869487	0.0482598
0.66785	0.370681	0.691462
0.721104	0.40052	0.57217
0.0487532	0.881077	0.474493
0.863059	0.524369	0.127467
0.557771	0.828907	0.113782
0.0833689	0.99724	0.0306602
0.483139	0.84023	0.254792
0.173365	0.542234	0.840429
0.931156	0.00283307	0.391043
0.608767	0.662332	0.448789
0.212555	0.714118	0.686764
0.931143	0.0206019	0.391132
0.965058	0.0248818	0.26492
0.92835	0.0216297	0.397991
0.697824	0.704456	0.186048
0.717846	0.37651	0.586441
0.372211	0.926478	0.0892991
0.102121	0.964871	0.245306
0.726791	0.188701	0.688689
0.0159079	0.795925	0.614725
0.760383	0.62889	0.178529
0.235922	0.159222	0.961794
0.916037	0.16413	0.37282
0.172195	0.752248	0.670528
0.725237	0.595718	0.351266
0.452904	0.790005	0.414645
0.351763	0.931993	0.134464
0.920544	0.1589	0.360934
0.176076	0.836501	0.524658
0.504973	0.406144	0.76821
0.0891549	0.942215	0.326281
0.322654	0.877767	0.358247
0.514003	0.147691	0.855357
0.0457193	0.83192	0.554842
0.536027	0.828158	0.185095
0.600419	0.575643	0.559916
0.00721517	0.169802	0.987018
0.481212	0.565944	0.684728
