6.12341e-17	1.00003	0
1.78476e-12	1.81308e-243	1.00332
0.410586	0.915148	0.0598521
0.752082	0.661966	0.174324
0.28033	0.942932	0.194424
0.995853	0.0346349	0.0853269
0.2668	0.748862	0.618049
0.227386	0.93222	0.31138
0.147382	0.973387	0.185328
0.565128	0.298746	0.76936
0.500491	0.076841	0.869098
0.385773	0.0330975	0.9385
0.0937149	0.537712	0.841753
0.573215	0.759011	0.312989
0.808517	0.295174	0.525888
0.579578	0.64216	0.515689
0.797656	0.285741	0.541289
0.2603	0.693773	0.692953
0.911255	0.24631	0.372327
0.519089	0.347823	0.785415
0.853858	0.453553	0.261139
0.23261	0.326075	0.930118
0.180387	0.978271	0.124654
0.518633	0.0103839	0.85841
0.281311	0.879627	0.407612
0.803983	0.496236	0.355079
0.25377	0.849394	0.480894
0.392284	0.862113	0.347622
0.887582	0.215773	0.417245
0.676633	0.354433	0.646314
0.830952	0.550647	0.0951731
0.0515737	0.316808	0.956145
0.741864	0.126799	0.664416
0.761756	0.482754	0.465751
0.985965	0.113258	0.138054
0.439488	0.379877	0.828092
0.0815867	0.242032	0.968192
0.435662	0.00823497	0.963031
0.987339	0.175055	0.029837
0.149949	0.81999	0.557329
0.361351	0.484943	0.796971
0.425657	0.270825	0.872569
0.605308	0.47567	0.650453
0.977872	0.150785	0.167445
0.546301	0.708189	0.450587
0.782045	0.471916	0.456547
0.0332929	0.736895	0.698131
0.526788	0.583987	0.633419
0.350917	0.54173	0.778055
0.638303	0.725804	0.282438
0.448879	0.277593	0.850356
0.32949	0.374658	0.875949
0.999406	0.0347585	0.00608586
0.285508	0.960349	0.0491498
0.495169	0.716318	0.499723
0.203506	0.80292	0.564619
0.642753	0.630341	0.445242
0.476023	0.397423	0.793871
0.552736	0.774828	0.341828
0.957412	0.0487091	0.296349
0.586521	0.3128	0.752692
0.866468	0.0925488	0.498717
0.297852	0.359296	0.902759
0.305024	0.812975	0.502557
0.221098	0.490405	0.85318
0.921882	0.143316	0.364176
0.81208	0.255254	0.543819
0.656688	0.592306	0.475409
0.805873	0.59621	0.0429272
0.311365	0.188367	0.947855
0.897433	0.44879	0.103595
0.647747	0.784648	0.00196069
0.245864	0.793322	0.571781
0.669164	0.0232729	0.743065
0.96484	0.303421	0.0189021
0.294377	0.873288	0.396419
0.0448822	0.99341	0.117435
0.871763	0.100919	0.484066
0.532895	0.167454	0.83645
0.621164	0.7873	0.0230982
0.288981	0.857279	0.428398
0.336641	0.90719	0.264731
0.394709	0.0674634	0.920809
0.16944	0.724651	0.679211
0.928717	0.339056	0.159768
0.201692	0.877396	0.439982
0.988782	0.0675594	0.153158
0.643329	0.109957	0.762936
0.71298	0.674412	0.239555
0.481095	0.667274	0.573402
0.00713949	0.329022	0.958501
0.325648	0.716649	0.625896
0.819052	0.435064	0.389571
0.925178	0.337764	0.207981
0.143251	0.78174	0.631171
0.124605	0.0876743	0.990295
0.851694	0.140287	0.51458
0.0191175	0.810214	0.588774
0.789298	0.522947	0.327969
0.880309	0.0601478	0.48758
0.738813	0.0443317	0.674262
0.451434	0.589668	0.682352
0.936549	0.261862	0.241225
0.0418838	0.70281	0.728097
0.45541	0.529673	0.718622
0.18155	0.984577	0.0491147
0.68554	0.618329	0.386666
0.790732	0.0900723	0.607996
0.33685	0.0389951	0.942862
0.540008	0.700032	0.469969
0.400875	0.922666	0.103863
0.944968	0.230404	0.246278
0.157434	0.43935	0.88752
0.103898	0.563456	0.825145
0.067337	0.392724	0.925276
0.835457	0.505429	0.224272
0.743397	0.603265	0.325463
0.696241	0.164936	0.703476
0.824608	0.569404	0.0230811
0.955745	0.141348	0.276938
0.715931	0.656923	0.243369
0.10438	0.405842	0.910484
0.729953	0.61004	0.327794
0.541312	0.798281	0.289606
0.194903	0.427929	0.894537
0.191673	0.0277403	0.983119
0.357837	0.185124	0.924222
0.812369	0.571599	0.121896
0.114278	0.853458	0.50868
0.972883	0.129768	0.213154
0.703397	0.677542	0.219156
0.158684	0.981713	0.114425
0.129336	0.934108	0.341523
0.115682	0.991581	0.0993664
0.471237	0.365611	0.809848
0.581962	0.119273	0.806621
0.599097	0.321387	0.734941
0.242032	0.844612	0.494932
0.628425	0.703793	0.36741
0.613972	0.605176	0.536416
0.469837	0.620176	0.646535
0.0842832	0.350874	0.950355
0.00603763	0.742271	0.700352
0.9675	0.165365	0.254759
0.0218035	0.200071	0.981874
0.146044	0.161814	0.979885
0.240442	0.836209	0.503255
0.176714	0.95835	0.227107
0.487685	0.205459	0.853124
0.176127	0.778031	0.639281
0.0687289	0.0748308	0.995395
0.666261	0.610793	0.430429
0.466621	0.0137005	0.902994
0.0563892	0.305809	0.950946
0.700856	0.619484	0.384361
0.904898	0.186309	0.402302
0.776857	0.412651	0.475968
0.996651	0.107705	0.0316153
0.507437	0.614684	0.605457
0.368337	0.80872	0.472938
0.823055	0.427189	0.389522
0.355487	0.306676	0.899001
0.632956	0.719724	0.292945
0.464299	0.195606	0.873316
0.488213	0.575166	0.666014
0.69883	0.116544	0.706112
0.862707	0.0255902	0.547369
0.72382	0.691517	0.0531909
0.959921	0.213376	0.202903
0.376397	0.826416	0.458011
0.200352	0.436303	0.891408
0.550572	0.766792	0.372336
0.0792222	0.734568	0.699249
0.210379	0.927834	0.319503
0.681313	0.26657	0.689163
0.0343581	0.668335	0.757786
0.406467	0.893283	0.229372
0.313489	0.795573	0.527515
0.122058	0.403886	0.911084
0.423358	0.514295	0.754292
0.523896	0.0808243	0.850069
0.0144296	0.679357	0.734565
0.840427	0.556926	0.0543979
0.129963	0.700567	0.711236
0.319998	0.948666	0.0979382
0.615332	0.510849	0.636034
0.630063	0.544603	0.581025
0.543292	0.824421	0.185866
0.932968	0.365859	0.0301281
0.0986846	0.871137	0.492337
0.0363554	0.914526	0.413198
0.348644	0.46789	0.813416
0.336728	0.741033	0.600427
0.192536	0.540415	0.821884
0.70188	0.633067	0.372819
0.102461	0.946665	0.33574
0.612052	0.647451	0.461017
6.32756e-17	6.07512e-23	1.03337
0.994205	0.086338	0.141855
0.21865	0.706121	0.697512
0.810841	0.464445	0.363168
0.945745	0.309771	0.116881
0.549552	0.672924	0.541051
0.204384	0.117337	0.972429
0.52662	0.558039	0.64486
0.117927	0.992418	0.0555916
0.898346	0.0526367	0.439103
0.94921	0.314842	0.0854248
0.959949	0.324777	0.0462824
0.755424	0.218666	0.633565
0.796042	0.393675	0.472556
0.162172	0.985761	0.0622762
0.409359	0.859671	0.312903
1.61754e-17	5.98439e-17	1.0124
0.85426	0.318724	0.422389
0.854762	0.178189	0.506913
0.137902	0.722	0.679835
0.282713	0.532538	0.814928
0.863118	0.354093	0.410564
0.805429	0.290652	0.523664
0.4347	0.151639	0.899219
0.0620797	0.528306	0.8493
0.27117	0.973782	0.00108238
0.82397	0.471966	0.324802
0.707022	0.0963359	0.723298
0.0744341	0.549921	0.836866
0.0114555	0.16791	0.98619
0.18792	0.625423	0.758897
0.313932	0.597864	0.742236
0.415793	0.676153	0.622064
0.722354	0.648053	0.255969
0.32561	0.540285	0.798949
0.885775	0.243656	0.408541
0.583313	0.657756	0.478921
0.781135	0.149586	0.614411
0.236662	0.875576	0.455689
0.918881	0.020281	0.402026
0.568427	0.729285	0.383329
0.550013	0.822198	0.151887
0.499897	0.866499	0.0290045
0.103607	0.923629	0.3733
0.155797	0.165092	0.975667
0.910986	0.124815	0.395287
0.25243	0.14492	0.968265
0.977837	0.00324237	0.224199
0.966423	0.254961	0.0675643
0.0502752	0.424752	0.906312
0.0198994	0.981908	0.218553
0.17297	0.575668	0.807567
0.301949	0.95227	0.0754698
0.638525	0.781871	0.168269
0.0362244	0.131841	0.996057
0.803058	0.590078	0.158359
0.858826	0.0668367	0.510766
0.486162	0.0308004	0.876864
0.71486	0.359395	0.641206
0.247035	0.44199	0.863945
0.730239	0.655126	0.216714
0.319094	0.606528	0.733611
0.769297	0.222681	0.605855
0.465251	0.900432	0.0916715
0.0472704	0.454443	0.890954
0.36292	0.419309	0.834564
0.388052	0.513343	0.769985
0.466863	0.571671	0.707385
0.934704	0.0110222	0.37021
0.270984	0.214507	0.94219
0.357172	0.921242	0.2027
0.35989	0.891638	0.296617
0.632995	0.640214	0.447236
0.457661	0.885743	0.0938336
0.764965	0.0447604	0.650726
0.571955	0.64547	0.519023
0.483842	0.180303	0.857359
0.557475	0.783811	0.287292
0.835917	0.0073228	0.553552
0.779227	0.276059	0.566366
0.134871	0.367494	0.922635
0.875001	0.479602	0.102807
0.417968	0.632284	0.675112
0.397804	0.918505	0.0179213
0.292747	0.566577	0.791617
0.100645	0.809218	0.585164
0.506898	0.188895	0.842693
0.631861	0.736047	0.264822
0.030083	0.741517	0.691203
0.563488	0.803972	0.248901
0.24452	0.945001	0.244679
0.401748	0.203932	0.900203
0.328084	0.944372	0.127987
0.424158	0.07159	0.911481
0.041711	0.616692	0.7886
0.848514	0.496107	0.187579
0.379831	0.502467	0.782343
0.661773	0.664727	0.352206
0.982676	0.197703	0.0184519
0.937927	0.161303	0.316315
0.74855	0.407153	0.535974
0.941376	0.189754	0.299892
0.125821	0.0691545	0.991822
0.347548	0.611089	0.730984
0.0900259	0.329645	0.946599
0.744854	0.101491	0.677745
0.335025	0.506136	0.811296
0.00493308	0.450669	0.894316
0.642062	0.162773	0.781444
0.350994	0.0255432	0.937704
0.224238	0.601238	0.787479
0.492355	0.505987	0.714204
0.578901	0.0472853	0.826282
0.693098	0.696192	0.231647
0.0858273	0.763888	0.659839
0.687927	0.263368	0.680181
0.890509	0.410924	0.200875
0.872554	0.359853	0.387335
0.815063	0.566589	0.153071
0.0683204	0.999983	0.00920205
0.515918	0.843305	0.162752
0.0310353	0.764991	0.666706
0.478708	0.875968	0.108527
0.905297	0.143307	0.403347
0.392994	0.519881	0.76193
0.969984	0.0218403	0.277241
0.159106	0.967127	0.212171
0.624491	0.239345	0.747193
0.870495	0.4883	0.102835
0.774791	0.432254	0.472101
0.498038	0.826396	0.275709
0.130651	0.520347	0.882201
0.0994637	0.799719	0.598311
0.884661	0.00115093	0.492683
0.68232	0.275159	0.688445
0.988776	0.190127	0.0185352
0.17992	0.402251	0.899504
0.610824	0.0585291	0.802227
0.307359	0.584222	0.75642
0.590589	0.675737	0.452229
0.306547	0.902477	0.334993
0.513551	0.207099	0.841222
0.724765	0.111491	0.690838
0.445538	0.786461	0.430336
0.703308	0.283623	0.663351
0.365223	0.731293	0.578788
0.127931	0.167926	0.981027
0.773505	0.60927	0.194528
0.707408	0.715475	0.00754802
0.480295	0.554921	0.682218
0.634153	0.500873	0.591213
0.881764	0.371126	0.293062
0.365833	0.138191	0.921696
0.627622	0.237258	0.749632
0.894097	0.00951984	0.465375
0.234547	0.336216	0.914473
0.258625	0.204724	0.95745
0.82249	0.0350345	0.569947
0.113457	0.415442	0.910126
0.601869	0.696949	0.394729
0.649567	0.0404211	0.770731
0.496958	0.829369	0.282577
0.657511	0.752307	0.239132
0.321005	0.937247	0.191854
0.451139	0.682318	0.593007
0.820931	0.570668	0.125279
0.598869	0.797906	0.108462
0.59831	0.767121	0.241521
0.801616	0.397109	0.460447
0.407066	0.538497	0.741833
0.192371	0.690811	0.711993
0.513695	0.849871	0.12255
0.519024	0.858688	0.025144
0.678684	0.413812	0.6197
0.287279	0.380033	0.88519
0.837692	0.00733835	0.55057
0.225114	0.698503	0.687096
0.581739	0.773902	0.264758
0.658039	0.384741	0.653846
0.37292	0.90842	0.248954
0.579422	0.815418	0.0432706
0.670236	0.53055	0.522976
0.441443	0.826959	0.354289
0.653016	0.694213	0.3461
0.439862	0.836082	0.340159
0.965389	0.259269	0.065918
0.513732	0.832955	0.211849
0.200376	0.928716	0.319656
0.846331	0.433708	0.34534
0.263438	0.964622	0.0455522
0.931634	0.334215	0.173109
0.804631	0.290364	0.528032
0.701634	0.536785	0.491991
0.450961	0.473674	0.772905
0.880932	0.351944	0.338208
0.42385	0.689255	0.60174
6.1234e-17	1.00003	0
0.718824	0.0325113	0.695386
0.764883	0.615743	0.215198
0.398994	0.878363	0.271376
0.210098	0.952626	0.225896
0.96002	0.231042	0.183763
0.902594	0.263746	0.35046
0.365659	0.466718	0.812695
0.779624	0.37247	0.504418
0.653646	0.762136	0.11316
0.536731	0.768729	0.353236
0.473374	0.624757	0.62924
0.197427	0.112139	0.980078
0.945483	0.0436407	0.328695
0.875158	0.474265	0.129799
0.134612	0.342685	0.933495
0.37899	0.277968	0.894811
0.933624	0.294145	0.251359
0.774098	0.582709	0.283035
0.148794	0.804746	0.589288
0.0517746	0.310605	0.949993
0.616488	0.57271	0.579375
0.953302	0.271917	0.13609
0.894807	0.248327	0.383522
0.142877	0.784931	0.604981
0.413522	0.922314	0.0557144
0.0155363	0.982075	0.192328
0.0278805	0.24306	0.973062
0.255096	0.655097	0.714131
0.4632	0.832337	0.330798
0.387058	0.283885	0.891721
0.339987	0.191091	0.942684
0.665076	0.666751	0.362787
0.494242	0.670684	0.561894
0.419106	0.916586	0.0675166
0.643306	0.0199546	0.765768
0.883882	0.132233	0.455729
0.312205	0.947559	0.245698
0.0589606	0.492515	0.876975
0.264046	0.0805614	0.963903
0.0816626	0.222789	0.975242
0.333782	0.628147	0.710344
0.797817	0.596473	0.122483
0.436303	0.901823	0.0462299
0.444119	0.413529	0.802791
0.67767	0.21848	0.702477
0.257629	0.845302	0.4823
0.0624777	0.854979	0.52212
0.858734	0.500746	0.151584
0.663339	0.208831	0.720845
0.277894	0.436174	0.859601
0.861947	0.484659	0.15079
0.351334	0.775699	0.562513
0.22177	0.387973	0.90829
0.0695128	0.151265	0.988523
0.736841	0.0735638	0.674695
0.67273	0.530762	0.525675
0.288722	0.0853752	0.957676
0.865623	0.067292	0.500482
0.239023	0.252499	0.937977
0.480873	0.726696	0.494631
0.732381	0.575055	0.37002
0.91401	0.119607	0.404103
0.970092	0.176513	0.233724
0.799411	0.129881	0.614128
0.561855	0.0526388	0.830032
0.668898	0.237826	0.704557
0.176002	0.135588	0.984204
0.605399	0.805856	0.0793382
0.368172	0.929526	0.0289494
0.608857	0.796024	0
0.926308	0.0239887	0.379426
0.946934	0.319453	0.0684165
0.533071	0.124336	0.844399
0.374833	0.937474	0.0135181
0.154543	0.638071	0.771624
0.705885	0.380673	0.599894
0.629574	0.682807	0.412473
0.968766	0.243881	0.0539076
0.838515	0.55352	0.0224617
0.188261	0.958932	0.213871
0.165894	0.360998	0.92776
0.850284	0.379517	0.370009
0.499691	0.81775	0.289336
0.409187	0.912644	0.160498
0.355327	0.75014	0.566077
0.565308	0.10212	0.820248
0.907752	0.259463	0.341279
0.267666	0.681882	0.701764
0.583185	0.379152	0.71893
0.325247	0.883954	0.406521
0.527106	0.718428	0.4692
0.108499	0.910624	0.400033
0.043551	0.661117	0.75034
0.228366	0.586454	0.839542
0.684466	0.665344	0.307536
0.553022	0.723518	0.426125
0.297559	0.706359	0.644365
0.0331657	0.967027	0.279465
0.48975	0.371522	0.789741
0.577673	0.506193	0.656318
0.367569	0.932068	0.143464
0.486623	0.749764	0.46101
0.426106	0.333316	0.842425
0.815728	0.182715	0.553153
0.34976	0.825806	0.488813
0.0945472	0.100585	0.992176
0.173469	0.462755	0.873736
0.434891	0.533357	0.735948
0.0718803	0.919643	0.394623
0.637737	0.740031	0.288597
0.1173	0.843484	0.533952
0.976498	0.097502	0.210101
0.621945	0.754845	0.231838
0.429206	0.0130029	0.912081
0.143236	0.696073	0.707412
0.804153	0.645976	0.00836778
0.346546	0.840335	0.435948
0.270621	0.746396	0.63735
0.248891	0.609892	0.760987
0.281223	0.604047	0.761871
0.98558	0.159462	0.0978752
0.761422	0.000208342	0.669531
0.487223	0.689916	0.538988
0.129356	0.329305	0.940639
0.301011	0.089009	0.953496
0.162239	0.973299	0.169077
0.102432	0.990859	0.163781
0.871244	0.423137	0.253484
0.0378294	0.970448	0.276232
0.982078	2.22849e-05	0.196768
0.296493	0.730129	0.632606
0.0279325	0.0577356	0.999808
0.125525	0.985117	0.120727
0.696378	0.406073	0.592558
0.613569	0.78855	0.150836
0.985845	0.159505	0.092659
0.276308	0.967876	0.0164564
0.3171	0.177573	0.951814
0.559057	0.659975	0.515283
0.638665	0.724567	0.320514
0.204475	0.486961	0.850344
0.395503	0.815026	0.446314
0.508236	0.75754	0.414407
0.709548	0.382649	0.594395
0.980625	0.14454	0.154492
0.180142	0.457498	0.87149
0.541645	0.42734	0.732871
0.750243	0.0726827	0.661661
0.788801	0.000369115	0.618779
0.416122	0.868378	0.310235
0.222037	0.0509358	0.977376
0.461891	0.86452	0.231547
0.398062	0.811264	0.430426
0.426019	0.889033	0.227193
0.251776	0.554271	0.79503
0.658759	0.38936	0.647763
0.843915	0.452824	0.297133
0.447665	0.00784799	0.910018
0.162103	0.827133	0.547858
0.100257	0.443113	0.898367
0.791817	0.600669	0.122205
0.660792	0.71086	0.29944
0.456275	0.399969	0.802698
0.747966	0.0876342	0.660852
0.51148	0.394266	0.768189
0.305776	0.930024	0.24705
0.368619	0.549437	0.75221
0.261107	0.30597	0.915942
0.440596	0.284981	0.864015
0.570411	9.03828e-05	0.825884
0.26651	0.302649	0.918288
0.280363	0.356613	0.902712
0.103663	0.855967	0.513667
0.460486	0.489238	0.744052
0.328699	0.408646	0.863537
0.167454	0.346266	0.929685
0.00151977	0.644542	0.781614
0.462176	0.560936	0.690024
0.94162	0.229344	0.279913
0.890408	0.256776	0.379456
0.650488	0.200925	0.745025
0.548171	0.509244	0.674883
0.302179	0.402235	0.883179
0.183304	0.196962	0.963574
0.58981	0.807636	0.0870622
0.712623	0.171006	0.701948
0.830889	0.103821	0.554086
0.823735	0.565309	0.178455
0.185464	0.421186	0.888909
0.86927	0.405291	0.293792
0.999257	0.0597277	0.0847072
0.549227	0.290173	0.79179
3.74954e-33	6.12347e-17	1.00004
2.65712e-17	5.68633e-17	1.02503
0.781418	0.15031	0.611922
0.450666	0.452496	0.771338
0.126607	0.774518	0.629963
0.929097	0.367919	0.0666028
0.844093	0.357916	0.40841
0.28238	0.019341	0.959814
0.991529	0.0875397	0.120721
0.0934694	0.990016	0.13222
0.917562	0.346045	0.233118
0.812313	0.566201	0.183919
0.712427	0.634222	0.323423
0.364143	0.921559	0.146349
0.91777	0.0476525	0.399256
0.273663	0.568989	0.785599
0.582096	0.498254	0.651284
0.413725	0.728709	0.547089
0.538416	0.198442	0.822117
0.0570829	0.264	0.968471
0.798492	0.424755	0.444687
0.245805	0.894041	0.377688
0.394741	0.919127	0.0973013
5.42376e-17	0.885767	0.466023
0.229151	0.977484	0.0525214
0.570466	0.525509	0.647617
0.620621	0.284841	0.730951
0.868974	0.541442	0.110755
0.0376606	0.716924	0.70234
0.671564	0.516449	0.533225
0.459793	0.765048	0.498999
0.609532	0.782542	0.156837
0.492179	0.858689	0.163529
0.892967	0.218942	0.409554
0.969271	0.000537745	0.287549
0.667505	0.175151	0.727382
0.950893	0.00317137	0.336864
0.561092	0.681671	0.521305
0.942592	0.132695	0.330421
0.501826	0.444681	0.759782
0.874716	0.0660182	0.481967
0.805174	0.412873	0.444895
0.636247	0.59988	0.496219
0.104786	0.975278	0.222923
0.853249	0.137619	0.518931
0.405548	0.606396	0.691734
0.00568178	0.744029	0.684714
0.505169	0.789568	0.358525
0.677385	0.269815	0.696701
0.0630115	0.832678	0.573651
6.19162e-17	5.14237e-20	1.01117
0.350161	0.29746	0.88961
0.258109	0.535581	0.810737
0.548025	0.234083	0.807143
0.961609	0.126313	0.249896
0.381255	0.900678	0.243984
0.222855	0.726071	0.66093
0.741658	0.374816	0.566834
0.264437	0.831316	0.490854
0.695123	0.479561	0.543652
0.468612	0.312239	0.830056
0.37615	0.782074	0.507398
0.307912	0.157889	0.956012
0.884663	0.450098	0.140419
0.932605	0.402977	0.0278378
0.164836	0.299354	0.944143
0.195791	0.408991	0.894578
0.791587	0.116141	0.603145
0.73487	0.13059	0.674138
0.692368	0.707103	0.173456
0.229274	0.978008	0.0439763
0.857347	0.430645	0.310119
0.613676	0.799708	0.0339112
0.311642	0.639731	0.707077
0.0464788	0.889427	0.458921
0.175796	0.545919	0.821694
0.644917	0.295992	0.706262
0.996849	0.111086	0.0169144
0.433312	0.88151	0.208694
0.473502	0.171619	0.869642
0.725541	0.622214	0.302305
0.497516	0.249902	0.845167
0.0785578	0.825086	0.578829
0.383992	0.925572	0.00757591
0.204783	0.584116	0.793403
0.834421	0.073669	0.553315
0.509122	0.435332	0.749656
0.701374	0.661696	0.277132
0.0917855	0.972181	0.234476
0.0510651	0.236168	0.979821
0.56718	0.205351	0.817011
0.875726	0.399753	0.295749
0.514687	0.828428	0.284525
0.777626	0.481842	0.424704
0.0166186	0.999259	0.0394624
0.441742	0.897116	0.1251
0.217921	0.906402	0.383136
0.141135	0.389621	0.91853
0.400638	0.844015	0.392184
0.525863	0.83291	0.203766
0.498822	0.183849	0.852991
0.187748	0.0525154	0.988407
0.00893638	0.96226	0.316689
0.423376	0.840961	0.341876
0.232265	0.46404	0.870241
0.238012	0.748244	0.630275
0.648139	0.562609	0.516676
0.706247	0.625299	0.342516
0.419955	0.725395	0.547235
0.086176	0.951736	0.301476
0.331088	0.698583	0.637561
0.186039	0.968727	0.176296
0.343479	0.958868	0.00335896
0.105216	0.551987	0.828313
0.894649	0.216231	0.431556
0.201847	0.805721	0.580088
0.943432	0.0429865	0.364118
0.446454	0.161642	0.881847
0.133516	0.865027	0.509142
0.852093	0.354352	0.388077
0.0550245	0.807998	0.586994
0.899189	0.325557	0.299318
0.430635	0.0254019	0.908456
0.150442	0.124322	0.989467
0.317637	0.276806	0.927054
0.554704	0.34793	0.767115
0.41745	0.101574	0.906346
0.388548	3.89473e-169	0.938394
0.35781	0.845292	0.42614
0.902622	0.401534	0.173154
0.374401	0.760355	0.563017
0.793492	0.10677	0.602483
0.65178	0.186594	0.735778
0.524713	0.850534	0.0941727
0.18289	0.376442	0.920877
0.341272	0.694268	0.638008
0.590207	0.807958	0.071964
0.465533	0.171904	0.872601
0.114347	0.805987	0.591773
0.320465	0.691384	0.652838
0.442704	0.908773	0.0260362
0.0881309	0.750688	0.660684
0.157565	0.665661	0.746702
0.764819	0.650554	0.0399404
0.301488	0.933312	0.217399
0.857902	0.165929	0.510889
0.520979	0.188827	0.835557
0.873922	0.0576682	0.485478
0.573244	0.817738	0.191371
0.046017	0.494196	0.878281
0.278299	0.976063	0.104956
0.557448	0.0761195	0.830086
0.849831	0.384162	0.369929
0.67754	0.686089	0.268203
0.824442	0.573048	9.20759e-07
0.486793	0.591405	0.678096
0.427703	0.868881	0.275099
0.88089	0.316669	0.41698
0.97607	0.256117	0.0259307
0.793945	0.0310049	0.611005
0.803907	0.572537	0.183321
0.999423	0.0628681	0.0200941
0.214094	0.46742	0.862185
0.129528	0.402066	0.911777
0.142392	0.482687	0.882807
0.770394	0.535344	0.347458
0.33366	0.931458	0.163475
0.220304	0.0957335	0.975911
0.635122	0.694997	0.368446
0.250834	0.523013	0.831044
0.859961	0.432527	0.299919
0.684626	0.691148	0.260516
0.626734	0.615102	0.497426
0.269466	0.852922	0.455534
0.696703	0.689358	0.262465
0.168766	0.879939	0.450721
0.415732	0.340335	0.848036
0.0273245	0.132193	0.993364
0.989088	0.156796	0.010923
0.985748	0.0120041	0.200621
0.743745	0.668455	0.19117
0.252366	0.513831	0.834673
0.202783	0.591996	0.78873
0.297052	0.942425	0.171283
0.834009	0.556598	0.0761298
0.0531266	0.703017	0.71698
0.477795	0.241933	0.848631
0.601478	0.0148307	0.799237
0.547837	0.768485	0.355113
0.184459	0.289489	0.943125
0.769581	0.48297	0.427813
0.784636	0.0378308	0.630086
0.998558	0.0097698	0.10596
0.756913	0.0364941	0.658887
0.841786	0.414599	0.357092
0.0966987	0.768024	0.648332
0.0398178	0.312305	0.955082
0.246984	0.385185	0.893278
0.604444	0.478782	0.642389
0.692578	0.206347	0.705497
0.888661	0.355585	0.301427
0.216768	0.351628	0.916881
0.383299	0.522845	0.771025
0.170461	0.445313	0.882695
0.53351	0.735758	0.443725
0.547048	0.210479	0.811405
0.0871851	0.946099	0.336039
0.584712	0.189601	0.794267
0.467654	0.596422	0.666898
0.598926	0.684266	0.43072
0.869398	0.404495	0.309862
0.351027	0.892815	0.320743
0.930396	0.321343	0.240528
0.360694	0.173317	0.917186
0.447704	0.897868	0.104149
0.28599	0.927563	0.259748
0.494921	0.645553	0.590202
0.85754	0.107235	0.539484
0.357666	0.587224	0.740913
0.024393	0.0987295	0.99605
0.286958	0.934886	0.252603
0.80722	0.537676	0.277185
0.0508239	0.551521	0.843361
0.734303	0.622737	0.289991
0.325429	0.833278	0.471332
0.158737	0.972849	0.172273
0.90563	0.438021	0.0187767
0.0590958	0.641285	0.768731
0.514449	0.860222	0.000848602
0.428222	0.722574	0.579924
0.645819	0.255443	0.727137
0.110578	0.778491	0.62793
0.959219	0.236487	0.210776
0.420346	0.690133	0.599024
0.606377	0.161558	0.787605
0.122101	0.361114	0.92868
0.816076	0.578987	0.0788631
0.737162	0.583911	0.342847
0.0880677	0.520623	0.851412
0.367897	0.465951	0.820564
0.191978	0.0839426	0.978672
0.875438	0.283873	0.405834
0.983682	0.0482686	0.187063
0.834605	0.369352	0.412838
0.977094	0.129899	0.181353
0.468037	0.317333	0.831838
0.657199	0.302349	0.692532
0.588345	0.808707	0.199294
0.204464	0.978341	0.06467
0.945566	0.326582	0.000392628
0.26315	0.0750563	0.962546
0.774088	0.0694545	0.650936
0.132217	0.820225	0.559541
0.897419	0.0894542	0.451802
0.146267	0.714348	0.699404
0.338664	0.842318	0.426747
0.329586	0.932949	0.162097
0.500396	0.149519	0.85846
0.426708	0.422977	0.803807
0.632112	0.608317	0.486968
0.799684	0.350771	0.48982
0.0531265	0.814397	0.582755
0.933745	0.314829	0.196367
0.342389	0.0131517	0.941272
0.0769702	0.865142	0.503998
0.62969	0.498909	0.6023
0.278556	0.884798	0.375132
0.172497	0.366876	0.921676
0.319376	0.939574	0.14848
0.614468	0.577806	0.539795
0.416448	0.916814	0.0401137
0.623215	0.491731	0.622145
0.372178	0.339787	0.867869
0.525318	0.856049	0.122395
0.460497	0.760279	0.502705
0.334225	0.873133	0.364328
0.982778	0.119851	0.153719
0.391343	0.728694	0.572732
0.0838279	0.515962	0.855107
0.565408	0.274469	0.790512
0.67085	0.199334	0.715983
0.435025	0.903696	0.100469
0.82563	0.373034	0.455324
0.710305	0.704094	0.0698462
0.923007	0.388115	0.0620785
0.652312	0.549271	0.54688
0.781745	0.631643	0.0457998
0.492964	0.0068888	0.888041
0.570065	0.801721	0.234783
0.964472	0.0336908	0.266341
0.44129	0.900255	0.0790201
0.140385	0.988335	0.125427
0.829551	0.37769	0.416222
0.586316	0.218234	0.781893
0.990124	0.130189	0.0890133
0.913852	0.415746	0.112135
0.370953	0.455197	0.811612
0.27724	0.880619	0.385655
0.185869	0.637305	0.752139
0.639904	0.26486	0.726343
0.105893	0.982734	0.158541
0.560678	0.78852	0.305655
4.82867e-17	3.90152e-17	1.01383
0.292588	0.829579	0.501153
0.221314	0.938892	0.318256
0.00411875	0.99262	0.134146
0.812539	0.344911	0.495138
0.307398	0.952835	0.000847651
0.24797	0.527374	0.818414
0.954279	0.315277	0.0577903
0.754506	0.371612	0.547318
0.579576	0.713593	0.398349
0.114812	0.949085	0.312854
0.15312	0.0754152	0.989153
0.212676	0.341388	0.921111
0.730421	0.683882	0.0310137
0.879167	0.416139	0.270122
0.256184	0.616027	0.749425
0.918374	0.414937	0.112557
0.0230529	0.806619	0.611354
0.711272	0.241477	0.677405
0.604765	0.7022	0.381921
0.330646	0.419443	0.860695
0.586278	0.225626	0.790121
0.710753	0.558229	0.438648
0.5546	0.791807	0.305396
0.2004	0.746767	0.655344
0.721338	0.675377	0.223919
0.226403	0.872123	0.440695
0.482648	0.394919	0.789509
0.895709	0.42975	0.123327
0.790831	0.0592598	0.636527
0.578326	0.82058	0.0260912
0.891537	0.0888679	0.463256
0.195937	0.66303	0.74501
0.719731	0.194624	0.671488
0.412549	0.545253	0.735003
0.983986	0.305217	0.0319322
0.504354	0.693038	0.521977
0.793407	0.0394068	0.621879
0.441017	0.728313	0.52997
0.464443	0.159134	0.875313
0.262916	0.755637	0.60989
0.96617	0.0258103	0.26841
0.648067	0.249405	0.727031
0.070361	0.88779	0.480625
0.676674	0.66031	0.350163
0.407275	0.668673	0.650919
0.270374	0.851456	0.45775
0.702125	0.202511	0.684889
0.617851	0.568294	0.550825
0.573333	0.0152337	0.823144
0.507186	0.832645	0.272229
0.408958	0.914847	0.0903949
0.349967	0.914257	0.226443
0.313884	0.399025	0.876336
0.685844	0.678963	0.266346
0.154828	0.136975	0.982177
0.341347	0.868192	0.389622
0.374304	0.142652	0.918084
0.439622	0.134383	0.890224
0.683278	0.277862	0.684093
0.00135929	0.654322	0.759376
0.0153277	0.986505	0.172432
0.660865	0.294367	0.692578
0.706803	0.514509	0.533261
0.575663	0.708775	0.425129
0.747913	0.362287	0.559693
0.456148	0.630544	0.633536
0.625068	0.613377	0.486122
0.400366	0.675311	0.640773
0.475282	0.780269	0.425559
0.0152269	0.828101	0.566198
0.677992	0.664548	0.347773
0.0185075	0.316201	0.960875
0.296592	0.677234	0.694182
0.932929	0.310545	0.20492
0.235419	0.754223	0.634169
0.455707	0.651271	0.622947
0.361841	0.458282	0.821305
0.267357	0.856544	0.459773
0.748878	0.667506	0.0125823
0.117952	0.365621	0.935936
0.665553	0.53923	0.518361
0.763769	0.0106731	0.65571
0.153033	0.992608	0.0120853
0.072259	0.887723	0.480426
0.275814	0.854935	0.445978
0.762251	0.617315	0.274541
0.396191	0.505281	0.782939
3.74957e-33	6.12351e-17	1.00005
6.19738e-17	5.27933e-20	1.01211
0.378411	0.925727	0.0366047
0.438293	0.266225	0.86632
0.494984	0.831767	0.258062
0.863735	0.518255	0.0331003
0.191726	0.578256	0.797136
0.825531	0.0545313	0.572315
0.104371	0.967187	0.242061
0.395218	0.0125599	0.920976
0.535919	0.389913	0.75052
0.0801236	0.905358	0.42591
0.556566	0.685867	0.481415
0.880447	0.281999	0.392354
0.278647	0.840416	0.475251
0.784634	0.595332	0.1859
0.0566226	0.492644	0.870429
0.828903	0.563933	0.0802515
0.80396	0.414205	0.439554
0.0656472	0.893546	0.449906
0.0356957	0.707176	0.707818
0.603015	0.462091	0.653273
0.421668	0.178796	0.88959
0.895394	0.295468	0.335947
0.12221	0.913624	0.395822
0.578848	0.470382	0.702338
0.134816	0.261453	0.961113
0.288317	0.207426	0.936776
0.434241	0.882005	0.191412
0.411621	0.883439	0.268953
0.698605	0.0817603	0.716576
0.0954976	0.884958	0.465407
0.275091	0.74747	0.611955
0.150588	0.252248	0.959849
0.293832	0.824194	0.489026
0.0493872	0.70085	0.720171
0.195833	0.310552	0.940459
0.266321	0.6929	0.676752
0.200027	0.599394	0.788445
0.892164	0.387543	0.268422
0.959346	0.0633706	0.294643
0.598483	0.803405	0.0115964
0.674418	0.607685	0.43358
0.616719	0.767046	0.209214
0.928633	0.299572	0.22937
0.167556	0.0861743	0.983142
0.0155122	0.940155	0.357319
0.657947	0.752106	0.109466
0.138598	0.00577708	0.995361
0.854853	0.512314	0.0940629
0.209863	0.155687	0.968214
0.185743	0.560213	0.812875
0.810602	0.193138	0.563349
0.922525	0.166681	0.359412
0.338458	0.275037	0.904562
0.585342	0.351215	0.735215
0.560218	0.321457	0.766786
0.964636	0.244141	0.114202
0.17945	0.36449	0.919245
0.357522	0.132498	0.931618
0.983802	0.171102	0.130613
0.41518	0.0748872	0.911506
0.819489	0.28944	0.497321
0.950623	0.226088	0.22515
0.00981322	0.900335	0.452133
0.251773	0.410072	0.886809
0.0724549	0.553149	0.83938
0.710256	0.715976	0.0431813
0.109944	0.943324	0.319946
0.591736	0.479919	0.65736
0.626987	0.414247	0.675256
0.884991	0.42966	0.218358
0.0887205	0.548223	0.83559
0.769494	0.660372	0.0699753
0.847627	0.27925	0.510677
0.731776	0.213206	0.657483
0.970159	0.214814	0.125889
0.572137	0.763271	0.313712
0.565485	0.143119	0.822709
0.524501	0.0403888	0.85714
0.130071	0.189194	0.978723
0.368847	0.54272	0.760266
0.481982	0.666165	0.58115
0.325898	0.847905	0.430505
0.593017	0.486165	0.648545
0.779986	0.119412	0.621399
0.91637	0.401006	0.103697
0.393252	0.887313	0.251915
0.24771	0.381152	0.893443
0.362833	0.451799	0.823697
0.931002	0.149877	0.344919
0.0318167	0.988598	0.186583
0.744178	0.651941	0.162907
0.196783	0.948956	0.276051
0.608535	0.781665	0.153577
0.833139	0.0369996	0.565036
0.740306	0.102634	0.668095
0.84628	0.0375832	0.543267
0.00943584	0.571881	0.842876
0.839424	0.00260425	0.555593
0.757581	0.403424	0.519871
0.386769	0.0460073	0.926538
0.814867	0.292228	0.503733
0.662542	0.63161	0.416353
0.450834	0.324686	0.83351
0.2445	0.0286147	0.973408
0.511892	0.625531	0.602967
0.473886	0.363139	0.809133
0.901291	0.434551	0.0587164
0.183635	0.362159	0.918759
0.166606	0.0775826	0.988356
0.741433	0.658951	0.14306
0.356086	0.510801	0.78444
0.300495	0.666873	0.688757
0.797611	0.611209	0.0516735
0.885061	0.285775	0.36982
0.722046	0.640972	0.304561
0.0405441	0.65796	0.763756
0.716361	0.442923	0.54908
0.256011	0.6305	0.742713
0.508701	0.37011	0.788651
0.906329	0.0310273	0.433125
0.245422	0.972707	0.0776605
0.910942	0.423301	0.0583036
0.608798	0.70456	0.376334
0.420365	0.153284	0.897143
0.910808	0.395642	0.19345
0.00766246	0.792225	0.622725
0.256728	0.406166	0.881549
0.465344	0.832801	0.32926
0.633631	0.723541	0.290143
0.223094	0.961588	0.169642
0.956233	0.334052	0.0292213
0.960475	0.173537	0.234553
0.72182	0.355809	0.596825
0.620416	0.154831	0.772737
0.327777	0.784852	0.532354
0.749488	0.675404	0.03382
0.0193975	0.990289	0.20051
0.672551	0.52552	0.547275
0.483146	0.790178	0.389627
0.568145	0.246794	0.79863
0.793142	0.613689	0.0142909
0.50662	0.158	0.853641
0.307769	0.129071	0.951797
0.920127	0.202166	0.382466
0.114605	0.994748	0.048367
0.261536	0.425872	0.876367
0.226277	0.315922	0.927774
0.39121	0.54421	0.749002
0.506206	0.670281	0.551951
0.457237	0.0271349	0.889654
0.471894	0.629539	0.626647
0.821774	0.341256	0.470661
0.767338	0.540033	0.348519
0.77626	0.0203575	0.635384
0.125911	0.941292	0.321997
0.681682	0.702694	0.214603
0.351605	0.252311	0.90892
0.214033	0.512494	0.835645
0.859511	0.200944	0.476206
0.226291	0.304573	0.933117
0.024654	0.786478	0.618485
0.934879	0.220086	0.286001
0.571945	0.0695438	0.849968
0.647204	0.530389	0.555911
0.219857	0.897549	0.400424
0.500134	0.827035	0.275298
0.733441	0.112286	0.677895
0.690846	0.502631	0.522487
0.765747	0.540362	0.355249
0.446323	0.091014	0.906878
0.64279	0.716754	0.286188
0.809643	0.336274	0.486721
0.468123	0.624509	0.630876
0.0764895	0.874839	0.482905
0.73652	0.653821	0.236221
0.34716	0.0603778	0.948565
0.695655	0.231696	0.683599
0.97707	0.216345	0.0622182
0.382719	0.908637	0.191965
0.0694774	0.530418	0.849792
0.295627	0.807728	0.531277
0.340804	0.0592724	0.949631
0.721255	0.646106	0.363546
0.106473	0.981857	0.169725
0.709405	0.676285	0.211989
0.311239	0.387554	0.87547
0.767848	0.619107	0.175276
0.942657	0.349351	0.0656625
0.733483	0.228511	0.644552
0.84684	0.127808	0.525985
0.557425	0.499345	0.689568
0.464946	0.335236	0.826802
0.0682959	0.632885	0.779799
6.01157e-17	1.23927e-17	1.00241
0.689901	0.237001	0.692658
0.667343	0.557972	0.519398
0.202939	0.615046	0.767496
0.225607	0.755379	0.618654
0.648241	0.541795	0.535958
0.100149	0.185402	0.986539
0.0333233	0.862949	0.505937
0.928993	0.128255	0.384688
0.896763	0.324956	0.335625
0.305177	0.67448	0.708276
0.0336953	0.972059	0.249264
0.78236	0.102875	0.631572
0.684233	0.735204	0.102037
0.65485	0.547492	0.528585
0.138539	0.761543	0.634656
0.379148	0.925392	0.047682
0.634851	0.785464	0.126925
0.590951	0.206174	0.795717
0.0884909	0.488164	0.874227
0.685043	0.728761	0.0207794
0.921265	0.00856827	0.411916
0.561563	0.692178	0.476773
0.136733	0.583998	0.814619
0.0789841	0.999536	0.0571975
0.43045	0.138113	0.900547
0.574577	0.820608	0.0172273
0.320261	0.192582	0.928912
0.810705	0.582018	0.198752
0.757731	0.466792	0.466539
0.987023	0.0785047	0.152123
0.264976	0.429888	0.864892
0.748743	0.450877	0.490023
0.0370367	0.573899	0.823153
0.330696	0.946933	0.051632
0.0513207	0.227841	0.983707
0.17433	0.984444	0.131686
0.212967	0.940313	0.274681
0.754721	0.531593	0.401993
0.33953	0.113476	0.94333
0.771083	0.0492956	0.647049
0.180235	0.500992	0.847532
0.389083	0.508121	0.785112
0.675106	0.260158	0.704348
0.603274	0.797581	0.141841
0.91359	0.42591	0.00677896
0.151568	0.980325	0.15528
0.51268	0.553514	0.659647
0.946212	0.318242	0.0986554
0.454409	0.859387	0.28358
0.975971	0.0596726	0.225392
0.567756	0.0451575	0.826429
0.941391	0.178429	0.29864
0.775978	0.270769	0.590044
0.314441	0.189082	0.93157
0.284194	0.61245	0.759134
0.831193	0.0989445	0.567886
0.991152	0.0799375	0.119467
0.148118	0.240302	0.964865
0.443311	0.859672	0.282155
0.58694	0.753232	0.358392
0.062162	0.809057	0.586411
0.415502	0.241822	0.88236
0.260251	0.713111	0.654781
0.128444	0.891739	0.438651
0.964001	0.0901495	0.259402
0.814173	0.354286	0.463992
0.908477	0.419829	0.108685
0.908422	0.410813	0.113932
0.803154	0.0745385	0.59327
0.287583	0.962887	0.00231313
0.334046	0.825071	0.458635
0.513712	0.0156003	0.870186
0.842975	0.0538917	0.5497
0.551701	0.682083	0.482353
0.863033	0.521523	0.0151619
0.0500558	0.911542	0.426709
0.462507	0.604201	0.665105
0.431152	0.828733	0.36102
0.882405	0.331585	0.377404
0.50606	0.167983	0.857334
0.957144	0.0389477	0.308402
0.471668	0.852044	0.245872
0.231471	0.406034	0.891085
0.437513	0.845604	0.343283
0.93439	0.33442	0.161546
0.644417	0.248332	0.725567
0.38201	0.932377	0.0464389
0.709714	0.658057	0.267322
0.366236	0.653717	0.683249
0.888804	0.275321	0.39607
0.740072	0.640967	0.208594
0.758094	0.440367	0.487526
0.621036	0.310843	0.742221
0.62224	0.264423	0.754444
0.880931	0.494217	0.032916
0.848473	0.49381	0.217212
0.00952778	0.600993	0.802018
0.363971	0.908468	0.208512
0.456557	0.839937	0.300364
0.645758	0.190301	0.740777
0.232798	0.355372	0.919845
0.766976	0.624026	0.190477
0.166329	0.723283	0.672605
0.0285614	0.871321	0.507017
0.360423	0.214027	0.9081
0.725255	0.651278	0.234371
0.74975	0.421394	0.554119
0.11004	0.904654	0.417862
0.385849	0.701496	0.60173
0.406815	0.739573	0.575659
0.0269576	0.899403	0.440599
0.797318	0.104842	0.615222
0.520746	0.779544	0.370716
0.251884	0.961512	0.15271
0.284761	0.934831	0.229236
0.891933	0.39087	0.258312
0.368188	0.707707	0.605324
0.111646	0.291991	0.95346
0.114566	0.941866	0.323786
0.172803	0.534283	0.836614
0.674234	0.741351	0.138396
0.740493	0.520456	0.437835
0.922007	0.394926	0.072313
0.0675241	0.987738	0.197169
0.466451	0.306297	0.839504
0.959383	0.0586583	0.290914
0.492453	0.844271	0.238592
0.070215	0.599039	0.804782
0.627149	0.788673	5.30049e-09
0.496602	0.841895	0.225312
0.746918	0.279325	0.605084
0.469224	0.651105	0.613985
0.146799	0.996073	0.0645958
0.714479	0.387104	0.597683
0.19464	0.497526	0.84987
0.15784	0.724769	0.672238
0.635387	0.0364901	0.777446
0.394043	0.150401	0.91371
0.342023	0.462832	0.833337
0.877456	0.0230937	0.48262
0.833022	0.364505	0.426737
0.476781	0.659425	0.583576
0.104251	0.857067	0.525324
0.417762	0.853195	0.317628
0.588264	0.211368	0.794701
0.218565	0.591753	0.785359
0.0423423	0.800783	0.600693
0.311121	0.020309	0.950945
0.0200413	0.253621	0.974189
0.936164	0.314808	0.171256
0.482716	0.825201	0.300369
0.653576	0.442859	0.653895
0.528564	0.479308	0.715922
0.886234	0.182695	0.443926
0.422037	0.049914	0.90772
0.951447	0.085732	0.327757
0.988164	0.148099	0.0845866
0.531297	0.481786	0.709439
0.894994	0.447964	0.0360916
0.00537775	0.36147	0.946179
0.867603	0.516613	0.0167138
0.1448	0.446392	0.884087
0.18716	0.156476	0.979364
0.919706	0.414459	0.0841633
0.932302	0.379734	0.0725757
0.546682	0.341	0.772348
0.753966	0.630359	0.188039
0.474191	0.88484	0.11472
0.539488	0.489214	0.698413
0.501139	0.608294	0.617343
0.0226297	0.286377	0.969737
0.664164	0.255941	0.720765
0.280339	0.954513	0.139739
0.0626988	0.816044	0.575469
0.348528	0.882075	0.335246
0.24158	0.391931	0.88991
0.548025	0.83008	0.181493
0.971691	0.164551	0.181049
0.616032	0.331147	0.726789
0.350823	0.623518	0.699267
0.354242	0.464941	0.830884
0.401269	2.2771e-09	0.918119
0.396504	0.638904	0.663962
0.787847	0.34801	0.522994
0.836713	0.486966	0.267222
0.926488	0.348577	0.184259
0.0506312	0.224779	0.984291
0.536265	0.330995	0.783217
0.873504	0.0558434	0.486732
0.560204	0.301136	0.783044
0.0752478	0.996333	0.0750946
0.565024	0.371025	0.741258
4.15105e-17	4.51597e-17	1.00175
0.432427	0.894727	0.216664
0.090409	0.444347	0.892323
0.294688	0.907218	0.316123
0.0381636	0.521732	0.855848
0.110975	0.880766	0.468165
0.720714	0.228992	0.657011
0.332159	0.769974	0.546412
0.463749	0.322138	0.840666
0.679464	0.562521	0.478276
0.965045	0.235776	0.148373
0.510563	0.75377	0.424345
0.438695	0.859545	0.270198
0.218616	0.174448	0.962459
0.560299	0.816237	0.204913
0.842184	0.543396	0.0584115
0.707532	0.218627	0.684623
0.508863	0.0362705	0.867317
0.36297	0.923759	0.160582
0.284109	0.657877	0.736055
0.585797	0.718644	0.390996
0.571207	0.620469	0.576582
0.256149	0.182368	0.9522
0.915404	0.036902	0.433071
0.928	0.0471309	0.386498
0.977579	0.136613	0.178884
0.383859	0.419208	0.831462
0.44132	0.864687	0.24868
0.209783	0.167186	0.97748
0.341932	0.24232	0.914914
0.712016	0.704978	0.0514369
0.399838	0.702915	0.6177
0.0793458	0.339572	0.939046
0.607052	0.785527	0.169563
0.733866	0.4288	0.528397
0.802909	0.487627	0.364788
0.917319	0.394219	0.0770191
0.319423	0.643913	0.6996
0.950427	0.00247674	0.413022
0.536937	0.361518	0.768004
0.64161	0.143466	0.756975
0.814841	0.00213273	0.607118
0.48338	0.355055	0.826853
0.547502	0.389975	0.752967
0.308209	0.954305	0.0513123
0.861641	0.373461	0.402514
0.180278	0.0926075	0.984852
0.338384	0.26921	0.902868
0.630015	0.304939	0.733102
0.22605	0.967412	0.133537
0.269476	0.367092	0.895422
0.227794	0.477348	0.859845
0.129868	0.140051	0.98646
0.899859	0.0362753	0.466162
0.0202794	0.969005	0.279551
0.874444	0.510939	0.00783516
0.19638	0.962847	0.19503
0.518741	0.746486	0.426213
0.0094662	0.617571	0.818798
0.0511783	0.29384	0.957905
0.557775	0.81256	0.232645
0.326014	0.19049	0.92853
0.743042	0.595308	0.317593
0.597301	0.0751305	0.800636
0.638881	0.0793985	0.768511
0.869923	0.421328	0.344785
0.40982	0.461128	0.78852
0.360471	0.835429	0.44221
0.686789	0.468508	0.559804
0.556457	0.824336	0.111182
0.746233	0.0101346	0.680631
0.927035	0.385051	0.0373982
0.945006	0.117443	0.319797
0.587882	0.805626	0.0908972
0.725243	0.576985	0.392519
0.418721	0.611583	0.674461
0.881716	0.23276	0.451436
0.959047	0.11388	0.261792
0.834705	0.102345	0.547285
0.17019	0.939208	0.304385
0.644158	0.42781	0.641461
0.665942	0.406468	0.630963
0.829231	0.542835	0.140282
0.0674845	0.129961	0.991847
0.388661	0.311387	0.88236
0.279822	0.966421	0.0262353
0.484072	0.810664	0.357737
0.681404	0.437341	0.597242
0.529651	0.743828	0.440442
0.659393	0.42667	0.624634
0.352948	0.877596	0.327087
0.889738	0.460593	0.041002
0.526167	0.250556	0.815044
0.579188	0.728046	0.392336
0.0522096	0.878553	0.490653
0.330505	0.678865	0.664686
0.0720801	0.985402	0.178438
0.683542	0.469858	0.564722
0.0839032	0.209601	0.980981
0.537476	0.347782	0.779088
0.476622	0.669355	0.593515
0.0653178	0.0416513	1.00003
0.825194	0.254985	0.513242
0.0137108	0.536408	0.877864
0.76943	0.637909	0.091094
0.407043	0.829542	0.410025
0.896528	0.0638688	0.45357
0.346723	0.803565	0.508284
0.424036	0.439576	0.812283
0.779248	0.504224	0.381383
0.670658	0.433959	0.612503
0.62147	0.793633	0.00248025
0.8408	0.0211365	0.547356
0.358041	0.922581	0.176057
0.239441	0.937612	0.282844
0.0755927	0.978447	0.257802
0.365766	0.213718	0.908408
0.453163	0.0236764	0.942755
0.831936	0.477939	0.293602
0.137872	0.684298	0.72139
0.349724	0.869581	0.350451
0.490753	0.738777	0.497803
0.313111	0.0690751	0.948655
0.675586	0.501019	0.546297
0.620204	0.30019	0.745231
0.853795	0.489621	0.184142
0.418463	0.45635	0.791389
0.795807	0.412238	0.451937
0.00351771	0.88898	0.48497
0.988101	0.138083	0.166761
0.148822	0.448052	0.888317
0.471526	0.819512	0.419546
0.649873	0.158775	0.748873
0.994869	0.120133	0.100505
0.760044	0.325749	0.572051
0.752003	0.0102129	0.676676
0.612432	0.566508	0.555902
0.292812	0.0548046	0.956727
0.846234	0.0761206	0.530766
0.201897	0.978636	0.0680448
0.0318655	0.933798	0.364314
0.453076	0.423834	0.792984
0.014872	0.994246	0.119518
0.24097	0.126221	0.970757
0.500777	0.307228	0.81019
0.554873	0.82515	0.120342
0.152122	0.7357	0.661564
0.581205	0.635701	0.524352
0.523444	0.487796	0.707507
0.758356	0.628728	0.189113
0.309016	0.95133	0.0753616
0.743462	0.605212	0.290857
0.192514	0.285094	0.946991
0.140316	0.586427	0.802988
0.605488	0.649547	0.497239
0.565423	0.840839	3.4424e-06
0.850607	0.497011	0.184318
0.893255	0.0469164	0.461602
0.477765	0.839911	0.337986
0.00568927	0.751188	0.661517
0.121303	0.855974	0.513738
0.251342	0.35958	0.900135
0.927395	0.0843538	0.370715
0.193645	0.979773	0.123807
0.577291	0.275722	0.773511
0.245714	0.199605	0.953934
0.314955	0.95015	0.0261016
0.0285867	0.689481	0.735357
0.628689	0.790269	0.0017892
6.10925e-17	0.997717	0.0939729
0.497276	0.610048	0.627766
0.863535	0.529781	0.00152512
0.12471	0.947883	0.304879
0.645424	0.420633	0.638999
0.765211	0.581178	0.33579
0.694281	0.214533	0.698888
0.575564	0.278404	0.773034
0.324416	0.159491	0.937036
0.994379	0.124153	0.0512163
0.185313	0.937454	0.333939
0.698077	0.530855	0.486156
0.8433	0.0666002	0.54288
0.777476	0.370228	0.519015
0.0627654	0.399968	0.921869
0.276753	0.846367	0.460118
0.395969	0.569985	0.725133
5.33499e-17	3.58061e-17	1.04931
1.00001	0	0
0.364622	0.89811	0.253719
0.465843	0.86802	0.192083
0.987323	0.210723	0.0400168
0.0137232	0.907744	0.440147
0.575126	0.61	0.548145
0.888029	0.253418	0.392175
0.449178	0.0620754	0.896381
0.287537	0.960593	0.0250275
0.838611	0.314266	0.446812
0.761926	0.293821	0.584159
0.0756098	0.992909	0.10359
0.0409211	0.751095	0.671889
0.17371	0.598362	0.783689
0.799918	0.584771	0.145126
0.25483	0.526466	0.814584
0.94081	0.279922	0.230551
3.35446e-17	5.2722e-17	1.02052
0.298749	0.544941	0.793842
0.562712	0.791248	0.265801
0.685657	0.730518	0.0163681
0.25267	0.971876	0.0568163
0.701069	0.721476	0.00965876
0.0994751	0.426396	0.902041
0.340644	0.624653	0.713705
0.412806	0.533406	0.740738
0.556646	0.235949	0.808654
0.0409936	0.835859	0.569179
0.844285	0.265814	0.477645
0.536242	0.829144	0.209129
0.622813	0.0414518	0.784786
0.0726867	0.983541	0.204972
0.381327	0.784195	0.493152
0.696181	0.693414	0.280871
0.423685	0.593109	0.699392
0.243249	0.858744	0.504294
0.42123	0.412375	0.819665
0.977818	0.171766	0.139217
0.634207	0.674409	0.382716
0.485918	0.727145	0.542941
0.891919	0.46084	0.0798396
5.80317e-17	2.71689e-17	1.04645
0.0254765	0.934253	0.396897
0.749697	0.572379	0.356367
0.0564005	0.428747	0.909989
0.106521	0.421343	0.914532
0.162191	0.548552	0.824154
0.802857	0.00839181	0.645586
0.531695	0.0842239	0.845159
0.18742	0.745246	0.659979
0.862306	0.50152	0.120823
0.657731	0.699425	0.285726
0.198305	0.762474	0.63526
0.997741	0.0118588	0.0716497
0.262853	0.439191	0.860871
0.0863015	0.796518	0.602017
0.550887	0.768192	0.347906
0.791232	0.182166	0.612181
0.616977	0.779454	0.152049
0.315538	0.39597	0.864337
0.607736	0.245124	0.761468
0.180887	0.446036	0.879608
0.199685	0.628159	0.754422
0.668701	0.736477	0.211736
0.774882	0.243963	0.59628
0.376496	0.715185	0.589387
0.906567	0.401226	0.183764
0.269239	0.842512	0.478983
0.924611	0.0703374	0.378236
0.902277	0.178773	0.401121
0.168865	0.136064	0.983905
0.310404	0.904984	0.302831
0.148087	0.368084	0.919158
0.13399	0.330033	0.939539
0.880141	0.354996	0.326787
0.666853	0.182286	0.723921
0.143466	0.356598	0.926375
0.358513	0.501876	0.799888
0.704914	0.192822	0.686219
0.153216	0.338562	0.936006
0.0189017	0.567996	0.882978
0.237333	0.912884	0.347546
0.76427	0.646364	0.132934
0.570176	0.340738	0.750045
0.387726	0.801022	0.458604
0.435089	0.904558	0.0233936
0.0543377	0.118348	0.995853
0.844087	0.128605	0.528969
0.526455	0.740265	0.473046
0.231348	0.0957156	0.976626
0.853172	0.00062012	0.529561
0.278829	0.406606	0.885268
0.704157	0.198679	0.685435
0.809645	0.517739	0.309319
0.670836	0.119199	0.73422
0.492251	0.669359	0.566834
0.680618	0.749601	0.0953342
0.160018	0.777183	0.639813
0.395787	0.304977	0.869667
0.783157	0.595655	0.187625
0.869005	0.201597	0.455655
0.689441	0.017588	0.739632
0.471728	0.650038	0.626094
0.274701	0.954779	0.131946
0.380596	0.555009	0.757471
0.307261	0.176591	0.949396
0.955056	0.106413	0.295709
0.319793	0.948839	0.127736
0.217067	0.325144	0.932184
0.114279	0.944176	0.313114
0.873334	0.473023	0.156221
0.590613	0.231402	0.775624
0.227727	0.653005	0.728457
0.00378142	0.167851	0.989013
0.513203	0.840303	0.181121
0.956489	0.0244005	0.340902
0.75711	0.377121	0.534437
0.400394	0.774923	0.493298
0.697408	0.457306	0.556571
0.883061	0.0527458	0.467545
0.0836446	0.386792	0.92097
0.0067324	0.825875	0.578222
0.329321	0.197297	0.925227
0.488573	0.106693	0.870414
0.477339	0.65777	0.619262
0.138374	0.622401	0.773931
0.725181	0.307387	0.631886
0.875853	0.469539	0.22369
0.211916	0.777358	0.628089
0.801146	0.513756	0.315293
0.549474	0.304425	0.802109
0.640854	0.617479	0.468859
0.712963	0.031504	0.703954
0.519346	0.393646	0.762995
0.513335	0.692855	0.510774
0.0907925	0.813306	0.594259
0.187747	0.194897	0.96786
0.359012	0.537762	0.766331
0.233889	0.967036	0.171156
0.0904128	0.809904	0.60113
0.234547	0.0877974	0.976915
0.444967	0.316735	0.839263
0.259204	0.144816	0.956502
0.602705	0.495704	0.627469
0.970619	0.166206	0.181143
0.559706	0.816586	0.271017
0.942448	0.141614	0.312347
0.748049	0.709296	0.0828108
0.10951	0.937982	0.335355
0.825414	0.558568	0.132363
0.58549	0.816444	0.0885162
0.950629	0.0342253	0.327547
0.369536	0.918514	0.155726
0.18255	0.545141	0.828285
0.872215	0.51313	0.0617748
0.675368	0.641088	0.383405
0.884347	0.336665	0.358474
0.236618	0.975442	0.0702235
0.0794639	0.68063	0.731249
0.654726	0.0526532	0.761287
0.642126	0.0434705	0.768916
0.253225	0.856441	0.452902
0.437764	0.328026	0.840559
0.262673	0.952704	0.169463
0.45866	0.195886	0.870138
0.72534	0.688517	0.0918713
0.51724	0.658773	0.5727
0.769989	0.386625	0.517196
0.94743	0.355665	0.0617766
0.170224	0.13338	0.981158
0.729917	0.448628	0.517877
0.500373	0.373386	0.788438
0.707496	0.0312624	0.712002
0.983487	0.153282	0.139322
0.021758	0.965803	0.3309
0.787696	0.588408	0.190829
0.108935	0.851567	0.514668
0.740277	0.569367	0.380939
0.742857	0.276299	0.620574
0.925189	0.188709	0.33711
0.91988	0.00107429	0.409296
0.121701	0.634985	0.774795
0.591777	0.804695	0.123692
0.141069	0.350639	0.929213
0.618415	0.0773653	0.783902
0.48006	0.46729	0.744897
0.882767	0.0456351	0.470672
0.192087	0.641719	0.7448
0.638578	0.0797397	0.768425
0.505448	0.824192	0.269463
0.116828	0.0680911	0.995693
0.328889	0.476635	0.832437
4.4817e-17	4.37474e-17	1.02281
0.925598	0.38075	0.0802425
0.733634	0.570233	0.390682
0.461381	0.635931	0.620984
0.024915	0.852523	0.524438
0.654927	0.564925	0.506095
0.364138	0.694577	0.639176
0.76971	0.17428	0.630331
0.582519	0.816629	0.0640173
0.323912	0.645911	0.70466
0.736193	0.572222	0.37632
0.0337522	0.496348	0.871474
0.0477857	0.237867	0.985039
0.612882	0.737678	0.309458
0.997836	0.0529777	0.0437738
0.239119	0.462172	0.859194
0.652428	0.626344	0.446032
0.34934	0.68231	0.662932
0.162173	0.790868	0.594951
0.795921	0.613349	0.00804035
0.0916444	0.656077	0.760398
0.0418567	0.932903	0.362596
0.935416	0.154678	0.35213
0.515907	0.519758	0.692948
0.0637807	0.219713	0.978808
0.93961	0.048579	0.338873
0.815194	0.553323	0.219475
0.196628	0.605542	0.785776
0.458319	0.66619	0.634475
0.962725	0.0690871	0.281523
0.709636	0.676997	0.214321
0.373891	0.700342	0.610785
0.305985	0.648232	0.699044
0.0677341	0.233331	0.972701
0.356287	0.740318	0.570789
0.821887	0.0288415	0.578657
0.667572	0.186729	0.727022
0.857973	0.125435	0.507373
0.290962	0.315035	0.921635
0.554347	0.823638	0.176281
0.510192	0.51679	0.709251
0.470213	0.763747	0.456074
0.633355	0.782091	0.0164064
0.761314	0.392604	0.550623
0.496062	0.807154	0.332555
0.948884	0.0925376	0.316402
0.625783	0.0363142	0.789583
0.267325	0.752214	0.614175
0.696557	0.68307	0.249498
0.219135	0.425962	0.886719
0.620568	0.766302	0.207509
0.764091	0.104355	0.649634
0.0282339	0.691799	0.730053
0.387704	0.570914	0.744613
0.113781	0.350404	0.939129
0.187981	0.968524	0.193021
0.154964	0.96528	0.286435
0.501932	0.770814	0.455119
0.270827	0.834046	0.495315
0.202898	0.250546	0.963049
0.0425406	0.0974064	0.994627
0.283047	0.959812	0.12748
0.676966	0.503169	0.542542
0.684529	0.110925	0.735528
0.588705	0.811425	0.0302027
0.887466	0.0580093	0.471655
0.839151	0.245698	0.49194
0.783388	0.177026	0.606723
0.680519	0.50581	0.534297
0.0536887	0.658207	0.758041
0.521485	0.525378	0.677512
0.719978	0.323241	0.659799
0.433264	0.0793411	0.901787
0.945009	0.356511	0.0541856
0.182468	0.297932	0.944222
0.593638	0.728512	0.34969
0.739946	0.666451	0.108423
0.296662	0.579423	0.78023
0.687707	0.469053	0.565646
0.975902	0.110122	0.201852
0.953703	0.0375781	0.299456
0.43404	0.865811	0.260086
0.274291	0.844681	0.484475
0.878099	0.13186	0.477851
0.223895	0.982144	0.111718
0.580084	0.716311	0.41052
0.166312	0.585663	0.805034
0.746752	0.480063	0.474048
0.502859	0.0202981	0.876222
0.46645	0.884828	0.0956108
0.541234	0.441052	0.718435
0.406733	0.181598	0.905415
0.438209	0.876865	0.235544
0.539126	0.799516	0.277421
0.233694	0.955547	0.192456
0.104414	0.42727	0.914116
0.533783	0.750465	0.434976
0.666652	0.0104213	0.764475
0.391507	0.539623	0.747704
0.378402	0.758997	0.55884
0.0251594	0.369984	0.928985
0.412619	0.860238	0.347559
0.0101786	0.385841	0.930306
0.309477	0.468334	0.839027
0.380067	0.756328	0.533086
0.986365	0.139143	0.133993
0.206703	0.701485	0.713919
0.903323	0.427338	0.115916
0.862887	0.145554	0.490317
0.529726	0.744762	0.465835
0.485429	0.229491	0.852317
0.642137	0.0253017	0.770753
0.531879	0.512678	0.685073
5.61102e-17	2.55645e-17	1.00698
0.771115	0.609112	0.224876
0.804961	0.592115	0.0575425
0.0742289	0.634174	0.772564
0.340695	0.928696	0.153669
0.28565	0.792769	0.540828
0.64905	0.202398	0.750929
0.222807	0.977374	0.138475
0.870887	0.39973	0.300804
0.965779	0.149938	0.268156
0.86412	0.354777	0.36833
0.130285	0.196058	0.977784
0.990508	0.163788	0.0174473
0.545082	0.00542171	0.864296
0.257839	0.957182	0.186131
0.960137	0.216967	0.184825
0.440428	0.896362	0.0853354
0.395319	0.916233	0.106525
0.706593	0.579955	0.42179
0.40209	0.058407	0.91776
0.725562	0.179204	0.674839
0.714586	0.529477	0.462403
0.252046	0.558859	0.803013
0.556562	0.741746	0.403614
0.0549695	0.888833	0.47992
0.594988	0.215432	0.77909
0.577144	0.722707	0.402546
0.988659	0.163482	0.018055
0.818411	0.555507	0.213437
0.853217	0.112801	0.51549
0.776555	0.5327	0.371322
0.7211	0.489657	0.509632
0.48813	0.601629	0.651848
0.416185	0.0587099	0.911587
0.839759	0.141653	0.526251
0.225621	0.447021	0.87503
0.585477	0.157957	0.817791
0.00480664	0.841778	0.565573
0.315529	0.014502	0.963494
0.748396	0.566878	0.399663
0.0883772	0.28284	0.9566
0.87913	0.11538	0.481695
0.146829	0.311384	0.940448
0.96614	0.28669	0.10981
0.378154	0.912819	0.243504
0.981544	0.237669	0.0809686
0.319714	0.863539	0.410114
0.725706	0.117616	0.68768
0.528553	0.417509	0.753575
0.799758	0.545001	0.283552
0.990123	0.0424415	0.160064
0.891094	0.00056596	0.472575
0.923169	0.268561	0.279856
0.260622	0.263237	0.945143
0.537948	0.839341	0.167883
0.332553	0.915695	0.23409
0.274646	0.939559	0.316387
0.628108	0.775612	0.126748
0.551126	0.0855628	0.844578
0.225167	0.920681	0.324838
0.0841839	0.192851	0.977882
0.97379	0.161023	0.221493
0.276675	0.934105	0.263059
0.143315	0.595834	0.801178
0.314054	0.947612	0.0935181
0.788019	0.29464	0.546178
0.848468	0.0105437	0.542593
0.571012	0.258281	0.789423
0.421866	0.921291	0.00446307
0.332506	0.155273	0.93279
0.478905	0.359762	0.811549
0.74951	0.588921	0.327999
0.613402	0.785014	0.102735
0.43917	0.868488	0.238948
0.726065	0.404494	0.57742
0.779956	0.351757	0.574855
0.874731	0.254728	0.421573
0.244952	0.54313	0.824908
0.52035	0.409058	0.764573
0.275954	0.205817	0.940419
0.182943	0.413513	0.902102
3.74957e-33	6.12351e-17	1.00005
6.14812e-17	1.51596e-17	1.03414
1.00002	0	0
0.25278	0.423586	0.880082
0.119149	0.952138	0.305778
0.817687	0.441095	0.400051
0.892742	0.453292	0.0207228
0.326649	0.485519	0.816608
0.294725	0.412401	0.867251
0.681442	0.676916	0.288223
0.904702	0.370347	0.221719
0.346972	0.182688	0.920632
0.738328	0.574278	0.359131
0.657195	0.031399	0.772604
0.622754	0.667754	0.407981
0.411814	0.935548	0.0435741
0.440496	0.902447	0.109062
0.202722	0.0102931	0.982377
0.217245	0.217655	0.955476
0.674968	0.271667	0.694282
0.219535	0.964034	0.180627
0.312749	0.464858	0.838047
0.953075	0.159684	0.264969
0.59277	0.561811	0.582927
0.226497	0.822066	0.52272
0.239039	0.398415	0.910377
0.113473	0.686766	0.724482
0.138449	0.331353	0.935465
0.07023	0.596826	0.807205
0.848649	0.327595	0.44347
0.830132	0.00747976	0.604879
0.429909	0.166932	0.894134
0.652796	0.733288	0.214424
0.856932	0.487511	0.186799
0.797979	0.515795	0.337701
0.307663	0.698942	0.647964
0.9795	0.225141	0.0226826
0.612987	0.570189	0.550371
0.422981	0.329416	0.856429
0.11681	0.939736	0.330434
0.0315011	0.251731	0.975399
0.463447	0.709816	0.537092
2.16111e-17	5.78156e-17	1.00801
0.195181	0.965827	0.202789
0.840855	0.0872934	0.542518
0.751892	0.196263	0.635079
0.365353	0.92739	0.144174
0.163483	0.11119	0.982173
0.399867	0.91517	0.172347
0.0345531	0.749345	0.667812
0.927275	0.31248	0.213714
0.269662	0.522379	0.820378
0.696252	0.555525	0.482107
0.43582	0.625493	0.659298
0.943387	0.154294	0.317854
0.702434	0.402868	0.588203
0.66934	0.675855	0.316287
0.453638	0.718415	0.530473
0.0111603	0.620388	0.788536
0.648703	0.0387367	0.763555
0.0210897	0.786051	0.621372
0.713168	0.523717	0.497285
0.198224	0.969338	0.180752
0.474475	0.483598	0.735879
0.0964518	0.770764	0.642122
0.769368	0.639619	0.11816
0.23141	0.710787	0.674921
0.707086	0.550675	0.456585
0.562986	0.37814	0.736639
0.55165	0.831846	0.075171
0.158557	0.385633	0.925888
0.972247	0.253781	0.0787217
0.107955	0.788112	0.61253
0.136361	0.995482	0.0482384
0.291241	0.820456	0.505407
0.967943	0.0159018	0.255691
0.530318	0.83985	0.159481
0.08211	0.660574	0.756726
0.96224	0.16122	0.246324
0.0791421	0.053827	0.995569
0.391331	0.0071934	0.923397
0.541103	0.834951	0.160896
0.131232	0.260828	0.963925
0.80995	0.457862	0.374
0.857031	0.297091	0.442193
0.085961	0.793967	0.614944
0.488551	0.594137	0.658601
0.472021	0.245561	0.84717
0.852852	0.212868	0.48704
0.60283	0.394717	0.701147
0.842212	0.078167	0.535209
0.763568	0.612058	0.272238
0.257446	0.842634	0.473309
0.444967	0.893196	0.0972374
0.871779	0.194107	0.455495
0.186854	0.0432391	0.986497
0.384527	0.648148	0.680447
0.884937	0.204883	0.445879
0.404856	0.81268	0.426115
0.373642	0.848831	0.385505
0.689783	0.644515	0.362366
0.602682	0.722995	0.345622
0.571983	0.703649	0.445121
3.85017e-17	4.98064e-17	1.0281
0.274603	0.373383	0.897033
0.00140519	0.554383	0.835795
0.281353	0.895447	0.375756
0.663335	0.723071	0.239246
0.147494	0.443987	0.903978
0.567402	0.809239	0.168328
0.0436666	0.350686	0.942342
0.68627	0.521547	0.510611
0.709957	0.360483	0.62937
0.443927	0.56773	0.716557
0.688542	0.470354	0.554968
0.118884	0.950024	0.312417
0.52056	0.866082	0.00422079
0.68256	0.284041	0.68031
0.723615	0.563548	0.438896
0.973105	0.0470004	0.23541
0.878839	0.474835	0.0581198
0.775739	0.603496	0.194563
0.744894	0.219798	0.64375
0.656551	0.758841	0.153939
0.588274	0.693436	0.420582
0.350237	0.58093	0.7495
0.989135	0.117955	0.137001
0.335101	0.587275	0.747084
0.721031	0.165731	0.69707
0.814996	0.0388941	0.594502
0.337889	0.129386	0.942499
0.58108	0.587044	0.56871
0.938735	0.353169	0.102014
0.466621	0.0244189	0.918508
0.496017	0.83318	0.247788
0.598728	0.740178	0.342485
0.999782	0.0927913	0.00254894
0.919265	0.149142	0.381643
0.725063	0.139811	0.680551
0.476271	0.445015	0.777971
0.388651	0.873673	0.309677
0.265835	0.229475	0.936437
0.0129476	0.203868	0.988649
0.707666	0.0610046	0.711369
0.744474	0.0167643	0.670157
0.626403	0.801095	6.86792e-15
0.55958	0.761953	0.339649
0.551691	0.503635	0.677546
0.604804	0.0685588	0.817593
0.362415	0.929032	0.134877
0.167545	0.540986	0.837188
0.525643	0.0250853	0.860376
0.357049	0.0220883	0.9364
0.730223	0.666456	0.238335
0.780714	0.544341	0.326731
0.762988	0.124789	0.655094
0.157977	0.585912	0.79682
0.0352649	0.777255	0.63347
0.838866	0.512321	0.194582
0.934834	0.374538	0.0136221
0.530244	0.274826	0.803487
0.424886	0.782692	0.532668
0.513637	0.346148	0.7862
0.174068	0.824425	0.561132
0.408409	0.861196	0.323916
0.302425	0.30824	0.903087
0.908359	0.340302	0.26076
0.0689443	0.343675	0.941051
0.088274	0.989135	0.134315
0.782065	0.127909	0.618376
0.75853	0.652513	0.112537
0.638718	0.408994	0.653756
0.674795	0.63132	0.414112
0.282617	0.0727033	0.961679
0.370934	0.887762	0.282944
0.879981	0.49745	0.0468755
0.755701	0.140055	0.651234
0.822853	0.584621	0.138822
0.440997	0.742091	0.516313
0.446449	0.41715	0.805263
0.0609324	0.864738	0.514534
5.5848e-17	0.912067	0.411809
0.503964	0.816476	0.306309
0.597262	0.786041	0.230235
0.245671	0.68502	0.705834
0.133944	0.977835	0.195318
0.452375	0.692859	0.569837
0.129195	0.964945	0.276043
0.935226	0.184218	0.323939
0.715772	0.657162	0.275516
0.0410156	0.889497	0.476361
0.40425	0.918366	0.0479916
0.508316	0.849796	0.206937
0.410713	0.507744	0.77945
0.272139	0.878106	0.395847
0.916817	0.276537	0.295519
0.599572	0.672009	0.454913
0.904311	0.432682	0.0499477
0.86029	0.2483	0.46607
0.771243	0.375058	0.517242
0.0606429	0.312966	0.949636
0.158695	0.963341	0.225397
0.652657	0.384595	0.666483
0.702275	0.216037	0.684167
0.939753	0.172159	0.305331
0.334193	0.860346	0.41444
0.385886	0.295671	0.892926
0.0946897	0.877392	0.474094
0.101847	0.87521	0.482115
0.854292	0.173094	0.49526
0.962306	0.0849696	0.275852
0.0302762	0.698076	0.726547
0.471922	0.819549	0.339796
0.285353	0.947571	0.1967
0.88108	0.428119	0.233156
0.165259	0.546455	0.824483
0.325248	0.566581	0.769611
0.57055	0.660159	0.534412
0.150308	0.99508	0.0906821
0.074287	0.191244	0.993515
0.730826	0.635326	0.260908
0.152865	0.390825	0.909581
0.248591	0.36416	0.904079
0.57308	0.442508	0.702508
0.187589	0.33874	0.932992
0.740879	0.644245	0.20447
0.0192312	0.842881	0.561959
0.348439	0.938057	0.162971
0.313673	0.624196	0.741159
0.642115	0.716397	0.282834
0.38133	0.461742	0.80572
0.433378	0.197649	0.887372
0.951688	0.0348101	0.308588
0.871112	0.456474	0.232523
0.112424	0.527105	0.842808
0.0363194	0.587403	0.809792
0.601456	0.801335	0.111898
0.133087	0.905558	0.420561
0.863533	0.268129	0.432191
0.233723	0.202747	0.962514
0.491983	0.0289362	0.875627
0.209369	0.599408	0.776412
0.625428	0.0473069	0.781848
0.844175	0.5325	0.151937
0.693309	0.0525591	0.722587
0.532505	0.0998356	0.847701
0.42662	0.59748	0.679226
0.97686	0.223655	0.120968
0.166552	0.328951	0.938829
0.535769	0.862282	0.096431
0.0592006	0.348224	0.943284
0.556892	0.123871	0.832603
0.0696662	0.471198	0.887371
0.177867	0.976915	0.123901
0.402312	0.702966	0.599652
0.307906	0.585125	0.756575
0.0431086	0.242965	0.985217
0.782407	0.476752	0.409007
0.662226	0.738504	0.25159
0.228355	0.732062	0.659114
0.65591	0.502619	0.579064
0.97336	0.180732	0.144316
0.935495	0.350129	0.0623862
0.034343	0.62162	0.798088
0.819864	0.15331	0.571165
0.652366	0.498047	0.586783
0.295324	0.554966	0.788172
0.2009	0.32981	0.930503
0.527015	0.772023	0.366714
0.924761	0.342685	0.182779
0.800653	0.0238564	0.620446
0.00958169	0.405681	0.920733
0.0876459	0.952388	0.311747
0.516449	0.58364	0.631322
0.558067	0.828051	0.109713
0.243609	1.57718e-07	0.989408
0.462263	0.834734	0.341847
0.104982	0.709903	0.707284
0.727957	0.691048	0.0315369
0.319114	0.811239	0.493105
0.416302	0.908448	0.0391866
0.414164	0.666567	0.646675
0.0670611	0.987405	0.199275
0.591357	0.769201	0.246089
0.675175	0.415357	0.624561
0.373922	0.888231	0.290119
0.416361	0.598424	0.694517
0.0806089	0.233678	0.972752
0.627322	0.614446	0.505258
0.526429	0.771165	0.371844
0.95709	0.233428	0.22194
0.502386	0.850458	0.192899
0.34941	0.936358	0.0789076
0.414988	0.667893	0.644647
0.117499	0.981573	0.19306
0.197304	0.914482	0.354785
0.216634	0.0064824	0.977297
0.611962	0.590397	0.578342
0.0870626	0.946049	0.319759
0.223885	0.358598	0.915192
0.275884	0.780578	0.583903
0.380776	0.925621	0.0790225
0.229311	0.728142	0.656145
0.437357	0.740374	0.531365
0.585746	0.774852	0.261706
0.184109	0.256715	0.959569
0.512832	0.840339	0.212569
0.543807	0.755728	0.387189
0.120042	0.402769	0.910927
0.824698	0.292106	0.50184
0.84194	0.543131	0.152521
0.344384	0.806332	0.488679
0.361638	0.606214	0.733592
0.562387	0.76577	0.321996
0.873767	0.0656074	0.48965
0.886746	0.41749	0.218904
0.0106439	0.450279	0.907562
0.302431	0.0227322	0.962842
0.999359	0.0132782	0.0717041
0.616992	0.235245	0.777879
0.546116	0.163183	0.828583
0.548914	0.125675	0.835314
0.370826	0.321679	0.882991
0.450948	0.78492	0.444474
0.744586	0.155527	0.65379
0.724721	0.69489	0.0318284
0.30365	0.95428	0.0849422
0.49756	0.260728	0.865059
0.775924	0.144625	0.623544
0.496674	0.867181	0.145679
0.397515	0.922801	0.00285546
0.70725	0.00257731	0.713224
0.540566	0.040911	0.853998
0.27368	0.910891	0.333799
0.789622	0.313687	0.538808
0.897719	0.422657	0.135049
0.215254	0.906215	0.379365
0.483522	0.00422196	0.881065
0.6683	0.507834	0.549632
0.587716	0.511497	0.629863
0.604713	0.0785092	0.806092
0.65054	0.746835	0.169606
0.408334	0.00167693	0.917569
0.38884	0.560966	0.739951
0.0605415	0.265208	0.969318
0.393459	0.882469	0.273363
0.5045	0.570136	0.65316
0.689942	0.141657	0.731977
0.260153	0.95939	0.19758
0.981111	0.0735926	0.21244
0.457769	0.288758	0.852614
0.833511	0.279579	0.50588
0.559652	0.762045	0.328588
0.635456	0.760681	0.179224
0.0525922	0.484075	0.894369
0.899129	0.42332	0.132547
0.351405	0.546561	0.766796
0.590743	0.679983	0.448907
0.823538	0.419475	0.394184
0.685903	0.650258	0.340943
0.889802	0.430353	0.17138
0.795917	0.0784243	0.610644
0.716629	0.137619	0.69029
0.763748	0.36851	0.541765
0.182204	0.97048	0.207529
0.993372	0.11503	0.0620723
0.0501475	0.490861	0.883592
0.145151	0.479964	0.868917
0.835307	0.549878	0.0617645
0.80678	0.0750639	0.595157
0.578073	0.648717	0.532184
0.937452	0.0716826	0.347151
0.838383	0.241978	0.502521
0.265417	0.437119	0.860117
0.300648	0.791773	0.577833
0.134395	0.914461	0.400226
0.120704	0.404991	0.909998
0.0175622	0.74357	0.673403
0.356081	0.72037	0.60935
0.752349	0.576722	0.332338
0.296091	0.556408	0.785677
0.403489	0.565241	0.719877
0.303665	0.577065	0.761747
0.454298	0.891798	0.0950698
0.0475007	0.412359	0.91361
0.138377	0.165073	0.980146
0.566466	0.816065	0.208783
0.0106564	0.97239	0.269181
