2.28566e-28	3.73277e-12	1.00016
5.41411e-17	3.07315e-17	1.0167
0.420778	0.790976	0.476106
0.732186	0.156117	0.698736
0.868477	0.0106148	0.49829
0.96647	0.0866804	0.247453
0.407976	0.324949	0.85603
0.974453	0.205568	0.159724
0.0435949	0.170334	0.985217
0.787676	0.625532	0.0131895
0.193267	0.714823	0.718223
0.930874	0.148575	0.345194
0.0325751	0.894178	0.458199
0.608771	0.222332	0.76769
0.836352	0.00336791	0.550465
0.00961081	0.976017	0.231351
0.489186	0.355379	0.801615
0.886721	0.427081	0.219096
0.989495	0.0171543	0.15344
0.441292	0.816572	0.380584
0.39525	0.919754	0.0567723
0.156326	0.80635	0.578271
0.58239	0.27534	0.780137
0.219164	0.394295	0.907125
0.623895	0.503708	0.609795
0.69606	0.022148	0.739467
0.773831	0.118196	0.637093
0.049998	0.605528	0.797702
0.503758	0.841273	0.212666
0.0554571	0.997646	0.133743
0.572367	0.101283	0.823524
0.880894	0.383547	0.283766
0.937495	0.365314	0.0525782
0.112105	0.783003	0.622918
0.080883	0.480254	0.882611
0.256715	0.161292	0.963707
0.425127	0.677388	0.608194
0.561539	0.83314	0.137681
0.710408	0.537394	0.45989
0.498699	0.852183	0.214143
0.904568	0.0955437	0.422565
0.892664	0.227505	0.408363
0.443513	0.874944	0.210713
0.906164	0.437497	0.00827074
0.467248	0.0473646	0.886606
0.0962679	0.872766	0.484916
0.231581	0.924774	0.310964
0.577546	0.721673	0.391324
0.596656	0.447711	0.676485
0.0990335	0.970374	0.244503
0.655199	0.747284	0.14233
0.896107	0.397237	0.237142
0.229504	0.565944	0.795163
0.0614122	0.927606	0.371023
0.46795	0.73943	0.491028
0.0449405	0.369181	0.933601
0.952728	0.232765	0.269719
0.718919	0.476715	0.55678
0.685675	0.73538	0.0334502
0.343313	0.848071	0.425039
0.0515945	0.856406	0.515692
0.0701357	0.78448	0.620257
0.138121	0.516947	0.850507
0.668187	0.728535	0.183429
0.172687	0.945333	0.278828
0.16788	0.459391	0.892813
0.615641	0.788855	0.0989825
0.331614	0.0665094	0.943093
0.207217	0.511059	0.84134
0.845163	0.185023	0.506431
0.316897	0.256836	0.919482
0.315468	0.0402803	0.948978
0.764081	0.113658	0.639906
0.116348	0.389904	0.915734
0.375561	0.924348	0.074437
0.943001	0.0605648	0.334257
0.18656	0.983729	0.118678
0.449112	0.709663	0.558497
0.179631	0.822811	0.563633
0.723999	0.345481	0.606201
0.417564	0.86299	0.333844
0.849459	0.0761325	0.525386
0.214397	0.873858	0.444414
0.103045	0.719725	0.696431
0.236242	0.418625	0.881469
0.780618	0.111688	0.629953
0.399957	0.666991	0.6299
0.509108	0.810966	0.295106
0.82102	0.266156	0.535604
0.336346	0.663146	0.690512
0.46089	0.885543	0.124436
0.638007	0.320118	0.733382
0.996536	0.14258	0.0832811
0.959661	0.193779	0.225427
0.976512	0.233837	0.00184756
0.298274	0.0598226	0.956756
0.766639	0.195387	0.632287
0.128689	0.993294	0.0911185
0.823005	0.406594	0.440812
0.380996	0.899602	0.224203
0.363897	0.652584	0.666206
0.535922	0.424046	0.744771
0.402803	0.802729	0.442025
0.817847	0.581654	0.00244242
0.344954	0.939437	0.0989939
0.279812	0.252576	0.946256
0.847335	0.182381	0.503016
0.745241	0.336013	0.583185
0.515939	0.0689302	0.865425
0.0177049	0.243169	0.992568
0.665398	0.0296758	0.748781
0.378352	0.93543	0.0246845
0.773216	0.24771	0.614422
0.79883	0.600626	0.140647
0.247831	0.294253	0.926349
0.916688	7.60928e-07	0.432764
0.426493	0.849941	0.32815
0.75287	0.133224	0.657619
0.524446	0.317434	0.791588
0.0903417	0.301398	0.951567
0.425725	0.329056	0.848457
0.539279	0.578371	0.642409
0.434494	0.865885	0.301817
0.645134	0.411217	0.657676
0.925268	0.410165	0.0415168
0.552983	0.382702	0.752309
0.456046	0.562172	0.693389
0.346855	0.893944	0.28608
0.356075	0.551843	0.758447
0.349029	0.334878	0.886996
0.397087	0.404532	0.832203
0.141176	0.473105	0.873663
0.301118	0.777075	0.570784
0.737876	0.381183	0.561112
0.860065	0.415238	0.309832
0.681352	0.730744	0.116582
0.754822	0.523097	0.440707
0.819968	0.285705	0.5435
0.513084	0.286641	0.824254
0.603943	0.784472	0.192999
0.707832	0.191162	0.687705
0.997387	0.044482	0.113602
0.781787	0.485518	0.438425
0.353834	0.341404	0.878419
0.928572	0.17616	0.328995
0.318867	0.954272	0.147587
0.307414	0.635339	0.724943
0.709566	0.70016	0.126273
0.0215855	0.899882	0.441362
0.629406	0.77688	0.0871557
0.483052	0.856188	0.200605
0.355969	0.403289	0.865367
0.40159	0.914403	0.162763
0.85557	0.388058	0.360796
0.320238	0.948774	0.146886
0.538623	0.640722	0.550915
0.0228686	0.616472	0.791987
0.791223	0.562558	0.256612
0.310515	0.958078	0.0305963
0.148821	0.990353	0.0937065
0.575656	0.279656	0.775036
0.306015	0.939992	0.17278
0.473742	0.0450758	0.90111
0.264794	0.686312	0.684157
0.0125752	0.524251	0.854016
0.744162	0.353498	0.590442
0.150488	0.449148	0.896958
0.703075	0.708603	0.124426
0.677933	0.692611	0.268813
0.366949	0.913417	0.185135
0.863576	0.419529	0.292544
0.666786	0.727007	0.185622
0.203151	0.127608	0.976772
0.514071	0.653893	0.596032
0.286438	0.585448	0.77355
0.306893	0.703226	0.645111
0.327509	0.517512	0.815572
0.577611	0.630884	0.521856
0.0650765	0.0862187	0.99721
0.468278	0.659409	0.615962
0.840557	0.489674	0.27602
0.367607	0.456385	0.814784
0.271583	0.620594	0.738257
0.989989	0.239044	0.00180935
0.0887007	0.269549	0.96522
0.365333	0.649228	0.674471
0.954537	0.305596	0.0819074
0.803796	0.496575	0.350758
0.568544	0.276201	0.783385
0.603563	0.0170615	0.814338
0.844815	0.0757162	0.530908
0.197122	0.803004	0.592502
0.476994	0.762812	0.444363
3.02293e-28	4.93681e-12	1.00028
0.438343	0.555501	0.715391
0.843987	0.536938	0.0718156
0.230364	0.978304	0.0458192
0.780982	0.0385175	0.628312
0.872757	0.0685752	0.490627
0.586196	0.596236	0.558852
0.965708	0.149592	0.26577
0.518312	0.181039	0.837837
0.304716	0.378193	0.875332
0.844819	0.439003	0.314863
0.135489	0.130222	0.987545
0.366847	0.482567	0.79544
0.635802	0.0444673	0.774453
0.642634	0.0320233	0.770051
0.599234	0.266431	0.756591
0.605138	0.778971	0.238192
0.202955	0.270263	0.950683
0.836336	0.295307	0.468784
0.794982	0.0793588	0.603105
0.0307029	0.855351	0.531326
0.826143	0.155436	0.545911
0.466724	0.575744	0.682475
0.13097	0.988177	0.0992005
0.808132	0.0889313	0.594212
0.138587	0.567418	0.812453
0.786631	0.370324	0.500784
0.0910573	0.0155614	0.999004
0.704535	0.298577	0.649929
0.00059766	0.84653	0.533541
0.75514	0.647212	0.14053
0.265425	0.399612	0.880494
0.888263	0.313642	0.338831
0.284878	0.874965	0.394058
0.159696	0.907777	0.395429
0.0508949	0.204276	0.979418
0.765476	0.626142	0.177951
0.00566064	0.99547	0.108775
0.692391	0.50223	0.520874
0.612627	0.490599	0.633687
0.733048	0.653474	0.209266
0.056446	0.666856	0.747054
0.439731	0.139602	0.889413
0.693996	0.528775	0.512572
0.686026	0.453055	0.570756
0.375606	0.476439	0.796117
0.804351	0.581157	0.161556
0.771197	0.628192	0.149361
0.110204	0.968806	0.248299
0.319779	0.112913	0.943936
0.478412	0.246398	0.845324
0.25736	0.366989	0.904997
0.595814	0.771294	0.252967
0.2733	0.0954598	0.961741
0.658837	0.753045	0.142474
0.503788	0.774756	0.38598
0.539912	0.823854	0.188758
0.123824	0.884558	0.458364
0.927935	6.34213e-05	0.373764
0.877775	0.390276	0.303123
0.397187	0.87003	0.347377
0.864711	0.447463	0.235556
0.972487	0.224994	0.116994
0.653957	0.0231747	0.783139
0.82066	0.280702	0.507255
0.0771244	0.814215	0.580702
0.721005	0.692593	0.0264073
0.507008	0.830538	0.283996
0.550749	0.841439	0.0145934
0.618752	0.788927	0.0302504
0.57739	0.0347756	0.818723
0.665794	0.358493	0.657137
0.0765024	0.550533	0.84822
0.210698	0.823605	0.575686
0.683954	0.415802	0.604233
0.853428	0.541297	0.0252617
0.721308	0.620775	0.348025
0.186495	0.728998	0.661362
0.60961	0.350442	0.711635
0.325736	0.643198	0.697112
0.675416	0.164234	0.73422
0.489827	0.392259	0.78717
0.71043	0.637698	0.331329
0.415637	0.293551	0.868449
0.0346839	0.858539	0.519238
0.0952852	0.674833	0.739986
0.361045	0.605661	0.726155
0.882333	0.334018	0.357625
0.555549	0.196162	0.80958
0.913755	0.319162	0.258889
0.543114	0.539946	0.644008
0.326865	0.930967	0.200022
0.88672	0.462403	0.0885815
0.895422	0.421052	0.172673
0.622291	0.254965	0.755244
0.87064	0.277126	0.424088
0.115313	0.213083	0.973947
0.563771	0.608772	0.58449
0.389244	0.652965	0.664252
0.335855	0.514007	0.805713
0.395342	0.844055	0.363854
0.191827	0.74984	0.636242
0.129561	0.00638986	0.993756
0.839839	0.469688	0.326417
0.169338	0.589914	0.790955
0.18816	0.342708	0.922981
0.314822	0.0573129	0.955474
0.0423517	0.933378	0.397122
0.416815	0.83114	0.431817
0.174536	0.233763	0.964945
0.690434	0.119175	0.721557
0.554283	0.806125	0.226297
0.948867	0.307464	0.0951653
0.673169	0.409246	0.618664
0.45545	0.51745	0.739781
0.125089	0.527797	0.859085
0.0592391	0.661201	0.751854
0.498426	0.783387	0.405587
0.0841015	0.600793	0.799218
0.833656	0.200492	0.526793
0.16631	0.359652	0.930048
0.267289	0.084322	0.969601
0.234587	0.708308	0.670282
0.0405325	0.799586	0.616791
0.29545	0.349752	0.911744
0.0207277	0.962608	0.275207
0.23186	0.700073	0.679564
0.239584	0.958898	0.193802
0.50975	0.860888	0.0905263
0.0869399	0.260804	0.96673
0.425986	0.709665	0.583654
0.351993	0.863594	0.369274
0.857968	0.428942	0.294565
0.570318	0.437631	0.70374
0.277052	0.532564	0.802675
0.48166	0.736146	0.509157
0.87432	0.173042	0.465533
0.312473	0.944123	0.129653
0.27877	0.673234	0.701775
0.654533	0.47529	0.609022
0.725	0.178514	0.687538
0.644998	0.737227	0.210372
0.287232	0.614936	0.744682
0.579544	0.757944	0.331973
0.0169971	0.0695913	1.00001
0.139934	0.546992	0.826118
0.147328	0.447431	0.884752
0.072179	0.109843	0.99339
0.530493	0.761947	0.377982
0.563082	0.818921	0.136223
0.941253	7.23294e-08	0.455754
0.105584	0.240341	0.970759
0.348716	0.119276	0.93433
0.195786	0.571936	0.798029
0.537115	0.713497	0.463323
0.814203	0.448086	0.409239
0.294452	0.953997	0.0819869
0.526626	0.742616	0.422562
0.249692	0.385735	0.894996
0.345894	0.219388	0.913841
0.910563	0.299626	0.293893
0.922691	0.322283	0.218371
0.350259	0.432753	0.856544
0.783795	0.577116	0.278732
0.908847	0.00473697	0.421851
0.248285	0.330627	0.919134
0.0212316	0.301645	0.958242
0.628132	0.386767	0.689513
0.216606	0.869389	0.447712
0.98956	0.098406	0.168254
0.0611322	0.868529	0.498901
0.472933	0.268574	0.842169
0.995939	0.0630184	0.146904
0.293123	0.412891	0.864201
0.199189	0.407306	0.903562
0.854874	0.519711	0.0289827
0.903628	1.03707e-07	0.437536
0.742349	0.661765	0.140523
0.669921	0.343214	0.671957
0.552614	0.733331	0.414903
0.0464971	0.994516	0.121569
0.452105	0.892732	0.155213
0.0662615	0.926083	0.375982
0.526951	0.865446	0.0043644
0.237979	0.686212	0.699501
0.337057	0.767875	0.551171
0.130488	0.459292	0.896351
0.224353	0.900484	0.377812
0.153478	0.585855	0.809771
0.107949	0.798316	0.607576
3.75109e-33	6.126e-17	1.00045
6.17651e-17	2.39149e-19	1.00871
0.347642	0.939579	0
0.950723	0.219889	0.259673
0.652975	0.594791	0.481279
0.945039	0.153624	0.30118
0.690271	0.632042	0.393574
0.788909	0.194935	0.583664
0.616621	0.123021	0.785006
0.100291	0.385495	0.920639
0.711763	0.651305	0.269563
0.417861	0.00790856	0.910271
0.56642	0.839836	0.102434
0.87552	0.231254	0.425664
0.163667	0.911999	0.399166
0.848488	0.421481	0.324742
0.459452	0.581857	0.678951
0.442208	0.898759	0.0641173
0.301099	0.721179	0.632348
0.530675	0.294405	0.800749
0.105199	0.501128	0.862396
0.116799	0.530227	0.849592
0.315292	0.791327	0.534275
0.594509	0.526436	0.613609
0.903297	0.338934	0.304358
0.0707973	0.316052	0.950128
0.278612	0.270104	0.925713
0.985748	0.137344	0.124639
0.955872	0.306163	0.0238896
0.917878	0.0271325	0.410056
0.0552107	0.968913	0.269453
0.310851	0.451203	0.839253
0.288898	0.0577366	0.961371
0.752761	0.279304	0.621158
0.629656	0.125838	0.774607
0.621979	0.357234	0.703406
0.656173	0.685721	0.336847
0.487028	0.534592	0.695115
0.031337	0.958913	0.290939
0.600545	0.514386	0.628083
0.45881	0.717806	0.525389
0.752105	0.100313	0.664035
0.822746	0.568711	0.0308731
0.772392	0.515505	0.377829
0.266113	0.408088	0.876793
0.596986	0.549825	0.587392
0.731216	0.660867	0.229632
0.571151	0.808714	0.213123
0.908745	0.0507433	0.419175
0.293724	0.81994	0.495936
0.504355	0.730795	0.474766
0.792366	0.459707	0.418075
0.202828	0.740986	0.657179
0.888382	0.117196	0.452926
0.248021	0.554188	0.801128
0.491191	0.817316	0.362538
0.52682	0.803319	0.279983
0.979715	0.203705	0.00372186
0.14296	0.85938	0.508548
0.221538	0.763034	0.608681
0.633509	0.572557	0.523605
0.178587	0.440882	0.887162
0.0589047	0.99632	0.0742606
0.882576	0.121323	0.461891
0.973278	0.233772	0.0506492
0.464844	0.372529	0.80669
0.063168	0.25686	0.966031
0.444792	0.697361	0.566892
0.721881	0.618314	0.318778
0.000201535	0.212142	0.978679
0.77227	0.391931	0.550466
0.157943	0.365849	0.933848
0.167499	0.845693	0.531716
0.371737	0.877645	0.314311
0.3798	0.853679	0.370683
0.0613618	0.638218	0.769231
0.0971742	0.507808	0.870767
0.857235	0.0784288	0.516526
0.471799	0.738238	0.502088
0.367696	0.933782	7.66571e-96
0.67972	0.0458746	0.734466
0.404812	0.669447	0.626773
0.933185	0.0184808	0.369604
0.391459	0.795614	0.46742
0.748318	0.321835	0.596412
4.24521e-17	0.693296	0.721025
0.804683	0.221789	0.55803
0.0343486	0.831251	0.602874
0.585572	0.114818	0.815224
0.182724	0.266383	0.947618
0.648178	0.11694	0.756571
0.960051	0.193258	0.210717
0.351831	0.375504	0.866648
4.31904e-17	0.705353	0.709927
0.209047	0.919476	0.37955
0.991521	0.132972	0.0350436
0.0825453	0.97413	0.220061
0.0107134	0.988323	0.169011
0.232726	0.147015	0.964983
0.134673	0.894076	0.44407
0.740289	0.346224	0.601098
0.701051	0.720882	0.0824608
0.988816	0.159832	0.0426948
0.832321	0.41253	0.396778
0.0185141	0.998081	0.0879829
0.967988	0.236051	0.112043
0.315258	0.186347	0.938616
0.510156	0.105565	0.857069
0.672393	0.038886	0.742942
0.0778788	0.0431851	0.996903
0.431865	0.174238	0.88807
0.0490427	0.33923	0.954971
0.0397979	0.768729	0.640266
0.345929	0.398881	0.853007
0.0475702	0.329045	0.959522
0.126926	0.759122	0.640185
0.729364	0.432147	0.574479
0.131448	0.610164	0.792115
0.356186	0.0100767	0.966723
0.00172343	0.496128	0.898897
0.397952	0.658103	0.643654
0.755135	0.563187	0.340169
0.197405	0.784655	0.592343
0.764785	0.273017	0.628236
0.543856	0.429858	0.722467
0.0426045	0.47506	0.881817
0.853218	0.490899	0.185205
0.397946	0.780169	0.512285
0.166116	0.729903	0.67253
0.272541	0.612592	0.750699
0.222697	0.74753	0.648024
0.914169	0.138367	0.389823
0.393075	0.772937	0.533303
0.89969	0.0303566	0.439168
0.582143	0.327121	0.767949
0.446964	0.247965	0.866956
0.831213	0.452275	0.396167
0.706787	0.712805	0.0220365
0.086579	0.986229	0.194478
0.426815	0.431686	0.809047
0.963169	0.133796	0.247035
0.0937824	0.446743	0.895223
0.550646	0.799268	0.251288
0.0861892	0.986238	0.147222
0.516608	0.827769	0.23635
0.35817	0.681267	0.640203
0.81034	0.48048	0.356201
0.330097	0.418011	0.859396
0.295339	0.165571	0.943344
0.70338	0.625267	0.347604
0.741077	0.61142	0.281861
0.849448	0.421003	0.324964
0.411824	0.62732	0.687223
0.203565	0.871354	0.472331
0.800622	0.50576	0.341989
0.158492	0.922332	0.403165
0.38107	0.926582	0.00909754
0.555635	0.207359	0.820811
0.435165	0.393299	0.831453
0.252191	0.240593	0.945613
0.537627	0.0689635	0.845521
0.184866	0.439617	0.903006
0.210164	0.920858	0.33523
0.156479	0.0239342	0.996107
0.619158	0.566566	0.546757
0.0695003	0.154933	0.994798
0.38553	0.61612	0.691195
0.514274	0.783314	0.385627
0.536561	0.249531	0.818982
0.410871	0.897983	0.168075
0.0865113	0.985458	0.200927
0.547929	0.0722831	0.835216
0.89512	0.169882	0.440791
0.757265	0.654317	0.0748446
0.731834	0.43361	0.543164
0.291249	0.813032	0.51427
0.764609	0.286896	0.600664
0.510932	0.470862	0.727666
0.731956	0.0294353	0.697757
0.962791	0.228187	0.156774
0.238711	0.861809	0.449393
0.756619	0.112145	0.652438
0.369663	0.869282	0.357937
0.861469	0.478095	0.185371
0.325865	0.879229	0.357095
0.258512	0.0742666	0.965838
0.437229	0.88864	0.175643
0.339663	0.569421	0.764571
0.865384	0.0164248	0.50525
0.912712	0.025287	0.413141
0.671797	0.730354	0.162861
0.638359	0.0968404	0.765534
4.17619e-28	6.82024e-12	1.00021
0.686219	0.162733	0.7133
0.376839	0.166415	0.915225
0.423156	0.81863	0.417379
0.593957	0.39852	0.719431
0.147912	0.958576	0.272286
0.570528	0.826147	0.0654839
0.928283	0.0171693	0.37801
0.854756	0.51413	0.109861
0.406662	0.596174	0.69686
0.565843	0.638196	0.530146
0.802458	0.545074	0.255314
0.0374862	0.103428	0.995613
0.710133	0.70374	0.0559695
0.109578	0.302336	0.948564
0.230822	0.835527	0.507984
0.451645	0.752213	0.513918
0.320917	0.914121	0.315393
0.500029	0.730465	0.473933
0.588678	0.486253	0.65511
0.526367	0.00667415	0.854462
0.443344	0.871552	0.221798
0.645505	0.220729	0.743888
0.268339	0.964575	0.0792687
0.307786	0.811819	0.506683
0.91263	0.270338	0.323948
0.0986907	0.675707	0.745283
0.220783	0.949156	0.232337
0.441482	0.689628	0.577752
0.467418	0.573151	0.676434
0.154688	0.621967	0.775584
0.790233	0.137088	0.608115
0.975717	0.239664	0.0962486
0.0163441	0.995079	0.126319
0.13095	0.374387	0.922976
0.849201	0.569777	0.0143076
0.672584	0.696312	0.282146
0.203006	0.534517	0.824147
0.163507	0.985525	0.091649
0.490098	0.858899	0.166279
0.0619185	0.149136	0.987626
0.479459	0.683845	0.564386
0.286265	0.770396	0.573747
0.50875	0.864021	0.00765443
0.069278	0.479925	0.881096
0.0959653	0.664802	0.747891
0.729413	0.371447	0.588945
0.839317	0.533703	0.131578
0.681296	0.0469565	0.736529
0.737732	0.60942	0.298174
0.697544	0.349594	0.653009
0.870685	0.326037	0.404953
0.0554205	0.334668	0.944361
0.827015	0.435291	0.359273
0.310931	0.507625	0.806161
0.558578	0.627969	0.558076
0.57802	0.354845	0.737706
0.742146	0.537322	0.403342
0.300567	0.800716	0.520609
0.535969	0.364393	0.763148
0.028807	0.190416	0.982228
0.0681532	0.972971	0.270392
0.620824	0.643911	0.458798
0.185426	0.0819316	0.980847
0.765915	0.494692	0.465536
0.654828	0.388005	0.658171
0.0246063	0.505929	0.8711
0.989448	6.8587e-179	0.159062
0.60294	0.473842	0.646429
0.95792	0.0617928	0.329699
0.861859	0.255299	0.451967
0.406556	0.899252	0.21319
0.0752235	0.253805	0.971064
0.947843	0.329985	0.0161296
0.477093	0.233408	0.867798
0.114466	0.72161	0.686841
0.465556	0.775382	0.44145
0.515106	0.846659	0.205637
0.337078	0.648727	0.690651
0.714916	0.679048	0.179062
0.346725	0.472006	0.813818
0.246207	0.17438	0.9574
0.328821	0.305657	0.901291
0.42864	0.91026	0.19623
0.291484	0.784442	0.549784
0.0687599	0.742962	0.670135
0.256122	0.418144	0.873036
0.165662	0.454374	0.87898
0.443433	0.758651	0.477556
0.923903	0.241375	0.304804
0.796553	0.60434	0.02178
0.154036	0.586442	0.801168
0.361501	0.0915107	0.932063
0.738122	0.659284	0.244544
0.915858	0.242125	0.325375
0.0502296	0.132333	0.993292
0.153784	0.765381	0.627975
0.726085	0.204871	0.665704
0.774976	0.178482	0.639604
0.217383	0.978228	0.0802768
0.390004	0.773084	0.522753
0.488594	0.803711	0.352769
0.845188	0.0680386	0.535242
0.777066	0.44263	0.456605
0.542494	0.80215	0.263313
0.0623009	0.223951	0.976475
0.61571	0.633809	0.469835
0.608127	0.435634	0.671863
0.461211	0.87859	0.148531
0.753323	0.373238	0.547397
0.297641	0.499617	0.838051
0.348465	0.938577	0.0356573
0.382342	0.601756	0.706287
0.674753	0.558848	0.487485
0.872983	0.29622	0.3907
0.118488	0.746118	0.660328
0.617175	0.58621	0.539891
0.800463	0.0551698	0.602296
0.139947	0.978092	0.201064
0.161674	0.0852003	0.986619
0.0113478	0.352192	0.941473
0.222234	0.759676	0.616689
0.962075	0.0289611	0.284864
0.847392	0.499468	0.290306
0.459757	0.655745	0.612259
0.393571	0.919545	0.11854
0.212666	0.930938	0.325192
0.972471	0.318292	0.00206133
0.0943924	0.653905	0.757983
0.756767	0.191569	0.627943
0.0875575	0.139032	0.989813
0.708394	0.715247	0.0362822
0.264791	0.00354237	0.97142
0.169958	0.618827	0.780715
0.316108	0.891801	0.325996
0.124007	0.339807	0.936034
0.4675	0.76064	0.470809
0.327135	0.955091	0.0284156
0.243526	0.516557	0.823159
0.371584	0.367545	0.86125
0.434016	0.114505	0.897622
0.00149545	0.935209	0.366864
0.813593	0.581288	0.0215237
0.985388	0	0.173897
0.955475	0.236808	0.190061
0.886793	0.106596	0.456019
0.785187	0.428739	0.464018
0.539639	0.789007	0.301018
0.880359	0.463512	0.117247
0.417158	0.194096	0.894062
0.763978	0.0385752	0.655241
0.121041	0.523941	0.845634
0.293369	0.789516	0.548459
0.436033	0.728232	0.535791
0.0402174	0.278472	0.965343
0.518264	0.126213	0.851436
0.636837	0.631498	0.4465
0.548248	0.129937	0.830428
0.161779	0.430982	0.889125
0.484621	0.427577	0.766391
0.93278	0.197556	0.308219
0.311749	0.0769242	0.952417
0.222189	0.583032	0.784661
0.196264	0.320094	0.934796
0.811273	0.368928	0.498654
0.512096	0.259965	0.820397
0.460215	0.406043	0.794842
0.509741	0.829368	0.264706
0.383944	0.709923	0.595808
0.568077	0.143066	0.814022
0.626536	0.205282	0.756905
0.272241	0.783277	0.560328
0.173013	0.975136	0.157245
0.301888	0.229041	0.925909
0.351535	0.926917	0.193344
0.191956	0.313069	0.936677
0.505491	0.555692	0.671608
0.228866	0.679029	0.699118
0.521934	0.129358	0.84561
0.551769	0.4575	0.721809
0.0443594	0.689632	0.73022
0.510079	0.346792	0.792811
0.0799637	0.229321	0.974329
0.446133	0.852116	0.284666
0.0981666	0.781987	0.633966
0.178014	0.994635	0.0458286
0.214191	0.902145	0.377514
0.375074	0.448117	0.816748
0.31443	0.887068	0.345852
0.639602	0.610308	0.473316
0.941516	0.320057	0.1354
0.702203	0.695882	0.209631
3.75123e-33	6.12622e-17	1.00049
6.23061e-17	0	1.01754
0.351951	0.131466	0.930287
0.0627268	0.976327	0.214114
0.381198	0.448152	0.811347
0.503575	0.0393244	0.864567
0.258844	0.619485	0.750433
0.53014	0.845138	0.118744
0.247802	0.971663	0.00952491
0.768983	0.0379565	0.640196
0.156715	0.123607	0.984572
0.451048	0.134435	0.886434
0.198596	0.57615	0.797578
0.789345	0.591191	0.177462
0.344469	0.854867	0.403917
0.468317	0.866292	0.190966
0.485108	0.694328	0.549116
0.730509	0.681723	0.0673071
0.163118	0.409693	0.901116
0.649803	0.715096	0.263255
0.693631	0.0308298	0.722962
0.98989	0.151137	0.00868757
0.867423	0.461405	0.209487
0.0266003	0.831507	0.584465
0.432993	0.69904	0.578159
0.691396	0.277873	0.676554
0.141232	0.823651	0.556391
0.804701	0.602333	0.0660476
0.641862	0.551529	0.537007
0.362471	0.893938	0.281817
0.52357	0.387074	0.784085
0.81819	0.583079	0.0230761
0.241521	0.947032	0.224312
0.00631166	0.994614	0.171233
0.233637	0.335053	0.917423
0.0577279	0.949005	0.325267
0.592341	0.437917	0.687184
0.318417	0.296091	0.906105
0.679169	0.00675143	0.769724
0.278294	0.526059	0.806007
0.21945	0.0845069	0.975396
0.0737349	0.818824	0.573628
0.332738	0.105976	0.941206
0.269767	0.633788	0.739043
0.0371852	0.97282	0.246002
0.0138128	0.986502	0.183413
0.101227	0.880194	0.475196
0.831854	0.26366	0.502648
0.608278	0.772541	0.234553
0.826204	0.560254	0.148595
0.561365	0.433513	0.731625
0.667318	0.496955	0.563733
0.837725	0.236919	0.497096
0.735783	0.197377	0.651583
0.191181	0.516406	0.843599
0.878999	0.467934	0.12816
0.911008	0.423834	0.0417041
0.299125	0.867796	0.415702
0.753576	0.000326589	0.661422
0.235568	0.560586	0.795814
0.365886	0.921502	0.144457
0.399889	0.768249	0.51462
0.799154	0.485538	0.364223
0.376382	0.35643	0.868496
0.471968	0.879731	0.118826
0.580833	0.73917	0.345439
0.509973	0.311421	0.805072
0.479445	0.882634	0.0893943
0.761624	0.641533	0.140996
0.524823	0.668089	0.530147
0.555198	0.733603	0.394251
0.735949	0.0566943	0.67913
0.722435	0.537232	0.440805
0.171949	0.100445	0.981812
0.964649	0.263958	0.111088
0.0308986	0.65767	0.754422
0.546249	0.139352	0.829816
0.748616	0.647707	0.179634
0.29838	0.476938	0.839566
0.410318	0.284924	0.877999
0.882887	0.0689451	0.466058
0.315063	0.780314	0.5912
0.659847	0.162402	0.735369
0.962915	0.275799	0.0485531
0.974924	0.220967	0.117408
0.78498	0.638066	0.00729213
0.0819205	0.93799	0.366744
0.228236	0.0974107	0.97524
0.854909	0.218094	0.482079
0.495208	0.302363	0.819742
0.864008	0.393371	0.352045
0.333727	0.811044	0.490387
0.266628	0.661336	0.711998
0.95276	0.140092	0.278164
0.290055	0.0763667	0.959174
0.486142	0.22298	0.854629
0.840126	0.321369	0.451085
0.343627	0.901737	0.29617
0.28879	0.705909	0.653859
0.871019	0.224641	0.454928
0.719401	0.405704	0.580237
0.393041	0.616735	0.697331
0.543083	0.653809	0.530376
0.00195659	0.916176	0.422417
0.852044	0.521438	0.0725953
0.640362	0.168597	0.762262
0.569103	0.544818	0.622138
0.0962174	0.909133	0.413177
0.938742	0.251345	0.256865
0.254395	0.759174	0.602338
0.208253	0.0551806	0.977925
0.310552	0.743236	0.609016
0.283175	0.963662	0.119848
0.601059	0.7234	0.345604
0.701754	0.426798	0.573838
0.627451	0.0483361	0.785046
0.0105998	0.110209	0.995347
0.00221527	0.959222	0.383452
0.92311	0.253684	0.306899
0.0422258	0.439036	0.901301
0.0510125	0.487712	0.873079
0.714679	0.0274942	0.702147
0.427427	0.769555	0.508583
0.947287	0.201797	0.268507
0.755384	0.270933	0.606922
0.376371	0.928217	0.0383068
0.0205174	0.626683	0.786687
0.684262	0.614126	0.402943
0.844622	0.501268	0.195785
0.104613	0.274524	0.962362
0.748799	0.284215	0.632724
0.27353	0.649596	0.716115
0.888793	0.0156209	0.485708
0.572651	0.428895	0.727442
0.405143	0.375611	0.837145
0.752803	0.269078	0.631558
0.130997	0.3111	0.946385
0.107192	0.671702	0.736086
0.962006	0.234065	0.167208
0.48236	0.000668125	0.88211
0.890157	0.0572611	0.456002
0.811297	0.483808	0.336396
0.673183	0.740826	0.0308409
0.655766	0.317479	0.689237
0.426401	0.802658	0.429548
0.724494	0.538763	0.438238
0.822946	0.394859	0.431384
0.181709	0.934806	0.320652
0.607134	0.793698	0.116566
0.387797	0.925749	0.12438
0.112741	0.948247	0.313703
0.558782	0.15408	0.819331
0.238538	0.0918578	0.96945
0.634269	0.158267	0.763289
0.91783	0.341165	0.247431
0.456466	0.332845	0.831564
0.56807	0.506501	0.652475
0.927387	0.246464	0.332351
0.115748	0.0676147	0.992532
0.604874	0.725862	0.33673
0.253822	0.666074	0.717162
0.597605	0.744472	0.304016
0.28592	0.491623	0.824418
0.456184	0.885775	0.100342
0.81434	0.370757	0.452922
0.37132	0.612573	0.709655
0.858232	0.350496	0.3785
0.4642	0.328314	0.83692
0.932571	0.361858	0.161006
0.305274	0.730605	0.624711
0.419572	0.601755	0.695807
0.0838105	0.982464	0.201087
0.573528	0.417761	0.711725
0.21341	0.924648	0.328672
0.188307	0.517856	0.844169
0.0760441	0.894755	0.446748
0.9949	0.0093167	0.132529
0.705619	0.187598	0.690708
0.614017	0.737944	0.285999
0.765718	0.209986	0.614723
0.734994	0.675914	0.102535
0.914629	0.0229889	0.407428
0.294025	0.469976	0.849897
0.894775	0.223505	0.388523
0.203903	0.327299	0.927488
0.620766	0.603735	0.514527
0.415408	0.11759	0.904187
0.518233	0.66652	0.540782
0.993901	0.0776142	0.0857436
0.710291	0.543861	0.452834
0.68779	0.639191	0.353896
0.774644	0.629665	0.161555
0.735876	0.598152	0.396543
6.1238e-17	1.00009	0
0.959092	0.0068326	0.290689
0.29883	0.404591	0.871754
0.391715	0.0861267	0.922106
0.283083	0.0742883	0.960486
0.0181844	0.371051	0.929648
0.474817	0.718214	0.510263
0.263716	0.18317	0.948923
0.105675	0.0297409	0.994785
0.995857	0.000172856	0.092387
0.0434552	0.886701	0.480506
0.662093	0.483574	0.584353
0.693501	0.680517	0.25158
0.846315	0.0647012	0.54151
0.45473	0.648426	0.639591
0.641446	0.720383	0.274899
0.951244	0.23073	0.218927
0.601445	0.304177	0.749471
0.799021	0.492945	0.360535
0.305582	0.901962	0.311958
0.273442	0.829978	0.486831
0.764507	0.351075	0.556542
0.327747	0.925147	0.196643
0.238165	0.122211	0.96756
0.113331	0.793552	0.606332
0.534641	0.644314	0.553885
0.311497	0.936784	0.178826
0.881974	0.263852	0.397707
0.431295	0.797777	0.438091
0.467206	0.850749	0.26812
0.142388	0.988206	0.146987
0.509599	0.723025	0.475887
0.579325	0.742621	0.338605
0.580757	0.177431	0.795951
0.393152	0.86515	0.330243
0.0486914	0.993544	0.140039
0.440621	0.168164	0.896453
0.75801	0.31742	0.571041
0.855729	0.353069	0.382059
0.0242148	0.0966168	0.997325
0.969349	0.21775	0.118419
0.747091	0.671611	0.0574526
0.543073	0.839647	0.110833
0.90634	0.395126	0.165228
0.745722	0.672455	0.0141082
0.559082	0.654793	0.530559
0.43249	0.651074	0.632879
0.374193	0.633201	0.680282
0.617126	0.275051	0.745089
0.365793	0.915157	0.185574
0.292	0.956569	0.0571982
0.408298	0.905405	0.154035
0.795179	0.224762	0.566247
0.992686	0.049108	0.195375
0.932265	0.05848	0.357409
0.857561	0.286959	0.430922
0.130709	0.882138	0.471126
0.664676	0.753941	0.0732798
0.500246	0.816877	0.298958
0.716696	0.271228	0.644842
0.311159	0.858443	0.424272
0.443401	0.322396	0.839784
0.193635	0.73759	0.654128
0.21566	0.773783	0.607031
0.775305	0.23665	0.601875
0.185393	0.552121	0.820144
0.981635	0.0784821	0.177526
0.757279	0.545178	0.361604
0.938143	0.387072	0.00321174
0.703951	0.506786	0.499191
0.896355	0.413865	0.163584
0.384329	0.511532	0.778414
0.709348	0.570151	0.416795
0.825803	0.332322	0.463787
0.360199	0.597987	0.722072
0.251756	0.694557	0.685226
0.065121	0.216442	0.976563
0.260366	0.958779	0.118419
0.156425	0.941834	0.32042
0.46499	0.102238	0.880614
0.315142	0.296041	0.914917
0.636675	0.0394561	0.773041
0.788923	0.573146	0.227097
0.744116	0.332871	0.592993
0.0964444	0.588113	0.806088
0.27604	0.828056	0.492155
0.212856	0.762792	0.620655
0.563631	0.639929	0.525864
0.486965	0.76066	0.44134
0.0406467	0.986264	0.3681
0.82814	0.560751	0.124953
0.73821	0.535406	0.412065
0.199806	0.00990002	0.980394
0.128411	0.899142	0.446938
0.163219	0.498891	0.853899
0.876162	0.425378	0.254036
0.242314	0.625592	0.746088
0.191756	0.984302	0.0289418
0.479466	0.715071	0.535016
0.418536	0.185657	0.896552
0.518435	0.580961	0.628483
0.482931	0.845939	0.229822
0.778945	0.402272	0.498998
0.368677	0.55501	0.756455
0.72103	0.0544037	0.696273
0.34284	0.945845	0.00518273
0.481645	0.845609	0.247416
0.292186	0.485281	0.836027
0.622849	0.257904	0.741889
0.682747	0.473767	0.579665
0.61301	0.801151	0.0470567
0.530557	0.747044	0.404089
0.675904	0.202204	0.716432
0.349513	0.526161	0.792027
0.0157547	0.497631	0.878086
0.65619	0.720963	0.259898
0.980624	0.174544	0.137612
0.354295	0.132758	0.939665
0.179047	0.659211	0.731307
0.595712	0.74157	0.341966
0.598828	0.615383	0.520355
0.793322	0.251971	0.580609
0.836855	0.260101	0.495966
0.529784	0.361859	0.780541
0.524775	0.53955	0.693966
0.119385	0.853988	0.535857
0.701284	0.118955	0.705219
0.984589	0.0607716	0.207822
0.535741	0.771151	0.348206
0.514725	0.248513	0.842892
0.330424	0.328583	0.889792
0.138887	0.243285	0.96179
0.265065	0.596371	0.768376
0.224078	0.855783	0.468005
0.86924	0.4509	0.23939
0.353435	0.135226	0.939839
0.528611	0.212725	0.826959
0.545549	0.738627	0.411305
0.00564781	0.115243	1.00009
0.680262	0.163639	0.718807
0.977549	7.82143e-142	0.239504
0.245815	0.609569	0.761377
0.00414534	0.752759	0.66114
0.398122	0.876087	0.294482
0.238979	0.91931	0.385169
0.250523	0.966341	0.118989
0.817879	0.14943	0.561482
0.213563	0.593803	0.791239
0.642469	0.286346	0.715895
0.809628	0.154454	0.570822
0.629245	0.752225	0.212579
0.550741	0.562551	0.667203
0.385227	0.370636	0.847701
0.580736	0.819117	0.067142
0.349007	0.607537	0.724716
0.645756	0.734457	0.211985
0.0784509	0.872276	0.495656
0.335825	0.6972	0.668801
0.840965	0.318257	0.456509
0.569507	0.175332	0.808109
0.0722278	0.975566	0.210558
0.89836	0.391646	0.204658
0.734676	0.327164	0.59754
0.172268	0.664363	0.734776
0.179175	0.0907813	0.984925
0.404161	0.6633	0.671279
0.183743	0.76945	0.616279
0.055397	0.437487	0.904271
0.543136	0.606738	0.611584
0.644001	0.440679	0.625912
0.81625	0.567543	0.148003
0.953418	0.20922	0.222696
0.157592	0.947883	0.301456
0.323846	0.945254	0.0851212
0.0579008	0.457261	0.903947
0.0671488	0.19544	0.982545
0.887542	0.470581	0.0410514
0.820251	0.145487	0.562587
0.72827	0.686535	6.85857e-07
0.0103241	0.905247	0.45018
0.135101	0.121827	0.990009
0.0914919	0.582486	0.815743
0.903982	0.447353	0.0473753
0.914386	0.359462	0.19204
0.135941	0.784975	0.606445
0.0859621	0.582792	0.815009
0.176057	0.0311563	0.985783
0.257279	0.585496	0.773629
0.507661	0.155099	0.857203
0.603774	0.297906	0.764363
0.786894	0.0616181	0.614891
0.168935	0.173605	0.978071
1.00001	0	0
6.12638e-17	1.00051	0
6.1501e-17	3.02504e-19	1.0044
0.864505	0.486408	0.131558
0.500355	0.493293	0.715371
0.343111	0.800851	0.494503
0.282747	0.852609	0.463798
0.0824108	0.360842	0.930119
0.652602	0.745748	0.177012
0.0687083	0.261572	0.968333
0.56386	0.8272	0.0670686
0.55295	0.599434	0.581803
0.459752	0.0740269	0.891376
0.542705	0.417319	0.731162
0.00564071	0.903218	0.486435
0.0618098	0.996866	0.0820707
0.0567133	0.631549	0.774499
0.664053	0.139128	0.750781
0.941809	0.151091	0.306141
0.881275	0.267239	0.399292
0.0139857	0.177656	0.986334
0.0952548	0.217391	0.973677
0.444277	0.31167	0.851587
0.588583	0.812598	0.0154416
0.120862	0.869634	0.50829
0.323877	0.520469	0.796434
0.740406	0.504051	0.456168
0.505598	0.253047	0.836
0.636874	0.759556	0.160688
0.167117	0.383084	0.914947
0.151622	0.341845	0.940436
0.759637	0.679302	0.0352743
0.241	0.536364	0.812272
0.826858	0.57502	0.0287249
0.0326241	0.287657	0.95984
0.68169	0.462188	0.568863
0.983263	0.189584	0.0216713
0.132867	0.372173	0.920882
0.732567	0.575819	0.387683
0.392588	0.640384	0.668175
0.511916	0.659256	0.557815
0.271501	0.841638	0.476542
0.353534	0.378013	0.86082
0.550695	0.595192	0.592009
0.887812	0.444961	0.151375
0.490897	0.436895	0.769488
0.214764	0.0539045	0.978932
0.716146	0.044931	0.702381
0.929797	0.369383	0.0405288
0.565555	0.0385972	0.826273
0.1063	0.0337284	0.995037
0.975166	0.0064576	0.244152
0.184533	0.985565	0.0499986
0.64061	0.237556	0.73759
0.956878	0.194767	0.221699
0.250779	0.958191	0.145584
0.574375	0.792983	0.214961
0.83974	0.519307	0.200487
0.27923	0.924787	0.287056
0.191077	0.800235	0.572075
0.311184	0.0670211	0.948798
0.76355	0.648924	0.0965386
0.0887989	0.918524	0.409454
0.174092	0.890692	0.440075
0.545376	0.103169	0.836671
0.715101	0.608135	0.356061
0.139306	0.752671	0.653079
0.75522	0.239628	0.636687
0.740222	0.669715	0.0820248
0.583624	0.515395	0.646864
0.818441	0.551788	0.200432
0.947211	0.281123	0.170771
0.404006	0.816017	0.431201
0.605207	0.730509	0.33831
0.267442	0.205653	0.947529
0.802522	0.544112	0.256648
0.510361	0.740049	0.447282
0.457172	0.388541	0.807542
0.0277161	0.331935	0.944503
0.995585	0.0815725	0.0915285
0.453929	0.484387	0.760645
0.717184	0.171246	0.692786
0.424065	0.409486	0.813363
0.812453	0.510036	0.29067
0.143978	0.989817	0.0537702
0.23267	0.615564	0.754987
0.364705	0.691135	0.630295
0.965657	0.196554	0.216398
0.979583	0.164104	0.120542
0.770505	0.274094	0.618396
0.620698	0.247956	0.747996
0.0422353	0.726165	0.688143
0.334699	0.867042	0.393322
0.9721	0.232114	0.104546
0.0922229	0.0226369	0.999183
0.0520342	0.839205	0.545099
0.634094	0.75624	0.18705
0.483977	0.838368	0.330763
0.174719	0.765363	0.625801
0.512937	0.783091	0.363001
0.375178	0.333906	0.878389
0.256396	0.967598	5.47994e-07
0.875584	0.265513	0.412239
0.0709208	0.909688	0.412866
0.412928	0.665308	0.631567
0.935067	0.296024	0.198202
0.476699	0.683237	0.556764
0.779568	0.445899	0.46049
0.626068	0.406108	0.687884
0.371151	0.873933	0.333112
0.222704	0.975126	0.0455455
0.379589	0.821645	0.426805
0.911671	0.225633	0.345809
0.127508	0.459253	0.883735
0.382577	0.900848	0.207159
0.0214332	0.961812	0.276198
0.338088	0.843345	0.419715
0.541193	0.304499	0.788997
0.320246	0.68341	0.659249
0.751113	0.667477	0.0749922
0.986191	0.160762	0.0745722
0.890033	0.30762	0.344648
0.39054	0.919589	0.122392
0.934682	0.359051	0.040771
0.613208	0.500914	0.642071
0.679	0.438458	0.615611
0.265171	0.701179	0.682852
0.248794	0.827509	0.520131
0.842909	0.0468447	0.549249
0.897038	0.146783	0.436381
0.792062	0.453045	0.451419
0.703513	0.478935	0.527145
0.522594	0.776114	0.36282
0.526119	0.084713	0.857777
0.0364035	0.531963	0.847932
0.684941	0.524097	0.529601
0.0219583	0.0914317	0.997306
0.616063	0.688199	0.403831
0.311084	0.936756	0.166697
0.498062	0.862766	0.119026
0.850923	0.13651	0.516232
0.30468	0.833624	0.47812
0.343908	0.941686	0.00643135
0.0718167	0.799738	0.598324
0.329897	0.872793	0.362536
0.211578	0.697906	0.692381
0.438522	0.867994	0.236855
0.184178	0.791966	0.587086
0.308205	0.797393	0.531742
0.0834602	0.929399	0.377157
0.821922	0.557266	0.182896
0.287235	0.947467	0.146277
0.78561	0.312102	0.536797
0.331884	0.908055	0.298739
0.347808	0.896897	0.294074
0.501828	0.858955	0.118858
0.876509	0.313997	0.373219
0.692889	0.228712	0.699878
0.2664	0.600623	0.769364
0.385153	0.74524	0.553902
0.297484	0.887041	0.370962
0.038811	0.567144	0.824747
0.436534	0.89858	0.0568763
0.372388	0.414402	0.83982
0.464624	0.114046	0.885738
0.78896	0.511889	0.352124
0.17798	0.976187	0.240343
0.19729	0.588282	0.79347
0.482952	0.78642	0.388178
0.703812	0.232264	0.675111
0.19547	0.561911	0.822764
0.302619	0.0619064	0.958712
0.858742	0.13827	0.51005
0.236018	0.703761	0.678792
0.278363	0.107068	0.955025
0.963028	0.116069	0.272549
0.592724	0.497452	0.642868
0.43386	0.879057	0.199055
0.539193	0.0209366	0.846725
0.915057	0.339329	0.229094
0.69493	0.397488	0.611794
0.0979988	0.762823	0.647266
0.458255	0.886685	0.111304
0.393594	0.322584	0.87358
0.177919	0.626112	0.762162
0.398666	0.0793239	0.915238
0.861782	0.0108581	0.51713
0.358487	0.304864	0.887028
0.647204	0.715063	0.2885
0.178852	0.783467	0.603613
0.767319	0.652128	0.000444653
0.397483	0.123421	0.911125
0.621178	0.246777	0.748006
0.203463	0.0703225	0.978313
0.771671	0.527976	0.382394
0.0832866	0.34472	0.936092
0.537795	0.350697	0.782981
1.00001	0	0
0.0589681	0.594667	0.808347
0.325453	0.905841	0.277898
0.769982	0.473699	0.440028
0.861446	0.507832	0.0627636
0.537847	0.0319381	0.855041
0.815629	0.265311	0.518935
0.463824	0.540227	0.718616
0.186987	0.546761	0.829852
0.827209	0.40831	0.396832
0.0287043	0.781216	0.626814
0.135536	0.649125	0.753087
0.216037	0.369433	0.918904
0.57265	0.465252	0.676938
0.50095	0.759012	0.419496
0.72572	0.171795	0.667505
0.447899	0.81775	0.381
0.646453	0.572836	0.522467
0.408361	0.233288	0.888479
0.509658	0.794417	0.337898
0.404183	0.516439	0.760734
0.298432	0.40126	0.875115
0.435158	0.153312	0.896789
0.975579	0.0974823	0.20127
0.653143	0.17784	0.739207
0.515766	0.856749	0.138683
0.846291	0.438899	0.314414
0.458504	0.223	0.864222
0.75417	0.38127	0.538694
0.668995	0.580664	0.473479
0.809823	0.0458416	0.588273
0.908866	0.211789	0.361208
0.65464	0.0138327	0.77342
0.213223	0.747626	0.634873
0.010266	0.468829	0.885912
0.551537	0.13303	0.824817
0.532013	0.298431	0.822721
0.341669	0.459394	0.831486
0.616113	0.770648	0.225933
0.493055	0.27996	0.835614
0.180484	0.0202684	0.98804
0.201057	0.639915	0.742425
0.847797	0.527788	0.0748137
0.752461	0.666182	0.0380015
0.987805	0.164	0.114192
0.624721	0.362751	0.692201
0.897151	0.00448766	0.452547
0.372818	0.069573	0.942176
0.722551	0.687972	0.0748573
0.0181405	0.954244	0.326886
0.632307	0.752264	0.18894
0.614196	0.553238	0.570099
0.889653	0.00311759	0.468285
0.512108	0.0557927	0.85878
0.580111	0.513165	0.644124
0.641335	0.0615975	0.777089
0.92808	0.245778	0.283628
0.567925	0.824457	0.0503462
0.737862	0.680669	0.0325359
0.828963	0.239124	0.508521
0.444138	0.216013	0.872511
0.975224	0.31683	0.0112499
0.0248647	0.622993	0.79768
0.830754	0.410657	0.392501
0.155935	0.522307	0.845947
0.472322	0.785873	0.403184
0.415417	0.0872057	0.910169
0.240482	0.843206	0.487112
0.606703	0.559409	0.574122
0.759701	0.66318	0.038802
0.850743	0.441208	0.292359
0.839867	0.415161	0.38286
0.0862953	0.87025	0.503188
0.982406	0.191746	0.102183
0.155315	0.396607	0.905903
0.741749	0.197368	0.653166
0.560528	0.318429	0.777542
0.912479	0.318409	0.270259
0.699705	0.390827	0.603999
0.564869	0.609326	0.56454
0.0382439	0.328612	0.955699
0.114436	0.973962	0.250562
0.407845	0.0729322	0.915899
0.381759	0.457515	0.803305
0.457219	0.755591	0.479214
0.277096	0.137246	0.956575
0.196108	0.624166	0.758935
0.425179	0.710191	0.566078
0.695264	0.374835	0.631813
0.318303	0.95495	0.0264394
0.586354	0.790462	0.199432
0.856126	7.1757e-08	0.531319
0.957416	0.303265	0.0860394
0.873686	0.483724	0.0957424
0.382659	0.204423	0.931519
0.425549	0.290902	0.859345
0.392466	0.698678	0.607998
0.918847	0.325768	0.258076
0.672215	0.413159	0.616614
0.744123	0.661382	0.120084
0.952476	0.259343	0.163395
0.312493	0.150916	0.946068
0.883802	0.45352	0.14141
0.837812	0.48642	0.301475
0.316652	0.949996	0.0686868
0.474491	0.8663	0.166545
0.482415	0.116358	0.869466
0.302123	0.167648	0.948977
0.0029993	0.861053	0.53438
0.877637	0.485911	0.0045394
0.991172	0.114219	0.0773827
0.574917	0.734232	0.375505
0.472953	0.863492	0.215344
0.174238	0.98628	0.152824
0.610441	0.337976	0.722029
0.799248	0.459766	0.434011
0.896116	0.429869	0.177068
0.101267	0.980893	0.237862
0.226925	0.651381	0.73257
0.959588	0.272912	0.147898
0.742578	0.186368	0.647176
0.738317	0.674188	0.111472
0.355587	0.0946159	0.938388
0.107825	0.994835	0.178379
0.674022	0.569916	0.479609
0.231569	0.723505	0.655854
0.260253	0.938923	0.274717
0.433006	0.811915	0.40336
0.977605	0.107844	0.189099
0.391061	0.123917	0.913724
0.256222	0.713147	0.657293
0.622836	0.56102	0.562172
0.206539	0.121765	0.97375
0.704035	0.717726	0.0310838
0.63858	0.588801	0.497491
0.295373	0.961872	0.131545
0.363028	0.614647	0.704764
0.805127	0.0455759	0.595487
0.0646585	0.591421	0.807427
0.365389	0.933046	1.29556e-06
0.985121	0.174911	0.10887
0.632444	0.694616	0.344222
0.142238	0.825491	0.553827
0.59002	0.738232	0.353973
0.243062	0.804239	0.5484
0.934215	0.22115	0.283617
0.964806	0.188311	0.19461
0.812717	0.0400776	0.584669
0.266223	0.96182	0.154939
0.946951	0.305088	0.125726
0.231596	0.775735	0.597785
0.07939	0.800613	0.596556
0.599758	0.354727	0.720016
5.37797e-17	0.878289	0.490086
0.780569	0.449021	0.447793
0.4375	0.893081	0.158191
0.786264	0.448432	0.435982
0.892538	0.325826	0.319931
0.72692	0.353795	0.605136
0.146548	0.0836696	0.986483
0.142699	0.82817	0.548536
0.316749	0.289548	0.928883
0.396634	0.706097	0.596606
0.895074	0.394166	0.231955
0.289645	0.884019	0.407054
0.107298	0.589948	0.812521
0.682766	0.655216	0.333689
0.162556	0.938257	0.348924
0.566475	0.139168	0.818928
0.710687	0.345894	0.633544
0.108981	0.996834	0.0184623
0.711239	0.610854	0.370086
0.265011	0.00571152	0.970957
0.347211	0.841347	0.419086
0.119088	0.896142	0.429171
0.411415	0.808223	0.436828
0.774652	0.206122	0.603333
0.968892	0.25284	0.068684
0.0827428	0.83722	0.557054
0.297319	0.968209	0.0999882
0.548495	0.469357	0.701986
0.255833	0.126463	0.96535
0.934461	0.299441	0.262277
0.619657	0.35981	0.709474
0.249777	0.240624	0.948508
0.0478928	0.984321	0.215367
0.489491	0.760922	0.438782
0.75823	0.651213	0.0473445
0.51915	0.844082	0.159261
0.0884799	0.910172	0.445108
0.271745	0.884118	0.405452
0.0475461	0.977194	0.24569
0.83533	0.423026	0.374268
5.59323e-17	2.77318e-17	1.01956
0.159638	0.967099	0.231282
0.720351	0.506605	0.481978
0.900424	0.186605	0.401389
0.86588	0.0568994	0.501122
0.793439	0.586648	0.210603
0.48479	0.879958	0.0193172
0.29848	0.953222	0.0658745
0.203068	0.982937	0.0510573
0.618704	0.782715	0.162591
0.352382	0.906529	0.264112
0.0720909	0.0532887	0.998482
0.0549447	0.906378	0.43634
0.50792	0.271005	0.831385
0.0966782	0.856704	0.510304
0.42003	0.663172	0.623734
0.584453	0.756194	0.331382
0.128063	0.917076	0.420743
0.864918	0.264768	0.448225
0.114756	0.6952	0.714127
0.932496	0.367448	0.0408806
0.331493	0.0630163	0.957831
0.633128	0.456566	0.632027
0.254801	0.383878	0.898254
0.916655	0.321321	0.255198
0.0606133	0.542143	0.841585
0.0791301	0.73168	0.678948
0.743396	0.594547	0.363521
0.1068	0.649794	0.759968
0.263496	0.685293	0.689622
0.405771	0.740301	0.540403
0.376296	0.928362	0.0288048
0.13332	0.500112	0.873344
0.191006	0.763559	0.625394
0.332975	0.179802	0.931162
0.914719	0.16265	0.374592
0.8236	0.0389484	0.575804
0.5245	0.869772	0.0195259
0.291429	0.794837	0.554519
0.309852	0.944068	0.179084
0.184724	0.641711	0.747515
0.0235561	0.89379	0.458545
0.976077	0.19754	0.11815
0.943247	0.0875648	0.346344
0.560076	0.414001	0.721125
0.762054	0.124716	0.640802
0.807467	0.306604	0.511237
0.647847	0.773329	0.0871019
0.0133238	0.421888	0.923969
0.465262	0.836565	0.301401
0.781586	0.56088	0.290338
0.538164	0.810847	0.242501
0.648967	0.490311	0.595399
0.0588948	0.544574	0.83816
0.967049	0.235994	0.104927
0.515958	0.657181	0.588782
0.844314	0.551284	0.00381938
0.816728	0.579926	0.0320154
0.580114	0.470572	0.681827
0.342497	0.400703	0.851712
0.627224	0.147697	0.785614
0.333387	0.945843	0.131372
0.191099	0.785161	0.610695
0.848053	0.277102	0.464115
0.312498	0.680829	0.669601
0.771103	0.613843	0.205093
0.116541	0.706013	0.70663
0.512403	0.693139	0.516468
0.730294	0.330152	0.600492
0.683697	0.738249	0.0886681
0.242373	0.671423	0.70772
0.448547	0.112264	0.893171
0.195103	0.975867	0.146292
0.589315	0.745534	0.342418
0.955904	0.299343	0.111522
0.234048	0.877805	0.442114
0.769689	0.620587	0.188081
0.520132	0.169953	0.845368
0.972513	0.0454525	0.249398
0.00677051	0.430747	0.943019
0.275566	0.95729	0.12807
0.642872	0.22535	0.739105
0.657834	0.470099	0.602578
0.37414	0.20197	0.908439
0.910404	9.51163e-07	0.427482
0.595669	0.634588	0.52251
0.217826	0.356902	0.915268
0.987759	2.59297e-261	0.159449
0.570346	0.240804	0.806069
0.804539	0.526152	0.281655
0.310219	0.951973	0.0721527
0.222	0.81702	0.541959
0.457055	0.07309	0.903415
0.823184	0.340458	0.474809
0.48214	0.803593	0.384211
0.994945	0.0694686	0.0958399
0.124645	0.623451	0.779834
0.0760252	0.707636	0.706225
0.542277	0.770717	0.338919
0.399025	0.92023	0.0196126
0.237424	0.015963	0.974334
0.855596	0.458231	0.275968
0.798028	0.101246	0.598474
0.776531	0.618164	0.202981
0.923534	0.191394	0.362973
0.18052	0.827374	0.534878
0.268376	0.378869	0.902873
0.0152838	0.579915	0.81919
0.59635	0.495629	0.643407
0.145738	0.518563	0.865541
0.49684	0.346346	0.803156
0.65232	0.778667	0.0488713
0.082973	0.461955	0.892564
0.753159	0.310276	0.608396
0.908867	0.119496	0.413104
0.285979	0.8501	0.470233
0.477977	0.808605	0.391737
0.942952	0.295287	0.180836
0.888283	0.209171	0.454324
0.906738	0.226123	0.389735
0.036465	0.935186	0.381221
0.249854	0.441662	0.881228
0.13407	0.922704	0.379794
0.874068	0.285602	0.416561
0.0447483	0.97517	0.244654
0.698933	0.65142	0.312451
0.382225	0.517045	0.770438
0.28137	0.00119881	0.980326
0.936074	0.217522	0.282691
0.674642	0.0238276	0.750838
0.471561	0.714826	0.53033
0.66301	0.218191	0.7214
0.931619	0.311801	0.192842
0.946542	0.191563	0.270258
0.19388	0.20935	0.968218
0.223763	0.564343	0.797067
0.704133	0.0332691	0.722962
0.108475	0.997656	0.0404386
0.690177	0.159617	0.726734
0.949879	0.0946832	0.334551
0.92049	0.380702	0.139247
0.883543	0.476957	0.0500685
0.788983	0.259647	0.561681
0.793864	0.600572	0.139153
0.414516	0.589556	0.699203
0.613812	0.0778741	0.78886
0.156798	0.949894	0.283352
0.36262	0.00931101	0.94899
0.17547	0.804228	0.570486
0.717228	0.435583	0.549511
0.831091	0.448643	0.354235
0.319427	0.677414	0.669446
0.0300446	0.284108	0.959768
0.735769	0.163934	0.663548
0.729024	0.300417	0.638198
0.710399	0.534276	0.476903
0.182158	0.971865	0.198217
0.603712	0.47855	0.650745
0.0151451	0.143215	0.991457
0.151825	0.0809059	0.987007
0.392374	0.558064	0.737023
0.571527	0.37323	0.735424
0.163443	0.990152	0.0112232
0.505239	0.120577	0.861219
0.89699	0.132529	0.457343
0.239558	0.721495	0.657956
0.152074	0.985606	0.100671
0.346237	0.832754	0.455427
0.941556	0.321795	0.126158
0.815166	0.555673	0.190392
0.608989	0.398247	0.692369
0.611324	0.389785	0.700708
0.499961	0.128565	0.859183
0.856441	0.275651	0.445833
0.171962	0.00905402	0.987946
0.620477	0.427887	0.662375
0.243746	0.407135	0.884918
0.704463	0.656574	0.307632
0.0939128	0.571387	0.821283
0.553217	0.779069	0.31941
0.90737	0.23113	0.353816
0.950529	0.313986	0.113041
0.988362	0.133812	0.0958411
0.282452	0.716902	0.650881
0.707076	0.50741	0.503038
0.401564	0.603077	0.699733
0.75228	0.103606	0.657225
0.549725	0.28317	0.789035
0.569096	0.257278	0.804161
0.560053	0.389827	0.735172
0.017218	0.653302	0.77452
0.225914	0.350728	0.911963
6.1238e-17	1.00009	0
6.15186e-17	5.97157e-20	1.00468
0.566222	0.632321	0.530099
0.833984	0.235538	0.541229
0.851559	0.141204	0.509703
0.606304	0.0781163	0.797195
0.823731	0.579335	0.042045
0.911794	0.411169	0.0303167
0.684863	0.403047	0.613777
0.975294	1.08786e-05	0.223886
0.504634	0.853216	0.175197
0.0477942	0.864588	0.502769
0.331264	0.135225	0.934821
0.250515	0.871976	0.425596
0.19611	0.707829	0.688349
0.803434	0.599252	0.0119494
0.960834	0.227957	0.18245
0.447177	0.891635	0.0835509
0.735951	0.12528	0.667371
0.224995	0.914349	0.351681
0.290776	0.95561	0.0750355
0.938955	0.211421	0.278766
0.878163	0.113143	0.475145
0.872356	0.311292	0.395348
0.235349	0.805915	0.550345
0.793004	0.0201523	0.611867
0.8047	0.513662	0.318008
0.0602106	0.522364	0.85752
0.712623	0.0460857	0.703915
0.00841389	0.780301	0.63556
0.32034	0.194263	0.93022
0.21827	0.977189	0.135774
0.951182	0.237996	0.213647
0.261601	0.339775	0.904327
0.0132225	0.441503	0.898391
0.810982	0.0728343	0.582978
0.659921	0.717475	0.310676
0.621503	0.72321	0.308169
0.955985	0.239198	0.203823
0.632114	0.703571	0.331744
0.371177	0.642406	0.673543
0.254861	0.904833	0.35127
0.15006	0.0290019	0.99544
0.279362	0.958416	0.14245
0.0645342	0.559874	0.832259
0.488054	0.610443	0.628491
0.385782	0.462191	0.825113
0.782602	0.221813	0.587746
0.845527	0.108938	0.541763
0.0320189	0.28794	0.959715
0.335325	0.44586	0.851981
0.0400334	0.387476	0.921746
0.308155	0.0892809	0.952081
0.166551	0.585128	0.797179
0.626655	0.773251	0.121064
0.363366	0.824905	0.438137
0.309588	0.84077	0.445718
0.126897	0.341461	0.932315
0.451809	0.805665	0.404423
0.112406	0.394904	0.913667
0.538377	0.218634	0.819326
0.979247	0.208485	0.0467622
0.67614	0.653702	0.359005
0.23278	0.0456542	0.972265
0.688132	0.684992	0.25716
0.204871	0.883835	0.430348
0.723269	0.500933	0.496515
0.169381	0.482177	0.864708
0.764406	0.0157166	0.644748
0.702376	0.72025	0.0534636
0.868293	0.314273	0.386993
0.768166	0.308514	0.566211
0.368589	0.899543	0.238912
0.500435	0.830173	0.252938
0.380454	0.915134	0.159505
0.0724857	0.801554	0.621574
0.591161	0.00568	0.809717
0.672835	0.694995	0.267085
0.386717	0.737087	0.562785
0.650591	0.757209	0.0885654
0.987169	0.168044	0.0186067
0.404568	0.248634	0.887062
0.394273	0.129178	0.923247
0.0187105	0.877806	0.485307
0.880443	0.0305206	0.488674
0.369219	0.901083	0.237515
0.517379	0.526571	0.682974
0.918297	0.368726	0.150485
0.358753	0.638387	0.696883
0.298946	0.347937	0.891857
0.993066	0.0639578	0.109968
0.437523	0.279283	0.862363
0.429604	0.309078	0.850581
0.00432994	0.677132	0.746158
0.680773	0.132488	0.732776
0.420665	0.801793	0.433554
0.40276	0.787209	0.474735
0.810393	0.554508	0.193218
0.524904	0.178287	0.834907
0.0399808	0.373387	0.944522
0.820423	0.0736822	0.569637
0.347087	0.73309	0.598272
0.697969	0.651831	0.337453
0.0775572	0.644545	0.769824
0.574102	0.455195	0.686634
0.737149	0.503615	0.459625
0.762042	0.306055	0.575466
0.894578	0.44698	0.0281215
0.786886	0.25838	0.579168
0.657958	0.25414	0.724804
0.60038	0.469151	0.664139
0.413399	0.770864	0.486573
0.27434	0.925251	0.300514
0.530876	0.856932	0.0709541
0.344438	0.934527	0.140501
0.397464	0.92018	0.01195
0.548872	0.169818	0.837166
0.595323	0.809732	0.09699
0.789312	0.292538	0.555323
0.180762	0.529782	0.832608
0.0254441	0.759674	0.656264
0.190421	0.668989	0.722502
0.859651	0.239035	0.46479
0.667047	0.0919371	0.752152
0.485882	0.490544	0.7303
0.177042	0.518878	0.839439
0.109326	0.144131	0.987434
0.560643	0.626091	0.544876
0.217483	0.950672	0.248933
0.754468	0.659151	0.0518714
0.681365	0.380272	0.630345
0.119876	0.996235	0.0714286
0.315219	0.203324	0.931372
0.505014	0.744246	0.453108
0.261295	0.965309	0.11548
0.928568	0.160417	0.343338
0.301615	0.189843	0.942294
0.544913	0.647787	0.572334
0.119899	0.800127	0.596764
0.971353	0.270095	0.042093
0.0791544	0.152383	0.988179
0.591674	0.326091	0.740678
0.746856	0.520101	0.420367
0.191277	0.816926	0.557053
0.291439	0.961268	0.0604104
0.581649	0.790226	0.325979
0.212467	0.970246	0.15331
0.512344	0.860465	0.0957614
0.606539	0.297177	0.740507
0.88885	0.467384	0.0625433
0.278112	0.918353	0.291868
0.751067	0.656179	0.104481
0.080143	0.358799	0.93971
0.0890443	0.98466	0.15912
0.510602	0.824205	0.269736
0.0708766	0.632814	0.782092
0.447846	0.53524	0.717152
0.731327	0.0365983	0.684805
0.666666	0.430016	0.611914
0.209409	0.0407539	0.983006
0.48119	0.166132	0.86711
0.460951	0.103926	0.88269
0.572448	0.197284	0.819317
0.349174	0.663187	0.708538
0.501676	0.848214	0.179171
0.267164	0.57285	0.787538
0.00282104	0.766639	0.646499
0.477563	0.780648	0.409637
0.379155	0.916857	0.157633
0.944785	0.265647	0.195721
0.103457	0.184097	0.983095
0.161416	0.569064	0.810164
0.520325	0.863481	0.00519195
0.142186	0.41897	0.899893
0.965043	0.262848	0.105475
0.595866	0.762632	0.261723
0.274789	0.926765	0.296844
0.107262	0.302074	0.951265
0.707186	0.0112421	0.709683
0.636992	0.774377	0.0889549
0.691894	0.496054	0.531696
0.461963	0.473719	0.759562
0.409912	0.026652	0.914084
0.557937	0.196291	0.833964
0.646382	0.764408	0.0246585
0.082321	0.20156	0.97807
0.473637	0.874086	0.129247
0.61851	0.584615	0.532528
0.868741	0.343137	0.363733
0.216617	0.944546	0.257301
0.725925	0.502773	0.494244
0.356324	0.747651	0.569067
0.0953243	0.73209	0.685546
4.66315e-17	4.13545e-17	1.01788
0.73653	0.478793	0.487161
0.757093	0.304983	0.594697
0.930921	0.371275	3.69268e-07
0.787865	0.427648	0.516003
0.881198	0.328816	0.340629
0.415251	0.682616	0.608168
0.144096	0.981993	0.126266
0.442104	0.169724	0.888939
0.306002	0.846476	0.452564
0.0501495	0.42047	0.907654
0.992251	0.0425192	0.143633
0.767823	0.312533	0.566832
0.470799	0.640984	0.625194
0.945028	0.277339	0.188001
0.722065	0.288265	0.649519
0.485451	0.552918	0.678134
0.693607	0.0855695	0.732109
0.899091	0.110624	0.441766
0.0700782	0.596054	0.802655
0.711926	0.091517	0.711233
0.486231	0.193856	0.85725
0.288538	0.397269	0.877363
0.829668	0.248774	0.506058
0.0150681	0.405135	0.920748
0.474429	0.885904	0.101553
0.431054	0.451261	0.78422
0.0449316	0.944307	0.350918
0.492519	0.516981	0.702164
0.29365	0.392344	0.873777
0.05584	0.99291	0.189825
0.86372	0.0808308	0.5017
0.98733	0.096386	0.134067
0.82434	0.213642	0.526943
0.888802	0.361775	0.306179
0.636875	0.75767	0.230301
0.141142	0.0164049	0.996356
0.735022	0.584361	0.345246
0.854726	0.355218	0.393785
0.861103	0.467401	0.325216
0.758726	0.13951	0.638953
0.0856765	0.388083	0.922861
0.280551	0.00696153	0.97322
0.0283031	0.999242	0.0579269
0.0324294	0.53425	0.865698
0.603018	0.338481	0.72452
0.26861	0.703649	0.663123
0.764547	0.311199	0.575432
0.801538	0.434763	0.413389
0.162194	0.734678	0.663355
0.698652	0.206897	0.687912
0.357928	0.492807	0.798912
0.261534	0.151477	0.955941
0.767208	0.609949	0.20315
0.997063	0.0612382	0.0546746
0.590927	0.240529	0.776856
0.392449	0.854177	0.363971
0.158234	0.178659	0.974835
0.704323	0.654746	0.276268
0.432095	0.399511	0.819845
0.608217	0.56002	0.563739
0.156902	0.133214	0.984943
0.423515	0.673495	0.625415
0.272434	0.50451	0.825561
0.793364	0.468772	0.40363
0.385233	0.891079	0.249246
0.350812	0.100396	0.933994
0.553497	0.633253	0.542317
0.404622	0.728105	0.587272
0.570576	0.157107	0.806672
0.380922	0.92236	0.0848318
0.517758	0.809923	0.316275
0.374927	0.909576	0.212237
0.461758	0.805454	0.38713
0.456328	0.636062	0.643944
0.645564	0.675121	0.360904
0.495851	0.743111	0.488681
0.333998	0.951223	0.0241448
0.110993	0.879453	0.468079
0.566695	0.842066	0.0023755
0.496532	0.768156	0.434339
0.194939	0.86877	0.465567
0.955617	0.254359	0.238619
0.68029	0.44746	0.598292
0.558223	0.299091	0.775075
0.729244	0.459496	0.510891
0.9171	0.323733	0.272866
0.194207	0.96867	0.243063
0.538136	0.662771	0.573034
0.365842	0.93567	0.0431163
0.597358	0.653542	0.475579
0.529167	0.69419	0.499214
0.306651	0.283526	0.913462
0.172873	0.64936	0.760575
0.54817	0.753346	0.368405
0.600167	0.713999	0.463836
0.0655994	0.120887	0.994237
0.32417	0.484051	0.826018
0.0807114	0.959505	0.276103
0.229043	0.955323	0.224176
0.400224	0.203223	0.899009
0.498333	0.74683	0.480396
0.924528	0.348172	0.159235
0.361574	0.898826	0.292012
0.562498	0.626684	0.555773
0.838351	0.25824	0.488109
0.446708	0.826066	0.348593
0.332574	0.0923196	0.939533
0.0344571	0.567657	0.835685
0.468202	0.867139	0.182034
0.105556	0.442604	0.895924
0.242384	0.069366	0.969059
0.184979	0.925662	0.332915
0.638904	0.765571	0.116798
0.251721	0.973492	0.000359235
0.246319	0.971335	0.0439471
0.39921	0.835814	0.382889
0.247379	0.954341	0.170655
0.986564	0.105211	0.128768
0.506352	0.5315	0.697954
0.512279	0.814371	0.314065
0.0299501	0.629449	0.787385
0.32201	0.776155	0.559702
0.585464	0.768044	0.281989
0.125832	0.064684	0.992092
0.929597	0.315005	0.22717
0.968076	0.0382812	0.310895
0.467844	0.525198	0.717424
0.485797	0.793074	0.37259
0.962685	0.285087	0.00813537
0.523004	0.711232	0.481438
0.164724	0.615667	0.774477
0.220193	0.930759	0.305988
0.0570762	0.981715	0.211363
0.235334	0.620723	0.753603
0.873235	0.0678352	0.521784
0.947	0.271319	0.188043
0.804782	0.232667	0.553662
0.615385	0.345422	0.710881
0.224191	0.579256	0.796303
0.397246	0.918464	0.0873116
0.129404	0.510436	0.851865
0.475963	0.881512	0.010343
0.973388	0.0384913	0.301768
0.0538586	0.926371	0.377237
0.397082	0.926213	0.0680372
0.60569	0.556637	0.572812
0.672225	0.181945	0.744501
0.202608	0.902948	0.385868
0.370977	0.0295927	0.928663
0.725201	0.0547404	0.691999
0.847582	0.340416	0.422663
0.726904	0.458021	0.521082
0.204788	0.0233751	0.986342
0.527652	0.137648	0.843394
0.577304	0.163545	0.804693
0.3392	0.0256039	0.94417
0.308714	0.26214	0.919797
0.227762	0.193376	0.960258
0.684062	0.731514	0.0135054
0.395248	0.914244	0.11404
0.809663	0.531705	0.262398
0.813688	0.0351342	0.583999
0.807799	0.530437	0.271378
0.215342	0.401798	0.897596
0.344145	0.943537	0.0404016
0.338562	0.819347	0.468137
0.805119	0.53836	0.262397
0.313293	0.469395	0.830391
0.644797	0.751978	0.150185
0.578035	0.786744	0.31869
0.0116308	0.59972	0.802217
0.352772	0.0281406	0.936316
0.448648	0.863164	0.252357
0.911234	0.112118	0.435974
0.655756	0.231479	0.738476
0.67555	0.432371	0.60583
0.316411	0.110237	0.949143
0.285878	0.157688	0.950246
0.848731	0.355632	0.417183
0.235375	0.12767	0.965181
0.623168	0.219401	0.767428
0.377183	0.891945	0.320222
0.297084	0.571567	0.772199
0.37474	0.190269	0.928254
0.182522	0.0543616	0.982168
0.651714	0.71597	0.254816
0.819076	0.444275	0.366159
0.57429	0.325829	0.757808
0.104062	0.845177	0.538473
0.37163	0.859614	0.362611
0.534257	0.147107	0.833998
3.75123e-33	6.12622e-17	1.00049
0.717447	0.723095	0
0.121484	0.891877	0.453793
0.286755	0.951109	0.153067
0.554118	0.688759	0.474388
0.570247	0.820095	0.101025
0.363338	0.884198	0.301843
0.912382	0.024507	0.419767
0.343597	0.429143	0.836773
0.77577	0.00926417	0.633552
0.296672	0.869145	0.42392
0.604712	0.088827	0.792842
0.932735	0.280767	0.2674
0.765269	0.647853	0.0513429
0.722517	0.0133351	0.707426
0.790526	0.386518	0.491744
0.221781	0.988505	0.0392499
0.827595	0.40265	0.407192
0.638357	0.680434	0.371572
0.279253	0.138378	0.953251
0.61698	0.313036	0.725136
0.91871	0.25191	0.313945
0.313802	0.586442	0.75519
0.896048	0.463797	0.054465
0.13822	0.956051	0.279359
0.888685	0.142216	0.440764
0.265557	0.331673	0.906654
0.394598	0.755951	0.527182
0.399872	0.186375	0.898373
0.984752	0.144652	0.173645
0.253596	0.148888	0.966967
0.868864	0.388281	0.331998
0.969447	0.266462	0.00356189
0.386785	0.0475399	0.928901
0.504143	0.5679	0.659358
0.167238	0.580122	0.799202
0.48914	0.52241	0.700594
0.408449	0.806368	0.43451
0.173289	0.979537	0.163458
0.325149	0.605768	0.740476
0.0448354	0.943913	0.351911
0.534376	0.563714	0.649945
0.96365	0.12616	0.249585
0.263391	0.962653	0.0826785
0.155319	0.838286	0.526192
0.242056	0.898171	0.373946
0.450369	0.243381	0.862912
0.698331	0.15905	0.704961
0.843394	0.532283	0.0925265
0.980977	0.182657	0.120522
0.210364	0.491848	0.849269
0.810351	0.0612946	0.595798
0.176873	0.733703	0.672079
0.994511	0.135258	0.00830951
0.805379	0.203841	0.571832
0.367406	0.85702	0.366578
0.0523001	0.644393	0.771731
0.694819	0.340384	0.642577
0.822265	0.131587	0.561708
0.0147989	0.76356	0.664293
0.610816	0.806037	0.0215952
0.428208	0.701228	0.578391
0.566979	0.208777	0.815371
0.139239	0.197865	0.973268
0.102734	0.826281	0.557061
0.356431	0.915641	0.226054
0.186065	0.527267	0.832581
0.242204	0.448524	0.860931
0.762571	0.35628	0.542197
0.95793	0.268945	0.1112
0.473512	0.8641	0.183915
0.127988	0.879615	0.480265
0.493053	0.255357	0.845156
0.732631	0.010401	0.692327
0.304192	0.622558	0.724368
0.233005	0.440601	0.868333
0.911581	0.235462	0.338703
0.0710361	0.642278	0.765358
0.0329548	0.0940238	0.997249
0.207905	0.926659	0.321281
0.886679	0.476074	0.0292215
0.825062	0.417615	0.397857
0.705515	0.713918	0.0702832
0.852184	0.53343	0.0125839
0.214289	0.783357	0.587975
0.458818	0.241635	0.874093
0.0265018	0.62968	0.784317
0.133416	0.657626	0.744774
0.836542	0.55048	0.0929068
0.405837	0.0617058	0.918148
0.717399	0.35343	0.618475
0.0662454	0.944062	0.330152
0.112434	0.967596	0.2395
0.383657	0.804365	0.510611
0.580017	0.790702	0.212604
0.866264	0.542244	0.0109408
0.665165	0.708981	0.257324
0.709681	0.42791	0.582247
0.133769	0.875987	0.488536
0.697044	0.342702	0.638068
0.170249	0.930837	0.347695
0.361704	0.852801	0.408491
0.409314	0.905403	0.135988
0.099141	0.797382	0.59974
0.258078	0.0351427	0.972842
0.0797194	0.594394	0.801509
0.902127	0.260161	0.346305
0.636415	0.499987	0.605532
0.52322	0.691339	0.503018
0.835566	0.414049	0.362879
0.655831	0.138002	0.74884
0.124287	0.986731	0.126956
0.634134	0.71057	0.305585
0.832198	0.421616	0.381195
0.562444	0.800935	0.222146
0.415334	0.217109	0.886248
0.591311	0.75973	0.275297
0.392352	0.0674422	0.925789
0.197322	0.305013	0.935817
0.928149	0.287257	0.249511
0.755953	0.378414	0.544569
0.261862	0.957266	0.144111
0.743555	0.431883	0.517638
0.449911	0.00547718	0.894509
0.0579836	0.823462	0.573884
0.00814297	0.177427	0.988485
0.190893	0.295076	0.940759
0.661424	0.749655	0.0611971
0.14614	0.298209	0.945771
0.938781	0.0400557	0.34662
0.0383333	0.910792	0.416206
0.738034	0.239779	0.633701
0.587022	0.698061	0.416424
0.859814	0.514336	0.0701572
0.846333	0.214207	0.502744
0.390735	0.916964	0.116433
0.799065	0.200371	0.579724
0.680943	0.334415	0.659879
0.441369	0.843837	0.313838
0.125279	0.633463	0.774529
0.181452	0.577077	0.800771
0.00927492	0.768842	0.652767
0.273654	0.891526	0.365532
0.0861666	0.84301	0.545873
0.147727	0.0784871	0.992568
0.695966	0.402656	0.610433
0.857872	0.419446	0.321746
0.511104	0.0726288	0.859462
0.419441	0.776055	0.492969
0.180364	0.111471	0.97988
0.704264	0.0393886	0.714835
0.947927	0.240497	0.260026
0.701329	0.366779	0.612066
0.270391	0.503752	0.821835
0.526644	0.184133	0.830752
0.33458	0.055574	0.945187
0.216447	0.964732	0.189002
0.612291	0.310657	0.73836
0.31048	0.104935	0.948958
0.515693	0.665514	0.566898
0.197222	0.557805	0.820179
0.575792	0.742452	0.384977
0.0469831	0.884645	0.475409
0.385646	0.509721	0.776878
0.626869	0.773631	0.115204
0.483365	0.867682	0.135934
0.951266	0.285385	0.200048
0.726919	0.352261	0.596547
0.560862	0.29091	0.786286
0.329875	0.374749	0.869789
0.376279	0.916635	0.148266
0.298434	0.962257	0.0662861
0.667746	0.741563	0.174144
0.10731	0.305487	0.948996
0.926945	0.140256	0.362586
0.0846314	0.120208	0.99207
0.955642	0.274285	0.130869
0.505577	0.538903	0.678825
0.577476	0.830323	0.0609323
0.644943	0.74328	0.215842
0.528284	0.756073	0.39135
0.126695	0.672702	0.739858
0.759295	0.180576	0.647821
0.204836	0.478924	0.858736
0.906971	0.423252	0.0284367
0.471056	0.859618	0.205492
0.121318	0.975748	0.194583
0.0206399	0.428052	0.908726
0.749343	0.369362	0.562675
0.541722	0.263564	0.805241
0.671063	0.746569	0.0932949
0.223847	0.79372	0.567639
0.11597	0.998023	0.000116088
0.473472	0.627725	0.625333
0.130289	0.971442	0.204414
