1.46097e-17	6.01866e-17	1.01147
0.295204	0.0604641	0.954857
0.221261	0.72683	0.656387
0.947674	0.0435583	0.341686
0.706441	0.366321	0.611603
0.983608	0.0989928	0.175391
0.991199	0.024545	0.148056
0.909045	0.118563	0.421984
0.898435	0.112236	0.43525
0.456825	0.429832	0.781093
0.688788	0.0770705	0.737328
0.522038	0.854542	0.0683131
0.108373	0.156446	0.984249
0.6549	0.52209	0.547239
0.968934	0.0207606	0.252145
0.691486	0.0514964	0.728059
0.639905	0.753231	0.158024
0.394787	0.714392	0.609033
0.130765	0.662095	0.749165
0.581993	0.128037	0.809399
0.76663	0.579874	0.289548
0.213403	0.57642	0.803465
0.400658	0.91275	0.0900339
0.817	0.0969562	0.587196
0.290597	0.957899	0.0682876
0.23426	0.879172	0.466535
0.468855	0.00308278	0.884441
0.333063	0.317339	0.917351
0.95612	0.310958	0.0801513
0.104579	0.948144	0.327384
0.407932	0.81634	0.412939
0.532655	0.848058	0.0749004
0.148641	0.479829	0.866494
0.0940262	0.962543	0.261175
0.0491273	0.970701	0.245786
0.369786	0.340024	0.879053
0.0741965	0.928247	0.379793
0.617581	0.245535	0.750558
0.675227	0.207367	0.7089
0.124159	0.190064	0.979165
0.16961	0.33573	0.936046
0.920952	0.321246	0.225493
0.0145398	0.981945	0.237242
0.182148	0.506215	0.851061
0.563421	0.804033	0.266438
0.203616	0.871203	0.481172
0.33921	0.236682	0.924812
0.709806	0.255152	0.668597
0.0591241	0.783564	0.644144
0.436061	0.371348	0.830537
0.142699	0.860576	0.519545
0.0296837	0.611314	0.792707
0.446754	0.695744	0.569787
0.647883	0.013205	0.764794
0.113845	0.168428	0.980149
0.64611	0.676659	0.385967
0.547929	0.836514	0.0554621
0.512594	0.813291	0.282083
0.79269	0.538111	0.292758
0.827438	0.550677	0.123391
0.411916	0.891753	0.197649
0.041731	0.510627	0.860472
0.882552	0.445074	0.208501
0.903086	0.394967	0.185882
0.240607	0.930586	0.282035
0.265635	0.965379	0.0256107
0.959878	0.032438	0.296366
0.363813	0.68393	0.640605
0.935819	0.179785	0.327054
0.000932571	0.118114	0.995438
0.201844	0.384183	0.908241
0.88379	0.471942	0.173062
0.228247	0.702484	0.680702
0.568945	0.0675187	0.832417
0.0678027	0.939074	0.381005
0.929571	0.0873244	0.367327
0.306673	0.539951	0.784957
0.230834	0.406423	0.89071
0.666028	0.526932	0.531565
0.193696	0.451189	0.875948
0.235996	0.770515	0.594243
0.925238	0.322741	0.220339
0.902595	0.358741	0.273049
0.945368	0.229852	0.235033
0.889993	0.0980438	0.446625
0.574757	0.75851	0.317048
0.784501	0.627197	0.136315
0.452085	0.587649	0.677432
0.725849	0.10812	0.696239
0.81199	0.357471	0.494026
0.347394	0.330994	0.910848
0.729737	0.214621	0.651008
0.471382	0.897211	0.0171316
0.557935	0.642426	0.52939
0.151968	0.634945	0.762942
0.424841	0.306338	0.854497
0.385906	0.744699	0.550633
0.500138	0.198768	0.844652
0.122134	0.277181	0.95981
0.876588	0.456977	0.207596
0.914113	0.445671	0.00706566
0.448514	0.646316	0.634563
0.741814	0.61678	0.331715
0.278679	0.546219	0.799636
0.607053	0.789086	0.127625
0.140973	0.868979	0.490405
0.900463	0.422244	0.110467
0.343114	0.593426	0.734031
0.486517	0.144391	0.877151
0.802186	0.544557	0.25225
0.736107	0.323504	0.624887
0.376129	0.19102	0.9147
0.316619	0.557462	0.772301
0.53775	0.820974	0.207022
0.626263	0.0262584	0.780548
0.676503	0.219953	0.703816
0.17883	0.34599	0.927539
0.251238	0.828159	0.507507
0.389783	0.774365	0.50893
0.353214	0.70316	0.645043
0.471694	0.792609	0.398042
0.309414	0.619219	0.726288
0.340632	0.895116	0.301034
0.932996	0.370797	0.100191
0.856777	0.453455	0.248827
0.860389	0.1613	0.487532
0.319147	0.756711	0.57757
0.487875	0.151471	0.868102
0.378076	0.705956	0.623488
0.268244	0.224674	0.940674
0.697985	0.665033	0.309708
0.188589	0.524116	0.837328
0.772489	0.640306	0.0399307
0.00707904	0.710822	0.722467
0.928578	0.285691	0.241651
0.38003	0.764193	0.524776
0.506643	0.790334	0.346222
0.024726	0.800689	0.601048
0.0343647	0.629479	0.778972
0.71875	0.545255	0.448376
0.249547	0.759754	0.603474
0.165432	0.994579	0.00470683
0.822492	0.549242	0.210478
0.0838528	0.998214	0.0353689
0.619191	0.78745	0.0453098
0.829012	0.567765	0.0399879
0.388414	0.903278	0.195532
0.459663	0.874584	0.241953
0.302901	0.919513	0.311005
0.265216	0.0814495	0.961709
0.550925	0.266131	0.799782
0.809067	0.53291	0.252054
0.752979	0.665272	5.10179e-05
0.894063	0.420546	0.163567
0.591218	0.462568	0.662999
0.426616	0.606873	0.687998
0.425931	0.605899	0.690823
0.392233	0.197422	0.904382
0.840946	0.272603	0.472473
0.750226	0.623774	0.293643
0.273152	0.942312	0.206956
0.83195	0.0291528	0.557351
0.0874345	0.998159	0.0353778
0.0548661	0.378674	0.926542
0.315332	0.518084	0.823784
0.261056	0.860524	0.45921
0.491123	0.145758	0.860415
0.670031	0.497328	0.554779
0.542761	0.830395	0.170624
0.243629	0.483453	0.845189
0.512231	0.738133	0.459766
0.663757	0.529128	0.531307
0.830808	0.561595	0.000435246
0.0272659	0.25636	0.970177
0.179803	0.73577	0.659081
0.742528	0.213007	0.649065
0.546402	0.459441	0.719168
0.993478	0.0933215	0.0986075
0.820528	0.294953	0.498775
0.480794	0.378623	0.799968
0.223131	0.908467	0.385917
0.644514	0.777158	0.0942331
0.757598	0.59784	0.286268
0.727361	0.677976	0.179817
0.588825	0.116637	0.815313
0.035568	0.690909	0.735986
0.582459	0.123494	0.808714
0.652131	0.513551	0.571035
0.714853	0.548539	0.454743
0.404327	0.921108	0.0827156
0.947418	0.306321	0.110596
0.474234	0.170471	0.872138
0.443165	0.12713	0.896737
0.856868	0.490097	0.198622
3.31602e-17	5.34201e-17	1.02683
1.00001	0	0
0.284493	0.628946	0.72498
0.482735	0.443422	0.767158
0.328819	0.948795	0.00365565
0.406932	0.124693	0.909567
0.525832	0.849578	0.145448
0.464045	0.442714	0.808995
0.964908	0.101582	0.253673
0.373229	0.93174	0.0107371
0.986787	0.034688	0.171444
0.496857	0.0655961	0.873028
0.654224	0.767612	0.132621
0.184134	0.461535	0.883259
0.273913	0.674987	0.689135
0.851126	0.477344	0.223689
0.396986	0.884351	0.267983
0.26388	0.951457	0.185523
0.788005	0.273403	0.55593
0.546296	0.838356	0.100982
0.834441	0.324739	0.462394
0.580481	0.738301	0.402989
0.242407	0.189247	0.95963
0.859396	0.134346	0.51478
0.804859	0.364888	0.483407
0.390932	0.0485659	0.924031
0.869861	0.136017	0.493716
0.56027	0.286048	0.793186
0.419425	0.656033	0.643832
0.878923	0.403774	0.259315
0.701602	0.492529	0.522672
0.514536	0.352957	0.788817
0.673654	0.520891	0.535269
0.571629	0.588454	0.615451
0.500829	0.691822	0.521857
0.19264	0.816892	0.560962
0.91277	0.142614	0.390836
0.0213816	0.731567	0.689549
0.0016246	0.259368	0.977425
0.0426739	0.998775	0.0411234
0.209754	0.192672	0.965863
0.637348	0.716259	0.289309
0.827342	0.447239	0.346671
0.485205	0.481442	0.737513
0.0758107	0.618524	0.784443
0.640845	0.780943	0.0105137
0.490143	0.869509	0.0943197
0.929382	0.279151	0.262858
0.164613	0.659563	0.73893
0.0857014	0.977788	0.212559
0.248778	0.373594	0.898842
0.0842928	0.371722	0.936216
0.627039	0.723007	0.339431
0.501938	0.807084	0.353309
0.720714	0.0197763	0.696013
0.947327	0.289811	0.163584
0.0694046	0.453541	0.891194
0.738165	0.704234	0.0378528
0.590631	0.0778223	0.812968
0.307143	0.397208	0.879153
0.994701	0.0161745	0.124061
0.064745	0.209745	0.983285
0.421799	0.638647	0.654467
0.694014	0.621947	0.37311
0.25349	0.637896	0.734647
0.437538	0.7729	0.46903
0.949366	0.329388	0.0820743
0.508614	0.0519903	0.8649
0.0965448	0.953627	0.35383
0.225115	0.824659	0.524884
0.745535	0.562288	0.370964
0.171058	0.792252	0.608038
0.999614	0.163819	0.0628443
0.734815	0.209136	0.666406
0.429944	0.344364	0.853185
0.135703	0.832946	0.539401
0.426694	0.645914	0.640092
0.713144	0.093119	0.700039
0.0499372	0.509593	0.864015
0.0522952	0.994163	0.124149
0.799845	0.411523	0.439389
0.183911	0.220877	0.962645
0.593823	0.435186	0.682241
0.347034	0.42405	0.841646
0.777346	0.420212	0.474775
0.198065	0.545755	0.821783
0.93042	0.311807	0.239495
0.45402	0.0591069	0.89374
0.528083	0.503809	0.709726
0.821482	0.541533	0.193961
0.519809	0.853979	0.0660033
0.93935	0.282389	0.202297
0.383431	0.81501	0.445081
0.618792	0.46671	0.636559
0.00603353	0.963255	0.306974
0.157645	0.909053	0.394684
0.166869	0.109799	0.983931
0.303353	0.75184	0.588824
0.221452	0.975946	0.0157192
0.957789	0.0125497	0.297725
0.120554	0.0883488	0.991735
0.074822	0.564294	0.827472
0.556553	0.00210655	0.832574
0.333705	0.861346	0.388403
0.232462	0.929695	0.293086
0.737984	0.678113	0.135421
0.750215	0.546735	0.381182
0.602704	0.736092	0.324675
0.140847	0.0522895	0.990203
0.90787	0.417184	0.0734118
0.795371	0.225111	0.577621
0.585147	0.385025	0.71895
0.0826746	0.963026	0.308024
0.826645	0.415397	0.424616
0.17868	0.578844	0.798917
0.677417	0.597548	0.480275
0.366314	0.175456	0.916483
0.362375	0.901321	0.278206
0.039318	0.66776	0.747452
0.630064	0.784966	0.0215079
0.596967	0.304784	0.760371
0.00489898	0.744254	0.704104
0.254325	0.167345	0.95669
0.618375	0.556058	0.581118
0.364624	0.906915	0.277126
0.572256	0.508911	0.650503
0.919434	0.0372745	0.411452
0.379011	0.926577	0.0238103
0.0348871	0.767641	0.670276
0.0118696	0.686732	0.75093
0.359935	0.878095	0.320285
0.0588575	0.776959	0.649439
0.0158331	0.156393	0.996855
0.617996	0.0820048	0.802128
0.0884418	0.606317	0.79137
0.611096	0.760456	0.233653
0.813754	0.542704	0.211819
0.918071	0.040012	0.410894
0.867201	0.0699437	0.501794
0.0188271	0.530944	0.850866
0.741511	0.496621	0.461757
0.452937	0.891536	0.0708025
0.20481	0.234273	0.952366
0.766195	0.5577	0.343727
0.444748	0.897777	0.0311569
0.84537	0.0816649	0.530599
0.435793	0.34412	0.86004
0.892526	0.0344759	0.456462
0.72759	0.683215	0.134861
0.599181	0.00775586	0.817736
0.540683	0.0717457	0.844774
3.51559e-17	5.14176e-17	1.01723
0.0183241	0.180997	0.99569
0.527256	0.612443	0.596375
0.353619	0.785206	0.545038
0.694749	0.37605	0.614106
0.758746	0.647452	0.111054
0.124388	0.768884	0.642246
0.215522	0.244581	0.948204
0.139908	0.858756	0.497031
0.884504	0.389197	0.314615
0.387422	0.52027	0.764869
0.0285503	0.585224	0.819633
0.356822	0.17091	0.920659
0.203718	0.538187	0.836514
0.15065	0.53394	0.839041
0.130656	0.821941	0.56396
0.264737	0.83334	0.50979
0.533621	0.601952	0.601325
0.867622	0.265428	0.42986
0.936074	0.0122652	0.360222
0.290656	0.750228	0.603249
0.690327	0.256284	0.681792
0.548858	0.618132	0.56922
0.112742	0.801346	0.597188
0.952075	0.298907	0.0878881
0.313773	0.427417	0.849181
0.623584	0.470324	0.628477
0.322151	0.888958	0.335351
0.448382	0.605354	0.661281
0.322841	0.894918	0.321085
0.953823	0.124519	0.28666
0.967911	0.268056	0.0589561
0.87932	0.390641	0.297666
0.857431	0.472621	0.224426
0.114146	0.798912	0.603615
0.0940298	0.783087	0.621999
0.154849	0.68825	0.712426
0.512595	0.669178	0.549571
0.681386	0.600746	0.450422
0.367229	0.924115	0.119127
0.822554	0.548573	0.153886
0.774095	0.231445	0.606122
6.10429e-17	9.42874e-18	1.00873
0.480872	0.288241	0.833038
0.866405	0.217726	0.451932
0.0658831	0.677116	0.735974
0.449438	0.0769939	0.896138
0.410184	0.863103	0.314914
0.403619	0.566972	0.726748
0.331862	0.799085	0.510141
0.446389	0.729675	0.523768
0.579017	0.0858918	0.815487
0.238841	0.961316	0.168309
0.717992	0.422791	0.562065
0.387248	0.586628	0.713516
0.261059	0.0659566	0.964117
0.952307	0.109548	0.288056
0.00562795	0.947911	0.34493
0.370915	0.936936	0.0488596
0.682058	0.7204	0.135068
0.488418	0.512436	0.707661
0.776116	0.575775	0.277362
0.701286	0.709002	0.124142
0.431837	0.687147	0.597726
0.664654	0.703533	0.255342
0.163697	0.922844	0.394442
0.347713	0.870249	0.365912
0.820639	0.542914	0.200703
0.37754	0.939828	0.0147854
0.473536	0.883755	0.0281894
0.546587	0.57595	0.645624
0.287793	0.832104	0.475434
0.963608	0.273335	0.0980229
0.400911	0.530286	0.758634
0.0994006	0.115182	0.990481
0.669515	0.618044	0.433872
0.529672	0.306319	0.796044
0.139051	0.947269	0.307078
0.704627	0.0439278	0.738113
0.0775653	0.345822	0.955265
0.0802164	0.318945	0.950551
0.919221	0.357046	0.260262
0.876842	0.517989	0.156804
0.397196	0.802743	0.460829
0.175348	0.649225	0.750316
0.799951	0.63758	0.00122779
0.730836	0.375167	0.584151
0.148583	0.49664	0.870361
0.181251	0.0359599	0.993596
0.284084	0.781023	0.582909
0.645184	0.331198	0.698422
0.308409	0.876333	0.381134
0.471376	0.258626	0.84429
0.231146	0.554983	0.807215
0.826706	0.539352	0.216487
0.337089	0.842004	0.423971
0.814581	0.264149	0.537975
0.945367	0.301132	0.176187
0.984203	0.180233	0.0389339
0.154532	0.386	0.91206
0.84448	0.452506	0.29702
0.246127	0.464371	0.853348
0.115637	0.38001	0.921649
0.905494	0.209761	0.388333
0.250485	0.251559	0.939523
0.277749	0.593683	0.765918
0.524865	0.736461	0.437049
0.141429	0.312883	0.941449
0.657035	0.668863	0.3513
0.598893	0.68767	0.43134
0.694193	0.704686	0.162086
0.110756	0.62439	0.778402
0.337482	0.185164	0.928182
0.505714	0.75925	0.419589
0.515763	0.552071	0.658914
0.908116	0.0924166	0.410507
0.784341	0.194696	0.593567
0.98766	0.0276903	0.210369
0.215622	0.612683	0.76555
0.326991	0.787357	0.543735
0.234221	0.956289	0.212738
0.751421	0.503014	0.44378
0.221349	0.77061	0.609913
0.377381	0.922315	0.130655
0.612227	0.822239	1.32391e-06
0.586309	0.78743	0.195074
0.459361	0.582843	0.67918
0.6514	0.663127	0.371255
0.00989938	0.229139	0.978455
0.503013	0.755194	0.430554
0.970117	0.245101	0.0392145
0.308209	0.827906	0.486462
0.931104	0.374881	0.0658874
0.462775	0.872149	0.181473
0.260432	0.91176	0.324232
0.356197	0.0233994	0.952599
0.36863	0.396932	0.851007
0.803138	0.477941	0.358276
0.507766	0.338964	0.794276
0.883929	0.0317711	0.497343
0.754209	0.522475	0.415848
0.974364	0.151011	0.189231
0.217599	0.292241	0.93453
0.411699	0.2241	0.886257
0.1274	0.867897	0.489723
0.266328	0.21227	0.946169
0.0572301	0.993994	0.116994
0.589773	0.633239	0.549288
0.811008	0.581652	0.139678
0.837942	0.282497	0.494063
0.573644	0.501079	0.692375
0.267855	0.644964	0.723153
0.697233	0.28072	0.666502
0.795256	0.0581548	0.614537
0.557484	0.557871	0.649793
0.715028	0.202823	0.684103
0.559012	0.680646	0.528951
0.568012	0.289417	0.771921
0.0484838	0.480816	0.878823
0.045643	0.452218	0.89325
0.626424	0.716068	0.325628
0.23387	0.605217	0.786691
0.0218423	0.747776	0.682462
0.578875	0.813158	0.106198
0.0639678	0.657431	0.75379
0.885616	0.277265	0.378331
0.0887459	0.10248	0.992882
0.894969	0.165584	0.430516
0.204028	0.980053	0.0903468
0.156652	0.991049	0.029636
0.41555	0.0167029	0.912283
0.761092	0.641087	0.103041
0.68681	0.694367	0.234922
0.227082	0.15907	0.97013
0.736305	0.525823	0.444046
0.560975	0.44711	0.712423
0.242121	0.982361	0.034915
0.620682	0.492756	0.616653
0.652177	0.355179	0.673697
0.784957	0.626411	0.0753524
0.300936	0.348715	0.898481
0.121368	0.850402	0.533441
0.761399	0.219895	0.625194
0.790263	0.606853	0.15821
0.538137	0.847705	0.0449013
0.118089	0.825675	0.556739
0.956243	0.10702	0.289145
0.130504	0.130703	0.985239
0.771353	0.514977	0.376404
0.856935	0.439898	0.293513
0.660588	0.667585	0.34824
0.315721	0.187883	0.930641
0.78047	0.00996161	0.635246
0.317643	0.236571	0.918968
0.558881	0.0206305	0.83839
0.519307	0.414872	0.75694
0.76816	0.289338	0.575728
0.176428	0.90544	0.402528
0.0419282	0.999295	0.0750454
0.20763	0.922699	0.335879
0.615042	0.121992	0.782724
0.512459	0.148	0.860807
0.519865	0.849779	0.108873
0.687119	0.374209	0.643401
0.6777	0.717136	0.218278
0.735092	0.48567	0.495802
0.187002	0.842356	0.523935
0.511551	0.82754	0.243408
0.056114	0.97461	0.225248
0.291606	0.822379	0.514474
0.19346	0.988611	0.0529778
0.925703	0.147023	0.351194
0.535777	0.852539	0.0583095
0.350754	0.244934	0.906018
0.217908	0.547256	0.811763
0.802055	0.229968	0.562839
0.630761	0.434142	0.64996
0.78089	0.057182	0.63266
0.511009	0.7672	0.399049
0.990553	0.0045741	0.147236
0.944632	0.336479	0.0177735
0.211584	0.125912	0.9711
0.0231017	0.221893	0.983157
0.943233	0.302745	0.176774
0.101354	0.13931	0.989459
0.133142	0.768551	0.642598
0.93254	0.0894999	0.359133
0.744138	0.493959	0.492905
0.892781	0.22491	0.401746
0.292932	0.271247	0.928605
0.168807	0.888752	0.437187
0.260418	0.656007	0.711561
0.225433	0.808922	0.550907
0.494584	0.518905	0.698491
0.19826	0.46017	0.872709
0.53897	0.811792	0.266684
0.165216	0.791164	0.613224
0.244375	0.97165	0.0284514
0.350498	0.936997	0
0.387014	0.451155	0.804885
0.417486	0.1047	0.904716
0.548508	0.357496	0.758832
0.25629	0.976031	0.0539902
0.0166395	0.823384	0.569612
0.69275	0.499256	0.525073
0.324914	0.894049	0.362273
0.273275	0.924845	0.274045
0.346298	0.324277	0.890247
0.477017	0.0876235	0.880157
0.814683	0.200661	0.561603
0.604819	0.371513	0.710205
0.891681	0.380585	0.254789
0.962401	0.180562	0.211406
0.719233	0.494234	0.513782
0.103591	0.966001	0.287175
0.0672774	0.970946	0.24442
0.743625	0.656037	0.137511
0.0781025	0.850467	0.525157
0.406187	0.677127	0.620422
0.399355	0.127448	0.908775
0.354484	0.445359	0.828109
0.0930051	0.798508	0.607161
0.935603	0.299385	0.19584
0.729002	0.236788	0.64457
0.924267	0.263192	0.299124
0.826799	0.392285	0.440682
0.250036	0.291476	0.925462
0.918831	0.171799	0.379924
0.02406	0.342368	0.942635
0.49602	0.516028	0.7195
0.728055	0.625346	0.304846
0.0453396	0.98519	0.179454
0.887575	0.205708	0.422117
0.691193	0.511519	0.537595
0.129794	0.860391	0.501994
0.326962	0.878531	0.357362
0.457292	0.649878	0.612686
0.427936	0.0689499	0.909529
0.533313	0.838488	0.186539
0.522549	0.853694	0.0207488
0.711865	0.506267	0.512605
0.370922	0.914985	0.174932
0.414313	0.0667549	0.91477
0.291903	0.458522	0.840575
0.23836	0.60311	0.779653
0.463602	0.414427	0.79777
0.658894	0.151875	0.745577
0.469005	0.703586	0.552982
0.665392	0.153373	0.736356
0.873125	0.278644	0.402285
0.210575	0.885723	0.416674
0.793245	0.611476	0.0352169
0.67209	0.154916	0.728631
0.631889	0.429032	0.677565
0.484575	0.0936779	0.87112
0.510998	0.560347	0.652993
0.556015	0.34588	0.760965
0.988405	0.0516193	0.171672
0.878736	0.0804078	0.481757
0.94384	1.29142e-10	0.330901
0.585778	0.808932	0.105932
0.777971	0.613708	0.198813
0.0677484	0.66897	0.767969
0.837726	0.457454	0.313786
0.367868	0.724586	0.583781
0.681125	0.643455	0.356842
0.157453	0.915815	0.372744
0.640887	0.699161	0.321004
0.637925	0.757143	0.157331
0.942537	0.238879	0.287411
0.442846	0.385333	0.821347
0.153164	0.742828	0.66063
0.107151	0.0415091	0.996962
0.62302	0.785168	0.0198565
0.232138	0.785625	0.578608
0.515355	0.0268648	0.862932
0.474313	0.773025	0.436243
0.0343528	0.274687	0.962389
0.286461	0.240422	0.933813
0.338003	0.944224	0.0480951
0.0573468	0.0183013	0.99878
0.297932	0.468416	0.838038
0.951371	0.210168	0.26431
0.0044175	0.316347	0.969485
0.563392	0.831154	0.000580914
0.706327	0.544475	0.46426
0.449368	0.803825	0.396122
0.370351	0.926845	0.123977
0.647908	0.732896	0.234993
0.255214	0.863426	0.445031
0.0701946	0.998851	0.00165702
0.300531	0.934138	0.227895
0.435072	0.852236	0.303848
0.359534	0.426725	0.833036
0.534523	0.396611	0.750247
0.476609	0.775301	0.430349
0.203573	0.76208	0.627143
0.528043	0.58928	0.62171
0.789782	0.00820023	0.629073
0.167006	0.736883	0.658118
0.191835	0.905011	0.410052
0.0974142	0.815653	0.57412
0.973263	0.244081	0.0354111
0.733704	0.488288	0.474138
0.614217	0.39677	0.692436
0.909207	0.402941	0.144576
0.0404819	0.941283	0.338574
0.394476	0.269646	0.879324
0.808742	0.232272	0.545687
0.315426	0.56726	0.76363
0.217426	0.523201	0.832329
0.804899	0.366539	0.483799
0.537718	0.845505	0.0645823
0.192975	0.0360817	0.987535
0.589194	0.421082	0.697865
0.578209	0.599397	0.558637
0.734149	0.132703	0.683972
0.783194	0.531763	0.351302
0.179802	0.526098	0.838397
0.493834	0.871023	0.0419938
0.849041	0.40938	0.344496
0.335603	0.801503	0.530442
0.260898	0.841187	0.480835
0.599847	0.714475	0.362216
0.505177	0.631259	0.600034
0.418804	0.137672	0.904051
0.712658	0.616623	0.360348
0.737376	0.24582	0.632491
0.0036419	0.4379	0.900308
0.996493	0.0115566	0.0988817
0.00505161	0.361757	0.947537
0.930193	0.345191	0.167449
0.542768	0.537408	0.665294
0.269016	0.532757	0.816285
0.310243	0.517186	0.799535
0.142589	0.989302	0.076996
0.841675	0.261267	0.476686
0.702276	0.696924	0.170249
0.845316	0.526731	0.129724
0.127074	0.375624	0.928587
0.413379	0.639805	0.663483
0.704015	0.698651	0.148083
0.956985	0.218115	0.220974
0.804527	0.594509	0.0904116
0.11155	0.739454	0.671602
0.637778	0.773716	0.159339
0.612475	0.732304	0.315544
0.169052	0.98328	0.0832691
0.48986	0.870756	0.114794
0.196016	0.686959	0.703417
0.735563	0.481967	0.492227
0.243831	0.313091	0.929291
0.965116	0.27878	0.100146
0.902309	0.272026	0.336913
0.059355	0.844607	0.540289
0.399333	0.709839	0.591803
0.564705	0.763146	0.371073
0.888598	0.143173	0.470425
0.912531	0.404414	0.116007
0.518839	0.328099	0.791089
0.135869	0.156811	0.978799
0.573168	0.386997	0.730606
0.774572	0.55273	0.353122
0.798287	0.128718	0.590311
0.977266	0.246904	0.010825
0.802831	0.596166	0.0751814
0.227442	0.0145185	0.984657
0.864422	0.152858	0.489297
0.507642	0.860627	0.11295
0.306557	0.0212551	0.952475
0.423603	0.602001	0.683019
0.186128	0.906237	0.410067
0.513154	0.333067	0.791447
0.498276	0.144735	0.861008
0.102513	0.819705	0.565625
0.678539	0.749544	0.0141328
0.119507	0.626029	0.78945
0.317974	0.937007	0.177579
0.995446	0.0561275	0.129858
0.751059	0.547782	0.393691
0.976484	0.225059	0.0645872
0.400909	0.626147	0.669834
0.161982	0.0260989	0.992049
0.456287	0.195093	0.868977
0.146665	0.63259	0.763995
0.524947	0.0964278	0.847726
2.26901e-13	0.812766	0.583886
0.855739	0.216284	0.482825
0.341348	0.405141	0.854994
0.142437	0.19249	0.972922
0.123569	0.584949	0.808889
0.627496	0.0365838	0.813171
0.553219	0.763969	0.34501
6.35226e-17	5.52222e-20	1.0374
0.915594	0.0646415	0.398485
0.207184	0.981843	0.0347875
0.146813	0.175076	0.978968
0.288203	0.22192	0.934559
0.0943611	0.348879	0.952836
0.0370874	0.997477	0.109474
0.475845	0.205177	0.858293
0.292379	0.344262	0.897446
0.0636073	0.613963	0.788444
0.602337	0.421353	0.680173
0.765514	0.653579	0.0519066
0.0397146	0.273475	0.964141
0.691159	0.107207	0.717968
0.828204	0.49615	0.281157
0.308399	0.358419	0.895453
0.699507	0.604382	0.388308
0.609371	0.64635	0.507923
0.993626	0.0549321	0.103239
0.497008	0.0730296	0.884485
0.138968	0.532356	0.86205
0.899281	0.0953733	0.436342
0.947453	0.304732	0.176406
0.616348	0.150845	0.793581
0.983164	0.00757457	0.247623
0.0260512	0.89835	0.448034
0.127942	0.763281	0.633672
0.47108	0.88349	0.0440521
0.192634	0.679871	0.709421
0.774278	0.576491	0.272294
0.3917	0.0417729	0.927217
0.409023	0.281377	0.871316
0.891741	0.385405	0.261101
0.11382	0.937745	0.339279
0.363834	0.90789	0.233916
0.243258	0.937958	0.288849
0.983684	0.183706	0.0481349
0.710311	0.00547243	0.726081
0.0813036	0.796373	0.600717
0.83568	0.13079	0.549343
0.783484	0.567288	0.272851
0.385759	0.144488	0.913879
0.398747	0.921857	0.15917
0.743278	0.523716	0.419855
0.527291	0.834474	0.215368
0.351157	0.876256	0.351348
0.513585	0.872293	0.15048
0.864002	0.295112	0.41555
0.553143	0.621817	0.577584
0.0193247	0.189287	0.994412
0.634199	0.103359	0.776834
0.748698	0.67648	0.0256172
0.708911	0.443087	0.607838
0.491914	0.525656	0.696071
0.508745	0.864044	0.16249
0.281924	0.959878	0.0182092
0.637328	0.0297791	0.773862
0.277164	0.956215	0.139543
0.588365	0.719496	0.372099
6.03582e-17	1.24308e-17	1.00641
0.271795	0.905126	0.330805
0.252024	0.971992	0.0767959
0.156306	0.765329	0.629898
0.423045	0.790155	0.471983
0.930169	0.37309	0.0766482
0.266759	0.364045	0.896757
0.978248	0.0975393	0.189745
0.378253	0.826022	0.419512
0.525593	0.406597	0.757559
0.723972	0.463366	0.526346
0.586532	0.699902	0.412913
0.964884	0.254767	0.123583
0.886104	0.170243	0.43537
0.0493685	0.851189	0.539676
0.322253	0.13895	0.943841
0.504948	0.202329	0.852304
0.997042	0.0861183	0.059592
0.235404	0.616038	0.756488
0.314298	0.709947	0.63701
0.420743	0.662022	0.623415
0.575372	0.650991	0.51134
0.760121	0.156547	0.646195
0.175165	0.68548	0.710295
0.945058	0.080213	0.321428
0.626916	0.513182	0.608193
0.486297	0.0731761	0.875375
0.657128	0.75061	0.0960524
0.54263	0.332221	0.775929
0.142969	0.736203	0.662579
0.413779	0.438888	0.801336
0.740984	0.20279	0.65403
0.460869	0.662076	0.595386
0.969998	0.000679715	0.263296
0.72928	0.31225	0.614785
0.996273	0.0218802	0.204981
0.648855	0.474369	0.603383
0.641527	0.461728	0.616277
0.565395	0.831392	0.00480679
0.732469	0.45676	0.524315
0.823646	0.560756	0.19484
0.300949	0.951291	0.180292
0.794355	0.594393	0.141554
0.185918	0.715445	0.674989
0.169277	0.81405	0.560364
0.445289	0.772306	0.455159
0.245245	0.967251	0.0946725
0.160918	0.75605	0.640262
0.617681	0.704041	0.383324
0.824901	0.120969	0.582712
0.520568	0.854179	0.103354
0.55902	0.127833	0.825232
0.80192	0.554748	0.239982
0.927128	0.360995	0.20564
0.847888	0.274336	0.466318
0.2024	0.539074	0.827968
0.936212	0.365975	0.0153046
0.955102	0.0814508	0.29942
0.37012	0.638409	0.687395
0.770907	0.63809	0.0685258
0.0613991	0.746871	0.66764
0.329966	0.804424	0.499866
0.184546	0.298489	0.943838
0.344168	0.631052	0.703547
0.331193	0.395209	0.864844
6.28435e-17	5.00052e-19	1.02634
0.937992	0.404447	0.00127139
0.623057	0.451637	0.653272
0.910571	0.390747	0.171268
0.495554	0.428165	0.765992
0.0160191	0.675006	0.740566
0.318573	0.913165	0.26252
0.953177	0.29379	0.123359
0.62733	0.276584	0.734409
0.187571	0.117237	0.984935
0.0513771	0.284029	0.959438
0.887999	0.381091	0.287039
0.877104	0.379079	0.305014
0.33882	0.413153	0.850406
0.571766	0.41568	0.709686
0.654681	0.69441	0.394186
0.0130562	0.598641	0.831459
0.871695	0.238368	0.464727
0.379874	0.569893	0.734094
0.289333	0.467474	0.837465
0.662709	0.124348	0.739554
0.334044	0.814407	0.477593
0.960251	0.323635	0.0127453
0.535603	0.852634	0.162689
0.906128	0.316399	0.296481
0.246741	0.728063	0.648269
0.808427	0.584828	0.085884
0.021233	0.924274	0.389065
0.560229	0.38846	0.747441
0.679424	0.493593	0.56639
0.819833	0.580894	0.0605677
0.354331	0.544857	0.76766
0.594691	0.0525343	0.807155
0.952492	0.295958	0.127934
0.44212	0.503934	0.743125
0.813391	0.528975	0.336834
0.813537	0.486629	0.36592
0.758355	0.180782	0.628197
0.415404	0.440613	0.798486
0.700548	0.537502	0.477783
0.786513	0.0481761	0.620814
0.757017	0.688732	0.0186281
0.689901	0.483476	0.546406
0.227426	0.976006	0.0703697
0.457685	0.839191	0.311716
0.0543224	0.63622	0.77196
0.0273943	0.945351	0.359708
0.515821	0.868773	0.0140962
0.103403	0.774319	0.629951
0.582267	0.760074	0.310685
0.852122	0.0195263	0.540698
0.81033	0.234275	0.573898
0.164563	0.785252	0.602066
0.72545	0.247788	0.652641
0.853504	0.330619	0.429899
0.362201	0.931266	0.108975
0.437774	0.821026	0.372393
0.0115579	0.353522	0.940916
0.0282691	0.949129	0.319955
0.718536	0.705459	0.0773198
0.0959027	0.3753	0.924756
0.000298231	0.889366	0.479883
0.0486862	0.470463	0.895718
0.874469	0.0145501	0.489396
0.484097	0.163147	0.868492
0.229063	0.456591	0.868456
0.49509	0.166852	0.85456
0.451153	0.319666	0.841901
0.456808	0.59348	0.670166
0.218711	0.511577	0.845817
6.21166e-17	3.76926e-24	1.01444
3.74999e-33	6.1242e-17	1.00016
0.636873	0.452463	0.638241
0.321068	0.602172	0.731844
0.0734637	0.759384	0.647465
0.0405144	0.862045	0.515967
0.696381	0.392981	0.603455
0.238387	0.407764	0.88971
0.980665	0.186494	0.0817184
0.735971	0.497319	0.461585
0.925076	0.019217	0.410729
0.34109	0.583438	0.743029
0.526197	0.0638879	0.849093
0.967942	0.239589	0.0861383
0.815517	0.571137	0.158838
0.394146	0.260989	0.883803
0.768237	0.618627	0.18834
0.652903	0.107944	0.752952
0.528289	0.0512995	0.848496
0.245767	0.306137	0.919851
0.140507	0.725418	0.676054
0.14798	0.53724	0.837586
0.864623	0.0164808	0.504658
0.673768	0.474403	0.572924
0.619153	0.778701	0.118514
0.226525	0.937562	0.269783
0.945528	0.339908	0.0915301
0.602202	0.77312	0.203111
0.894798	0.331721	0.309792
0.352575	0.936038	0.106857
0.77432	0.294037	0.56646
0.00765186	0.563296	0.856863
0.399629	0.61371	0.686962
0.250877	0.745728	0.622138
0.757444	0.670445	0.0295156
0.572701	0.735518	0.373958
0.298704	0.201844	0.940652
0.292148	0.950551	0.11413
0.717316	0.087342	0.699958
0.540629	0.566034	0.629255
0.104064	0.218708	0.977031
0.16126	0.706228	0.722441
0.386505	0.481447	0.795205
0.625442	0.00746505	0.784718
0.745546	0.283462	0.605357
0.520917	0.834241	0.242023
0.283511	0.413531	0.877179
0.700087	0.732984	0.0580741
0.389193	0.597683	0.709212
0.108119	0.30185	0.956701
0.826932	0.559373	0.135786
0.665794	0.126073	0.74214
0.396105	0.815664	0.450914
0.771353	0.549709	0.332672
0.902795	0.350685	0.257843
0.610245	0.636979	0.49165
0.211461	0.987518	0.0147729
0.229526	0.882385	0.419581
0.882938	0.188275	0.455908
0.726949	0.655433	0.224374
0.995655	0.103279	0.0532363
0.358356	0.446383	0.832138
0.687826	0.464417	0.57703
0.685737	0.716304	0.147028
0.0641844	0.739369	0.6713
0.0222799	0.247827	0.969292
0.132979	0.118011	0.985554
0.991351	0.135541	0.0721179
0.558853	0.75254	0.363078
0.1837	0.365616	0.922406
0.578516	0.0982031	0.810331
0.781489	0.519304	0.351443
0.874198	0.214845	0.439995
0.461816	0.717712	0.542588
0.209831	0.711031	0.690174
0.847467	6.0836e-06	0.539541
0.191411	0.93169	0.319206
0.407513	0.693473	0.612156
0.499961	0.837487	0.239905
0.301505	0.597152	0.743925
0.47747	0.696442	0.557026
0.670097	0.660226	0.344172
0.707135	0.231681	0.669977
0.21635	0.336232	0.934533
0.171777	0.444976	0.889833
0.236442	0.378224	0.896091
0.934683	0.176989	0.324013
0.950078	0.179904	0.275384
0.754926	0.668128	0.0387449
0.873167	0.262235	0.429436
0.066395	0.64821	0.761263
0.658649	0.227057	0.717543
0.16619	0.387313	0.924069
0.259943	0.546037	0.802669
0.466482	0.8749	0.141062
0.49196	0.440897	0.770558
0.327394	0.909133	0.320472
0.412928	0.895123	0.178503
0.378244	0.893397	0.267186
0.571807	0.00439736	0.841389
0.581568	0.111399	0.80752
0.444021	0.888295	0.181559
0.961521	0.182071	0.217366
0.752836	0.00617098	0.663841
0.559861	0.0919936	0.824404
0.231361	0.957575	0.175295
0.524169	0.0787157	0.849069
0.116491	0.149239	0.993917
0.0150576	0.92314	0.389212
0.277206	0.769767	0.593446
0.82779	0.132187	0.548978
0.0982006	0.98026	0.174489
0.42734	0.633552	0.655528
0.0774351	0.789265	0.617359
0.19487	0.974332	0.114037
0.438496	0.872734	0.23267
0.470884	0.488083	0.748523
0.507193	0.823793	0.255456
0.362122	0.892037	0.294638
0.140033	0.640983	0.766827
0.824836	0.323421	0.470971
0.703485	0.697447	0.157039
0.187509	0.912695	0.393849
0.811505	0.476668	0.35251
0.26216	0.347489	0.901509
0.924583	0.426235	0.0478122
0.532503	0.0115436	0.851462
0.550855	0.77598	0.326285
0.564699	0.806108	0.209422
0.128122	0.269272	0.959846
0.960256	0.0182004	0.282789
0.302419	0.480045	0.824395
5.30582e-17	0.866506	0.499469
0.885637	0.339743	0.328574
0.916593	0.0285863	0.401758
0.688702	0.430212	0.606989
0.454804	0.371766	0.811192
0.0255487	0.880742	0.47612
0.537123	0.68932	0.506618
0.957272	0.279756	0.0833224
0.450494	0.901245	0.00870829
0.515632	0.363059	0.783165
0.509444	0.288158	0.815805
0.0465474	0.990413	0.165108
0.833761	0.204907	0.525118
0.797995	0.492627	0.349034
0.790258	0.510579	0.339842
0.433252	0.892157	0.193973
0.424442	0.900235	0.129617
0.787542	0.508824	0.348526
0.0521981	0.145728	0.997857
0.811856	0.121245	0.595404
0.157499	0.313164	0.947434
0.0964948	0.971321	0.221295
0.942121	0.155761	0.304026
0.595523	0.741808	0.325886
0.35076	0.24685	0.907231
0.63036	0.78819	0.00414774
0.0341689	0.276678	0.966826
0.420772	0.539715	0.749511
0.95208	0.289491	0.168358
0.714368	0.0877037	0.697166
0.151409	0.419578	0.896118
0.312929	0.516237	0.80124
0.939245	0.0880525	0.337979
0.369438	0.0449836	0.936533
0.362856	0.893844	0.289439
0.331154	0.204637	0.925071
0.452542	0.795894	0.433529
0.0359123	0.435417	0.904836
0.837853	0.52831	0.158209
0.872264	0.227121	0.44055
0.0316104	0.516827	0.871581
0.589964	0.81964	0.0213559
0.714718	0.234166	0.660667
0.475908	0.679359	0.567647
0.167981	0.175008	0.972532
0.687169	0.607831	0.405432
0.335258	0.920518	0.24457
0.840487	0.0816155	0.537614
0.421845	0.899038	0.147075
0.60901	0.786187	0.131362
0.123497	0.128202	0.986757
0.402898	0.685619	0.620428
0.0520469	0.850962	0.551013
0.344486	0.359356	0.870913
0.373187	0.779992	0.509584
0.512906	0.326166	0.799476
0.268738	0.961483	0.0653266
0.436925	0.802348	0.432603
0.278309	0.178499	0.962646
0.458645	0.654716	0.624757
0.307854	0.627877	0.717386
0.153245	0.196739	0.971447
0.0907576	0.925055	0.380447
0.48275	0.8409	0.250565
0.834274	0.563745	0.0472856
3.99414e-17	4.70636e-17	1.00809
0.2658	0.046465	0.965901
0.642308	0.315296	0.700732
0.754905	0.497312	0.47319
0.238062	0.0378328	0.971173
0.82272	0.54461	0.201677
0.494533	0.859793	0.151441
0.03718	0.113591	0.998997
0.69117	0.265666	0.692357
0.0624049	0.641951	0.769724
0.503486	0.575702	0.657552
0.85394	0.465982	0.246255
0.614047	0.618559	0.49887
0.55086	0.447467	0.713538
0.0342446	0.308286	0.961648
0.585114	0.721413	0.400705
0.364838	0.884054	0.333577
0.438665	0.02738	0.899324
0.0145336	0.748274	0.694675
0.741454	0.097683	0.669325
0.630894	0.777857	0.146158
0.684064	0.730346	0.0378152
0.314568	0.208361	0.930901
0.0262889	0.204761	0.984458
0.232588	0.901508	0.420735
0.541622	0.50388	0.682842
0.990161	0.189702	0.0177161
0.392144	0.364818	0.859014
0.173518	0.568256	0.805707
0.224493	0.768061	0.619522
0.478905	0.564301	0.68672
0.707445	0.274974	0.652547
0.189613	0.951823	0.267222
0.100384	0.555221	0.833989
0.654644	0.258404	0.716497
0.382498	0.738051	0.561265
0.0665511	0.632169	0.782488
0.408814	0.407391	0.818169
0.301172	0.92013	0.274127
0.288509	0.427811	0.862017
0.489178	0.725849	0.488481
0.1879	0.943224	0.294865
0.0742673	0.793663	0.63222
0.888325	0.281566	0.386076
0.325912	0.068255	0.951891
0.0574076	0.452904	0.911124
0.936434	0.357739	0.0912503
0.198724	0.903284	0.417959
0.124525	0.261145	0.966268
0.593088	0.124812	0.798102
0.927436	0.354301	0.248569
0.28501	0.874213	0.432923
0.3487	0.566785	0.749679
0.21557	0.0134552	0.978569
0.242315	0.515884	0.851999
0.258817	0.171433	0.954367
0.972297	0.00782978	0.257431
0.818001	0.541486	0.206662
0.767408	0.635885	0.138317
0.636087	0.764474	0.172476
0.408026	0.0806491	0.923285
0.341375	0.333106	0.883359
0.153966	0.0256213	0.992302
0.522715	0.849632	0.11601
0.592996	0.769734	0.351356
0.78146	0.634786	0.00852131
0.990145	0.160711	0.15949
0.227897	0.337933	0.918324
0.095956	0.904815	0.4468
0.209672	0.892541	0.437243
0.145046	0.659292	0.760647
0.358349	0.842403	0.429954
0.874772	0.00254591	0.487141
0.139484	0.477218	0.870317
0.165106	0.96493	0.211807
0.199027	0.935586	0.314357
0.499277	0.868041	0.140885
0.906303	0.393184	0.182038
0.634358	0.775398	0.0350194
0.620593	0.305234	0.735776
0.59932	0.749967	0.289846
0.133535	0.672599	0.743733
0.300572	0.19909	0.937455
0.898106	0.398745	0.237411
0.370213	0.0621259	0.928489
0.580755	0.789142	0.219045
0.248653	0.522546	0.820359
0.696199	0.697147	0.204024
0.609216	0.594461	0.528056
0.715334	0.649979	0.264234
0.943033	0.180575	0.310986
0.599736	0.072429	0.801539
0.843049	0.460039	0.29565
0.835642	0.55554	0.0446182
0.837927	0.552004	0.0446161
0.725243	0.277322	0.63982
0.882785	0.348453	0.336044
0.745138	0.404146	0.545337
0.814655	0.292323	0.523577
0.44975	0.533994	0.730591
0.780654	0.419042	0.505285
0.41991	0.229139	0.890038
0.279586	0.851073	0.454083
0.254723	0.414033	0.877781
0.533436	0.600334	0.599352
0.595772	0.795032	0.132744
0.915127	0.394589	0.112705
0.662652	0.745754	0.163677
0.789595	0.408971	0.504229
0.374571	0.924883	0.0929904
0.46554	0.687254	0.560461
0.395385	0.216428	0.910716
0.654662	0.250096	0.748099
0.587814	0.743912	0.366919
0.215646	0.0130359	0.978794
0.60209	0.805007	0.022261
0.533275	0.78715	0.34405
0.172927	0.117182	0.987792
0.202076	0.685557	0.705395
0.775481	0.426018	0.474863
0.0493847	0.913065	0.435385
0.306367	0.821279	0.516103
0.402264	0.915805	0.107731
0.353359	0.830673	0.456423
0.998572	4.45702e-06	0.0828659
0.463895	0.134729	0.888972
0.806427	0.141748	0.579621
0.42323	0.765157	0.514835
0.437931	0.582761	0.72026
0.511056	0.800996	0.323442
0.809784	0.23724	0.548683
0.738475	0.486488	0.476478
0.361812	0.532364	0.776502
0.432119	0.135028	0.893381
0.528754	0.595064	0.608249
0.961851	0.192566	0.211057
0.70106	0.286996	0.664118
0.668902	0.242977	0.710838
0.55806	0.75902	0.381988
0.901247	0.389044	0.240908
0.109511	0.979023	0.195515
0.957602	0.191716	0.228146
0.200516	0.907029	0.379482
0.451172	0.228673	0.867878
0.801536	0.52883	0.298627
0.775895	0.095538	0.628322
0.400055	0.624843	0.673864
0.113732	0.9769	0.188519
0.352803	0.821389	0.479004
0.131301	0.97356	0.241091
0.103496	0.824677	0.589135
0.335457	0.377526	0.868117
0.450744	0.513133	0.740642
0.662612	0.757652	0.0522833
0.484407	0.871904	0.092951
0.136477	0.930678	0.381395
0.983674	0.177352	0.0490512
0.0532629	0.998909	0.055615
0.3232	0.802372	0.510567
0.142761	0.614044	0.793234
0.881356	0.301322	0.398206
0.0971193	0.893452	0.441313
0.796537	0.29598	0.537074
0.887483	0.469661	0.00432037
0.729876	0.390583	0.571257
0.869986	0.37512	0.328559
0.439982	0.240092	0.877251
0.516698	0.809838	0.320811
0.540968	0.457903	0.71258
0.151243	0.968891	0.240661
0.0830029	0.982736	0.177093
0.763802	0.485052	0.473615
0.472077	0.146789	0.87986
0.115308	0.974775	0.226367
0.336822	0.000824657	0.946148
0.145075	0.34104	0.941297
7.64335e-09	0.958761	0.284631
0.898896	0.343398	0.304784
0.905187	0.406399	0.130704
0.71353	0.714502	0.0638197
0.739403	0.370649	0.5639
0.533952	0.788149	0.343547
0.980733	0.215263	0.0972092
0.0881035	0.628636	0.778009
0.462349	0.837738	0.333743
0.860641	0.351515	0.373862
0.868657	0.377048	0.328402
0.892575	0.182872	0.440021
6.12559e-17	1.00039	0
1.51565e-12	5.58279e-18	1.0106
0.226809	0.90237	0.393183
0.935752	0.0785739	0.363799
0.209404	0.92782	0.319897
0.305846	0.946346	0.121773
0.29589	0.675188	0.685707
0.516691	0.815487	0.284166
0.644797	0.42111	0.65025
0.0526751	0.918111	0.403655
0.701828	0.59427	0.443367
0.376863	0.769959	0.525504
0.600987	0.0236485	0.800313
0.105645	0.661138	0.748014
0.331873	0.895082	0.333432
0.919317	0.383297	0.109896
0.924292	0.115934	0.376797
0.571677	0.324957	0.761993
0.47003	0.0339638	0.890037
0.482981	0.569293	0.671379
0.975871	0.197606	0.100126
0.0653755	0.946764	0.324961
0.695254	0.402958	0.606853
0.351295	0.1086	0.931049
0.55667	0.555682	0.622885
0.436792	0.349327	0.835516
0.409101	0.0663166	0.917922
0.802909	0.374981	0.477588
0.737035	0.50939	0.471313
0.413581	0.913554	0.089288
0.72862	0.370582	0.581922
0.339916	0.932043	0.23516
0.109117	0.316969	0.946441
0.414713	0.729306	0.564263
0.0390473	0.957426	0.305042
0.625102	0.551375	0.600571
0.288207	0.680522	0.687283
0.445275	0.83578	0.343446
0.522721	0.733002	0.453017
0.190313	0.565642	0.806245
0.14274	0.616223	0.786307
0.767224	0.633648	0.152815
0.134292	0.66819	0.737273
0.148633	0.851222	0.513431
0.886901	0.474054	0.0434851
0.184297	0.746739	0.644646
0.86649	0.176488	0.476577
0.904384	0.187293	0.388513
0.688525	0.683379	0.246881
0.590399	0.342186	0.733007
0.997901	0.0427448	0.0573184
0.317653	0.868158	0.38888
0.380723	0.889882	0.255733
0.00563557	0.863604	0.506194
0.985153	0.058766	0.174363
0.926635	0.235535	0.29846
0.548756	0.820789	0.169683
0.629758	0.786546	0.0781777
0.969554	0.184365	0.189128
0.427714	0.438324	0.791252
0.651564	0.538125	0.564251
0.0252841	0.836448	0.573466
0.31916	0.949815	0.0219653
0.712101	0.445574	0.546448
0.876406	0.222768	0.444609
0.0517362	0.435671	0.90299
0.430357	0.583892	0.700153
0.0818748	0.297022	0.954041
0.503198	0.533982	0.694072
0.00706891	0.643238	0.780659
0.0999806	0.935977	0.34921
0.254961	0.394836	0.885417
0.155548	0.987875	0.0108081
0.123374	0.995619	0.00390083
0.638664	0.0524886	0.770985
0.595149	0.24814	0.76531
0.678729	0.694042	0.276441
0.748539	0.210319	0.63157
0.658327	0.751259	0.0600566
0.372947	0.829178	0.428578
0.632361	0.280688	0.723866
0.667563	0.129803	0.737643
0.171225	0.980607	0.139389
0.943661	0.255659	0.241042
0.828948	0.133992	0.549964
0.115134	0.841928	0.530411
0.75409	0.655819	0.068328
0.616398	0.758854	0.212242
0.176688	0.0466993	0.986336
0.855015	0.489079	0.18113
0.485232	0.725774	0.493278
0.17089	0.0213326	0.990311
0.678413	0.389031	0.62508
0.262585	0.873638	0.414399
0.274776	0.577473	0.776092
0.234686	0.370167	0.902088
0.642456	0.274059	0.719303
0.935664	0.0975502	0.380518
0.581394	0.518464	0.636575
0.584851	0.0468018	0.819121
0.719789	0.685439	0.142612
0.623603	0.760909	0.20553
0.0298159	0.75593	0.662293
0.861077	0.245598	0.487051
0.38417	0.784886	0.507424
0.883074	0.480276	0.0434672
0.241025	0.243008	0.942057
0.867663	0.235794	0.442765
0.698756	0.720253	0.08277
0.727497	0.147312	0.674693
0.12	0.747747	0.66299
0.461813	0.26766	0.847574
0.326236	0.716664	0.619003
0.810857	0.235526	0.538194
0.838937	0.549186	0.0277049
0.972814	0.12202	0.226064
0.565707	0.801473	0.202071
0.89422	0.366001	0.258845
0.0894819	0.396473	0.921296
0.767438	0.46904	0.462124
0.0156037	0.385552	0.924585
0.852079	0.515075	0.144158
0.666574	0.400531	0.631676
0.769874	0.60414	0.224785
0.346404	0.917041	0.247474
0.589187	0.503822	0.645158
0.499463	0.290381	0.828506
0.335075	0.881395	0.356057
0.428709	0.641232	0.654096
0.693945	0.710116	0.218913
0.280552	0.442792	0.855207
0.508366	0.295557	0.82096
0.790151	0.608879	0.144429
0.192818	0.428685	0.89098
0.452939	0.886673	0.171202
0.611495	0.539373	0.627083
0.519213	0.00489892	0.857926
0.0945011	0.80744	0.601869
0.908489	0.261363	0.343964
0.820885	0.148706	0.555782
0.979641	0.0131407	0.214603
0.996722	0.130388	0.0302248
0.723719	0.457406	0.518271
0.251621	0.878606	0.415162
0.159001	0.17082	0.97485
0.430802	0.852461	0.339769
0.431659	0.522063	0.737506
0.184001	0.971594	0.187419
0.007239	0.313179	0.970024
0.946677	0.19618	0.264474
0.0740715	0.874432	0.502079
0.247753	0.908566	0.349372
0.390054	0.0706598	0.919642
0.994944	0.0391505	0.117097
0.625259	0.762929	0.196666
0.534875	0.800027	0.274935
0.843929	0.229805	0.488914
0.544377	0.131168	0.832468
0.844267	0.100161	0.553066
0.570594	0.453227	0.690625
0.750956	0.214937	0.630689
0.199369	0.164658	0.966654
0.338651	0.102959	0.936182
0.0462369	0.544604	0.852622
0.0325604	0.305906	0.952597
0.799504	0.520832	0.302467
0.598803	0.48633	0.648979
0.833169	0.535601	0.157507
0.753594	0.659152	0.0697349
0.401805	0.124215	0.910526
0.949592	0.338121	0.132054
0.0145588	0.359734	0.93947
0.805997	0.234114	0.54599
0.455302	0.791512	0.420115
0.790762	0.240117	0.571516
0.264068	0.060507	0.963315
0.243882	0.978267	3.5228e-08
0.561161	0.476055	0.692157
0.88432	0.124905	0.469821
0.140309	0.692588	0.712679
0.458057	0.794895	0.403464
0.574927	0.625615	0.533042
0.774015	0.462508	0.445685
0.356613	0.798044	0.521954
0.755261	0.202803	0.62506
0.367538	0.353909	0.865214
0.892703	0.0710686	0.460123
0.165374	0.704631	0.693596
0.0369183	0.905225	0.454995
0.396209	0.335489	0.857812
0.537775	0.00904496	0.848758
0.526441	0.810048	0.263966
0.322874	0.79167	0.542112
0.139722	0.68969	0.728213
0.830706	0.0869275	0.580954
0.0924349	0.789786	0.614608
5.89613e-17	2.31067e-17	1.03422
1.00001	0	0
0.353969	0.048427	0.936646
0.054927	0.568085	0.823825
0.0860711	0.890192	0.44957
0.444705	0.755724	0.482964
0.663933	0.738123	0.151287
0.450242	0.341277	0.846837
0.417239	0.166724	0.903708
0.436386	0.907423	0.00621214
0.0755867	0.781757	0.620571
0.0202951	0.20916	0.985692
0.298485	0.946774	0.138808
0.797385	0.613718	0.00517202
0.0315314	0.988735	0.148716
0.373841	0.632868	0.693166
0.334102	0.145529	0.939545
0.860774	0.0356797	0.514236
0.646915	0.693346	0.327031
0.26337	0.845111	0.469823
5.37413e-17	3.0252e-17	1.00716
0.500005	0.603347	0.630061
0.0785123	0.903618	0.423381
0.973987	0.115833	0.202409
1.41566e-17	0.231195	0.979396
0.319572	0.92942	0.214611
0.448054	0.787612	0.434036
0.152699	0.967004	0.222055
0.279429	0.271075	0.926386
0.881047	0.410475	0.247695
0.0577075	0.955985	0.31603
0.638213	0.134051	0.764679
0.917936	0.0397722	0.411083
0.593159	0.366158	0.73348
0.957042	0.297221	0.0491236
0.412993	0.0517176	0.917989
0.587243	0.362506	0.741709
0.160299	0.432718	0.892588
0.676002	0.141989	0.726193
0.852933	0.018301	0.526084
0.491513	0.794036	0.372202
0.00311438	0.543375	0.857578
0.710314	0.149196	0.714968
0.473947	0.65995	0.601506
0.21013	0.446571	0.879515
0.758577	0.554488	0.343741
0.89228	0.00952751	0.461081
0.118574	0.963611	0.247416
0.248741	0.971641	0.086386
0.642637	0.471798	0.605669
0.177145	0.919657	0.399471
0.270812	0.0624038	0.964082
0.163682	0.859518	0.496715
0.836393	0.441313	0.38583
0.0282294	0.328828	0.944287
0.363647	0.404282	0.840257
0.102752	0.31422	0.94588
0.425871	0.433628	0.796196
0.739674	0.675314	0.0375182
0.748268	0.522159	0.42006
0.459055	0.896412	0.054406
0.537856	0.506724	0.676913
0.898487	0.418121	0.148101
0.404272	0.748741	0.534573
0.800705	0.574971	0.171118
0.42742	0.870814	0.276374
0.787884	0.578432	0.226723
0.329112	0.294618	0.899837
0.290469	0.155661	0.950526
0.141766	0.975164	0.183097
0.45379	0.42672	0.783628
0.724051	0.398614	0.581175
0.128422	0.0975289	0.99248
0.904778	0.200656	0.393025
0.634095	0.790794	0.0321364
0.389006	0.853293	0.373769
0.959319	0.30473	0
0.670933	0.24228	0.703786
0.232014	0.23624	0.94472
0.135264	0.982227	0.171908
0.97352	0.119206	0.23676
0.478675	0.398605	0.798796
0.628063	0.561957	0.542726
0.130615	0.681895	0.726231
0.566105	0.0731712	0.822336
0.503289	0.598605	0.632927
0.253425	0.768089	0.610466
0.682663	0.247037	0.690771
0.620335	0.550259	0.561625
0.486002	0.827117	0.285077
0.867259	0.465397	0.292264
0.250227	0.727744	0.665575
0.779355	0.35453	0.537881
0.571707	0.69964	0.431249
0.315168	0.0698961	0.95609
0.578366	0.510424	0.648379
0.951638	0.137878	0.298553
0.00649049	0.998489	0.124714
0.847118	0.0141841	0.611232
0.80774	0.0829462	0.585802
0.455084	0.836909	0.31164
0.965288	0.209101	0.175126
0.0862306	0.179998	0.981159
0.821992	0.441383	0.380657
0.0194309	0.641125	0.776624
0.601481	0.741625	0.30895
0.985114	0.122182	0.138801
0.991983	0.12987	0.0382662
0.466333	0.857293	0.263213
0.672452	0.684699	0.283191
0.512401	0.572215	0.652617
0.169324	0.505071	0.86497
0.329267	0.531122	0.790764
0.716981	0.481074	0.507453
0.382119	0.370695	0.870918
0.181652	0.0879849	0.985894
0.09915	0.868734	0.490868
0.929459	0.385162	0.0206918
0.24327	0.77169	0.610699
0.712646	0.149685	0.714774
0.53975	0.551706	0.643474
0.729036	0.700044	0.0157756
0.958534	0.109972	0.302825
0.692484	0.288466	0.670955
0.332117	0.255792	0.909335
0.126406	0.193177	0.97792
0.122241	0.993416	0.0607355
0.695953	0.704017	0.25463
0.515101	0.422149	0.751642
0.258028	0.802246	0.567959
0.807003	0.0995959	0.587028
0.114093	0.599689	0.807509
0.79186	0.635149	0.0221416
0.295679	0.573476	0.773432
0.1906	0.983991	0.101462
0.730767	0.360911	0.587998
0.548358	0.493413	0.677794
0.264374	0.325379	0.909423
0.218354	0.933996	0.297809
0.872112	0.189098	0.456879
0.603612	0.54008	0.589424
0.462851	0.707339	0.546169
0.802422	0.0925186	0.603847
0.86965	0.501223	0.0189093
0.792511	0.344503	0.507953
0.936962	0.0461837	0.351628
0.667621	0.179764	0.740129
0.550803	0.26478	0.810317
0.1624	0.807688	0.598017
0.188175	0.276533	0.954322
0.510313	0.878454	0.0592811
0.279229	0.739588	0.660028
0.112728	0.916105	0.40571
0.0130995	0.484407	0.877312
0.614139	0.000308711	0.81679
0.980871	0	0.19753
0.0929961	0.40693	0.920641
0.756272	0.412498	0.530168
0.813459	0.589247	0.0694597
0.144735	0.722987	0.681536
0.998745	0.049229	0.0660911
0.275765	0.849358	0.460956
0.227334	0.534451	0.829466
0.562805	0.0669328	0.828512
0.300189	0.924583	0.271644
0.793788	0.175873	0.591906
0.521115	0.811018	0.28007
0.196369	0.98738	0.0808983
0.798753	0.044761	0.620631
0.924123	0.37546	0.110299
0.304138	0.243949	0.924829
0.201603	0.205274	0.961933
0.630383	0.51368	0.589643
0.570604	0.352234	0.759022
0.782719	0.324626	0.536744
0.00649805	0.999652	0.094105
0.056723	0.814806	0.578446
0.526411	0.639721	0.601763
0.595687	0.408442	0.697681
0.688932	0.701479	0.271337
0.242454	0.0250816	0.97355
0.141556	0.973721	0.188779
0.0628895	0.650436	0.758258
0.742958	0.585792	0.333714
0.198569	0.0286423	0.986257
0.700634	0.448567	0.56346
0.414142	0.875434	0.257642
0.288392	0.914761	0.296006
0.910391	0.364091	0.240053
0.793617	0.525976	0.36209
0.221795	0.246626	0.946346
0.558132	0.533844	0.643901
0.967221	0.261775	0.0426113
0.506598	0.241571	0.833799
0.826016	0.443544	0.369591
0.772122	0.279409	0.574356
0.3166	0.932512	0.21504
5.87332e-17	2.30173e-17	1.03021
0.68088	0.726097	0.125229
0.851863	0.38812	0.35839
0.764903	0.365077	0.543606
0.0507328	0.371449	0.930162
0.737865	0.467072	0.488673
0.748539	0.640183	0.254508
0.467632	0.855886	0.225053
0.7472	0.663269	0.14165
0.942135	1.08943e-184	0.336489
0.880942	0.193226	0.465147
0.58262	0.121159	0.813815
0.324272	0.277331	0.9092
0.923019	0.233011	0.314629
0.145006	0.0634823	0.990368
0.593203	0.545548	0.593553
0.873509	0.481516	0.139641
0.892875	0.103474	0.453549
0.920977	0.391453	0.0575883
0.668614	0.101892	0.745666
0.657904	0.75012	0.0766902
0.0045703	0.949756	0.321913
0.837724	0.511317	0.281
0.0622075	0.70774	0.706098
0.890172	0.411977	0.226712
0.0999594	0.455433	0.890949
0.0851064	0.491993	0.872089
0.693586	0.251023	0.683507
4.67673e-17	3.98028e-17	1.00294
0.251834	0.946809	0.208053
0.520268	0.444956	0.732429
0.825894	0.30022	0.503177
0.985361	0.0769237	0.1526
0.480962	0.775382	0.43419
0.213189	0.61204	0.787807
0.0366672	0.884183	0.472078
0.17521	0.969093	0.187529
0.183102	0.690633	0.703063
0.31731	0.75845	0.571326
0.166706	0.772981	0.615233
0.429463	0.655235	0.624647
0.772172	0.33425	0.557516
0.198035	0.570807	0.800049
0.385205	0.423683	0.831751
0.423708	0.646535	0.639614
0.828804	0.28543	0.505784
0.606353	0.67668	0.42369
0.235406	0.88533	0.456709
0.851149	0.343185	0.403049
0.628355	0.161038	0.762178
0.210112	0.224106	0.955157
0.112487	0.975655	0.195301
0.806218	0.280171	0.53496
0.999226	0.0527334	0.0332099
0.70442	0.732176	0.0257571
0.284175	0.17098	0.958785
0.405951	0.813163	0.421301
0.900607	0.43679	0.0901723
0.947586	0.277741	0.169504
0.121307	0.559153	0.828649
0.812397	0.0560357	0.581808
0.343786	0.138792	0.9374
0.557917	0.00602495	0.847729
0.20338	0.76464	0.612943
0.157147	0.433551	0.897743
0.915707	0.183677	0.362456
0.362645	0.0245121	0.943769
0.566905	0.819509	0.106013
0.294496	0.326274	0.902619
0.0708472	0.409561	0.914636
0.400808	0.651379	0.678174
0.949565	0.217551	0.233024
0.391686	0.917013	0.10151
0.0145321	0.68058	0.735822
0.600589	0.0162293	0.802822
0.860817	0.509717	0
0.191617	0.936802	0.296966
0.569127	0.607033	0.567947
0.10649	0.978362	0.27082
0.616924	0.697063	0.376084
0.111226	0.634608	0.766162
0.822312	0.573575	0.00574019
0.357327	0.901401	0.25737
0.0278457	0.704198	0.716507
0.503336	0.13312	0.861988
0.0247202	0.897791	0.463212
0.433745	0.46109	0.774922
0.638929	0.713033	0.294713
0.0315409	0.946941	0.34398
0.273356	0.460281	0.854342
0.908544	0.400526	0.237783
0.413897	0.631486	0.6732
0.436571	0.891619	0.244789
0.896573	0.401773	0.200991
0.654747	0.559968	0.526142
0.532253	0.60613	0.594198
0.974466	0.246161	2.02703e-288
0.272805	0.96541	0.0187249
0.467044	0.521006	0.717099
0.172539	0.786118	0.594351
0.84574	0.392535	0.367251
0.934499	0.121265	0.352834
0.998222	0.0900933	0.0833861
0.831473	0.330487	0.461466
0.709259	0.305191	0.647238
0.905239	0.359807	0.308473
0.491333	0.798496	0.363855
0.470358	0.780271	0.42845
0.41167	0.824618	0.412858
0.245027	0.718646	0.664897
0.075159	0.58053	0.815374
0.797381	0.129039	0.590577
0.422338	0.475563	0.772679
0.587393	0.353418	0.732125
0.275599	0.808309	0.5249
0.0654901	0.751461	0.658375
0.282347	0.82329	0.49513
0.448491	0.797661	0.435457
0.705845	0.621594	0.351863
0.341721	0.911455	0.239895
0.731739	0.535996	0.425078
0.288903	0.958149	0.0977376
0.0501469	0.925553	0.381916
0.460514	0.702756	0.578301
0.969805	0.00133791	0.301192
0.95351	0.211096	0.233605
0.450791	0.0304701	0.893648
0.124189	0.986658	0.120143
0.927355	0.343328	0.175516
0.226372	0.516656	0.834375
0.381225	0.419898	0.838911
0.645022	0.720655	0.276911
0.689838	0.73565	0.12139
0.785717	0.497363	0.373909
0.870719	0.164196	0.468216
0.441797	0.743904	0.510876
0.553858	0.845026	0.0191877
0.721971	0.528841	0.450919
0.620692	0.616945	0.501102
0.926188	0.338557	0.183876
0.205176	0.0792517	0.977683
0.716685	0.093	0.697046
0.241695	0.0305015	0.973241
0.816413	0.347009	0.466438
1.09571e-17	0.178944	0.984204
0.807563	0.268362	0.546349
0.663037	0.734582	0.159948
0.33268	0.134884	0.942957
0.462223	0.515832	0.726486
0.369988	0.146912	0.919651
0.0318543	0.904879	0.44438
0.793008	0.260271	0.553021
0.861966	0.339706	0.395203
0.972439	0.208455	0.11533
0.668117	0.271549	0.697778
0.516515	0.839422	0.198842
0.60115	0.198234	0.781983
0.494185	0.868231	0.0629915
0.352815	0.594075	0.723824
0.636074	0.770866	0.0630161
0.0461148	0.496404	0.870764
0.744452	0.31462	0.603565
0.312002	0.909761	0.278829
0.189725	0.628161	0.781682
0.155937	0.996855	0.0145283
0.0783434	0.258366	0.963711
0.578414	5.28923e-05	0.837706
0.649439	0.713337	0.26598
0.606888	0.263713	0.755418
0.650884	0.396536	0.650353
0.519319	0.553819	0.670529
0.611134	0.252944	0.75508
0.254512	0.979174	0.0199248
0.287687	0.0438411	0.960881
0.586073	0.633518	0.514843
0.264469	0.121727	0.961312
0.398185	0.0359377	0.922182
0.152388	0.553564	0.83154
0.629645	0.737982	0.250327
0.299292	0.877799	0.379115
0.245418	0.719791	0.65433
0.440915	0.74242	0.52025
0.476127	0.0136259	0.885537
0.298238	0.874709	0.390493
0.139777	0.998652	0.0234053
0.508728	0.474645	0.722593
0.0105812	0.953577	0.311899
0.469224	0.896145	0.0656288
0.539982	0.789302	0.295305
0.54633	0.588135	0.600334
0.726752	0.532343	0.437006
0.263919	0.730791	0.634502
0.366489	0.0247719	0.942244
0.260233	0.863985	0.442852
6.12505e-17	1.0003	0
6.35226e-17	5.52222e-20	1.0374
0.861027	0.152262	0.500092
0.0968038	0.727511	0.680298
0.313774	0.892759	0.333695
0.892584	0.202466	0.405993
0.21877	0.976505	0.0331698
0.32462	0.428672	0.849258
0.292853	0.804455	0.540333
0.974441	0.133374	0.22219
1.48937e-17	5.9568e-17	1.00277
0.532713	0.460439	0.716895
0.112318	0.64447	0.761038
0.613679	0.447733	0.661842
0.865188	0.505298	0.10151
0.505032	0.874486	0.0694134
0.910034	0.413068	0.203135
0.145727	0.493232	0.868886
0.245142	0.86051	0.490438
0.746514	0.362097	0.563323
0.27783	0.906632	0.337962
0.818185	0.56922	0.0955804
0.350437	0.83993	0.430044
0.744454	0.290738	0.604243
0.878186	0.425965	0.222624
0.357363	0.245004	0.907201
0.0424241	0.167613	0.990062
0.836645	0.545385	0.145648
0.56327	0.0668489	0.831818
0.63657	0.760287	0.171332
0.678113	0.586113	0.454876
0.369838	0.53035	0.776985
0.0254902	0.222851	0.980695
0.278052	0.843171	0.468249
0.758805	0.571501	0.351182
0.48945	0.854705	0.182175
0.341424	0.91592	0.251791
0.948497	0.242725	0.223874
0.597265	0.465382	0.659683
0.987868	0.101149	0.123375
0.076029	0.994351	0.137513
0.968348	0.0888267	0.240068
0.823097	0.235282	0.522583
0.38133	0.768057	0.518655
0.922937	0.000342807	0.387695
0.070259	0.378187	0.926656
0.150067	0.869933	0.476308
0.826842	0.580979	0.073437
0.701759	0.720602	0.0505484
0.0333579	0.701935	0.723886
0.00734152	0.985773	0.190303
0.513526	0.319079	0.8008
0.621016	0.683143	0.395574
0.622459	0.477984	0.635773
0.940694	0.271118	0.314083
0.798709	0.332715	0.514147
0.899683	0.387752	0.229804
0.191864	0.336989	0.923626
0.9979	0.110885	0.0128629
0.155901	0.43925	0.886838
0.642973	0.451783	0.641772
0.800317	0.579282	0.163921
0.925863	0.342235	0.182574
0.737072	0.691235	0.0014726
0.14373	0.610602	0.787766
0.874746	0.0170644	0.50301
0.540522	0.450636	0.7456
0.777054	0.412353	0.483962
0.0216747	0.968196	0.259084
0.474858	0.819036	0.357832
0.583766	0.526648	0.62364
0.204433	0.410631	0.895604
0.391683	0.401088	0.84816
0.430041	0.0477854	0.905952
0.437972	0.0460109	0.903473
0.66727	0.67612	0.345549
0.555401	0.605489	0.574237
0.668666	0.481737	0.5831
0.904421	0.132544	0.417791
0.506065	0.500359	0.748826
0.49992	0.75273	0.484257
0.452352	0.880164	0.154105
0.709247	0.71058	0.00130909
0.696332	0.39288	0.604476
0.685369	0.63094	0.380491
0.47483	0.78947	0.39674
0.763367	0.0435753	0.649668
0.27905	0.262065	0.941075
0.00184856	0.303894	0.954631
0.933097	0.289386	0.263194
0.320669	0.900789	0.319576
0.269789	0.594556	0.766938
0.958124	0.269507	0.138925
0.186623	0.107327	0.978386
0.335164	0.944321	0.00821412
0.581709	0.419089	0.704652
0.237208	0.940441	0.291758
0.0598889	0.565274	0.828791
0.731427	0.515872	0.463518
0.749847	0.656337	0.168178
0.545259	0.487228	0.692919
0.411378	0.868629	0.279425
0.959949	0.0242081	0.303772
0.76844	0.639648	0.0502456
0.432294	0.373086	0.841784
0.419475	0.0541409	0.911401
0.207412	0.184873	0.968513
0.548398	0.469347	0.694793
0.461028	0.377508	0.807462
0.524775	0.619263	0.595067
0.648039	0.655896	0.447466
0.45071	0.749367	0.521376
0.62934	0.74971	0.213392
0.456152	0.78159	0.442787
0.232144	0.78633	0.575594
0.40847	0.281605	0.887537
0.575002	0.0779668	0.823766
0.435845	0.6936	0.591063
0.964218	0.0316091	0.288959
0.138883	0.275052	0.954514
0.98369	0.167891	0.123907
0.87289	0.196278	0.497054
0.808209	0.433147	0.403003
0.570002	0.785989	0.311495
0.224284	0.739654	0.640738
0.300648	0.2166	0.935285
0.399954	0.699496	0.609198
0.521515	0.479292	0.708533
0.344096	0.206607	0.92107
0.783982	0.0374952	0.628901
0.409797	0.0554791	0.915156
0.632787	0.774973	0.0837957
0.334526	0.769533	0.557572
0.263785	0.190042	0.948393
0.642016	0.31141	0.70126
0.79008	0.326499	0.551012
0.0117072	0.615116	0.793763
0.101107	0.954323	0.311895
0.78802	0.0334231	0.65385
0.811021	0.590702	0.0409936
0.113184	0.929976	0.363352
0.299469	0.249034	0.928411
0.491017	0.857442	0.176301
0.436901	0.820846	0.393603
0.690098	0.389363	0.613003
0.808588	0.0846648	0.615138
0.58701	0.061464	0.815633
0.762061	0.638973	0.156155
0.804467	0.585929	0.11397
0.25225	0.924268	0.304927
0.198011	0.898554	0.420931
0.464056	0.436698	0.782452
0.508754	0.86831	0.019593
0.793342	0.562951	0.244097
0.00995258	0.999094	0.114418
0.306068	0.936899	0.268704
0.274263	0.178784	0.954632
0.378708	0.348633	0.872694
0.0185036	0.74268	0.688629
0.843961	0.0914482	0.533564
0.21128	0.515003	0.834339
0.0512338	0.48398	0.87797
0.705317	0.0368024	0.715324
0.630982	0.552386	0.586684
0.255905	0.778555	0.573803
0.472078	0.448839	0.765842
0.793024	0.330347	0.527084
0.850864	0.343906	0.419844
0.0591062	0.557886	0.836969
0.0883253	0.833676	0.55038
0.493134	0.322774	0.814468
0.978122	0.00902089	0.213244
0.184707	0.217964	0.963843
0.915645	0.385141	0.205722
0.084452	0.466711	0.896671
0.975072	0.122013	0.208498
0.679442	0.747414	0.130233
0.228901	0.247202	0.951763
0.16817	0.28469	0.945805
0.719009	0.648518	0.267105
0.604835	0.555915	0.584376
0.174502	0.104786	0.98104
0.632578	0.774717	0.0855073
0.462807	0.812873	0.370375
0.0391221	0.17268	0.99171
0.932321	0.000176474	0.371952
0.420548	0.0441804	0.911202
0.333631	0.200427	0.927741
0.945806	0.128246	0.328054
0.259282	0.987419	0.000691881
0.159943	0.11523	0.982184
0.182124	0.220462	0.967224
0.739328	0.660947	0.167364
0.2119	0.973759	0.142388
0.0777647	0.186387	0.985951
0.402723	0.746015	0.532922
3.75001e-33	6.12423e-17	1.00016
6.21166e-17	3.76926e-24	1.01444
0.604131	0.105891	0.8043
0.537231	0.412347	0.737428
0.364993	0.802453	0.486504
0.913096	0.405866	0.0511045
0.558602	0.603204	0.583905
0.750214	0.320163	0.580835
0.854872	0.117078	0.510357
0.672509	0.45805	0.592823
0.28366	0.797206	0.540501
0.166138	0.816307	0.555835
0.479465	0.529937	0.704085
0.454111	0.244277	0.872888
0.549377	0.560862	0.623087
0.0505981	0.216311	0.978004
0.402276	0.927764	0.0815874
0.108587	0.0720759	0.991973
0.114316	0.192431	0.976582
0.150969	0.483167	0.868832
0.983511	0.168581	0.0726666
0.233085	0.970726	0.0649991
0.123217	0.987678	0.112404
0.47444	0.865061	0.176066
0.640034	0.681051	0.387495
0.704677	0.711756	0.0635646
0.230648	0.202944	0.954162
0.687843	0.541329	0.487821
0.273323	0.77276	0.574654
0.494724	0.847928	0.198416
0.796053	0.57095	0.210413
0.494852	0.27049	0.845555
0.712091	0.376977	0.605722
0.56869	0.284789	0.776518
0.728582	0.0917393	0.69126
0.787886	0.465018	0.420896
0.610982	0.310698	0.731866
0.990029	0.134933	0.0829099
0.790854	0.327128	0.519774
0.00273383	0.622889	0.785813
0.812895	0.389007	0.434711
0.804558	0.589469	0.0981464
0.698647	0.682253	0.235165
0.341959	0.822006	0.472942
0.0953399	0.698538	0.719273
0.144585	0.990838	0.0235551
0.189903	0.490217	0.862944
0.0183431	0.291326	0.96166
0.861385	0.0252393	0.525928
0.307155	0.664724	0.683262
0.179848	0.745087	0.643382
0.887757	0.444571	0.149269
0.646609	0.0621776	0.76992
0.0800823	0.913431	0.415545
0.929904	0.369618	0.0423943
0.0285603	0.922048	0.395652
0.171654	0.282968	0.949069
0.0880553	0.396044	0.919051
0.627351	0.297504	0.722244
0.681039	0.03778	0.751114
0.651714	0.713972	0.280948
0.0455433	0.896521	0.476863
0.577063	0.809742	0.20407
0.620047	0.785045	0.143405
0.786803	0.579072	0.22413
0.00727885	0.261947	0.970085
0.243097	0.851689	0.467135
0.696949	0.613237	0.377158
0.836172	0.470561	0.310971
0.024491	0.355279	0.935283
0.443073	0.757707	0.481141
0.31637	0.889135	0.334289
0.4725	0.390372	0.795671
0.396821	0.915184	0.0957055
0.435651	0.312026	0.853408
0.922896	0.292037	0.257545
0.000119669	0.173099	0.986724
0.731766	0.599366	0.341667
0.436847	0.308486	0.851691
0.872331	0.475164	0.161036
0.741517	0.00520708	0.687566
0.356275	0.0177199	0.940299
0.822191	0.180408	0.564545
0.207134	0.538733	0.820672
0.948059	0.126995	0.310012
0.0716408	0.651564	0.756955
0.519189	0.197048	0.847384
0.992367	0.0594385	0.130566
0.334992	0.884235	0.326364
0.666929	0.75128	0.134014
0.374122	0.877723	0.301524
0.245232	0.655102	0.724993
0.835203	0.504646	0.264952
0.609743	0.640926	0.494284
0.859625	0.0251877	0.532619
0.552136	0.826569	0.128304
0.721292	0.641744	0.28928
0.00857606	0.677619	0.74514
0.933617	0.359702	0.000242455
0.486561	0.779936	0.403576
0.593698	0.659873	0.463667
0.507123	0.85018	0.190944
0.602563	0.393879	0.699772
0.117003	0.89663	0.43011
0.909992	0.416082	0.0423916
0.305608	0.816389	0.50083
0.171265	0.724624	0.668664
0.972009	0.120843	0.219248
0.719409	0.719389	0.0462012
0.941742	0.084713	0.326357
0.739139	0.584432	0.35243
0.207923	0.331663	0.926279
0.030488	0.787235	0.630031
0.390139	0.871249	0.301675
0.412535	0.402854	0.821538
0.960939	0.231605	0.210335
0.257851	0.688813	0.680883
0.248922	0.438776	0.865851
0.876975	0.45647	0.164858
0.303442	0.857914	0.44021
0.586911	0.755924	0.330517
0.0568077	0.41622	0.910144
0.508666	0.836907	0.241477
0.724424	0.629148	0.299219
0.770399	0.647785	0.0148932
0.227828	0.451039	0.867304
0.95326	0.247661	0.183611
0.184802	0.901513	0.404014
0.176061	0.431985	0.903257
0.8496	0.514544	0.168945
0.176544	0.428715	0.897752
0.20351	0.447426	0.880075
0.839028	0.211072	0.508757
0.843254	0.502963	0.242155
0.769826	0.537289	0.351123
0.259092	0.692128	0.67762
0.620936	0.782005	0.138553
0.0671567	0.945586	0.320428
0.861255	0.489967	0.157291
0.294476	0.956719	0.104072
0.428866	0.830787	0.366871
0.563142	0.514052	0.652231
0.97454	0.227669	0.117315
0.57546	0.511996	0.663669
0.660834	0.453894	0.613937
0.905234	0.149393	0.408655
0.774782	0.639753	0.014867
0.459091	0.327715	0.836678
0.0360878	0.70392	0.713104
0.551149	0.595156	0.598607
0.21426	0.422848	0.884546
0.522261	0.554854	0.658075
0.467698	0.451635	0.770601
0.510148	0.226758	0.830291
0.0535573	0.256047	0.968384
0.264635	0.239468	0.937323
0.880755	0.47598	0.117358
0.924873	0.0786446	0.377109
0.895451	0.342268	0.33776
0.216753	0.523686	0.833598
0.281261	0.790465	0.548124
0.809164	0.0155888	0.605926
0.920168	0.0506138	0.390826
0.0998368	0.904591	0.418643
0.0667379	0.575741	0.825795
0.197217	0.952388	0.252056
0.958647	0.231052	0.211139
0.82131	0.181794	0.564168
0.316204	0.954293	0.0289654
0.216837	0.976279	0.0651132
0.907059	0.155408	0.400567
0.169568	0.546962	0.827434
0.662885	0.732666	0.181632
0.375947	0.936495	0.00200181
0.218139	0.423333	0.883506
0.752329	0.398451	0.529304
0.0765286	0.693403	0.720657
0.681196	0.740347	0.00954118
0.901625	0.143897	0.409804
0.0620994	0.874378	0.482603
0.328322	0.362884	0.891765
0.300067	0.62285	0.740352
0.756888	0.0769136	0.663828
0.650626	0.0770969	0.766684
0.276677	0.300187	0.928105
0.65843	0.00138376	0.753932
0.709254	0.382524	0.605806
0.532215	0.140952	0.846987
0.297403	0.951338	0.0902658
0.0122357	0.422543	0.915868
0.460856	0.255324	0.864819
0.57571	0.819415	0.121401
0.13207	0.597043	0.801853
0.511192	0.813214	0.360908
0.695758	0.363659	0.62306
