1.39427e-17	5.97888e-17	1.00262
0.959209	0.11569	0.27365
0.121397	0.968969	0.2403
0.585256	0.810515	0.086384
0.307893	0.0731998	0.949137
0.660384	0.682936	0.331581
0.38502	0.899957	0.222666
0.523607	0.54449	0.657837
0.403166	0.897636	0.209478
0.422141	0.872003	0.260103
0.0950342	0.95244	0.299252
0.360172	0.936652	0.0288128
0.752903	0.379892	0.5576
0.346006	0.927818	0.14797
0.948351	0.154394	0.29775
0.112658	0.43559	0.89817
0.132044	0.838011	0.539648
0.773689	0.517762	0.369151
0.224815	0.984923	0.0184076
0.0147705	0.827629	0.568675
0.0808796	0.69285	0.743736
0.374647	0.791198	0.484653
0.780419	0.601835	0.181018
0.562996	0.279924	0.793795
0.944362	0.282765	0.202141
0.0626857	0.733961	0.677712
0.804719	0.427731	0.419079
0.0638517	0.749392	0.665957
0.468714	0.296442	0.839488
0.369625	0.780592	0.507368
0.661272	0.171011	0.734058
0.715184	0.614612	0.405798
0.535868	0.597911	0.598755
0.749076	0.448658	0.494946
0.937901	0.00025451	0.353813
0.435478	0.896806	0.126778
0.628859	0.375125	0.682376
0.0257234	0.737326	0.687661
0.413467	0.912135	0.10097
0.458433	0.665362	0.59078
0.861441	0.472632	0.192904
0.0431189	0.639767	0.774415
0.288217	0.964728	0.0524485
0.220794	0.238429	0.950943
0.0023791	0.991339	0.214951
0.242275	0.924876	0.333703
0.391457	0.845519	0.400956
0.897848	0.103817	0.431426
0.316537	0.352362	0.888125
0.709276	0.704895	0.0417632
0.915744	0.210003	0.345508
0.593638	0.00445092	0.811073
0.592783	0.633118	0.503395
0.993932	2.53295e-07	0.155781
0.904125	0.203132	0.380376
0.0863295	0.372527	0.925131
0.45026	0.62356	0.646456
0.148125	0.0875045	0.986743
0.00314968	0.884071	0.474028
0.00171298	0.713777	0.721913
0.680287	0.487369	0.548525
0.261489	0.916041	0.309696
0.796679	0.184128	0.578614
0.00173519	0.723034	0.707256
0.550701	0.299075	0.787838
0.486621	0.118338	0.872588
0.11751	0.821717	0.570739
0.156481	0.447758	0.882002
0.124932	0.903174	0.443646
0.497704	0.383691	0.778763
0.818571	0.408602	0.422322
0.783409	0.233759	0.578516
0.869917	0.477363	0.166707
0.578972	0.651025	0.497289
0.00887167	1	0.100825
0.395476	0.309499	0.866072
0.701723	0.504564	0.507412
0.25074	0.957671	0.175671
0.811102	0.560788	0.194646
0.914872	0.226456	0.374016
0.823437	0.245977	0.526319
0.635228	0.05453	0.779037
0.734808	0.198784	0.655143
0.649984	0.175837	0.745353
0.808524	0.527672	0.315571
0.603565	0.165805	0.790233
0.0755607	0.700584	0.727878
0.894719	0.216121	0.394964
0.884754	0.476405	0.0288516
0.0385586	0.818476	0.588077
0.259873	0.353106	0.904632
0.00759569	0.952463	0.321098
0.231667	0.769592	0.601969
0.234931	0.881761	0.457564
0.292532	0.979171	0.0413861
0.446851	0.332099	0.833935
0.969472	0.262267	0.00571108
0.67153	0.499746	0.548674
0.765847	0.578168	0.289141
0.0511563	0.361964	0.93263
0.855774	0.508337	0.111737
0.932619	0.0121202	0.366021
0.310969	0.674812	0.674084
0.632726	0.59074	0.50771
0.83533	0.193272	0.525099
0.813093	0.405801	0.425032
0.179693	0.467862	0.868683
0.644409	0.318435	0.701256
0.428269	0.260059	0.873007
0.270888	0.798034	0.550816
0.713176	0.146818	0.697878
0.298184	0.759963	0.607049
0.558695	0.415221	0.719043
0.480597	0.370503	0.801778
0.740577	0.41649	0.533968
0.570834	0.0217707	0.826184
0.761247	0.455948	0.467316
0.829267	0.497087	0.278508
0.880937	0.47236	0.121469
0.310484	0.0321827	0.953896
0.276731	0.741745	0.616391
0.874215	0.0466684	0.484401
0.45355	0.326119	0.831674
0.527085	0.33336	0.790108
0.200186	0.575363	0.804398
0.644594	0.104879	0.766644
0.229379	0.761992	0.61335
0.169982	0.442578	0.881601
0.197936	0.981401	0.0352263
0.288065	0.964221	0.0580707
0.43378	0.870397	0.251764
0.653325	0.609972	0.468838
0.0187581	0.287649	0.962266
0.333133	0.867369	0.383206
0.991479	0.123967	0.0688867
0.865574	0.474899	0.16785
0.322861	0.943474	0.106212
0.189841	0.494284	0.855192
0.247216	0.554105	0.796392
0.985582	0.163752	0.115813
0.313707	0.84985	0.445475
0.35087	0.0947631	0.937021
0.554408	0.803671	0.220371
0.21305	0.872932	0.463941
0.615637	0.45754	0.643094
0.684699	0.149799	0.726846
0.354048	0.828381	0.452383
0.997316	0.0692074	0.0863826
0.738163	0.399897	0.555094
0.42747	0.85837	0.286493
0.981712	0.227138	0.016032
0.362948	0.208056	0.909281
0.517448	0.388632	0.764347
0.612173	0.460896	0.652633
0.0579972	0.919527	0.396486
0.983646	0.148221	0.141357
0.0939015	0.998562	0.0143497
0.586914	0.659956	0.473245
0.347954	0.853047	0.396725
0.276942	0.066654	0.95991
0.716289	0.306666	0.634245
0.547196	0.190387	0.821486
0.329507	0.569038	0.760436
0.23666	0.746353	0.627201
0.92347	0.129968	0.38728
0.162043	0.741794	0.655788
0.473292	0.337334	0.823409
0.539002	0.556855	0.639717
0.135917	0.800991	0.605868
0.848864	0.5339	0.0143474
0.265022	0.0634717	0.971164
0.622838	0.307775	0.727041
0.0649473	0.159372	0.987068
0.850655	0.205307	0.488056
0.0318433	0.877113	0.485912
0.632155	0.470444	0.626359
0.0712102	0.209785	0.978352
0.322003	0.58724	0.753075
0.504214	0.698281	0.515175
0.329037	0.945512	0.0747018
0.335707	0.00309905	0.982437
0.900168	0.101479	0.427253
0.194707	0.340691	0.921445
0.877878	0.48165	0.000420205
0.150037	0.0370715	0.997787
0.844011	0.421301	0.376179
0.26307	0.833405	0.519705
0.517037	0.394	0.763096
0.656416	0.143611	0.755599
0.544475	0.554309	0.638447
0.386549	0.0921177	0.918343
0.357179	0.910319	0.280997
0.325247	0.291341	0.907839
0.738053	0.00106767	0.687789
0.00128368	0.534893	0.847636
0.140611	0.433431	0.891143
2.04408e-17	5.83969e-17	1.01043
0.262317	0.0822216	0.974665
0.637863	0.767412	0.100348
0.438185	0.2269	0.877556
0.388407	0.0702772	0.920472
0.90497	0.208512	0.415875
0.0410734	0.717936	0.702906
0.0886815	0.312234	0.950416
0.311146	0.521289	0.803388
0.45107	0.480546	0.754178
0.947214	0.289074	0.165727
0.0379161	0.997989	0.0611007
0.238445	0.932146	0.29596
0.458618	0.129736	0.880508
0.828222	0.448635	0.354366
0.826887	0.15557	0.551786
0.595231	0.805033	0.0802265
0.909164	0.264843	0.337725
0.755921	0.677649	0.0181389
0.343988	0.375455	0.860887
0.22717	0.0982712	0.970793
0.247995	0.969681	0.0423693
0.908931	0.305066	0.286526
0.918737	0.0130756	0.406118
0.85481	0.361	0.374327
0.95681	0.189612	0.244566
0.481029	0.136076	0.868759
0.677671	0.685615	0.270919
0.0524438	0.501243	0.86566
0.611663	0.652694	0.452359
0.425602	0.38381	0.849067
0.734188	0.658166	0.174639
0.661868	0.266199	0.717778
0.684088	0.728791	0.126558
0.866293	0.236173	0.441977
0.738758	0.642936	0.221299
0.971377	0.298895	0.00626235
0.838069	0.140711	0.577763
0.0700604	0.89052	0.466396
0.60235	0.750472	0.277248
0.796274	0.00370333	0.605508
0.284911	0.0893036	0.958657
0.270264	0.939178	0.217524
0.674313	0.103016	0.734576
0.962697	0.280476	0.0528636
0.184013	0.8344	0.522687
0.419161	0.472092	0.780222
0.921133	0.346449	0.230634
0.785959	0.272784	0.560428
0.131527	0.862414	0.513874
0.889066	0.249645	0.384438
0.0224487	0.122445	0.995744
0.652397	0.161997	0.748158
0.745373	0.668193	0.0264926
0.365025	0.537405	0.763446
0.378268	0.108257	0.924048
0.907212	0.157867	0.39999
0.453196	0.610642	0.652053
0.882454	0.420882	0.264866
0.475473	0.758957	0.446124
0.403534	0.915626	0.089638
0.503767	0.487291	0.714331
0.620013	0.435099	0.65896
0.188982	0.98043	0.0701611
0.171711	0.981304	0.0954372
0.0140284	0.369242	0.936258
0.301618	0.331978	0.895159
0.411143	0.0504788	0.911355
0.537173	0.0302371	0.850795
0.876515	0.0370523	0.485092
0.256762	0.642061	0.732405
0.299214	0.528682	0.803911
0.506858	0.490281	0.710241
0.901503	0.398935	0.173057
0.800881	0.496729	0.348071
0.136176	0.934789	0.329418
0.382043	0.666245	0.643964
0.764463	0.337312	0.559987
0.234094	0.2154	0.95183
0.898836	0.394124	0.201653
0.356541	0.94093	0.00477412
0.888752	0.465058	0.158865
0.142132	0.439823	0.889667
0.729227	3.87772e-10	0.692818
0.48796	0.810908	0.326511
0.582102	0.648504	0.496702
0.719383	0.220173	0.683754
0.207138	0.778577	0.595945
0.466145	0.851254	0.257319
0.976826	0.222487	0.0337421
0.216262	0.198992	0.957424
0.033951	0.954271	0.315378
0.0939754	0.537055	0.839174
0.024092	0.325046	0.94628
0.671517	0.747118	0.10991
0.981792	0.187631	0.052862
0.777037	0.414455	0.475061
0.66639	0.741415	0.1168
0.0809372	0.782427	0.638029
0.335248	0.0628144	0.941335
0.319874	0.531577	0.786293
0.100881	0.563974	0.824756
0.867499	0.459906	0.196442
0.680642	0.599828	0.428478
0.120976	0.770038	0.647237
0.209249	0.624299	0.773765
0.770261	0.16809	0.617387
0.573297	0.131835	0.81119
0.289491	0.431838	0.855964
0.268486	0.446179	0.854576
0.715679	0.385186	0.584431
0.924455	0.388089	0.0704516
0.211946	0.19502	0.95976
0.415826	0.177186	0.90208
0.340576	0.734277	0.597911
7.88633e-06	0.973927	0.242409
0.196195	0.642834	0.743322
0.529626	0.670314	0.533039
0.363491	0.0660105	0.929836
0.808093	0.567086	0.179506
0.779506	0.170107	0.608254
0.533824	0.167324	0.833732
0.126496	0.868343	0.488115
0.0208634	0.113798	0.99689
0.118922	0.816347	0.568581
0.573119	0.574965	0.586846
0.619558	0.581517	0.539324
0.705954	0.256023	0.674934
0.70888	0.717189	0.0574663
0.151985	0.362218	0.922539
0.588363	0.59526	0.560917
0.294	0.945511	0.145658
0.68033	0.600637	0.424535
0.590141	0.604197	0.540734
0.0708485	0.986551	0.153216
0.325787	0.957746	0.110767
0.416721	0.900829	0.136852
0.269597	0.920629	0.307337
0.369462	0.92388	0.189595
0.366474	0.908284	0.229533
0.0732037	0.692957	0.728467
0.160488	0.848253	0.508523
0.0274929	0.727213	0.688193
0.0670467	0.51686	0.855331
0.0615503	0.785819	0.639346
0.285987	0.949234	0.188902
0.578309	0.115246	0.813149
0.46733	0.883956	0.0891262
0.568336	0.721876	0.41143
0.513575	0.794716	0.334068
0.318524	0.888434	0.366467
0.215915	0.634157	0.752038
0.498717	0.55911	0.66608
0.549267	0.615782	0.569187
0.392585	0.705098	0.613776
0.300128	0.55675	0.776119
0.722176	0.69728	0.0269433
0.703995	0.246625	0.675693
0.996291	0.0441001	0.0977195
0.108126	0.917981	0.40307
0.663887	0.722292	0.22907
0.984809	0.231671	0.00876122
0.813392	0.158902	0.571679
0.541634	0.00107859	0.845023
0.211611	0.68242	0.708449
0.475272	0.838386	0.302689
0.492462	0.818073	0.315374
0.598218	0.788729	0.144331
0.558856	0.745241	0.370518
0.863465	0.14622	0.493058
0.165035	0.872286	0.463858
0.56677	0.584856	0.588729
0.8026	0.350448	0.493067
0.692638	0.000486295	0.745884
0.653986	0.162392	0.744274
0.627023	0.47284	0.622197
0.872674	0.382099	0.323615
0.20258	0.639031	0.752561
0.809103	0.453408	0.461548
0.868272	0.391106	0.323491
0.100129	0.410024	0.90707
0.357977	0.0650092	0.932145
0.931625	0.0512904	0.361682
0.105801	0.605482	0.790525
0.389944	0.700354	0.620841
0.920731	0.423286	0.0581873
0.615988	0.549628	0.568985
0.930978	0.326584	0.263073
0.397271	0.415241	0.827272
0.937803	0.28621	0.207059
0.57136	0.512198	0.643758
0.512527	0.464161	0.724615
0.751585	0.181893	0.641882
0.791003	0.241401	0.57193
0.397522	0.901984	0.19194
1.76722e-14	1.19341e-17	1.00395
3.75026e-33	6.12464e-17	1.00023
0.833183	0.514961	0.237611
0.538868	0.667392	0.548425
0.882638	0.485384	0.0278693
0.857488	0.0184796	0.5302
0.322233	0.796988	0.518568
0.00461811	1.00221	1.50374e-09
0.977652	0.206938	0.0848115
0.245581	0.911163	0.353207
0.335645	0.93232	0.158589
0.0404527	0.239006	0.973188
0.74537	0.452554	0.4948
0.459778	0.147368	0.879603
0.904681	0.356407	0.263351
0.130851	0.223712	0.966315
0.552166	0.367788	0.762409
0.808712	0.250205	0.535961
0.12521	0.570791	0.812975
0.47075	0.88102	0.125455
0.0678658	0.376353	0.941193
0.0779715	0.31462	0.955392
0.931839	0.359843	0.104728
0.0302363	0.683453	0.740108
0.10183	0.873354	0.50666
0.560398	0.260765	0.804931
0.69451	0.554947	0.463135
0.260142	0.602174	0.755562
0.736947	0.678315	0.0181037
0.649935	0.743381	0.173381
0.133232	0.836399	0.541495
0.846717	0.529227	0.0979451
0.0533992	0.582422	0.829949
0.4566	0.890854	0.0451593
0.166106	0.476741	0.866151
0.633335	0.110505	0.770353
0.220436	0.983662	0.0700557
0.255006	0.754383	0.612659
0.764041	0.466394	0.450835
0.914254	0.0583259	0.403042
0.288224	0.495332	0.839783
0.264747	0.612832	0.748296
0.64283	0.393261	0.6583
0.985798	0.119113	0.166762
0.831943	0.0432427	0.560342
0.411222	0.758067	0.515028
0.687796	0.549582	0.481401
0.316927	0.752426	0.589775
0.581961	0.811287	0.0872545
0.199813	0.748647	0.639218
0.544084	0.232486	0.822708
0.186691	0.114895	0.981928
0.798105	0.602123	0.0782643
0.735059	0.634047	0.283965
0.138258	0.818993	0.569197
0.071726	0.729421	0.689532
0.475862	0.858083	0.221768
0.730707	0.630292	0.291256
0.19718	0.738779	0.648583
0.585739	0.71448	0.385289
0.296969	0.938053	0.204891
0.502298	0.339275	0.799489
0.0968553	0.994235	0.0890681
0.38779	0.845239	0.374109
0.216074	0.186484	0.964008
0.273445	0.632966	0.7293
0.0838492	0.955583	0.311349
0.29053	0.197457	0.941436
0.716918	0.0843085	0.697734
0.107121	0.765239	0.642837
0.875146	0.416059	0.252068
0.714041	0.683598	0.257002
0.668022	0.428474	0.618517
0.180122	0.803765	0.585433
0.0887231	0.493301	0.873204
0.0257492	0.711837	0.705688
0.991366	0.0316106	0.147686
0.00610524	0.146049	0.992861
0.452466	0.276803	0.848463
0.868634	0.404194	0.325484
0.726838	0.647654	0.243158
0.369726	0.298187	0.887409
0.281227	0.963193	0.0476438
0.29726	0.296372	0.908143
0.827138	0.384884	0.416183
0.793186	0.155811	0.594364
0.858917	0.508978	0.0629207
0.441739	0.830604	0.34292
0.679061	0.00411422	0.748238
0.0619149	0.788218	0.628263
0.962794	0.297875	0.107328
0.813467	0.166968	0.576714
0.112152	0.52364	0.85587
0.15079	0.928479	0.342876
0.893983	0.156998	0.423101
0.533126	0.326712	0.79445
0.225658	0.542685	0.817662
0.782753	0.619233	0.152195
0.700694	0.723659	0.0338548
0.590349	0.720103	0.367022
0.342824	0.276489	0.898523
0.994217	0.130438	0.0510538
0.448988	0.785605	0.435178
0.768025	0.437413	0.473348
0.5072	0.421287	0.75852
0.50872	0.821561	0.270186
0.0282925	0.953705	0.322464
0.53471	0.32465	0.783474
0.788335	0.16181	0.600551
0.548569	0.309993	0.778401
0.170226	0.686874	0.718632
0.172888	0.0534405	0.997332
0.92232	0.119298	0.37413
0.308877	0.281358	0.9122
0.394153	0.06776	0.924028
0.934862	0.331621	0.180515
0.758846	0.612014	0.230677
0.63955	0.628176	0.455189
0.773734	0.094825	0.630699
0.180984	0.969351	0.191634
0.377049	0.919292	0.139827
0.345157	0.241073	0.913534
0.206335	0.963385	0.188478
0.672371	0.658274	0.359072
0.727409	0.125051	0.677329
0.332149	0.670973	0.667882
0.750624	0.458563	0.48097
0.0118249	0.944782	0.365594
0.381433	0.917308	0.139805
0.497123	0.30346	0.81711
0.437703	0.00803034	0.910368
0.618842	0.115165	0.777621
0.829559	0.101667	0.579895
0.940441	0.063128	0.337844
0.659466	0.698823	0.305935
0.405653	0.907781	0.113462
0.531644	0.447892	0.725107
0.603789	0.701624	0.387605
0.243119	0.577195	0.782595
0.422092	0.771564	0.480895
0.614406	0.403258	0.68234
0.186658	0.216947	0.962571
0.14484	0.955541	0.299096
0.305268	0.142997	0.958665
0.707572	0.589895	0.405341
0.706711	0.284896	0.661817
0.569425	0.713216	0.428456
0.116987	0.853365	0.509945
0.209614	0.978695	0.120932
0.784558	0.24599	0.571389
0.163347	0.897296	0.442165
0.162154	0.472645	0.87054
0.444547	0.300267	0.859649
0.0625925	0.943501	0.331894
0.448677	0.561976	0.707895
0.303804	0.568577	0.771508
0.760057	0.432874	0.487863
0.628729	0.345753	0.707292
0.469028	0.316803	0.842193
0.674783	0.265836	0.731337
0.863764	0.104368	0.510833
0.888049	0.158474	0.459976
0.389702	0.886886	0.318767
0.382816	0.255869	0.891982
0.596729	0.736444	0.366756
0.957509	0.188477	0.247295
0.328018	0.941441	0.0949522
0.477735	0.86146	0.21314
0.182565	0.904516	0.406822
0.392923	0.091371	0.922783
0.0264058	0.59687	0.831114
0.70803	0.55047	0.467223
0.818042	0.546769	0.204892
0.520447	0.000351458	0.858113
0.433576	0.135947	0.892471
0.440923	0.0251195	0.900106
0.656255	0.756906	0.0938255
0.379276	0.00695842	0.933606
0.159499	0.902226	0.456024
0.947846	0.352447	0.0826705
0.488643	0.88113	9.55859e-11
0.352962	0.936813	0.0523363
0.658809	0.390397	0.643842
0.84843	0.535064	0.0632145
0.775879	0.650083	2.51221e-05
0.823458	0.501185	0.278632
0.901493	0.319562	0.296417
0.0907428	0.975374	0.214765
0.194313	0.780941	0.605365
0.51848	0.119756	0.852721
0.353121	0.164314	0.934893
0.896285	0.00410207	0.492865
0.88096	0.440136	0.183104
0.00424523	0.921292	0.397659
0.155432	0.975762	0.178193
0.152833	0.705954	0.694095
0.356998	0.847557	0.39791
1.76411e-14	1.00218	4.31317e-21
3.66419e-17	4.99798e-17	1.01209
0.0821067	0.396602	0.915255
0.689514	0.722538	0.0912254
0.726406	0.638209	0.263751
0.656596	0.752875	0.0796595
0.676304	0.739289	0.102891
0.647127	0.361093	0.685171
0.254034	0.165312	0.957296
0.261163	0.970694	0.00843233
0.828192	0.121193	0.554879
0.266981	0.383879	0.886299
0.87548	0.449987	0.201224
0.960402	0.17879	0.230721
0.987448	0.00651458	0.171345
0.00341838	0.813455	0.591996
0.38944	0.0637243	0.928027
0.111655	0.664349	0.746604
0.958023	0.301778	0.024155
0.521953	0.487193	0.718093
0.0992771	0.341257	0.935244
0.976895	0.151898	0.15891
0.219262	0.575674	0.78968
0.696635	0.430802	0.581545
0.227436	0.945539	0.245123
0.900629	0.14864	0.429904
0.106166	0.948321	0.354481
0.500527	0.853835	0.1551
0.380186	0.249557	0.892518
0.532591	0.678881	0.506768
0.142007	0.652024	0.751282
0.584381	0.802979	0.161961
0.14345	0.187264	0.973001
0.341725	0.883759	0.338116
0.204766	0.540725	0.818302
0.364533	0.532356	0.769485
0.227046	0.71111	0.695349
0.965669	0.253992	0.180821
0.580643	0.74901	0.352055
0.967603	0.172916	0.192555
0.0354468	0.831713	0.565342
0.576503	0.826612	0.0634733
0.239814	0.761186	0.626877
0.332142	0.918109	0.242932
0.535001	0.331039	0.782859
0.346659	0.394958	0.851276
0.570086	0.379614	0.741703
0.588487	0.158637	0.801697
0.0300263	0.0682852	0.997968
0.394828	0.603389	0.702364
0.754446	0.420977	0.524537
0.601073	0.788056	0.141996
0.300233	0.94033	0.214988
0.52125	0.347201	0.790509
0.847532	0.470463	0.283311
0.626892	0.373509	0.691332
0.883882	0.111128	0.459009
0.433989	0.0862533	0.898337
0.0906864	0.259043	0.965379
0.777404	0.171126	0.62227
0.666085	0.639832	0.392459
0.705165	0.264289	0.675933
0.0677003	0.955622	0.301872
0.453332	0.649822	0.632735
0.162442	0.886749	0.441418
0.287557	0.272732	0.924537
0.663887	0.530508	0.531332
0.324943	0.439518	0.844686
0.912838	0.133579	0.390756
0.503463	0.777705	0.382592
0.803033	0.0382743	0.597587
0.459008	0.709034	0.544122
0.281428	0.872024	0.428589
0.0678455	0.891482	0.451552
0.86988	0.498472	0.121356
0.187333	0.277156	0.943621
0.354049	0.875866	0.344615
0.147329	0.782637	0.606437
0.118263	0.543007	0.836887
0.597339	0.312921	0.759197
0.636355	0.770603	0.203239
0.49271	0.798659	0.366224
0.553204	0.0905211	0.829652
0.8891	0.456987	0.0609603
0.787628	0.625231	0.0397253
0.490823	0.401504	0.775599
0.9997	0.0476479	0.0360643
0.178215	0.52693	0.832951
0.759233	0.570441	0.329947
0.616478	0.793683	0.0325299
0.0227445	0.984266	0.212275
0.741331	0.101029	0.671552
0.859984	0.183076	0.495006
0.04361	0.896467	0.46913
0.795382	0.0118203	0.624147
0.337458	0.46369	0.822448
0.244289	0.342263	0.908845
0.0113558	0.997026	0.0970412
0.59592	0.700038	0.396815
0.493916	0.81993	0.298316
0.589983	0.354118	0.73818
0.373078	0.244892	0.896806
0.482247	0.732218	0.489089
0.711998	0.683936	0.180034
0.649258	0.762695	0.00254463
0.565202	0.767489	0.320867
0.148292	0.142447	0.986273
0.525818	0.837809	0.170062
0.765984	0.607663	0.223576
0.154747	0.920744	0.371037
0.908704	0.287676	0.308666
0.308004	0.516055	0.801477
0.740034	0.110057	0.671542
0.840482	0.54097	0.0713424
0.0407957	0.769874	0.661018
0.016325	0.127071	0.99384
0.605658	0.515583	0.611257
0.853615	0.528185	0.0510835
0.820036	0.517525	0.253645
0.611118	0.668032	0.454502
0.607829	0.423857	0.727555
0.77129	0.211981	0.632342
0.858208	0.511329	0.111888
0.0953911	0.256921	0.963972
0.822898	0.118434	0.56105
0.81393	0.226097	0.537543
0.314146	0.0542191	0.951011
0.171515	0.136253	0.980689
0.922417	0.0403951	0.390905
0.671595	0.739137	0.123737
0.519318	0.879159	0.0494371
0.849965	0.520492	0.143137
0.486136	0.730166	0.488264
0.0208205	0.860612	0.520256
0.542678	0.839996	0.0436366
0.402064	0.593664	0.704963
0.711433	0.391354	0.593851
0.469679	0.675329	0.576027
0.774363	0.58919	0.274509
0.014269	0.958909	0.293989
0.74741	0.41705	0.535437
0.274562	0.88324	0.435611
0.299622	0.193912	0.947325
0.935775	0.219672	0.291443
0.270324	0.855868	0.44306
0.953106	0.292829	0.133359
0.891587	0.196261	0.430289
0.463304	0.676807	0.573704
0.11504	0.986465	0.128994
0.478955	0.317296	0.824372
0.973629	0.235757	0.0211987
0.329559	0.727233	0.634296
0.99493	0.0948962	0.0629476
0.0527641	0.995734	0.133366
0.421169	0.44077	0.84216
0.134501	0.9749	0.218817
0.184332	0.0323209	0.984113
0.24821	0.928787	0.291437
0.701234	0.433646	0.576284
0.020241	0.96577	0.270144
0.558825	0.627807	0.566931
0.70005	0.353535	0.636699
0.631644	0.774797	0.110681
0.412028	0.903246	0.132882
0.995721	0.0187971	0.102817
0.908764	0.195078	0.375878
0.432749	0.637393	0.645659
0.183848	0.952752	0.272309
0.428293	0.613931	0.679603
0.106183	0.910517	0.412723
0.71825	0.631988	0.302586
0.623872	0.20668	0.774651
0.861086	0.176592	0.482541
0.802073	0.559309	0.220777
0.1707	0.844939	0.513925
0.321275	0.425319	0.864497
0.748297	0.413636	0.541729
0.915626	0.217162	0.345839
0.473152	0.0774221	0.881557
0.818161	0.48066	0.317503
0.973775	0.235792	0.0188955
0.891546	0.28044	0.396521
0.38416	0.581048	0.730049
0.693172	0.70916	0.166631
0.351925	0.00198163	0.93947
0.416403	0.596887	0.693949
0.0987568	0.977725	0.218498
0.44535	0.655953	0.619617
0.106675	0.300712	0.95185
0.867775	0.509274	0.120035
0.0909012	0.503422	0.867449
0.295022	0.874665	0.391085
0.867743	0.0202274	0.515086
0.544834	0.445686	0.713024
6.17207e-17	1.00798	1.17995e-06
3.75014e-33	6.12445e-17	1.0002
5.7956e-17	2.23551e-17	1.01446
0.0575674	0.376372	0.931299
0.93762	0.288241	0.215682
0.727289	0.693689	0.0485276
0.0847077	0.213797	0.977928
0.811305	0.0207114	0.592148
0.378629	0.101608	0.925452
0.555836	0.342184	0.767643
0.715582	0.452839	0.551709
0.0917424	0.889796	0.472132
0.272495	0.582593	0.7756
0.768717	0.47931	0.437434
0.689974	0.685865	0.266729
0.621037	0.276085	0.739981
0.929299	0.00521907	0.377359
0.562746	0.737905	0.392511
0.294866	0.758311	0.598621
0.231599	0.238192	0.9465
0.263848	0.40634	0.87803
0.843038	0	0.538374
0.13869	0.29719	0.950445
0.141584	0.108844	0.993975
0.181772	0.99045	0.025715
0.670524	0.00769582	0.744592
0.698994	0.0425177	0.716322
0.593819	0.811355	0.0168206
0.598695	0.615737	0.514499
0.193225	0.202009	0.96347
0.534929	0.774169	0.36324
0.846241	0.506878	0.179079
0.372164	0.121337	0.92408
0.872076	0.456581	0.192146
0.972256	0.265855	0.00106415
0.969968	0.223719	0.136126
0.633071	0.353853	0.696613
0.0478361	0.941002	0.35665
0.606868	0.39614	0.696099
0.387084	0.227382	0.896971
0.254805	0.552712	0.79674
0.453548	0.866856	0.215113
0.34715	0.676469	0.652079
0.822103	0.421381	0.39652
0.739502	0.0588292	0.674077
0.443941	0.882769	0.274255
0.826412	0.428295	0.392558
0.320657	0.497491	0.809122
0.504968	0.0378777	0.868278
0.407538	0.892551	0.199009
0.0119366	0.989817	0.189177
0.990473	0.0877662	0.120867
0.205707	0.975533	0.0954438
0.145574	0.93294	0.33445
0.609279	0.579303	0.560185
0.31147	0.493626	0.828149
0.368528	0.203657	0.915832
0.89743	0.010154	0.454935
0.332253	0.663088	0.673291
0.519137	0.12741	0.852987
0.202331	0.437366	0.882603
0.0347178	0.444071	0.902287
0.948171	0.0692157	0.32143
0.0651646	0.465792	0.88909
0.51135	0.764758	0.401618
0.823887	0.519762	0.252603
0.755646	0.596295	0.306226
0.33753	0.729411	0.604441
0.160244	0.951647	0.270847
0.981672	0.0771786	0.231262
0.960076	0.250179	0.147124
0.643685	0.313773	0.723642
0.175435	0.781648	0.617794
0.0757692	0.94322	0.342208
0.580012	0.362626	0.731424
0.78838	0.628843	0.0184596
0.792019	0.474401	0.403043
0.325595	0.849512	0.419643
0.211634	0.678645	0.708359
0.171187	0.0124965	0.998502
0.749034	0.197129	0.639033
0.424469	0.659054	0.632763
0.686443	0.717649	0.142079
0.364	0.644077	0.685224
0.389944	0.173148	0.91977
0.50995	0.859285	0.0805873
0.103795	0.769986	0.637173
0.684471	0.540129	0.494183
0.460511	0.880166	0.123698
0.80172	0.148237	0.587738
0.943321	0.336305	0.164113
0.115986	0.56475	0.827058
0.890651	0.050598	0.462599
0.885346	0.162506	0.469075
0.221571	0.0741889	0.973702
0.0195787	0.402422	0.922948
0.417821	0.64785	0.647362
0.538899	0.146299	0.836543
0.836561	0.506204	0.223445
0.354236	0.927397	0.153336
0.0294118	0.750506	0.6807
0.734503	0.167639	0.667465
0.711112	0.70611	0.0507809
0.745645	0.588403	0.344031
0.10522	0.834074	0.568644
0.388559	0.535582	0.752677
0.239947	0.000912222	0.9858
0.438783	0.872512	0.290431
0.906358	0.398301	0.17068
0.71904	0.557172	0.425275
0.721703	0.317153	0.623938
0.878263	0.485423	0.0599742
0.585285	0.806746	0.156417
0.227541	0.974432	0.14316
0.910665	0.412878	0.0685872
0.488166	0.706492	0.529013
0.74561	0.331465	0.587825
0.625671	0.655236	0.444348
0.853697	0.449723	0.27723
0.471964	0.77111	0.443417
0.675814	0.039787	0.738542
0.97519	0.036798	0.239627
0.792443	0.620461	0.0352821
0.706532	0.707666	0.0806502
0.874439	0.156196	0.48558
0.39539	0.771366	0.505506
0.187558	0.862265	0.475918
0.632508	0.601389	0.503315
0.131955	0.801439	0.587395
0.416784	0.900682	0.164579
0.698286	0.693374	0.187814
0.781893	0.0637003	0.64335
0.365598	0.632694	0.692079
0.830945	0.518111	0.228622
0.525663	0.185062	0.834871
0.434514	0.734224	0.525576
0.299823	0.0410719	0.960758
0.154095	0.915127	0.378599
0.838186	0.243544	0.494713
0.00131545	0.995907	0.113509
0.16676	0.985151	0.103745
0.24459	0.526081	0.819295
0.128665	0.255847	0.971461
0.500134	0.136757	0.859726
0.379297	0.529788	0.76149
0.0377984	0.483474	0.884347
0.611568	0.370061	0.70277
0.205921	0.568784	0.801686
0.493025	0.137643	0.862783
0.217975	0.962282	0.20213
0.423358	0.855283	0.317717
0.356147	0.898891	0.300628
0.975875	0.0864727	0.210195
0.0728011	0.182258	0.991429
0.315527	0.653685	0.711433
0.920346	0.244709	0.31705
0.735703	0.0502057	0.67734
0.535894	0.573422	0.629231
0.498811	0.308793	0.832375
0.532151	0.167576	0.836591
0.851698	0.0260564	0.524919
0.180195	0.98186	0.119611
0.793988	0.134897	0.621089
0.135526	0.64271	0.75536
0.478307	0.913749	0.0602322
0.0744802	0.194484	0.981404
0.545537	0.520333	0.665586
0.577724	0.366756	0.731708
0.0343145	0.942698	0.354714
0.460184	0.903726	0.130687
0.202239	0.959086	0.206527
0.439509	0.873956	0.278897
0.589454	0.81288	0.0351099
0.492866	0.221427	0.846696
0.573742	0.81851	0.163562
0.258046	0.164336	0.961234
0.190036	0.934218	0.324638
0.759936	0.468052	0.461736
0.496506	0.718561	0.500537
0.530335	0.246269	0.813803
0.572196	0.828102	0.069535
0.86406	0.226928	0.453887
0.366566	0.50925	0.786518
0.367545	0.837206	0.411419
0.601022	0.571451	0.581711
0.328377	0.959564	0.069631
0.713082	0.582415	0.430927
0.108601	0.805659	0.613614
0.303888	0.548669	0.786198
0.124647	0.890969	0.449409
0.608604	0.63941	0.482164
0.656921	0.0378492	0.755174
0.40387	0.597623	0.706965
3.75026e-33	6.12464e-17	1.00023
6.12363e-17	9.95255e-18	1.01319
0.127506	0.0431312	0.991978
0.201332	0.951175	0.238689
0.812104	0.189235	0.55704
0.471784	0.597834	0.668133
0.359694	0.781215	0.524031
0.332229	0.656255	0.683501
0.22404	0.973304	0.0878488
0.833876	0.196	0.519312
0.643444	0.753129	0.164477
0.129467	0.988843	0.138302
0.206973	0.292376	0.94455
0.173824	0.991742	0.0600649
0.758004	0.112991	0.658009
0.0250759	0.627719	0.779744
0.0544222	0.559092	0.830162
0.409434	0.91802	0.111799
0.246048	0.138739	0.970402
0.982081	0.0766269	0.224041
0.152776	0.871651	0.474415
0.398133	0.468991	0.792995
0.56219	0.729149	0.394329
0.214939	0.308871	0.928804
0.873075	0.518828	0.0265937
0.558098	0.788385	0.270324
0.705603	0.709977	0.0499463
0.931349	0.0295539	0.382612
0.312876	0.819283	0.490593
0.418884	0.895596	0.170841
0.59298	0.353505	0.737215
0.163117	0.937315	0.316723
0.912842	0.206648	0.361586
0.0291483	0.714316	0.704387
0.588768	0.0575774	0.809722
0.231774	0.00684596	0.974482
0.455365	0.643261	0.630089
0.507656	0.0319887	0.872527
0.637102	0.603469	0.48264
0.917672	0.387101	0.127869
0.942001	0.252141	0.230194
0.375426	0.907039	0.25363
0.951161	0.254593	0.18526
0.577085	0.829718	0.0191524
0.964122	0.151805	0.264805
0.0981102	0.991751	0.120938
0.99286	0.00541515	0.181855
0.763119	0.567468	0.349962
0.571527	0.504587	0.653667
0.670302	0.591678	0.46825
0.178931	0.961052	0.219925
0.544845	0.816149	0.209923
0.441461	0.849233	0.30143
0.275801	0.959927	0.0878492
0.086053	0.864419	0.50369
0.477318	0.84205	0.304832
0.511456	0.453082	0.731413
0.95438	0.00325652	0.339978
0.385089	0.351883	0.862816
0.658639	0.166022	0.759731
0.851338	8.62234e-05	0.529229
0.376193	0.908891	0.245793
0.403868	0.241556	0.893623
0.344957	0.74592	0.581343
0.596306	0.0112471	0.822687
0.490152	0.796846	0.372165
0.856736	0.0629606	0.523423
0.986963	0.0681682	0.212327
0.539162	0.761635	0.368615
0.67733	0.378229	0.649615
0.45001	0.888909	0.124729
0.26316	0.225826	0.95019
0.839294	0.359435	0.415675
0.602641	0.413026	0.697623
0.959281	0.236107	0.198154
0.749638	0.671668	0.0701903
0.806264	0.516203	0.294387
0.739982	0.673677	0.0764171
0.710552	0.397587	0.584389
0.337967	0.392979	0.857395
0.822227	0.575661	0.0235719
0.0429253	0.643818	0.765113
0.230207	0.926163	0.309449
0.521008	0.73599	0.439408
0.527389	0.857603	0.110303
0.671371	0.687754	0.289912
0.253213	0.968328	0.0499422
0.241781	0.341546	0.913584
0.816427	0.528081	0.254293
0.072548	0.25812	0.964741
0.395493	0.387953	0.847119
0.43503	0.083851	0.897842
0.798807	0.277921	0.537429
0.0484598	0.899842	0.43912
0.38265	0.622078	0.719703
0.501639	0.13414	0.866168
0.183489	0.263676	0.9528
0.133477	0.852319	0.511569
0.536164	0.433021	0.725958
0.35335	0.93513	0.231213
0.258986	0.965101	0.146139
0.0545034	0.546583	0.843961
0.281732	0.238151	0.931569
0.0633774	0.634474	0.772847
0.306194	0.920502	0.287483
0.516167	0.763973	0.39278
0.725662	0.423702	0.543177
0.569149	0.738175	0.38602
0.892947	0.169812	0.426962
0.271462	0.96584	0.0795562
0.106292	0.861907	0.503542
0.700009	0.652146	0.305498
0.780201	0.481055	0.403084
0.703439	0.18105	0.691237
0.675675	0.743699	0.0324645
0.618207	0.718404	0.322448
0.324036	0.763859	0.574328
0.0108849	0.581134	0.819352
0.527991	0.720403	0.456786
0.292879	0.775093	0.573662
0.130899	0.659406	0.745469
0.969607	0.216598	0.127551
0.0808174	0.457351	0.888564
0.413579	0.569491	0.71865
0.641442	0.700911	0.323228
0.570328	0.778169	0.27537
0.0590696	0.204618	0.981737
0.770408	0.176637	0.636522
0.425345	0.679833	0.606534
0.748622	0.675846	0.0703325
0.22225	0.319376	0.922773
0.717081	0.338481	0.614448
0.82379	0.42806	0.406188
0.311046	0.401682	0.882416
0.780496	0.104819	0.622918
0.00328425	0.102171	0.996691
0.320624	0.880563	0.383111
0.034204	0.929263	0.37639
0.0792034	0.673018	0.757965
0.661387	0.0739175	0.750496
0.384108	0.329957	0.868593
0.583105	0.135303	0.803745
0.0889314	0.871247	0.499233
0.481423	0.8009	0.377551
0.626822	0.0986957	0.773742
0.623448	0.0184149	0.783789
0.755955	0.475512	0.455333
0.466004	0.837556	0.313144
0.0151471	0.993938	0.206587
0.841642	0.545288	0.165551
0.486914	0.850803	0.250395
0.683533	0.445999	0.585786
0.881483	0.167959	0.447528
0.302098	0.302421	0.908204
0.350646	0.383375	0.859342
0.606024	0.535643	0.613198
0.802386	0.553384	0.26002
0.342502	0.514397	0.787424
0.457636	0.873437	0.197816
0.549862	0.834283	0.102411
0.693837	0.434573	0.590457
0.827989	0.547204	0.163838
0.0603447	0.943629	0.339983
0.766953	0.497594	0.413518
0.311483	0.300817	0.920034
0.121304	0.893016	0.442058
0.778031	0.514188	0.377811
0.7333	0.667594	0.15435
0.615352	0.743389	0.285668
0.0290312	0.182032	0.98581
0.299796	0.220461	0.939721
0.16737	0.873506	0.462778
0.398978	0.372864	0.845139
0.910523	0.27397	0.316538
0.533967	0.767319	0.369578
0.720814	0.403329	0.567525
0.949233	0.156737	0.284796
0.791088	0.211747	0.581547
0.460565	0.82778	0.326617
0.143856	0.315414	0.941591
0.404408	0.326928	0.875735
0.183446	0.321338	0.934378
0.0897424	0.879192	0.484948
0.0704027	0.364245	0.936832
0.608479	0.769852	0.259065
0.89879	0.448411	0.014672
0.730108	0.421827	0.545053
0.0691756	0.611983	0.803698
0.461292	0.878701	0.156747
0.0719875	0.90213	0.433061
0.665906	0.0143746	0.748673
0.776462	0.437822	0.484156
0.565259	0.31195	0.769394
0.298299	0.0907126	0.961957
0.0336404	2.1678e-176	1.00317
1.00001	0	0
0.739616	0.26576	0.627901
0.193093	0.36384	0.918483
0.77054	0.499593	0.40348
0.136371	0.959955	0.301009
0.69774	0.402493	0.625477
0.802051	0.354285	0.485759
0.952055	0.257042	0.182149
0.386985	0.419619	0.833043
0.792564	0.178278	0.594226
0.440512	0.156916	0.88675
0.288043	0.935485	0.225235
0.812796	0.216591	0.553722
0.360285	0.942939	0.0325189
0.12298	0.374673	0.921352
0.109065	0.922788	0.374818
0.830572	0.029051	0.57628
0.474676	0.510641	0.722906
0.910096	0.00758504	0.430404
0.392285	0.903059	0.193926
0.246585	0.45318	0.861263
0.760231	0.590724	0.293314
0.0923445	0.650041	0.756964
0.724978	0.0186622	0.699314
0.25333	0.972439	0.0511441
0.282602	0.949335	0.146267
0.751631	0.16919	0.641589
0.0101029	0.91741	0.499623
0.357324	0.704151	0.616228
0.047203	0.712954	0.720659
0.103255	0.797107	0.599685
0.0699809	0.820779	0.570335
0.409446	0.908913	0.0935918
0.45357	0.83449	0.34132
0.530535	0.124815	0.843803
0.92374	0.301106	0.242339
0.491964	0.572319	0.671316
0.902472	0.291021	0.351813
0.235339	0.974972	0.0236248
0.451283	0.148795	0.881284
0.842246	0.277844	0.468384
0.0802498	0.588366	0.806888
0.387393	0.458041	0.821022
0.334787	0.185759	0.924567
0.949255	0.0596225	0.323868
0.930961	0.110975	0.360851
0.505601	0.824218	0.257179
0.510117	0.819218	0.26408
0.394448	0.448139	0.811227
0.590516	0.532965	0.6366
0.815886	0.508008	0.334292
0.352472	0.0485427	0.941769
0.26155	0.968707	0.0309454
0.0567483	0.980843	0.209722
0.688578	0.601585	0.408984
0.635492	0.556274	0.537372
0.985935	0.134305	0.166279
0.889659	0.0245813	0.463949
0.560774	0.603263	0.583262
0.870866	8.41145e-05	0.509068
0.402641	0.898478	0.202836
0.0243178	0.132941	0.994056
0.217948	0.870823	0.446035
0.571101	0.168833	0.805211
0.821136	0.519436	0.245394
0.844838	0.376776	0.386469
0.793984	0.0662502	0.612
0.878222	0.467089	0.126781
0.651383	0.721686	0.275059
0.974127	0	0.282392
0.373887	0.755358	0.539815
0.455298	0.477576	0.755496
0.131597	0.195216	0.978961
0.315817	0.495399	0.816328
0.330298	0.1459	0.935021
0.678206	0.737951	0.0807942
0.176878	0.966962	0.200518
0.349022	0.102604	0.932415
0.0603628	0.912515	0.418947
0.962134	0.0289362	0.281328
0.905764	0.299129	0.328292
0.064571	0.732662	0.693424
0.522218	0.847451	0.154688
0.78764	0.347919	0.515457
0.431219	0.888235	0.163896
0.939806	0.333017	0.0850013
0.596893	0.746078	0.315783
0.0439334	0.66357	0.766288
0.525791	0.779978	0.367682
0.397134	0.44064	0.806045
0.66226	0.153612	0.734815
0.86653	0.00913505	0.540497
0.108558	0.811122	0.587509
0.374623	0.410574	0.840611
0.5334	0.4296	0.736757
0.510817	0.861208	0.0437681
0.886634	0.462062	0.0728903
0.0943415	0.4905	0.874886
0.0435944	0.238323	0.972568
0.564574	0.607351	0.562746
0.874145	0.347124	0.346995
0.336486	0.0812341	0.944024
0.896563	0.0378735	0.443022
0.32031	0.383176	0.874767
0.273129	0.850709	0.455857
0.356285	0.390475	0.856926
0.77769	0.536643	0.372325
0.309291	0.0418627	0.953169
0.687296	0.72673	0.0762025
0.481642	0.560311	0.675111
0.207666	0.845285	0.523201
0.717506	0.657998	0.247778
0.730321	0.644228	0.254765
0.474508	0.880946	0.0193205
0.122999	0.0456037	0.99806
0.67012	0.749791	0.0666707
0.680596	0.0604644	0.738527
0.75822	0.244228	0.6104
0.939773	0.333005	0.0866005
0.468048	0.422433	0.78096
0.381597	0.341401	0.863839
0.0288951	0.894323	0.459802
0.233365	0.896708	0.397816
0.397894	0.475989	0.792126
0.804127	0.521369	0.333332
0.756575	0.62356	0.228495
0.53881	0.575395	0.642689
0.754331	0.621711	0.237866
0.286949	0.544022	0.796033
0.905391	0.037251	0.436367
0.840288	0.539345	0.159952
0.515997	0.520788	0.68357
0.480096	0.573439	0.665246
0.572513	0.637176	0.53157
0.172147	0.988375	0.00101838
0.311793	0.592963	0.75067
0.588755	0.678772	0.449823
0.620822	0.722224	0.311234
0.928716	0.2852	0.252307
0.188154	0.587083	0.790866
0.00418518	0.548273	0.838892
0.493645	0.8659	0.102863
0.498735	0.82736	0.263466
0.496303	0.542283	0.693055
0.60191	0.617565	0.516241
0.581066	0.584944	0.587396
0.0353567	0.546825	0.838398
0.720049	0.688709	0.113713
0.568773	0.288334	0.77308
0.649565	0.766035	0.100677
0.694694	0.485288	0.557837
0.606634	0.622412	0.500039
0.300717	0.315294	0.900507
0.379476	0.922054	0.121891
0.618347	0.786841	0.0372437
0.272284	0.889538	0.379913
0.652978	0.799685	0.00772277
0.702555	0.718041	0.00043589
0.417182	0.903908	0.132579
0.270536	0.119572	0.962202
0.290484	0.322306	0.909928
0.0177264	0.994878	0.166303
0.15565	0.87386	0.480373
0.304931	0.950707	0.140162
0.462768	0.00250716	0.891407
0.551293	0.758808	0.360996
0.657655	0.729702	0.21218
0.954365	0.312268	0.0128496
0.629903	0.681492	0.415099
0.162711	0.88951	0.434347
0.670931	0.0559826	0.745744
0.646303	0.324109	0.711406
0.692713	0.30687	0.657531
0.671486	0.745048	0.0221895
0.859796	0.4567	0.253934
0.623679	0.776365	0.11939
0.549996	0.654287	0.521643
0.96975	0.258416	0.0172869
0.901144	0.265682	0.359668
0.665275	0.594428	0.472044
0.482509	0.524765	0.708382
0.995534	0.0989102	0.0640036
0.464301	0.864388	0.217977
0.227907	0.424655	0.89266
0.422355	0.776213	0.479492
0.104542	0.807038	0.598934
0.346176	0.22045	0.91515
0.324681	0.626529	0.709277
0.294163	0.0405124	0.956319
0.471037	0.857024	0.217254
0.204528	0.804509	0.55973
0.425548	0.135011	0.908298
0.700913	0.228472	0.680641
0.318053	0.693761	0.648466
0.046917	0.304264	0.964993
0.375255	0.281539	0.887109
0.0694447	0	1.00243
0.00107293	0	1.00996
0.778229	0.42111	0.467324
0.685594	0.74429	0.0122527
0.342041	0.751887	0.569043
0.586959	0.561682	0.591256
0.968291	0.1406	0.246552
0.390942	0.834568	0.395309
0.518669	0.696646	0.500182
0.421233	0.263565	0.884428
0.233554	0.122658	0.967127
0.789818	0.383095	0.501474
0.111073	0.629123	0.773717
0.798955	0.170378	0.582627
0.861321	0.492423	0.149323
0.245308	0.954079	0.200176
0.148489	0.984919	0.109097
0.527821	0.390565	0.75825
0.493073	0.399409	0.785286
0.00723445	0.926827	0.376196
0.123699	0.702637	0.706978
0.408359	0.907199	0.152161
0.548	0.728881	0.427976
0.731865	0.687287	0.045829
0.199234	0.774883	0.608775
0.448003	0.0748174	0.894697
0.456207	0.822608	0.361125
0.415389	0.193544	0.901253
0.125007	0.707463	0.698022
0.440807	0.858163	0.28434
0.579935	0.568999	0.59129
0.821465	0.57316	0.0396686
0.548103	0.621748	0.56362
0.651086	0.338747	0.682277
0.360049	0.851014	0.386242
0.36336	0.775687	0.522227
0.483015	0.615365	0.625401
0.135451	0.650147	0.752359
0.954539	0.207442	0.239327
0.838285	0.130444	0.540913
0.506207	0.597864	0.628565
0.776478	0.0296023	0.631588
0.705944	0.54037	0.485516
0.227851	0.973863	0.05954
0.596142	0.800703	0.0813249
0.0761243	0.365388	0.931724
0.945608	0.331314	0.135983
0.976472	0.0193624	0.236376
0.941639	0.157256	0.306315
0.555457	0.0861991	0.830657
0.920445	3.3801e-05	0.410119
0.184566	0.919381	0.369237
0.258314	0.313225	0.940467
0.644315	0.230909	0.73422
0.375702	0.222137	0.901547
0.613551	0.784505	0.127674
0.468711	0.846074	0.324259
0.278977	0.516862	0.821073
0.355206	0.453009	0.82863
0.81337	0.51577	0.334912
0.832325	0.435608	0.352356
0.330258	5.1207e-214	0.974214
0.4602	0.361734	0.813648
0.910197	0.292578	0.301636
0.739099	0.114376	0.678551
0.562711	0.76549	0.319534
0.67909	0.511279	0.549751
0.289926	0.525536	0.808182
0.713627	0.539364	0.510336
0.890445	0.125695	0.464242
0.0816038	0.413308	0.910599
0.349132	0.507936	0.794957
0.246963	0.556725	0.803773
0.0332534	0.40427	0.922543
0.62368	0.792308	0.0606921
0.205164	0.271658	0.951433
0.150026	0.892647	0.430917
0.352574	0.935518	0.184483
0.752872	0.278663	0.619366
0.673663	0.657939	0.344511
0.431904	0.495983	0.790265
0.437257	0.810107	0.410179
0.608363	0.450163	0.66278
0.0975996	0.501461	0.862393
0.209172	0.637046	0.747737
0.765481	0.445349	0.495671
0.212033	0.72551	0.676007
0.177295	0.897003	0.416475
0.769772	0.375498	0.532075
0.803186	0.173879	0.578084
0.26865	0.605615	0.75124
0.425631	0.805003	0.414764
0.750529	0.582119	0.350828
0.424799	0.575583	0.712154
0.908186	0.0172522	0.437561
0.107475	0.157347	0.98505
0.139339	0.82071	0.558041
0.867962	0.284774	0.416078
0.39351	0.17556	0.909872
0.0218367	0.760358	0.671309
0.856643	0.179849	0.489914
0.952483	0.0949396	0.297717
0.93324	0.252393	0.280771
0.296883	0.530062	0.801415
0.841077	0.130878	0.531418
0.963823	0.266674	0.115388
0.753941	0.117319	0.650559
0.92673	0.208517	0.330316
0.209745	0.484662	0.851965
0.982121	0.0722246	0.200249
0.957084	0.324418	0.00137948
0.886404	0.466851	0.100118
0.0867173	0.480468	0.874665
0.272514	0.964609	0.00533062
0.953709	0.272273	0.163318
0.663853	0.217245	0.721905
0.372627	0.818612	0.44433
0.380665	0.91673	0.220679
0.391081	0.834864	0.393952
0.922743	0.255308	0.312483
0.178582	0.977201	0.140436
0.485063	0.0773382	0.874274
0.357318	0.18706	0.91728
0.852009	0.144564	0.514711
0.880175	0.462249	0.126005
0.510226	0.67559	0.555073
0.767944	0.587827	0.29199
0.321672	0.717529	0.639099
0.63101	0.300235	0.716539
0.170505	0.865477	0.474906
0.867362	0.183948	0.47881
0.313428	0.468354	0.845954
0.193535	0.913965	0.387847
5.58489e-17	0.912082	0.454455
0.770754	0.0443833	0.641689
0.966957	0.00369977	0.267143
0.435224	0.501803	0.764473
0.472588	0.863617	0.209679
0.464894	0.544311	0.700795
0.883132	0.462025	0.119952
0.0596345	0.0910095	0.996424
0.263076	0.311056	0.943681
0.601378	0.281803	0.751637
0.93431	0.351356	0.135783
0.114892	0.544915	0.837264
0.895254	0.438704	0.169681
0.559086	0.278368	0.781957
0.722372	0.135291	0.689152
0.762028	0.583299	0.333706
0.190621	0.00558171	0.985847
0.939274	0.336616	0.0843062
0.0148096	0.733588	0.686704
0.0433486	1.00947	2.21082e-227
0.0184777	0.107231	0.996462
0.0308518	0.551824	0.835445
0.0666581	0.998242	0.0941634
0.848527	0.0626757	0.531553
0.0240223	0.100008	0.994906
0.215574	0.737626	0.659196
0.672061	0.548011	0.516488
0.849862	0.43524	0.311312
0.979814	0.210825	0.0215601
0.19182	0.711078	0.690619
0.103344	0.68511	0.724011
0.455991	0.887255	0.0765525
0.172874	0.741812	0.653815
0.0412612	0.295922	0.958677
0.531725	0.64296	0.555694
0.284224	0.535426	0.805143
0.666879	0.758536	0.0122293
0.462897	0.410979	0.800057
0.480732	0.899891	0.052618
0.711512	0.371502	0.599191
0.368839	0.67003	0.650889
0.721325	0.34908	0.60074
0.304328	0.0398583	0.962223
0.612564	0.441673	0.663874
0.923742	0.400911	0.0336063
0.317655	0.243525	0.920541
0.159388	0.663554	0.731818
0.805037	0.0161774	0.602896
0.168116	0.495078	0.855292
0.329126	0.597807	0.731662
0.490691	0.240706	0.844056
0.557108	0.31609	0.771843
0.0757645	0.35934	0.937405
0.166189	0.943987	0.292744
0.898204	0.443126	8.75988e-07
0.392436	0.383276	0.840019
6.14044e-17	1.00281	1.33832e-286
0.96937	0.26927	0
6.1766e-17	8.67562e-19	1.00881
0.942815	0.294231	0.164651
0.771148	0.52484	0.39018
0.0382331	0.955954	0.296837
0.535536	0.654728	0.541104
0.469969	0.191373	0.866477
0.956828	0.281997	0.0771576
0.0879005	0.728236	0.680361
0.419717	0.685556	0.605073
0.546304	0.184042	0.820949
0.909454	0.418788	0.00701291
0.0545069	0.0714593	0.997263
0.596679	0.156435	0.79916
0.682779	0.745553	0.10994
0.141445	0.543156	0.834004
0.185552	0.495673	0.863618
0.347941	0.221946	0.914862
0.526717	0.013165	0.850695
0.382002	0.717566	0.588326
0.0985779	0.671194	0.743949
0.697617	0.0820458	0.712873
0.839991	0.0753031	0.539213
0.743509	0.342373	0.578761
0.0834044	0.227731	0.973573
0.119723	0.393904	0.912632
0.98616	0.110884	0.154974
0.530962	0.801534	0.278295
0.0589195	0.643039	0.776426
0.867277	0.468431	0.196369
0.731053	0.425469	0.559254
0.448697	0.169453	0.878909
0.330241	0.946912	0.0252979
0.788219	0.486309	0.382498
0.636026	0.632143	0.460312
0.762919	0.61298	0.232813
0.992314	0.054664	0.131966
0.513475	0.6959	0.506206
0.2	0.974378	0.145767
0.815529	0.247632	0.529135
0.00630104	0.967984	0.278251
0.55362	0.0352828	0.834115
0.149546	0.313476	0.943401
0.341049	0.918231	0.242465
0.475353	0.828116	0.306889
0.578057	0.578238	0.608288
0.230336	0.3207	0.924394
0.317232	0.332207	0.888896
0.454526	0.171654	0.875099
0.792166	0.553014	0.267142
0.610749	0.20887	0.768386
0.205293	0.820747	0.537134
0.80635	0.48819	0.359556
0.358893	0.930488	0.0993867
0.247783	0.845881	0.49295
0.108861	0.54016	0.838307
0.153246	0.161221	0.984279
0.336319	0.642522	0.69071
0.107611	0.533961	0.843565
0.411674	0.893902	0.204243
0.400864	0.765231	0.506458
0.891099	0.456421	0.0541462
0.928484	0.36651	0.0830757
0.914041	0.00275944	0.411644
0.303997	0.0116307	0.959404
0.856136	0.326878	0.420627
0.260974	0.300419	0.932572
0.684031	0.339294	0.648915
0.408181	0.738014	0.563725
0.902208	0.261039	0.353119
0.433802	0.588263	0.694736
0.896357	0.25277	0.367551
0.426494	0.771125	0.498784
0.0153394	0.781603	0.626819
0.498874	0.371304	0.78462
0.0319358	0.983842	0.210451
0.938143	0.236465	0.276541
0.130867	0.668831	0.746556
0.391971	0.559877	0.748677
0.114542	0.32843	0.941169
0.834415	0.518002	0.212468
0.757712	0.0877884	0.653301
0.0911565	0.998079	0.0372579
0.216456	0.978717	0.0741733
0.383032	0.0962555	0.924619
0.190979	0.348477	0.930322
0.979621	0.118224	0.174397
0.829204	0.352408	0.443037
0.0759518	0.207382	0.978641
0.371495	0.268822	0.900018
0.242809	0.731806	0.639351
0.881844	0.139829	0.502825
0.693965	0.402177	0.614468
0.561476	0.657955	0.506283
0.714269	0.514041	0.477985
0.436022	0.811564	0.403288
0.961115	0.113585	0.254102
0.952225	0.0673042	0.314621
0.225976	0.867758	0.455263
0.753085	0.593203	0.308809
0.70866	0.4059	0.58609
0.946588	0.024781	0.343478
0.364526	0.381734	0.849546
0.482794	0.789842	0.385353
0.107367	0.997064	0.122529
0.644859	0.407941	0.665231
0.905704	0.00945223	0.429894
0.809894	0.572892	0.143048
0.364605	0.774734	0.519791
0.832573	0.449952	0.33849
0.427639	0.908672	0.0516254
0.645889	0.48302	0.601295
0.508686	0.768522	0.396072
0.179454	0.932781	0.329885
0.822822	0.51508	0.249934
0.884478	0.478598	0.0664106
0.134886	0.689371	0.721814
0.442869	0.463775	0.778524
0.68427	0.396558	0.632431
0.834777	0.460856	0.329229
0.994614	0.0674433	0.127303
0.159877	0.622595	0.7695
0.859357	0.510403	0.0680754
0.210382	0.807874	0.563605
0.285469	0.939234	0.20766
0.212309	0.871021	0.483957
0.397896	0.0245084	0.918247
0.736993	0.413668	0.540358
0.852226	0.330096	0.419482
0.49347	0.84886	0.204992
0.711408	0.705777	0.0866893
0.0731139	0.445843	0.895508
0.164575	0.840241	0.533331
0.236484	0.946981	0.224088
0.163921	0.836903	0.553618
0.921763	0.176535	0.385377
0.275674	0.375429	0.887465
0.98481	0.11885	0.138878
0.294207	0.759529	0.582906
0.918009	0.362375	0.169796
0.747381	0.588711	0.319997
0.260979	0.209688	0.954463
0.564447	0.195118	0.804998
0.42949	0.150377	0.893145
0.173824	0.884421	0.445353
0.379652	0.517032	0.770657
0.353856	0.936236	0.150272
0.296585	0.923604	0.246522
0.895737	0.344327	0.297743
0.659292	0.749422	0.108546
0.0211718	0.143376	0.99217
0.461339	0.761871	0.457084
0.13884	0.709578	0.697865
0.0323841	0.948271	0.321512
0.966574	2.54899e-10	0.262546
0.86346	0.356814	0.376262
0.190024	0.942887	0.289518
0.875795	0.483214	0.192672
0.238278	0.604705	0.761885
0.476296	0.886217	0.0984154
0.643795	0.0621496	0.782592
0.323642	0.438878	0.846579
0.280064	0.591835	0.757838
0.481276	0.476787	0.751057
0.571767	0.315094	0.761196
0.687065	0.0127911	0.730331
0.723872	0.379147	0.586436
0.221011	0.15881	0.964241
0.808841	0.601133	0.0254219
0.241473	0.75198	0.623967
0.800662	0.446628	0.400905
0.0243864	0.714082	0.702684
0.654991	0.69771	0.291987
0.0304329	0.154843	0.988005
0.27041	0.889659	0.372507
0.119147	0.995901	1.33858e-286
0.202236	0.206141	0.960483
0.814818	0.247416	0.550944
0.770067	0.609893	0.24316
0.35277	0.781601	0.515686
0.693977	0.0843429	0.719942
0.263359	0.779014	0.611786
0.523884	0.852962	0.0456226
0.0245257	0.309061	0.955966
0.974593	0.262174	2.52605e-178
0.890597	0.102327	0.447484
0.126403	0.739188	0.665456
0.631638	0.626789	0.474357
0.321581	0.909869	0.280842
0.487202	0.347133	0.806346
0.65173	0.687993	0.359442
0.565383	0.058781	0.824162
0.0650218	0.911075	0.419239
0.917727	0.051328	0.40595
0.672087	0.0513805	0.741129
0.27065	0.829625	0.491282
0.746172	0.403297	0.581011
0.0699045	0.898764	0.442724
0.348652	0.857212	0.386617
0.301148	0.883471	0.367112
0.646051	0.750689	0.15547
0.150119	0.0131337	0.990913
0.445699	0.387382	0.836926
0.600419	0.246485	0.762179
0.765241	0.603303	0.241435
0.434743	0.0198018	0.911847
0.221337	0.0966457	0.973189
0.274831	0.962646	0.0860442
0.848194	0.464814	0.271082
0.0140242	0.998901	0.195503
0.342182	0.314417	0.886267
0.232182	0.195175	0.961293
0.41474	0.635761	0.657782
0.702342	0.590397	0.436231
0.544705	0.438249	0.730839
0.826817	0.267081	0.501524
0.813873	0.326085	0.487007
0.406637	0.184089	0.896753
0.680138	0.629008	0.398799
0.163716	0.755417	0.640051
0.955079	0.312246	0.0411587
0.983703	0.0373016	0.25514
0.0190129	0.341722	0.9418
0.776847	0.607204	0.171474
0.0576337	0.674762	0.741363
0.211189	0.968128	0.211376
0.290853	0.00594843	0.966276
0.0781142	0.394838	0.918271
0.0290935	0.798047	0.608518
0.603508	0.547515	0.595261
0.0324537	0.0964622	0.997641
0.780478	0.142095	0.618714
0.331277	0.953537	0.0234555
0.948512	0.174416	0.309639
0.833055	0.106518	0.549479
0.987882	0.162899	0.0680317
0.866327	0.461392	0.207367
0.337827	0.843433	0.424749
0.707612	0.720632	0.0591357
0.72704	0.48827	0.507671
0.761457	0.332486	0.56149
0.729538	0.680939	0.0913259
0.316562	0.423959	0.852384
0.691774	0.725738	0.0475764
0.480318	0.385453	0.791587
0.16057	0.83718	0.554843
0.405206	0.621145	0.675182
0.262547	0.833509	0.49258
0.17656	0.873516	0.485004
0.312688	0.917326	0.28276
0.926997	0.0589363	0.379072
0.497235	0.82454	0.302986
0.286065	0.904672	0.352885
0.803796	0.295024	0.527379
0.591986	0.0729369	0.822134
0.166571	0.939405	0.322812
0.977576	0.0823284	0.215735
0.145794	0.942323	0.338905
0.928349	0.0556876	0.400352
0.844061	0.357933	0.415841
0.0946318	0.123642	0.988947
0.65236	0.648793	0.421913
0.386288	0.869857	0.322038
0.0370511	0.782749	0.622756
0.987702	0.16014	0.119061
0.869589	0.377935	0.329668
0.893009	0.381022	0.251638
0.462719	0.876147	0.180042
0.577875	0.827663	0.0296035
0.948038	0.28459	0.171107
0.570157	0.816608	0.140817
0.192298	0.97567	0.130913
0.818698	0.254776	0.519334
0.203151	0.808585	0.568178
0.238902	0.742133	0.63344
0.362653	0.862434	0.35484
0.524528	0.480354	0.7126
0.418425	0.0290268	0.912386
0.999446	0.0479936	0.0561967
0.11296	0.929087	0.357839
0.0410131	0.64328	0.769743
0.995816	0.086016	0.0988022
0.586339	0.791908	0.189083
0.884718	0.208848	0.427883
0.252258	0.272699	0.932922
0.796841	0.416893	0.466427
0.123834	0.967768	0.233253
0.398936	0.611534	0.690383
0.510612	0.849305	0.150929
0.367428	0.772891	0.51834
0.746644	0.662154	0.0985047
0.24676	0.538967	0.824588
0.61361	0.578606	0.542163
0.184442	0.000654786	0.985245
0.293208	0.728017	0.62939
0.530966	0.290972	0.801313
0.468289	0.515991	0.726339
0.373152	0.907284	0.209933
0.41522	0.5947	0.700172
0.784189	0.503053	0.367792
0.457669	0.0368428	0.89218
0.0099193	0.56685	0.831637
0.977546	0.124993	0.189112
0.513627	0.559195	0.682875
0.47109	0.521813	0.717001
0.231543	0.705844	0.676908
0.936035	0.0788299	0.35627
0.452539	0.407927	0.79409
0.584287	0.456039	0.690702
0.787111	0.2889	0.55514
0.138861	0.121185	0.984502
0.245063	0.264993	0.936538
0.255115	0.557216	0.812604
0.667324	0.739176	0.106306
0.269055	0.571445	0.778729
0.534766	0.553046	0.668912
0.844859	0.108027	0.534112
0.995555	0.130718	0.0375072
0.86342	0.0609548	0.509053
0.513518	0.424808	0.750922
0.632642	0.539967	0.561518
0.713392	0.132971	0.700526
0.235955	0.226717	0.946467
0.734302	0.666184	0.151003
0.391235	0.0712288	0.924643
0.122523	0.809394	0.600531
0.0372945	0.763827	0.650067
0.860003	0.258263	0.455178
0.341888	0.903711	0.274367
0.608386	0.643763	0.472415
0.71665	0.625918	0.321947
0.867447	0.204771	0.460038
0.637499	0.773645	0.0121751
0.567456	0.693111	0.451042
0.671115	0.71004	0.225069
0.353464	0.391522	0.854452
0.537421	0.761781	0.372846
0.402684	0.588655	0.734473
0.8755	0.0376988	0.486753
0.0370431	0.991712	0.142991
0.437209	0.71226	0.553039
0.525894	0.47405	0.709366
0.627635	0.507299	0.616264
0.279556	0.734218	0.630027
0.490103	0.444551	0.769272
0.99678	0.0443375	0.0881381
0.677107	0.565954	0.497429
0.654015	0.64585	0.410966
0.563016	0.23113	0.808581
0.473927	0.557496	0.688789
0.855024	0.403398	0.333163
0.170349	0.148664	0.977856
0.297186	0.737896	0.609196
0.922108	0.406991	0.0234204
0.0650751	0.429891	0.910999
0.52844	0.582269	0.650198
0.203652	0.922515	0.371572
0.0220259	0.395875	0.926818
0.960298	0.0666172	0.292109
0.584157	0.23794	0.782734
0.538561	0.452259	0.720842
0.558708	0.0314982	0.834907
0.128501	0.767862	0.632548
0.146175	0.42883	0.903468
0.578202	0.216918	0.79762
0.0996762	0.496554	0.866535
0.489019	0.470812	0.743122
0.324727	0.625227	0.716297
0.520659	0.417827	0.74844
0.899767	0.330877	0.305921
0.395307	0.530384	0.768165
0.65773	0.736213	0.246863
0.752308	0.654434	0.111903
0.0242398	0.915814	0.498585
0.533326	0.171791	0.835531
0.808353	0.297552	0.520694
0.0755764	0.881354	0.479961
0.853771	0.0686485	0.527563
0.664573	0.282518	0.705891
0.193269	0.977117	0.125389
0.723677	0.686639	0.111454
0.901274	0.331431	0.29979
0.288079	0.567878	0.783944
0.792023	0.574309	0.242394
0.0204136	4.74559e-142	1.0199
1.00001	0	0
0.84571	0.520301	0.131206
0.107261	0.991224	0.124585
0.606002	0.771473	0.222682
0.34556	0.954146	0.0617665
0.482669	0.812242	0.336422
0.964978	0.28282	0.0719198
0.628357	0.67886	0.420943
0.617215	0.693744	0.408358
0.836035	0.485399	0.302965
0.490926	0.763568	0.436269
0.917673	0.398797	0.0972818
0.371541	0.625233	0.697644
0.22748	0.325614	0.920522
0.954456	0.309668	0.0717671
0.796503	0.46124	0.430352
0.256402	0.0403067	0.967446
0.890448	0.425853	0.205978
0.99229	0.0192332	0.131144
0.943037	0.164795	0.311148
0.277943	0.897132	0.355723
0.856101	0.420771	0.324264
0.248963	0.653974	0.720001
0.588382	0.243507	0.776505
0.792835	0.0527958	0.620493
0.880265	0.0137865	0.488624
0.340172	0.843344	0.441243
0.923883	0.136682	0.378778
0.301842	0.720336	0.637285
0.391515	0.0615822	0.932534
0.571901	0.089104	0.817104
0.583247	0.353141	0.745482
0.556601	0.479062	0.685771
0.500258	0.00969634	0.870098
0.0736702	0.616693	0.789778
0.641946	0.641354	0.461272
0.699441	0.715778	0.109336
0.74616	0.632773	0.240693
0.100419	0.535343	0.843114
0.809481	0.548991	0.283841
0.187263	0.805947	0.565779
0.668946	0.75189	0.141307
0.985768	0.154964	0.0860793
0.0971407	0.985624	0.155503
0.195005	0.744518	0.645526
0.852439	0.418971	0.32861
0.235256	0.869944	0.447057
0.125761	0.252719	0.962691
0.864663	0.50522	0.0535328
0.886857	0.00015892	0.482763
0.545889	0.193168	0.818807
0.311362	0.108066	0.947521
0.932799	0.265084	0.25542
0.379774	0.509756	0.782275
0.824047	0.113788	0.55714
0.733998	0.181683	0.659552
0.527508	0.0685297	0.848189
0.635735	0.669248	0.420048
0.703125	0.711852	0.109312
0.449435	0.135023	0.898691
0.0430101	0.297405	0.958185
0.643133	0.101101	0.760576
0.501493	0.302139	0.824936
0.486883	0.720864	0.541354
0.213049	0.831348	0.53216
0.265672	0.596811	0.757811
0.762381	0.374461	0.533808
0.170243	0.0832414	0.986201
0.690493	0.702547	0.19991
0.434173	0.889756	0.174575
0.829512	0.14662	0.544017
0.354824	0.854963	0.391854
0.773505	0.379925	0.515204
0.414394	0.783189	0.481127
0.418116	0.788504	0.463523
0.406102	0.460121	0.795086
0.42463	0.726947	0.547368
0.663578	0.408161	0.653261
0.164486	0.360992	0.919352
0.766269	0.36892	0.544908
0.660691	0.549437	0.522178
0.46713	0.543449	0.7105
0.563537	0.837116	0.0398295
0.0261908	0.258545	0.97174
0.115178	0.554181	0.834017
0.430136	0.920065	0.0357871
0.0487482	0.932272	0.375075
0.601114	0.592169	0.547897
0.245255	0.120731	0.980618
0.0323939	0.0803098	0.999003
0.696118	0.0247438	0.725604
0.382838	0.815126	0.490219
0.655234	0.403029	0.659903
0.870741	0.508771	0.0429099
0.161348	0.976758	0.191495
0.913746	0.314046	0.266793
0.356995	0.685529	0.643032
0.284103	0.960701	0.0390052
0.495662	0.201714	0.853284
0.0366381	8.5173e-142	1.00634
0.410386	0.824678	0.415932
0.7845	0.272713	0.575697
0.771017	0.470618	0.45167
0.0632996	0.465642	0.892689
0.720824	0.60275	0.348082
0.323326	0.809893	0.502693
0.179931	0.384108	0.907305
0.462813	0.750073	0.477541
0.686841	0.220494	0.70032
0.770044	0.125032	0.62976
0.35188	0.733694	0.585437
0.14134	0.880445	0.471752
0.542279	0.818678	0.222852
0.757358	0.0585184	0.666524
0.795149	0.0703896	0.617707
0.135475	0.287196	0.951778
0.599802	0.578995	0.558345
0.901355	0.393867	0.197426
0.00651236	0.872703	0.511378
0.756794	0.54218	0.405194
0.716527	0.612159	0.347189
0.186067	0.449936	0.875025
0.681647	0.190025	0.735802
0.322968	0.664052	0.67782
0.288341	0.947673	0.241727
0.200705	0.498655	0.85015
0.069505	0.863497	0.507606
0.0809642	0.799244	0.605554
0.360775	0.904496	0.249598
0.986342	0.151427	0.140906
0.463063	0.160973	0.881052
0.00304368	0.43699	0.911069
0.892991	0.463204	0.0249693
0.649724	0.440644	0.64697
0.541928	0.816629	0.232425
0.785591	0.448425	0.455217
0.669905	0.766971	0.0827278
0.23911	0.884195	0.411907
0.469323	0.680869	0.569039
0.443372	0.893932	0.0780577
0.523295	0.777338	0.377164
0.81698	0.560527	0.179248
0.0110013	0.922058	0.390353
0.177094	0.267359	0.95381
0.504438	0.863575	0.080754
0.675981	0.704375	0.265589
0.103704	0.16474	0.991791
0.0608287	0.399527	0.926308
0.57832	0.210402	0.810531
0.0835809	0.199463	0.984663
0.322787	0.673205	0.671638
0.65773	0.176513	0.741003
0.976687	0.338555	1.37012e-07
0.183183	0.853238	0.503058
0.00949973	0.96755	0.267177
0.0867533	0.776655	0.637664
0.422047	0.632416	0.667134
0.328471	0.841215	0.447693
0.473653	0.0365975	0.889911
0.977926	0.162523	0.162666
0.294863	0.607522	0.741003
0.950048	0.339065	0.00178283
0.216211	0.937587	0.287874
0.382455	0.240751	0.904441
0.595906	0.291467	0.769522
0.220578	0.830514	0.529795
0.400955	0.908068	0.131167
0.939241	0.33268	0.155765
0.510186	0.844726	0.193003
0.59004	0.212774	0.797605
0.709461	0.103689	0.702385
0.272872	0.890313	0.369326
0.199525	0.495723	0.852064
0.467473	0.140442	0.878388
0.945317	0.192276	0.308762
0.0141362	0.917432	0.399352
0.538712	0.82707	0.199262
0.152492	1.00158	7.46058e-242
0.115742	0.994875	6.9859e-09
0.941191	0.342182	6.98505e-09
0.149229	0.29305	0.945439
0.811577	0.127581	0.580222
0.864198	0.416067	0.3757
0.219781	0.433685	0.887062
0.51108	0.235853	0.831438
0.730759	0.359728	0.59723
0.569284	0.0887117	0.822565
0.778848	0.373301	0.514481
0.129054	0.254004	0.962621
0.113582	0.975053	0.222774
0.455272	0.882277	0.156953
0.858618	0.212712	0.470028
5.49935e-17	2.81875e-17	1.00921
0.758504	0.0805498	0.654021
0.650689	0.591095	0.501434
0.417473	0.910095	0.0443254
0.552615	0.792771	0.265458
0.536013	0.784517	0.336253
0.00856675	0.275419	0.986226
0.953041	0.241582	0.192282
0.637269	0.573312	0.531508
0.255827	0.224218	0.946105
0.272895	0.0350268	0.969448
0.929218	0.0719578	0.371824
0.245645	0.941092	0.238576
0.215803	0.449824	0.873244
0.525007	0.829248	0.208133
0.33179	0.775641	0.546653
0.213424	0.372837	0.904971
0.146677	0.950058	0.287307
0.574496	0.803206	0.174796
0.987286	0.146264	0.081246
0.861275	0.397531	0.330628
0.624905	0.318437	0.716071
0.0345747	0.46046	0.888485
0.0127052	0.365876	0.941608
0.465298	0.858407	0.314438
0.390378	0.896881	0.223951
0.470193	0.886391	0.0666691
0.633573	0.108948	0.776101
0.460557	0.643907	0.614759
0.98553	0.171969	0.0478226
0.133954	0.920349	0.377001
0.695504	0.517908	0.520923
0.589745	0.329207	0.750472
0.936408	0.32248	0.166946
0.239512	0.97822	0.071305
0.48386	0.892653	0.0564098
0.869432	0.353545	0.357234
0.823759	0.390329	0.419563
0.339891	0.751883	0.568822
0.328238	0.882624	0.379137
0.604713	0.718196	0.389302
0.373561	0.841199	0.4026
0.445679	0.8249	0.415038
0.722519	0.386535	0.583539
0.643784	0.568396	0.52068
0.959132	0.264271	0.129572
0.922056	0.254056	0.3001
0.961379	0.243695	0.14133
0.908999	0.425538	0.0337986
0.45926	0.647775	0.616621
0.00194686	1.00356	1.06783e-135
0.990104	0.0991534	0.151982
0.661491	0.266883	0.705924
0.608375	0.339607	0.730678
0.0459367	0.973498	0.25672
0.00198492	1.02318	2.20026e-139
0.736117	0.541303	0.408512
0.206454	0.484161	0.855073
0.704777	0.711087	0.0204135
0.369147	0.876195	0.322252
0.501431	0.724545	0.509927
0.381471	0.901352	0.244697
0.178503	0.623941	0.767683
0.938401	0	0.352131
0.210269	0.928687	0.308658
0.29687	0.512737	0.806809
0.962029	0.0744987	0.303583
0.550104	0.818336	0.182433
0.0953736	0.51737	0.851247
0.55907	0.040366	0.833736
0.88369	0.472758	0.104967
0.979333	0.0122305	0.204628
0.0666704	0.736391	0.6795
0.741668	0.321176	0.62762
0.530467	0.235995	0.816154
0.749832	0.674577	0.0126162
0.586705	0.558309	0.60643
0.475981	0.209197	0.86094
0.106607	0.286984	0.958804
0.70745	0.138173	0.714269
0.0916057	0.0506745	0.994667
0.346169	0.931882	0.130936
0.612361	0.0893918	0.786752
0.00779325	0.940048	0.347601
0.135954	0.75165	0.667332
0.407532	0.730875	0.548504
0.0207191	0.473394	0.888416
0.915722	0.108142	0.394553
0.401494	0.38718	0.844787
0.549558	0.762215	0.355575
0.971461	0.155307	0.192457
0.353176	0.851809	0.404279
0.452119	0.212853	0.868025
0.42626	0.902901	0.107438
0.188875	0.545688	0.837608
0.303369	0.0452993	0.960646
0.315423	0.0606408	0.955632
0.0242554	0.860603	0.510444
0.669035	0.562118	0.498439
0.695282	0.303814	0.657345
0.217508	0.58051	0.796123
0.507995	0.840869	0.203261
0.262631	0.580974	0.783956
0.284641	0.721772	0.637413
0.448092	0.625559	0.646889
0.0380954	0.594836	0.81275
0.779023	0.129049	0.624171
0.110662	0.76032	0.65879
0.750452	0.653568	0.124805
0.715024	0.407424	0.574916
0.798307	0.369462	0.484359
0.618813	0.135307	0.784201
0.0777831	0.710626	0.702918
0.817465	0.143389	0.562954
0.184515	0.666218	0.735009
0.424766	0.204461	0.883787
0.781292	0.185438	0.603268
0.0435617	0.252051	0.975301
0.506296	0.0949252	0.862724
0.205223	0.547721	0.820939
0.599358	0.565536	0.571708
0.846465	0.292618	0.449581
0.411912	0.10511	0.916767
0.0710722	0.740744	0.66912
0.303407	0.525811	0.798461
0.89486	0.404109	0.195992
0.518236	0.242606	0.827644
0.877903	0.302332	0.387893
0.121542	0.963266	0.260604
0.792321	0.437665	0.430086
0.664779	0.608355	0.449062
0.192432	0.961408	0.22982
0.0282767	0.670971	0.743685
0.350566	0.179687	0.933123
0.271851	0.729616	0.64092
0.526764	0.832023	0.203034
0.633544	0.0261054	0.784697
0.0518735	0.987792	0.244188
0.729138	0.194665	0.660335
0.71799	0.125285	0.686301
0.23316	0.807495	0.553566
0.561731	0.81923	0.138576
0.121408	0.992349	0.0748174
0.709784	0.661665	0.29001
0.814425	0.387728	0.443031
0.496747	0.506656	0.72559
0.498683	0.50863	0.723925
0.677604	0.298131	0.680315
0.908783	0.425437	0.0382325
0.128833	0.980761	0.169442
0.198827	0.953413	0.233816
0.629109	0.253818	0.742753
0.71003	0.123896	0.695456
0.771832	0.438945	0.465975
0.305992	0.327183	0.899795
0.83155	0.554548	0.0949535
0.279495	0.293959	0.920246
0.0325503	0.416818	0.917305
0.996351	0.000519542	0.0957335
0.0852634	0.65175	0.759835
0.790122	0.201621	0.59619
0.00146728	1.02464	1.09026e-135
0.319165	0.695782	0.646098
0.851161	0.214186	0.500728
7.6194e-16	0.0218182	1.00001
0.0802526	0.0696952	0.994824
0.596221	0.553862	0.59965
0.283841	0.763242	0.583957
0.84179	0.291002	0.459587
0.681943	0.10273	0.733245
0.842191	0.465641	0.279548
0.460541	0.897125	0.154024
0.804141	0.183382	0.568579
0.748604	0.350451	0.577438
0.993185	0.119561	0
0.399534	0.467001	0.79388
0.356676	0.658016	0.694561
0.329922	0.742932	0.59501
0.674167	0.320955	0.67449
0.181773	0.632663	0.760939
0.918131	0.401191	0.0534912
0.489153	0.494239	0.733069
0.361147	0.501646	0.805062
0.170512	0.997352	7.27687e-162
0.908708	0.42977	5.74063e-06
0.487145	0.496758	0.729007
0.925762	0.41287	4.21771e-05
0.561919	0.831039	0.00171859
0.0682252	0.532463	0.868759
0.836409	0.34921	0.436169
0.348005	0.813548	0.473622
0.290502	0.781154	0.557962
0.432865	0.683711	0.596174
0.0538935	0.443013	0.898642
0.734167	0.161031	0.663041
