3.74958e-33	6.12353e-17	1.00005
0.0266525	1.00061	0
0.722995	0.155422	0.686212
0.737108	0.613982	0.310284
0.876871	0.38927	0.322754
0.793695	0.313003	0.546765
0.680384	0.320039	0.676921
0.02037	0.864472	0.510617
0.561384	0.216058	0.803801
0.372111	0.190284	0.915423
0.21054	0.970657	0.120547
0.0524463	0.948411	0.339654
0.490727	0.87777	0.108791
0.989795	0.0481093	0.215168
0.909308	0.41831	0.0545773
0.583589	0.645225	0.495556
0.775632	0.235644	0.596643
0.484669	0.643867	0.60446
0.667018	0.734008	0.163016
0.578843	0.494494	0.655622
0.905219	0.304328	0.297624
0.407415	0.273099	0.882817
0.191499	0.199562	0.963798
0.784825	0.632567	0.046185
0.274363	0.96178	0.0911743
0.865934	0.451135	0.240706
0.265134	0.138341	0.95533
0.830371	0.539372	0.171615
0.378142	0.912433	0.171662
0.345839	0.930737	0.139692
0.219966	0.187913	0.966893
0.290465	0.136629	0.947886
0.00884559	0.937506	0.351216
0.886019	0.441223	0.145908
0.424701	0.66928	0.646892
0.801966	0.0128468	0.62555
0.0766386	0.777102	0.635106
0.207193	0.0343552	0.978843
0.15973	0.487098	0.864956
0.38488	0.75147	0.537747
0.840902	0.482861	0.249895
0.533273	0.832911	0.156658
0.646217	0.748782	0.14965
0.767667	0.584124	0.301696
0.52633	0.248382	0.822003
0.334333	0.787551	0.528739
0.254767	0.022021	0.973775
0.849525	0.148465	0.514668
0.517973	0.554488	0.654581
0.757492	0.2584	0.62077
0.858014	0.47012	0.234512
0.795437	0.545028	0.271879
0.249747	0.50433	0.828193
0.809177	0.460872	0.374288
0.0616975	0.443872	0.900649
0.891613	0.410497	0.196195
0.256152	0.278448	0.939492
0.711935	0.637658	0.295361
0.587199	0.375272	0.727475
0.0911564	0.620653	0.781742
0.499298	0.104563	0.860756
0.341975	0.174874	0.929981
0.748654	0.0823367	0.6603
0.822821	0.428674	0.40011
0.10775	0.473609	0.890152
0.980405	0.169329	0.117523
0.126546	0.900623	0.421059
0.617083	0.676805	0.407859
0.587998	0.127002	0.799554
0.641868	0.639738	0.43654
0.0762173	0.917455	0.399739
0.493633	0.0426676	0.87202
0.0889273	0.996906	0.0267551
0.323682	0.853322	0.413978
0.656171	0.729382	0.223573
0.896675	0.0874727	0.457164
0.0635724	0.589033	0.806248
0.608555	0.761776	0.274913
0.401677	0.00508134	0.923257
0.945921	0.328458	0.00334493
0.194409	0.984367	0.0352906
0.762193	0.650907	0.186973
0.624624	0.722445	0.314441
0.0341609	0.727721	0.691875
0.83373	0.398064	0.402692
0.0366472	0.889579	0.466876
0.436402	0.91455	0.0691708
0.967339	0.256064	0.108382
0.754787	0.268006	0.600755
0.41281	0.806582	0.459779
0.0478211	0.592066	0.808345
0.0370133	0.660626	0.769967
0.351797	0.0980855	0.93253
0.313461	3.5717e-05	0.957986
0.837926	0.531577	0.18511
0.471388	0.894131	0.0689964
0.285994	0.448722	0.847424
0.135797	0.69911	0.703882
0.675969	0.597732	0.445739
0.00351157	0.67458	0.747932
0.972817	0.0949006	0.234289
0.51093	0.839985	0.207344
0.226192	0.607371	0.76845
0.185499	0.887067	0.460829
0.979554	0.165118	0.120564
0.77246	0.526041	0.364416
0.366345	0.407219	0.840507
0.952406	0.279658	0.134231
0.930041	0.0148985	0.373863
0.324796	0.84549	0.432269
0.502624	0.84263	0.206357
0.977071	0.221513	0.00567131
0.166529	0.736112	0.664468
0.0182022	0.855064	0.520146
0.915658	0.430707	4.10335e-06
0.398306	0.683885	0.613842
0.120154	0.57984	0.817909
0.113923	0.926481	0.38543
0.626535	0.524718	0.58658
0.875136	0.0739142	0.487636
0.282803	0.906416	0.335797
0.463167	0.528418	0.714136
0.331866	0.781738	0.551798
0.601975	0.68313	0.417359
0.688048	0.297794	0.673128
0.268579	0.941505	0.227695
0.509172	0.606267	0.613003
0.419521	0.463828	0.783868
0.302177	0.548975	0.803418
0.101328	0.717317	0.69755
0.944077	0.333383	0.0227674
0.432638	0.0586648	0.904949
0.92424	0.168894	0.347994
0.631712	0.69285	0.3656
0.186941	0.360456	0.944595
0.508859	0.860325	0.102883
0.820998	0.506987	0.286967
0.0220003	0.73204	0.712765
0.69914	0.286674	0.660482
0.813995	0.0821241	0.577775
0.781077	0.629547	0.064888
0.639103	0.515116	0.580142
0.538503	0.374621	0.756164
0.689432	0.476223	0.567016
0.691513	0.295612	0.667879
0.932023	0.267045	0.258255
0.146436	0.992797	0.0433432
0.450689	0.892603	0.100397
0.20385	0.652905	0.732501
0.740114	0.522853	0.458703
0.673937	0.158153	0.740925
0.247021	0.651221	0.723381
0.457687	0.768734	0.452755
0.475064	0.344446	0.81683
0.0135377	0.619039	0.791097
0.607524	0.784498	0.128746
0.95771	0.28149	0.0778428
0.772705	0.0714597	0.638001
0.505439	0.796514	0.335251
0.541128	0.803528	0.260847
0.123439	0.0258505	0.995143
0.529151	0.566455	0.64946
0.703953	0.0493905	0.74037
0.40055	0.794358	0.475416
0.168832	0.702505	0.695691
0.660066	0.334671	0.673847
0.881727	0.118985	0.486123
0.612711	0.224988	0.759624
0.935347	0.350445	0.0778912
0.636487	0.666953	0.389044
0.443184	0.703676	0.562746
0.20518	0.625698	0.760167
0.23643	0.246914	0.941774
0.383505	0.748789	0.575587
0.360948	0.230677	0.906592
0.177334	0.0132281	0.990615
0.847491	0.366802	0.426666
0.451672	0.823801	0.377616
0.0898432	0.434745	0.898007
0.234606	0.576932	0.806769
0.0300208	0.964828	0.274385
0.71369	0.232447	0.666102
0.389789	0.183349	0.919244
0.333016	0.368188	0.86889
0.954192	0.00224932	0.343911
0.367511	0.399498	0.854162
0.896747	0.41286	0.196011
0.558956	0.7645	0.3771
0.428931	0.21934	0.883676
0.166705	0.508367	0.851704
0.905933	0.205536	0.378232
0.977792	0.131949	0.212821
5.8316e-17	2.00487e-17	1.00708
0.162726	0.77605	0.652222
0.118849	0.380805	0.919839
0.557349	0.804565	0.214647
0.446787	0.0618992	0.903053
0.751867	0.154376	0.64639
0.619333	0.0653125	0.793269
0.151426	0.72216	0.697935
0.0558423	0.796184	0.608429
0.90645	0.435723	0.0213754
0.605255	0.715009	0.358603
0.208238	0.981742	0.0442105
0.565322	0.823998	0.0680106
0.793904	0.579736	0.199507
0.954676	0.298992	0.0829886
0.933959	0.35924	0.132876
0.490816	0.740913	0.462329
0.33788	0.902857	0.313215
0.02273	0.108834	0.994623
0.496775	0.365888	0.787588
0.366449	0.825973	0.441439
0.635553	0.181435	0.753035
0.395326	0.766264	0.540683
0.839158	0.537425	0.0911312
0.260021	0.839898	0.490948
0.376927	0.883102	0.293576
0.265607	0.906143	0.342363
0.544681	0.0302585	0.839029
0.643838	0.60916	0.469739
0.862552	0.38741	0.38048
0.509676	0.0192683	0.878118
0.800874	0.568467	0.266343
0.430764	0.115931	0.906866
0.123113	0.474045	0.872708
0.518782	0.39388	0.778471
0.18593	0.423243	0.890781
0.00716005	0.933329	0.390655
0.397677	0.92135	0.00571434
0.111736	0.991205	0.0912211
0.658669	0.0767667	0.749165
0.180545	0.860349	0.483515
0.985301	0.131067	0.117712
0.328501	0.917941	0.225571
0.607985	0.55417	0.570103
0.320777	0.483782	0.818063
0.9628	0.0213459	0.324834
0.407194	0.271435	0.876948
0.533253	0.677088	0.526397
0.457467	0.891591	0.0040176
0.0512406	0.695082	0.725053
0.168922	0.384453	0.910638
0.291438	0.586746	0.758179
0.369753	0.929165	0.0760328
0.616061	0.562261	0.557515
0.749595	0.525527	0.425367
0.183078	0.865792	0.476963
0.171633	0.971522	0.169899
0.950526	0.305485	0.0828233
0.872356	0.0484618	0.489798
0.301058	0.0243417	0.966448
0.716683	0.668712	0.244661
0.524124	0.121484	0.84695
0.764205	0.641961	0.147074
0.587467	0.745926	0.35339
0.973196	0.201024	0.136971
0.13494	0.991723	0.0547757
0.75097	0.00484436	0.66469
0.917831	0.204081	0.346883
0.804975	0.571907	0.255484
0.348585	0.876229	0.347944
0.309402	0.949873	0.109387
0.946213	0.0641422	0.33524
0.392636	0.912333	0.140835
0.747829	0.258308	0.617535
0.0762169	0.233988	0.974587
0.103166	0.31971	0.943463
0.427131	0.855635	0.303791
0.80758	0.517201	0.302017
0.073325	0.22511	0.984952
0.326296	0.238703	0.932214
0.55233	0.463782	0.693983
0.724418	0.0402434	0.68931
0.683598	0.594287	0.435129
0.507196	0.576953	0.660824
0.414714	0.401775	0.826655
0.0701971	0.622717	0.782082
0.607829	0.781123	0.178479
0.521761	0.753192	0.447151
0.527602	0.368002	0.768027
0.246494	0.502854	0.829491
0.885817	0.448442	0.162464
0.13921	0.311007	0.956939
0.985689	0.128554	0.127507
0.732973	0.534937	0.435725
0.786949	0.480995	0.415431
0.540297	0.837064	0.124202
0.81574	0.281765	0.51143
0.315884	0.711999	0.6367
0.519283	0.352113	0.782575
0.249989	0.167869	0.964186
0.816496	0.290771	0.504779
0.192523	0.657562	0.732306
0.674658	0.506771	0.556438
0.819353	0.114986	0.58478
0.243613	0.289064	0.929774
0.662943	0.326202	0.698867
0.551936	0.832406	0.0974651
0.374547	0.811059	0.453573
0.0614346	0.652649	0.758637
0.479476	0.680177	0.556259
0.880805	0.441732	0.175881
0.356199	0.726656	0.604151
0.0823067	0.278451	0.959304
0.144076	0.288395	0.94813
0.869518	0.492342	0.110001
0.980775	0.20259	0.0612636
0.504629	0.598777	0.629245
0.357441	0.539576	0.767373
0.224971	0.709258	0.672504
0.851871	0.189476	0.491772
0.274396	0.95382	0.232659
0.689736	0.64314	0.347959
0.926223	0.0136519	0.382665
0.254211	0.957107	0.149796
0.559187	0.458327	0.695709
0.197306	0.0807287	0.982005
0.652553	0.759936	0.0487307
0.0297888	0.819955	0.601763
0.173818	0.148382	0.979707
0.0238193	0.687348	0.728551
0.77297	0.595601	0.243565
0.587181	0.709971	0.410374
0.546751	0.529059	0.654476
0.211024	0.817358	0.564261
0.3034	0.10118	0.952527
0.570585	0.79222	0.232248
0.792393	0.624468	0.0153317
0.626794	0.70081	0.377469
0.597742	0.565318	0.570158
0.595535	0.0793972	0.811194
0.899353	0.34593	0.30899
0.175473	0.632041	0.767708
0.570826	0.733359	0.36998
0.977749	0.14278	0.210919
0.196421	0.993941	0.00406135
0.0892273	0.89017	0.460448
0.698745	0.673176	0.262293
0.333001	0.405755	0.853965
0.893296	0.452254	0.0300264
0.681119	0.0917113	0.728026
0.130369	0.196799	0.9736
0.00731679	0.51544	0.861322
0.0872171	0.335829	0.939019
0.715465	0.650746	0.277127
0.738305	0.262925	0.624015
0.825027	0.289372	0.489851
0.468419	0.907942	1.84508e-07
0.210246	0.663947	0.724487
0.477453	0.3828	0.799955
0.233174	0.623068	0.765477
0.649845	0.755226	0.119045
0.67044	0.613275	0.419611
0.842954	0.0384499	0.542691
0.223292	0.703965	0.676529
0.720573	0.674525	0.169977
0.855779	0.494123	0.228634
0.77847	0.0885098	0.624693
0.912988	0.414399	0.00570935
0.577481	0.665488	0.492001
0.570389	0.732798	0.371767
0.0135861	0.60322	0.805925
0.270884	0.938787	0.278343
0.420954	0.177449	0.898399
0.630072	0.500335	0.595592
0.849394	0.0371531	0.534732
0.515106	0.0196243	0.861302
0.215145	0.939568	0.274122
0.77078	0.103784	0.631836
0.927532	0.31888	0.304994
0.91511	0.0622808	0.404271
0.964436	0.0142152	0.274308
0.887622	0.163088	0.450004
0.940691	0.337496	0.134386
0.237809	0.275767	0.932388
0.710857	0.421737	0.575968
0.692361	0.601906	0.404354
0.812721	0.280722	0.516783
0.0344888	0.683759	0.731731
0.812486	0.587749	0.0331138
0.531436	0.454672	0.717574
2.14836e-17	5.7952e-17	1.00937
0.000716516	1.00105	3.99835e-162
3.74946e-33	6.12334e-17	1.00002
1.00002	0	0
0.623564	0.0876783	0.778977
0.120037	0.197651	0.974052
0.170682	0.197559	0.967664
0.732437	0.62379	0.325822
0.375069	0.599354	0.707373
0.594937	0.2187	0.774445
0.922928	0.35843	0.169307
0.0508312	0.526293	0.850499
0.00490968	0.782736	0.622448
0.804816	0.611791	0.079321
0.500383	0.81278	0.30897
0.199613	0.0324498	0.980212
0.452226	0.744627	0.493444
0.522172	0.848172	0.0988622
0.645413	0.654441	0.411557
0.771243	0.62326	0.158821
0.788583	0.617402	0.0458666
0.192898	0.492277	0.850464
0.0794737	0.657258	0.754882
0.601876	0.415682	0.688502
0.437745	0.826242	0.370232
0.384253	0.441392	0.822616
0.558421	0.587215	0.588828
0.294215	0.192897	0.937522
0.148338	0.399315	0.90531
0.888961	0.169251	0.433611
0.958808	0.102961	0.294389
0.216697	0.504733	0.836138
0.483769	0.849035	0.24994
0.785113	0.483706	0.388044
0.955277	0.000563506	0.303355
0.613175	0.514549	0.600682
0.830151	0.380446	0.473099
0.58293	0.477105	0.671426
0.777986	0.662582	0.0591797
0.207881	0.959452	0.192949
0.616133	0.547172	0.587709
0.852463	0.0475923	0.527003
0.429162	0.163549	0.893453
0.162391	0.538531	0.843967
0.165925	0.456124	0.88098
0.667357	0.125554	0.734641
0.783243	0.110098	0.613586
0.0704456	0.119864	0.991111
0.32003	0.954428	0.066738
0.915318	0.404855	0.0239171
0.365444	0.413471	0.839212
0.152755	0.801601	0.580913
0.575539	0.72784	0.377936
0.328013	0.173466	0.931135
0.349871	0.185747	0.920191
0.632559	0.56176	0.547736
0.203918	0.327233	0.927519
0.353814	0.573975	0.747196
0.676022	0.733379	0.117237
0.110343	0.0628209	0.999151
0.0156923	0.129777	0.996227
0.0591266	0.7638	0.657948
0.485017	0.391509	0.78554
0.87582	0.103061	0.476355
0.546515	0.7896	0.298045
0.23325	0.333854	0.92591
0.737902	0.428257	0.533379
0.841663	0.07714	0.539903
0.310596	0.0504642	0.950239
0.137687	0.68746	0.716101
0.220698	0.916724	0.333628
0.585076	0.238506	0.776821
0.535784	0.233506	0.813503
0.104671	0.995251	0.0373053
0.634189	0.737721	0.234436
0.762504	0.321494	0.568299
0.0377629	0.981544	0.197773
0.272481	0.274408	0.938113
0.494245	0.341347	0.806686
0.277833	0.889527	0.374733
0.714572	0.387902	0.590809
0.379345	0.358085	0.858007
0.9665	0.155583	0.210283
0.858913	0.4892	0.203472
0.909907	0.415393	0.0143531
0.23689	0.883335	0.406112
0.753583	0.437358	0.503419
0.745989	0.284288	0.609602
0.606874	0.227345	0.766189
0.719777	0.364919	0.603922
0.967068	0.0264006	0.270304
0.470098	0.467293	0.764187
0.408494	0.0217279	0.915081
0.109568	0.99054	0.094393
0.0230832	0.469525	0.897104
0.893585	0.149997	0.42405
0.63863	0.681026	0.362911
0.654921	0.753428	0.125645
0.685688	0.507401	0.527896
0.120193	0.807792	0.57885
0.699426	0.669636	0.292987
0.810429	0.298939	0.508905
0.266155	0.279187	0.93572
0.649583	0.755627	0.0864517
0.542996	0.302395	0.790294
0.335037	0.177181	0.925999
0.459575	0.55245	0.722442
0.418955	0.90853	0.0724175
0.39844	0.166901	0.915404
0.129385	0.894732	0.42887
0.442448	0.707024	0.554314
0.038153	0.991684	0.185286
0.248516	0.144443	0.960686
0.553364	0.307553	0.781863
0.313676	0.862291	0.407455
0.827537	0.554842	0.10402
0.197985	0.97563	0.103935
0.5582	0.644184	0.532887
0.97702	0.0151176	0.221854
0.661605	0.349977	0.677337
0.868922	0.515085	0.000361112
0.325128	0.052854	0.945193
0.0974587	0.881065	0.464312
0.996237	0.132252	0.00829699
0.235288	0.740674	0.642076
0.362858	0.927296	0.176446
0.39829	0.463311	0.796891
0.0491127	0.5085	0.861708
0.720817	0.497828	0.495577
0.423663	0.0709319	0.910267
0.356268	0.930749	0.100961
0.463619	0.815865	0.356216
0.12249	0.959627	0.25829
0.742985	0.119413	0.662689
0.986213	0.109897	0.138037
0.638167	0.246809	0.740231
0.252594	0.254379	0.940297
0.984603	0.129951	0.132227
0.0955454	0.314399	0.948631
0.129365	0.317099	0.940507
0.759994	0.144315	0.639124
0.213532	0.70264	0.680725
0.898857	0.440369	0.151126
0.890535	0.451279	0.0971021
0.688236	0.567414	0.454762
0.70809	0.6849	0.225137
0.056966	0.605029	0.802065
0.719726	0.266466	0.68407
0.342934	0.94354	0.0469522
0.903065	0.340959	0.264832
0.840142	0.0390122	0.543757
0.291697	0.6914	0.675217
0.749736	0.605879	0.276829
0.0905376	0.869305	0.487867
0.00261128	0.310105	0.955882
0.135404	0.445556	0.888678
0.0563446	0.494252	0.869975
0.481352	0.792599	0.381112
0.778461	0.424834	0.478521
0.16344	0.671725	0.72662
0.513304	0.420062	0.753975
0.034911	0.943966	0.337087
0.475063	0.494893	0.742716
0.694645	0.700672	0.199083
0.223697	0.903291	0.383189
0.31911	0.857414	0.406255
0.54054	0.649777	0.563942
0.757601	0.154974	0.649459
0.906537	0.337336	0.258251
0.0401097	0.917651	0.40507
0.254593	0.133568	0.96025
0.193996	0.638356	0.747118
0.81349	0.471931	0.349652
0.719417	0.595277	0.366885
0.0409323	0.464814	0.890465
0.831509	0.139553	0.538327
0.564701	0.389698	0.742833
0.398084	0.540234	0.752269
0.943325	0.351025	0.000244394
0.259154	0.69279	0.686656
0.81677	0.473834	0.341935
0.866194	0.502715	0.0460797
0.531656	0.685797	0.517209
0.540356	0.712926	0.449846
0.608113	0.497716	0.632982
0.347001	0.936038	0.0824506
0.0662254	0.508636	0.861156
0.690954	0.291327	0.665259
0.506094	0.87353	0.0735349
0.826089	0.137967	0.551161
0.377324	0.751304	0.541934
0.602176	0.794489	0.088304
0.0845468	0.73623	0.676236
0.569356	0.774597	0.288147
0.00487754	0.777612	0.628838
0.396918	0.876454	0.288388
0.77594	0.627055	0.112984
0.0706793	0.899965	0.436033
6.12375e-17	1.00008	0
5.41804e-17	2.94921e-17	1.00743
0.336497	0.0853047	0.939826
0.212381	0.355142	0.925095
0.980524	0.203571	0.0741675
0.823801	0.0278239	0.572544
0.665943	0.746132	0.0861798
0.659304	0.43072	0.621893
0.92351	0.389323	0.101321
0.119931	0.104085	0.99011
0.834696	0.346112	0.433432
0.276208	0.854253	0.444752
0.694251	0.503187	0.525863
0.00495255	0.919767	0.409306
0.408801	0.0143479	0.917521
0.125719	0.110617	0.987975
0.671953	0.0731376	0.74947
0.426494	0.447489	0.791528
0.374602	0.760415	0.540473
0.677224	0.579762	0.457303
0.265297	0.381276	0.89244
0.884248	0.336721	0.350202
0.14926	0.780925	0.611078
0.148905	0.916997	0.38797
0.93926	0.0536298	0.35823
0.95298	0.283564	0.115786
0.38371	0.785825	0.499819
0.0387616	0.19433	0.984554
0.658452	0.750933	0.0661017
0.412338	0.822425	0.400775
0.222847	0.453794	0.877219
0.690396	0.363972	0.634872
0.0351729	0.863917	0.5273
0.0670369	0.929735	0.370092
0.393482	0.833563	0.401543
0.899188	0.116926	0.423156
0.827251	0.542814	0.245569
0.466392	0.734956	0.497503
0.429629	0.723986	0.553344
0.299873	0.949107	0.141757
0.27394	0.584686	0.767671
0.33186	0.903422	0.298445
0.961287	0.279276	0.0385853
0.990344	0.0982938	0.141737
0.739033	0.0666033	0.67819
0.470482	0.0543786	0.897665
0.785941	0.0418947	0.647267
0.482062	0.213867	0.85294
0.352854	0.474759	0.807693
0.636831	0.557159	0.540067
0.346988	0.91319	0.242454
0.654815	0.587622	0.479415
0.16244	0.938743	0.316278
0.309327	0.608736	0.737062
0.573741	0.825159	0.0353606
0.24477	0.866663	0.440132
0.0275953	0.982292	0.243891
0.177635	0.567039	0.811361
0.620171	0.329241	0.721962
0.992036	0.131879	0.0565882
0.862117	0.488978	0.158184
0.293825	0.123071	0.949699
0.135752	0.188135	0.977047
0.233907	0.974705	0.0590655
0.647719	0.335695	0.686454
0.184367	0.9888	0.000891008
0.28408	0.708537	0.652767
0.241108	0.92475	0.332019
0.340744	0.287038	0.904707
0.731103	0.652315	0.223829
0.397543	0.708572	0.596017
0.110238	0.5312	0.84299
0.345998	0.94191	0.0900014
0.0540311	0.719692	0.697562
0.584603	0.64696	0.517227
0.489346	0.164865	0.864896
0.722327	0.641219	0.282366
0.552819	0.561599	0.618373
0.781292	0.0456658	0.643545
0.255221	0.963524	0.162387
0.211933	0.794574	0.583347
0.993484	2.06548e-07	0.171432
0.308431	0.953913	0.0132415
0.438521	0.876838	0.216233
0.800811	0.470465	0.37764
0.14125	0.25176	0.970617
0.843452	0.284167	0.470744
0.940451	0.0536979	0.355244
0.877143	0.402603	0.288197
0.761089	0.65472	0.0255742
0.967015	0.245751	0.120293
0.419698	0.121177	0.910607
0.825747	0.558789	0.113353
0.685031	0.496504	0.538116
0.493405	0.879434	0.0360865
0.745091	0.715151	0.0515206
0.813454	0.589584	0.0412876
0.207887	0.779402	0.599145
0.932277	0.178842	0.325991
0.0963298	0.291934	0.952282
0.351051	0.710336	0.628599
0.250012	0.627315	0.742775
0.0143625	0.57709	0.841874
0.819672	0.169448	0.550148
0.86897	0.398851	0.304686
0.532897	0.210979	0.821441
0.928468	0.376148	0.00357476
0.249203	0.934304	0.269418
0.685156	0.70332	0.20314
0.507689	0.261394	0.831206
0.607506	0.77428	0.231428
0.202305	0.625688	0.760976
0.0193018	0.930898	0.384078
0.0739744	0.0552604	0.998673
0.898576	0.411315	0.197133
0.782171	0.61805	0.124284
0.888354	0.366362	0.286945
0.0935134	0.966796	0.252199
0.461248	0.845746	0.287665
0.203686	0.974951	0.177377
0.073233	0.230237	0.975247
0.79222	0.517554	0.334904
0.780527	0.630795	0.120906
0.569606	0.00441384	0.835605
0.10737	0.592972	0.80302
0.0334368	0.535072	0.85694
0.580777	0.521279	0.634546
0.00941748	0.637625	0.777125
0.709253	0.685973	0.221181
0.972154	0.141078	0.258694
0.539221	0.270982	0.801657
0.927363	0.378741	0.101271
0.103875	0.183845	0.985418
0.600495	0.152434	0.792086
0.464242	0.888266	0.0512073
0.652941	0.515936	0.578037
0.0609881	0.831569	0.562255
0.260384	0.152816	0.957789
0.0874121	0.82788	0.558508
0.503878	0.803235	0.326072
0.0338741	0.423283	0.907408
0.535274	0.509908	0.71611
0.54509	0.839803	0.127646
0.0690691	0.929338	0.377304
0.435811	0.553248	0.728029
0.506431	0.872538	0.0625656
0.366579	0.741152	0.596282
0.765112	0.547558	0.379929
0.812869	0.00227975	0.589933
0.566063	0.809912	0.182907
0.709136	0.626919	0.334984
0.218149	0.190857	0.961377
0.562934	0.571875	0.59877
0.154871	0.767892	0.625344
0.913639	0.00724853	0.418215
0.605536	0.0329478	0.828048
0.485761	0.699554	0.543018
0.0134151	0.90829	0.427815
0.0220894	0.766635	0.658813
0.315187	0.957147	1.65295e-07
0.338912	0.676954	0.667983
0.711983	0.694525	0.184249
0.723317	0.622228	0.320098
0.604421	0.776268	0.231349
0.862374	0.486779	0.150827
0.910001	0.374287	0.196281
0.0840491	0.308556	0.953395
0.752919	0.653051	0.131187
0.874117	0.401213	0.289945
0.816602	0.296514	0.515333
0.593786	0.812877	0.061635
0.853352	0.216865	0.48633
0.170483	0.941078	0.302532
0.233983	0.600217	0.78292
0.458357	0.34132	0.834515
0.192096	0.144045	0.979879
0.871715	0.495298	0.0174065
0.857889	0.157552	0.508804
0.624732	0.321655	0.72299
0.50002	0.215614	0.846111
0.97668	0.0709012	0.26235
0.893609	0.4692	0.0153831
0.611364	0.366058	0.71442
0.807124	0.605228	0.00109117
0.190527	0.144145	0.975011
0.208347	0.804225	0.563199
0.596248	0.412538	0.702033
0.52798	0.299461	0.799212
0.558185	0.811289	0.208635
0.751995	0.655265	0.118519
0.31221	0.263001	0.918114
0.0506263	0.253814	0.968367
0.415667	0.599534	0.706373
0.894952	1.67471e-05	0.449724
0.590113	0.797888	0.183699
3.81048e-17	4.8229e-17	1.00381
6.14415e-17	1.00342	4.69566e-07
0.446638	0.737825	0.507118
0.469315	0.770145	0.434843
0.370477	0.909312	0.254225
0.0461657	0.952378	0.319921
0.866416	0.325623	0.383806
0.30402	0.867952	0.395593
0.917325	0.408455	0.190219
0.858669	0.510531	0.0675702
0.689822	0.137976	0.723218
0.577359	0.816772	0.0464253
0.0553367	0.959964	0.277173
0.39827	0.0850274	0.916291
0.602733	0.160334	0.782629
0.856719	0.484096	0.212278
0.385576	0.260412	0.897265
0.419728	0.221078	0.89404
0.0579343	0.335812	0.94295
0.222588	0.974931	0.0765198
0.0229731	0.92777	0.376434
0.21528	0.469862	0.862852
0.785831	0.589526	0.231389
0.92378	0.361288	0.199838
0.545487	0.0562514	0.838831
0.151068	0.422332	0.908192
0.157154	0.417847	0.90391
0.502848	0.639578	0.58229
0.776039	0.579224	0.262464
0.19452	0.983917	0.081965
0.294843	0.752783	0.594631
0.93073	0.275292	0.245272
0.258797	0.875488	0.424279
0.139366	0.966997	0.221269
0.699264	0.454601	0.557351
0.658878	0.598312	0.462839
0.747273	0.633835	0.205616
0.091895	0.637616	0.767989
0.0083715	0.186557	0.993201
0.466805	0.765166	0.450259
0.655323	0.355063	0.671254
0.205159	0.915868	0.362619
0.647031	0.35426	0.691303
0.667979	0.680586	0.337035
0.557558	0.111691	0.828779
0.905368	0.0722298	0.421012
0.496134	0.369635	0.807908
0.323924	0.214383	0.925241
0.351077	0.889555	0.306158
0.278151	0.940961	0.230774
0.736923	0.00693625	0.68055
0.623154	0.242004	0.755131
0.973328	0.20822	0.114733
0.639973	0.152669	0.754545
0.309412	0.70831	0.640845
0.269328	0.462393	0.856074
0.195449	0.522474	0.83587
0.675296	0.131057	0.731686
0.26407	0.171724	0.951645
0.669473	0.682108	0.331498
0.101212	0.706764	0.704895
0.0490272	0.993398	0.136225
0.818165	0.0956036	0.575673
0.438918	0.720263	0.542709
0.336859	0.895649	0.322811
0.84657	0.515709	0.179383
0.787859	0.0920623	0.622513
0.0777571	0.798108	0.611421
0.521178	0.344933	0.790582
0.628819	0.781163	0.015107
0.0318079	0.494464	0.877576
0.174238	0.0198408	0.991945
0.79286	0.0623461	0.60817
0.608007	0.788452	0.13023
0.180551	0.979213	0.0973163
0.343635	0.548492	0.763486
0.228772	0.379512	0.902705
0.567526	0.373464	0.737616
0.698555	0.0216889	0.719694
0.0844436	0.996043	0.0434149
0.731614	0.61467	0.29821
0.721431	0.348168	0.60295
0.809864	0.534594	0.251248
0.280337	0.650148	0.72926
0.199704	0.460178	0.871533
0.163255	0.672961	0.740579
0.386205	0.720889	0.581424
0.707485	0.392899	0.600042
0.475767	0.748613	0.487174
0.974285	0.236517	0.0308489
0.388218	0.697759	0.613513
0.894306	0.264519	0.366397
0.0845429	0.343498	0.937234
0.479022	0.828928	0.308053
0.806357	0.313151	0.520102
0.457032	0.503537	0.745342
0.840281	0.0140319	0.552228
0.067209	0.272414	0.963591
0.339625	0.563068	0.758194
0.264511	0.171689	0.96192
0.875061	0.332441	0.363401
0.724863	0.467828	0.510351
0.1618	0.883589	0.451029
0.765927	0.507402	0.406457
0.708293	0.430249	0.569903
0.998943	0.103012	0.0175464
0.985147	0.0334964	0.187452
0.508228	0.27132	0.828308
0.616034	0.388276	0.697701
0.187727	0.00124834	0.998443
0.965007	0.20644	0.171024
0.592729	0.379741	0.713301
0.605795	0.191958	0.775004
0.9945	0.119732	0.0208006
0.974585	0.208488	0.102848
0.564615	0.858029	0.08084
0.293378	0.812075	0.529156
0.908823	0.0849189	0.41431
0.959121	0.255925	0.148533
0.634933	0.400189	0.662617
0.94005	0.250836	0.246046
0.237964	0.44158	0.868514
0.10603	0.757117	0.648879
0.463194	0.801539	0.389993
0.512846	0.834919	0.207031
0.0222514	0.49587	0.87914
0.846234	0.230254	0.494198
0.526995	0.711814	0.46849
0.410914	0.617093	0.675388
0.0150079	0.875111	0.526241
0.171315	0.974947	0.144493
0.12696	0.210615	0.973333
0.61204	0.79372	0.127138
0.895264	0.272163	0.357588
0.631425	0.474287	0.627793
0.991335	0.123687	0.122663
0.547852	0.667254	0.510721
0.820758	0.249634	0.516309
0.484489	0.618231	0.62589
0.75216	0.623842	0.226577
0.89476	0.283522	0.348792
0.429038	0.905482	0.0581976
0.755312	0.573447	0.346443
0.138082	0.542589	0.845395
0.23772	0.0756627	0.980083
0.760838	0.10544	0.648941
0.505691	0.775153	0.389896
0.142307	0.146831	0.985104
0.677553	0.664441	0.326654
0.814365	0.609057	5.44292e-06
0.487998	0.741596	0.477141
0.450192	0.451286	0.774879
0.55044	0.146423	0.822695
0.0958105	0.87312	0.490862
0.587758	0.789646	0.239805
0.555183	0.172064	0.816971
0.556668	0.527802	0.6518
0.298608	0.389678	0.881342
0.889199	0.0796263	0.472241
0.601254	0.385203	0.703163
0.956037	0.286217	0.158323
0.330514	0.672484	0.665286
0.975999	0.204627	0.117717
0.048999	0.996809	0.136692
0.824321	0.177131	0.539872
0.793365	0.585945	0.173831
0.566845	0.774135	0.283225
0.79946	0.532303	0.286712
0.778562	5.8421e-05	0.632444
0.590062	0.148961	0.800249
0.717376	0.40603	0.578578
0.0265701	0.664214	0.752471
0.244619	0.557939	0.799084
0.663131	0.368267	0.654652
0.46849	0.884613	0.0886796
0.273642	0.458496	0.854208
0.499044	0.827371	0.27067
0.250235	0.079646	0.966651
0.986155	0.166725	0.0438489
0.518943	0.850938	0.097037
0.360633	0.921552	0.162084
0.58447	0.185201	0.795418
0.850571	0.533473	0.0534485
0.528885	0.306627	0.793972
0.455933	0.302041	0.847625
0.598298	0.371333	0.71353
0.284438	0.694327	0.664711
0.839113	0.546524	0.0522489
0.60005	0.76372	0.240682
0.989449	0.197906	0.00987406
0.752802	0.179585	0.635249
0.480354	0.831234	0.304242
0.474824	0.239031	0.850447
0.825895	0.456261	0.35506
0.355369	0.944866	0.0115798
0.0400673	0.98355	0.200767
0.418364	0.910294	0.0152137
0.340109	0.159951	0.929751
0.242569	0.697702	0.681056
0.162416	0.929929	0.354669
0.054911	0.952102	0.305828
0.233388	0.963127	0.227326
0.221388	0.554835	0.803546
0.802591	0.3013	0.51837
0.208827	0.416747	0.893158
0.383543	0.764558	0.560022
0.616025	0.781881	0.139559
0.545512	0.83907	0.0332383
0.984806	0.134261	0.156979
0.973729	0.223003	0.102497
0.939105	0.0220433	0.349934
0.580797	0.248914	0.785669
0.197937	0.757992	0.627663
0.350279	0.0152903	0.938075
0.171769	0.712612	0.697129
0.299043	0.938187	0.1825
0.493466	0.0395898	0.871456
0.111928	0.789927	0.605751
0.7543	0.242352	0.620535
0.66895	0.520923	0.555102
0.279122	0.46163	0.843153
0.845392	0.0479924	0.542344
0.251115	0.0597202	0.969872
0.436509	0.846756	0.309513
0.876568	0.39573	0.281875
0.122386	0.679698	0.725079
0.74555	0.631012	0.221023
0.910455	0.410109	0.0909092
0.446884	0.20865	0.881383
0.599046	0.733725	0.333852
0.159493	0.93359	0.325725
0.819533	0.563622	0.123777
0.217345	0.874841	0.4442
0.285167	0.274475	0.92236
0.0794515	0.534701	0.854367
0.835904	0.257208	0.500321
0.729869	0.543986	0.422017
0.947961	0.379115	0.086591
0.38184	0.446126	0.829546
0.748615	0.659972	0.171135
0.148759	0.727326	0.672585
0.637629	0.294901	0.717286
0.368437	0.899032	0.256122
0.203451	0.52074	0.834489
0.325857	0.876972	0.365129
0.0872889	0.320426	0.951148
0.89891	0.447939	4.79068e-05
0.830269	0.478683	0.321714
0.963761	0.143329	0.239255
0.410237	0.39198	0.82619
0.717572	0.706746	0.0437852
0.0278051	0.880291	0.492106
0.359418	0.529765	0.774131
0.128645	0.111498	0.995783
0.966583	0.0715258	0.278086
0.373905	0.892458	0.270147
0.136286	0.666406	0.737631
0.145389	0.811047	0.576401
0.871404	0.0956964	0.487204
0.911134	0.403709	0.104502
0.00819056	0.991618	0.14841
0.00481747	0.430964	0.903693
0.417226	0.831442	0.379683
0.253163	0.233608	0.952515
0.965085	0.232515	0.188118
0.699632	0.611545	0.383119
0.957668	0.0776688	0.281599
0.941721	0.0411079	0.342254
0.903971	0.327682	0.299534
0.724079	0.53967	0.438284
0.400116	0.798494	0.468166
0.0492259	0.331286	0.964207
0.298864	0.264821	0.9214
0.693482	0.66262	0.289291
0.639434	0.718806	0.276152
0.471559	0.484664	0.741766
0.390387	0.886861	0.259346
0.646316	0.617553	0.452256
0.633771	0.00349464	0.777814
0.327957	0.163425	0.931987
0.453203	0.789824	0.428772
0.00344579	0.379497	0.927368
0.164466	0.00889028	0.98794
0.261232	8.83313e-06	0.984087
0.138146	0.991758	0.0573496
0.324073	0.497476	0.818924
0.50059	0.869842	0.0537454
0.770967	0.304981	0.589802
0.0910786	0.994717	0.112833
0.0111821	1.00034	0.0297199
0.705123	0.03078	0.711138
0.812641	0.587324	0.0642152
0.887026	0.213166	0.415956
0.271952	0.65224	0.722318
0.83463	0.185729	0.52808
0.187507	0.986502	0.0259934
0.316108	0.350367	0.886238
0.426764	0.823125	0.378429
0.639609	0.621484	0.457341
0.245037	0.0582747	0.971616
0.948451	0.0843176	0.314861
0.780044	0.0803154	0.645074
0.368101	0.183429	0.913997
0.678609	0.742064	0.0221813
0.793691	0.545849	0.290798
0.510458	0.675067	0.534927
0.483322	0.568745	0.678481
0.591235	0.816272	0.0680125
0.355572	0.413328	0.847169
0.99455	0.00664321	0.119948
0.68779	0.668299	0.292846
0.170713	0.708227	0.699094
0.466624	0.785985	0.414573
0.122563	0.736558	0.666481
0.507396	0.506799	0.704172
0.524185	0.420401	0.74439
0.403281	0.78316	0.479191
0.562026	0.371306	0.749047
0.586693	0.282742	0.762271
0.85041	0.514435	0.174462
0.985329	0.178624	0.0670903
0.39473	0.285337	0.878642
0.822749	0.476131	0.338477
0.968123	0.244832	0.114005
0.677867	0.573726	0.462599
0.0679479	0.641991	0.766807
0.812655	0.58381	0.104928
0.763864	0.102278	0.64249
0.499296	0.120294	0.864368
0.0618229	0.842031	0.539549
0.17355	0.646962	0.757127
0.0112261	0.335012	0.96002
0.618538	0.635269	0.471254
0.604067	0.459169	0.658247
0.482886	0.84752	0.250715
0.178476	0.991207	0.0190725
0.346168	0.930313	0.133666
0.637712	0.108364	0.768959
0.0960299	0.454167	0.886592
0.308809	0.814437	0.500372
0.153445	0.974575	0.181434
0.861037	0.126205	0.497836
0.918203	0.0521258	0.406755
0.80778	0.0350461	0.609279
0.649788	0.6266	0.447127
0.0739718	0.425293	0.912502
0.41228	0.18231	0.9064
0.612327	0.0919102	0.796059
0.921511	0.288928	0.26489
0.951998	0.00635898	0.315302
0.531651	0.463338	0.710558
0.619199	0.681412	0.407599
0.646062	0.597964	0.477751
0.559361	0.814531	0.17719
0.822934	0.189746	0.540917
0.856458	0.348549	0.391769
0.642847	0.204399	0.748015
0.57544	0.489658	0.657617
0.980794	0.218254	8.20129e-225
0.74109	0.365012	0.569015
0.504186	0.762887	0.434771
0.459455	0.693849	0.591996
0.315036	0.139308	0.952477
0.459588	0.345631	0.822102
0.097744	0.820076	0.570047
0.919917	0.145753	0.371225
5.28229e-17	0.862663	0.510433
0.553337	0.731774	0.400932
0.933144	0.341969	0.131148
0.0628013	0.467756	0.886353
0.00370734	0.230526	0.979205
0.551076	0.640189	0.54875
0.480968	0.0385872	0.87934
0.929414	0.394837	0.0479313
0.427313	0.193356	0.886779
0.650394	0.198463	0.74627
0.0543921	0.858738	0.549877
0.70922	0.600263	0.406597
0.219921	0.849145	0.494629
0.394659	0.653832	0.652767
0.53144	0.752151	0.402505
0.763072	0.61199	0.225645
0.528764	0.424073	0.739741
0.547013	0.806273	0.239245
0.609646	0.56862	0.581599
0.738477	0.0562658	0.675915
0.520761	0.689883	0.505365
5.8542e-17	2.01339e-17	1.01103
0.377967	0.140041	0.922342
0.634886	0.772469	0.0596762
0.496894	0.153928	0.856142
0.806801	0.519306	0.29182
0.0376516	0.720794	0.699286
0.873845	0.527671	0.0311571
0.862692	0.00818819	0.509407
0.952936	0.311669	0.0710707
0.901025	0.125952	0.419651
0.0607846	0.588733	0.807922
0.768458	0.347223	0.550617
0.178234	0.944991	0.282625
0.0981067	0.950219	0.30102
0.868731	0.446269	0.225597
0.763051	0.46615	0.454383
0.53977	0.752452	0.395903
0.60438	0.414069	0.694732
0.182646	0.444405	0.878942
0.0650463	0.20033	0.984192
0.409927	0.842919	0.371546
0.949864	0.315984	0.0757711
0.622264	0.25222	0.748609
0.930889	0.370493	0.0457178
0.891634	0.434751	0.131881
0.736199	0.303675	0.607751
0.682996	0.590653	0.449787
0.531217	0.597222	0.617289
0.697205	0.604709	0.391451
0.561826	0.277139	0.787359
0.260886	0.698336	0.67656
0.812906	0.570522	0.141193
0.286327	0.39918	0.872663
0.0295859	0.627218	0.781256
0.840446	0.490248	0.275927
0.637302	0.742467	0.219931
0.341895	0.673101	0.671671
0.299682	0.107095	0.952962
0.453936	0.714053	0.538056
0.707844	0.59566	0.404742
0.0880876	0.560893	0.827275
0.320305	0.185318	0.940548
0.49616	0.849489	0.188325
0.798959	0.230515	0.573582
0.127687	0.891654	0.437921
0.239447	0.198565	0.95862
0.709985	0.0625107	0.705535
0.923752	0.393869	0.12618
0.34813	0.934182	0.173637
0.511542	0.544916	0.679435
0.111433	0.0663188	0.992795
0.123669	0.779012	0.630118
0.851853	0.0461076	0.525926
0.212367	0.828833	0.521324
0.932546	0.367839	0.0359356
0.424781	0.783592	0.458661
0.913301	0.377847	0.252045
0.2024	0.175035	0.974164
0.145217	0.968999	0.22638
0.881081	0.351791	0.365314
0.314236	0.616012	0.73811
0.0853116	0.826292	0.560407
0.649171	0.267777	0.714224
0.522635	0.180769	0.848817
0.456673	0.0260387	0.89344
0.0706885	0.946277	0.323059
0.880996	0.418444	0.240915
0.113876	0.908521	0.406742
0.515104	0.402856	0.768619
0.359406	0.831278	0.429061
0.534329	0.748267	0.396154
0.432447	0.85303	0.30589
0.868136	0.160192	0.477125
0.355437	0.701123	0.627965
0.474534	0.821598	0.316473
0.548076	0.0892865	0.836914
0.689297	0.537833	0.497029
0.736688	0.321857	0.599262
0.717853	0.620797	0.34885
0.991799	0.129513	0.0522089
0.973453	0.218286	0.1079
0.724413	0.649171	0.244685
0.854555	0.0225328	0.533371
0.294879	0.895665	0.333438
0.0703056	0.941151	0.357194
0.583366	0.801383	0.199963
0.7807	0.243953	0.579188
0.382422	0.786684	0.491759
0.298822	0.886956	0.379851
0.19679	0.168362	0.97595
0.744051	0.663557	0.0927026
0.557208	0.0346969	0.841416
0.272333	0.876071	0.420758
0.593573	0.497652	0.648318
0.671057	0.601471	0.45602
0.822083	0.468802	0.345772
0.219146	0.653887	0.733295
0.152519	0.96074	0.261764
0.609805	0.511262	0.611587
0.439862	0.867656	0.257136
0.715657	0.660237	0.337972
0.568988	0.114934	0.81585
0.692197	0.214429	0.69175
0.719686	0.234163	0.655153
0.617155	0.717043	0.364292
0.324863	0.0664694	0.947294
0.390829	0.817235	0.429972
0.275655	0.685221	0.68613
0.0230469	0.93169	0.386207
0.666599	0.0796865	0.744934
0.810493	0.137444	0.587211
0.810751	0.333436	0.498361
0.935335	0.326155	0.152641
0.91751	0.315552	0.266192
0.0394658	0.76315	0.650121
0.255597	0.505809	0.825751
0.976138	0.205036	0.0927476
0.985181	0.00935079	0.178865
0.447042	0.881821	0.210983
0.906338	0.43133	0.0229746
0.833626	0.504022	0.243693
0.0186775	0.707344	0.712895
0.481876	0.338523	0.814678
0.313387	0.840952	0.471727
0.661335	0.0571282	0.759623
0.964025	0.295437	0.00562044
0.155933	0.989143	0.0106266
0.887751	0.421652	0.227016
0.41591	0.102258	0.909245
0.0135677	0.262986	0.965794
0.482561	0.672592	0.566777
0.372145	0.494212	0.794496
0.399756	0.924604	0.00631922
0.0551309	0.898732	0.443503
0.471191	0.238946	0.850153
0.360426	0.482479	0.799267
0.46717	0.525217	0.725001
0.307724	0.919031	0.254994
0.332401	0.683506	0.663772
0.657255	0.57629	0.506949
0.619871	0.255829	0.747663
0.991611	0.0888045	0.118885
0.871352	0.120691	0.486615
0.415925	0.0399294	0.91032
0.267058	0.635995	0.731163
0.975214	0.218681	0.0964218
0.248117	0.767507	0.592099
0.025255	0.473962	0.904855
0.770356	0.616684	0.168696
0.169445	0.598543	0.79096
0.434996	0.863402	0.25742
0.843478	0.315317	0.444936
0.641575	0.764702	0.0814665
0.588173	0.819793	0.185547
0.427434	0.0136717	0.962331
0.79064	0.390182	0.481484
0.275643	0.384286	0.884264
0.504839	0.86065	0.170577
0.570018	0.388081	0.730945
0.966926	0.178421	0.199123
0.190947	0.983269	0.0168649
0.00620082	0.997809	0.191016
0.959863	0.167897	0.262735
0.750017	0.669839	0.0202437
0.894463	0.428367	0.155726
0.317238	0.193883	0.944977
0.995052	0.00358284	0.173859
0.103421	0.0383184	0.999237
0.325063	0.164843	0.935427
0.755676	0.0848237	0.659739
0.185812	0.956827	0.231505
0.404154	0.084984	0.91509
0.392024	0.702481	0.599155
0.161041	0.478031	0.86744
0.387832	0.93059	3.61912e-06
0.0403772	0.772974	0.636928
0.986599	0.0900385	0.147782
0.133045	0.905309	0.406476
0.65576	0.71354	0.274827
0.223898	0.668066	0.718899
0.760836	0.343779	0.56325
0.687878	0.731059	0.0819246
0.0855786	0.0911693	0.995929
0.536922	0.411558	0.754265
0.851474	0.0226487	0.529566
0.313753	0.054498	0.953585
0.575759	0.740439	0.357028
0.712694	0.282695	0.643788
0.159438	0.557932	0.822317
0.934626	0.358776	0.0353898
0.516691	0.315648	0.799598
0.32969	0.829443	0.468631
1.00002	0	0
3.74958e-33	6.12353e-17	1.00005
1.73057e-17	6.04236e-17	1.02647
0.813684	0.533306	0.240173
0.602571	0.0904982	0.801627
0.0983222	0.0492087	0.996672
0.993697	0.0809311	0.120309
0.779797	0.332349	0.538411
0.464832	0.130995	0.888675
0.593337	0.0591806	0.816806
0.0845227	0.99398	0.0883039
0.340743	0.941527	0.15577
0.428433	0.29761	0.856909
0.851738	0.100176	0.52135
0.964794	0.269692	0.0314978
0.0741236	0.784711	0.631154
0.894923	0.0338754	0.486219
0.32721	0.0681346	0.946866
0.811808	0.186337	0.569328
0.53832	0.795911	0.297684
0.498833	0.117076	0.868352
0.584742	0.450562	0.681919
0.0215289	0.425628	0.911779
0.312207	0.905578	0.358033
0.0234442	0.647746	0.775771
0.0360003	0.980879	0.201104
0.815338	0.581584	0.0431582
0.791753	0.606637	0.0994427
0.284711	0.950462	0.13896
0.099541	0.78884	0.618649
0.132072	0.738561	0.671539
0.162506	0.748696	0.649515
0.166879	0.938949	0.33381
0.88527	0.196823	0.435983
0.798903	0.447872	0.412264
0.0876724	0.438749	0.901332
0.572948	0.408687	0.714326
0.930013	0.106278	0.366835
0.864886	0.0105925	0.504439
0.773877	0.247244	0.59029
0.72511	0.692366	0.103885
0.477318	0.870652	0.163267
0.51593	0.175601	0.841799
0.502109	0.0162595	0.868494
0.556359	0.351294	0.765978
0.23786	0.762777	0.608544
0.451601	0.484721	0.755108
0.00282805	0.958316	0.306087
0.148459	0.808926	0.575696
0.178293	0.554477	0.818595
6.16061e-17	7.04007e-18	1.01265
0.94977	0.167655	0.301036
0.190015	0.597441	0.787812
0.530262	0.337189	0.781679
0.769698	0.590765	0.257824
0.842549	0.526026	0.144279
0.640964	0.490651	0.601625
0.829726	0.463718	0.317914
0.270498	0.51361	0.831836
0.646504	0.323565	0.695197
0.741078	0.56781	0.368984
0.788148	0.162529	0.597223
0.973313	0.223407	0.133655
0.12091	0.373576	0.926286
0.916107	0.361251	0.210299
0.695394	0.138304	0.709619
0.936169	0.355832	0.0476825
0.835371	0.304834	0.462716
0.227991	0.582617	0.786189
0.969233	1.8038e-142	0.257546
0.344245	0.503598	0.796476
0.0507619	0.896417	0.448617
0.350844	0.923306	0.17121
0.732446	0.31907	0.613195
0.370543	0.893592	0.263339
0.423778	0.387197	0.822449
0.306061	0.712629	0.639074
0.675924	0.637483	0.386851
0.317101	0.44611	0.850884
0.275847	0.81729	0.508448
0.093819	0.505912	0.864346
0.290534	0.0602554	0.956744
0.181489	0.930647	0.349447
0.817542	0.191878	0.558047
0.559758	0.777718	0.335552
0.539497	0.0205211	0.84422
0.201632	0.631945	0.751652
0.412511	0.267069	0.876462
0.0528044	0.978266	0.213244
0.125438	0.741689	0.666378
0.805842	0.375736	0.462655
0.612093	0.697704	0.373759
0.18926	0.841953	0.51237
0.245355	0.653058	0.728242
0.980837	0.251508	0.0281562
0.661988	0.680675	0.323098
0.245342	0.214336	0.957372
0.0645666	0.471688	0.885309
0.83285	0.457759	0.317862
0.258037	0.917647	0.304464
0.19465	0.30724	0.940765
0.653941	0.687649	0.32291
0.95198	0.180652	0.264403
0.0330503	0.813011	0.583036
0.550533	0.360831	0.762209
0.319573	0.850602	0.440914
0.896066	0.399505	0.227481
0.9411	0.209236	0.288088
0.620766	0.261985	0.762577
0.254618	0.570244	0.784767
0.665497	0.23341	0.71465
0.164323	0.419297	0.918077
0.154902	0.458254	0.881852
0.563401	0.824202	0.12477
0.254053	0.862863	0.440444
0.711548	0.0763025	0.705253
0.441169	0.820353	0.392682
0.952111	0.111732	0.294285
0.601693	0.805061	0.0693623
0.593526	0.521338	0.618124
0.326312	0.215683	0.922735
0.765458	0.276025	0.582474
0.668983	0.311924	0.681859
0.997904	0.152854	0.00914324
0.373304	0.272942	0.892937
0.953629	0.248671	0.186072
0.559384	0.619532	0.560871
0.978475	0.203747	0.048486
0.867773	0.010261	0.500792
0.901897	0.0332907	0.453311
0.295718	0.885859	0.384993
0.68938	0.313918	0.660235
0.521953	0.736914	0.471056
0.669809	0.522052	0.534506
0.0534832	0.91113	0.430017
0.65895	0.226505	0.7226
0.0294446	0.728431	0.690453
0.463571	0.0317802	0.892265
0.852562	0.525048	0.164327
0.301349	0.701658	0.653186
0.701547	0.548479	0.494144
0.720395	0.284835	0.670535
0.625813	0.67171	0.400303
0.236826	0.988914	0.0223788
0.685611	0.627139	0.380426
0.760829	0.542079	0.385413
0.3802	0.885253	0.27949
0.397445	0.0864319	0.917467
0.251491	0.971685	0.0807714
0.110322	0.158101	0.983191
0.215761	0.622355	0.757318
0.699454	0.614383	0.378226
0.746148	0.686836	0.0613763
0.726383	0.239935	0.652011
0.171244	0.968754	0.222296
0.0723602	0.912068	0.421773
0.0509627	0.899963	0.446696
0.251435	0.846201	0.476496
0.739303	0.0237349	0.683295
0.551479	0.145311	0.823861
0.71475	0.00241409	0.704392
0.238553	0.772839	0.593134
0.110917	0.15761	0.982882
0.944079	0.225145	0.27309
0.262987	0.430329	0.870552
0.107972	0.659005	0.75409
0.518482	0.174165	0.838601
0.294338	0.966444	0.000831687
0.115411	0.988423	0.179028
0.359314	0.830369	0.433337
0.706098	0.601504	0.386206
0.307782	0.481247	0.829391
0.840864	0.0275476	0.553089
0.695773	0.611149	0.389843
0.059175	0.361173	0.936952
0.493507	0.0401085	0.883079
0.898897	0.27946	0.355531
0.754358	0.659024	0.0655886
0.221761	0.692937	0.68971
0.0386123	0.681865	0.734335
0.794368	0.499361	0.35055
0.338309	0.644906	0.689794
0.404073	0.873021	0.284864
0.173408	0.985873	0.0242711
0.209243	0.696276	0.688639
0.878823	0.307147	0.374891
0.897301	0.408506	0.191112
0.18366	0.82147	0.547437
0.0048974	0.924257	0.395945
0.0164379	0.668592	0.749998
0.265679	0.734113	0.643189
0.383345	0.62069	0.696813
0.825275	0.442928	0.421601
0.803779	0.150745	0.609811
1.0572e-28	6.12353e-17	1.00005
0.000389981	1.00207	0
0.0236341	2.52915e-191	1.03754
0.275862	0.848995	0.455466
0.00741801	0.171557	0.987353
0.964531	0.277605	0.0180707
0.604528	0.801651	0.0760118
0.131026	0.96466	0.234538
0.973165	0.248088	0.0810565
0.326459	0.951936	0.00908307
0.976102	0.112613	0.24135
0.79499	0.520243	0.319352
0.409111	0.581163	0.708623
0.1764	0.841045	0.516553
4.57127e-17	4.1132e-17	1.00427
0.666562	0.633603	0.396283
0.0918634	0.534634	0.852259
0.838156	0.542832	0.108166
0.00198139	0.590607	0.812639
0.365889	0.216168	0.906277
0.0133423	0.988699	0.201216
0.491661	0.814092	0.312153
0.0937356	0.668823	0.753486
0.575333	0.792329	0.220998
0.697066	0.613549	0.386864
0.501745	0.827695	0.278452
0.982568	0.126951	0.150957
0.0780975	0.806572	0.604883
0.955186	0.0388533	0.297585
0.495362	0.64354	0.592139
0.537184	0.776101	0.343478
0.231668	0.0476249	0.972114
0.0996456	0.412542	0.915667
0.0745742	0.877651	0.48017
0.251473	0.6497	0.721302
0.813043	0.484569	0.328693
0.510853	0.67743	0.532873
0.184882	0.584503	0.794991
0.49126	0.478113	0.731231
0.633021	0.708479	0.373953
0.0472513	0.368354	0.929975
0.355838	0.022774	0.939452
0.475456	0.880537	0.0475256
0.0502249	0.573455	0.824366
0.765196	0.415903	0.496446
0.832762	0.559474	0.0318332
0.303837	0.765973	0.590623
0.425693	0.659457	0.638315
0.936026	0.156528	0.340296
0.486338	0.859343	0.17092
0.925971	0.332977	0.198736
0.638086	0.374292	0.691926
0.784893	0.465987	0.418743
0.78773	0.11706	0.615963
0.258721	0.154941	0.962458
0.122453	0.892705	0.438019
0.299292	0.955405	0.0685997
0.597584	0.790222	0.165854
0.685977	0.394007	0.616888
0.404686	0.909857	0.162828
0.0543711	0.635815	0.777929
0.979426	0.161857	0.149759
0.347227	0.350471	0.870844
0.552171	0.690384	0.472588
0.0342943	0.282138	0.970116
0.383799	0.603944	0.713466
0.728854	0.201183	0.665492
0.670449	0.708775	0.267593
0.823124	0.555836	0.137029
0.16044	0.179565	0.978875
0.145501	0.939039	0.351521
0.872796	0.318541	0.381633
0.198218	0.895903	0.404179
0.33782	0.923742	0.182216
0.779229	0.272638	0.586054
0.442613	0.48231	0.785914
0.930832	0.357904	0.0886227
0.470522	0.0041514	0.886042
0.528186	0.100728	0.844775
0.518608	0.855513	0.118949
0.901283	0.0533511	0.43757
0.914979	0.407825	0.0238411
0.622549	0.671523	0.422558
0.384379	0.073303	0.921665
0.947763	0.00816861	0.327322
0.807172	0.555038	0.257016
0.209183	0.941665	0.284476
0.508886	0.105781	0.86117
0.289393	0.460078	0.843836
0.532537	0.824973	0.208741
0.545591	0.0108929	0.857336
0.222392	0.397421	0.896919
0.759135	0.497669	0.428847
0.730269	0.68278	0.075662
0.181873	0.0375451	0.983922
0.400786	0.90109	0.170709
0.14157	0.808632	0.580448
0.113924	0.995952	0.0435131
0.340609	0.444525	0.831223
0.713841	0.480378	0.511055
0.170292	0.980903	0.179141
0.467964	0.549665	0.697218
0.161812	0.683233	0.715289
0.906411	0.089929	0.417647
0.911482	0.176003	0.386737
0.265928	0.895691	0.359829
0.568384	0.729662	0.410141
0.182812	0.724842	0.672891
0.776047	0.318211	0.550734
0.0693938	0.77679	0.632498
0.551564	0.0269165	0.843025
0.68237	0.732536	0.0475454
0.532255	0.327338	0.787212
0.864551	0.262691	0.445849
0.678324	0.454045	0.583207
0.134177	0.9943	0.0435507
0.746454	0.206041	0.64415
0.886464	9.48631e-190	0.537975
0.6623	0.144054	0.742027
0.33175	0.292667	0.900347
0.955506	0.142376	0.293731
0.555941	0.361831	0.749891
0.663306	0.126496	0.739262
0.196266	0.617496	0.76907
0.700791	0.18417	0.693244
0.498995	0.718977	0.506232
0.72298	0.120901	0.686143
0.57055	0.306344	0.763148
0.892352	0.0671627	0.458887
0.190071	0.966186	0.187808
0.082491	0.885885	0.462003
0.775422	0.683023	0.00135045
0.102986	0.987388	0.191782
0.33451	0.443586	0.836002
0.435191	0.255276	0.877782
0.240833	0.73063	0.650143
0.261129	0.698753	0.681155
0.0462721	0.864456	0.514628
0.782709	0.380418	0.501837
0.721311	0.0956312	0.693653
0.466099	0.289037	0.846973
0.708502	0.657233	0.272863
0.283963	0.871788	0.406021
0.744798	0.148349	0.656172
0.375054	0.670231	0.648835
0.614862	0.583718	0.56772
0.244143	0.388141	0.893313
0.150615	0.290415	0.951052
0.26141	0.149569	0.955801
0.73868	0.417748	0.546486
0.10868	0.518165	0.850921
0.457478	0.747558	0.505992
0.212342	0.978512	0.056271
0.857131	0.297004	0.431781
0.651967	0.760603	0.0580138
0.269795	0.419629	0.87203
0.196597	0.573266	0.803707
0.312798	0.0940571	0.949304
0.514478	0.0803921	0.862755
0.959365	0.266208	0.126895
0.59156	0.625376	0.517691
0.0405258	0.885076	0.46708
0.996537	0.0637794	0.0941847
0.206098	0.117803	0.975718
0.759205	0.427105	0.496548
0.351561	0.743299	0.569779
0.376739	0.357602	0.860622
0.548983	0.627485	0.565013
0.441995	0.819289	0.366624
0.0642434	0.339558	0.946705
0.826077	0.23547	0.525838
0.173009	0.934958	0.350943
0.193145	0.867836	0.462276
0.785859	0	0.621372
0.866676	0.503152	0.061636
0.615922	0.783338	0.140965
0.404363	0.588879	0.704896
0.256072	0.944596	0.213652
0.217573	0.402816	0.891909
0.56351	0.821816	0.101956
0.118039	0.376806	0.922486
0.752048	0.608533	0.274709
0.389998	0.895138	0.26158
0.682508	0.189126	0.7116
0.589019	0.0862528	0.811104
0.452998	9.30571e-05	0.897571
0.740501	0.425168	0.545156
0.852567	0.311577	0.429242
0.582435	0.761235	0.315351
0.953721	0.281401	0.127201
0.437038	0.758514	0.487651
0.42312	0.609654	0.680719
0.307714	0.929002	0.213641
0.740217	0.4342	0.52534
0.64511	0.287243	0.714363
0.195947	0.605146	0.775422
0.706425	0.414476	0.579111
0.905818	0.209812	0.378242
2.08931e-17	5.93616e-17	1.02774
0.573279	0.378421	0.728247
0.39789	0.602932	0.711377
0.0668618	0.892537	0.462793
0.613864	0.154748	0.785307
0.565339	0.816094	0.124174
0.0332287	0.606887	0.796042
0.583063	0.424185	0.698465
0.496077	0.197715	0.848776
0.430913	0.550021	0.717227
0.245921	0.359651	0.903855
0.846349	0.129261	0.528807
0.942057	0.235972	0.254626
0.906921	0.135821	0.41416
0.709012	0.57398	0.430351
0.0884331	0.996009	0.111751
0.286021	0.438347	0.856332
0.0440937	0.254461	0.971802
0.201769	0.92516	0.329466
0.536765	0.845921	0.120897
0.377067	0.132631	0.922016
0.810853	0.592776	0.087844
0.504864	0.73196	0.465407
0.837783	0.351293	0.443656
0.681845	0.750846	0.0473174
0.16906	0.613876	0.776419
0.667443	0.754329	0.0567864
0.672879	0.412496	0.621034
0.820888	0.218253	0.536358
0.784476	0.107858	0.61299
0.5414	0.53955	0.650521
0.489602	0.0111787	0.882706
0.627501	0.407837	0.673407
0.173816	0.957178	0.23835
0.412314	0.724996	0.578151
0.155683	0.48833	0.863738
0.629426	0.794947	0.029712
0.365907	0.823809	0.440219
0.221746	0.0537398	0.981278
0.862357	0.346772	0.379203
0.894112	0.348561	0.312179
0.296071	0.831559	0.476469
0.256566	0.38878	0.898859
0.911723	0.0251293	0.4563
0.953297	0.0083517	0.308153
0.218867	0.944146	0.252285
0.749657	0.494256	0.449226
0.945947	0.2824	0.174492
0.447217	0.88022	0.200946
0.870138	0.293556	0.400142
0.398925	0.457665	0.797566
0.237134	0.827555	0.545958
0.105697	0.364667	0.93988
0.602206	0.140677	0.788018
0.523304	0.740537	0.427983
0.0851913	0.79573	0.605746
0.925388	0.382175	0.00589895
0.337207	0.803103	0.499706
0.730274	0.325385	0.603608
0.69798	0.565049	0.442315
0.442435	0.512828	0.736394
0.149829	0.713875	0.68594
0.409992	0.273897	0.870452
0.471292	0.632555	0.620697
0.923867	0.384237	0.0717921
0.739738	0.576592	0.389135
0.449268	0.884256	0.192919
0.479497	0.773345	0.429238
0.65243	0.760393	0.0187643
0.137714	0.940671	0.335203
0.835755	0.551682	0.000892089
0.145003	0.244571	0.960453
0.849341	0.459375	0.27179
0.256918	0.980188	0.0321452
0.105544	0.63176	0.769477
0.196378	0.764269	0.629959
0.69022	0.659165	0.301673
0.662537	0.677626	0.320224
0.209321	0.974852	0.0940112
0.305073	0.856843	0.422464
0.474529	0.747568	0.474364
0.513855	0.859904	0.118418
0.63893	0.251225	0.749242
0.236365	0.838105	0.55226
0.262804	0.723325	0.6463
0.518349	0.785467	0.341185
0.548399	0.685536	0.497423
0.549179	0.837784	0.0173461
0.558864	0.044753	0.835099
0.949636	0.268856	0.174449
0.178106	0.474517	0.865984
0.683607	0.417456	0.605824
0.422885	0.899668	0.134235
0.110097	0.311965	0.95137
0.63509	0.740183	0.224601
0.64439	0.182292	0.745492
0.879197	0.213072	0.437546
0.227905	0.640104	0.7379
0.937289	0.0770824	0.352866
0.704253	0.464837	0.547673
0.492795	0.195322	0.859359
0.119541	0.586696	0.802413
0.818473	0.0143851	0.592958
0.986253	0.0501311	0.159756
0.42846	0.914343	0.000699348
0.850622	0.391026	0.386788
0.793169	0.503582	0.374808
0.186689	0.0587456	0.98396
0.828701	0.506248	0.27297
0.193641	0.0291725	0.984524
0.194648	0.29694	0.935365
0.7701	0.338971	0.549316
0.735741	0.668058	0.167186
0.970837	0.171876	0.187048
0.352907	0.907482	0.28501
0.337872	0.473192	0.819789
0.856865	0.522295	0.0391999
0.776026	0.341579	0.538697
0.0954735	0.584788	0.814423
0.268531	0.870126	0.422969
0.214215	0.759313	0.624876
0.653371	0.0802801	0.779339
0.805352	0.0640911	0.601675
0.880288	0.288959	0.391864
0.692707	0.708483	0.1522
0.283645	0.620603	0.733637
0.97976	0.176972	0.100782
0.517033	0.783472	0.348458
0.728874	0.239256	0.652894
0.718074	0.0445733	0.699532
0.249378	0.0730322	0.966494
0.275406	0.95018	0.210023
0.025343	0.11033	0.997992
0.533843	0.428748	0.739601
0.886394	0.469069	0.031928
0.899199	0.262409	0.362154
0.327529	0.929898	0.213535
0.0127208	0.529473	0.876165
0.87182	0.495333	0.0318092
0.226474	0.797057	0.569223
0.759214	0.647533	0.133063
0.278574	0.972174	0.000561582
0.607726	0.709155	0.370311
0.00446919	0.536386	0.877597
0.313226	0.214075	0.928946
0.368143	0.450692	0.826422
0.569067	0.824276	0.0642441
0.606579	0.77189	0.203616
0.0632371	0.596564	0.803977
0.659251	0.681949	0.320497
0.576736	0.666528	0.482973
0.612897	0.171213	0.774845
0.552725	0.690945	0.484842
0.696861	0.596119	0.405242
0.130729	0.912309	0.403533
0.763761	0.340772	0.563822
0.457961	0.189007	0.871625
0.342906	0.695279	0.639286
0.453534	0.508935	0.741168
0.974109	0.130272	0.220857
0.801697	0.153764	0.583404
0.418967	0.907813	0.139561
0.189416	0.854128	0.492934
0.0136487	0.964079	0.272293
0.931637	0.321075	0.210609
0.782802	0.226749	0.590338
0.922255	0.406753	0.0711159
0.825549	0.504322	0.288534
0.38484	0.448023	0.811791
0.0564515	0.753571	0.700803
0.099447	0.88661	0.458789
0.417494	0.875592	0.25433
0.197661	0.387907	0.917044
0.272036	0.938555	0.232652
0.152741	0.0385044	0.996176
0.32188	0.0923256	0.943124
0.75723	0.480764	0.452888
0.14025	0.247354	0.960532
5.7267e-17	2.34618e-17	1.01069
0.314674	0.210731	0.927753
0.094111	0.593453	0.825884
0.0553287	0.149253	0.992331
0.272791	0.720645	0.647106
0.21529	0.252457	0.954151
0.98028	0.0576898	0.242127
0.485043	0.866228	0.124174
0.947948	0.165851	0.285542
0.989912	0.0119144	0.144459
0.8167	0.519561	0.296056
0.474159	0.832088	0.323605
2.08922e-17	5.93589e-17	1.0277
1.00001	0	0
0.980583	0.0771066	0.200218
0.366008	0.758056	0.541706
0.542665	0.661256	0.548693
0.467797	0.884537	0.0421169
0.796962	0.304876	0.522421
0.267828	0.282881	0.927435
0.238417	0.232236	0.943735
0.597809	0.226064	0.781118
0.134722	0.492643	0.868072
0.275568	0.379512	0.885271
0.948541	0.354226	8.08487e-08
0.822528	0.568012	0.18335
0.650316	0.342681	0.687455
0.114588	0.924594	0.377336
0.770369	0.00923002	0.651845
0.225662	0.889004	0.403743
0.706022	0.446668	0.571406
0.330245	0.913949	0.260795
0.862283	0.483395	0.168527
0.871789	0.424185	0.314781
0.45816	0.601328	0.657358
0.475375	0.868345	0.161287
0.981063	0.18313	0.145506
0.975374	0	0.223625
0.378163	0.914904	0.152506
0.738442	0.467485	0.495624
0.588835	0.0798582	0.812275
0.553876	0.20945	0.828406
0.217413	0.388592	0.897431
0.319569	0.246553	0.915959
0.441016	0.340251	0.831825
0.565201	0.777551	0.287959
0.731438	0.689643	0.0947455
0.502171	0.800325	0.347384
0.927614	0.249908	0.282599
0.828327	0.572017	0.141685
0.560251	0.523763	0.676692
0.623955	0.427175	0.682458
0.568711	0.0249787	0.828755
0.148788	0.635186	0.770202
0.423664	0.854106	0.302422
0.751204	0.479214	0.478228
0.512333	0.549798	0.670755
0.395197	0.8459	0.365259
0.759822	0.0573167	0.657002
0.096636	0.810289	0.581126
0.811304	0.288124	0.51401
0.284133	0.100784	0.960519
0.0267177	0.646658	0.776191
0.237117	0.94032	0.272939
0.315068	0.76878	0.560137
0.714741	0.441517	0.560924
0.488201	0.2158	0.852488
0.091665	0.990694	0.121733
0.186672	0.612721	0.776923
0.423035	0.292135	0.862992
0.483374	0.829257	0.292705
0.462675	0.83917	0.292221
0.702864	0.613675	0.414614
0.171566	0.404539	0.909827
0.46401	0.29533	0.843033
0.208597	0.762786	0.631787
0.296879	0.872919	0.394998
0.290315	0.52091	0.805067
0.784442	0.00916225	0.622373
0.962139	0.0740588	0.295578
0.682731	0.62648	0.386528
0.0455952	0.566197	0.837488
0.0536415	0.792317	0.633307
0.179332	0.588629	0.789262
0.754813	0.506874	0.428642
0.607801	0.649109	0.465783
0.725921	0.678643	0.114081
0.432274	0.0323411	0.917263
0.191726	0.958287	0.297545
0.885734	0.272632	0.42144
0.613045	0.517762	0.597832
0.0839211	0.811676	0.581106
0.371486	0.892792	0.264557
0.678137	0.0588628	0.750949
0.409375	0.0391465	0.91969
0.0403425	0.80707	0.593611
0.64198	0.656314	0.42665
0.688535	0.724393	0.0833492
0.0866112	0.685398	0.723847
0.203731	0.58568	0.793243
0.855272	0.400017	0.337698
0.310913	0.733108	0.625765
0.451835	0.820431	0.35232
0.585466	0.80543	0.103256
0.616402	0.658295	0.447671
0.297792	0.538195	0.788938
0.531566	0.813363	0.244818
0.634632	0.438257	0.662195
0.988508	0.194529	0.0884279
0.338354	0.555972	0.776289
0.714771	0.4525	0.552131
0.372274	0.236943	0.903394
0.076022	0.680616	0.763456
0.693974	0.123964	0.712028
0.966756	0.26286	0.0211484
0.511511	0.506755	0.696272
0.922096	0.367074	0.179038
3.98293e-17	4.72486e-17	1.00921
0.480828	0.741168	0.476933
0.244075	0.0167212	0.971224
0.201291	0.925115	0.33429
0.691758	0.136318	0.712131
0.897475	0.39427	0.263069
0.448505	0.891156	0.0763264
0.30813	0.946598	0.116751
0.875903	0.472836	0.106184
0.0557967	0.705811	0.707371
0.136808	0.162292	0.986528
0.31476	0.742179	0.614821
0.249352	0.219763	0.955257
0.229996	0.104918	0.969082
0.911965	0.211561	0.366244
0.33218	0.342535	0.880997
0.0687788	0.190867	0.984686
0.100868	0.15434	0.992407
0.0180342	0.932584	0.397323
0.233418	0.3598	0.90753
0.294398	0.311089	0.906686
0.387492	0.0769635	0.923592
0.00880795	0.721188	0.699823
0.693673	0.535181	0.487068
0.405396	0.0312046	0.927228
0.805707	0.269037	0.536303
0.525197	0.504508	0.704229
0.103987	0.560942	0.828218
0.250215	0.456996	0.86392
0.345366	0.475122	0.811399
0.353295	0.817955	0.504518
0.574102	0.323304	0.756186
0.176104	0.58054	0.800566
0.673745	0.630402	0.388328
0.255897	0.63383	0.739259
0.142361	0.965999	0.241875
0.887093	0.107925	0.456467
0.718565	0.69742	0.0704217
0.263264	0.905967	0.337011
0.171864	0.97132	0.17502
0.517591	0.783231	0.34517
0.618516	0.668501	0.434301
0.657772	0.710928	0.316037
0.627242	0.853813	0.043147
0.359071	0.391182	0.853816
0.0650302	0.960536	0.323569
0.967541	0.0869368	0.249695
0.50536	0.61525	0.615952
0.816836	0.290088	0.507774
0.833632	0.560176	0.0473924
0.940737	0.255785	0.233311
0.894985	0.22123	0.390302
0.0447191	0.898332	0.441248
0.64122	0.40812	0.664235
0.258019	0.908503	0.337782
0.67895	0.0512161	0.75336
0.612611	0.708631	0.352358
0.805681	0.279396	0.526162
0.455449	0.120958	0.895357
0.347912	0.0462477	0.948139
0.863187	0.326418	0.415536
0.604795	0.417652	0.730129
0.630997	0.730086	0.285782
0.658561	0.76198	0.0741573
2.09331e-17	5.91931e-17	1.02536
0.527589	0.0351293	0.856784
0.903815	0.433755	0.0164224
0.123579	0.998514	0.00364248
0.937513	0.257115	0.273608
0.909905	0.40585	0.130908
0.801073	0.276604	0.534738
0.970608	0.17143	0.176418
0.316584	0.338698	0.890175
0.813677	0.621985	0.0300589
0.159863	0.96154	0.245594
0.14418	0.166869	0.980737
0.944119	0.118083	0.320526
0.0696364	0.863377	0.504294
0.125543	0.993487	1.29657e-204
0.973909	0.0875089	0.224027
0.124133	0.982327	0.144259
0.253221	0.0167133	0.972812
0.284755	0.00271731	0.959603
0.231491	0.786742	0.602437
0.152078	0.165754	0.974553
0.293418	0.862742	0.420104
0.974725	0.240941	0.0863894
0.0354396	0.718929	0.702001
6.10395e-17	5.5482e-18	1.00096
1.60193e-05	1.00429	3.56984e-144
0.275253	0.940916	0.209357
0.526722	0.75099	0.40419
0.405281	0.782503	0.479025
0.0185843	0.99698	0.133016
0.293302	0.442056	0.848633
0.821182	0.00358175	0.580089
0.0130408	0.95685	0.298282
0.0484878	0.205631	0.986069
0.429605	0.683697	0.598718
0.365971	0.0273865	0.937372
0.874377	0.465734	0.237412
0.136855	0.374176	0.926712
0.444894	0.901351	0.0781667
0.808888	0.528784	0.270336
0.0371665	0.928886	0.392888
0.603256	0.341405	0.729408
0.404964	0.578738	0.709829
0.891504	0.369195	0.311962
0.345091	0.0131931	0.939295
0.61632	0.796345	0.0432899
0.0719803	0.19352	0.98352
0.191264	0.800071	0.590814
0.611975	0.170637	0.774949
0.630978	0.598013	0.49663
0.1679	0.978664	0.177566
0.92475	0.399638	0.0458588
0.482992	0.624073	0.626229
0.783168	0.552126	0.30288
0.0589799	0.246717	0.970864
0.117638	0.185539	0.98007
0.433818	0.299519	0.854299
0.501784	0.0477942	0.866811
0.933119	0.182754	0.356201
0.492054	0.532899	0.690672
0.498385	0.0372954	0.88363
0.331276	0.868436	0.371318
0.465271	0.746365	0.478084
0.546109	0.146113	0.827652
0.965785	0.261142	0.015337
0.797812	0.519147	0.347992
0.955714	0.062358	0.294581
0.770441	0.645814	0.0330839
0.859312	0.394304	0.329018
0.401407	0.886092	0.267797
0.382686	0.924558	0.0592072
0.514168	0.556848	0.654685
0.147857	0.153143	0.987277
0.625722	0.215202	0.755013
0.47573	0.542756	0.694649
0.203215	0.708485	0.686178
0.590944	0.228145	0.784975
0.378144	0.607163	0.700015
0.0998345	0.417615	0.90447
0.290756	0.118951	0.952572
0.832028	0.0739469	0.552232
0.743255	0.670886	0.0942282
0.709677	0.429026	0.566508
0.247416	0.913695	0.343258
0.386986	0.453821	0.804264
0.977503	0.127647	0.20237
0.947942	0.0269671	0.318935
0.381515	0.230845	0.898374
0.827371	0.172039	0.5424
0.42663	0.507529	0.756528
0.23088	0.958976	0.175067
0.66587	0.325487	0.684004
0.650282	0.679401	0.357526
0.877349	0.298387	0.401863
0.94434	0.249903	0.221354
0.504259	0.25375	0.827331
0.711267	0.50075	0.496925
0.569377	0.365098	0.738994
0.0890453	0.398338	0.920448
0.385371	0.824331	0.435856
0.106114	0.690704	0.722211
0.901634	0.438467	0.0713702
0.24845	0.81389	0.527275
0.681519	0.480207	0.556439
0.0255071	0.106698	0.99777
0.61969	0.668494	0.412963
0.792758	0.406888	0.464739
0.41628	0.918923	0.00779772
0.319954	0.932867	0.188403
0.142346	0.885159	0.451412
0.568203	0.788397	0.256197
0.652431	0.731114	0.244108
0.657491	0.360512	0.672181
0.883947	0.471247	0.0722165
0.449467	0.715307	0.536646
0.0848859	0.379731	0.929023
0.693558	0.0958378	0.717452
0.775964	0.435305	0.468313
0.176209	0.583162	0.794097
0.899176	0.329216	0.292635
0.324937	0.806747	0.502933
0.7228	0.292023	0.631271
0.49672	0.0371708	0.88907
0.0958859	0.314109	0.945426
0.553041	0.111927	0.826962
0.915918	0.239132	0.335101
0.912142	0.387805	0.166149
0.215135	0.569728	0.793825
0.317748	0.512294	0.800844
0.155248	0.649411	0.751044
0.767064	0.310273	0.57261
0.525957	0.832785	0.19293
0.853396	0.334403	0.442788
0.916475	0.0167967	0.443228
0.563191	0.821693	0.112626
0.299427	0.198981	0.939651
0.29114	0.934445	0.226249
0.846623	0.539287	0.00683
0.974083	0.0865722	0.240451
0.459699	0.727874	0.512443
0.312159	0.720828	0.622127
0.0051939	0.59261	0.812389
0.898949	0.240516	0.383631
0.157561	0.659087	0.742329
0.209094	0.972231	0.133539
0.642379	0.607935	0.468434
0.733124	0.411272	0.547501
0.396379	0.638655	0.66073
0.217978	0.911818	0.366163
0.521173	0.470428	0.734476
0.0660345	0.276227	0.962853
0.47325	0.879989	0.0784699
0.369023	0.269442	0.906453
0.587109	0.285247	0.760818
0.70332	0.710876	0.114805
0.968115	0.0539115	0.279433
0.557686	0.388807	0.758434
0.991924	0.137568	0.00393089
0.582301	0.832172	0.000371386
0.33912	0.843224	0.421863
0.669666	0.666821	0.349445
0.314198	0.860481	0.403643
0.763184	0.61404	0.251849
0.708386	0.450658	0.546837
0.987333	0.138598	0.0852238
0.0902162	0.322242	0.944098
0.302337	0.730437	0.616819
0.931255	0.308513	0.24439
0.980565	0.120716	0.198124
0.284582	0.724799	0.628432
0.0835953	0.313918	0.948795
0.206524	0.902293	0.38744
0.78167	0.619899	0.0915523
0.151988	0.503003	0.851549
0.180354	0.962343	0.219714
0.683605	0.728945	0.051413
0.292435	0.345964	0.90724
0.54128	0.177465	0.825441
0.725133	0.268947	0.639973
0.104988	0.652855	0.761893
0.865349	0.482707	0.140006
0.891341	0.475189	0.026699
0.843028	0.349597	0.440887
0.238486	0.0807618	0.968965
0.831157	0.0918596	0.552834
0.861954	0.487812	0.16147
0.367392	0.852946	0.374516
0.446374	0.290498	0.86402
0.456996	0.476352	0.769424
0.539475	0.661717	0.528183
0.235655	0.974456	0.00150885
0.338846	0.844823	0.423458
0.298124	0.332958	0.895065
0.51532	0.32272	0.807749
0.676026	0.700191	0.256584
0.154412	0.159932	0.977482
0.956753	0.303651	0.12065
0.872393	0.4894	0.104848
0.0839815	0.28838	0.960551
0.115507	0.871873	0.490981
0.00665989	0.584998	0.818767
0.608081	0.159917	0.780883
0.260224	0.628693	0.735647
0.740192	0.668121	0.110727
0.337727	0.906183	0.32524
0.239737	0.581294	0.780923
0.0334397	0.58402	0.818684
0.960865	0.130839	0.262861
0.00659963	0.854769	0.523534
0.755744	0.383894	0.538462
0.0338651	0.617528	0.787778
0.469388	0.487465	0.739366
0.256723	0.82827	0.515362
0.63755	0.628234	0.460784
0.316212	0.730187	0.610301
0.411256	0.65681	0.640882
0.988355	0.0100818	0.260571
0.727468	0.243273	0.645631
0.806686	0.525977	0.280369
0.843601	0.110162	0.535485
