2.06564e-17	5.91053e-17	1.02251
1.00002	0	0
0.854328	0.371869	0.392645
0.0352077	0.955817	0.305325
0.839537	0.521206	0.177217
0.330901	0.322527	0.899469
0.353323	0.901037	0.258335
0.300682	0.423089	0.858715
0.871304	0.247891	0.425727
0.245756	0.954935	0.218857
0.103681	0.925403	0.368965
0.14389	0.740562	0.660613
0.117182	0.0906754	0.993774
0.0489664	0.748005	0.666584
0.49399	0.00625991	0.870101
0.487967	0.102647	0.884285
0.238701	0.779019	0.582969
0.541244	0.805917	0.274153
0.753831	0.573728	0.340109
0.464699	0.848463	0.288237
0.640795	0.31263	0.704818
0.965205	0.255982	0.0709808
0.883606	0.462262	0.0818388
0.897913	0.188881	0.444312
0.0944916	0.771897	0.634579
0.81892	0.484928	0.329414
0.264436	0.372087	0.893575
0.417122	0.129934	0.905965
0.515284	0.416691	0.74974
0.381129	0.873334	0.322231
0.202282	0.823253	0.541685
0.157001	0.969786	0.196412
0.718671	0.704492	0.0881542
0.880302	0.0279188	0.497302
0.406041	0.914146	0.0221338
0.412011	0.469266	0.785803
0.22707	0.826265	0.532697
0.126689	0.688378	0.716905
0.553681	0.338074	0.767928
0.990181	0.0313658	0.236373
0.320426	0.802194	0.511898
0.13587	0.990413	0.040612
0.11192	0.980498	0.208816
0.581904	0.623322	0.526491
0.346062	0.647184	0.708206
0.0219898	0.892495	0.453919
0.699748	0.242441	0.674206
0.312756	0.724427	0.623398
0.177185	0.974854	0.169063
0.506002	0.49462	0.719859
0.149681	0.518215	0.842637
0.0557007	0.732165	0.685075
0.746037	0.2935	0.600945
0.340863	0.314717	0.903073
0.695276	0.683	0.260195
0.00637515	0.89472	0.45452
0.821211	0.558068	0.139125
0.727117	0.562644	0.411762
0.390612	0.71814	0.590407
0.288363	0.303311	0.923709
0.769617	0.628383	0.119771
0.427693	0.406307	0.810364
0.941359	0.334898	0.095902
0.291581	0.0385876	0.957676
0.218844	0.55043	0.80781
0.791415	0.263792	0.572688
0.922035	0.0956459	0.377561
0.44308	0.480583	0.758648
0.276622	0.00489874	0.963447
0.474024	0.446671	0.761966
0.984185	0.12424	0.192044
0.824938	0.513539	0.245742
0.0771961	0.872717	0.484153
0.920268	0.362044	0.154416
0.362189	0.0686965	0.942748
0.450285	0.396244	0.802295
0.584901	0.174947	0.795765
0.446221	0.448162	0.78064
0.362293	0.93297	0.000941459
0.170838	0.391465	0.908105
0.915421	0.404105	0.0280375
0.622109	0.784442	0.0473781
0.501833	0.236656	0.836742
0.433278	0.658586	0.621365
0.629624	0.466126	0.622025
0.724993	0.331827	0.607653
0.591782	0.60867	0.558512
0.987791	0.128941	0.1008
0.758738	0.482973	0.451482
0.550681	0.840828	0.0607318
0.600045	0.584146	0.550941
0.731496	0.650438	0.213019
0.244189	0.568801	0.78973
0.388591	0.372891	0.846464
0.865209	0.187193	0.474632
0.54977	0.797538	0.265044
0.514503	0.0582665	0.857065
0.467164	0.853504	0.266523
0.0265894	0.70677	0.724414
0.572456	0.436764	0.696531
0.862935	0.380935	0.350899
0.810295	0.582162	0.109862
0.171593	0.292186	0.941296
0.433743	0.909579	0.0352399
0.25406	0.108792	0.96243
0.377303	0.0776607	0.934874
0.687109	0.713126	0.145945
0.82491	0.0571931	0.566594
0.654299	0.638457	0.419813
0.799255	0.528799	0.296463
0.29407	0.884445	0.369305
0.74639	0.181441	0.642984
0.568264	0.202687	0.799531
0.393024	0.346372	0.853235
0.723945	0.284808	0.645702
0.643596	0.744517	0.189308
0.971664	0.210225	0.117697
0.602638	0.0199547	0.799052
0.681542	0.669509	0.336619
0.529759	0.435477	0.734633
0.579159	0.518848	0.631689
0.178921	0.969819	0.178134
0.607033	0.751901	0.272899
0.673096	0.666647	0.37884
0.803862	0.594225	0.125387
0.989847	0.141178	0.0966172
0.876027	0.356901	0.35189
0.092073	0.941554	0.328023
0.833201	0.580602	0.0791913
0.800142	0.216846	0.562562
0.996885	0.0789514	0.00698036
0.241104	0.191509	0.964572
0.680599	0.677017	0.338242
0.931666	0.384052	0.0827004
0.0526731	0.789022	0.625817
0.570321	0.439643	0.696588
0.260133	0.865729	0.433208
0.709626	0.223333	0.683213
0.197027	0.948626	0.273609
0.883314	0.276912	0.416677
0.0337314	0.815737	0.577958
0.120483	0.984223	0.165069
0.823991	0.271154	0.51347
0.126951	0.964063	0.244402
0.716217	0.635339	0.29617
0.706222	0.122046	0.71397
0.182331	0.041201	0.990976
0.328273	0.162625	0.9335
0.293574	0.615638	0.742005
0.616129	0.785125	0.135423
0.909311	0.392906	0.147314
0.325419	0.770648	0.580611
0.482621	0.875875	0.125436
0.650236	0.680067	0.363063
0.44623	0.479319	0.760056
0.563105	0.834286	0.0494557
0.741166	0.229675	0.654613
0.758466	0.451215	0.49351
0.925376	0	0.379749
0.903584	0.399467	0.160659
0.957936	0.298399	0.0396216
0.876435	0.162613	0.458714
0.318979	0.730047	0.611092
0.425685	0.819562	0.40568
0.963792	0.297826	0.111075
0.90559	0.0114758	0.437133
0.21331	0.878589	0.4637
0.0862974	0.203903	0.984202
0.517917	0.0734198	0.855406
0.866598	0.231008	0.467623
0.0705606	0.875512	0.480354
0.664172	0.376996	0.650545
0.401175	0.385311	0.835148
0.21874	0.538286	0.815605
0.58719	0.0172254	0.82739
5.46328e-17	2.83992e-17	1.00557
0.782868	0.605784	0.194594
0.539407	0.837944	0.132447
0.855157	0.50105	0.209366
0.571609	0.828053	0.0730353
0.724922	0.587908	0.36008
0.165097	0.281123	0.946913
0.398273	0.29801	0.885889
0.2581	0.00842189	0.967373
0.747062	0.000540993	0.679807
0.365968	0.149099	0.929262
0.533601	0.711015	0.495756
0.0892402	0.912585	0.40671
0.109008	0.591148	0.804047
0.389479	0.538041	0.764341
0.938593	0.208814	0.293326
0.207562	0.900585	0.403914
0.0800014	0.205671	0.980956
0.521802	0.00815027	0.854276
1.31273e-17	6.03191e-17	1.00814
0.0596245	0.467354	0.882745
0.863873	0.117734	0.518421
0.252016	0.0962307	0.963921
0.447043	0.834145	0.32897
0.75614	0.517859	0.404049
0.19579	0.95601	0.243743
0.290074	0.916326	0.323226
0.303352	0.209194	0.95045
0.761584	0.514176	0.401094
0.357732	0.228368	0.913577
0.571629	0.809925	0.148457
0.873651	0.55772	0.0519471
0.399174	0.786878	0.479572
0.276381	0.845326	0.468121
0.988767	0.133736	0.101578
0.887374	0.382511	0.304991
0.60173	0.672612	0.445151
0.0478822	0.396202	0.929985
0.0821472	0.998531	0.137604
0.55541	0.493403	0.670151
0.232807	0.738166	0.643994
0.596204	0.500503	0.630119
0.147161	0.909397	0.416345
0.261966	0.831468	0.49938
0.65059	0.171726	0.7501
0.583135	0.688319	0.432554
0.79565	0.0868674	0.600735
0.421365	0.721665	0.56098
0.306453	0.870364	0.387953
0.204961	0.56589	0.802712
0.670554	0.13548	0.731778
0.844587	0.265722	0.494044
0.945715	0.285128	0.166734
0.204815	0.965062	0.193685
0.329725	0.569257	0.758432
0.269342	0.332396	0.911367
0.545662	0.650917	0.536077
0.969315	0.257671	0.058602
0.48287	0.264544	0.848429
0.09987	0.978094	0.212715
0.841698	0.545854	0.103056
0.109269	0.755797	0.653966
0.770678	0.26256	0.59021
0.116479	0.13573	0.992465
0.0938585	0.862539	0.514102
0.973683	0.246933	0.0586913
0.617996	0.580053	0.53186
0.348063	0.59851	0.724887
0.501086	0.515688	0.699361
0.930093	0.247322	0.283818
0.323367	0.908033	0.293548
0.215019	0.935558	0.298778
0.188508	0.589237	0.787867
0.123992	0.531022	0.838858
0.434555	0.0357399	0.904837
0.776213	0.583899	0.24812
0.743176	0.188836	0.656401
0.0158066	0.672016	0.754074
0.985425	0.178746	0.0768998
0.0367688	0.459311	0.893487
0.139289	0.436261	0.906608
0.833464	0.421342	0.365096
0.370511	0.417407	0.833673
0.0255893	0.762203	0.695745
0.337107	0.929262	0.162601
0.889987	0.402407	0.23462
0.920861	0.109574	0.375114
0.707364	0.731793	0.123077
0.953846	0.0784489	0.291396
0.536355	0.625526	0.569162
0.962007	0.10503	0.253946
0.914877	0.376879	0.27612
0.469424	0.124786	0.879063
0.342161	0.475512	0.822157
0.678667	0.447876	0.615594
0.539742	0.848764	0.0331168
0.386394	0.0526602	0.929021
0.492937	0.555946	0.681257
0.325754	0.946224	0.0460352
0.811164	0.433739	0.41455
0.361127	0.822844	0.440185
0.431115	0.803252	0.426872
0.656951	0.760355	0.0112526
0.520424	0.84313	0.143182
0.911269	0.240104	0.338991
0.729292	0.185175	0.662904
0.891996	0.304151	0.338613
0.237505	0.0631551	0.970874
0.670842	0.743021	0.0374165
0.179445	0.768514	0.615244
0.825385	0.452193	0.362408
0.945118	0.0440747	0.340348
0.100934	0.924601	0.377606
0.37949	0.193629	0.906681
0.167563	0.989961	5.85296e-155
0.126288	0.14829	0.983426
0.94059	0.295001	0.173038
0.562225	0.655697	0.508887
0.161449	0.2169	0.966161
0.487207	0.152805	0.860873
0.576379	0.508413	0.64714
0.365354	0.924114	0.190077
0.18956	0.529891	0.837424
0.559451	0.366885	0.772175
0.752329	0.510041	0.425991
0.808475	0.0258079	0.607121
0.490805	0.154831	0.857863
0.622324	0.112883	0.77886
0.855257	0.149096	0.512188
0.161782	0.70392	0.706149
0.992753	0.0320791	0.158994
0.798844	0.427152	0.440442
0.612237	0.710155	0.354447
0.0362181	0.368117	0.93496
0.93441	0.303589	0.19989
0.538344	0.61157	0.581435
0.0968519	0.984393	0.168054
0.259277	0.696538	0.678007
0.211358	0.485141	0.867062
0.587873	0.829511	0.0124428
0.692439	0.636044	0.343978
0.533289	0.62195	0.577791
0.314516	0.87919	0.382597
0.222429	0.358109	0.90745
0.748628	0.231862	0.631175
0.00253104	0.61899	0.807127
0.522632	0.659034	0.546154
0.510752	0.633612	0.589965
0.628342	0.774638	0.11286
0.790844	0.291063	0.547187
0.132627	0.317482	0.944915
0.719061	0.536108	0.454786
0.458672	0.854595	0.273308
0.208929	0.161018	0.980947
0.244098	0.34528	0.910218
0.0701059	0.701505	0.720462
0.724286	0.180857	0.669352
0.184089	0.59058	0.787803
0.160573	0.413	0.900036
0.665993	0.750289	0.017622
0.814511	0.198213	0.550754
0.851075	0.00751906	0.534006
0.30552	0.388448	0.874076
0.457215	0.565047	0.694471
0.558264	0.168314	0.816842
0.600715	0.725551	0.370821
0.417184	0.277778	0.870569
0.314235	0.0398225	0.949413
0.812031	0.550507	0.22709
0.712149	0.0761519	0.701273
0.454572	0.576545	0.701786
0.732642	0.657114	0.200229
0.663833	0.00279284	0.765333
0.640946	0.483127	0.602429
0.110364	0.380807	0.920872
0.828682	0.556527	0.087069
0.466141	0.866978	0.183339
0.746908	0.640723	0.181537
0.366683	0.410351	0.837384
0.688549	0.712663	0.276536
0.416639	0.716429	0.565089
0.675873	0.138147	0.725905
0.228526	0.978584	0.0465353
0.407441	0.27129	0.877657
0.631986	0.777963	0.0222837
0.34201	0.879664	0.332912
0.172099	0.297886	0.940424
0.564986	0.797912	0.229099
0.00854117	0.943424	0.339384
0.62814	0.746173	0.262318
0.0137638	0.419548	0.924375
0.451548	0.900708	0.0527268
0.405137	0.896432	0.183224
0.907353	0.293925	0.308532
0.551404	0.582131	0.603034
0.493112	0.0172792	0.875401
0.135254	0.103226	0.990152
0.576723	0.820361	0.144914
0.779237	0.108166	0.623721
0.464058	0.872498	0.176961
0.0324513	0.758205	0.663291
0.00392488	0.0248798	1.00001
0.612945	0.462021	0.647057
0.460012	0.891552	0.0525005
0.731833	0.643581	0.233389
0.997201	0.0128779	0.0869877
0.980692	0.198141	0.0706231
0.227282	0.973384	0.0542657
0.983013	0.117143	0.156116
0.84874	0.577404	0.0661055
0.470912	0.885385	0.0271679
0.369747	0.328698	0.871033
0.631127	0.699033	0.36189
0.805123	0.605646	0.000271092
3.43277e-17	5.11074e-17	1.00545
0.969203	0.0547855	0.245136
0.72709	0.0416904	0.704473
0.277763	0.886378	0.378094
0.115884	0.944012	0.310449
0.566009	0.67775	0.513298
0.976505	0.0362867	0.219745
0.426388	0.138249	0.902089
0.380493	0.925976	0.016131
0.738955	0.55319	0.389523
0.0723769	0.620024	0.787573
0.663121	0.446077	0.606473
0.211252	0.0667524	0.989271
0.855259	0.395066	0.354246
0.0804718	0.68937	0.727032
0.220344	0.478427	0.858157
0.0597161	0.813384	0.584033
0.943115	0.251796	0.233677
0.0864086	0.703901	0.707006
0.955409	0.29983	0.0798419
0.7612	0.520797	0.416881
0.502584	0.431164	0.758101
0.424903	0.076786	0.913376
0.881304	0.377611	0.291373
0.411242	0.917239	0.0355824
0.489552	0.78273	0.414484
0.64829	0.766588	0.0677759
0.753759	0.506255	0.438103
0.667752	0.53387	0.530556
0.68838	0.172074	0.715832
0.526723	0.36467	0.775493
0.121204	0.375068	0.920748
0.921644	0.191192	0.353934
0.655035	0.35128	0.6806
0.432405	0.895521	0.146955
0.825749	0.117589	0.559914
0.0491731	0.738551	0.68407
0.961027	0.119839	0.266421
0.554461	0.668505	0.531151
0.196936	0.576447	0.796118
0.321556	0.938711	0.195088
0.746874	0.543424	0.390315
0.351949	0.795352	0.505585
0.385604	0.610324	0.69618
0.778099	0.118687	0.630954
0.800231	0.593508	0.131147
0.0673222	0.983972	0.203925
0.134636	0.335481	0.938667
0.313619	0.150581	0.941376
0.99636	0.142097	0.0110709
0.392831	0.744727	0.546413
0.163655	0.237222	0.960638
0.540708	0.259615	0.804257
0.0798993	0.650876	0.764627
0.861234	0.24538	0.455594
0.581336	0.691522	0.47926
0.76795	0.0039473	0.642817
0.835271	0.565151	0.00676679
0.785762	0.0173063	0.619357
0.693022	0.706603	0.164372
0.810655	0.163044	0.569859
0.0226058	0.966186	0.260938
0.455131	0.755972	0.512944
0.625878	0.728465	0.33041
0.492182	0.58163	0.667103
0.879129	0.472863	0.121248
0.397439	0.915671	0.15216
5.33309e-17	0.87096	0.492051
0.341264	0.543431	0.769197
0.676887	0.025153	0.739472
0.445191	0.715475	0.546862
0.641763	0.771847	0.0459234
0.594345	0.810853	0.0391931
0.636641	0.305677	0.714253
0.827338	0.556545	0.109204
0.36412	0.91205	0.210848
0.20164	0.823175	0.535561
0.435511	0.711671	0.567707
0.0359659	0.999886	0.142535
0.0124206	0.661477	0.756699
0.151216	0.450756	0.882777
0.891191	0.219756	0.401183
0.808275	0.597891	0.0539432
0.465369	0.316243	0.829725
0.989116	0.129189	0.0916676
0.674478	0.721826	0.161082
0.698541	0.0348798	0.733733
0.168621	0.202896	0.978558
0.0736114	0.725407	0.691564
0.72141	0.518067	0.470628
0.938584	0.155592	0.328194
0.413936	0.316256	0.86187
0.0418802	0.974551	0.22547
0.26189	0.314147	0.933946
0.142564	0.881862	0.468373
0.580127	0.498239	0.651545
0.511311	0.130348	0.853743
0.549133	0.645973	0.549477
0.587485	0.801494	0.135428
0.804073	0.214499	0.565318
0.938109	0.241547	0.286188
0.358375	0.84431	0.408692
0.022634	0.967388	0.256951
0.102044	0.485458	0.87752
0.110774	0.864134	0.496408
0.109276	0.936124	0.342426
0.46559	0.606876	0.651703
0.625066	0.267821	0.769792
0.849166	0.0588948	0.528314
0.545559	0.641769	0.551959
0.282607	0.629782	0.728704
0.25121	0.338842	0.92157
0.114668	0.35484	0.929207
0.297935	0.0840504	0.953902
0.501517	0.384596	0.776845
0.236512	0.731891	0.642265
0.659428	0.427686	0.630054
0.816691	0.120732	0.576146
0.869264	0.402353	0.291091
0.7956	0.592189	0.189465
0.983915	0.22055	0.08464
0.477196	0.56749	0.673557
0.948853	0.157018	0.276401
0.471515	0.560735	0.694884
0.166232	0.00536678	0.995825
0.560425	0.716387	0.424376
0.930278	0.086558	0.367026
0.255142	0.971515	0.0606644
0.899125	0.458412	0.11504
0.304082	0.940985	0.183915
0.517681	0.720257	0.465063
0.288702	0.899645	0.335764
0.191653	0.277744	0.95032
0.910677	0.240013	0.344476
0.983655	0.220492	0.0932411
0.255339	0.34469	0.918606
0.052623	0.538216	0.842823
0.317723	0.955854	0.0376318
0.767006	0.608972	0.240729
0.00975449	0.879181	0.482608
0.359707	0.806572	0.484755
0.370103	0.925078	0.113803
0.495084	0.853382	0.176347
0.0325419	0.475628	0.892759
0.89738	0.414523	0.212647
0.196419	0.207829	0.971938
0.598642	0.636046	0.512699
0.612217	0.013484	0.791743
0.651444	0.487527	0.589378
0.682195	0.0152167	0.744942
0.842325	0.266162	0.488697
0.497941	0.774634	0.413431
0.684507	0.109594	0.730475
0.396124	0.421121	0.822544
0.88195	0.217477	0.431257
0.796974	0.0600776	0.604247
0.0998839	0.321631	0.948445
0.0921334	0.718003	0.698067
0.837885	0.104483	0.540749
0.25142	0.625101	0.748839
0.203023	0.568835	0.808793
0.185489	0.462193	0.878654
0.618468	0.657497	0.477641
0.717811	0.550416	0.44689
0.816881	0.157835	0.573374
0.908858	0.386402	0.169788
0.173685	0.968518	0.192302
0.0280158	0.602436	0.804462
0.881547	0.0327581	0.477517
0.318648	0.930223	0.236164
0.608702	0.466858	0.671648
0.246369	0.118292	0.965133
0.226539	0.51353	0.848698
0.401469	0.426402	0.819551
0.509021	0.735935	0.449382
0.866657	0.100191	0.499609
0.235807	0.0743493	0.978524
0.760779	0.520509	0.428762
0.472587	0.226908	0.856119
0.233263	0.721834	0.660033
0.904189	0.282107	0.33514
0.555384	0.579536	0.597455
0.60338	0.195636	0.776843
0.332497	0.773659	0.546478
0.504674	0.811071	0.316252
0.791781	0.592622	0.188006
0.522535	0.79863	0.319004
0.208114	0.990065	0.0369629
0.922891	0.185377	0.353956
0.87536	0.273791	0.405727
0.374334	0.419311	0.849929
0.309354	0.501674	0.816755
0.715516	0.343548	0.613652
2.93056e-17	5.4116e-17	1.00505
0.669232	0.11864	0.744902
0.445314	0.896017	0.0706269
0.767052	0.581722	0.284343
0.52367	0.0662849	0.851225
0.576757	0.785488	0.238157
0.392036	0.384133	0.870214
0.1982	0.0927555	0.982884
0.886472	0.0332437	0.47304
0.938298	0.298948	0.177372
0.853381	0.016265	0.523786
0.112171	0.07543	0.994056
0.375681	0.905711	0.232056
0.480059	0.799778	0.383354
0.120944	0.983971	0.139375
0.659734	0.277034	0.713
0.909949	0.422745	0.0507647
0.0671234	0.721875	0.704153
0.231843	0.950605	0.257014
0.872277	0.377208	0.335507
0.921895	0.292995	0.298333
0.102959	0.972526	0.219418
0.484489	0.828562	0.309432
0.563555	0.559762	0.610578
0.0515821	0.459448	0.893489
0.0128593	0.437405	0.908321
0.511762	0.863593	0.0221524
0.192841	0.620799	0.7663
0.20485	0.890281	0.412077
0.188982	0.339021	0.92702
0.505985	0.576537	0.644415
0.796776	0.211795	0.570719
0.14175	0.254291	0.957143
0.246267	0.530074	0.842176
0.725273	0.0123073	0.694834
0.174725	0.391628	0.907244
0.584939	0.514477	0.635035
0.611243	0.784086	0.146181
0.783183	0.61678	0.191278
0.0486878	0.97904	0.201111
0.54066	0.251305	0.809204
0.978258	0.207951	0.0316949
0.557502	0.114045	0.823507
0.959761	0.0999286	0.265912
0.0861482	0.986568	0.168955
0.471828	0.881577	0.0415636
0.695907	0.523534	0.499284
0.0361414	0.338282	0.944953
0.0168101	0.783864	0.626282
0.735772	0.0888477	0.674685
0.00407781	0.816704	0.581712
0.323364	0.821227	0.491111
0.452661	0.924903	0.010317
0.310794	0.215357	0.934599
0.561011	0.0576234	0.833563
0.127192	0.228174	0.971069
0.343725	0.872392	0.367779
0.532604	0.0547056	0.848559
0.207719	0.416097	0.886111
0.149938	0.918497	0.369802
0.435596	0.0704165	0.898081
0.812834	0.355143	0.462245
0.0583203	0.634301	0.778403
0.183428	0.962548	0.228873
0.0967712	0.914077	0.402938
0.256149	0.082803	0.964514
0.400542	0.762829	0.509709
0.076741	0.911377	0.429512
0.221438	0.0410509	0.977991
0.329509	0.768882	0.55872
0.738257	0.315026	0.616773
0.773455	0.320402	0.551448
0.303158	0.593984	0.753197
0.3522	0.650906	0.683286
0.154142	0.410231	0.901743
0.473387	0.874874	0.155472
0.090705	0.961627	0.273375
0.56636	0.819701	0.191171
0.106108	0.99317	0.114264
0.403058	0.0461088	0.919852
0.378797	0.832803	0.421577
0.617785	0.643133	0.456554
0.289876	0.637307	0.724259
0.0230382	0.74554	0.670374
0.241809	0.807368	0.540134
0.385028	0.913972	0.158676
0.135768	0.710732	0.692367
0.420014	0.303961	0.861247
0.755514	0.655959	0.0910336
0.365698	0.779119	0.514759
0.605143	0.648774	0.484929
0.275339	0.640878	0.73325
0.0808697	0.833923	0.566097
0.649929	0.0723136	0.774239
0.845221	0.152112	0.527016
0.114952	0.230269	0.967305
0.965563	0.160853	0.209367
0.240825	0.429874	0.878728
0.924128	0.294433	0.245995
0.326019	0.629261	0.712434
0.881393	0.471669	0.131053
0.628974	0.240278	0.742826
0.654771	0.75052	0.13068
0.551447	0.225396	0.808554
0.9184	0.216636	0.3605
0.269587	0.547717	0.794738
0.405621	0.00213972	0.919716
0.228613	0.0257337	0.976286
0.994468	0.142867	0.0575866
0.58603	0.249981	0.779927
0.357438	0.863357	0.366507
0.715524	0.667994	0.223657
0.830933	0.387043	0.405981
0.638292	0.272274	0.724651
0.819335	0.507674	0.291784
0.201912	0.404493	0.892747
0.700704	0.714332	0.0910414
0.432969	0.481212	0.763072
0.685503	0.734928	0.110559
0.368593	0.886214	0.286962
0.903588	0.283349	0.338217
0.893183	0.020643	0.451296
0.45447	0.815649	0.379144
0.285675	0.856723	0.438078
0.894751	0.365717	0.290342
0.933251	0.0287437	0.385785
0.926629	0.378747	0.0997952
0.750525	0.674383	0.118825
0.822589	0.26591	0.504304
0.616233	0.671458	0.426347
0.775999	0.252759	0.60027
0.980351	0.206672	0.0802479
0.0325722	0.766981	0.645075
0.711647	0.724411	0.0111652
0.267034	0.494631	0.83933
0.425864	0.743909	0.529304
0.965571	0.235067	0.130389
0.163573	0.713598	0.686367
0.414387	0.309585	0.859252
0.496382	0.565596	0.663547
0.277035	0.554949	0.785317
0.331497	0.773521	0.547033
0.664261	0.756883	7.53443e-06
0.0440794	0.986981	0.1854
0.862275	0.0897785	0.50208
0.556296	0.552552	0.630043
0.984207	0.196645	0.0127881
0.750518	0.538464	0.388283
0.0822148	0.847794	0.53299
0.384076	0.926713	0.000193996
0.946782	0.167844	0.294861
0.838792	0.504278	0.221759
0.747493	0.680023	9.62802e-29
0.762115	0.529167	0.387887
0.631792	0.695228	0.349625
0.534886	0.464601	0.707436
0.314073	0.000759375	0.956873
0.723083	0.684195	0.106649
0.627055	0.642737	0.442475
0.152001	0.931132	0.338317
0.822956	0.336372	0.467077
0.59436	0.674146	0.443618
0.510441	0.343945	0.788859
0.200967	0.727233	0.65849
0.99381	0.142773	0.0606105
0.214698	0.052268	0.977749
0.168995	0.500479	0.855133
0.642507	0.245448	0.729543
0.139322	0.465232	0.875331
0.261413	0.949062	0.182103
0.0485848	0.976969	0.212106
0.316003	0.684719	0.66141
0.549706	0.268758	0.798487
5.16795e-17	0.843991	0.537363
0.00688577	0.350415	0.940917
0.300713	0.471756	0.82998
0.508881	0.863697	0.0154879
0.292902	0.915417	0.327257
0.691257	0.282687	0.678786
0.466786	0.838496	0.310889
0.672305	0.739807	0.0918682
0.896456	0.449262	9.37519e-28
0.951849	0.202337	0.23588
0.789008	0.60656	0.117202
0.0724963	0.77778	0.632045
0.170366	0.237054	0.962313
0.487209	0.874022	0.0694085
0.794006	0.608771	0.104236
0.424195	0.00370808	0.912014
0.901411	0.332404	0.327125
0.928992	0.171286	0.351719
0.302969	0.593614	0.754166
0.424038	0.852081	0.316567
0.966835	0.26794	0.0803581
6.04948e-17	1.44909e-17	1.0159
0.4838	0.756253	0.490859
0.686973	0.0838925	0.726167
0.677103	0.740155	0.0528038
0.0420411	0.676596	0.738931
0.58259	0.577728	0.576851
0.179054	0.0877129	0.98163
0.744822	0.327137	0.590429
0.413278	0.475841	0.779662
0.219815	0.155682	0.974086
0.764206	0.221906	0.615952
0.148481	0.283725	0.951079
0.589712	0.045957	0.820992
0.650254	0.444686	0.628397
0.492766	0.79371	0.364671
0.965437	0.271086	0.0193706
0.569101	0.165106	0.807471
0.325513	0.230264	0.918702
0.0853254	0.90215	0.424849
0.225282	0.744938	0.644125
0.597251	0.456908	0.66321
0.82335	0.107322	0.560453
0.331146	0.511628	0.795679
0.472654	0.690766	0.605109
0.929972	0.12122	0.351946
0.242322	0.971298	0.103307
0.503302	0.821244	0.271344
0.770002	0.203574	0.616483
0.337454	0.730801	0.599509
0.122751	0.916838	0.394408
0.31293	0.869546	0.446635
0.303365	0.946976	0.162677
0.729171	0.547121	0.43023
0.375708	0.265696	0.889734
0.543369	0.654425	0.528608
0.210376	0.91429	0.352074
0.271563	0.338544	0.904089
0.891943	0.348419	0.338985
0.468494	0.790676	0.404616
0.115421	0.115356	0.991593
0.0650347	0.927873	0.372913
0.0815635	0.88566	0.468133
0.262866	0.186611	0.958837
0.671088	0.0861277	0.739693
0.982602	0.0641599	0.190422
0.464679	0.784239	0.422911
0.406823	0.0372399	0.913229
0.821815	0.395898	0.435656
0.422614	0.358714	0.837693
0.820914	0.596646	0.077567
0.0334742	0.477588	0.879388
0.942072	0.303084	0.180802
0.388004	0.636637	0.667295
0.608277	0.301905	0.734486
0.0613495	0.666166	0.747573
0.971152	0.0746283	0.240948
0.87351	0.141927	0.481303
0.189132	0.317265	0.930442
0.641269	0.708456	0.295218
0.598491	0.74753	0.307107
0.615692	0.618191	0.504888
0.990939	0.0246177	0.167755
0.914541	0.255445	0.336034
0.656385	0.331955	0.695168
0.895728	0.387845	0.25827
0.440313	0.87608	0.226576
0.370845	0.714483	0.59954
0.59346	0.505477	0.635039
0.54839	0.390906	0.749952
0.426536	0.728382	0.556052
0.0634113	0.660842	0.755005
0.557286	0.266509	0.79024
0.690588	0.553982	0.486894
0.856953	0.520806	0.0625212
0.315911	0.219051	0.923846
0.865605	0.538166	4.24478e-08
0.70923	0.524568	0.478
0.819181	0.511755	0.275085
0.296841	0.906846	0.304636
0.871231	0.0593856	0.489951
0.975089	0.212818	0.154225
0.0216879	0.891907	0.452408
0.982297	0.133521	0.168539
0.553295	0.620125	0.560968
0.841613	0.57555	0.144301
0.357883	0.941127	0.068774
0.725001	0.00575555	0.696208
0.851411	0.141339	0.50998
0.914664	0.124477	0.393588
0.098211	0.456036	0.886278
0.367162	0.611095	0.702641
0.776995	0.241419	0.582373
0.529031	0.665465	0.54393
0.382317	0.807788	0.488633
0.220621	0.980839	0.0111395
0.288609	0.36586	0.885329
0.69985	0.289125	0.654305
0.612752	0.197135	0.77309
0.480138	0.880028	0.023506
0.796173	0.483867	0.374903
0.351984	0.645048	0.685718
0.734776	0.352994	0.592058
0.435066	0.797305	0.426456
0.258288	0.0192333	0.967709
0.89208	0.43945	0.113911
0.309713	0.509891	0.813096
0.604226	0.48888	0.63315
0.51979	0.841707	0.201106
0.633203	0.0511296	0.776557
0.243975	0.163091	0.965682
0.128705	0.640695	0.777457
0.84723	0.133177	0.520724
0.961616	0.226614	0.248394
0.50954	0.859022	0.103517
0.940314	0.367314	0.0485164
0.278288	0.920213	0.282111
0.20848	0.778869	0.61692
0.183335	0.828566	0.542956
0.8602	0.419997	0.300008
0.50874	0.857674	0.121589
0.624114	0.781202	0.0883943
0.446198	0.298574	0.865614
0.172563	0.779881	0.611148
0.137685	0.631944	0.764203
0.795462	0.58816	0.203454
0.434668	0.306374	0.862534
0.783242	0.40195	0.477033
0.00412911	0.83698	0.582404
0.537941	0.647887	0.540949
0.429103	0.260783	0.86954
0.903865	0.414736	0.113914
0.565915	0.810942	0.214184
0.0478086	0.33942	0.9477
0.802928	0.602464	0.0381541
0.287882	0.958874	0.103316
0.916061	0.252118	0.325615
0.195565	0.373695	0.915717
0.34302	0.936875	0.153947
0.398288	0.442553	0.811466
0.512584	0.864155	0.00498611
0.391616	0.00724152	0.932652
0.87772	0.386884	0.328311
0.23437	0.0401415	0.975202
0.717691	0.572049	0.410122
0.846795	0.179389	0.514687
0.522993	0.638555	0.569828
0.140996	0.995715	0.0194261
0.232613	0.973838	0.066515
0.254417	0.496262	0.856522
0.035225	0.502568	0.865522
0.654093	0.311155	0.708154
0.98833	0.167495	0.000709028
0.925223	2.3396e-05	0.383148
0.955474	0.00250822	0.305046
0.270321	0.341542	0.907362
0.400853	0.435298	0.832217
0.342527	0.93553	0.156295
0.732616	0.333105	0.609214
0.909399	0.251064	0.37342
0.493398	0.849247	0.238083
0.79441	0.591391	0.143593
0.202185	0.449488	0.872663
0.697395	0.608428	0.412891
0.627619	0.774056	0.22546
0.787296	0.601761	0.191629
0.475464	0.532523	0.703609
0.499706	0.7303	0.471435
0.390396	0.867908	0.315857
0.495064	0.565975	0.665347
0.827306	0.245733	0.50996
0.662285	0.719195	0.294716
0.828597	0.517637	0.253018
0.715867	0.570595	0.413465
0.881551	0.452167	0.176447
0.223239	0.990934	0.00722636
0.900251	0.43249	0.131609
0.633314	0.449228	0.650295
0.105407	0.0767737	0.995666
0.252503	0.955307	0.178804
0.63742	0.704204	0.313235
0.348806	0.260898	0.907384
0.439282	0.87403	0.256937
0.739692	0.379601	0.560413
0.109418	0.0710867	0.996276
0.207426	0.795675	0.572159
0.158656	0.0116793	0.98852
0.622107	0.617328	0.488823
0.452119	0.32201	0.852516
0.926739	0.40849	0.0471456
0.381251	0.878898	0.385506
0.812401	0.599471	0.0496562
0.781316	0.0302431	0.655911
3.20615e-17	5.27447e-17	1.00804
0.788334	0.325534	0.523664
0.352181	0.694971	0.647627
0.984037	0.0125233	0.191131
0.968656	0.197202	0.171355
0.205679	0.883595	0.438338
0.897235	0.43091	0.265662
0.532986	0.449685	0.727556
0.505076	0.66589	0.572878
0.668643	0.346141	0.663653
0.291749	0.955528	0.0621939
0.188694	0.810628	0.561613
0.135637	0.993239	0.0264722
0.302411	0.060234	0.951612
0.77719	0.6296	0.034212
0.493673	0.640117	0.600694
0.237723	0.589735	0.786408
0.604259	0.120549	0.791828
0.599756	0.710431	0.378382
0.364224	0.0890225	0.935204
0.245653	0.749812	0.634388
0.0750165	0.946664	0.335566
0.0584186	0.82491	0.577686
0.182363	0.693232	0.707094
0.289454	0.435904	0.85425
0.282171	0.237288	0.930334
0.641079	0.337596	0.690094
0.943814	0.199337	0.269078
0.24538	0.608731	0.768547
0.764492	0.190008	0.631352
0.324759	0.802738	0.50959
0.957571	0.280335	0.099988
0.731479	0.575147	0.378035
0.706401	0.706565	0.122421
0.0815326	0.743876	0.679683
0.702602	0.111341	0.710379
0.758783	0.651218	0.0926623
0.459189	0.663126	0.613416
0.647572	0.763173	0.0565883
0.681857	0.682017	0.306097
0.150246	0.835619	0.531647
0.722544	0.179582	0.670719
0.0509399	0.55338	0.838874
0.195488	0.870455	0.454449
0.541064	0.770512	0.356302
0.716506	0.387949	0.586633
0.214204	0.961673	0.196914
0.836302	0.537516	0.117979
0.372501	0.207167	0.911692
0.597519	0.773581	0.255926
0.55478	0.722846	0.415526
0.410724	0.29869	0.864885
0.811747	0.563527	0.204094
0.450541	0.55758	0.70255
0.884587	0.348056	0.32229
0.175521	0.859077	0.495361
0.444418	0.903876	0.022511
0.220547	0.0772851	0.974009
0.86801	0.304171	0.396991
0.988663	0.147052	0.0876237
0.907431	0.143761	0.411619
0.356038	0.851116	0.407256
0.599201	0.116105	0.799912
0.793197	0.61148	0.104488
0.0172828	0.797211	0.621499
0.564036	0.822545	0.0796219
0.61554	0.105208	0.818418
0.379012	0.0423859	0.925974
0.415312	0.874403	0.283041
0.506943	0.315553	0.812264
0.0117181	0.131641	0.991374
0.280334	0.636668	0.748048
0.657331	0.75654	0.0030322
0.704194	0.592183	0.395949
0.147542	0.964731	0.241301
0.586174	0.777668	0.234018
0.672068	0.264056	0.69258
0.275217	0.900326	0.357111
0.745795	0.464229	0.47861
0.22958	0.954304	0.219368
0.424436	0.00533674	0.913468
0.928052	0.354996	0.207291
0.340705	0.286511	0.896103
0.236354	0.876871	0.422115
0.927787	0.37757	0.0158528
0.901868	0.479194	0.0533289
0.101291	0.62132	0.793942
0.908002	0.22693	0.362649
0.935233	0.376023	0.0107677
0.781853	0.29662	0.556045
0.913348	0.0208827	0.410336
0.464304	0.698847	0.545794
0.743239	0.673819	0.162553
0.802951	0.165185	0.59877
0.385658	0.914428	0.137149
0.576186	0.813807	0.0816737
0.649793	0.000721185	0.761254
0.156811	0.026099	0.989146
0.111362	0.941044	0.319909
0.31485	0.801148	0.529254
0.941245	0.0392961	0.365132
0.160834	0.986861	0.0452216
0.535181	0.846877	0.0820567
0.804038	0.584719	0.127893
0.621729	0.439394	0.66654
0.141389	0.785801	0.607863
0.771241	0.588082	0.275299
0.5124	0.603445	0.627616
0.26271	0.958296	0.151613
0.117213	0.943031	0.313749
0.819668	0.545933	0.181697
0.212979	0.932971	0.301122
0.635435	0.721639	0.293705
0.483563	0.877538	0.0181153
0.738949	0.634195	0.248634
0.519652	0.492921	0.701097
0.0427024	0.390546	0.932406
0.545112	0.716724	0.458692
0.911572	0.440246	0.0737952
0.190274	0.924618	0.33339
0.875986	0.490634	0.0781017
0.693176	0.0143642	0.741803
0.345528	0.309014	0.8901
0.0360438	0.978101	0.232851
0.990515	8.55146e-07	0.151134
0.824379	0.510703	0.275264
0.302344	0.489631	0.822049
0.924276	0.353551	0.224839
0.349779	0.890025	0.310033
0.0960738	0.992006	0.105015
0.398959	0.517307	0.765168
0.427855	0.843209	0.348705
0.881616	0.173313	0.44393
0.448201	0.893893	0.0493272
0.0916441	0.946267	0.32708
0.264365	0.104019	0.965469
0.719728	0.365636	0.592827
0.528633	0.446013	0.737948
0.333375	0.26838	0.916946
0.746931	0.641045	0.221446
0.562561	0.216744	0.807134
0.580182	0.219937	0.787993
0.149011	0.828749	0.540881
0.897721	0.204122	0.403877
0.0107225	0.727547	0.694944
0.813804	0.598632	2.22198e-05
0.222702	0.551379	0.831575
0.860363	0.213836	0.469382
0.986946	0.156191	0.0910135
0.507243	0.507362	0.705162
0.433032	0.789814	0.458828
0.480417	0.637362	0.606037
0.359739	0.919358	0.176959
0.909402	0.246368	0.347364
0.617781	0.530824	0.58643
0.288811	0.258291	0.923194
0.51528	0.593049	0.622851
0.221944	0.71567	0.680559
0.954191	0.110971	0.301524
0.678816	0.25828	0.691766
0.721394	0.619853	0.317333
0.338108	0.8911	0.342198
0.733245	0.372503	0.585
0.9234	0.183923	0.347579
0.120964	0.307797	0.946081
0.0511078	0.953814	0.34295
0.136375	0.0526289	0.994979
0.0647647	0.397266	0.929279
0.753244	0.673166	0.0194835
0.260177	0.331692	0.919746
0.724538	0.486074	0.504054
0.168509	0.223558	0.971952
0.474998	0.0946297	0.881568
0.0366165	0.251304	0.972895
0.270097	0.0302056	0.963643
0.108645	0.669162	0.747291
0.996026	0.00688089	0.118733
0.224479	0.9756	0.138476
0.404979	0.734928	0.545857
0.144577	0.975471	0.182128
0.93261	0.359906	0.114333
0.653779	0.545421	0.550094
0.774409	0.62336	0.123222
0.857576	0.170656	0.487809
0.316473	0.0526724	0.950161
0.628016	0.485757	0.626666
0.361174	0.923026	0.163313
0.00316693	0.217797	0.977856
0.996756	0.12756	0.00117598
0.0951397	0.297635	0.961706
0.792403	0.610868	0.112105
6.14487e-17	9.80885e-18	1.01624
0.637722	0.350236	0.694542
0.271141	0.2824	0.936741
0.897601	0.15376	0.437482
0.0745154	0.92326	0.389252
0.0342733	0.272583	0.965372
0.935021	0.0376782	0.376456
0.429981	0.169617	0.912694
0.329965	0.438886	0.836156
0.383468	0.833913	0.4195
0.776085	0.49107	0.408918
0.907204	0.119541	0.428955
0.340024	0.392772	0.868567
0.293234	0.374035	0.882209
0.185273	0.105333	0.980072
0.485642	0.843865	0.259912
0.251779	0.312076	0.917768
0.516488	0.858672	0.0668116
0.948437	0.253112	0.204772
0.22554	0.234236	0.95792
0.0146549	0.894074	0.469894
0.983476	0.187858	0.0762496
0.440714	0.76561	0.475511
0.131049	0.52181	0.848564
0.234182	0.869182	0.446816
0.366593	0.90929	0.210503
0.161083	0.664585	0.733701
0.0185322	0.890777	0.460665
0.642109	0.083701	0.764145
0.566539	0.543318	0.620598
0.398395	0.905861	0.174903
0.628111	0.779522	0.127328
0.346307	0.641483	0.689488
0.0490279	0.838028	0.550872
0.569901	0.071876	0.8328
0.50559	0.654883	0.574325
0.315576	0.934965	0.166475
0.169392	0.341397	0.944263
0.258948	0.77169	0.592686
0.984091	0.0980764	0.165827
0.605985	0.239046	0.788852
0.68795	0.684847	0.251543
0.152622	0.668075	0.735267
0.558235	0.709634	0.442971
0.678125	0.650329	0.351615
0.596108	0.368951	0.714658
0.157271	0.964281	0.236809
0.969408	0.16592	0.196498
0.103238	0.137303	0.988023
0.702345	0.289898	0.651699
0.974683	0.128325	0.192118
0.803119	0.577153	0.170971
0.306412	0.413409	0.860337
0.879378	0.401583	0.271276
0.367451	0.446473	0.818143
0.529075	0.620753	0.579112
0.278574	0.819667	0.520016
0.240181	0.0978238	0.968173
0.715756	0.68115	0.156913
0.056653	0.183848	0.985925
0.612926	0.265064	0.755279
0.12576	0.450994	0.895445
0.943934	0.109771	0.324602
0.523587	0.633855	0.569558
0.959708	0.302984	0.00603267
0.525196	0.823704	0.264566
0.218421	0.82992	0.515022
0.722774	0.305341	0.633153
0.593144	0.800944	0.10549
0.598091	0.771946	0.225907
0.494925	0.700485	0.520367
0.0604007	0.743875	0.675299
0.555581	0.532808	0.639338
0.479311	0.875179	0.0932748
0.172603	0.573364	0.809205
0.488601	0.849986	0.214739
0.876635	0.483021	0.0156573
0.209939	0.903073	0.401014
0.657275	0.772744	0.0315063
0.245306	0.00803819	0.978166
0.539481	0.088225	0.843238
0.864817	0.458994	0.237306
0.156908	0.962055	0.238488
0.512239	0.865644	0.0660073
0.555666	0.706368	0.453361
0.621061	0.730305	0.34236
0.732106	0.475668	0.491563
0.709162	0.294123	0.648295
0.580044	0.246766	0.778991
0.309791	0.417967	0.859795
0.113051	0.989847	0.0978645
0.93678	0.108998	0.341157
0.175289	0.569883	0.805763
0.139701	0.465531	0.885991
0.574676	0.716396	0.419753
0.362383	0.147596	0.929288
0.835958	0.480502	0.273232
0.409186	0.880003	0.252512
0.944625	0.164494	0.304787
0.950928	0.0256707	0.330652
0.853637	0.19271	0.525645
0.580081	0.252059	0.77567
0.0740461	0.942531	0.327128
0.00499872	0.511126	0.872946
0.633131	0.766564	0.116293
0.214788	0.980987	0.0555885
0.247843	0.972151	0.00217531
0.597243	0.07772	0.800002
0.545823	0.735647	0.410746
0.823551	0.428555	0.391199
0.531275	0.509498	0.677961
0.391269	0.715487	0.585929
0.37672	0.57078	0.73377
0.621121	0.751929	0.222822
0.444043	0.180855	0.880077
0.658912	0.319115	0.682321
0.276669	0.504975	0.827361
0.955595	0.031313	0.300702
0.450363	0.524131	0.741442
0.503119	0.501658	0.724224
0.812179	0.333159	0.48851
0.637985	0.731348	0.25149
0.192973	0.796435	0.573471
0.755492	0.20162	0.627362
0.586493	0.362999	0.725485
0.724154	0.321854	0.623699
0.511371	0.850164	0.142984
0.813848	0.267978	0.530014
0.758558	0.0812367	0.65565
0.0013772	0.625722	0.784207
0.120347	0.43158	0.914549
0.840873	0.477675	0.361856
0.407684	0.553766	0.737803
0.768901	0.405344	0.513874
0.342983	0.462738	0.819099
0.769217	0.63196	0.147486
0.324148	0.953544	0.122818
0.418435	0.758971	0.506909
0.914355	0.0142797	0.434813
0.911344	0.369779	0.197397
0.47157	0.516808	0.716658
0.432833	0.791492	0.462943
0.227377	0.222578	0.953496
0.164086	0.676971	0.721546
0.189423	0.21666	0.960664
0.825362	0.211898	0.54667
0.0366723	0.0603029	0.997816
0.839691	0.223414	0.499053
0.487067	0.56277	0.669155
0.107477	0.569513	0.840266
0.758221	0.528147	0.383685
0.890375	0.351231	0.294131
0.655504	0.757386	0.0442321
0.500715	0.86236	0.0870052
0.244022	0.607517	0.760242
0.200868	0.870685	0.470852
0.573026	0.808252	0.157267
0.321539	0.00600347	0.949358
0.807947	0.594434	0.0244027
0.669295	0.695101	0.282949
0.86332	0.141753	0.502485
0.409302	0.0477201	0.913041
0.749124	0.550736	0.394921
0.546896	0.649285	0.559284
0.0793734	0.263068	0.965556
0.87463	0.015412	0.538252
0.147223	0.0155024	0.993477
0.540684	0.0266783	0.858154
0.314005	0.21575	0.943943
0.977628	0.120744	0.184918
0.217738	0.788311	0.595947
0.170351	0.727035	0.67136
0.917435	0.398283	0.0288934
0.0585244	1.00035	0.128919
0.191017	0.959857	0.220135
0.417694	0.757626	0.507514
0.646173	0.759834	0.136917
0.746985	0.298931	0.610118
0.143454	0.989145	0.0542889
0.88582	0.362171	0.292699
0.950198	0.0311361	0.315729
0.771553	0.053848	0.640806
0.552291	0.529654	0.644825
0.353428	0.448919	0.82696
0.207979	0.240265	0.952279
0.993483	0.122702	0.013611
0.740488	0.352761	0.582371
0.0435206	0.743893	0.674702
0.117365	0.955829	0.289641
0.793757	0.586683	0.179459
0.198361	0.176599	0.967228
0.085768	0.988028	0.15264
0.798721	0.134196	0.588507
3.7496e-33	6.12356e-17	1.00005
6.10569e-17	1.29487e-17	1.01931
6.1235e-17	1.00004	0
0.339537	0.821278	0.476802
0.0261034	0.888345	0.466068
0.0600814	0.837207	0.5478
0.636179	0.00934438	0.772804
0.881044	0.250163	0.410153
0.0921576	0.256496	0.967225
0.731826	0.0444802	0.681131
0.381661	0.605974	0.712373
0.076105	0.036821	0.99851
0.373901	0.778141	0.515927
0.5833	0.798993	0.213076
0.404536	0.705932	0.587896
0.415447	0.865412	0.306418
0.741917	0.652943	0.1671
0.178518	0.280878	0.95068
0.744883	0.140669	0.667569
0.521628	0.0607521	0.855853
0.184302	0.42968	0.894986
0.597512	0.771721	0.225474
0.666823	0.55651	0.497688
0.219247	0.108145	0.9721
0.251264	0.642187	0.731346
0.791897	0.300863	0.539488
0.774833	0.091713	0.637058
0.244308	0.0561564	0.96866
0.976836	0.212612	0.0950029
0.169713	0.0147593	0.991691
0.544556	0.832672	0.142917
0.0117007	0.988181	0.176115
0.721618	0.625239	0.311463
0.164864	0.574483	0.816175
0.0237698	0.189919	0.988056
0.124305	0.195277	0.976096
0.435036	0.760923	0.487832
0.503917	0.80802	0.329957
0.514108	0.663398	0.558017
0.753207	0.37511	0.546343
0.576929	0.366674	0.738913
0.224801	0.354125	0.908698
0.248086	0.749374	0.621857
0.772104	0.395648	0.507122
0.0456871	0.984102	0.185992
0.115923	0.893331	0.451661
0.71953	0.135881	0.691262
0.44351	0.682463	0.586895
0.801964	0.410949	0.447414
0.0353141	0.63088	0.784955
0.103792	0.848615	0.527033
0.90609	0.368294	0.26529
0.161845	0.979728	0.130272
0.31962	0.585761	0.752729
0.893051	0.231729	0.43503
0.196786	0.293991	0.949769
0.0047309	0.593186	0.81069
0.268071	0.669131	0.719978
0.559621	0.469287	0.696201
0.539907	0.805271	0.248307
0.311018	0.452346	0.837823
0.701822	0.397917	0.611296
0.588149	0.796621	0.231345
0.00814562	0.958703	0.294643
0.452459	0.781829	0.438858
0.396815	0.925134	0.0186714
0.919475	0.210147	0.341346
0.626365	0.472804	0.625795
0.279558	0.963765	0.14489
0.64009	0.409677	0.651545
0.654456	0.756593	0.0397389
0.813717	0.177274	0.561383
0.11275	0.350316	0.931511
0.779965	0.493827	0.42911
0.0206168	0.791173	0.631109
0.435299	0.906765	0.0616049
0.764271	0.124675	0.645779
0.981749	0.179212	0.0811136
0.0450543	0.804888	0.601496
0.435795	0.7406	0.530877
0.20977	0.919138	0.352434
0.712031	0.000227391	0.711188
0.366616	0.330308	0.870607
0.124691	0.994289	0.0648631
0.0318591	0.944035	0.369595
0.239501	0.689933	0.68368
0.860202	0.487715	0.154107
0.20452	0.32179	0.926587
0.275554	0.612539	0.749113
0.596379	0.770258	0.239104
0.693389	0.000142075	0.722825
0.0418076	0.271846	0.961579
0.652478	0.754307	0.0870154
0.288663	0.959553	0.00310946
0.967827	0.114557	0.277281
0.732585	0.666518	0.148572
0.750475	0.650242	0.123903
0.592397	0.276059	0.759089
0.611621	0.276332	0.757084
0.990432	0.166027	0.0590081
0.406972	0.844017	0.398764
0.480953	0.200981	0.861269
0.831511	0.383151	0.411538
0.42946	0.681992	0.607392
0.191332	0.424376	0.891109
0.149442	0.934067	0.349319
0.787494	0.533103	0.315197
0.482222	0.879196	0.105173
0.794619	0.527433	0.319762
0.80734	0.184518	0.56973
0.423569	0.740867	0.52723
0.415596	0.89396	0.186121
0.940379	0.386736	0.0112052
0.145338	0.860026	0.499798
0.258982	0.158833	0.954207
0.744209	0.644813	0.201449
0.293013	0.0637756	0.958143
0.806835	0.520411	0.338277
0.646423	0.733757	0.274962
0.323183	0.723823	0.615982
0.993029	0.0217025	0.116049
0.902066	0.511655	0.00591159
0.264159	0.576112	0.77437
0.276431	0.459131	0.848634
0.00552946	0.712326	0.70359
0.624734	0.563513	0.584978
0.490015	0.871218	0.067196
0.0395211	0.98234	0.194312
0.3378	0.940176	0.0778705
0.934349	0.35816	0.0631713
0.825965	0.0977249	0.572185
0.335483	0.0730192	0.945473
0.962111	0.224977	0.221111
0.306161	0.95338	0.0928935
0.53354	0.839465	0.114025
0.532955	0.838545	0.13024
0.11964	0.442497	0.901035
0.558355	0.128119	0.823212
0.565694	0.730626	0.389887
0.681264	0.337748	0.654188
0.369403	0.0847628	0.92809
0.329451	0.245209	0.913401
0.358323	0.853098	0.425266
0.0811272	0.629401	0.788359
0.570813	0.547746	0.61193
0.50669	0.79609	0.360204
0.304194	0.477874	0.825926
0.877629	0.234198	0.422713
0.986065	0.165792	0.146324
0.312709	0.361532	0.882543
0.00701466	0.825593	0.574056
0.382331	0.693423	0.623801
0.0148348	0.48757	0.87544
0.142037	0.44131	0.887454
0.515878	0.567063	0.657245
0.949918	0.017219	0.324929
0.878409	0.0281038	0.491051
0.900567	0.445165	0.0568153
0.869205	0.502962	0.0458924
0.15848	0.692304	0.723269
0.67324	0.279171	0.692658
0.154761	0.974808	0.162599
0.383592	0.621476	0.683684
0.200522	0.315498	0.92958
0.925997	0.345583	0.161776
0.457395	0.868921	0.196249
0.430108	0.263685	0.879987
0.89671	0.442306	0.0716894
0.132449	0.850789	0.521579
0.550428	0.822319	0.219973
0.407207	0.457194	0.792621
0.808308	0.0749321	0.593019
0.394508	0.0872816	0.919798
0.937409	0.204222	0.287368
0.843849	0.544321	0.0338961
0.818514	0.256176	0.519662
0.232772	0.969126	0.222584
0.484484	0.782627	0.392287
0.760589	0.558996	0.369337
0.488136	0.548295	0.687218
0.618879	0.71692	0.389228
0.499289	0.675629	0.558556
0.387394	0.610636	0.705973
0.556307	0.0948187	0.835846
0.262257	0.46362	0.848761
0.199949	0.567657	0.799727
0.622698	0.516277	0.591716
0.945923	0.216282	0.276072
0.847023	0.418697	0.342346
0.0827696	0.858451	0.522424
0.465614	0.7947	0.397908
0.580785	0.120439	0.805716
0.876458	0.482589	0.0465721
0.821295	0.306508	0.489804
0.392748	0.915652	0.11768
0.681612	0.336932	0.654144
0.926896	0.000340418	0.378668
0.293453	0.883818	0.387465
6.1235e-17	1.00004	0
3.74959e-33	6.12354e-17	1.00005
1.56219e-17	5.92585e-17	1.00083
0.0880488	0.594001	0.814628
0.607411	0.785134	0.158675
0.108747	0.58554	0.807929
0.611758	0.127785	0.781982
0.583757	0.397691	0.711703
0.936974	0.273294	0.230925
0.406154	0.834911	0.379894
0.288256	0.112438	0.959999
0.344335	0.407881	0.850817
0.908337	0.35292	0.243002
0.301325	0.902539	0.317444
0.358578	0.9383	0.0305839
0.721862	0.240666	0.652736
0.346486	0.632316	0.701731
0.156836	0.172251	0.980739
0.749837	0.431446	0.516263
0.942982	0.33218	0.0654767
0.043583	0.997888	0.0599229
0.496969	0.849701	0.204791
0.524611	0.68589	0.507779
0.366665	0.152028	0.92126
0.729651	0.0610563	0.688631
0.0202043	0.959536	0.300118
0.757405	0.293849	0.587811
0.226677	0.611637	0.760981
0.256935	0.0541729	0.966974
0.57396	0.76826	0.285669
0.551586	0.179838	0.829049
0.883041	0.0053959	0.498847
0.183104	0.873089	0.467745
0.121969	0.636567	0.770672
0.718485	0.698288	0.0862791
0.454724	0.184135	0.877141
0.200884	0.891059	0.419265
0.354486	0.0172645	0.938715
0.595421	0.384123	0.710982
0.633731	0.470882	0.641484
0.315467	0.888139	0.342221
0.770007	0.492331	0.41404
0.331628	0.642402	0.697511
0.765502	0.290137	0.582475
0.968744	0.205331	0.174146
0.396806	0.345351	0.854083
0.0552474	0.374421	0.93308
0.412829	0.665743	0.633401
0.27445	0.0904006	0.962483
0.329962	0.476115	0.821839
0.696676	0.480475	0.535071
0.707508	0.711391	0.0864001
0.948618	0.323175	0.00318257
0.377788	0.613174	0.731712
0.441533	0.550743	0.738419
0.417315	0.551764	0.723694
0.541058	0.69429	0.485087
0.332447	0.805861	0.492454
0.471013	0.189286	0.867268
0.8546	0.519046	0.1077
0.269845	0.690275	0.682261
0.809482	0.135505	0.581393
0.311912	0.943912	0.143374
0.429801	0.254974	0.86876
0.563088	0.62724	0.553421
0.0752174	0.978667	0.197929
0.388319	0.158424	0.909987
0.402687	0.799184	0.44737
0.986384	0.0481585	0.182782
0.803448	0.513712	0.307812
0.315077	0.104414	0.948279
0.626908	0.755947	0.236234
0.866244	0.282428	0.432536
0.629607	0.771336	0.164245
0.534449	0.3641	0.769205
0.447894	0.793311	0.421061
0.899143	0.000914947	0.44522
0.137577	0.840744	0.530682
0.0759477	0.301998	0.958874
0.123404	0.582545	0.814436
0.297764	0.94854	0.131684
0.2385	0.852246	0.473051
0.863022	0.535738	0.0538203
0.568599	0.230031	0.79095
0.192107	0.235352	0.961712
0.43299	0.339975	0.836747
0.623388	0.246764	0.743761
0.190422	0.98233	0.0247981
0.0372005	0.91043	0.424351
0.00694057	0.904168	0.442725
0.581055	0.777758	0.246619
0.792776	0.504121	0.369157
0.0325584	0.745466	0.673896
0.146479	0.780651	0.609362
0.84476	0.530217	0.104378
0.502327	0.139054	0.876685
0.00765132	0.963538	0.301313
0.116135	0.423938	0.907569
0.0258647	0.84343	0.554023
0.673231	0.746816	0.0823286
0.973286	0.196857	0.175634
0.224627	0.413667	0.891941
0.46457	0.0954035	0.883771
0.00220337	0.987853	0.252015
0.134139	0.53339	0.838662
0.821285	0.575128	0.0380724
0.266173	0.950453	0.164033
0.173869	0.926866	0.337785
0.969829	0.3137	0.0141594
0.871709	0.0839029	0.494712
0.0620192	0.223274	0.975573
0.353703	0.146654	0.931228
0.393625	0.444266	0.8342
0.559527	0.383381	0.752271
0.816514	0.583886	0.119111
0.383229	0.422471	0.843332
0.339183	0.882915	0.338682
0.395223	0.438422	0.829573
0.421748	0.812976	0.40453
0.653462	0.669186	0.360203
0.780217	0.163067	0.620218
0.724827	0.527831	0.462205
0.63488	0.462848	0.64803
0.391342	0.932436	0.00763078
0.73564	0.526053	0.458733
0.243411	0.100054	0.969142
0.919499	0.390978	0.113612
0.644131	0.765843	0.0411869
0.80054	0.359423	0.483603
0.660566	0.452612	0.601584
0.650641	0.450629	0.639952
0.0929427	0.165815	0.987064
0.281776	0.709393	0.661921
0.918687	0.360699	0.18774
0.64009	0.688255	0.369319
0.933806	0.367914	0.0923598
0.0599952	0.129948	0.995207
0.927996	0.0814627	0.366591
0.829891	0.0183051	0.563424
0.249836	0.971537	0.0801616
0.99856	0.0866996	0.0487971
0.0535284	0.011067	0.998812
0.314233	0.0449181	0.953031
0.814409	0.173589	0.562757
0.954968	0.316142	0.00329064
0.174613	0.856532	0.525661
0.21592	0.839648	0.507345
0.501002	0.821984	0.283039
0.0162775	0.56323	0.861999
0.0967993	0.460434	0.891522
0.511512	0.199521	0.840426
0.752459	0.521996	0.415381
0.370664	0.654254	0.666355
0.695675	0.740439	0.0363523
0.161523	0.779372	0.610634
0.760392	0.414508	0.520361
0.616629	0.25567	0.746407
0.0283343	0.980413	0.266938
0.507112	0.766406	0.407049
0.0137047	0.661373	0.754674
0.568542	0.48959	0.662489
0.468051	0.829012	0.321964
0.588245	0.769291	0.260269
0.522178	0.449665	0.72668
0.600985	0.0369486	0.836782
0.958824	0.0802332	0.27447
0.65879	0.726244	0.21447
0.516817	0.861452	0.0031903
0.207636	0.389665	0.900858
0.657019	0.754819	0.041187
0.681226	0.415708	0.606698
0.790442	0.305372	0.558321
0.515979	0.0279039	0.862636
0.1442	0.229047	0.967577
0.321967	0.258447	0.919807
0.2325	0.916471	0.32941
0.252776	0.80523	0.541831
0.17042	0.979686	0.131713
0.266936	0.74575	0.627959
0.101081	0.0764931	0.993231
0.664483	0.716748	0.217915
0.485349	0.770926	0.424255
0.408778	0.623571	0.674549
0.327936	0.650831	0.685416
0.936202	0.00876671	0.353282
0.296743	0.805083	0.566428
0.886238	0.216385	0.421642
0.55558	0.801667	0.255519
0.101713	0.541258	0.835906
0.912341	0.347456	0.251632
0.178806	0.383713	0.916943
0.662621	0.718071	0.221068
0.615463	0.790851	0.0530961
0.660274	0.658109	0.385975
0.556664	0.736007	0.387997
0.209365	0.0657058	0.98461
6.24217e-17	3.34177e-18	1.02088
1.00002	0	0
0.133178	0.616219	0.783632
0.893778	0.398334	0.215335
0.779614	0.404551	0.488157
0.0732401	0.641763	0.771282
0.945834	0.0516679	0.326529
0.329698	0.0757263	0.943294
0.583747	0.0910307	0.808261
0.409919	0.388086	0.842857
0.882029	0.457695	0.15492
0.337725	0.942929	0.108113
0.215244	0.50913	0.8557
0.193544	0.986387	0.0390953
0.61822	0.081724	0.789693
0.699803	0.712285	0.133069
0.505388	0.599779	0.62521
0.840284	0.162601	0.527968
0.646754	0.112026	0.763092
0.242256	0.742132	0.634268
0.605249	0.793645	0.126123
0.141408	0.962993	0.260712
0.365376	0.927711	0.143484
0.437895	0.524147	0.737236
0.655951	0.756067	0.0833734
0.345272	0.933891	0.174832
0.789986	0.516055	0.348611
0.377274	0.0836276	0.931044
0.749839	0.687974	0.00597638
0.864247	0.121847	0.502341
0.394904	0.443627	0.812542
0.940641	0.234423	0.250567
0.235941	0.722786	0.662512
0.120079	0.880828	0.460198
0.494338	0.371702	0.818029
0.627059	0.600716	0.524616
0.740015	0.532288	0.420976
0.849658	0.503566	0.186257
0.867966	0.32666	0.382576
0.18273	0.916546	0.392521
0.757805	0.656012	0.0251541
0.395597	0.739049	0.552081
0.229252	0.702296	0.682468
0.706742	0.0351886	0.70843
0.899826	0.375521	0.225744
0.416716	0.260097	0.888363
0.987115	0.157645	0.0988986
0.829877	0.278928	0.509244
0.593756	0.522145	0.66819
0.0914561	0.420493	0.921739
0.0389157	0.538796	0.854491
0.673621	0.097816	0.739993
0.385208	0.850281	0.412386
0.209725	0.970405	0.16095
0.640317	0.41109	0.651234
0.85369	0.286932	0.449841
0.805093	0.213618	0.569079
0.312831	0.65406	0.711271
0.427285	0.535814	0.745036
0.0941688	0.82515	0.567409
0.831806	0.18438	0.538442
0.644184	0.770183	0.0799556
0.616021	0.0814333	0.800756
0.114112	0.451282	0.898637
0.874574	0.385122	0.299699
0.732408	0.637544	0.245442
0.00510612	0.17687	0.989279
0.153819	0.263261	0.955971
0.015907	0.48019	0.883261
0.725732	0.632342	0.282261
0.638162	0.774023	0.0798845
0.293336	0.484279	0.82995
0.309904	0.105223	0.951283
0.449895	0.568747	0.698517
0.267493	0.42949	0.865596
0.557131	0.834973	0.042079
0.126986	0.879624	0.460078
0.482899	0.579307	0.663822
0.122331	0.897347	0.447577
0.902335	0.0483505	0.451344
0.800948	0.49586	0.379204
0.552751	0.0291042	0.848429
0.0587926	0.813995	0.579107
0.960057	0.148357	0.242448
0.527975	0.379769	0.765006
0.107392	0.980085	0.181285
0.169338	0.922033	0.35623
0.855233	0.521939	0.0208915
0.496067	0.775921	0.399857
0.785453	0.60188	0.185435
0.0319907	0.501656	0.874249
0.392673	0.16762	0.906209
0.548571	0.822143	0.191803
0.767312	0.244158	0.617063
0.680878	0.589419	0.44043
0.827544	0.0181301	0.606849
0.086661	0.950857	0.314757
0.694856	0.429754	0.583602
0.794726	0.592053	0.206365
0.0553268	0.975771	0.261788
0.296769	0.9055	0.320084
0.392938	0.867344	0.363812
0.279514	0.619752	0.751371
0.402467	0.734174	0.555936
0.541073	0.027231	0.850636
0.280165	0.356834	0.904612
0.932405	0.302114	0.26846
0.914153	0.407414	0.0475085
0.663618	0.492436	0.58382
0.227424	0.706935	0.694658
0.510811	0.839343	0.197251
0.889534	0.207464	0.458116
0.868554	0.00550444	0.504992
0.150717	0.939816	0.31066
0.684678	0.446917	0.584041
0.604072	0.552601	0.602368
0.363032	0.890365	0.295714
0.000630016	0.0666306	0.998945
0.936014	0.345828	0.108382
0.817636	0.47171	0.36301
0.041893	0.246474	0.972422
0.275559	0.319956	0.910146
0.480874	0.497353	0.727893
0.440705	0.862358	0.268219
0.814976	0.586208	0.0116108
0.965016	0.240497	0.121213
0.76424	0.464478	0.476269
0.919691	0.332571	0.293022
0.51647	0.852658	0.149431
0.61354	0.804517	2.47892e-109
0.469573	0.745705	0.480365
0.861609	0.201329	0.472161
0.270836	0.275666	0.926662
0.790499	0.594391	0.231248
0.20085	0.983319	0.0715432
0.695259	0.70766	0.133863
0.885844	0.00203789	0.470018
0.990488	0.135034	0.0529436
0.456128	0.193011	0.869777
0.807688	0.580965	0.150631
0.0197245	0.937395	0.356286
0.262717	0.344493	0.917081
0.373593	0.253584	0.900325
0.538319	0.651718	0.561276
0.925065	0.205052	0.343378
0.99414	0.0209756	0.205564
0.90535	0.240219	0.374622
0.928521	0.205819	0.336951
0.212909	0.364392	0.909653
0.212719	0.953872	0.228505
0.285488	0.338809	0.908721
0.868358	0.4993	0.0637696
0.174509	0.226862	0.96955
0.692386	0.199251	0.708394
0.381669	0.29488	0.892744
0.562397	0.647993	0.518844
0.0618234	0.19523	0.986778
0.102345	0.968846	0.258655
0.163885	0.645229	0.754907
5.1757e-17	3.50244e-17	1.0206
0.590952	0.529768	0.610041
0.486779	0.585899	0.659934
0.263141	0.10777	0.961663
0.600342	0.0215456	0.822735
0.4244	0.700412	0.575262
0.833438	0.161276	0.536484
0.515833	0.781508	0.368189
0.720862	0.589289	0.402091
0.579298	0.377181	0.729477
0.967317	0.0337299	0.268864
0.747764	0.144698	0.654929
0.566962	0.74344	0.392679
0.708615	0.100482	0.700674
0.877299	0.335176	0.365394
0.260001	0.685005	0.685109
0.255681	0.96771	0.0713505
0.586635	0.625875	0.522666
0.0802797	0.754202	0.657104
0.19952	0.889161	0.434163
0.774088	0.467522	0.452659
0.654431	0.666104	0.375098
0.535025	0.795825	0.286781
0.125429	0.899686	0.432546
0.326779	0.909719	0.276578
0.175867	0.538753	0.834077
0.481376	0.0699002	0.878699
0.376096	0.727668	0.585102
0.251812	0.330193	0.923265
0.954763	0.00258061	0.314746
0.359551	0.750081	0.587661
0.954915	0.313503	0.114289
6.12567e-17	1.0004	0
5.61578e-17	2.76358e-17	1.02216
0.449527	0.898849	0.056471
0.0295874	0.462858	0.89418
0.348374	0.805223	0.489415
0.0923837	0.625032	0.779292
0.413368	0.620007	0.692697
0.815139	0.448404	0.382071
0.787345	0.62949	0.090506
0.984262	0.180101	0.0440212
0.10838	0.770191	0.634989
0.454502	0.392909	0.804913
0.94759	0.319224	0.0681849
0.970013	0.218695	0.119718
0.755187	0.556244	0.367335
0.7423	0.118665	0.669114
0.138345	0.0956764	0.989713
0.898469	0.43328	0.132122
0.0234884	0.337044	0.945626
0.928451	0.264157	0.264592
0.770547	0.493179	0.438873
0.856685	0.130697	0.521282
0.33248	0.439487	0.850553
0.265823	0.952233	0.208679
0.535824	0.293314	0.799641
0.908984	0.300309	0.306304
0.326782	0.940763	0.141061
0.943107	0.311583	0.153397
0.794178	0.560196	0.248248
0.918171	0.00844271	0.414715
0.699057	0.361815	0.628493
0.389337	0.635266	0.68775
0.728975	0.0870953	0.682468
0.254147	0.939778	0.237895
0.438871	0.789646	0.43264
0.461185	0.871846	0.192793
0.648961	0.109391	0.759214
0.00831468	0.892979	0.464131
0.178227	0.988627	0.0304365
0.344695	0.0799894	0.937472
0.710569	0.637093	0.313831
0.524383	0.541622	0.661965
0.865297	0.494694	0.286906
0.651105	0.58366	0.496915
0.550419	0.827422	0.138331
0.722226	0.370655	0.595559
0.664674	0.7316	0.192338
0.039139	0.739201	0.677391
0.499672	0.291395	0.824235
0.192817	0.446081	0.882568
0.301102	0.868406	0.399546
0.584926	0.604155	0.556617
0.287092	0.958723	0.0223766
0.15206	0.685212	0.725822
0.205859	0.660352	0.732744
0.79947	0.0517697	0.603064
0.427031	0.240185	0.872834
0.616814	0.0288998	0.793054
0.704457	0.22812	0.711739
0.367267	0.834807	0.448791
0.96531	0.0625087	0.257271
0.73618	0.516392	0.446054
0.339924	0.883568	0.329133
0.153782	0.200704	0.969668
6.14487e-17	9.80885e-18	1.01624
0.357322	0.537147	0.769683
0.945523	0.312381	0.152873
0.749718	0.51385	0.429823
0.923995	0.176449	0.361348
0.462028	0.87344	0.184584
0.0412348	0.778784	0.632786
0.277802	0.49984	0.822308
0.808655	0.567229	0.170573
0.628371	0.744517	0.231095
0.082506	0.962506	0.272433
0.209885	0.673265	0.72246
0.374764	0.168032	0.923629
0.484399	0.23608	0.84385
0.732163	0.347145	0.595924
0.233033	0.37624	0.903703
0.505497	0.246174	0.838521
0.0218633	0.990391	0.171403
0.379205	0.878607	0.296812
0.690272	0.40484	0.622191
0.808071	0.261673	0.531532
0.740367	0.506644	0.442995
0.850515	0.162417	0.51376
0.17227	0.963741	0.2161
0.23713	0.97393	0.0625025
0.19975	0.462816	0.874842
0.311239	0.951748	0.110111
0.611819	0.528907	0.60639
0.927814	0.0190617	0.391945
0.549893	0.488051	0.689616
0.102358	0.708345	0.703247
0.398145	0.872635	0.299139
0.130536	0.171152	0.979848
0.140036	0.995156	0.0113516
0.677213	0.553402	0.502292
0.59446	0.798369	0.103311
0.478555	0.717702	0.542277
0.682235	0.648463	0.344509
0.833583	0.406261	0.407126
0.892249	0.4526	0.0796854
0.147416	0.222528	0.975293
0.702015	0.641023	0.325316
0.00675686	0.979861	0.222889
0.329719	0.949218	0.00520234
0.0531466	0.923682	0.387254
0.624334	0.460663	0.641177
0.223248	0.776643	0.612163
0.432756	0.191149	0.890579
0.822898	0.0219241	0.573274
0.779496	0.247575	0.58567
0.951448	0.194412	0.284087
0.777401	0.481381	0.416818
0.0611893	0.95723	0.311078
0.129224	0.874277	0.477348
0.23975	0.879916	0.427293
0.669725	0.211854	0.719895
0.881926	0.379576	0.280214
0.632889	0.282362	0.725661
0.164029	0.145571	0.981427
0.402272	0.929802	0.0715018
0.49006	0.255661	0.836425
0.643385	0.719996	0.284742
0.353201	0.479962	0.811915
0.102331	0.351426	0.933433
0.570898	0.132482	0.817779
0.36319	0.533791	0.770268
0.295895	0.532394	0.795268
0.659921	0.570801	0.495845
0.0200422	0.907897	0.451452
0.994898	0.00506756	0.117695
0.82848	0.570095	0.0348842
0.258599	0.529247	0.815593
0.857505	0.153242	0.505285
0.541469	0.125652	0.832686
0.51418	0.234631	0.830331
0.303588	0.26995	0.934195
0.926315	0.147821	0.351046
0.0664997	0.835875	0.553741
0.871136	0.381623	0.361474
0.267071	0.622972	0.73992
0.804391	0.25813	0.538125
0.720362	0.611374	0.340022
0.273774	0.138874	0.957645
0.604293	0.1421	0.788668
0.60178	0.269819	0.760811
0.194775	0.668108	0.728697
0.966647	0.103444	0.253092
0.527789	0.800835	0.36191
0.187229	0.889224	0.429756
0.0575926	0.851729	0.539704
0.603889	0.298007	0.750357
0.619164	0.456055	0.649736
0.693385	0.330244	0.648909
0.553265	0.576507	0.608373
0.589194	0.810632	0.00318811
0.100642	0.975226	0.215044
0.341399	0.164584	0.930382
0.686746	0.652751	0.342008
0.579135	0.545415	0.611069
0.216149	0.69336	0.714376
0.974259	0.121495	0.208808
0.066842	0.861601	0.512755
0.736877	0.409391	0.545947
0.0841394	0.815317	0.578802
0.710264	0.36483	0.620832
0.409229	2.59039e-08	0.920298
0.471265	0.334017	0.823095
0.157808	0.198427	0.972285
0.400811	0.476054	0.788453
0.322983	0.423478	0.85068
0.886429	0.460287	0.0795526
0.218332	0.913037	0.348557
0.270963	0.911083	0.32231
0.00416529	0.299914	0.955023
0.763661	0.304744	0.583996
0.731997	0.594244	0.344887
0.865718	0.0409638	0.512187
0.220539	0.0352556	0.986981
0.580415	0.339635	0.749317
0.479768	0.1365	0.869906
0.0843845	0.970911	0.232479
0.565394	0.793531	0.23568
0.999485	6.41331e-154	0.04665
0.763178	0.307541	0.584417
0.935278	0.154198	0.344721
0.821398	0.562837	0.108995
0.542819	0.840988	0.0995519
0.343144	0.4225	0.859632
0.00600738	0.452517	0.909388
0.319579	0.422434	0.867862
0.244722	0.0443211	0.969703
0.121207	0.275149	0.964125
0.566402	0.828591	0
6.28339e-17	9.75837e-19	1.02628
0.124848	0.718813	0.709347
0.615118	0.763928	0.263134
0.540881	0.801465	0.268841
0.92714	0.276426	0.286887
0.600249	0.660268	0.462783
0.263054	0.19784	0.953517
0.517693	0.346569	0.79908
0.300255	0.541538	0.793711
0.376462	0.444092	0.8135
0.91768	0.117353	0.382132
0.841646	0.463304	0.310963
0.268157	0.592025	0.781712
0.357296	0.917079	0.240112
0.557287	0.759476	0.342064
0.72037	0.599987	0.369681
0.338526	0.93117	0.184506
0.921725	0.271231	0.298648
0.694362	0.204407	0.691153
0.95969	0.286318	0.0360393
0.228289	0.348296	0.921462
0.189779	0.692106	0.698792
0.23864	0.768861	0.604484
0.551195	0.092026	0.832255
0.608566	4.40475e-05	0.814535
0.457033	0.891847	0.0274201
0.744835	0.65529	0.173683
0.780472	0.627203	0.0185176
0.490128	0.393932	0.780081
0.447641	0.784393	0.443788
0.0858376	0.0689808	0.995145
0.713784	0.317614	0.625707
0.63692	0.191321	0.752247
0.687548	0.338686	0.644013
0.096064	0.548914	0.840326
0.304829	0.38347	0.880507
0.888742	0.427892	0.232086
0.62563	0.63373	0.467199
0.327151	0.547316	0.773224
0.428584	0.0570235	0.907927
0.512173	0.749259	0.426432
0.564076	0.571379	0.599721
0.776206	0.00844583	0.659273
0.75762	0.229884	0.618112
0.234237	0.0732762	0.971495
0.438989	0.776838	0.477221
0.460087	0.329914	0.827219
0.147897	0.952264	0.277571
0.936911	0.142855	0.327849
0.273027	0.183794	0.945778
0.0560771	0.902827	0.453377
0.0489975	0.98411	0.193868
0.695836	0.710327	0.124773
0.812463	0.216633	0.558541
0.48618	0.736155	0.484992
0.790658	0.600761	0.136941
0.398019	0.912765	0.103867
0.242911	0.37179	0.902426
0.660589	0.732737	0.209618
0.349981	0.0398396	0.959594
0.842489	0.125715	0.547471
0.574879	0.81745	0.0492253
0.477735	0.884351	0.0099302
0.57671	0.58872	0.571524
0.893922	0.284265	0.349699
0.393252	0.847891	0.35959
0.941057	0.267332	0.216092
0.67322	0.299564	0.680458
0.723756	0.67793	0.16731
0.40922	0.054447	0.917092
0.679372	0.45605	0.580572
0.651582	0.108786	0.753902
0.683653	0.149155	0.717759
0.877915	0.00370143	0.488709
0.142797	0.824599	0.550785
0.861132	0.251044	0.449713
0.343931	0.788728	0.547541
0.912455	0.0826828	0.404003
0.363928	0.050891	0.938626
0.33496	0.415993	0.848594
0.822438	0.559464	0.115759
0.419582	0.517151	0.758247
0.729806	0.606062	0.36323
0.818269	0.240883	0.527177
0.111365	0.157998	0.982549
0.0129441	0.94557	0.327041
0.250049	0.366851	0.90213
0.650087	0.357033	0.673684
0.198093	0.859771	0.499364
0.366694	0.0512573	0.932499
0.504479	0.839921	0.220773
0.032095	0.181229	0.987403
0.361039	0.0838152	0.933459
0.76127	0.0955082	0.644684
2.06564e-17	5.91053e-17	1.02251
0.133003	0.959356	0.255814
0.202954	0.671366	0.730962
0.00759328	0.554691	0.841514
0.83803	0.353216	0.416922
0.0667675	0.377013	0.926681
0.171117	0.976684	0.233304
0.911496	0.258107	0.324742
0.826631	0.167009	0.541416
0.334434	0.36496	0.874334
0.579781	0.624035	0.534347
0.0178308	0.161695	0.987605
0.112963	0.282808	0.961878
0.296881	0.960259	0.0592746
0.493568	0.536233	0.686173
0.571655	0.309298	0.765245
0.831127	0.556001	0.0702028
4.09235e-17	4.58924e-17	1.00418
0.765339	0.478034	0.437325
0.668622	0.175565	0.735867
0.670261	0.619682	0.413711
0.282972	0.422004	0.865897
0.286588	0.0612842	0.967121
0.706082	0.493708	0.511085
0.902705	0.0430371	0.428843
0.921601	0.0331652	0.406644
0.155748	0.443799	0.892872
0.816748	0.571088	0.0980769
0.278309	0.304066	0.912079
0.0412312	0.663812	0.752107
0.197117	0.855534	0.506219
0.798715	0.522251	0.337694
0.382617	0.701622	0.633364
0.853258	0.0954487	0.531664
0.870091	0.504776	0.0927134
0.449449	0.895466	0.0051723
0.750053	0.0132033	0.662423
0.163949	0.612751	0.777796
0.0284295	0.788723	0.632017
0.519993	0.514927	0.702384
0.253522	0.96474	0.0950834
0.748686	0.227173	0.628843
0.526451	0.0027148	0.855796
0.106267	0.963656	0.248608
0.8016	0.235673	0.556249
0.59001	0.777935	0.218196
0.979206	0.149748	0.144527
0.0428198	0.689388	0.72737
0.414215	0.565495	0.720734
0.0424599	0.683594	0.744981
0.646801	0.740587	0.209244
0.184566	0.340917	0.927481
0.789742	0.00898681	0.637824
0.394175	0.922914	0.104111
0.995728	0.0218622	0.153181
0.208009	0.980459	0.0814805
0.15149	0.771681	0.623254
0.21861	0.703698	0.679694
0.414112	0.72564	0.584048
0.235682	0.410267	0.884479
0.0821281	0.5288	0.849332
0.0601315	0.903958	0.436274
0.214844	0.966444	0.180113
0.653605	0.559307	0.515099
0.899953	0.0429059	0.434419
0.464178	0.873641	0.177546
0.629891	0.513464	0.591778
0.755123	0.114453	0.647605
0.969026	0.137717	0.216196
0.57598	0.817163	0.0358978
0.947336	0.278878	0.165688
0.793666	0.649548	0.00175434
0.453803	0.325408	0.836169
0.865843	0.440907	0.246366
0.0701985	0.64512	0.764025
0.282813	0.404031	0.871085
0.286581	0.837562	0.496065
0.4049	0.342055	0.849268
0.0174326	0.162602	0.992817
0.316303	0.95594	0.0778387
0.762819	0.489363	0.43923
0.807469	0.359301	0.477437
0.580597	0.809761	0.103932
0.75805	0.0133441	0.656221
0.140232	0.74099	0.678031
0.49732	0.698593	0.52187
0.49893	0.874266	0.0215774
0.952108	0.313147	0.00990197
0.350951	0.937249	8.70138e-06
0.544235	0.43918	0.736995
0.734465	0.581111	0.354967
0.825066	0.209174	0.547054
0.804558	0.472415	0.385373
0.179631	0.139187	0.976242
0.696687	0.534805	0.512503
0.803633	0.598115	0.0687685
0.311932	0.807679	0.518437
0.301647	0.753633	0.593798
0.468804	0.755228	0.459663
0.178387	0.615487	0.770758
