6.03504e-17	1.65856e-17	1.02214
0.000590874	1.00747	1.34035e-248
0.0235215	0.356726	0.942481
0.0189066	0.791555	0.616417
0.932117	0.31552	0.193002
0.0904442	0.367001	0.931412
0.595978	0.278897	0.754366
0.630021	0.767716	0.179418
0.835592	0.159037	0.53286
0.817443	0.4776	0.328029
0.794037	0.21189	0.570281
0.844596	0.392126	0.369579
0.473922	0.078695	0.886807
0.0429487	0.924685	0.381115
0.523467	0.465952	0.714886
0.109611	0.960827	0.2702
0.553576	0.220255	0.806487
0.748753	0.454555	0.494679
0.421572	0.883432	0.231181
0.606089	0.402924	0.70866
0.477549	0.742863	0.476717
0.635308	0.231575	0.738378
0.923072	0.177066	0.350345
0.44337	0.127569	0.893745
0.659181	0.540704	0.52696
0.612633	0.620368	0.503298
0.923206	0.343395	0.201443
0.876476	0.0320218	0.48568
0.61973	0.739356	0.301971
0.467893	0.573391	0.677305
0.193833	0.164465	0.971457
0.722506	0.381301	0.633541
0.259937	0.802437	0.549047
0.2002	0.334399	0.927198
0.599461	0.758601	0.275769
0.848673	0.452862	0.292276
0.395701	0.524987	0.75784
0.677377	0.0635384	0.742913
0.0649892	0.131147	0.992324
0.543999	0.731656	0.440142
0.569198	0.199568	0.805172
0.376796	0.255774	0.892958
0.726411	0.678859	0.112591
0.517167	0.782506	0.356749
0.831569	0.530129	0.173477
0.907612	0.218521	0.372129
0.798853	0.291885	0.534432
0.195117	0.567411	0.81092
0.493726	0.861103	0.152927
0.527189	0.544873	0.653856
0.401944	0.807652	0.448106
0.809313	0.491703	0.325231
0.829914	0.183369	0.562505
0.998501	0.0521288	0.0518655
0.856319	0.483847	0.18623
0.0707403	0.998653	0.0506261
0.959638	0.273541	0.10938
0.128475	0.838179	0.531572
0.434754	0.794738	0.4332
0.891387	0.325695	0.327841
0.252497	0.819342	0.516488
0.943251	0.00732529	0.342175
0.267236	0.353756	0.905184
0.465301	0.413788	0.789605
0.204501	0.548066	0.826429
0.919097	0.0865123	0.390003
0.335303	0.745821	0.586276
0.586676	0.673054	0.464133
0.231718	0.950005	0.245703
0.368876	0.188153	0.917183
0.318854	0.112074	0.950039
0.638982	0.668773	0.481984
0.747	0.666497	0.0259864
0.137881	0.779423	0.616218
0.624209	0.561089	0.546334
0.26886	0.701428	0.660837
0.138778	0.507235	0.861156
0.356867	0.435544	0.848252
0.264178	0.421843	0.876368
0.739035	0.657833	0.159031
0.464524	0.84916	0.253927
0.870121	0.287862	0.410796
0.823127	0.40783	0.397781
0.408659	0.242969	0.88665
0.412738	0.692051	0.605672
0.69092	0.0624924	0.720995
0.123519	0.385852	0.91563
0.11286	0.376324	0.923348
0.579538	0.813558	0.0579272
0.705946	0.714859	0.0679305
0.391264	0.827958	0.419091
0.711118	0.0642721	0.712657
0.99077	0.0199031	0.165399
0.156421	0.329875	0.933091
0.627637	0.500698	0.608472
0.71404	0.68717	0.211785
0.191539	0.658433	0.732641
0.45441	0.308459	0.838404
0.485315	0.757508	0.452793
0.560447	0.71774	0.439611
0.150804	0.985223	0.104301
0.883757	0.46838	0.0275789
0.290661	0.10535	0.961285
0.297729	0.592236	0.76793
0.687338	0.361383	0.645244
0.325836	0.917113	0.239642
0.793128	0.203683	0.578074
0.533759	0.697535	0.51055
0.775166	0.63332	0.0276006
0.867192	0.289903	0.409839
0.332384	0.0414252	0.946459
0.572129	0.267737	0.780103
0.142139	0.482189	0.871619
0.682136	0.444226	0.594068
0.222236	0.902587	0.38973
0.761094	0.519487	0.392691
0.655132	0.584529	0.489476
0.160676	0.0313725	0.989464
0.787625	0.478527	0.406126
0.0781287	0.307676	0.952965
0.385879	0.621812	0.685685
0.707926	0.144374	0.708259
0.826015	0.328653	0.462587
0.708098	0.580829	0.41688
0.38164	0.609408	0.702229
0.579722	0.489025	0.669807
0.308901	0.86393	0.402918
0.432043	0.907639	0.0766707
0.75088	0.177648	0.640111
0.903285	0.418061	0.139694
0.363613	0.00236874	0.960172
0.646657	0.0805931	0.76769
0.115264	0.384338	0.920346
0.529402	0.602341	0.603579
0.501351	0.614394	0.614529
0.988233	0.0879459	0.153699
0.318321	0.0235465	0.96099
0.343129	0.480481	0.814604
0.729352	0.264159	0.642603
0.238795	0.94039	0.258518
0.213307	0.140601	0.976321
0.320813	0.654492	0.689123
0.447979	0.900152	0.0346016
0.622501	0.298496	0.726389
0.997868	0.0947887	0.0202453
0.246204	0.977102	0.0111198
0.283972	0.43385	0.856697
0.546383	0.141003	0.832391
0.432683	0.447197	0.789069
0.85128	0.438959	0.297539
0.656123	0.303669	0.722356
0.237856	0.953285	0.229403
5.82238e-17	0.950867	0.317132
0.173429	0.249958	0.955676
0.536043	0.609625	0.596185
0.89555	0.419086	0.170973
0.00776135	0.19837	0.986827
0.461621	0.249253	0.85909
0.221311	0.97884	0.0431342
0.652217	0.344414	0.697545
0.373248	0.895228	0.279279
0.334209	0.295659	0.898183
0.788768	0.615904	0.0949648
0.426264	0.34965	0.834978
0.724056	0.646026	0.250942
0.766016	0.522847	0.380106
0.346741	0.902381	0.27139
0.481377	0.879966	0.0487109
0.963575	0.0928064	0.268473
0.180434	0.621067	0.764351
0.00944093	0.871072	0.556624
0.719102	0.705052	0.0366548
0.950173	0.0136466	0.317575
0.0886168	0.835135	0.546727
0.804195	0.545896	0.242472
0.355856	0.633919	0.687309
0.0522837	0.599598	0.805981
0.164162	0.163052	0.982644
0.28555	0.94836	0.146674
0.15229	0.893272	0.464876
0.98047	0.110678	0.176668
0.852541	0.237935	0.483134
0.245082	0.0442993	0.978114
0.621651	0.421984	0.66252
0.962324	0.273536	0.0914577
0.481272	0.140262	0.868378
0.189471	0.550991	0.823154
0.976957	0	0.217568
0.0589832	0.311975	0.953147
0.763287	0.642147	0.225999
0.483366	0.749541	0.454018
0.312062	0.87277	0.380328
3.82498e-17	4.97089e-17	1.02432
0.000834663	1.00607	1.47354e-18
0.497999	0.0131537	0.877251
0.890403	0.455687	0.0462521
0.158813	0.596091	0.795174
0.645971	0.102538	0.758651
0.653388	0.0332478	0.758853
0.930332	0.148907	0.339135
0.409699	0.530198	0.744879
0.371619	0.329604	0.870683
0.63852	0.769983	0.0840611
0.123231	0.97439	0.214688
0.253099	0.715552	0.67334
0.851305	0.340773	0.403245
0.0194412	0.748527	0.695511
0.346977	0.0825848	0.935862
0.86783	0.224485	0.457126
0.388296	0.504795	0.784888
0.739441	0.669301	0.0969321
0.705491	0.231326	0.690785
0.183271	0.569845	0.802202
0.69668	0.642733	0.33298
0.0334372	0.938077	0.354201
0.960124	0.073202	0.2731
0.356387	0.916915	0.186057
0.841345	0.427044	0.376974
0.93853	0.242997	0.259189
0.88638	0.370504	0.298817
0.236648	0.476991	0.851889
0.109607	0.994043	0.0350017
0.0387075	0.171909	0.991078
0.0905521	0.776653	0.633628
0.552911	0.801246	0.270738
0.446843	0.11808	0.894069
0.0528364	1.00248	2.82274e-05
0.87604	0.226609	0.447291
0.644807	0.51848	0.576213
0.718434	0.0429745	0.702569
0.816937	0.430654	0.39509
0.320159	0.62909	0.725671
0.325944	0.93325	0.167751
0.517754	0.706892	0.489174
0.415207	0.907764	0.134217
0.655815	0.543623	0.527865
0.218513	0.978921	0.0154646
0.946871	0.315774	0.07506
0.00920891	0.310191	0.953426
0.353907	0.0842342	0.933681
0.725535	0.325692	0.612406
0.407465	0.830711	0.425685
0.398753	0.756537	0.524811
0.926062	0.36173	0.162525
0.548267	0.219468	0.808216
0.113997	0.809693	0.583283
0.0390141	0.179701	0.986574
0.679305	0.461857	0.57636
0.843137	0.493097	0.238295
0.523845	0.822449	0.236822
0.102063	0.206337	0.977234
0.499257	0.783974	0.381782
0.0616627	0.280687	0.962016
0.590308	0.790758	0.173823
0.150735	0.903636	0.423582
0.299124	0.949297	0.138113
0.271821	0.85237	0.453239
0.507416	0.491343	0.71586
0.152414	0.98842	0.0541294
0.908163	0.186213	0.385438
0.826878	0.553995	0.110501
0.384394	0.195738	0.903627
0.204733	0.79498	0.617931
0.286079	0.889504	0.365494
0.590135	0.804873	0.121844
0.570407	0.711987	0.416095
0.26359	0.926694	0.287413
0.859567	0.405797	0.346822
0.680235	0.537902	0.504928
0.0250412	0.964139	0.279082
0.296704	0.0629817	0.974812
0.668479	0.450383	0.606475
0.177054	0.286336	0.947525
0.265144	0.89563	0.370001
0.225147	0.969817	0.104686
0.629339	0.135965	0.776312
0.0553496	0.956004	0.294367
0.541289	0.437387	0.73066
0.20099	0.929752	0.321725
0.730853	0.674259	0.138777
0.966779	0.0632535	0.253677
0.25506	0.719057	0.668898
0.379704	0.350302	0.862085
0.230679	0.276128	0.944087
0.334694	0.809725	0.568857
0.755078	0.659957	0.00522776
0.661954	0.760701	0.032921
0.800189	0.583675	0.203263
0.0678121	0.960922	0.286329
0.768289	0.64659	0.00523467
0.7833	0.0383548	0.630642
0.615367	0.619134	0.49858
0.774596	0.637033	0.069319
0.972794	0.210167	0.143812
0.684208	0.72222	0.12649
3.48065e-17	5.14799e-17	1.01486
0.278708	0.441765	0.856814
0.159383	0.257759	0.968477
0.397638	0.869214	0.313038
0.393974	0.762907	0.523201
0.831074	0.547685	0.110501
0.641756	0.409915	0.658144
0.713926	0.658643	0.254455
0.198892	0.399642	0.907567
0.994061	0.130096	4.57292e-05
0.988344	0.0483949	0.18847
0.809305	0.263397	0.552573
0.530108	0.650378	0.563861
0.0972678	0.152738	0.98986
0.669577	0.624221	0.445283
0.760533	0.412445	0.514232
0.861277	0.437161	0.307168
0.215941	0.967398	0.137544
0.626668	0.156377	0.778951
0.361704	0.883332	0.302974
0.708192	0.728191	0.0795753
0.803376	0.217251	0.56164
0.665568	0.513783	0.557463
0.604365	0.741483	0.319146
0.717739	0.509801	0.478067
0.163274	0.612834	0.782729
0.723851	0.696813	0.124455
0.534874	0.667634	0.537107
0.0339687	0.677217	0.741484
0.193928	0.955782	0.223973
0.896766	0.378059	0.242416
0.506203	0.139246	0.858264
0.611503	0.787393	0.248226
0.490249	0.2714	0.844771
0.411904	0.105332	0.909945
0.436286	0.0115237	0.904167
0.0928652	0.642081	0.764521
0.573425	0.589618	0.594714
0.0758855	0.166056	0.98571
0.247423	0.90526	0.360671
0.902012	0.38027	0.228956
0.135917	0.832043	0.547368
0.830768	0.559861	0.0222166
0.620573	0.445652	0.647853
0.533381	0.693174	0.533865
0.563033	0.690774	0.463906
0.0214417	0.334102	0.949371
0.588058	0.0762889	0.820962
0.561876	0.689353	0.464794
0.425219	0.271515	0.884324
0.307785	0.507078	0.814131
0.240779	0.485318	0.844923
0.650278	0.46802	0.602822
0.751154	0.608463	0.258559
0.472654	0.614462	0.638763
0.919287	0.354168	0.202176
0.43992	0.891653	0.201287
0.171332	0.615874	0.772022
0.142586	0.387048	0.924128
0.00135334	0.812278	0.588122
0.776251	0.638393	0.0687629
0.611864	0.795439	0.146843
0.793392	0.252208	0.56183
0.574067	0.48287	0.664965
0.269302	0.83734	0.479046
0.222323	0.282364	0.942983
0.981754	0.132159	0.153317
0.376291	0.244592	0.90028
0.586561	0.719639	0.412087
0.0734208	0.575123	0.822329
0.523005	0.732323	0.446278
0.916075	0.386199	0.161138
0.246069	0.158606	0.956985
0.544706	0.740424	0.438649
0.849771	0.297229	0.446451
0.244585	0.303543	0.925781
0.591236	0.714315	0.397483
0.469182	0.609949	0.64253
0.310216	0.960895	3.15618e-18
0.358863	0.864153	0.37311
0.353537	0.294254	0.890757
0.363858	0.178575	0.918329
0.834012	0.486838	0.30189
0.510487	0.312332	0.816134
0.364503	0.933882	0.0819224
0.787094	0.605328	0.15698
0.525997	0.272424	0.826762
0.647412	0.417214	0.650724
0.69041	0.728767	0.125726
0.984657	0.0383565	0.193931
0.337733	0.893472	0.353911
0.322252	0.367591	0.884915
0.778985	0.388931	0.517507
0.00543441	0.78897	0.619955
6.05856e-17	1.06832e-17	1.0047
0.962996	0.226561	0.15989
0.357544	0.915389	0.209698
0.965299	0.197127	0.183735
0.532332	0.535226	0.656743
0.182739	0.279414	0.946912
0.734441	0.58465	0.348211
0.551063	0.0555202	0.845814
0.844259	0.360063	0.410596
0.261986	0.5933	0.767913
0.198248	0.8581	0.503264
0.502109	0.247286	0.843085
0.742582	0.67217	0.0916996
0.520646	0.335775	0.796993
0.350148	0.784525	0.518793
0.744483	0.399532	0.577758
0.408367	0.0500294	0.915412
0.478427	0.731532	0.497449
0.195468	0.639459	0.744409
0.835825	0.539959	0.101724
0.568973	0.663796	0.493299
0.565436	0.274052	0.784802
0.894177	0.12906	0.453381
0.131982	0.063719	0.995126
0.755015	0.386	0.532214
0.422946	0.645915	0.640855
0.0785091	0.680153	0.737036
0.725743	0.508474	0.471623
0.70947	0.497073	0.50655
0.903655	0.0274055	0.444072
0.176915	0.097905	0.984867
0.866135	0.479321	0.148705
0.328647	0.158666	0.934428
0.885013	0.365379	0.369332
0.798764	0.602608	0.00659782
0.484411	0.353552	0.80569
0.784071	0.298808	0.5658
0.915701	0.180123	0.368136
0.657397	0.120484	0.744678
0.946542	0.216873	0.271969
0.85811	0.178899	0.483308
0.264614	0.606966	0.757977
0.273622	0.627106	0.753097
0.209527	0.600917	0.78016
0.610087	0.738258	0.292724
0.254869	0.867158	0.429817
0.0511251	0.558752	0.831742
0.507036	0.0414664	0.870834
0.680083	0.44596	0.619294
0.383528	0.552878	0.741249
0.301899	0.941785	0.198337
0.143958	0.819952	0.560023
0.413384	0.880187	0.240036
0.542112	0.827904	0.152365
0.470285	0.578937	0.672758
0.97158	0.129187	0.224177
0.0862431	0.94509	0.32269
0.496353	0.8164	0.303447
0.31786	0.95308	0.0382081
0.780061	0.546531	0.315534
0.974677	0.203201	0.123877
0.643644	0.750912	0.154226
0.704088	0.702343	0.106806
0.276783	0.403081	0.876538
0.756471	0.189965	0.635443
0.00100916	0.996583	0.189249
0.836519	0.111994	0.548468
0.0442623	0.71145	0.703132
0.546754	0.747092	0.388969
0.8073	0.293071	0.518329
0.226829	0.843553	0.54067
0.858538	0.266201	0.458434
0.597602	0.803704	0.0448732
0.367752	0.341302	0.87965
0.427539	0.653723	0.632652
0.361923	0.137928	0.924202
0.446611	0.719316	0.554291
0.848148	0.51758	0.122873
0.215536	0.00284544	0.990666
0.429339	0.281536	0.866682
0.927373	0.164939	0.356581
0.437883	0.617413	0.661965
0.0397243	0.896284	0.455555
0.605712	0.3181	0.729664
0.213209	0.152425	0.967149
0.675368	0.38248	0.63903
0.370216	0.876538	0.314639
0.506769	0.247909	0.828003
0.761875	0.367822	0.545029
0.63442	0.066669	0.776922
0.527733	0.487803	0.708862
0.221845	0.109257	0.977891
0.654762	0.290151	0.716771
0.251901	0.889763	0.400018
0.794754	0.0291496	0.612538
0.826138	0.467865	0.334645
0.919877	0.145962	0.395675
0.715511	0.695207	0.0891037
0.335743	0.306845	0.890977
0.287274	0.957668	0.0668847
0.687294	0.450689	0.597781
0.866792	0.0910882	0.500344
0.471125	0.326398	0.825238
0.325321	0.325883	0.902013
0.314432	0.746231	0.591982
0.10053	0.41651	0.909867
0.512859	0.499741	0.69836
0.172252	0.981107	0.120022
0.635541	0.723563	0.278647
0.39317	0.597025	0.705137
0.013728	0.970831	0.249201
0.109258	0.831314	0.581554
0.0933186	0.844972	0.53356
0.28791	0.0136529	0.960504
0.437528	0.619118	0.663003
0.303138	0.929149	0.243536
0.767308	0.644278	0.0247988
0.269617	0.846304	0.463807
0.661079	0.430963	0.624295
0.307392	0.0323028	0.957234
0.0680689	0.990337	0.139864
0.151626	0.903886	0.419319
0.702052	0.71051	0.107273
0.772547	0.574813	0.299047
0.627926	0.395563	0.681036
0.868364	0.372099	0.338521
0.122022	0.216846	0.978346
0.789467	0.147857	0.599407
0.345163	0.939644	6.85389e-06
0.825638	0.568034	0.030738
0.924807	0.0971848	0.380989
0.00623449	0.869154	0.495765
0.511717	0.777039	0.379015
0.376187	0.900885	0.231792
0.875446	0.378666	0.306709
0.992836	0.132014	0.0685521
0.723747	0.329802	0.608345
0.463102	0.789682	0.418835
0.163883	0.828753	0.555434
0.823372	0.464741	0.361396
0.739548	0.571053	0.362826
0.486578	0.260153	0.837129
0.112936	0.985856	0.138134
0.0278415	0.965326	0.267269
0.24582	0.478162	0.851589
0.68406	0.687778	0.255624
0.402117	0.46834	0.803671
0.602078	0.761881	0.249503
0.581787	0.105471	0.810746
0.0175848	0.903152	0.432663
0.620227	0.742955	0.280026
0.83126	0.529146	0.18941
0.881689	0.472569	0.0414327
0.806896	0.50419	0.320791
0.453079	0.314699	0.836962
0.15437	0.329727	0.932203
0.810389	0.522636	0.29495
0.268899	0.442284	0.857558
0.925881	0.16969	0.33935
0.294438	0.921036	0.261884
0.0370403	0.56525	0.843793
0.433884	0.139115	0.892551
0.85414	0.521236	0.0222044
0.921082	0.392019	0.0856949
0.654457	0.159932	0.742169
0.130576	0.407699	0.909077
0.0189398	0.260553	0.969254
0.529553	0.774722	0.347602
0.245136	0.940866	0.286869
0.986371	0.178817	0.0498091
0.818833	0.42673	0.430546
0.256738	0.492483	0.841361
0.38023	0.623922	0.692814
0.66834	0.000797216	0.744671
0.811916	0.0297791	0.59375
0.575878	0.104399	0.814609
0.416586	0.852101	0.319785
0.0333157	0.96781	0.26227
0.389405	0.20638	0.900552
0.326685	0.31084	0.896756
0.238406	0.798489	0.559542
0.921315	0.172035	0.358247
0.364477	0.0751433	0.929925
0.696185	0.659884	0.319532
0.290241	0.91104	0.299996
0.824277	0.531592	0.233875
0.251601	0.96568	0.0793323
0.639204	0.0524495	0.77321
0.146047	0.496907	0.856408
0.442622	0.431921	0.788631
0.340013	0.940128	0.0650259
0.787933	0.300279	0.561036
0.699662	0.682422	0.226185
3.74982e-33	6.12392e-17	1.00011
4.78668e-17	4.23325e-17	1.04357
0.716941	0.545792	0.445475
0.803697	0.137714	0.580561
0.182091	0.169124	0.978183
0.477188	0.357814	0.804036
5.99081e-17	2.14604e-17	1.03925
5.26616e-17	3.18392e-17	1.005
0.317328	0.939622	0.150511
0.946303	0.324276	0.0304729
0.121614	0.931889	0.349238
0.542332	0.603248	0.594386
0.140921	0.995869	0.0100122
0.1933	0.637642	0.749557
0.287677	0.777155	0.567608
0.740728	0.0731775	0.669295
0.230783	0.682928	0.704642
0.808353	0.592746	0.046798
0.446127	0.37687	0.814589
0.385938	0.20178	0.900611
0.587937	0.271944	0.765899
0.166766	0.46706	0.876536
0.332204	0.78261	0.533953
0.580357	0.0250502	0.819644
0.881271	0.441329	0.203381
0.562526	0.633213	0.553479
0.350725	0.712206	0.623401
0.493069	0.491418	0.723761
0.204326	0.814908	0.54561
0.0578463	0.979967	0.212692
0.596363	0.663341	0.461865
0.260753	0.242185	0.942886
0.176444	0.924413	0.372636
0.581026	0.80666	0.145933
0.711996	0.363408	0.612777
0.765892	0.417774	0.5219
0.247601	0.219032	0.960425
0.669562	0.335576	0.681309
0.990254	0.128165	0.0809943
0.0041544	0.353725	0.940204
0.732954	0.581351	0.385491
0.77684	0.60928	0.16577
0.611371	0.801045	0.0594705
0.177291	0.666259	0.739205
0.460619	0.790039	0.425377
0.757006	0.585433	0.297327
0.467956	0.825249	0.317137
0.376664	0.397138	0.845607
0.7934	0.268488	0.547346
0.966781	0.254675	0.142032
0.895105	0.454537	0.0753739
0.437361	0.880451	0.188309
0.0531214	0.907576	0.449469
0.838633	0.283795	0.471869
0.0687203	0.246929	0.969466
0.551544	0.101245	0.830896
0.746746	0.534024	0.401222
0.868054	0.0835403	0.490406
0.370691	0.925594	0.0911854
0.329416	0.855049	0.411364
0.42173	0.211366	0.894992
0.963269	0.290473	0.123031
0.0140932	0.771905	0.652499
0.348934	0.182111	0.921333
0.868999	0.434119	0.293463
0.708428	0.0541787	0.71291
0.635786	0.648031	0.4309
0.440053	0.295636	0.855796
0.74355	0.0345401	0.671952
0.670224	0.726463	0.177313
0.519384	0.175761	0.838976
0.416323	0.366395	0.834684
0.860472	0.479232	0.182224
0.228144	0.570813	0.793089
0.974626	0.257727	0.0307107
0.456604	0.888991	0.12613
0.3401	0.177501	0.93055
0.115186	0.970961	0.226814
0.651566	0.315577	0.692229
0.574777	0.11074	0.825074
0.737473	0.671828	0.103649
0.0192266	0.961898	0.34106
0.408081	0.88705	0.223067
0.152075	0.960925	0.245632
0.526992	0.846621	0.114482
0.112347	0.154332	0.984631
0.255241	0.943594	0.216495
0.138981	0.276892	0.953056
0.235744	0.589828	0.774479
0.428007	0.00626336	0.910204
0.0667395	0.947035	0.332542
0.381501	0.898745	0.225606
0.846862	0.192456	0.517718
0.935313	0.121055	0.336497
0.620769	0.735074	0.290661
0.130713	0.514624	0.85713
0.785389	0.404109	0.480867
0.215278	0.631707	0.750777
0.467825	0.252318	0.85031
0.564538	0.391872	0.729172
0.702485	0.0589797	0.719297
0.853727	0.533529	0.0501016
0.685913	0.380557	0.641318
0.296459	0.275348	0.917492
0.533042	0.620644	0.599468
0.606446	0.523021	0.60808
0.028521	0.551731	0.836437
0.158268	0.958875	0.25905
0.958682	0.149573	0.254716
0.352702	0.937533	0.0689087
0.833016	0.281895	0.482507
0.199599	0.745989	0.637298
0.577857	0.587843	0.571151
0.900645	0.30478	0.313336
0.724278	0.659422	0.21949
0.950838	0.0891805	0.322357
0.706979	0.704611	0.0947595
0.395707	0.47173	0.798123
0.482701	0.262326	0.836964
0.568072	0.242121	0.788613
0.00915241	1.00393	0.0136424
0.910318	0.45476	0.000280206
0.0778612	0.107431	0.99175
0.591897	0.160106	0.794813
0.75351	0.611214	0.26662
0.600244	0.456953	0.660687
0.217035	0.20114	0.963749
0.507831	0.518987	0.68797
0.659905	0.734027	0.177944
0.806673	0.561746	0.194559
0.904619	0.166058	0.420904
0.8897	0.16332	0.439906
0.85706	0.194774	0.494919
0.281044	0.56577	0.783107
0.287831	0.868817	0.433203
0.381224	0.187027	0.907292
0.428283	0.214479	0.883523
0.667212	0.751053	0.0188042
0.629553	0.576393	0.528066
0.692213	0.556141	0.469534
0.0768423	0.410598	0.915191
0.302734	0.870441	0.394697
0.789746	0.238147	0.583382
0.887713	0.462012	0.100665
0.357146	0.35606	0.866707
0.953784	0.148809	0.28784
0.488621	0.0467692	0.87341
0.875939	0.447061	0.194645
0.326034	0.904982	0.279893
0.359617	0.920596	0.224761
0.891964	0.0130528	0.462758
0.769762	0.0662193	0.642677
0.430212	0.873617	0.231034
0.919871	0.420663	0.0254099
0.697413	0.364628	0.622656
0.91736	0.413567	0.115519
0.00901395	0.988741	0.20059
0.238134	0.919764	0.319975
0.0424884	0.126197	0.995321
0.646655	0.315663	0.703391
0.617144	0.113287	0.781675
0.449718	0.733989	0.525125
0.926615	0.0915416	0.365491
0.278369	0.816838	0.51336
0.531926	0.226715	0.818296
0.749484	0.635092	0.239843
0.400003	0.249978	0.887727
0.986821	0.115893	0.117833
0.673595	5.02228e-05	0.757767
0.440649	0.86367	0.36031
0.284284	0.908778	0.330705
0.571577	0.652829	0.503664
0.8238	0.278776	0.508879
0.488094	0.639522	0.605165
0.641434	0.475987	0.603779
0.531915	0.484896	0.69653
0.424583	0.0365929	0.907413
0.817032	0.500416	0.301794
0.394469	0.118952	0.924341
0.543761	0.848775	0.0402516
0.113889	0.0140694	0.99398
0.269537	0.769094	0.589644
0.305633	0.922553	0.28522
0.419124	0.511128	0.759189
0.556963	0.586978	0.610457
0.528164	0.848502	0.10573
0.457793	0.233648	0.859594
0.665921	0.322529	0.681891
0.197723	0.794369	0.59259
0.315888	0.926934	0.246882
0.0503687	0.853289	0.540016
0.849751	0.530602	0.0835974
0.701656	0.708115	0.171855
0.373163	0.75777	0.536605
0.612363	0.311636	0.729048
0.436577	0.751594	0.499543
1.00001	0	0
5.42188e-17	3.28798e-17	1.03555
6.12535e-17	1.00035	0
0.26856	0.739289	0.627946
0.68573	0.351922	0.639394
0.194133	0.91143	0.37194
0.918677	0.00982236	0.397598
0.124938	0.698871	0.728357
0.762616	0.0460822	0.686866
0.694344	0.651193	0.31258
0.304066	0.569447	0.766033
0.0706851	0.949517	0.315821
0.711247	0.706985	0.00147842
0.735815	0.557963	0.395115
0.904364	0.394756	0.183574
0.329945	0.152067	0.948811
0.454278	0.541515	0.732145
0.463681	0.774724	0.432017
0.626921	0.728167	0.295
0.954175	0.143383	0.286696
0.845913	0.527164	0.0969571
0.310391	0.36072	0.88119
0.227782	0.974857	0.146508
0.501475	0.506361	0.707943
0.997713	0.00190465	0.0918908
0.835618	0.435755	0.356236
0.0841301	0.461544	0.889804
0.731116	0.413823	0.551375
0.63976	0.754075	0.199897
0.885059	0.450162	0.210855
0.28948	0.836795	0.476346
0.776955	0.626366	0.203536
0.236089	0.576035	0.795247
0.656792	0.43402	0.618696
0.206674	0.979623	0.0771703
0.797835	0.606021	0.0156455
0.164978	0.19292	0.972478
0.508151	0.330047	0.805478
0.10208	0.062677	0.994512
0.311027	0.856633	0.42422
0.215608	0.0323992	0.981211
0.275514	0.869416	0.412013
0.25607	0.880939	0.414442
0.754489	0.0522406	0.674129
0.0131046	0.164444	0.993423
0.447496	0.0673483	0.892123
0.606683	0.796394	0.0617495
0.222157	0.867207	0.451439
0.039975	0.984969	0.199266
0.611438	0.559277	0.567346
0.922836	0.0857235	0.386236
0.733149	0.675845	0.115244
0.0559263	0.995106	0.120417
0.344281	0.840013	0.441833
0.00282531	0.477336	0.905349
0.531115	0.659804	0.559589
0.157734	0.644391	0.752124
6.29359e-17	4.4789e-184	1.02782
0.352368	0.0387519	0.935621
0.285169	0.2295	0.932801
0.139195	0.756946	0.658136
0.824507	0.265026	0.532478
0.753407	0.101213	0.651955
0.0497198	0.999944	0.0373714
0.115898	0.285291	0.955639
0.934472	0.368602	0.0558656
0.812194	0.272039	0.536969
0.504005	0.844585	0.222251
0.645054	0.0968118	0.776119
0.941133	0.341573	0.0487116
0.128796	0.0857781	0.989545
0.788405	0.241566	0.573286
0.518869	0.72187	0.46566
0.579199	0.760316	0.299151
0.753502	0.661378	0.0250716
0.223236	0.767485	0.615565
0.599908	0.172178	0.783446
0.157287	0.942628	0.305695
0.380076	0.588048	0.735602
0.0985937	0.98705	0.165824
0.522605	0.719906	0.47498
0.585597	0.621276	0.523409
0.661904	0.0996169	0.74534
0.967893	0.131234	0.243006
0.184457	0.245925	0.954026
0.681815	0.525227	0.512758
0.288619	0.883425	0.380427
0.377652	0.521082	0.774925
0.832296	0.00396087	0.557603
0.366457	0.534048	0.779914
0.782398	0.582924	0.229487
0.970171	0.205789	0.158588
0.8677	0.130589	0.486357
0.690048	0.0252878	0.760102
0.327254	0.373257	0.877632
6.19681e-17	6.60547e-151	1.01202
0.96382	0.121918	0.2433
0.98451	0.0188317	0.181649
0.981427	0.149144	0.176046
0.674243	0.4447	0.612916
0.747725	0.382944	0.551359
0.200241	0.856989	0.501364
0.382924	0.691659	0.621324
0.0659374	0.198742	0.980568
0.38702	0.877621	0.333165
0.0619935	0.218563	0.977272
0.369237	0.923728	0.114029
0.793267	0.5941	0.15203
0.313711	0.677832	0.671492
0.488958	0.31758	0.821423
0.705502	0.448429	0.572353
0.203798	0.337806	0.922644
0.334976	0.221358	0.917961
0.541693	0.306516	0.793934
0.145999	0.325126	0.940661
0.54887	0.635369	0.554704
0.281011	0.493033	0.834323
0.347167	0.406207	0.848704
0.051845	0.96617	0.275301
0.355996	0.598518	0.732279
0.325186	0.89055	0.335756
0.60318	0.801555	0.032663
0.415202	0.90154	0.17774
0.00828173	0.967649	0.349039
0.481588	0.302507	0.824542
0.400477	0.905044	0.168757
0.557976	0.019099	0.830772
0.205727	0.977794	0.0784065
0.476399	0.421173	0.789524
0.461475	0.260267	0.866592
0.94906	0.0741252	0.326312
0.990151	0.14882	1.61143e-11
0.618735	0.7905	0.0326858
0.278187	0.961348	0.00777073
0.431215	0.491831	0.75964
0.242841	0.961037	0.149996
0.422023	0.165662	0.896215
0.154918	0.869625	0.471733
0.973648	0.143634	0.190421
0.397345	0.059172	0.917045
0.404894	0.781	0.493685
0.321948	0.41307	0.865398
0.524734	0.112022	0.852213
0.0188129	0.426949	0.91011
0.194694	0.322941	0.929874
0.199525	0.228945	0.956303
0.742231	0.321089	0.604178
0.48666	0.813831	0.319606
0.857141	0.533145	0.0410243
0.173719	0.971471	0.183596
0.0334392	0.603271	0.80268
0.92878	0.26706	0.267161
0.126569	0.212746	0.975019
0.527246	0.346544	0.787231
0.515878	0.599526	0.617325
0.752357	0.385317	0.544466
0.642058	0.641247	0.426709
0.423783	0.892639	0.191937
0.0102118	0.803111	0.59934
0.438131	0.488744	0.761548
0.218078	0.0943404	0.979989
0.769991	0.58782	0.258644
0.863464	0.458771	0.220949
0.471142	0.470547	0.7485
0.455331	0.793894	0.437912
0.806069	0.246978	0.542253
0.0920737	0.818606	0.576014
0.0910471	0.499491	0.874119
0.591719	0.793463	0.156601
0.480036	0.562819	0.676939
0.580348	0.123813	0.811168
0.130822	0.517723	0.848835
0.439879	0.227283	0.872868
0.0238535	0.426935	0.910617
0.416017	0.895768	0.191846
0.631371	0.725786	0.307001
0.809202	0.596015	0.0479242
0.0290702	0.807202	0.593839
0.221553	0.781103	0.589536
0.710587	0.105677	0.698656
0.174663	0.979871	0.13643
0.879469	0.46363	0.136276
0.842593	0.525023	0.129827
0.193177	0.906942	0.382885
0.853386	0.0707801	0.551571
0.862274	0.454565	0.251127
0.596476	0.804956	0.0206972
0.670015	0.464525	0.582977
0.245938	0.0776389	0.967978
0.267319	0.18209	0.955524
0.144128	0.482911	0.872128
0.489726	0.686168	0.542219
0.546013	0.51208	0.666012
0.857771	0.504263	0.108224
0.278813	0.931159	0.264159
0.609018	0.811934	0.00207869
3.74982e-33	6.12392e-17	1.00011
6.16462e-17	5.68382e-23	1.00676
0.00171012	1.00598	1.05197e-05
0.0675824	0.89031	0.453631
0.971892	0.150126	0.196188
0.917377	0.390427	0.103243
0.354922	0.520643	0.784041
0.32613	0.901775	0.34341
0.469222	0.82941	0.328911
0.0634616	0.0995774	0.996866
0.495232	0.508807	0.708824
0.98506	0.116364	0.13445
0.182646	0.869762	0.467505
0.699377	0.59989	0.396878
0.423221	0.748098	0.514912
0.805502	0.473386	0.367806
0.753102	0.233228	0.619256
0.0834193	0.768903	0.636586
0.383282	0.319696	0.868557
0.475655	0.777552	0.41922
0.984236	0.0924078	0.180467
0.338655	0.348281	0.874797
0.00754395	0.73439	0.690823
0.315013	0.859012	0.404917
0.0699894	0.91355	0.413059
0.715063	0.686726	0.146798
0.180953	0.877667	0.457855
0.224236	0.976392	0.142119
0.526615	0.550834	0.651362
0.607808	0.285446	0.749728
0.695562	0.627949	0.357416
0.420835	0.24696	0.880882
0.930329	0.0562493	0.3766
0.768573	0.357446	0.534474
0.78307	0.608612	0.134431
0.574199	0.819004	0.0467342
0.230316	0.974647	0.110375
0.68742	0.163082	0.717435
0.0361331	0.793111	0.623611
0.485148	0.768643	0.437808
0.539537	0.648014	0.540113
0.889053	0.268652	0.372277
0.623295	0.787853	0.167996
0.0883002	0.847535	0.525091
0.177722	0.574017	0.801001
0.135438	0.808235	0.594608
0.128297	0.579724	0.812524
0.578107	0.494874	0.672945
0.281277	0.274497	0.932841
0.460672	0.814298	0.381722
0.0410177	0.947121	0.325131
0.793609	0.0757265	0.606321
0.319212	0.460304	0.830716
0.390996	0.873855	0.29253
0.897544	0.385184	0.242708
0.116244	0.990589	0.0811983
0.804933	0.418609	0.428774
0.0156469	0.29541	0.973037
0.190081	0.801042	0.576987
0.637359	0.759983	0.165867
0.0308639	0.464153	0.886403
0.363286	0.934935	0.042269
0.0433028	0.999884	0.0535574
0.304853	0.961096	0.046223
0.0443169	0.530281	0.848205
0.810338	0.207511	0.552283
0.775827	0.0699383	0.629241
0.874069	0.4791	0.0974127
0.261113	0.967464	0.0625769
0.900045	0.442833	0.0525851
0.860191	0.447346	0.258773
0.872591	0.13996	0.482861
0.236849	0.691202	0.701657
0.141413	0.21963	0.969255
0.497272	0.398351	0.786696
0.413344	0.360133	0.841149
0.375049	0.907904	0.188761
0.910459	0.00643557	0.438549
0.747621	0.00299362	0.678827
0.211906	0.626373	0.755733
0.160046	0.938488	0.312128
0.443238	0.455836	0.772089
0.0578896	0.164037	0.986065
0.273926	0.924292	0.283975
0.867968	0.0504883	0.504463
0.749515	0.351996	0.584422
0.116661	0.994138	0.0801509
0.292349	0.797555	0.54749
0.324165	0.498556	0.806706
0.845288	0.409732	0.387638
0.286513	0.962731	0.0205212
0.547904	0.814496	0.208433
0.243184	0.0714845	0.975378
0.988129	0.0039661	0.160176
0.618972	0.695928	0.391483
0.295787	0.426526	0.859647
0.00852985	0.830366	0.572739
0.033224	0.412686	0.911371
0.591486	0.330989	0.739833
0.196699	0.172083	0.966329
0.153023	0.590794	0.794869
0.946378	0.299306	0.126458
0.13867	0.320278	0.942624
0.564023	0.538512	0.629924
0.707197	0.619899	0.37813
0.0548193	0.178709	0.983313
0.216106	0.589558	0.788408
0.735468	0.702521	0.0146048
0.796565	0.203984	0.583577
0.0951005	0.30451	0.953104
0.202464	0.850426	0.489733
0.739226	0.175246	0.659682
0.545014	0.81136	0.231288
0.515826	0.533571	0.686838
0.0270093	0.6097	0.79488
0.932147	0.195677	0.30849
0.642052	0.721878	0.284584
0.598505	0.326962	0.744412
0.508254	0.127682	0.862135
0.508756	0.423014	0.762419
0.108839	0.968905	0.226284
0.397113	0.917189	0.112846
0.953486	0.311597	0.11281
0.56027	0.223859	0.798393
0.270359	0.671683	0.698415
0.220099	0.370696	0.905317
0.647035	0.528407	0.574031
0.912097	0.185855	0.372829
0.123799	0.559799	0.828203
0.504065	0.12663	0.865075
0.865936	0.0970125	0.494707
0.517055	0.0401698	0.858922
0.585278	0.079031	0.809481
0.836631	0.253973	0.486495
0.820326	0.000646106	0.596935
0.548743	0.552612	0.63867
0.938875	0.355501	0.0278571
0.942752	0.0643626	0.347292
0.786919	0.617377	0.0366689
0.698502	0.717649	0.0721472
0.520196	0.67331	0.52845
0.630115	0.56312	0.5413
0.433942	0.0314724	0.905005
0.825863	0.485352	0.301172
0.940549	0.0478708	0.350451
0.208035	0.0307768	0.982867
0.373661	0.0356548	0.928611
0.674058	0.692535	0.270552
0.254644	0.943499	0.236212
0.365799	0.911411	0.211194
0.253707	0.381746	0.900634
0.55916	0.515916	0.666454
0.029554	0.682418	0.733609
0.21507	0.18843	0.959363
0.83217	0.543833	0.119769
0.502965	0.0414968	0.878241
0.652521	0.728034	0.226282
0.975576	0.067432	0.23748
0.991911	0.0807201	0.14118
0.759593	0.646015	0.0910147
0.884985	0.437556	0.2285
0.76261	0.648581	0.00920379
0.909148	0.432441	0.00297472
0.549417	0.659332	0.51778
0.0112525	0.143942	0.990148
0.410663	5.58414e-06	0.916687
0.656782	0.725087	0.223602
0.403931	0.404814	0.822565
0.0273859	0.632354	0.77575
0.958135	0.0190275	0.298839
0.938687	0.292039	0.211406
0.440261	0.0319307	0.903798
0.478134	0.491706	0.746671
0.848176	0.201219	0.505787
0.663136	0.748743	0.0674172
0.813148	0.407213	0.429784
0.958212	0.281838	0.110909
0.334032	0.949383	0.0464326
0.258635	0.253348	0.936707
0.830969	0.00603539	0.562329
0.577978	0.595236	0.566338
0.643179	0.256985	0.727173
0.277086	0.026015	0.960626
0.0980433	0.858936	0.517907
0.733803	0.651855	0.216554
0.0107379	0.638016	0.778593
0.203267	0.342347	0.92226
0.312436	0.450534	0.841216
0.465646	0.642931	0.615655
0.861649	0.215848	0.478642
0.10339	0.992378	0.0821712
0.557235	0.0281088	0.889351
0.72829	0.709652	0.0146017
0.717967	0.55843	0.43154
0.650191	0.144761	0.766578
0.188045	0.421789	0.890315
0.569129	0.639888	0.521198
0.310835	0.694701	0.65053
5.37117e-17	3.08236e-17	1.01136
0.00279229	1.02446	8.50961e-307
0.674398	0.53023	0.521028
0.227857	0.773702	0.624296
0.447913	0.742023	0.530239
0.521162	0.0686607	0.861047
0.181817	0.716673	0.677955
0.989788	0.164349	0.0993943
0.673096	0.728877	0.140006
0.895572	0.10408	0.445189
0.432568	0.647158	0.62887
0.314267	0.185253	0.933495
0.401925	0.175082	0.90206
0.728794	0.336838	0.605814
0.0955887	0.475446	0.892594
0.573741	0.758095	0.350301
0.353965	0.941532	0.0356303
0.498699	0.618735	0.614579
0.543847	0.249585	0.815222
0.0804936	0.988654	0.175447
0.266147	0.0314625	0.965729
0.63289	0.442442	0.648127
0.388131	0.160254	0.912899
0.16876	0.318386	0.940007
0.252199	0.543675	0.805453
0.841335	0.549161	0.0713254
0.523611	0.655387	0.589992
0.704426	0.305281	0.645298
0.0888098	0.198735	0.977489
0.385626	0.918968	0.104262
0.374969	0.882931	0.324054
0.612976	0.0416303	0.800551
0.489354	0.682255	0.547518
0.395887	0.699812	0.606027
0.373115	0.580474	0.728413
0.683624	0.731785	0.000675089
0.739216	0.599869	0.31842
0.779805	0.394386	0.499412
0.280072	0.952863	0.150868
0.698557	0.0541027	0.714637
0.200372	0.913902	0.370613
0.213188	0.846217	0.492061
0.0713999	0.96464	0.268478
0.10106	0.436193	0.901612
0.86603	0.460621	0.205234
0.750735	0.330227	0.576954
0.663204	0.709178	0.241847
0.342486	0.453477	0.840909
0.624013	0.662123	0.423443
0.819997	0.11389	0.562413
0.885626	0.373302	0.313131
0.62021	0.0421216	0.795048
0.958115	0.0518922	0.298489
0.913565	0.395917	0.120262
0.0636709	0.12505	0.995826
0.487947	0.782252	0.416089
0.332419	0.560717	0.773812
0.210451	0.965307	0.176465
0.299587	0.959219	0.0517329
0.797214	0.471023	0.402089
0.233056	0.923265	0.339541
0.78536	0.610987	0.109429
0.486149	0.859368	0.191131
0.17465	0.726606	0.669204
0.711562	0.314681	0.629319
0.18574	0.976127	0.155666
0.243968	0.818636	0.532878
0.524935	0.849809	0.0942408
0.191139	0.296112	0.949536
0.427076	0.754944	0.510881
0.967042	0.204713	0.197241
0.347403	0.69508	0.63985
0.64112	0.752579	0.17146
0.638629	0.0857108	0.765638
0.337372	0.523471	0.78608
0.152753	0.697545	0.715382
0.928509	0.232074	0.343256
0.586094	0.785223	0.220621
0.237245	0.635249	0.74345
0.455917	0.874048	0.202306
0.769413	0.316749	0.567334
0.870668	0.148518	0.485597
0.0677425	0.237959	0.973136
0.714985	0.572865	0.432742
0.210351	0.0164768	0.980994
0.0119314	1.00601	2.54908e-172
0.290831	0.931121	0.236941
0.693686	0.20958	0.698385
0.872028	0.132535	0.486547
0.361999	0.345138	0.868638
0.133152	0.138047	0.984127
0.920908	0.38571	0.120595
0.298676	0.625178	0.731997
0.734058	0.568356	0.393766
0.714097	0.499868	0.50456
0.0049606	0.901397	0.450135
0.162894	0.832252	0.538632
0.0247511	0.891904	0.461624
0.534594	0.742461	0.4112
0.891674	0.365187	0.306993
0.527888	0.0939551	0.847535
0.592379	0.0802073	0.812591
0.833684	0.407344	0.383644
0.757895	0.336216	0.572967
0.517559	0.843169	0.159067
0.406782	0.263562	0.883852
0.952615	0.142986	0.286389
0.108033	0.18067	0.978716
0.204099	0.517784	0.845248
0.193572	0.294648	0.949807
0.826445	0.493291	0.277302
0.952066	0.153432	0.286706
0.667129	0.740871	0.128581
0.0207114	0.651506	0.77102
0.64337	0.278821	0.716909
0.507013	0.667826	0.571962
0.911812	0.399737	0.126149
0.64509	0.509443	0.582997
0.803449	0.503522	0.330706
0.411862	0.835421	0.374389
0.188386	0.289554	0.955359
0.36151	0.821966	0.467957
0.0344659	0.254846	0.967367
0.339621	0.907153	0.254131
0.784081	0.307186	0.556795
0.957332	0.0518498	0.303656
0.267749	0.665701	0.703672
0.286929	0.91863	0.300341
0.813184	0.33911	0.476141
0.987424	0.203459	0.0263367
0.328809	0.676693	0.673724
0.858082	0.486134	0.225361
0.551605	0.839302	0.0101353
0.0480562	0.342023	0.955191
0.79157	0.612761	0.0179669
0.942359	0.0294844	0.355817
0.766713	0.653519	0.212273
0.651922	0.417415	0.667393
0.0575836	0.483554	0.87509
0.902198	0.410039	0.151971
0.475273	0.896658	0.016075
0.299361	0.801569	0.540983
0.411976	0.658492	0.653296
0.127116	0.212038	0.972381
0.591594	0.789979	0.218294
0.319661	0.48083	0.826363
0.498794	0.748871	0.454563
0.599652	0.797554	0.0956551
0.503214	0.228705	0.839051
0.0279376	1.01395	8.42552e-307
0.466488	0.248114	0.851527
0.0476746	0.735795	0.69002
0.55723	0.831488	0.0823847
0.977412	0.287957	3.30781e-06
0.752656	0.585316	0.366536
0.884533	0.477204	0.066426
0.110972	0.115052	0.992182
0.835807	0.00379679	0.561739
0.608533	0.693493	0.398982
0.357956	0.813884	0.480088
0.133739	0.556402	0.823427
0.58258	0.312903	0.752121
0.970896	0.0207051	0.253291
0.658579	0.68688	0.332515
0.568201	0.324186	0.766794
0.0464209	0.865845	0.510714
0.557197	0.833607	0.0825281
0.719567	0.565743	0.411442
0.873657	0.49139	0.0595719
0.296891	0.593256	0.756368
0.532597	0.744993	0.411601
0.501046	0.310787	0.811432
0.293439	0.586359	0.757695
0.207071	0.960993	0.213413
0.470048	0.8868	0.0161773
0.0553449	0.637563	0.770439
0.419908	0.864177	0.316252
0.525502	0.85611	0.063068
0.0461241	0.673461	0.739575
0.90849	0.280307	0.345269
0.0393049	0.941698	0.355703
0.122678	0.644716	0.760941
0.258321	0.272992	0.929019
0.220158	0.875533	0.437885
0.936119	0.359677	0.0344983
0.999574	0.114541	0.0313739
0.643175	0.418871	0.660711
0.785012	0.0607986	0.616919
0.325443	0.669765	0.683675
0.90979	0.394073	0.150553
0.948433	0.0202261	0.327282
0.968779	0.000206319	0.268894
0.321297	0.357187	0.883564
0.908864	0.0258388	0.425087
2.27412e-17	5.77304e-17	1.01332
0.499869	0.291673	0.834507
0.0323886	0.822501	0.573173
0.576244	0.050083	0.822925
0.48197	0.851819	0.222851
0.996021	0.130249	0.0987047
0.721951	0.633892	0.286814
0.025667	0.913729	0.454737
0.37294	0.715596	0.600144
0.070369	0.790334	0.610807
0.595097	0.650047	0.491613
0.889934	0.377627	0.263058
0.184922	0.9886	0.0512699
0.145128	0.958601	0.276401
0.981735	0.155825	0.126351
0.361683	0.9364	0.069828
0.849091	0.413193	0.347894
0.236861	0.980292	0.00738249
0.622296	0.558789	0.568878
0.111826	0.659807	0.75907
0.414604	0.169805	0.895858
0.876764	0.284272	0.427416
0.657867	0.625822	0.452126
0.278576	0.322748	0.908012
0.970406	0.0434873	0.255111
0.354917	0.368768	0.863611
0.508816	0.546788	0.667498
0.731042	0.522802	0.4647
0.435498	0.837056	0.376137
0.699246	0.0610502	0.727272
0.611788	0.64641	0.46188
0.553765	0.259926	0.807058
0.703661	0.176164	0.701331
0.489169	0.87179	0.152761
0.166706	0.933997	0.330207
0.941234	0.303789	0.156967
0.643812	0.774836	0.038268
0.296224	0.747973	0.597239
0.77824	0.606906	0.187872
0.0214566	0.612183	0.808148
0.469348	0.849652	0.245072
0.896102	0.0365216	0.446159
0.94671	0.0272379	0.323506
0.263847	0.145644	0.955566
0.751668	0.469792	0.481778
0.208421	0.705479	0.685677
0.799438	0.592433	0.111428
0.064996	0.785967	0.618776
0.622935	0.756179	0.211503
0.121249	0.057262	0.996489
0.107701	0.969016	0.240882
0.566967	0.780206	0.303871
0.47332	0.887965	0.137706
0.650856	0.0227876	0.780143
0.315802	0.946154	0.0810177
0.159117	0.139745	0.97842
0.0480457	0.951359	0.312227
0.235424	0.738873	0.634408
0.850465	0.555128	0.0273695
0.382419	0.28797	0.890622
0.765234	0.409958	0.505186
0.0991457	0.7298	0.678683
0.715002	0.099393	0.698564
0.836584	0.11126	0.540595
0.403079	0.57356	0.715024
0.0544832	0.335209	0.941288
0.00628469	0.993199	0.118802
0.248021	0.132193	0.966005
0.854101	0.00296386	0.552797
0.177263	0.969774	0.184839
0.0990155	0.616297	0.797152
0.744796	0.666702	0.203778
0.626583	0.266391	0.738714
0.442481	0.636343	0.646173
0.779994	0.201091	0.616204
0.6919	0.692981	0.297115
0.66628	0.672688	0.323404
0.0503566	0.922064	0.390893
0.831098	0.532311	0.17581
0.829468	0.461646	0.336947
0.286905	0.421653	0.87621
0.326621	0.296628	0.903568
0.756189	0.220042	0.626188
0.797027	0.600179	0.166713
0.725348	0.689941	0.0449522
0.255412	0.864535	0.43681
0.85927	0.493244	0.185764
0.274207	0.709081	0.656526
0.562954	0.134866	0.831133
0.283155	0.389651	0.88167
0.274101	0.725174	0.639339
0.204837	0.92683	0.355047
0.529272	0.578143	0.643162
0.713674	0.319369	0.626575
0.671931	0.51537	0.53629
0.855171	0.0744051	0.520761
0.815514	0.113563	0.588749
0.768804	0.385542	0.526426
0.0837243	0.902053	0.426552
0.937002	0.0780036	0.343486
0.129855	0.857721	0.513895
0.467712	0.873517	0.151416
0.226144	0.630892	0.742725
0.547377	0.492374	0.709864
0.155301	0.83991	0.52261
0.683679	0.735481	0.042051
0.391261	0.5022	0.787683
0.525075	0.121902	0.849582
0.10392	0.262401	0.961226
0.978241	0.00213724	0.232814
0.351812	0.205282	0.916535
0.869605	0.194451	0.496845
0.581326	0.637296	0.531316
0.0127293	0.352234	0.937409
0.115004	0.309095	0.945988
0.0584623	0.809008	0.589849
0.590565	0.277469	0.781635
0.662378	0.582192	0.545621
0.535211	0.764707	0.400633
0.633864	0.168223	0.766362
0.665995	0.0925806	0.746567
0.83663	0.179596	0.524862
0.341978	0.239161	0.922388
0.446558	0.614607	0.656055
0.0938902	0.167497	0.986862
0.471384	0.451922	0.782259
0.365507	0.922915	0.135468
0.747069	0.0202485	0.695234
0.520843	0.700264	0.525666
0.739644	0.671724	0.0756543
0.269046	0.931029	0.265628
0.0915983	0.366331	0.930346
0.690359	0.620989	0.382467
0.61242	0.260369	0.750939
0.220817	0.882383	0.417372
0.884961	0.292471	0.364238
0.125416	0.892925	0.437329
0.547806	0.680302	0.495966
0.180099	0.405344	0.910627
0.305793	0.444742	0.857267
0.752695	0.543558	0.374235
0.811833	0.505644	0.307245
0.63199	0.26869	0.733001
0.422061	0.163864	0.894598
0.275889	0.815511	0.515269
0.789919	0.27273	0.550473
0.600459	0.162795	0.786162
0.241934	0.212424	0.948124
0.604364	0.553175	0.581403
0.0859288	0.920249	0.411667
0.339425	0.920409	0.202105
0.250122	0.656119	0.715993
0.323495	0.945384	0.0786892
0.384451	0.0124324	0.92943
0.449176	0.42725	0.788805
0.961336	0.088771	0.271783
0.584177	0.803889	0.122398
0.887849	0.483499	0.000986269
0.255293	0.35131	0.90237
0.60659	0.658125	0.467554
0.989939	0.148225	0.100105
0.80957	0.568037	0.15995
0.958703	0.203843	0.252865
0.396057	0.181904	0.913156
0.479449	0.510777	0.71453
0.538539	0.668793	0.517136
0.282654	0.0820284	0.95738
0.0164953	0.526414	0.854666
0.426486	0.458236	0.794653
0.194964	0.886918	0.422846
0.308904	0.952148	0.100108
0.211735	0.00704492	0.978793
0.697239	0.684852	0.298194
0.222668	0.973961	0.0726523
0.128182	0.517273	0.848603
0.957346	0.147645	0.265502
0.338338	0.0302111	0.941501
0.923342	0.18746	0.351421
0.34797	0.143446	0.927314
0.45413	0.563968	0.692787
0.203168	0.214666	0.964618
0.0129412	0.339409	0.941421
0.706409	0.18504	0.691175
0.40083	0.0114889	0.920208
0.806632	0.112326	0.595159
0.973017	0.250798	0.0120695
0.620476	0.590309	0.547964
0.961894	0.0813545	0.271755
0.898815	0.474688	5.37983e-18
0.0748586	0.806533	0.589036
0.66393	0.585584	0.471758
0.224883	0.43703	0.873215
0.304885	0.855281	0.475725
0.339536	0.938655	0.173291
0.817292	0.47845	0.323484
0.822729	0.514205	0.254801
5.83624e-17	2.12857e-17	1.01454
0.579259	0.798158	0.181353
0.99115	0.018852	0.144922
0.37745	0.929931	0.0617141
0.69238	0.723377	0.0241768
0.645859	0.390676	0.663538
0.0502277	0.630791	0.779756
0.908266	0.424151	0.0409193
0.115484	0.993259	0.0482175
0.503294	0.124509	0.85896
0.709094	0.695215	0.12334
0.959726	0.000481646	0.298832
0.825988	0.431641	0.373594
0.0347401	0.676478	0.751796
0.0702607	0.85181	0.525162
0.765337	0.321921	0.592057
0.438462	0.834764	0.391858
0.701206	0.0956148	0.714192
0.133113	0.268168	0.954392
0.5827	0.813608	0.059145
0.41739	0.714147	0.567126
0.466978	0.204771	0.865588
0.0957115	0.977789	0.207421
0.877022	0.470715	0.173677
0.183327	0.501557	0.851666
0.25841	0.631138	0.733784
0.242557	0.702897	0.674785
0.280086	0.788045	0.555634
0.944253	0.194514	0.284065
0.8477	0.52712	0.0791621
0.00500701	0.968504	0.263361
0.323222	0.522055	0.790739
0.0778859	0.727239	0.688802
0.859968	0.485466	0.201494
0.0875215	0.886498	0.473349
0.887859	0.283587	0.387344
0.408736	0.8713	0.280002
0.680478	0.0439431	0.738582
0.327839	0.922401	0.224415
0.682732	0.713231	0.163822
0.530233	0.663078	0.533883
0.566465	0.00792439	0.825138
0.731515	0.0336631	0.682647
0.121802	0.410182	0.917763
0.0847827	0.893213	0.451273
0.545943	0.763888	0.361385
0.698867	0.441282	0.567501
0.370418	0.912606	0.179993
0.718134	0.657813	0.237515
0.586247	0.375812	0.722231
0.0945009	0.882377	0.470861
0.129677	0.901124	0.420499
0.728578	0.561222	0.409751
0.0617652	0.533506	0.848143
0.660821	0.454105	0.614144
0.472059	0.778021	0.420326
0.159144	0.0608094	0.987524
0.504498	0.860919	0.0892548
0.0104615	0.876302	0.490392
0.670915	0.689093	0.283381
0.206704	0.0651799	0.977294
0.798356	0.468518	0.417508
0.540161	0.767112	0.361254
0.357398	0.27547	0.89613
0.313425	0.578528	0.756709
0.585966	0.803716	0.112608
0.488474	0.838628	0.262626
0.0109418	0.555711	0.886444
0.83627	0.270345	0.479078
0.283469	0.937143	0.229847
0.982323	0.188937	0.0106281
0.655511	0.492338	0.576599
0.200102	0.557539	0.808535
0.637736	0.116605	0.769254
0.608116	0.329004	0.724485
0.0582046	0.944846	0.329424
0.952048	0.308214	0.0207646
0.799126	0.608049	0.0210929
0.720667	0.364565	0.607687
0.55946	0.279517	0.805401
0.624128	0.71025	0.339615
0.164711	0.786471	0.604604
0.445442	0.897542	0.00108634
0.916242	0.412439	0.0820554
0.918686	0.201745	0.348172
0.779288	0.48458	0.402119
0.48199	0.822509	0.3077
0.845268	0.477167	0.258367
0.100482	0.334742	0.963506
0.0385748	0.859769	0.518616
0.154118	0.314459	0.942381
0.902769	0.353611	0.276209
0.273698	0.734193	0.635183
0.298692	0.0212663	0.954586
0.141913	0.198149	0.970667
0.221338	0.562931	0.797889
0.842208	0.518314	0.203111
0.65764	0.720333	0.265907
0.164122	0.984778	0.108854
0.343688	0.703118	0.628371
0.808195	0.598006	3.82781e-06
0.986289	0.0125889	0.176779
0.198816	0.546239	0.816885
0.763373	0.64593	0.0987294
0.86526	0.10464	0.499648
0.58127	0.636682	0.510159
0.700247	0.551058	0.464407
0.598578	0.403505	0.695019
0.173494	0.753345	0.654113
0.266905	0.601684	0.756999
0.216116	0.340387	0.923903
0.598933	0.393553	0.706792
0.38658	0.92511	0.0171413
0.96422	0.182818	0.230392
0.738239	0.565776	0.381574
0.521716	0.154243	0.839911
0.217219	0.615916	0.774936
0.536418	0.817628	0.213157
0.773113	0.588256	0.24393
0.594203	0.400557	0.700176
0.617364	0.459525	0.64281
0.106533	0.0824698	0.991785
0.777258	0.34083	0.537381
0.98065	0.00321954	0.219145
0.475382	0.336967	0.830692
0.432288	0.0299865	0.904938
0.425666	0.907389	0.0212633
0.181791	0.652936	0.759082
0.105698	0.0803822	0.996697
0.633028	0.422673	0.658344
0.777828	0.249101	0.589587
0.668155	0.450362	0.606283
0.995834	0.00178169	0.152631
0.354649	0.736104	0.589834
0.391929	0.937911	0.00367113
0.589551	0.743871	0.32654
0.30469	0.254297	0.928661
0.855586	0.246754	0.458085
0.537194	0.839428	0.116079
0.533558	0.746559	0.412785
0.930239	0.293787	0.250373
0.773621	0.461613	0.437017
0.594049	0.130411	0.802354
0.037531	1.00075	0.17474
0.330845	0.570313	0.758268
0.676012	0.594426	0.448465
0.703501	0.424332	0.577833
0.235888	0.599936	0.790472
0.922728	0.163656	0.35048
0.233662	0.0167356	0.977786
0.272612	0.574797	0.777178
0.839811	0.457872	0.304201
0.225185	0.429658	0.875932
0.239663	0.751664	0.624443
0.665094	0.212435	0.729771
0.485306	0.762104	0.433429
0.512026	0.162372	0.846054
0.709859	0.540126	0.458865
0.130297	0.990124	0.099431
0.942256	0.360746	0.00672238
0.364805	0.24005	0.902929
0.747224	0.10189	0.657628
0.455444	0.619299	0.644598
0.248956	0.581614	0.775321
0.631675	0.138441	0.767307
0.780708	0.487763	0.397393
0.604885	0.793241	0.121595
0.747391	0.219707	0.64139
0.983613	0.174114	0.079216
0.187318	0.542821	0.820646
0.64346	0.590124	0.498352
0.306565	0.827113	0.485493
0.785791	0.423182	0.518271
0.943856	0.346768	0.00452018
0.972566	0.210719	0.122415
0.850927	0.46037	0.25797
0.752317	0.644959	0.323703
0.114837	0.506936	0.882769
0.814123	0.145957	0.567898
0.896791	0.28644	0.377576
0.891591	0.278522	0.429005
0.33593	5.80668e-05	0.945857
0.195665	0.224578	0.957412
0.927529	0.296291	0.249905
0.868908	0.408482	0.306163
0.421579	0.792126	0.44704
0.861519	0.0533922	0.508502
0.338087	0.934241	0.152278
0.0553127	0.694652	0.722737
0.139072	0.654899	0.765266
0.638028	0.452218	0.628767
0.396568	0.151841	0.913169
0.114959	0.957224	0.274489
6.10861e-17	5.81314e-18	1.00212
3.7498e-33	6.12389e-17	1.00011
0.814839	0.575077	0.08491
0.275758	0.916426	0.295947
0.935563	0.337035	0.127529
0.0700014	0.355509	0.934081
0.928827	0.371927	0.0593593
0.562629	0.50857	0.655008
0.388585	0.208162	0.901132
0.0188219	0.386475	0.937053
0.884979	0.160618	0.462483
0.478118	0.394656	0.790395
0.106623	0.820663	0.574496
0.827696	0.219406	0.517555
0.794872	0.593247	0.165523
0.890622	0.452151	0.068014
0.959427	0.285757	0.00786922
0.214224	0.759555	0.628235
0.265832	0.437746	0.868659
0.913087	0.0927972	0.403929
0.418715	0.728782	0.553122
0.158821	0.0409747	0.987794
0.129532	0.859676	0.496739
0.545613	0.697683	0.473102
0.919691	0.0687698	0.391004
0.59358	0.810162	0.0928738
0.229452	0.848453	0.486602
0.167799	0.430625	0.889836
0.100675	0.703614	0.711894
0.5695	0.561849	0.608709
0.415836	0.553777	0.73283
0.612508	0.17354	0.776009
0.0943028	0.538671	0.838059
0.985921	0.0806703	0.170666
0.632329	0.777285	0.10188
0.782803	0.405955	0.476573
0.863658	0.259937	0.437735
0.19959	0.304212	0.937964
0.728696	0.228025	0.648738
0.148034	0.493391	0.85916
0.239479	0.874776	0.423412
0.396457	0.812863	0.435166
0.685331	0.67947	0.280609
0.61605	0.511651	0.599878
0.619068	0.791611	0.0369417
0.704639	0.718329	0.0163771
0.175275	0.614744	0.771144
0.346208	0.945425	0.022591
0.872329	0.479301	0.154418
0.654405	0.293323	0.704699
0.602954	0.260389	0.760477
0.0619906	0.226302	0.973941
0.332026	0.844318	0.427829
0.510526	0.803714	0.330888
0.537694	0.687558	0.499475
0.0581609	0.903403	0.449944
0.0290928	0.597369	0.806687
0.758513	0.634047	0.178937
0.820364	0.398416	0.415682
0.132894	0.851272	0.528501
0.319395	0.749316	0.58294
0.57869	0.739981	0.361461
0.339443	0.751983	0.571611
0.923374	0.442976	0.028958
0.248925	0.941848	0.244946
0.204794	0.31276	0.933064
0.743993	0.668757	0.122081
0.973355	0.00695723	0.233331
0.365362	0.109964	0.926684
0.38348	0.0562976	0.923233
0.312612	0.514777	0.808745
0.348685	0.0643531	0.947008
0.170918	0.0149722	0.99308
0.952546	0.274107	0.211372
0.0873847	0.36467	0.928238
0.555505	0.163459	0.816492
0.0795079	0.695929	0.72247
0.264013	0.963803	0.0695026
0.515184	0.425251	0.750633
0.660887	0.531287	0.533787
0.378455	0.139206	0.918319
0.223121	0.565167	0.7964
0.990735	0.0411942	0.153548
0.701275	0.562352	0.446778
0.856875	0.201115	0.479072
0.694019	0.236191	0.68141
0.216995	0.524754	0.825617
0.431708	0.20745	0.878439
0.28853	0.958871	0.0314274
0.294249	0.796429	0.549971
0.636758	0.321134	0.70755
0.374007	0.839493	0.398206
0.707879	0.312436	0.63604
0.625662	0.487977	0.615519
0.30159	0.105137	0.960715
0.955316	0.285513	0.10985
0.943626	0.27664	0.207505
0.760869	0.627515	0.190291
0.375323	0.180056	0.911929
0.481829	0.812426	0.34039
0.435347	0.571054	0.69948
0.179313	0.97071	0.178669
0.461166	0.618768	0.665599
0.817497	0.145827	0.560388
0.446574	0.548948	0.714867
0.626661	0.486191	0.618476
0.536507	0.155239	0.829945
0.735531	0.363738	0.589041
0.633323	0.711959	0.306295
0.934259	0.267765	0.238902
0.197502	0.661943	0.72875
0.84262	0.408245	0.366333
0.0403402	0.716029	0.698595
0.254625	0.930105	0.281166
0.983678	0.0902032	0.170422
0.110233	0.416812	0.915085
0.122586	0.994876	0.0177657
0.682565	0.52063	0.540395
0.532979	0.481912	0.700951
0.359535	0.934395	0.0428987
0.0520349	0.993111	0.145735
0.59428	0.0588086	0.80283
0.474949	0.89875	0.107087
0.214627	0.713983	0.672681
0.505634	0.186775	0.844807
0.32801	0.359946	0.887275
0.646721	0.195337	0.749154
0.939522	0.262855	0.283671
0.773004	0.586068	0.27243
0.723952	0.595297	0.361542
0.669204	0.664678	0.34448
0.756327	0.589796	0.3262
0.598343	0.26539	0.757907
0.224517	0.497383	0.841546
0.45056	0.501897	0.747923
0.00644066	0.457904	0.897465
0.584007	0.795618	0.192978
0.927433	0.100321	0.369732
0.899123	0.11277	0.436021
0.371655	0.648616	0.695158
0.0798491	0.852673	0.520367
0.139869	0.466178	0.875279
0.690899	0.621184	0.411881
0.485328	0.832592	0.306883
0.86209	0.426917	0.288274
0.907741	0.392012	0.162216
0.420751	0.717296	0.564061
0.840025	0.406988	0.376007
0.664562	0.747076	0.0482743
0.910002	0.282557	0.31455
0.904259	0.287693	0.317274
0.183	0.926338	0.351759
0.526814	0.782957	0.351284
0.875368	0.168677	0.458387
0.00167141	0.98615	0.190271
0.852176	0.470999	0.233402
0.968439	0.251132	8.22161e-05
0.736047	0.685346	0.000468597
0.119014	0.775656	0.62469
0.508797	0.885571	0.0426662
0.186381	0.827615	0.534027
0.231396	0.888508	0.411286
0.8613	0.0273869	0.509351
0.887249	0.242394	0.396419
0.552639	0.825866	0.144987
0.465331	0.88055	0.108198
0.0367065	0.869977	0.512477
0.18427	0.673961	0.737105
0.791735	0.603074	0.154117
0.748497	0.652053	0.146472
0.0550845	0.183246	0.981975
0.23285	0.113085	0.968287
0.242282	0.123002	0.963625
0.495392	0.138694	0.859326
0.434804	0.197705	0.885668
0.177395	0.949809	0.309061
0.3216	0.125735	0.940681
0.446781	0.756097	0.481088
0.142867	0.931113	0.34987
0.459352	0.899484	0.0321961
0.585631	0.787824	0.199992
0.752365	0.650311	0.146734
0.27247	0.907855	0.320769
0.647386	0.215771	0.743719
0.521949	0.766609	0.383446
0.319683	0.0260868	0.949072
0.116466	0.00922199	0.997784
0.849184	0.469346	0.253567
0.491646	0.862144	0.13578
0.524265	0.607696	0.610677
0.599201	0.766207	0.264221
0.683943	0.246389	0.694647
0.839746	0.25274	0.504819
0.461017	0.130499	0.878744
1.00002	0	0
5.73381e-17	2.4259e-17	1.01676
0.245192	0.755429	0.608813
0.567153	0.706767	0.429846
0.858304	0.460859	0.268582
0.10089	0.824423	0.567525
0.953503	0.237718	0.202173
0.718091	0.663278	0.246188
0.385595	0.926005	0.0763944
0.451445	0.677761	0.586574
0.231333	0.671682	0.724026
0.78049	0.419078	0.466921
0.816351	0.514401	0.285857
0.901439	0.163304	0.406936
0.672694	0.726313	0.23078
0.606342	0.381596	0.70139
0.678642	0.178996	0.716251
0.836883	0.575709	0.0443957
0.506085	0.866973	0.0583723
0.57559	0.732942	0.367926
0.0376569	0.959327	0.319316
0.523107	0.0368629	0.860109
0.825261	0.50784	0.257815
0.141672	0.739724	0.665968
0.592466	0.532983	0.612569
0.653492	0.498597	0.576647
0.688055	0.638832	0.380512
0.25725	0.969438	0.0893847
0.261404	0.790166	0.557382
0.622364	0.785613	0.131541
0.709091	0.216176	0.69001
0.985662	0.0534297	0.180523
0.551591	0.347139	0.760056
0.342098	0.520711	0.788867
0.464886	0.749	0.486656
0.525359	0.846431	0.206059
0.090046	0.99558	0.0662768
0.732121	0.674155	0.106334
0.471735	0.883309	0.0323739
0.659132	0.306019	0.705568
0.743476	0.579046	0.357551
0.547038	0.492167	0.679757
0.723428	0.451774	0.534409
0.94023	0.0178369	0.347168
0.982664	0.190578	0.0401407
0.925542	0.408973	0.0226011
0.704649	0.338636	0.648835
0.0535343	0.095711	0.995719
0.961295	0.225385	0.171777
0.251424	0.544662	0.80815
0.0451083	0.125525	0.994117
0.167742	0.116929	0.982614
0.767428	0.645539	0.0271743
0.377079	0.917084	0.164188
0.845215	0.403108	0.393798
0.706816	0.658126	0.327265
0.32325	0.938564	0.141756
0.433309	0.0318278	0.911268
0.465722	0.699196	0.550087
0.965977	0.158287	0.217081
0.909419	0.275523	0.338143
0.51477	0.752088	0.412673
0.774718	0.640634	0.033904
0.418998	0.796895	0.456754
0.371051	0.80381	0.478384
0.302716	0.429458	0.853245
0.969951	0.060424	0.236735
0.297409	0.816765	0.522499
0.146133	0.174299	0.981555
0.0244555	0.550854	0.84538
0.636504	0.00841243	0.779327
0.600924	0.765018	0.255126
0.197235	0.291625	0.942589
0.119665	0.142729	0.990196
0.534941	0.319729	0.782842
0.696172	0.590525	0.42341
0.118374	0.0825157	0.993298
0.919622	0.00126585	0.400728
0.336496	0.876693	0.381232
0.883419	0.0246218	0.487086
0.557495	0.825439	0.169169
0.221096	0.63526	0.745796
0.0370266	0.907889	0.441727
0.144933	0.35171	0.931755
0.276967	0.730324	0.631535
0.288924	0.959844	0.0151295
0.334494	0.0866039	0.948055
0.26351	0.950205	0.212664
0.0777589	0.898528	0.434957
0.357468	0.212429	0.920419
0.93494	0.199378	0.301297
0.263579	0.832661	0.501928
0.353099	0.281193	0.893038
0.808801	0.563786	0.185482
0.381522	0.485704	0.79542
0.886666	0.230649	0.418041
0.66129	0.406938	0.656803
0.273483	0.824513	0.498234
0.0602213	0.667817	0.742796
0.177503	0.26245	0.953837
0.187692	0.98001	0.115134
0.259698	0.820401	0.51777
0.36889	0.464613	0.817632
0.53994	0.798664	0.292888
0.349274	0.266487	0.904343
0.457576	0.890963	0.112249
0.949302	0.137394	0.309386
0.270569	0.259659	0.93867
0.476792	0.0936692	0.877183
0.905246	0.11983	0.422941
0.852045	0.372638	0.395339
0.454059	0.688751	0.571918
0.541676	0.487343	0.717791
0.306118	0.856112	0.423648
0.490101	0.0709332	0.880585
0.29091	0.441759	0.850205
0.20889	0.145612	0.973642
0.503139	0.763199	0.413912
0.0909116	0.108434	0.995107
0.174082	0.985828	0.124129
0.99003	0.0536405	0.164172
0.722318	0.503509	0.476338
0.935433	0.399867	0.149032
0.854991	0.542149	0.00175514
0.199044	0.571899	0.801292
0.309182	0.934589	0.186073
0.976935	0.207444	0.0980029
0.00741162	0.966555	0.312222
0.383087	0.597636	0.730994
0.00538008	0.899054	0.449263
0.520643	0.808669	0.294617
0.751454	0.375221	0.547006
0.591612	0.454756	0.684781
0.931726	0.152732	0.334664
0.0270825	0.776207	0.650591
0.948753	0.29446	0.164489
0.278387	0.737156	0.623849
0.396936	0.602762	0.694591
0.614802	0.100831	0.788844
0.89675	0.129788	0.436303
0.456344	0.888565	0.115184
0.429147	0.370588	0.829272
0.786073	0.595316	0.177493
0.444006	0.0326135	0.904885
0.941867	0.38973	0.108907
0.0164778	0.483271	0.879607
0.126523	0.249624	0.968473
0.528579	0.065895	0.856784
0.623921	0.600669	0.506922
0.759614	0.310998	0.585404
0.316589	0.40304	0.865366
0.391275	0.298532	0.875275
0.432431	0.363721	0.826413
0.2166	0.622343	0.77191
0.664578	0.33432	0.675159
0.126124	0.701712	0.705184
0.720446	0.220459	0.670796
0.175329	0.975474	0.15469
0.155104	0.77181	0.62295
0.444511	0.0329736	0.898748
0.476088	0.0761409	0.888822
0.918598	0.401745	0.123099
0.615199	0.587474	0.531473
0.0686162	0.50723	0.872971
0.886971	0.476252	9.838e-05
0.820385	0.394256	0.42851
0.737835	0.681515	0.00551059
0.588626	0.543695	0.615935
0.740898	0.184713	0.654919
0.531024	0.265983	0.818547
0.58155	0.813875	0.143717
0.931012	2.6024e-06	0.373292
0.41759	0.345305	0.841327
0.869911	0.36104	0.35206
0.0297314	0.830653	0.567943
0.404587	0.025789	0.91833
0.787064	0.00579564	0.644617
0.646096	0.621774	0.445138
0.533556	0.829428	0.223588
0.31339	0.818829	0.510183
0.314069	0.794235	0.528657
0.465048	0.436552	0.775888
0.226868	0.877657	0.429995
0.0824142	0.948948	0.331849
0.137129	0.281176	0.958965
0.819426	0.0588597	0.581549
0.837524	0.426614	0.351335
0.505385	0.682528	0.536982
0.388663	0.930867	0.0121521
0.61817	0.255052	0.778084
0.497643	0.754862	0.436002
0.878817	0.471874	0.0975363
0.148898	0.974749	0.175308
0.796164	0.495268	0.357542
8.42555e-05	1.01083	0.000641112
0.683655	0.736421	0
4.78668e-17	4.23325e-17	1.04357
0.311285	0.664718	0.685527
0.574193	0.0567545	0.81908
0.753976	0.176152	0.651486
0.224837	0.164741	0.961385
0.164147	0.758794	0.632506
0.902141	0.200314	0.38349
0.3263	0.546431	0.776993
0.155536	0.0685928	0.986917
0.0766526	0.381467	0.924221
0.247402	0.871693	0.454636
0.204517	0.946133	0.253557
0.208326	0.302057	0.932884
0.137949	0.690909	0.722611
0.394816	0.768911	0.524207
0.249762	0.90526	0.356329
0.167874	0.464785	0.871612
0.101338	0.991942	0.0847951
0.378848	0.481783	0.791084
0.908681	0.41681	0.103919
2.83819e-17	5.53806e-17	1.01629
0.132152	0.230232	0.967068
0.596023	0.735946	0.340045
0.108684	0.395694	0.913638
0.230757	0.559354	0.800512
0.0977961	0.439028	0.895865
0.680719	0.606498	0.427156
0.746946	0.491325	0.476702
0.354889	0.938718	0.0426771
0.185634	0.291434	0.950493
0.217406	0.977083	0.0480113
0.648449	0.0370303	0.767484
0.47739	0.654369	0.593183
0.286636	0.473944	0.833844
0.444382	0.0944562	0.893023
0.495805	0.842909	0.216628
0.632225	0.749987	0.197136
0.766904	0.188	0.622218
0.898417	0.0831412	0.434994
0.269135	0.590733	0.762142
0.968871	0.181114	0.183893
0.761194	0.651271	0.0595912
0.742932	0.152679	0.669898
0.083201	0.8132	0.584945
0.539287	0.786922	0.310002
0.844299	0.5366	0.0114978
0.40207	0.431115	0.831506
0.32475	0.357495	0.876519
0.818849	0.513662	0.270572
0.0246568	0.717381	0.711983
0.367792	0.143728	0.92375
0.645316	0.714059	0.276694
0.299415	0.956421	0.0480696
0.826518	0.175682	0.539227
0.0537903	0.884342	0.467815
0.925284	0.191181	0.333767
0.522485	0.828856	0.221419
0.2747	0.453931	0.851915
0.460064	0.892289	0.11535
0.432479	0.807012	0.417075
0.0899407	0.891959	0.449799
0.0628592	0.523463	0.860575
0.635947	0.721493	0.283448
0.386847	0.67594	0.634514
0.813705	0.263247	0.531589
0.951719	0.128697	0.294931
0.610172	0.447082	0.66811
0.234214	0.927667	0.312921
0.791825	0.352266	0.525599
0.0554596	0.776465	0.637046
0.54395	0.0735562	0.845514
0.51366	0.860191	0.0923504
0.877974	0.00307634	0.486156
0.563848	0.730595	0.393421
0.946905	0.32996	0.0108078
0.72881	0.643749	0.246192
0.146549	0.942429	0.305828
0.703164	0.73211	0.0227145
0.926294	0.018602	0.394959
0.963672	0.204834	0.183809
0.147759	0.986101	0.0847955
0.669274	0.135785	0.73294
0.919661	0.408425	0.115621
0.979394	0.10164	0.179252
0.434421	0.73995	0.520406
0.34551	0.528245	0.784536
0.409729	0.800163	0.505806
0.807078	0.284869	0.520466
0.253722	0.911481	0.345093
0.675377	0.622807	0.401636
0.581497	0.55247	0.612001
0.198699	0.919215	0.34618
0.174043	0.805155	0.580707
0.455507	0.69184	0.569794
0.717853	0.699287	0.0400635
0.531281	0.125113	0.839279
0.0342711	0.997105	0.0742916
0.923301	0.315118	0.233244
0.872073	0.468765	0.151169
0.886451	0.244574	0.402529
0.558836	0.572361	0.609359
0.316058	0.865268	0.392702
0.0288002	0.724301	0.7068
0.341065	0.636456	0.700447
0.601748	0.791735	0.190353
0.927673	0.298935	0.23443
0.92924	0.0482212	0.370488
0.0404169	0.423605	0.908359
0.98726	0.117686	0.132612
0.690285	0.477594	0.546245
0.292695	0.497605	0.819441
0.34877	0.490533	0.811131
0.362378	0.520806	0.788598
0.878143	0.455655	0.151054
0.46887	0.855418	0.22397
0.0614151	0.511437	0.863779
0.414788	0.134834	0.901375
0.181032	0.981956	0.158823
0.727726	0.722452	0.0282527
0.240367	0.923185	0.31304
0.832779	0.00539171	0.559757
0.179658	0.268504	0.955458
0.382978	0.15622	0.920909
0.549713	0.701185	0.475064
0.693655	0.65823	0.319533
0.694961	0.619186	0.368186
0.463447	0.476748	0.757477
0.644094	0.740797	0.205103
0.389229	0.367138	0.852036
0.599741	0.646199	0.498122
0.911232	0.404682	0.125567
0.399562	0.508125	0.769599
0.300561	0.969071	0.0184063
0.265152	0.0246902	0.970111
0.486175	0.847523	0.23116
0.457542	0.694931	0.567308
0.113558	0.984343	0.141693
0.525766	0.852889	0.163107
0.581296	0.705828	0.408411
0.194316	0.967027	0.196563
0.62776	0.253176	0.747365
0.893023	0.207902	0.409536
0.872325	0.00132048	0.490817
0.512365	0.808116	0.302296
0.123205	0.779667	0.618129
0.913142	0.409857	0.0953405
0.017416	0.814438	0.582927
0.426549	0.23333	0.885255
0.939905	0.370699	0.129316
0.7883	0.274902	0.553982
0.95446	0.216397	0.257734
0.466684	0.340337	0.82261
0.740854	0.634029	0.246878
0.477601	0.85815	0.205198
0.23169	0.322526	0.922157
0.779868	0.595835	0.221791
0.561108	0.804792	0.197171
0.762767	0.224393	0.628154
0.342483	0.566285	0.751097
0.171929	0.501816	0.848284
0.109565	0.999377	0.05672
0.0180144	0.959622	0.286363
0.0315913	0.886731	0.465338
0.294192	0.363257	0.885285
0.46029	0.251787	0.857246
0.940871	0.108282	0.349503
0.991337	0.111438	0.133056
0.191496	0.289396	0.954574
0.0480346	0.984587	0.174709
0.71021	0.645391	0.289593
0.658842	0.134208	0.743289
0.479366	0.68894	0.55204
0.312396	0.826319	0.475636
0.848427	0.27448	0.469817
0.0169017	0.513671	0.861831
0.46866	0.0646325	0.889742
0.307427	0.53454	0.794725
0.854704	0.280055	0.44669
0.99908	0.000217196	0.138783
0.657673	0.626678	0.437974
0.527403	0.683459	0.508208
0.425652	0.908937	0.000526375
0.942138	0.336774	0.106739
0.124925	0.175703	0.979493
0.797292	0.0429503	0.639867
0.497463	0.34869	0.809144
0.864598	0.274624	0.433044
0.775758	0.617519	0.180503
0.780842	0.61345	0.146789
0.72318	0.0687126	0.693113
0.482802	0.839486	0.261906
0.607477	0.796908	0.00205288
