3.25554e-17	5.19137e-17	1.00073
3.74957e-33	6.12352e-17	1.00005
0.124919	0.595511	0.799718
0.506208	0.826105	0.277905
0.96047	0.249583	0.164819
0.592655	0.786324	0.180832
0.158029	0.710024	0.695226
0.785721	0.613267	0.100209
0.895587	0.341807	0.306737
0.516303	0.837603	0.213463
0.0356836	0.998978	0.1005
0.73084	0.33212	0.647142
0.249471	0.967488	0.0824785
0.327784	0.290838	0.902103
0.615434	0.415017	0.675458
0.573238	0.112953	0.819965
0.99409	0.103098	0.0699483
0.418113	0.522625	0.751033
0.435116	0.880802	0.193192
0.818602	0.579597	0.0101396
0.916792	0.423182	0.114621
0.936892	0.0481026	0.358713
0.201402	0.91417	0.37184
0.6727	0.539995	0.507997
0.20888	0.747617	0.657112
0.189617	0.726221	0.692255
0.904131	0.195887	0.407646
0.338723	0.667177	0.680867
0.696972	0.352391	0.629591
0.757589	0.224969	0.614005
0.074669	0.93003	0.422884
0.358162	0.136459	0.93405
0.195965	0.946507	0.269515
0.34622	0.891386	0.297207
0.451923	0.894268	7.28433e-08
0.534937	0.588868	0.616225
0.70318	0.346279	0.622181
0.350785	0.920485	0.242692
0.551066	0.649847	0.533349
0.826237	0.0212489	0.563818
0.310278	0.568053	0.763385
0.635091	0.35624	0.68611
0.853421	0.478622	0.217608
0.951148	0.0490474	0.312802
0.429333	0.143896	0.898496
0.263517	0.649138	0.729713
0.414612	0.904976	0.138531
0.391728	0.164879	0.913308
0.0565534	0.643398	0.77766
0.458993	0.876501	0.160281
0.664118	0.526259	0.53291
0.713197	0.405112	0.573753
0.0289404	0.89212	0.456881
0.0559111	0.568924	0.829656
0.707285	0.476956	0.527591
0.638881	0.768459	0.0528568
0.179856	0.936936	0.344178
0.562977	0.419638	0.715499
0.739403	0.555375	0.384833
0.737864	0.660528	0.204376
0.094303	0.917238	0.393558
0.985674	0.237136	0.0445863
0.517087	0.62373	0.595
0.172866	0.846948	0.511365
0.839912	0.184579	0.555469
0.656315	0.755084	0.0599698
0.0865268	0.699003	0.725359
0.123394	0.970238	0.223038
0.651846	0.753239	0.147128
0.7836	0.385881	0.497295
0.683649	0.504495	0.541062
0.176569	0.284788	0.942887
0.35898	0.629513	0.702151
0.0796351	0.531867	0.852034
0.559758	0.82921	0.0749025
0.399279	0.859261	0.365534
0.380362	0.936968	0.0233773
0.777345	0.62915	0.0418107
0.132893	0.262968	0.959763
0.323296	0.436967	0.840161
0.974041	0.0895805	0.25427
0.223269	0.439075	0.873143
0.230896	0.458704	0.861512
0.687714	0.390637	0.612638
0.962302	0.00311475	0.286586
0.570991	0.429724	0.703993
0.314777	0.856064	0.411668
0.274216	0.0285416	0.964292
0.386455	0.375757	0.846437
0.507449	0.348698	0.808774
0.164078	0.267006	0.956106
0.527114	0.852591	0.0775236
0.243743	0.128365	0.963528
0.812326	0.542169	0.222715
0.725937	0.21557	0.662647
0.767051	0.228535	0.604436
0.475539	0.669746	0.572186
0.146975	0.981618	0.150136
0.976668	0.213005	0.0528715
0.585605	0.810733	0.0413969
0.463222	0.888834	0.0154289
0.245135	0.0704532	0.967828
0.642571	0.702573	0.324706
0.745	0.504952	0.447277
0.958706	0.0071247	0.29203
0.843867	0.318759	0.441417
0.00503444	0.716355	0.704402
0.319775	0.239673	0.921689
0.529166	0.426492	0.743087
0.494922	0.807687	0.322534
0.288993	0.461231	0.847426
0.491199	0.17285	0.856877
0.23926	0.180066	0.959655
0.887523	0.437058	0.152882
0.44208	0.689892	0.576097
0.818808	0.254826	0.51932
0.282885	0.952293	0.131351
0.893746	0.0599802	0.462357
0.880126	0.0599191	0.472799
0.114469	0.8801	0.480415
0.393603	0.634841	0.669659
0.864875	0.451462	0.232435
0.853007	0.325556	0.438554
0.593217	0.735699	0.351678
0.213689	0.989104	0.0260099
0.747665	0.0143169	0.670923
0.104963	0.206602	0.984046
0.138549	0.944491	0.368273
0.59483	0.158928	0.789134
0.947162	0.272219	0.199588
0.146889	0.0668663	0.994326
0.0710735	0.920589	0.427092
0.590762	0.157841	0.793967
0.871448	0.503676	0.0361248
0.369067	0.296549	0.888685
0.111586	0.546709	0.841206
0.413241	0.901983	0.160468
0.00447006	0.706039	0.719386
0.0126148	0.79967	0.603981
0.402783	0.469303	0.792997
0.627615	0.777395	0.0528448
0.056296	0.640469	0.780019
0.751765	0.423362	0.50785
0.540465	0.295192	0.7893
0.905976	0.256799	0.338511
0.471167	0.0813738	0.897498
0.874241	0.490298	0.0327162
0.59312	0.739048	0.333279
0.608067	0.746173	0.291713
0.0627404	0.311694	0.950848
0.808519	0.0416925	0.59171
0.253271	0.396761	0.883542
0.478547	0.757521	0.485132
0.709298	0.361801	0.608336
0.933412	0.235023	0.293192
0.484657	0.750428	0.490241
0.725424	0.448642	0.55642
0.631981	0.775518	0.0700177
0.31967	0.79659	0.5198
0.619114	0.754214	0.232474
0.112912	0.123229	0.989347
0.430169	0.604342	0.67192
0.306655	0.486219	0.827816
0.739829	0.656441	0.155478
0.580026	0.72912	0.370091
0.0524478	0.664902	0.748596
0.753104	0.510444	0.432577
0.827866	0.483317	0.291997
0.647441	0.5249	0.583322
0.945334	0.0611705	0.322803
0.382354	0.145676	0.930862
0.303916	0.497955	0.818719
0.229185	0.454963	0.86499
0.170194	0.955957	0.257515
0.719053	0.699148	0.0157282
0.168771	0.275425	0.952114
0.442613	0.0404983	0.905729
0.851301	0.187081	0.54817
0.276548	0.373983	0.886991
0.301603	0.448103	0.850692
0.927914	0.0227544	0.390015
0.0234067	0.985354	0.204277
0.487272	0.686271	0.542018
0.0187855	0.975122	0.263802
0.480931	0.169003	0.867444
0.519884	0.391261	0.761039
0.506815	0.832678	0.247541
0.898519	0.303515	0.323441
0.805538	0.581267	0.125787
0.621688	0.783763	0.0700162
0.203717	0.533191	0.840606
1.00001	0	0
3.74954e-33	6.12346e-17	1.00004
6.12331e-17	1.00001	0
3.87044e-17	4.78857e-17	1.00554
0.421617	0.889978	0.178387
0.357543	0.934221	0.0786418
0.0920813	0.627977	0.788617
0.532569	0.84401	0.0911487
0.931519	0.348783	0.120501
0.804117	0.151107	0.605214
0.838103	0.552257	0.0644661
0.976399	0.258729	0.0568041
0.686361	0.717733	0.199174
0.173907	0.980333	0.140732
0.580013	0.815558	0.0361164
0.281393	0.950021	0.155798
0.938018	0.351217	0.0930674
0.179942	0.331114	0.933434
0.984521	0.14378	0.18789
0.0294248	0.709039	0.705121
0.254369	0.467287	0.855723
0.210188	0.163235	0.967299
0.632558	0.691683	0.382859
0.697475	0.267516	0.670246
0.367152	0.582622	0.733761
0.770462	0.501378	0.400257
0.893883	0.437481	0.107738
0.873642	0.0458068	0.490068
0.504411	0.726399	0.468465
0.823378	0.563745	0.165682
0.140904	0.792921	0.601752
0.391514	0.921158	0.0448999
0.623692	0.575014	0.544433
0.0654545	0.663165	0.746714
0.783474	0.0302863	0.622938
0.319443	0.901354	0.305527
0.790871	0.61194	0.062589
0.381042	0.931854	0.0386694
0.302551	0.681591	0.674011
0.261978	0.202579	0.950911
0.94372	0.0340648	0.344524
0.732975	0.0117511	0.690726
0.17546	0.899944	0.429966
0.954113	0.185712	0.23896
0.427732	0.276944	0.866694
0.795687	0.192703	0.583715
0.574524	0.13455	0.819535
0.561942	0.524233	0.649297
0.10088	0.317976	0.944129
0.343215	0.945585	0.054782
0.96552	0.118968	0.251833
0.266562	0.919181	0.322633
0.198414	0.618076	0.763971
0.347293	0.883342	0.338386
0.418301	0.456814	0.799732
0.205028	0.109328	0.97389
0.464641	0.593715	0.680076
0.0214512	0.382724	0.927231
0.185586	0.166083	0.97622
0.880024	0.173911	0.446549
0.552163	0.775081	0.313276
0.766796	0.0219317	0.652555
0.333059	0.916728	0.267574
0.152326	0.858678	0.503395
0.841598	0.545316	0.0244665
0.813145	0.39054	0.43486
0.0269231	0.220884	0.985163
0.692351	0.338848	0.643315
0.756188	0.56093	0.363274
0.759274	0.148228	0.635989
0.457934	0.000898615	0.893764
0.524442	0.851069	0.14053
0.0795296	0.501542	0.863278
0.189337	0.462126	0.887402
0.407749	0.215767	0.898944
0.515542	0.293915	0.814498
0.0413429	0.996224	0.0798734
0.777649	0.442522	0.461449
0.681244	0.743967	0.0495445
0.473112	0.731545	0.540147
0.633839	0.546345	0.553482
0.106942	0.745187	0.663607
0.375575	0.759098	0.534938
0.118594	0.972977	0.210064
0.389528	0.750321	0.53862
0.0755074	0.565643	0.826417
0.878214	0.461691	0.135071
0.96694	0.256223	0.0823528
0.499432	0.28473	0.825405
0.055604	0.6434	0.766959
0.44836	0.862394	0.275584
0.545462	0.0123845	0.842384
0.641239	0.303048	0.725488
0.750638	0.42717	0.51487
0.735441	0.676057	0.115797
0.690294	0.718728	0.186705
0.304652	0.406513	0.863428
0.961192	0.0398808	0.281572
0.888942	0.0669856	0.464773
0.744531	0.105685	0.678343
0.444475	0.605991	0.665056
0.393463	0.874442	0.29533
0.00878132	0.904898	0.475683
0.0359728	0.91911	0.405265
0.741227	0.361898	0.588213
0.55711	0.589482	0.594831
0.349035	0.884954	0.326313
0.653062	0.60033	0.481755
0.431404	0.226071	0.876764
0.653316	0.704679	0.287351
0.13966	0.785918	0.61561
0.623956	0.114477	0.77729
0.860447	0.366732	0.374633
0.700698	0.139905	0.713541
0.399917	0.416949	0.83989
0.246228	0.0515132	0.975301
0.498333	0.824985	0.282397
0.678281	0.0244835	0.740715
0.492184	0.779871	0.404068
0.787567	0.371256	0.51905
0.19578	0.441055	0.882014
0.602496	0.810375	0.0278088
0.520679	0.838637	0.217123
0.413578	0.451798	0.802262
0.398492	0.869634	0.306895
0.485547	0.670058	0.571626
0.548516	0.342165	0.770151
0.509949	0.83367	0.217387
0.229582	0.361577	0.905466
0.726169	0.374144	0.604249
0.275644	0.248814	0.933462
0.726518	0.274143	0.636984
0.219074	0.76419	0.629773
0.54886	0.312909	0.784105
0.214985	0.534911	0.838087
0.150648	0.774484	0.639144
0.134963	0.646023	0.755432
0.65245	0.713435	0.298737
0.601695	0.320843	0.752952
0.603557	0.478588	0.640631
0.613855	0.685348	0.400618
0.116799	0.736577	0.668067
0.155496	0.567511	0.817257
0.61167	0.472997	0.643078
0.720208	0.412014	0.565191
0.594834	0.0869388	0.806446
0.16782	0.969322	0.240991
0.954885	0.248402	0.211454
0.0953532	0.964537	0.274806
0.970027	0.097796	0.233394
0.593083	0.559563	0.581361
0.18345	0.632447	0.761368
0.294627	0.12771	0.948172
0.992756	0.099219	0.112632
0.326954	0.658354	0.692516
0.12584	0.90532	0.418731
0.304401	0.959474	0.0240048
0.00921838	0.949936	0.369724
0.13043	0.0555906	0.990824
0.237798	0.216159	0.956217
0.826985	0.437848	0.356495
0.539825	0.833457	0.162409
0.659504	0.401704	0.697953
0.27301	0.176898	0.958288
0.858434	0.425251	0.303486
0.716318	0.430518	0.5766
0.864101	0.291225	0.415081
0.351994	0.244476	0.909317
0.0761483	0.480218	0.875267
0.112586	0.650293	0.755429
0.437988	0.882437	0.224151
0.584318	0.804226	0.113078
0.669658	0.519918	0.557228
0.242467	0.617229	0.751481
0.278944	0.961278	0.0113435
0.73925	0.487119	0.46982
0.891247	0.508107	0.00419302
0.157342	0.344747	0.926845
0.558846	0.231265	0.802626
0.990042	0.00689407	0.148365
0.663969	0.515252	0.563538
0.463745	0.656934	0.607038
0.870906	0.495612	0.017163
0.363857	0.738998	0.570652
0.919413	0.391875	0.0912814
0.8177	0.0920787	0.608971
0.968106	0.095867	0.243544
0.42854	0.304518	0.853517
0.649314	0.276745	0.721998
0.772746	0.382237	0.54453
0.174364	0.382044	0.914432
0.405488	0.836121	0.378283
0.628915	0.580267	0.527967
0.465682	0.530804	0.718148
0.0856071	0.0651359	0.99828
0.33065	0.239069	0.917435
0.041199	0.296395	0.959121
0.136614	0.854222	0.507155
1.10949e-17	6.04076e-17	1.00303
0.681139	0.60888	0.441167
0.578269	0.532162	0.623213
0.648911	0.612459	0.456565
0.788363	0.235094	0.580428
0.575733	0.777895	0.284719
0.852304	0.142261	0.505097
0.633115	0.751638	0.201218
0.569498	0.203885	0.800022
0.0425095	0.991363	0.156421
0.541551	0.788982	0.329087
0.11688	0.617365	0.790603
0.0902055	0.995395	0.0730312
0.776181	0.160223	0.6116
0.931213	0.267647	0.290736
0.837571	0.0013289	0.568424
0.0688682	0.566932	0.826129
0.966134	0.0933459	0.254983
0.984093	0.0520574	0.178061
0.713126	0.709995	0.021592
0.690729	0.681381	0.254883
0.959543	0.330315	0.0263805
0.105997	0.872581	0.488268
0.22337	0.277367	0.941112
0.253628	0.0237953	0.968468
0.941673	0.336147	0.100933
0.818182	0.467753	0.33912
0.444503	0.607325	0.66272
0.618173	0.221311	0.75551
0.947589	0.0675638	0.335554
0.609313	0.01901	0.809549
0.589674	0.812348	0.158239
0.665695	0.694123	0.278859
0.286733	0.350464	0.898263
0.863861	0.501084	0.07465
0.527276	0.852612	0.0605637
0.336464	0.932642	0.147701
0.492677	0.876948	0.0339231
0.623243	0.248995	0.748171
0.600246	0.64893	0.480106
0.273739	0.468713	0.841944
0.329493	0.784761	0.526043
0.102191	0.630315	0.781455
0.638914	0.673079	0.393394
0.321842	0.559878	0.770456
0.996001	0.067852	0.0917301
0.795023	0.317623	0.518254
0.692569	0.375379	0.640443
0.259869	0.538749	0.811509
0.451558	0.264729	0.873184
0.140843	0.986314	0.182267
0.191996	0.714173	0.686877
0.079822	0.833675	0.550618
0.523444	0.0478338	0.863527
0.725189	0.688729	0.0817988
0.793969	0.639142	6.97143e-05
0.187169	0.0317867	0.98817
0.841988	0.517783	0.188816
0.753174	0.594659	0.344253
0.172811	0.422699	0.891049
0.448229	0.506877	0.73914
0.462788	0.45768	0.765238
0.354555	0.936019	0.109638
0.765722	0.311433	0.585529
0.567634	0.823217	0.192861
0.199642	0.936881	0.360751
0.300416	0.40859	0.879375
0.731652	0.654346	0.220164
0.708539	0.384034	0.609813
0.911585	0.415217	0.00375017
0.177609	0.0727196	0.984428
0.99842	0.0397318	0.108158
0.8703	0.458926	0.252086
0.377449	0.122704	0.919777
0.497247	0.174041	0.861346
0.278034	0.438939	0.861342
0.406967	0.0303499	0.928697
0.0567107	0.979481	0.214943
0.147889	0.919635	0.388799
0.14447	0.956744	0.299184
0.936476	0.332909	0.135613
0.887677	0.0811184	0.474361
0.0165143	0.553776	0.84417
0.725916	0.10575	0.695897
0.890758	0.0798421	0.467083
0.168005	0.715208	0.681906
0.884346	0.0842245	0.462664
0.659759	0.734411	0.180606
0.362055	0.925527	0.14351
0.823941	0.128756	0.563551
0.248205	0.0949726	0.972191
0.905916	0.370914	0.22322
0.200852	0.898916	0.416236
0.430694	0.0525994	0.91323
0.721866	0.215264	0.663487
0.372686	0.92899	0.122784
0.488855	0.504136	0.734995
0.771051	0.229931	0.60156
0.270782	0.840854	0.490703
0.155019	0.965722	0.250599
0.197696	0.548243	0.817613
0.753802	0.303059	0.614747
0.640262	0.725652	0.266219
0.258737	0.971712	0.04793
0.968126	0.220931	0.128132
0.0769209	0.845176	0.557969
0.238183	0.215918	0.95452
0.147779	0.938828	0.318991
0.537043	0.847844	0.0305952
0.761659	0.114562	0.655412
0.233572	0.973051	0.0667153
0.0951843	0.198106	0.978834
0.308907	0.663353	0.701056
0.392295	0.913752	0.143594
0.898917	0.372743	0.267613
0.48941	0.495262	0.721321
0.737283	0.42825	0.533965
0.0733161	0.765726	0.642273
0.0154393	0.255953	0.9703
0.0649797	0.915813	0.403517
0.144073	0.95412	0.307306
0.806673	0.450394	0.429016
0.124814	0.82601	0.572084
0.69972	0.581555	0.439347
0.734582	0.403115	0.593526
0.0526609	0.432673	0.903301
0.0828409	0.760104	0.667026
0.0234884	0.976639	0.24591
0.978366	0.163303	0.191309
0.331327	0.863383	0.392013
0.879455	0.152261	0.460828
0.624821	0.150838	0.773286
0.302327	0.0982827	0.94999
0.47195	0.73374	0.495861
0.308441	0.54052	0.788049
0.213061	0.949301	0.274657
0.362494	0.292915	0.908898
0.902682	0.216272	0.393477
0.595249	0.804265	0.0302808
0.183521	0.842103	0.508791
0.397298	0.319824	0.884772
0.158973	0.839702	0.538302
0.393581	0.905038	0.206178
0.0607521	0.382826	0.922547
0.9093	0.361278	0.223114
0.927236	0.379644	0.0297534
0.696365	0.704515	0.168388
0.049597	0.795353	0.613959
0.974553	0.104369	0.20849
0.411484	0.883629	0.277325
0.24069	0.959197	0.172578
0.821891	0.442886	0.380081
0.314077	0.953601	0.0548019
0.46353	0.515366	0.725492
0.207391	0.492596	0.848978
0.203052	0.809202	0.595345
0.432768	0.900717	0.0888448
0.0245192	0.346126	0.951741
0.772191	0.609674	0.237453
0.559797	0.699913	0.458584
0.60838	0.3567	0.713333
0.459079	0.519147	0.725345
0.581776	0.800071	0.16863
0.227391	0.307237	0.933082
0.118969	0.628399	0.779002
0.344543	0.842757	0.42121
0.370146	0.616782	0.705687
0.282949	0.449978	0.8488
0.12904	0.97718	0.226962
0.133593	0.414556	0.902647
0.132406	0.9149	0.400258
0.525007	0.656193	0.581986
0.479405	0.599859	0.646717
0.824557	0.323256	0.482563
0.213404	0.888046	0.412731
0.558983	0.698896	0.464217
0.93973	0.341479	0.0609053
0.183443	0.572743	0.816664
0.428561	0.890296	0.234342
0.834596	0.141738	0.536769
0.589159	0.79484	0.180998
0.02174	0.135188	0.997029
0.482163	0.0360277	0.877211
0.80317	0.453806	0.429907
0.894135	0.395469	0.231932
0.379892	0.759363	0.532937
0.518205	0.510584	0.710965
0.423172	0.726777	0.543066
0.255743	0.285052	0.934863
0.922177	0.329188	0.232461
0.214423	0.983898	0.00832157
5.89307e-17	1.76888e-17	1.00483
0.55908	0.0466988	0.842382
0.0991077	0.0310074	0.999306
0.0290471	0.675197	0.743438
0.922711	0.399304	0.0541249
0.106713	0.521783	0.85172
0.29978	0.889431	0.381534
0.114581	0.90091	0.429028
0.7585	0.602809	0.265328
0.453872	0.623113	0.643155
0.621402	0.719915	0.316356
0.0918836	0.212746	0.973605
0.121702	0.514137	0.861139
0.823414	0.442411	0.363917
0.356019	0.570719	0.751555
0.529144	0.258581	0.809338
0.739173	0.319978	0.600644
0.111462	0.962694	0.257006
0.898612	0.449292	0.11947
0.199293	0.331114	0.928965
0.67418	0.68718	0.278467
0.0531772	0.280174	0.962626
0.764803	0.616223	0.242981
0.788432	0.365523	0.502048
0.133556	0.862199	0.495041
0.163142	0.0403797	0.993962
0.329504	0.89163	0.321787
0.380008	0.789673	0.513537
0.317154	0.564283	0.764832
0.139237	0.0696163	0.991741
0.0172145	0.910912	0.413915
0.226418	0.956517	0.240232
0.708411	0.491841	0.518325
0.12885	0.744977	0.662899
0.718319	0.698539	1.15323e-08
0.443858	0.507007	0.739457
0.438703	0.0809411	0.897269
0.46338	0.775628	0.436904
0.27696	0.706241	0.662204
0.725363	0.658452	0.233097
0.904025	0.44338	0.108525
0.4298	0.883538	0.203942
0.292377	0.683228	0.673429
0.912633	2.97586e-188	0.416312
0.879869	0.466943	0.102913
0.863806	0.168005	0.489116
0.171323	0.69276	0.702248
0.0685877	0.989727	0.152361
0.827433	0.405815	0.401889
0.632527	0.527191	0.571084
0.421447	0.23072	0.88815
0.584381	0.813205	0.0180792
0.0890788	0.988586	0.141088
0.938422	0.107198	0.330926
0.691979	0.359011	0.683001
0.608669	0.499419	0.63112
0.892264	0.423335	0.173185
0.671767	0.684721	0.294804
0.733189	0.679167	0.0476005
0.858007	0.17552	0.513345
0.302334	0.641431	0.72836
0.961567	0.0159901	0.323379
0.617737	0.497489	0.61352
0.855768	0.53851	0.043856
0.0372685	0.196356	0.984343
0.749415	0.59288	0.346013
0.50665	0.596373	0.627268
0.32265	0.935061	0.17801
0.543506	0.0948704	0.83814
0.514807	0.251575	0.820601
0.350315	0.470621	0.827233
0.646298	0.727288	0.239916
0.214868	0.312146	0.931877
0.155193	0.0993238	0.986225
0.744218	0.611618	0.310424
0.403106	0.483998	0.780238
0.931546	0.279616	0.248369
0.579743	0.373239	0.737928
0.118839	0.934387	0.393181
0.359249	0.942368	0.16726
0.346941	0.818883	0.475787
0.306612	0.919052	0.253453
0.0648515	0.987311	0.179497
0.652908	0.734727	0.18579
0.207289	0.103641	0.973666
0.994491	0.0981301	0.0902434
0.57125	0.609825	0.568183
0.28406	0.0528302	0.958286
0.680646	0.664383	0.335659
0.986748	0.155567	0.0796698
0.604983	0.802281	0.00183378
0.943346	0.00851602	0.353862
0.342184	0.0597291	0.940261
0.0490836	0.8424	0.548136
0.391393	0.923803	0.0819362
0.360585	0.74931	0.578535
0.0867464	0.991859	0.0972045
0.797261	0.296551	0.529346
0.281551	0.225114	0.952417
0.311597	0.554396	0.777307
0.0296599	0.689441	0.731036
0.209171	0.433517	0.885111
0.778413	0.380767	0.509022
0.252179	0.849149	0.468355
0.729671	0.340695	0.595432
0.263601	0.792527	0.559067
0.51559	0.709131	0.483537
0.407088	0.471713	0.785845
0.47243	0.762259	0.45119
0.794425	0.162513	0.609434
0.232723	0.338341	0.922674
0.846373	0.278693	0.459972
0.523492	0.281725	0.807145
0.641545	0.333838	0.691205
0.819529	0.582829	0.00186199
0.968489	0.264012	0.0423864
0.368555	0.190771	0.91114
0.954308	0.306321	0.164469
0.69637	0.659819	0.302928
0.411225	0.496297	0.769477
0.461972	0.634792	0.622824
0.487098	0.144907	0.869878
0.980756	0.200631	0.0180731
0.963065	0.271295	5.29466e-201
0.536262	0.842758	0.0715393
0.381658	0.191843	0.906396
0.949584	0.307523	0.0683423
0.638387	0.770455	0.0556047
0.409644	0.600879	0.710434
0.95006	0.184781	0.285466
0.811752	0.295006	0.520643
0.371361	0.921863	0.120039
0.802719	0.291723	0.535734
0.70919	0.292117	0.650017
0.519615	0.243251	0.821782
0.753773	0.607935	0.251259
0.0141031	0.853636	0.524977
0.968984	0.110689	0.229794
0.662675	0.757134	0.0052215
0.448885	0.693552	0.575741
0.553281	0.835767	0.0138432
0.577584	0.118155	0.817064
0.0164386	0.994997	0.134509
0.343378	0.461302	0.835266
0.699768	0.000464422	0.718763
0.910023	0.384003	0.160957
0.481642	0.626628	0.626985
0.759581	0.353675	0.556034
0.0984897	0.134929	0.987964
0.71175	0.64999	0.30437
0.246703	0.139211	0.96027
0.943646	0.188274	0.283809
0.294754	0.193336	0.937608
0.773877	0.335001	0.585546
0.806179	0.375379	0.461616
0.974723	0.240609	0.00347961
0.388851	0.733162	0.563106
0.48882	0.0081287	0.894197
0.977192	0.170571	0.159672
0.780429	0.633086	0.041345
0.483319	0.850531	0.216802
0.572862	0.529879	0.631727
0.433334	0.879655	0.210626
0.237083	0.344679	0.913426
0.60685	0.426622	0.672107
0.272583	0.648724	0.722765
0.18034	0.985276	0.0626562
0.836837	0.0989364	0.544956
0.00382248	0.981148	0.210746
0.553645	0.297985	0.780696
0.655609	0.652964	0.389502
0.46758	0.771577	0.436272
0.370852	0.810414	0.458807
0.59072	0.807299	0.0379248
0.592803	0.648443	0.498082
0.183454	0.349424	0.925217
0.784822	0.418852	0.461568
0.433249	0.855735	0.346679
0.167675	0.708981	0.716918
0.649381	0.763507	0.0249141
0.0807233	0.214158	0.978622
0.650401	0.654387	0.388718
0.881114	0.27758	0.402853
0.882538	3.79664e-05	0.477446
0.178473	0.790747	0.589997
0.53797	0.830485	0.164645
0.335469	0.556218	0.767488
0.508337	0.412668	0.760842
0.386665	0.624689	0.684545
0.393576	0.57708	0.719087
0.646938	0.456177	0.631849
0.773381	0.390995	0.509051
5.48448e-17	2.99699e-17	1.02069
0.280606	0.960484	0
0.078004	0.990634	0.131198
0.0599706	0.449374	0.898302
0.540489	0.0278722	0.842209
0.967909	0.255682	0.0313281
0.736523	0.385143	0.562904
0.71887	0.584776	0.383189
0.654715	0.0490809	0.756566
0.981585	0.167296	0.175276
0.565144	0.752089	0.35497
0.677772	0.732847	0.118634
0.979871	0.225406	0.0415093
0.303361	0.571013	0.765043
0.102857	0.98281	0.159445
0.445123	0.710011	0.552662
0.74899	0.243588	0.620843
0.163311	0.0382979	0.986824
0.254142	0.0132233	0.973441
0.286641	0.795323	0.544475
0.507879	0.397683	0.771742
0.977785	0.128873	0.184365
0.451839	0.772172	0.459086
0.777141	0.194621	0.601135
0.130761	0.866402	0.494515
0.659036	0.415744	0.628252
0.406306	0.233851	0.88511
0.233286	0.920195	0.345077
0.143792	0.596269	0.792651
0.534025	0.329225	0.784545
0.253026	0.829621	0.506929
0.607537	0.784032	0.140472
0.0443118	0.82102	0.570299
0.303329	0.955423	0.0502525
0.713528	0.479774	0.515483
0.295144	0.304739	0.909633
0.427105	0.775865	0.466417
0.552884	0.832231	0.0867534
0.301	0.490235	0.828458
0.474534	0.552479	0.690393
0.117959	0.260173	0.9594
0.241618	0.697765	0.679981
0.489765	0.56871	0.666908
0.618145	0.406115	0.67515
0.667549	0.428089	0.613427
0.754354	0.629231	0.196282
0.707775	0.695654	0.152974
0.657794	0.0885535	0.750129
0.59458	0.410461	0.701628
0.566408	0.677374	0.487846
0.173862	0.16551	0.977475
0.835865	0.267032	0.498434
0.604025	0.80383	0.00131888
0.0613698	0.148504	0.996878
0.500659	0.81481	0.308765
0.0165975	0.821625	0.576093
0.92624	0.380098	0.0313309
0.51936	0.275663	0.810409
0.26539	0.813547	0.519593
0.228436	0.634687	0.740782
0.840584	0.560176	0.105417
0.21986	0.887633	0.418663
0.419693	0.644308	0.645466
0.393746	0.123408	0.919584
0.687591	0.72447	0.0720887
0.832615	0.0212125	0.591383
0.590305	0.322572	0.743088
0.493895	0.684448	0.540331
0.358402	0.870234	0.340394
0.436186	0.889428	0.143803
0.44959	0.29476	0.847638
0.614382	0.60434	0.534998
0.0332319	0.733158	0.713124
0.0940822	0.970975	0.229596
0.692209	0.624225	0.378635
0.847165	0.539358	0.0966812
0.0401125	0.976242	0.221651
0.194466	0.631837	0.75914
0.869089	0.32035	0.389592
0.632486	0.415536	0.656022
0.0081603	0.359162	0.950509
0.850672	0.137838	0.523273
0.878791	0.337366	0.35356
0.273522	0.861905	0.432859
0.184083	0.89918	0.430565
0.933112	0.182226	0.315504
0.904211	0.081843	0.42591
0.628653	0.687469	0.379973
0.355975	0.672954	0.652112
0.705527	0.0785165	0.719521
0.168956	0.201353	0.975999
0.82022	0.518966	0.260928
0.15257	0.467722	0.882345
0.389912	0.51129	0.769453
0.0193997	0.466691	0.88734
0.373226	0.601887	0.722045
0.570564	0.766699	0.302131
0.826252	0.462432	0.363385
0.111931	0.139202	0.986019
0.771367	0.590089	0.243137
0.0216045	0.950886	0.329409
0.464796	0.865156	0.204216
0.574495	0.37438	0.732674
0.88981	0.368046	0.336253
0.248612	0.850254	0.465639
0.642736	0.312662	0.707149
0.81032	0.430036	0.400897
0.989924	0.142244	0.150903
0.292002	0.955743	0.0634626
0.912957	0.0091435	0.45009
0.672731	0.210848	0.736071
0.873547	0.468066	0.190487
0.339561	0.942159	0.0953449
0.501753	0.0934846	0.872007
0.104556	0.0989899	0.990586
0.40013	0.604864	0.69035
0.00917143	0.848673	0.537705
0.894797	0.0628697	0.445302
0.73116	0.501952	0.483131
0.314942	0.939779	0.197981
0.478529	0.703192	0.546996
0.38194	0.00463543	0.944045
0.547269	0.0205232	0.84251
0.27365	0.834942	0.479258
0.760596	0.649132	0.06923
0.394484	0.30843	0.866294
0.368803	0.92884	0.083571
0.413476	0.911174	0.0748293
0.0530315	0.611386	0.793064
0.237505	0.521836	0.825688
0.955284	0.282869	0.13473
0.311595	0.175222	0.937797
0.412841	0.661139	0.639679
0.8527	0.477235	0.27314
0.348906	0.566819	0.76835
0.582128	0.755999	0.312716
0.636306	0.0359383	0.771843
6.2465e-17	2.10819e-19	1.02014
0.46368	0.85697	0.279887
0.610112	0.119148	0.787957
0.0279895	0.73745	0.727218
0.89927	0.298804	0.320176
0.264206	0.343119	0.913951
0.70176	0.14915	0.698183
0.846691	0.486793	0.219383
0.806087	0.409432	0.471402
0.840932	0.556254	0.115986
0.178773	0.546234	0.820178
0.854338	0.134979	0.516754
0.366519	0.665807	0.653267
0.0998514	0.969616	0.232231
0.0862283	0.943862	0.32315
0.214837	0.759619	0.617443
0.616771	0.741967	0.270081
0.00651524	0.268537	0.964374
0.278434	0.287485	0.928623
0.203348	0.761656	0.616598
0.841979	0.556947	0.105352
0.547712	0.805034	0.237128
0.326443	0.719447	0.622849
0.804222	0.497007	0.330135
0.504666	0.655059	0.587145
0.882782	0.47269	0.00374772
0.284102	0.514263	0.81428
0.348159	0.534672	0.778334
0.289411	0.441689	0.861327
0.321999	0.413707	0.855109
0.663946	0.656555	0.363433
0.927058	0.344927	0.159352
0.301344	0.843296	0.448356
0.420947	0.885546	0.210332
0.343554	0.594867	0.736465
0.571475	0.0534433	0.821059
0.199103	0.550332	0.815392
0.210044	0.859957	0.466217
0.0884273	0.913124	0.410186
0.492852	0.191865	0.858352
0.326845	0.876434	0.369843
0.185246	0.75346	0.637171
0.364234	0.930611	0.0825759
0.150511	0.350424	0.937042
0.623795	0.497404	0.605743
0.347826	0.366481	0.864586
0.577694	0.191952	0.79606
0.716941	0.662507	0.247995
0.186691	0.60912	0.777178
0.965168	0.0508361	0.263652
0.951824	0.283474	0.134305
0.0991577	0.104476	0.990983
0.461369	0.699954	0.558863
0.861717	0.468962	0.342586
0.993972	0.142826	0.0132792
0.444868	0.907249	0.0641671
1.00001	0	0
5.68427e-17	2.54232e-17	1.01693
0.854293	0.521793	0.0840271
0.984555	0.092307	0.206214
0.748603	0.627027	0.222441
0.0169093	0.119131	0.996976
0.949489	0.320028	0.0316849
0.156217	0.904244	0.398852
0.982143	0.0850258	0.224562
0.818524	0.0561748	0.579814
0.147346	0.471454	0.871452
0.541211	0.587384	0.616586
0.553898	0.834699	0.0433331
0.256542	0.967463	0.0985658
0.20349	0.876874	0.443849
0.701308	0.0238724	0.726234
0.929394	0.291651	0.247187
0.272952	0.863136	0.437579
0.309965	0.286328	0.908435
0.544776	0.808846	0.257435
0.17308	0.912459	0.373574
0.729449	0.346094	0.60359
0.726525	0.540399	0.428236
0.358113	0.840722	0.410103
0.195755	0.530849	0.830688
0.221598	0.978128	0.106482
0.127876	0.0596909	0.994535
0.671216	0.69444	0.297914
0.0497356	0.77528	0.654211
0.150297	0.98348	0.119099
0.942452	0.310979	0.170924
0.293269	0.819103	0.50077
0.249088	0.178545	0.954386
0.873614	0.106458	0.485103
0.715304	0.532053	0.463988
0.481774	0.214141	0.86429
0.590525	0.570027	0.587138
0.118794	0.978967	0.17982
0.0939997	0.994782	0.0615833
0.126045	0.950589	0.286747
0.407289	0.447929	0.796167
0.962576	0.0766906	0.266285
0.963842	0.302461	0.00159581
0.489494	0.772071	0.420432
0.11195	0.958653	0.304053
0.446905	0.881364	0.15647
0.18367	0.922522	0.343176
0.752018	0.0516106	0.666018
0.861747	0.0283151	0.520017
0.105984	0.146628	0.993145
0.358921	0.793567	0.493932
0.245528	0.618743	0.757944
0.937508	0.349085	0.026547
0.0502934	0.738758	0.677972
0.857842	0.484845	0.194474
0.833083	0.0826984	0.550874
0.825808	0.217277	0.52661
0.210029	0.139564	0.977409
0.61661	0.709526	0.365097
0.0241921	0.988445	0.162352
0.875653	0.0313131	0.511499
0.889695	0.150734	0.449906
0.07911	0.716428	0.71244
0.402033	0.89452	0.241414
0.499638	0.802582	0.333641
0.306716	0.439828	0.847617
0.458153	0.382484	0.816941
0.27835	0.886175	0.389313
0.647664	0.677602	0.392868
0.453418	0.204766	0.874966
0.434973	0.857832	0.275421
0.536968	0.458103	0.730054
0.032814	0.534406	0.846353
0.805203	0.222835	0.59692
0.784412	0.519825	0.343999
0.88709	0.306567	0.350116
0.906576	0.2306	0.376083
0.653507	0.598071	0.478094
0.440925	0.881012	0.194436
0.397797	0.329995	0.857096
0.679504	0.64632	0.36906
0.782307	0.61098	0.164255
0.698323	0.665463	0.327042
0.762652	0.638795	0.11217
0.50584	0.812545	0.293747
0.777403	6.59915e-07	0.638035
0.413748	0.185483	0.897099
0.346687	0.853657	0.405555
0.672566	0.0461578	0.744826
0.258154	0.943137	0.21499
0.790796	0.63738	0.0718935
0.843823	0.373183	0.402605
0.780874	0.355856	0.516989
0.400126	0.134864	0.909012
0.635991	0.387786	0.674423
0.168268	0.721948	0.692489
0.722219	0.599211	0.347354
0.395981	0.871287	0.324474
0.494154	0.339151	0.804811
0.956775	0.0139931	0.296488
0.422272	0.832784	0.361697
0.101392	0.151048	0.985108
0.239352	0.739031	0.631135
0.43341	0.197512	0.894366
0.387379	0.931944	9.90428e-07
0.662375	0.685293	0.312901
0.512164	0.4314	0.761903
0.216514	0.267345	0.9465
0.912744	0.31826	0.278768
0.682562	0.466946	0.578202
0.473719	7.12518e-05	0.886559
0.301014	0.968331	5.63393e-05
0.866802	0.489582	0.132282
0.379342	0.172872	0.922546
0.361383	0.394877	0.846146
0.572624	0.831234	0.0663913
0.638594	0.559678	0.561513
0.24987	0.64983	0.7206
0.708828	0.0143493	0.733747
0.0428575	0.00527003	0.999485
0.43647	0.365948	0.829699
0.693851	0.476209	0.545793
0.340862	0.207835	0.918614
0.992804	0.123597	0.0197333
0.2816	0.260881	0.933539
0.285002	0.562067	0.791997
0.612352	0.783729	0.17946
0.725733	0.658699	0.235312
0.648874	0.552371	0.566601
0.114541	0.0386066	0.995358
0.0877702	0.780618	0.63793
0.580326	0.742195	0.339898
0.339036	0.34249	0.883737
0.79421	0.590744	0.170037
0.465001	0.220372	0.859307
0.0986301	0.746973	0.660607
0.337563	0.467017	0.8261
0.352964	0.262844	0.900991
0.576467	0.667252	0.510032
0.298105	0.193846	0.939656
0.82243	0.581023	0.0143846
0.887988	0.108458	0.465379
0.0266264	0.391115	0.924088
0.568598	0.786653	0.283228
0.370451	0.383268	0.854128
0.602833	0.499464	0.632744
0.801466	0.360915	0.507048
0.52337	0.359203	0.774823
0.563773	0.464296	0.685066
0.449565	0.724725	0.53436
0.23812	0.187845	0.958152
0.255019	0.938236	0.245924
0.598271	0.451706	0.665584
0.320738	0.919699	0.233882
0.653031	0.751253	0.147562
0.478191	0.734632	0.482691
0.663169	0.748917	0.0620684
0.344775	0.762377	0.554094
0.327419	0.938855	0.118056
0.0431526	0.484676	0.877706
0.992297	0.0001262	0.132571
0.659187	0.758333	0.0521754
0.712048	0.463017	0.541876
0.207841	0.158812	0.968124
0.609811	0.405219	0.701304
0.121606	0.887946	0.448552
0.0219563	0.154688	0.991413
0.0496201	0.390847	0.928337
0.548154	0.656784	0.565814
0.414749	0.445744	0.800694
0.402645	0.126788	0.908781
0.260549	0.169425	0.960074
0.871795	0.492732	0.075915
0.756985	0.248887	0.611209
0.694393	0.010358	0.750221
0.190396	0.606159	0.781984
0.23441	0.152697	0.963456
0.508823	0.228105	0.836078
0.773586	0.271953	0.575875
0.545549	0.792458	0.304897
0.240061	0.815053	0.537194
0.0890908	0.401034	0.91326
0.416584	0.428323	0.808085
0.346426	0.108711	0.941833
0.330308	0.724681	0.606322
0.382727	0.411809	0.83925
0.37498	0.256143	0.902879
0.486659	0.640991	0.594016
0.679811	0.300267	0.707474
0.616557	0.412661	0.69234
0.55144	0.769089	0.325185
0.932813	0.406825	0.0058611
0.568059	0.774448	0.319634
0.841941	0.377441	0.402611
0.59998	0.703659	0.410906
0.912899	0.235274	0.354026
2.74288e-17	5.49699e-17	1.00328
0.251022	0.958636	0.139339
0.353981	0.0393109	0.937742
0.845409	0.333157	0.425057
0.190845	0.258074	0.951232
0.670118	0.448866	0.598304
0.910759	0.178207	0.376321
0.156175	0.983993	0.125381
0.672876	0.126545	0.735998
0.0730056	0.485258	0.87191
0.340224	0.899085	0.349463
0.113577	0.193805	0.974894
0.760926	0.609566	0.242077
0.778863	0.273903	0.574389
0.122634	0.469826	0.875849
0.573511	0.442342	0.696048
0.921015	0.410883	0.0562963
0.019777	0.925803	0.382407
0.397755	0.582617	0.713623
0.494554	0.457431	0.745623
0.680389	0.26985	0.685564
0.787805	0.597612	0.164389
0.72254	0.284737	0.631544
0.628683	0.421112	0.658126
0.658389	0.755666	0.106922
0.388714	0.722934	0.582939
0.274171	0.859392	0.441299
0.81823	0.554461	0.176662
0.259399	0.946837	0.198443
0.6056	0.793747	0.0645854
0.522808	0.852109	0.0534286
0.150097	0.168981	0.980776
0.293831	0.032631	0.966539
0.230486	0.404939	0.900968
0.223348	0.976873	0.0436177
0.977934	0.0182786	0.225017
0.242917	0.500402	0.837273
0.194357	0.902218	0.390392
0.468654	0.313919	0.82867
0.307809	0.236137	0.930607
0.946208	0.300104	0.132997
0.178773	0.560364	0.814561
0.726851	0.575999	0.387687
0.210328	0.976354	0.08235
0.642997	0.697899	0.328534
0.0425567	0.823461	0.56716
0.653125	0.521416	0.553075
0.283324	0.0497514	0.958227
0.744696	0.627135	0.258562
0.365053	0.937942	0.0561828
0.376296	0.68336	0.634826
0.453055	0.254658	0.856037
0.588558	0.0164286	0.850171
0.599729	0.459491	0.664527
0.344576	0.29018	0.895131
0.416469	0.618453	0.691882
0.0905753	0.132891	0.992697
0.753549	0.305158	0.603076
0.304769	0.955301	0.118472
0.419863	0.325688	0.847474
0.506495	0.00228726	0.863551
0.854072	0.354021	0.394154
0.47415	0.693857	0.559519
0.408144	0.916028	0.0150243
0.92185	0.363292	0.156139
0.939874	0.102564	0.335805
0.876366	0.322711	0.364526
0.545876	0.814218	0.209571
0.0612378	0.687555	0.72935
0.547455	0.611307	0.582796
0.210999	0.97947	0.0352798
0.636883	0.496377	0.614889
0.0415208	0.638803	0.773584
0.578931	0.664468	0.485367
0.0121584	0.644218	0.768395
0.778667	0.427831	0.465573
0.500616	0.744557	0.460727
0.687991	0.579381	0.455836
0.486774	0.390091	0.784025
0.738561	0.463283	0.496409
0.894905	0.147784	0.433213
0.964845	0.0958109	0.248878
0.591463	0.222521	0.778868
0.0786016	0.891298	0.46208
0.449312	0.0420932	0.896709
0.787449	0.0859305	0.615568
0.118504	0.141585	0.984155
0.565522	0.476246	0.679588
0.94711	0.0940498	0.338048
0.0700967	0.771626	0.651542
0.538994	0.801644	0.293882
0.839914	0.0466611	0.545786
0.683733	0.527392	0.505779
0.795046	0.341135	0.526321
0.774936	0.506689	0.382353
0.979954	0.184743	0.10679
0.0931979	0.45273	0.889358
0.154587	0.688139	0.715286
0.163892	0.809291	0.566046
0.747851	0.488979	0.461442
0.907069	0.149035	0.410251
0.237533	0.200035	0.951529
0.608037	0.784926	0.177736
0.443851	0.174912	0.88206
0.371609	0.538992	0.761528
0.132087	0.596031	0.79379
0.105113	0.408185	0.913639
0.905046	0.382402	0.19222
0.696894	0.531715	0.491873
0.560395	0.797614	0.326282
0.511054	0.782912	0.359423
4.70518e-05	0.16257	0.988648
0.0504493	0.241899	0.970829
0.239641	0.880805	0.418376
0.953202	0.18325	0.244166
0.429473	0.8469	0.316538
0.142503	0.77305	0.621436
0.803527	0.324487	0.513873
0.298095	0.952575	0.187904
0.266155	0.943437	0.213372
0.780993	0.623498	0.0754473
0.782539	0.624411	0.0720473
0.971996	0.217245	0.0954832
0.384743	0.652769	0.659021
0.0325869	0.718271	0.69981
0.00818401	0.62992	0.778644
0.18446	0.669586	0.750961
0.566896	0.650655	0.51963
0.438832	0.883178	0.185657
0.768702	0.589546	0.27263
0.663855	0.51206	0.551075
0.790586	0.297436	0.540081
0.402837	0.590061	0.705351
0.634751	0.461966	0.624968
0.871553	0.320518	0.409465
0.410583	0.887959	0.219614
0.532092	0.387611	0.758639
0.886138	0.357879	0.319863
0.424892	0.636349	0.650289
0.381528	0.895026	0.247563
0.866595	0.373041	0.355029
0.529617	0.390168	0.761208
0.716517	0.28935	0.67625
0.922001	0.00211205	0.399648
0.475136	0.834764	0.291457
0.0942712	0.361165	0.936392
0.879842	0.246966	0.413925
0.514908	0.541525	0.669981
0.62537	0.626091	0.476229
0.402729	0.870971	0.287094
0.418175	0.861531	0.306728
0.566306	0.829407	0.01762
0.986772	0.183138	0.0884793
0.6941	0.0784112	0.732101
0.218815	0.570598	0.806042
0.153759	0.679087	0.75285
5.97397e-17	0.975623	0.23352
0.303741	0.841788	0.473407
0.898055	0.00642674	0.447245
0.762244	0.0714099	0.64692
0.768224	0.227564	0.61017
0.97528	0.112086	0.204108
0.153259	0.0538966	0.992551
0.246595	0.50798	0.832492
0.790985	0.340087	0.532967
0.714137	0.569831	0.413832
0.609941	0.799425	0.0629741
0.960488	0.0953783	0.265445
0.429461	0.642094	0.639807
0.319209	0.225564	0.928164
0.847515	0.0633464	0.534391
0.175904	0.933058	0.315927
0.0637961	0.424044	0.906801
0.178283	0.935185	0.308751
0.804338	0.529313	0.2793
0.21314	0.376548	0.906965
0.327451	0.733164	0.606923
0.175827	0.669976	0.748944
0.608421	0.0104646	0.814279
0.180763	0.705939	0.687568
0.463468	0.72949	0.510999
0.542491	0.711439	0.464942
0.169778	0.690826	0.704347
0.392324	0.712468	0.599872
0.332668	0.732494	0.608081
0.280036	0.528677	0.806486
0.0578775	0.163488	0.98797
0.821682	0.217046	0.534382
0.0602386	0.920082	0.390027
0.314064	0.520716	0.802061
0.890512	0.212725	0.410113
0.830567	0.30548	0.475396
0.613174	0.732054	0.300504
0.986999	0.174524	0.0904075
6.3087e-17	3.89937e-19	1.03031
6.12358e-17	1.00006	0
0.423453	0.781273	0.461226
0.760962	0.369525	0.535681
0.2809	0.945977	0.202323
0.509266	0.0923974	0.856271
0.736681	0.151624	0.659862
0.661963	0.627606	0.429727
0.445248	0.0132091	0.899145
0.632099	0.563195	0.540773
0.055616	0.73839	0.682447
0.199251	0.813801	0.55507
0.346581	0.438781	0.851207
0.212505	0.963003	0.202348
0.641248	0.588036	0.495101
0.136123	0.458418	0.885797
0.650993	0.760599	0.0276148
0.930898	0.358879	0.0864781
0.867946	0.300507	0.401641
0.718879	0.680813	0.179856
0.882691	0.285384	0.383254
0.848161	0.206255	0.503984
0.0348938	0.388958	0.923753
0.945262	0.17879	0.280413
0.316811	0.748284	0.623568
0.3814	0.502544	0.778584
0.0659901	0.833275	0.553953
0.912741	0.139561	0.397311
0.562532	0.533336	0.646896
0.7786	0.615422	0.151991
0.750016	0.142288	0.66975
0.519408	0.146683	0.845639
0.61116	0.593977	0.545743
0.862079	0.49697	0.13642
5.20296e-17	3.49245e-17	1.02338
0.35908	0.851539	0.414376
0.0238873	0.907731	0.423296
0.179885	0.187748	0.968651
0.410034	0.523513	0.759817
0.700012	0.682721	0.217612
0.835996	0.288623	0.469766
0.272638	0.646547	0.722919
0.0971794	0.70961	0.701563
0.074953	0.842928	0.536519
0.80297	0.000677022	0.630371
0.297794	0.0816531	0.952546
0.773192	0.548372	0.341742
0.729007	0.255369	0.647819
0.396145	0.45186	0.81282
0.487547	0.878909	0.0442521
0.250544	0.868252	0.433528
0.589333	0.820726	0.0967902
0.937834	0.340152	0.0987182
0.692588	0.434209	0.579674
0.797174	0.313241	0.520354
0.148862	0.807665	0.574945
0.323926	0.124253	0.942817
0.505248	0.426768	0.786742
0.852704	0.518596	0.105739
0.482515	0.00566497	0.87954
0.688856	0.642579	0.410311
0.405409	0.2225	0.891085
0.80416	0.480118	0.363404
0.208362	0.983974	0.0347411
0.622057	0.789442	0.00981471
0.385415	0.509306	0.776359
0.37136	0.211566	0.906571
0.918927	0.328925	0.235593
0.00908635	0.999023	0.0539879
0.310393	0.825842	0.476438
0.0959409	0.695633	0.715675
0.890181	0.11919	0.447296
0.819037	0.32243	0.475342
0.906825	0.221665	0.36974
0.843116	0.191947	0.52431
0.552425	0.382363	0.745284
0.391627	0.722555	0.583987
0.555456	0.801259	0.229015
0.0679597	0.902273	0.44172
0.460164	0.669797	0.588784
0.501189	0.100081	0.862825
0.475761	0.86089	0.20787
0.492543	0.00983204	0.877474
0.548105	0.131014	0.828507
0.709084	0.693102	0.147535
0.166887	0.0457594	0.990235
0.855551	0.443629	0.272302
0.340481	0.449752	0.843752
0.892866	0.236325	0.38556
0.457456	0.896398	0.12581
0.222511	0.632551	0.769865
0.861824	0.0552101	0.524657
0.042772	0.555743	0.839347
0.683868	0.716893	0.209383
0.785507	0.544258	0.319521
0.491603	0.649608	0.595963
0.0152422	0.970414	0.244968
0.433836	0.510341	0.74625
0.15299	0.108391	0.987246
0.144443	0.392962	0.922315
0.530938	0.247071	0.817956
0.682456	0.724772	0.123782
0.554858	0.800397	0.233521
0.410333	0.39931	0.833595
0.828537	0.201483	0.533219
0.6683	0.162517	0.737554
0.257241	0.900403	0.362336
0.988798	0.0772107	0.196877
0.108219	0.20384	0.975932
0.859235	0.0626151	0.512596
0.791944	0.47009	0.394968
0.594879	0.411831	0.704499
0.294894	0.911513	0.294956
0.515748	0.864686	0.18222
0.236174	0.932333	0.289069
0.0483496	0.610523	0.793803
0.318967	0.940414	0.203757
0.204475	0.270274	0.949875
0.158922	0.935698	0.330801
0.238691	0.635068	0.737764
0.807138	0.462057	0.388242
0.697328	0.292507	0.672471
0.290101	0.915702	0.325293
0.173277	0.853085	0.510714
0.0501125	0.349466	0.936795
0.809107	0.579815	0.115644
0.162972	0.776377	0.61493
0.000174877	0.419392	0.915192
0.628659	0.24236	0.74211
0.0184652	0.233165	0.975025
0.918192	0.330896	0.235587
0.970012	0.0468142	0.243372
0.660366	0.706612	0.262422
0.225539	0.0573578	0.979286
0.666469	0.279563	0.697582
0.618099	0.224792	0.755124
0.352446	0.891806	0.288675
0.332573	0.788679	0.541596
0.12064	0.646516	0.755088
0.984506	0.0376043	0.222158
0.232352	0.55624	0.806593
0.255564	0.885648	0.393821
0.687195	0.230663	0.718269
0.597621	0.07205	0.800458
0.563893	0.604935	0.564921
0.462833	0.85393	0.252964
0.129191	0.994306	0.111224
0.110402	0.0382324	0.997243
0.694996	0.465607	0.56015
0.605104	0.737085	0.309912
0.826431	0.346662	0.453301
0.571941	0.0276442	0.83367
0.0789201	0.996546	0.0803447
0.189065	0.973613	0.141042
0.815056	0.582563	0.0681241
0.714448	0.688512	0.160493
0.117916	0.397949	0.916729
0.191775	0.592874	0.785184
0.560713	0.546203	0.653242
0.874636	0.110642	0.478889
0.94929	0.306916	0.0856205
0.472048	0.48876	0.738828
0.903156	0.423999	0.152799
0.372735	0.468537	0.802589
0.262518	0.924397	0.31316
0.544276	0.581284	0.606345
0.459957	0.655658	0.60416
0.711291	0.68547	0.166387
0.126942	0.240729	0.96406
0.471341	0.633959	0.618607
0.528487	0.489624	0.706849
0.677285	0.719281	0.171872
0.464378	0.837141	0.30532
0.869746	0.50139	0.00533568
0.569892	0.196655	0.806659
0.263473	0.103722	0.959608
0.576663	0.762008	0.355019
0.497892	0.657919	0.586762
0.535952	0.51434	0.670307
0.254988	0.0201938	0.977983
0.511864	0.474248	0.733272
0.625108	0.760737	0.192653
0.830711	0.422261	0.419555
0.302719	0.350522	0.889922
0.892168	0.0298561	0.452823
0.76449	0.157348	0.625862
0.802334	0.19462	0.566649
0.28758	0.907742	0.343371
0.958451	0.0191324	0.313871
0.64787	0.769158	0.00555883
0.575686	0.342565	0.746517
0.0439524	0.57108	0.830558
0.779808	0.553065	0.323683
0.140157	0.035644	0.991819
0.219932	0.599199	0.772027
1.9837e-17	5.83286e-17	1.00616
0.531648	0.259816	0.807507
0.114958	0.938498	0.347394
0.67034	0.658989	0.35699
0.550299	0.278457	0.789246
0.573025	0.721845	0.42372
0.194254	0.972955	0.223708
0.740639	0.00414654	0.674707
0.298219	0.879468	0.375282
0.0927544	0.888341	0.455365
0.783786	0.396604	0.479119
0.435966	0.176504	0.898906
0.218998	0.798644	0.561861
0.660934	0.113786	0.755546
0.729587	0.365088	0.600503
0.329464	0.0817344	0.943629
0.0298136	0.977956	0.236275
0.815342	0.566329	0.166388
0.965399	0.264494	0.00271579
0.136778	0.910107	0.414386
0.875377	0.124321	0.472607
0.567913	0.268689	0.785107
0.869902	0.433545	0.249329
0.721704	0.444478	0.537614
0.406971	0.47403	0.78235
0.497917	0.872489	0.0339932
0.762916	0.387935	0.551153
0.307357	0.903524	0.304866
0.384859	0.0137209	0.925921
0.491261	0.830353	0.268537
0.778169	0.609044	0.160855
0.525151	0.215301	0.830638
0.242607	0.713181	0.665529
0.0703477	0.139023	0.989728
0.425602	0.850354	0.315571
0.504596	0.866698	0.00845093
0.323178	0.600858	0.753487
0.975618	0.0332683	0.220791
0.701392	0.319696	0.641808
0.587024	0.784687	0.245884
0.482493	0.0534848	0.886086
0.843387	0.55177	0.0745636
0.120509	0.18424	0.976247
0.315962	0.126055	0.945652
0.17565	0.516352	0.839725
0.913254	0.406164	0.131416
0.418603	0.042645	0.917802
0.212165	0.637778	0.742316
0.476418	0.0757474	0.880315
0.182526	0.806868	0.568666
0.0337944	0.314244	0.957458
0.736962	0.37291	0.579625
0.37732	0.171983	0.910753
0.173361	0.509952	0.851077
0.775567	0.577043	0.289338
0.59493	0.673139	0.447274
0.0118389	0.931203	0.367491
0.937835	0.343991	0.0568127
0.647042	0.147416	0.760895
0.386536	0.897458	0.260003
0.360699	0.420134	0.839353
0.988589	0.183078	0.0165102
0.796128	0.197506	0.576134
0.926188	0.334314	0.177683
0.867525	0.49948	0.0462223
0.883722	0.0456026	0.492663
0.971142	0.246972	0.0951564
0.952051	0.158014	0.264948
0.942355	0.137098	0.352733
0.118837	0.789034	0.609842
0.0414547	0.6134	0.79011
0.446787	0.0710364	0.89405
0.460988	0.875072	0.231062
0.845952	0.442691	0.31384
0.368347	0.622598	0.691622
0.891527	0.360833	0.292596
0.886906	0.464707	0.0829669
0.643044	0.685092	0.359904
0.143061	0.630987	0.777885
0.707732	0.455149	0.544791
0.410277	0.286901	0.870955
0.279902	0.487201	0.828408
0.933819	0.379137	0.074564
0.385839	0.690503	0.61728
0.294572	0.95393	0.100902
0.349465	0.619604	0.720914
0.673425	0.0928893	0.738607
0.33976	0.137554	0.934322
0.272895	0.950258	0.153564
0.854666	0.236968	0.464828
0.458799	0.631575	0.627735
0.0872747	0.81154	0.589694
0.933053	0.160633	0.330559
0.28994	0.863026	0.418566
0.0452999	0.353784	0.935951
0.169968	0.85824	0.488423
0.761474	0.342828	0.557755
0.59854	0.526387	0.608546
0.148902	0.261011	0.958598
0.852364	0.573835	0.0261407
0.904595	0.422773	0.209563
0.825616	0.375397	0.429808
0.370754	0.698729	0.615019
0.630175	0.109614	0.771603
0.637884	0.770426	0.0828798
0.689765	0.360957	0.630893
0.467319	0.235904	0.863848
0.711768	0.283609	0.651217
0.805162	0.579858	0.205565
0.513925	0.831423	0.218053
0.438761	0.763714	0.481869
0.562342	0.224368	0.798955
0.681656	0.708556	0.185603
0.834985	0.562135	0.0653661
0.0244018	0.728951	0.702152
0.921123	0.209861	0.333559
0.108452	0.992074	0.118825
0.394727	0.841487	0.399099
0.521227	0.246601	0.822843
0.693593	0.189512	0.70105
0.400393	0.91561	0.069228
0.820702	0.573896	0.0950993
0.177889	0.745313	0.644406
0.255892	0.960192	0.126212
0.558181	0.650156	0.517309
0.820715	0.591059	0.0622574
0.103043	0.993589	0.131762
0.679925	0.34045	0.653027
0.724546	0.503262	0.482865
0.365579	0.636332	0.684861
0.56	0.642681	0.523064
0.0772367	0.739341	0.682046
0.0895899	0.752176	0.661021
0.47335	0.0602334	0.885281
0.0548417	0.524967	0.860386
0.775925	0.569895	0.278194
0.624277	0.329723	0.711205
0.94936	0.104303	0.308736
0.593839	0.30152	0.763623
0.340773	0.713276	0.614629
0.892168	0.453658	0.137358
0.652577	0.559011	0.533585
0.377399	0.924368	0.104451
0.792107	0.143183	0.62586
0.203737	0.857435	0.480083
0.781369	0.219022	0.585421
0.86581	0.4146	0.282639
0.0545958	0.533143	0.85734
0.158563	0.0264934	0.996987
0.585145	0.459373	0.681636
0.425034	0.178041	0.890817
0.92544	3.18815e-05	0.381368
0.188394	0.533209	0.829507
0.0581106	0.982632	0.197103
0.885192	0.467531	0.0457032
0.126956	0.0314956	0.993673
0.997681	0.101898	0.0164687
0.66732	0.350017	0.658931
0.238092	0.704994	0.671157
0.239441	0.775397	0.590341
0.233539	0.892652	0.403242
0.320878	0.943273	0.104232
0.945996	1.5232e-08	0.334007
0.402207	0.203521	0.895775
0.241397	0.84116	0.501146
0.540379	0.240609	0.810117
0.992843	0.00124031	0.153461
0.801757	0.556893	0.279481
0.36171	0.164868	0.918145
0.603019	0.75963	0.252567
0.695371	0.316952	0.646795
0.65229	0.759772	0.0121918
0.274534	0.807561	0.5272
0.138302	0.822293	0.556582
0.0415169	0.649145	0.774947
0.511251	0.00302596	0.867486
0.261529	0.00599874	0.96681
0.0167088	0.483744	0.87672
0.902062	0.230104	0.388215
0.914204	0.145176	0.408112
0.0058216	0.995436	0.139989
0.595147	0.673385	0.444311
0.0957653	0.916704	0.393099
0.539156	0.679181	0.531808
0.83076	0.294668	0.490797
0.374681	0.61701	0.731557
0.791246	0.325705	0.518828
0.823556	0.292113	0.504374
0.897775	0.230317	0.398439
0.0829268	0.920399	0.396748
0.237169	0.963167	0.198622
0.632853	0.32023	0.70635
0.224686	0.00757715	0.97529
0.682623	0.425997	0.59642
0.112922	0.820627	0.56202
0.127332	0.997343	0
6.07819e-17	1.03079e-17	1.00682
0.596331	0.691732	0.40989
0.192504	0.76033	0.629831
0.466831	0.619348	0.644435
0.230804	0.967296	0.134884
0.630444	0.174856	0.75792
0.215015	0.333704	0.936355
0.943713	0.34365	0.0524681
0.476872	0.629002	0.6208
0.932526	0.162552	0.353261
0.635724	0.776791	0.0201596
0.450933	0.884785	0.151761
0.676204	0.109836	0.741777
0.679344	0.304885	0.679288
0.369962	0.378358	0.856103
0.439467	0.782823	0.452923
0.654912	0.0254434	0.768857
0.234568	0.974827	0.0769816
0.433803	0.0533426	0.904755
0.276465	0.825295	0.49645
0.559974	0.155311	0.817274
0.869555	0.319316	0.378414
0.64712	0.708933	0.309882
0.10921	0.714101	0.704345
0.0676173	0.42036	0.918455
0.919836	0.133759	0.391756
0.700959	0.70409	0.128247
0.283114	0.741793	0.614844
0.207495	0.951735	0.247552
0.0821204	0.290424	0.956782
0.532921	0.583826	0.644797
0.914278	0.301318	0.279072
0.531936	0.253095	0.808492
0.75781	0.647446	0.092565
0.782617	0.480377	0.413244
0.524364	0.546984	0.655049
0.246213	0.913174	0.346028
0.816204	0.539563	0.215151
0.578539	0.793762	0.196595
0.185623	0.532765	0.832671
0.266449	0.698129	0.670985
0.907264	0.219545	0.43076
0.838986	0.254771	0.485488
0.125795	0.676766	0.735798
0.180197	0.193466	0.96621
0.440145	0.87903	0.233984
0.136328	0.0471327	0.990641
0.615401	0.55183	0.578033
0.898223	0.0289368	0.440027
0.10152	0.488432	0.874274
0.232597	0.985287	0.0427594
0.504282	0.87589	0.0718536
0.0223385	0.993463	0.119529
0.338888	0.846472	0.419924
0.96012	0.0890036	0.286266
0.509283	0.615528	0.613633
0.850547	0.410241	0.343728
0.549171	0.637652	0.551621
0.394484	0.869921	0.328143
0.254374	0.952114	0.18771
0.940341	0.282903	0.205794
0.412992	0.824802	0.398726
0.688652	0.125072	0.722402
0.720569	0.112661	0.692511
0.990441	0.0918144	0.130139
0.334067	0.47069	0.837704
0.328423	0.101331	0.947346
0.774022	0.235044	0.607346
0.346499	0.013441	0.944676
0.789037	0.272831	0.552444
0.0395601	0.837495	0.564587
0.804382	0.384543	0.472725
0.0185479	0.601469	0.801701
0.893641	0.325416	0.326721
0.0327992	0.226012	0.980053
0.0945187	0.243192	0.966006
0.455331	0.893415	0.00636787
0.237567	0.553586	0.798614
0.73276	0.502769	0.463597
0.986662	0.0187295	0.166142
0.978921	0.180387	0.156894
0.997214	0.148131	0.109354
0.909689	0.220835	0.372264
0.796927	0.525823	0.303115
0.927299	0.410477	0.0539685
0.660982	0.120941	0.748643
0.605514	0.542965	0.599837
0.737685	0.408071	0.53855
0.840272	0.417895	0.357283
0.741985	0.625289	0.271159
0.140547	0.708607	0.727097
0.261427	0.0761782	0.973274
0.838812	0.454538	0.308003
0.05205	0.360904	0.937993
0.324281	0.346882	0.896557
0.224189	0.831488	0.522693
0.188941	0.842928	0.515384
0.734715	0.564061	0.423181
0.622251	0.555779	0.567993
0.309719	0.809218	0.50145
0.356802	0.438336	0.827675
0.106725	0.957727	0.317303
0.882395	0.289752	0.428591
0.228673	0.206329	0.957717
0.178211	0.978329	0.127024
0.791584	0.27817	0.545236
0.354438	0.735124	0.599622
0.759231	0.663459	0.0130396
0.579545	0.269128	0.782932
0.574598	0.502116	0.658913
0.295028	0.757039	0.583496
0.319586	0.495999	0.826636
0.0431513	0.748206	0.664698
0.173746	0.953816	0.257258
0.425082	0.206086	0.883932
0.759638	0.0380024	0.650194
0.00478838	0.72971	0.685066
0.567862	0.700666	0.442273
0.00274147	0.227592	0.976743
0.464284	0.415534	0.789393
0.71365	0.6347	0.314473
0.516473	0.558028	0.662602
0.979737	0.171845	0.168032
0.201162	0.910687	0.366666
0.353656	0.861004	0.396836
0.28878	0.661349	0.713343
0.885844	0.469099	0.0327115
0.663703	0.0247127	0.749436
0.383992	0.167715	0.914945
0.087913	0.535745	0.842149
0.258627	0.959216	0.179594
0.30469	0.576365	0.769404
0.498537	0.0431248	0.870595
0.854384	0.401876	0.3636
0.693614	0.329369	0.64456
0.833875	0.239235	0.506481
0.316161	0.44546	0.843296
0.423632	0.348945	0.850519
0.971151	0.15184	0.218441
0.196725	0.422075	0.888025
0.0745194	0.513498	0.86165
0.306312	0.753659	0.584237
0.218447	0.47647	0.860243
0.744602	0.669466	0.093365
0.39825	0.858679	0.335224
0.166383	0.884188	0.437913
0.951838	0.26107	0.166167
0.587929	0.71839	0.382148
0.928092	0.294395	0.256903
0.117535	0.972955	0.222623
0.113955	0.509559	0.862563
0.157873	0.941752	0.305559
0.0279465	0.591634	0.812905
0.421209	0.893558	0.177059
0.150114	0.448116	0.883454
0.636682	0.573859	0.550612
0.775963	0.235633	0.59185
0.483694	0.524921	0.70163
0.968631	0.147538	0.242992
0.820565	0.0410505	0.571212
0.606514	0.609223	0.516896
0.330944	0.946849	0.100343
0.342532	0.91248	0.253071
0.389742	0.924147	0.0403
0.385308	0.698266	0.624059
0.940456	0.308025	0.15576
0.764178	0.56893	0.334832
0.362084	0.369304	0.860813
0.0458015	0.794158	0.608988
0.272911	0.814685	0.517494
0.876056	0.384828	0.291125
0.591345	0.239918	0.779072
0.740072	0.675124	0.023721
0.289664	0.589474	0.775133
0.375991	0.550264	0.756777
0.976386	0.0106587	0.230182
0.430111	0.393487	0.824241
0.103793	0.79898	0.593909
0.876846	0.382582	0.292657
0.593276	0.116695	0.805551
0.795786	0.279647	0.538844
0.272159	0.883393	0.39409
0.58638	0.810635	0.102052
0.284371	0.082864	0.957699
0.285866	0.654675	0.717409
0.726118	0.655625	0.241383
6.27076e-17	4.24832e-19	1.02412
0.59931	0.717512	0.361181
0.996028	0.0626317	0.102803
0.710753	0.0998691	0.706686
0.782952	0.586939	0.207764
0.489326	0.852907	0.186881
0.79934	0.594448	0.176419
0.306714	0.90379	0.315757
0.112482	0.0330028	0.994771
0.297835	0.70541	0.647432
0.658849	0.383347	0.653651
0.876002	0.248484	0.417359
0.548288	0.206697	0.816597
0.757442	0.656288	0.0751916
0.462876	0.440864	0.78968
0.884873	0.304277	0.370679
0.334106	0.90185	0.302625
0.907529	0.405693	0.12805
0.130558	0.339192	0.93695
0.327536	0.884116	0.348939
0.228313	0.777878	0.606654
0.107741	0.862701	0.524081
0.34825	0.111044	0.933107
0.720138	0.617099	0.338208
0.367934	0.450602	0.826764
0.756569	0.280143	0.595444
0.0145508	0.489906	0.879057
0.447681	0.804394	0.400629
0.770119	0.543244	0.34648
0.493671	0.186807	0.855856
0.23943	0.579067	0.78139
0.292056	0.401625	0.869904
0.37319	0.669354	0.64868
0.424267	0.329086	0.845798
0.699587	0.38727	0.614752
0.978982	0.0966203	0.211185
0.0930293	0.976832	0.210651
0.641433	0.755684	0.154667
0.665255	0.699869	0.276871
0.817652	0.607692	0.0128776
0.775053	0.428271	0.467859
0.571844	0.813816	0.135158
0.439323	0.890784	0.131712
0.420045	0.165144	0.904044
0.805688	0.591535	0.118097
0.822456	0.550004	0.165015
0.0442159	0.826897	0.564419
0.395194	0.921555	0.0545199
0.241686	0.967423	0.102717
0.619277	0.230485	0.752416
0.918733	0.223174	0.331173
0.701749	0.600543	0.391037
0.120088	0.995249	0.0579339
0.226852	0.157328	0.965463
0.221796	0.561822	0.81105
0.86482	0.30889	0.409345
0.692964	0.237457	0.68949
0.627516	0.738389	0.256937
0.843343	0.466849	0.29211
0.932085	0.00858036	0.372443
0.258807	0.502852	0.830553
0.787759	0.611031	0.0967993
0.194221	0.287694	0.943692
0.946203	0.333255	0.109441
0.802886	0.55928	0.219181
0.479242	0.840438	0.255112
0.93431	0.361317	0.0494444
0.508577	0.371283	0.784577
0.466748	0.632351	0.624159
0.313217	0.914229	0.275327
0.148838	0.0335361	0.990084
0.338781	0.955587	0.0677903
0.727122	0.538315	0.454001
0.34125	0.581004	0.768
0.204552	0.927321	0.327376
0.526367	0.254328	0.815486
0.127156	0.601786	0.798778
0.856709	0.0596116	0.517678
0.342107	0.40967	0.848406
0.378223	0.00348175	0.928213
0.301523	0.147046	0.946583
0.902065	0.371952	0.230873
0.138527	0.192463	0.978371
0.449152	0.0172164	0.917368
0.035149	0.796199	0.620257
0.738811	0.553849	0.386652
0.860693	0.269519	0.443916
0.565909	0.807549	0.190835
0.429057	0.833641	0.349761
0.0493439	0.895041	0.450447
0.940845	0.312992	0.162785
0.794501	0.565968	0.23081
0.43457	0.17869	0.884746
0.319045	0.875478	0.369169
0.592483	0.460624	0.665238
0.27414	0.532643	0.803373
0.390909	0.746541	0.539403
0.938267	0.354778	0.0175728
0.465302	0.735405	0.49985
0.719336	0.398203	0.583734
0.456912	0.662628	0.63172
0.43864	0.172455	0.887401
0.417542	0.917619	0.0263383
0.264913	0.152093	0.956279
0.51865	0.62529	0.590768
0.672319	0.743355	0.0281778
0.811694	0.540773	0.248428
0.0781595	0.876134	0.47592
0.407945	0.6633	0.63965
0.919686	0	0.435648
0.550636	0.764932	0.356568
0.575172	0.635943	0.536818
0.975379	0.016847	0.237568
0.363903	0.267856	0.894177
0.170938	0.242222	0.964521
0.0566128	0.610883	0.79574
0.341975	0.454303	0.836462
0.95888	0.29025	5.46486e-05
0.637263	0.196584	0.747373
0.232105	0.637372	0.740978
0.853778	0.04369	0.522251
0.185577	0.689031	0.702535
0.682934	0.268501	0.681666
0.179357	0.982928	0.145002
0.969541	0.233577	0.122756
0.382597	0.791907	0.479527
0.165116	0.0549294	0.987
0.922065	0.128166	0.394058
0.724574	0.0929872	0.68395
0.280441	0.944594	0.21153
0.0821906	0.985777	0.169901
0.517487	0.732568	0.446283
0.436114	0.692794	0.578192
0.074332	0.686258	0.737207
0.508658	0.866026	0.063926
0.449706	9.80698e-07	0.917825
0.287559	0.789079	0.544534
0.763264	0.508686	0.410189
0.557315	0.795286	0.26908
0.95205	0.259121	0.282592
0.746027	0.273043	0.61155
0.55405	0.0732298	0.831506
0.180496	0.679649	0.713177
0.652854	0.760195	0.045213
0.81994	0.104226	0.567589
0.0990163	0.0827961	0.996768
0.238169	0.929145	0.306501
0.850114	0.120111	0.526457
0.650724	0.423145	0.638418
0.635226	0.211321	0.745851
0.0773434	0.640994	0.765681
0.187416	0.731146	0.666745
0.689327	0.520825	0.507885
0.0739552	0.321918	0.948871
0.00440694	0.429789	0.912554
0.341328	0.82035	0.461105
0.687462	0.104521	0.727924
0.544636	0.315637	0.784333
0.329813	0.821773	0.467848
0.583199	0.429272	0.695591
0.611011	0.757572	0.26231
0.368236	0.931768	2.01051e-06
0.174121	0.0511807	0.985434
0.676035	0.434881	0.625966
0.283287	0.959327	0.0347111
0.656987	0.765008	0.041917
0.136936	0.648068	0.760165
0.486473	0.324579	0.8158
0.0206931	0.696706	0.729652
0.242563	0.13437	0.963393
0.53805	0.39604	0.746487
0.732681	0.689602	0.0230233
0.895442	0.268139	0.364268
0.210472	0.91502	0.366126
0.0708685	0.0806276	0.999552
0.136006	0.359347	0.928295
0.238284	0.0698857	0.971051
0.563906	0.393357	0.750147
0.750342	0.0147382	0.66525
0.767087	0.280751	0.580667
0.677639	0.434226	0.631672
0.215246	0.124048	0.971489
0.644697	0.0375596	0.767356
0.833558	0.287962	0.489324
0.474701	0.559596	0.686489
0.117998	0.472323	0.876713
0.688288	0.520041	0.509509
0.14406	0.63691	0.762544
0.178278	0.506518	0.85293
0.646531	0.415902	0.667191
0.92485	0.130671	0.380086
0.159017	0.473975	0.872372
0.196669	0.945522	0.284349
0.254919	0.495297	0.834936
6.11697e-17	7.6097e-18	1.00668
0.880313	0.496899	0.0140849
0.446135	0.778468	0.464792
0.291005	0.670393	0.700452
0.75056	0.654306	0.126938
0.102703	0.956061	0.295314
0.379798	0.792951	0.48726
0.871141	0.205193	0.484086
0.900703	0.440172	0.067682
0.130379	0.953063	0.279064
0.0835505	0.99406	0.102558
0.505605	0.194033	0.850888
0.852362	0.526312	0.248298
0.756691	0.50309	0.421662
0.284155	0.538454	0.801263
0.239443	0.08931	0.973115
0.999386	1.49097e-07	0.226145
0.896563	0.221931	0.39775
0.580514	0.0550647	0.813158
0.834752	0.24384	0.503832
0.659797	0.61397	0.467422
0.0644435	0.621829	0.783892
0.474208	0.176317	0.88056
0.703882	0.386876	0.598259
0.820832	0.185961	0.546985
0.276151	0.477801	0.860546
0.905196	0.0255	0.452148
0.961491	0.0390757	0.285423
0.297672	0.280995	0.92057
0.982503	0.232901	0.0446626
0.411337	0.661242	0.638224
0.165284	0.970896	0.187655
0.369131	0.910169	0.194392
0.119726	0.0809739	0.992306
0.891579	0.220698	0.410933
0.487386	0.269194	0.837349
0.189844	0.557365	0.809167
0.339145	0.108094	0.937317
0.190713	0.0731889	0.986392
0.143667	0.141621	0.980308
0.529106	0.850561	0.113596
0.181301	0.879301	0.464256
0.531838	0.824146	0.214878
0.729515	0.0967515	0.678368
0.3319	0.308518	0.895139
0.692623	0.734355	0.0763924
0.88735	0.332057	0.325836
0.758989	0.325863	0.573263
0.0953403	0.692046	0.723775
0.0724217	0.604858	0.796407
0.545473	0.365849	0.761426
0.682407	0.415489	0.604785
0.789953	0.573938	0.247781
0.510903	0.864116	0.0517905
0.271059	0.860249	0.441576
0.86807	0.431078	0.257557
0.485085	0.676983	0.587337
0.219417	0.836293	0.508147
0.925137	0.352953	0.147503
0.46156	0.808083	0.377328
0.434768	0.331763	0.843781
0.521135	0.294158	0.818172
0.861075	0.360713	0.372431
0.928989	0.348588	0.148875
0.0910258	0.69275	0.734751
0.915927	0.0370864	0.408258
0.572741	0.02285	0.824487
0.433607	0.894784	0.170592
0.764016	0.419928	0.490414
0.412557	0.915871	0.0357173
0.594887	0.751478	0.317279
0.021289	0.423116	0.908128
0.569678	0.458031	0.688146
0.579013	0.732497	0.366612
0.988914	0.000178414	0.161833
0.560635	0.841337	2.03091e-224
0.737336	0.00389933	0.68406
0.588305	0.564535	0.589634
0.712736	0.566914	0.422607
0.312717	0.392631	0.865733
0.111319	0.855662	0.507133
0.678696	0.29139	0.685227
0.832341	0.137358	0.567908
0.637734	0.255459	0.730913
0.367078	0.845644	0.474996
0.375185	0.65686	0.663313
0.460565	0.711181	0.559313
0.54561	0.453916	0.715272
0.136561	0.855226	0.514574
0.634136	0.56139	0.559075
0.398201	0.00573045	0.919383
0.148537	0.928237	0.357507
0.8234	0.0628911	0.582374
0.803757	0.064156	0.64278
0.460267	0.0970356	0.893386
0.0534681	0.979709	0.199295
0.6539	0.406974	0.645313
0.164244	0.482205	0.868658
0.978413	0.121718	0.248706
0.937631	0.375535	3.94206e-05
0.308803	0.80206	0.51617
0.438383	0.170906	0.883974
0.132978	0.965243	0.244329
0.470166	0.820183	0.33604
0.170091	0.892342	0.435721
0.648323	0.403502	0.649762
0.0306985	0.798071	0.618439
0.665495	0.248224	0.710096
0.0366784	0.631742	0.780031
0.617461	0.152499	0.774174
0.167187	0.942976	0.301879
0.947077	0.363455	0.0889493
0.00423209	0.591643	0.818076
0.813341	0.622468	0.0116022
0.602433	0.54473	0.614814
0.82526	0.314849	0.495897
0.538656	0.842647	0.0577524
0.325588	0.719981	0.617354
0.704898	0.449648	0.562099
0.389381	0.623432	0.681955
0.68772	0.734327	0.0773922
0.784563	0.314274	0.540447
0.605465	0.583099	0.550228
0.959456	0.0248074	0.28693
0.492908	0.774537	0.403861
0.688056	0.649506	0.346378
0.255095	0.211225	0.947927
0.626395	0.586347	0.533292
0.358994	0.886758	0.300552
0.0350063	0.986491	0.1611
0.0409096	0.981795	0.189453
0.807546	0.627308	0.00437597
0.0261158	0.893299	0.460458
0.0468701	0.936653	0.354078
0.581726	0.769985	0.268583
0.987769	0.014665	0.190942
0.36149	0.33636	0.885886
0.174451	0.759351	0.646818
0.52437	0.81332	0.270017
0.886734	0.469515	3.75751e-08
0.303905	0.686657	0.667758
0.0769168	0.178251	0.99512
0.425494	0.165803	0.892918
0.350808	0.917681	0.196016
0.406934	0.72488	0.574637
0.0168749	0.470936	0.895006
0.734108	0.547616	0.424998
0.500078	0.872593	0.00155264
0.781856	0.512134	0.367133
0.391221	0.00201538	0.928728
0.0928231	0.848231	0.526403
0.535913	0.21125	0.828586
0.202281	0.755904	0.633065
0.335965	0.81457	0.476596
0.304883	0.131162	0.953083
0.697204	0.228874	0.703308
0.609312	0.767967	0.20885
0.52265	0.765143	0.382574
0.667749	0.405466	0.625824
0.251839	0.862208	0.445363
0.344707	0.939431	0
0.552812	0.368728	0.749651
0.569378	0.319925	0.772533
0.613389	0.578593	0.54899
0.328381	0.412298	0.851569
0.231683	0.153823	0.962495
0.519811	0.41382	0.749557
0.0684447	0.344196	0.942796
0.718388	0.636901	0.304934
0.668194	0.728095	0.170475
0.889371	0.116042	0.464618
0.152515	0.447772	0.88161
0.947329	0.228323	0.239546
0.664565	8.12564e-249	0.749724
0.731134	0.373468	0.578988
0.917511	0.39886	0.092223
0.769801	0.102094	0.634362
0.432872	0.898046	0.155125
0.550426	0.15975	0.835276
0.918227	0.262997	0.310096
0.719017	0.685466	0.136944
0.313274	0.278794	0.915426
0.96604	0.0143424	0.336516
0.195188	0.95478	0.262142
0.258723	0.458897	0.880977
0.859064	0.273804	0.436012
0.472806	0.176929	0.869046
0.161155	0.743036	0.654703
0.159048	0.277287	0.951188
0.175553	0.936142	0.31217
0.0503767	0.599368	0.804316
0.944005	0.233675	0.309102
0.863354	0.378015	0.350985
0.149205	0.932411	0.341763
