5.83008e-17	2.23674e-17	1.01979
0.60061	0.422248	0.686904
0.0223943	0.200148	0.986292
0.776836	0.548441	0.314576
0.149286	0.483994	0.866462
0.23618	0.971294	0.210069
0.431067	0.9016	0.0635612
0.872119	0.355651	0.428895
0.770357	0.668693	0.0410238
0.911535	0.10611	0.400382
0.682656	0.605374	0.438886
0.352619	0.938371	0.0554972
0.848606	0.514133	0.155365
0.836611	0.557726	4.98904e-06
0.699754	0.596854	0.420374
0.305076	0.639873	0.707605
0.0920161	0.369879	0.926034
0.469265	0.844033	0.279927
0.687802	0.729839	0.0702604
0.487189	0.231496	0.846357
0.984069	0.00319637	0.19205
0.96275	0.111043	0.25024
0.0757238	0.880958	0.486159
0.761839	0.441085	0.476672
0.717785	0.246039	0.663806
0.270308	0.031466	0.963198
0.919932	0.122846	0.376603
0.0845874	0.703794	0.709195
0.75123	0.527333	0.407795
0.743923	0.259416	0.635383
0.617777	0.57747	0.541211
0.454906	0.0732922	0.892302
0.0466568	0.539635	0.849243
0.250036	0.625862	0.743695
0.559162	0.743969	0.392856
0.0354311	0.580224	0.823183
0.233942	0.97183	0.105557
0.221612	0.593152	0.78289
0.820055	0.043085	0.586334
0.821844	0.335095	0.514981
0.0724396	0.998179	0.0248647
0.807861	0.169848	0.57224
0.679936	0.53351	0.515585
0.708571	0.503981	0.508692
0.107064	0.95688	0.300154
0.0311631	0.931714	0.366486
0.782974	0.407984	0.476748
0.218835	0.909075	0.367817
0.862199	0.474533	0.183557
0.733935	0.687915	0.102168
0.060872	0.924009	0.383364
0.114153	0.993044	0.0840572
0.221535	0.835066	0.524471
0.259174	0.180853	0.955954
0.511519	0.758984	0.455209
0.325648	0.947827	0.0763821
0.837575	0.25033	0.507234
0.762673	0.00272606	0.652985
0.817255	0.56858	0.138599
0.362335	0.755939	0.552973
0.986863	0.0657405	0.1602
0.124125	0.781805	0.622824
7.3003e-18	0.119223	0.992947
0.663222	0.433552	0.61507
0.0163028	0.954097	0.303563
0.865397	0.476294	0.179423
0.588062	0.718574	0.376749
0.549606	0.383846	0.758507
0.345123	0.873769	0.352434
0.893454	0.31622	0.325716
0.472373	0.849622	0.23606
0.296098	0.913815	0.310302
0.92905	0.332719	0.244998
0.648492	0.222026	0.739837
0.980052	0.04423	0.220037
0.314191	0.216563	0.927394
0.72952	0.167041	0.671272
0.133015	0.319893	0.940609
0.171403	0.674179	0.721549
0.369644	0.37616	0.855981
0.716716	0.65392	0.263523
0.797922	0.464139	0.41949
0.650542	0.2668	0.714719
0.199569	0.980055	0.16583
0.591289	0.598054	0.545403
0.280406	0.924573	0.307538
0.38842	0.78606	0.484477
0.0637017	0.42837	0.913067
0.643825	0.0162316	0.770538
0.0456713	0.73529	0.67741
0.523108	0.132138	0.845001
0.757363	0.619416	0.220912
0.652133	0.646976	0.401409
0.992259	0.089904	0.110834
0.499808	0.348941	0.796001
0.213061	0.189011	0.967632
0.245729	0.966521	0.105475
0.581861	0.37942	0.727058
0.390982	0.282722	0.882976
0.606247	0.803953	0.0899802
0.564899	0.751602	0.357453
0.502393	0.0809431	0.865733
0.46457	0.164627	0.876539
0.100754	0.290005	0.963938
0.615125	0.588153	0.544675
0.285163	0.620506	0.732789
0.0447169	0.243919	0.979973
0.00843002	0.774615	0.649286
0.0835537	0.695194	0.722213
0.713641	0.507587	0.501254
0.338266	0.460776	0.823906
0.183613	0.940004	0.291063
0.349599	0.518729	0.798901
0.637326	0.770483	0.165788
0.855105	0.495083	0.176688
0.73422	0.489467	0.477837
0.406988	0.656258	0.642599
0.810833	0.526097	0.265529
0.812222	0.386964	0.453269
0.555998	0.676977	0.488017
0.935524	0.0114835	0.391227
0.991084	0.136461	0.0114918
0.564217	0.838465	0.0708042
0.376493	0.721883	0.609569
0.988047	0.139328	0.114623
0.157882	0.862656	0.494962
0.196417	0.795941	0.575113
0.81438	0.000226438	0.595446
0.0560876	0.369074	0.945345
0.657887	0.59761	0.460754
0.541218	0.699483	0.486276
0.355781	0.245715	0.907744
0.00257105	0.467149	0.903357
0.572424	0.412516	0.717069
0.417331	0.415943	0.809858
0.670571	0.63652	0.39598
0.896108	0.30155	0.334778
0.968066	0.00742996	0.254432
5.15747e-17	3.36309e-17	1.00553
0.905053	0.290871	0.323081
0.88723	0.304249	0.349914
0.516896	0.373112	0.775162
0.399538	0.810162	0.459067
0.0656181	0.429141	0.911406
0.121498	0.508583	0.883846
0.219679	0.208523	0.959931
0.242212	0.0540685	0.98072
0.449635	0.895037	1.66917e-155
0.941848	0.329479	0.10537
0.944964	0.334451	0.00171735
0.0726002	0.360903	0.932231
0.530296	0.798156	0.291882
0.0103053	0.946927	0.332172
0.474363	0.444619	0.780864
0.944518	0.284319	0.175827
0.466584	0.843525	0.288252
0.902618	0.297912	0.323035
0.161947	0.603938	0.788462
0.12835	0.826701	0.549796
0.381782	0.344516	0.861245
0.104375	0.868431	0.493443
0.160074	0.984977	0.13359
0.12318	0.822172	0.561816
0.74735	0.670904	0.0298242
0.477178	0.333141	0.816553
0.365213	0.329564	0.873606
0.970375	0.00744769	0.243727
0.296018	0.643181	0.729312
0.334597	0.495528	0.802409
0.054673	0.895332	0.444406
0.954179	0.366076	1.47261e-07
0.206523	0.951147	0.244457
0.122427	0.817148	0.569094
0.168384	0.662301	0.73399
0.189468	0.156158	0.970262
0.309277	0.634737	0.708757
0.996691	0.0795798	0.0957859
0.266431	0.0263331	0.966048
0.453238	0.0745418	0.889503
0.525535	0.64393	0.559089
0.986235	0.154521	0.122972
0.964164	0.00337226	0.337326
0.466633	0.307477	0.834777
0.113146	0.811456	0.577854
0.52862	0.0598183	0.862636
0.65915	0.45673	0.613787
0.482763	0.866499	0.222339
0.255983	0.0268783	0.96789
0.588419	0.311972	0.75489
0.332028	0.722483	0.609929
0.612712	0.791521	0.0947601
0.64734	0.769691	0.0889319
0.476367	0.853102	0.225078
0.950983	0.276483	0.146375
0.327994	0.94301	0.0792975
5.49731e-17	2.90736e-17	1.0156
1.00001	0	0
3.74942e-33	6.12326e-17	1.00001
0.955786	0.29407	0.0669057
0.526616	0.356322	0.779397
0.341488	0.450298	0.82836
0.0139923	0.923278	0.396897
0.552311	0.83941	0.0536913
0.848102	0.498063	0.188151
0.506992	0.707467	0.494573
0.361982	0.0677152	0.939052
0.142099	0.984909	0.109279
0.775669	0.600844	0.202212
0.273714	0.836325	0.509538
0.720979	0.361496	0.591945
0.174547	0.966117	0.214811
0.371624	0.651906	0.684583
0.628211	0.747521	0.251815
0.130886	0.95101	0.289782
0.0599894	0.680648	0.731749
0.899521	0.425648	0.134825
0.974132	0.177895	0.154713
0.305028	0.273688	0.916018
0.977477	0.0051028	0.241405
0.829863	0.474001	0.311366
0.609186	0.697886	0.407145
0.321885	0.852674	0.421884
0.217119	0.884982	0.418076
0.142672	0.636584	0.771322
0.758817	0.106448	0.669186
0.162909	0.277831	0.950966
0.465678	0.428485	0.790724
0.391506	0.51105	0.770266
0.486114	0.279362	0.834176
0.675277	0.523078	0.5251
0.769621	0.154246	0.622243
0.718364	0.594464	0.384072
0.964887	0.0145584	0.279774
0.876003	0.440543	0.224826
0.811188	0.394757	0.434892
0.990551	0.127216	0.0897921
0.0408153	0.874944	0.483705
0.544044	0.057512	0.84523
0.952997	0.315807	0.0811853
0.106493	0.957382	0.272942
0.351001	0.268465	0.901835
0.00688286	0.674165	0.741277
0.733968	0.158782	0.665829
0.407594	0.611109	0.687713
0.0393821	0.906133	0.446044
0.31588	0.904342	0.289162
0.66688	0.0212137	0.747535
0.28392	0.186884	0.944049
0.863218	0.460314	0.301097
0.291547	0.546916	0.806982
0.278643	0.387484	0.893377
0.985099	0.0394832	0.232365
0.267698	0.394479	0.890351
0.0752366	0.973149	0.264392
0.315952	0.221935	0.924485
0.363218	0.715088	0.611824
0.96307	0.132567	0.249317
0.666958	0.436584	0.606675
0.185188	0.210093	0.961794
0.376384	0.79133	0.540809
0.437376	0.309862	0.848424
0.880113	0.0963071	0.470738
0.0325774	0.827077	0.577639
0.00063132	0.383297	0.92734
0.87154	0.095369	0.484173
0.418322	0.0334016	0.915273
0.632465	0.742467	0.223632
0.124583	0.190042	0.980599
0.903239	0.344758	0.297563
0.190728	0.820347	0.545321
0.757604	0.540821	0.368938
0.430177	0.767403	0.499495
0.85992	0.484738	0.181028
0.443778	0.261543	0.859684
0.544418	0.368367	0.761572
0.493885	0.665649	0.562044
0.558305	0.607332	0.575713
0.986708	0.13582	0.113629
0.884668	0.413586	0.231878
0.905691	0.298266	0.325893
0.513202	0.0795429	0.857078
0.402442	0.622213	0.694651
0.780099	0.49073	0.390051
0.158464	0.242672	0.959839
0.600388	0.0873944	0.796945
0.542344	0.730961	0.432419
0.0361503	0.720161	0.712378
0.15815	0.890039	0.4484
0.785809	0.494322	0.375904
0.70995	0.703333	0.149368
0.79967	0.408137	0.461597
0.927109	0.233681	0.322679
0.947906	0.329282	0.0372239
0.0817664	0.469419	0.881908
0.256397	0.777724	0.585503
0.657009	0.0251184	0.755035
0.233603	0.740473	0.642421
0.63993	0.320069	0.699626
0.115283	0.648791	0.773837
0.372993	0.187017	0.910037
0.16987	0.992753	1.28515e-19
0.447833	0.201068	0.87439
0.807208	0.56701	0.167486
0.247768	0.050232	0.97394
0.201035	0.811876	0.554073
0.328408	0.869673	0.406712
0.067755	0.178626	0.983601
0.198324	0.620766	0.765268
0.498003	0.239959	0.838846
0.673483	0.515118	0.540145
0.354049	0.942908	0.163002
0.799841	0.522329	0.307308
0.459897	0.416426	0.821186
0.944739	0.0050788	0.349735
0.997494	0.137305	0.0127981
0.178965	0.769755	0.631251
0.596981	0.808518	0.0243139
0.0293557	0.629289	0.77745
0.329992	0.944745	0.0397634
0.578414	0.762717	0.29408
0.60344	0.683432	0.426538
0.300244	0.535613	0.812728
0.992201	0.149823	0.057596
0.68053	0.503833	0.548243
0.100289	0.601883	0.80203
0.654777	0.330618	0.692319
0.224964	0.756011	0.628935
0.0814768	0.933597	0.361465
0.297603	0.235674	0.932288
0.726696	0.688683	0.127472
0.828595	0.482261	0.357709
0.749934	0.673073	0.0400402
0.246876	0.78152	0.585995
0.983964	0.135443	0.124788
0.0512727	0.563099	0.828783
0.581876	0.799083	0.20776
0.0510719	0.995336	0.0924258
0.67907	0.026341	0.742062
0.394937	0.8855	0.2586
0.434877	0.216198	0.875017
0.152985	0.234282	0.960926
0.105041	0.0144588	0.99636
0.522951	0.250359	0.818294
0.00880518	0.581007	0.820105
0.287963	0.862346	0.450967
0.248328	0.65468	0.724462
0.918766	0.231578	0.324032
0.41323	0.172485	0.900172
0.239692	0.805505	0.543273
0.0748552	0.831959	0.566423
0.452581	0.313586	0.835515
0.209584	0.037708	0.977393
0.70355	0.313549	0.638835
0.363763	0.933047	0.0105983
0.37854	0.928015	0.0318599
0.0340245	0.976109	0.251882
0.0916089	0.549789	0.834431
0.571792	0.493228	0.659087
0.295536	0.898992	0.323427
0.436364	0.257174	0.86743
0.398502	0.616121	0.706841
0.828583	0.116555	0.569507
0.444723	0.199671	0.87607
0.520175	0.556715	0.655055
0.696384	2.13424e-09	0.720519
0.851285	0.53551	0.00241669
0.690839	0.654702	0.336646
0.840152	0.455856	0.309525
0.230639	0.115641	0.967344
0.89142	0.242148	0.392255
0.787121	0.122574	0.607676
0.767277	0.557967	0.363842
0.741801	0.346795	0.583404
0.443833	0.751655	0.533177
0.0636739	0.994546	0.100548
0.867607	0.390916	0.333525
0.419858	0.846003	0.343701
0.727357	0.685295	0.147835
0.662461	0.750123	0.0308135
0.244546	0.109796	0.964204
0.486589	0.86481	0.17982
0.177871	0.440207	0.882884
0.444351	0.302921	0.85122
0.34764	0.482615	0.823345
0.6357	0.730675	0.279648
0.794564	0.0957022	0.610707
3.41816e-17	5.15613e-17	1.01029
0.862647	0.37816	0.34527
0.637851	0.602455	0.484091
0.979231	0.0181396	0.211789
0.168947	0.462266	0.882113
0.6292	0.403869	0.672471
0.920374	0.170579	0.360877
0.880756	0.48157	0.00421901
0.611479	0.70132	0.372736
0.823815	0.43508	0.391357
0.09843	0.157815	0.985689
0.151363	0.782306	0.611849
0.682452	0.2074	0.710661
0.57286	0.411791	0.712054
0.448008	0.18589	0.899225
0.321436	0.307703	0.895795
0.760549	0.647352	0.0966351
0.288917	0.245656	0.940374
0.911599	0.392602	0.174881
0.114588	0.75509	0.650588
0.200263	0.945425	0.29807
0.275664	0.234388	0.945835
0.485958	0.876844	0.0837664
0.339946	0.864287	0.38133
0.401511	0.42171	0.816356
0.893393	0.166705	0.421983
0.46591	0.365998	0.810899
0.47758	0.732975	0.498338
0.836171	0.554578	0.00685199
0.0355372	0.991163	0.160528
0.931285	0.288236	0.24897
0.937633	0.356181	0.0754675
0.0270083	0.848605	0.536011
0.494573	0.727189	0.520092
0.871369	0.277039	0.438573
0.582627	0.24058	0.778196
0.689311	0.311615	0.656506
0.554426	0.363325	0.766567
0.394674	0.248168	0.888326
0.806665	0.579672	0.150046
0.228643	0.924137	0.326655
0.985516	0.0137061	0.189616
0.0146009	0.936716	0.387747
0.247978	0.269307	0.93747
0.787271	0.609893	0.106347
0.167179	0.743813	0.651807
0.130149	0.758505	0.640916
0.428834	0.285216	0.857932
0.384589	0.383645	0.848671
0.353584	0.940611	0.0434169
0.855719	0.516555	0.052404
0.693887	0.447033	0.565005
0.373931	0.733151	0.56902
0.68494	0.683259	0.271044
0.750416	0.228806	0.626347
0.906915	0.117532	0.405902
0.522256	0.594164	0.619583
0.181801	0.370145	0.924582
0.0658352	0.949119	0.315058
0.997087	0.0731392	0.106762
0.847082	0.523445	0.115951
0.517885	0.332419	0.79
0.369556	0.431489	0.823509
0.0488573	0.965102	0.266187
0.88708	0.469145	0.011337
0.707069	0.455428	0.544784
0.531599	0.348924	0.774859
0.297233	0.0377758	0.958556
0.507116	0.0542796	0.863378
0.209419	0.931745	0.306332
0.259108	0.106874	0.961447
0.662606	0.628417	0.417756
0.966708	0.256657	0.0152349
0.0574559	0.99487	0.0870464
0.380186	0.771801	0.510301
0.916207	0.00806985	0.410508
0.354387	0.620773	0.700679
0.215221	0.980292	0.0122424
0.431263	0.490643	0.7619
0.54186	0.834307	0.120475
0.125499	0.975531	0.200399
0.777063	0.487352	0.407364
0.120078	0.0576241	0.992246
0.655821	0.183959	0.733288
0.811078	0.540654	0.233491
0.699599	0.393012	0.602633
0.23471	0.972758	0.0365314
0.713583	0.711831	2.93769e-08
0.363317	0.615247	0.700391
0.223429	0.508159	0.832828
0.829153	0.531006	0.227781
0.251545	0.63846	0.731174
0.794976	0.386932	0.472955
0.707458	0.221124	0.682528
0.452352	0.644832	0.618938
0.313443	0.856269	0.421741
0.85126	0.32337	0.429665
0.437066	0.911569	0.0844708
0.0749622	0.126942	0.990077
0.111229	0.149185	0.986173
0.499082	0.868925	0.0654048
0.598352	0.792277	0.133807
0.616467	0.70704	0.366972
0.184966	0.797931	0.576576
0.447087	0.896252	0.0216744
0.0709822	0.660529	0.751823
0.0068662	0.819065	0.597005
0.143161	0.340824	0.929649
0.409041	0.465361	0.80359
0.619875	0.29747	0.727819
0.648249	0.342836	0.685537
0.734005	0.38807	0.583394
0.205489	0.955106	0.241543
0.993229	0.0742887	0.128776
0.67183	0.575012	0.50221
0.673985	0.0857396	0.737613
0.729708	0.692515	0.00960632
0.91813	0.0301396	0.405712
0.242989	0.651893	0.72043
0.0188292	0.850333	0.554801
0.713017	0.678414	0.196548
0.0544095	0.0800727	0.998165
0.327704	0.381082	0.869488
0.521918	0.840019	0.169891
0.81354	0.429653	0.396569
0.845999	0.143408	0.518482
0.458674	0.666286	0.589574
0.598002	0.101369	0.798109
0.0294714	0.925993	0.431245
0.700943	0.179793	0.71061
0.546692	0.811371	0.226336
0.403555	0.917422	0.191438
0.592674	0.653317	0.478425
0.29838	0.519494	0.801438
0.513223	0.050483	0.873005
0.397697	0.921376	0.057136
0.738955	0.502503	0.450721
0.533279	0.837089	0.141666
0.703398	0.45208	0.55475
0.510551	0.672365	0.55927
0.971966	0.177454	0.218025
0.528596	0.548697	0.651401
0.67783	0.378654	0.634051
0.725982	0.688523	0.0841285
0.387902	0.621934	0.688396
0.340324	0.906474	0.25491
0.147907	0.402201	0.91657
0.560379	0.813348	0.190019
0.13594	0.776953	0.619911
0.422768	0.901486	0.148058
0.766101	0.041871	0.655975
0.72856	0.495434	0.478657
0.785611	0.137345	0.60835
0.642829	0.339969	0.691885
0.940137	0.228946	0.25753
0.885192	0.165175	0.439543
0.716864	0.626085	0.326578
0.00649351	0.318276	0.953651
0.826394	0.219404	0.52389
0.949674	0.150585	0.280026
0.377757	0.766869	0.525052
0.73596	0.500466	0.471403
0.415096	0.449751	0.793802
0.480016	0.83207	0.319346
0.616203	0.427186	0.664493
0.745639	0.633668	0.214436
0.0817088	0.252577	0.965769
0.214584	0.511638	0.835428
0.239937	0.113254	0.965256
0.859461	0.262054	0.447184
0.773217	0.351818	0.529555
0.0797416	0.21213	0.977485
0.568408	0.570816	0.597338
0.991629	0.0645571	0.144191
0.832775	0.233594	0.504507
0.39762	0.375555	0.844685
0.460012	0.0461842	0.893113
0.540699	0.829921	0.154512
0.127039	0.967276	0.247388
0.47375	0.821207	0.323107
0.440089	0.884865	0.167935
0.538134	0.34319	0.780881
0.309228	0.292878	0.908775
0.803366	0.290742	0.524736
0.990791	0.110407	0.0905763
0.0455296	0.803919	0.597309
0.418697	0.890662	0.220998
0.0393228	0.294928	0.966121
0.0059081	0.323873	0.970379
0.78429	0.0139038	0.670655
0.570473	0.562682	0.607253
0.0930354	0.95385	0.291951
0.76772	0.489607	0.442437
0.268613	0.927406	0.285228
0.345324	0.904218	0.256499
0.304804	0.280334	0.918249
0.44645	0.0266343	0.900443
3.74942e-33	6.12326e-17	1.00001
1.00001	0	0
9.66671e-18	6.12009e-17	1.01188
6.12325e-17	1	0
0.435326	0.271567	0.860643
0.199127	0.369446	0.907843
0.910552	0.377535	0.175488
0.470045	0.60123	0.659138
0.782295	0.330546	0.528564
0.580287	0.775203	0.253435
0.39359	0.86555	0.352664
0.912788	0.00550435	0.417305
0.904756	0.39446	0.167289
0.302739	0.855226	0.431129
0.430897	0.609918	0.679788
0.450091	0.864756	0.232492
0.896348	0.262045	0.366575
0.72555	0.433654	0.546235
0.745375	0.413925	0.52496
0.296364	0.0153212	0.965899
0.252947	0.870427	0.430752
0.403438	0.908543	0.146089
0.381632	0.0673782	0.923589
0.539203	0.483848	0.711217
0.89204	0.148289	0.463483
0.272581	0.962852	0.074174
0.798413	0.11148	0.599143
0.0743457	0.473907	0.884935
0.941624	0.11878	0.320793
0.0385925	0.935401	0.368367
0.591887	0.703409	0.402337
0.547162	0.650256	0.533907
0.49096	0.877348	0.0153283
0.56634	0.418414	0.725923
0.514757	0.713847	0.479089
0.832596	0.314939	0.466814
0.234046	0.18785	0.956144
0.653769	0.0779453	0.760297
0.409714	0.915325	0.0208024
0.775051	0.643758	0.0270787
0.135173	0.151581	0.993276
0.289491	0.674374	0.683996
0.669285	0.736348	0.11356
0.494224	0.809808	0.337739
0.761463	0.679424	0.00553588
0.00833538	0.991083	0.141614
0.650476	0.656678	0.392073
0.351702	0.842084	0.444338
0.95319	0.307263	0.066017
0.718807	0.224509	0.660964
0.121861	0.588158	0.810892
0.827176	0.302325	0.486387
0.146804	0.170833	0.974802
0.610807	0.520628	0.608637
0.972263	0.21246	0.137644
0.452635	0.886865	0.154853
0.553441	0.766615	0.378263
0.279921	0.971833	0.0435467
0.626838	0.458376	0.631195
0.383798	0.929834	0.0491101
0.462468	0.882868	0.101869
0.840041	0.247671	0.495794
0.954247	0.289208	0.182696
0.978102	0.140148	0.167059
0.881323	0.505869	0.0230852
0.920437	0.252067	0.301615
0.371542	0.230549	0.899418
0.362601	0.633567	0.692672
0.312039	0.476642	0.8346
0.0441555	0.983955	0.192705
0.282091	0.405677	0.884314
0.53255	0.692715	0.505838
0.499498	0.0695667	0.872309
0.766395	0.561345	0.321097
0.105228	0.618071	0.79819
0.120584	0.994961	0.0881117
0.10923	0.7019	0.73185
0.0536808	0.386142	0.924316
0.670519	0.535278	0.523295
0.19231	0.0568983	0.98082
0.750336	0.466165	0.474468
0.925635	0.0364656	0.399477
0.658357	0.205628	0.7477
0.154444	0.884714	0.460312
0.243856	0.951136	0.210126
0.188895	0.350463	0.930336
0.735493	0.101212	0.672544
0.453874	0.0737955	0.900739
0.084922	0.99631	0.0879079
0.351333	0.817682	0.475019
0.0903265	0.556492	0.837342
0.384812	0.0540953	0.926121
0.559778	0.0873976	0.830001
0.0587821	0.863107	0.52738
0.229423	0.196932	0.95712
0.214649	0.956159	0.20971
0.809266	0.502777	0.329496
0.343276	0.670282	0.661428
0.261094	0.563676	0.789297
0.326597	0.54759	0.783643
0.643527	0.362434	0.688364
0.59125	0.356775	0.754872
0.557755	0.0925512	0.828277
0.573853	0.0796125	0.823556
0.22529	0.941917	0.265617
0.932707	0.0291369	0.409351
0.143001	0.893136	0.450372
0.99209	0.130674	0.0611755
0.932134	0.342951	0.133656
0.821281	0.111878	0.561974
0.272448	0.829311	0.494167
0.156059	0.893961	0.441501
0.257029	0.730081	0.64093
0.0329719	0.77397	0.641483
0.679187	0.468855	0.578307
0.0024049	0.802445	0.623432
0.466385	0.780005	0.431877
0.40713	0.899425	0.186781
0.756924	0.590957	0.284519
0.163649	0.789846	0.594841
0.619727	0.736494	0.346504
0.523788	0.794827	0.309242
0.330298	0.0170755	0.95601
0.348974	0.490811	0.811858
0.704524	0.4395	0.562993
0.944471	0.0404458	0.378192
0.396895	0.923189	0.00467245
0.459341	0.0602579	0.892761
0.211032	0.626922	0.755959
0.732547	0.653623	0.222293
0.487308	0.616056	0.635596
0.622709	0.724689	0.301979
0.335607	0.925539	0.239004
0.928396	0.0308323	0.408411
0.815788	0.132006	0.568251
0.599038	0.742314	0.310329
0.71495	0.446004	0.544548
0.202927	0.387395	0.899555
0.712297	0.232893	0.668854
0.985712	0.141239	0.10329
0.925904	0.125706	0.387931
0.0185193	0.745863	0.710115
0.960575	0.00325521	0.284601
0.789862	0.616673	0.0367685
0.224578	0.322967	0.931396
0.69259	0.463644	0.556701
0.158074	0.160679	0.985193
0.851498	0.497862	0.223937
0.86538	0.510179	0.0209093
0.871209	0.49499	0.105058
0.567987	0.182144	0.804106
0.619706	0.564806	0.550911
0.367744	0.832973	0.417148
0.146356	0.530472	0.848951
0.600295	0.200765	0.777975
0.0676112	0.956372	0.294551
0.347202	0.834877	0.450215
0.481435	0.355321	0.803941
0.116594	0.69457	0.724531
0.31943	0.0997691	0.947031
0.338637	0.617469	0.718062
0.378659	0.318395	0.884516
0.804735	0.0165896	0.614938
0.0145593	0.962314	0.294856
0.734169	0.665386	0.16016
0.663324	0.667407	0.350252
0.770121	0.643868	0.105604
0.682439	0.467666	0.575523
0.69154	0.450234	0.570466
0.966396	0.154306	0.213387
0.575908	0.358441	0.742421
0.599038	0.786658	0.182262
0.50216	0.543867	0.69033
0.266911	0.945705	0.206205
0.334403	0.0470089	0.945803
0.633211	0.243334	0.734967
0.603689	0.53137	0.607756
0.565736	0.156262	0.809725
0.507909	0.540108	0.691421
0.0657678	0.753681	0.671722
0.705617	0.461413	0.539949
0.356469	0.624276	0.704807
0.428341	0.874456	0.272446
0.794269	0.346372	0.500171
0.759168	0.63471	0.200477
0.533825	0.176578	0.833814
0.00260065	0.126258	0.996657
0.17144	0.97911	0.185529
0.96687	0.295057	0.129452
0.32771	0.81167	0.512323
0.0999826	0.961512	0.276942
0.910592	0.398319	0.127277
0.422258	0.761885	0.503908
0.400212	0.77724	0.48986
0.264495	0.940812	0.23725
0.857072	0.25775	0.460637
0.168011	0.103873	0.986544
1.99346e-17	5.8063e-17	1.00257
6.1233e-17	1.00001	0
0.816608	0.492396	0.31001
0.959398	0.0393108	0.289326
0.119887	0.986197	0.167251
0.720951	0.669765	0.200303
0.915143	0.325277	0.25379
0.481272	0.432404	0.774111
0.414119	0.847859	0.332664
0.717502	0.510588	0.479452
0.904188	0.433534	0.063113
0.847584	0.534271	0.0935619
0.328344	0.958635	0.0665395
0.969213	0.209008	0.160441
0.318298	0.116603	0.94614
0.879746	0.339161	0.351961
0.751277	0.19043	0.646344
0.565758	0.611447	0.560445
0.323593	0.866776	0.409866
0.893891	0.139778	0.432095
0.143689	0.068895	0.992402
0.763396	0.476124	0.449462
0.980039	0.166792	0.128704
0.796017	0.505039	0.353173
0.384398	0.845198	0.383978
0.224323	0.916954	0.343563
0.149937	0.648953	0.748843
0.372929	0.639445	0.672942
0.735923	0.0200064	0.68327
0.340874	0.922548	0.190168
0.952197	0.0390157	0.315415
0.335759	0.0933118	0.939096
0.758472	0.649865	0.0801787
0.354344	0.437782	0.847999
0.687355	0.751623	0.07381
0.822938	0.300556	0.508973
0.920911	0.353156	0.187351
0.467526	0.841709	0.277929
0.0420223	0.996446	0.0746134
0.86743	0.331409	0.37814
0.533996	0.74207	0.407268
0.438154	0.163703	0.887945
0.392195	0.250112	0.894398
0.248418	0.874724	0.42148
0.454313	0.525279	0.73778
0.421963	0.274534	0.870601
0.732471	0.60761	0.356534
0.0955881	0.901233	0.429567
0.0292943	0.97891	0.265
0.0573785	0.584842	0.811333
0.0855433	0.19241	0.978902
0.506039	0.322714	0.818951
0.537428	0.736737	0.416919
0.583302	0.0291761	0.815395
0.775279	0.215937	0.599437
0.556916	0.203371	0.8064
0.38368	0.426511	0.830243
0.16429	0.539459	0.841854
0.667793	0.0792095	0.75241
0.649738	0.342979	0.696113
0.979887	0.172498	0.13188
0.608787	0.0722106	0.801933
0.367171	0.925924	0.155219
0.929098	0.385996	8.99686e-05
0.704669	0.449385	0.552638
0.263391	0.962861	0.0999979
0.491463	0.758944	0.460007
0.828913	0.306935	0.490829
0.309348	0.410007	0.859028
0.0996716	0.0853303	0.996541
0.221789	0.144659	0.965818
0.292823	0.623055	0.728233
0.361458	0.131995	0.928416
0.990495	0.141005	0.0162413
0.0732927	0.155996	0.985717
0.656363	0.615953	0.440498
0.17658	0.567102	0.807856
0.0816811	0.770113	0.636783
0.957521	0.0392339	0.300097
0.617898	0.0335072	0.794031
0.0625829	0.226902	0.976833
0.639255	0.591203	0.514471
0.804908	0.567765	0.202816
0.112579	0.997161	0.0334001
0.159678	0.629181	0.762022
0.251244	0.940523	0.243897
0.258059	0.774352	0.585607
0.0336861	0.800018	0.602089
0.995343	0.0138392	0.118457
0.40962	0.109064	0.917812
0.757598	0.483139	0.456761
0.957045	0.311148	0.019167
0.742673	0.460515	0.490053
0.528235	0.527452	0.704487
0.808945	0.631143	7.95601e-112
0.0168797	0.233084	0.975421
0.329948	0.9461	0
0.233639	0.8168	0.531044
0.780497	0.220821	0.590531
0.172334	0.984353	0.0482332
0.42754	0.265071	0.868494
0.239817	0.972466	0
0.699779	0.278821	0.662643
0.819281	0.530842	0.224146
0.255012	0.809873	0.538538
0.541007	0.815423	0.218749
0.304771	0.6587	0.707766
0.212115	0.55428	0.8137
0.648063	0.686845	0.338993
0.972607	0.204314	0.187182
0.433588	0.616077	0.660559
0.286975	0.821812	0.505092
0.726669	0.652883	0.239028
0.600201	0.0527641	0.812488
0.0483241	0.316183	0.959533
0.402114	0.401518	0.84368
0.567162	0.235629	0.796712
0.446536	0.588487	0.681895
0.206793	0.904821	0.373422
0.0760399	0.522671	0.853112
0.709571	0.716214	0.00394037
0.461242	0.707407	0.544514
0.092247	0.420917	0.904021
0.504004	0.700392	0.520233
0.563566	0.36921	0.745811
0.576201	0.757526	0.335989
0.988117	0.154128	0
0.859557	0.180566	0.484099
0.787921	0.0365973	0.623308
0.409955	0.254169	0.878521
0.141022	0.641107	0.759856
0.60854	0.531309	0.605592
0.107648	0.605346	0.789621
0.0223221	0.232747	0.976134
0.854095	0.288336	0.433902
0.903401	0.211451	0.394623
0.214427	0.928077	0.343347
0.588665	0.780702	0.270913
0.431557	0.457136	0.782748
0.12942	0.381018	0.926111
0.221935	0.907193	0.370364
0.573472	0.82062	0.0240087
0.281502	0.10001	0.955647
0.348903	0.295725	0.912244
0.541754	0.816549	0.212971
0.426668	0.115205	0.898942
0.671389	0.731625	0.14456
0.0109441	0.599422	0.802174
0.838357	0.198092	0.522173
0.190167	0.266568	0.952852
0.800822	0.0605943	0.596065
0.643122	0.780106	0.147185
0.712276	0.092896	0.700821
0.662326	0.227181	0.715524
0.309013	0.887366	0.3674
0.919357	0.285864	0.28015
0.931764	0.00734954	0.366993
0.547587	0.762502	0.348492
0.458743	0.882077	0.137806
0.443833	0.76102	0.497465
0.778016	0.0580831	0.64151
0.694695	0.480862	0.544766
0.0974256	0.413672	0.909032
0.631643	0.380866	0.678828
0.288785	0.853251	0.43827
0.940474	0.13646	0.31439
0.469575	0.157463	0.878301
0.127589	0.833732	0.542304
0.276594	0.804285	0.539453
0.0116796	0.693785	0.724609
0.13715	0.831145	0.543155
0.543101	0.548185	0.652218
0.442334	0.805439	0.407074
0.674936	0.422109	0.613109
0.292071	0.394557	0.872072
0.0489618	0.67609	0.735469
0.100277	0.877913	0.470663
0.689898	0.244615	0.690662
0.181146	0.321187	0.931867
0.300733	0.569384	0.766015
0.47071	0.470012	0.758243
0.583568	0.788367	0.272516
0.624781	0.00808363	0.789688
0.297487	0.880066	0.401155
0.0526788	0.975201	0.264263
0.641397	0.406783	0.653769
0.395975	0.79333	0.465411
0.518706	0.363277	0.778577
0.270287	0.575279	0.777963
0.17327	0.377397	0.910975
0.188424	0.11846	0.977111
0.936558	0.35782	0.00238528
6.10508e-17	1.23294e-17	1.01716
0.805248	0.534018	0.262985
0.733133	0.521949	0.454778
0.624745	0.671839	0.407057
0.129492	0.0166751	0.993534
0.893195	0.166408	0.431299
0.846841	0.280025	0.476232
0.855726	0.461808	0.241151
0.0762091	0.658981	0.75
0.677937	0.562023	0.482375
0.0536363	0.74027	0.683529
0.212667	0.578183	0.807454
0.0401743	0.936662	0.353542
0.466518	0.858135	0.22878
0.103764	0.989577	0.194673
0.199723	0.965113	0.180749
0.711491	0.412302	0.581439
0.448623	0.850313	0.28744
0.921455	0.00433602	0.390004
0.433058	0.814398	0.421306
0.482423	0.185116	0.859692
0.498373	0.197535	0.846625
0.590029	0.354401	0.728748
0.283021	0.868625	0.415832
0.154732	0.95027	0.274991
0.658155	0.760336	0.161665
0.206155	0.291892	0.934529
0.697043	0.590902	0.415937
0.993992	0.0665992	0.138954
0.487088	0.812815	0.325216
0.819366	0.371783	0.44162
0.221599	0.562442	0.803695
0.135949	0.748625	0.663023
0.162489	0.441763	0.89685
0.610063	0.372714	0.716605
0.705114	0.0758261	0.724839
0.551796	0.619259	0.563483
0.598352	0.803897	0.0632103
0.925507	0.24098	0.317339
0.902889	0.433804	0.121631
0.329491	0.0424295	0.946105
0.637039	1.1951e-05	0.82019
0.98415	0.169644	0.0916992
0.566988	0.541372	0.622386
0.816873	0.239555	0.57859
0.245917	0.974351	0.0294168
0.699658	0.462219	0.549775
0.370179	0.68082	0.637125
0.318385	0.576582	0.757775
0.02596	0.300915	0.9588
0.411568	0.220559	0.889691
0.0880923	0.610409	0.794046
0.761412	0.642277	0.162896
0.58027	0.71552	0.403929
0.0997323	0.997755	0.011365
0.867388	0.491769	0.100979
0.177221	0.975898	0.184821
0.989085	0.0922682	0.14795
0.0367935	0.998663	0.0655826
0.327588	0.552922	0.767699
0.572714	0.348174	0.743194
0.460051	0.392285	0.80104
0.44043	0.895785	0.0752329
0.664378	0.550783	0.514327
0.331579	0.159932	0.936444
0.798242	0.136848	0.589251
0.440641	0.896216	0.0581943
0.746862	0.625441	0.228267
0.292957	0.844825	0.464131
0.609737	0.774964	0.222048
0.536381	0.13946	0.840776
0.374716	0.502704	0.785378
0.832036	0.0258129	0.565786
0.0678534	0.47017	0.883138
0.0129083	0.876269	0.4945
0.0725281	0.0516457	0.997803
0.506013	0.715675	0.488554
0.515349	0.45863	0.727016
0.361531	0.220633	0.924764
0.529928	0.725121	0.480307
0.687586	0.570477	0.467353
0.301948	0.452006	0.863316
0.264502	0.426202	0.868092
0.516682	0.832549	0.2036
0.308843	0.421489	0.859805
0.938432	0.0823697	0.34693
0.373252	0.768955	0.522514
0.142124	0.228587	0.980489
0.186565	0.505954	0.853566
0.232377	0.107752	0.974819
0.261598	0.731494	0.644878
0.418402	0.633615	0.653178
0.742606	0.258578	0.631835
0.457414	0.732715	0.506399
0.689158	0.396608	0.61056
0.569356	0.786835	0.310444
0.846265	0.383988	0.373912
0.388083	0.702802	0.603569
0.957704	0.0876631	0.293518
0.968465	0.231499	0.128341
0.0636381	0.101919	0.995668
0.800161	0.531252	0.281947
0.722952	0.214185	0.665534
0.115038	0.925216	0.374239
0.446073	0.841378	0.359119
0.191993	0.910089	0.372582
0.775724	0.205238	0.600106
0.933377	0.17174	0.329561
0.59411	0.721601	0.366877
0.365636	0.928023	0.112892
0.861124	0.510654	0.0117293
0.520697	0.237724	0.835696
0.739652	0.597392	0.312476
0.530801	0.636239	0.567609
0.214032	0.175264	0.963551
0.287607	0.505928	0.8287
0.722492	0.616069	0.335237
0.0181254	0.871064	0.501951
0.642055	0.311174	0.709367
0.240222	0.359604	0.924189
0.239035	0.230341	0.945377
0.849414	0.492227	0.215124
0.209611	0.398135	0.908045
0.0923351	0.860611	0.528831
0.116154	0.181104	0.980762
0.276285	0.335574	0.916872
0.021185	0.613905	0.790875
0.886912	0.269325	0.382361
0.94922	0.251141	0.202137
0.345809	0.918678	0.218776
0.993733	0.127966	0.0161603
0.228038	0.98156	0.0385008
0.765651	0.64057	0.117353
0.54127	0.687943	0.493928
0.197283	0.190107	0.980229
0.455836	0.886543	0.127652
0.909073	0.436775	0.0313051
0.866591	0.493711	0.0812976
0.790067	0.213406	0.595432
0.955539	0.115544	0.292477
0.315658	0.0321754	0.951028
0.875224	0.328937	0.381493
0.668864	0.305222	0.682054
0.818547	0.468262	0.445397
0.653827	0.124937	0.752486
0.0811718	0.643951	0.766074
0.172839	0.778303	0.618745
0.553389	0.449385	0.702615
0.184186	0.0313161	0.987204
0.260638	0.93777	0.277529
0.963888	0.17939	0.207897
0.559613	0.827777	0.0802255
0.945043	0.18882	0.282325
0.547282	0.47767	0.69815
0.35615	0.89917	0.275766
0.962621	0.254687	0.105493
0.490438	0.425315	0.774094
0.0290903	0.466532	0.902444
0.00557219	0.839771	0.544636
0.91385	0.170256	0.38805
0.860772	0.321012	0.397405
0.888397	0.306817	0.349465
0.557349	0.763976	0.339402
0.651281	0.545399	0.528511
0.0118623	0.675405	0.737817
0.339201	0.905675	0.275759
0.39684	0.912737	0.14741
0.596554	0.715053	0.376135
0.9533	0.115274	0.29921
0.98665	0.0957348	0.142355
0.399813	0.696818	0.603975
0.445126	0.364499	0.821235
0.941427	0.249079	0.23332
0.742144	0.599404	0.304722
0.199771	0.0530711	0.981295
0.402812	0.699537	0.592466
0.00659265	0.316826	0.949833
0.617906	0.339851	0.711788
2.37117e-17	5.7105e-17	1.0098
0.59253	0.818862	0.0376142
0.420027	0.299036	0.866485
0.352606	0.6485	0.679142
0.0591522	0.707458	0.711613
0.293837	0.958743	8.80668e-07
0.964681	0.0286515	0.269408
0.439759	0.370958	0.821236
0.614145	0.346583	0.71178
0.727331	0.0909365	0.682203
0.56362	0.79622	0.228476
0.645895	0.479653	0.595871
0.115854	0.802778	0.588744
0.700527	0.128488	0.712852
6.07429e-17	1.47133e-17	1.02069
0.25426	0.393854	0.886276
0.777828	0.382212	0.499608
0.393283	0.770163	0.518722
0.434407	0.851037	0.322799
0.334126	0.784103	0.537358
0.311414	0.925347	0.275502
0.963633	0.22928	0.151909
0.925044	0.152442	0.370292
0.468875	0.761419	0.454324
0.0819273	0.91858	0.390433
0.810979	0.576767	0.106496
0.58079	0.798486	0.166349
0.80116	0.550982	0.300289
0.501341	0.876883	0.0414219
0.718135	0.0698434	0.70732
0.222106	0.301284	0.927665
0.517912	0.798051	0.332433
0.0395062	0.963546	0.285254
0.228755	0.293975	0.940125
0.524076	0.653357	0.549203
0.0220683	0.752722	0.676088
0.209547	0.456009	0.87117
0.247836	0.0437648	0.968644
0.533634	0.406144	0.75237
0.761992	0.631475	0.182827
0.537552	0.683008	0.511355
0.818512	0.45923	0.378218
0.140899	0.712708	0.699248
0.966264	0.00397488	0.310162
0.104545	0.194135	0.980613
0.9743	0.172049	0.159404
0.967942	0.219048	0.221044
0.353533	0.594579	0.726577
0.255382	0.97133	0.0937182
0.00464119	0.976728	0.22867
0.628517	0.177054	0.763773
0.322212	0.772192	0.55868
0.315127	0.276477	0.913498
0.858071	0.261849	0.443812
0.0575649	0.42276	0.907916
0.640581	0.519571	0.573159
0.290803	0.891749	0.360211
0.47657	0.446847	0.759986
0.60474	0.221493	0.768743
0.348138	0.828316	0.444354
0.110773	0.398377	0.919732
0.407257	0.0796084	0.923011
0.948005	0.334536	0.00959676
0.899942	0.0620461	0.448463
0.0679381	0.696955	0.715927
0.340976	0.528178	0.78094
0.38316	0.920697	0.103125
0.357925	0.842397	0.410381
0.773099	0.0523568	0.634617
0.977834	0.100096	0.188826
0.905333	0.0919253	0.418884
0.730959	0.538998	0.420621
0.248406	0.973398	0.083877
0.94549	0.333649	0.0252094
0.609653	0.794505	0.116554
0.93409	0.320122	0.176686
0.0125681	0.990189	0.145744
0.261254	0.968843	0.11344
0.49554	0.769643	0.406152
0.134491	0.686227	0.72608
0.91073	0.324574	0.257227
0.213337	0.939664	0.2719
0.478643	0.837007	0.296383
0.700234	0.716418	0.071447
0.503279	0.824669	0.26439
0.505239	0.869434	0.00942779
0.0654469	0.174213	0.98918
0.567629	0.412472	0.725407
0.115138	0.612741	0.805093
0.17755	0.267476	0.9479
0.790896	0.576737	0.230764
0.721864	0.354713	0.61674
0.297758	0.482063	0.835967
0.703253	0.168417	0.694831
0.183475	0.953222	0.25086
0.280944	0.433704	0.857929
0.760062	0.645616	0.10175
0.583462	0.18608	0.794922
0.270854	0.909554	0.343999
0.168418	0.978936	0.133999
0.30844	0.790081	0.540579
0.051556	0.861183	0.507562
0.851548	0.517332	0.133114
0.597388	0.512044	0.647705
0.939978	0.349634	0.0252161
0.672824	0.485565	0.567274
0.911427	0.220769	0.40458
0.51738	0.64501	0.582653
0.362236	0.203526	0.913488
0.845123	0.051672	0.535217
0.871696	0.489069	0.0561335
0.0879412	0.924643	0.382841
0.509054	0.700315	0.55548
0.689648	0.533299	0.52579
0.0978535	0.309295	0.954502
0.483643	0.400877	0.785583
0.825961	0.0102781	0.570488
0.576059	0.739641	0.356189
0.316718	0.317485	0.896008
0.155528	0.284874	0.954971
0.415019	0.252357	0.876643
0.370134	0.025936	0.929085
0.573208	0.204265	0.814184
0.152162	0.884446	0.446157
0.374771	0.567678	0.737015
0.599403	0.428274	0.682022
0.491817	0.374705	0.798417
0.46687	0.811008	0.385581
0.702679	0.710567	0.0677288
0.452505	0.732594	0.528336
0.26837	0.435814	0.862593
0.934946	0.154074	0.343466
0.413175	0.256469	0.877694
0.888741	0.214513	0.425399
0.892062	0.438345	0.205361
0.40182	0.140124	0.906519
0.988699	0.162787	0.052973
0.442432	0.6836	0.585837
0.531035	0.855204	0.0145388
0.28461	0.462187	0.843607
0.841746	0.471814	0.349774
0.15368	0.269823	0.960261
0.87967	0.129214	0.458526
0.748871	0.206877	0.630785
0.189639	0.703417	0.704514
0.37916	0.889786	0.257208
0.447944	0.779311	0.4445
0.416038	0.727683	0.559627
0.453513	0.0315118	0.908914
0.425307	0.640718	0.64169
0.867509	0.495824	0.0557383
0.62102	0.663977	0.433836
0.785028	0.604815	0.245636
0.684308	0.12084	0.720795
0.87343	0.0108688	0.490436
0.289546	0.447296	0.848806
0.93206	0.182194	0.349675
0.301438	0.952632	0.0790742
0.74397	0.601975	0.294006
0.184943	0.0210455	0.989375
0.202185	0.731631	0.659265
0.320836	0.540867	0.781173
0.411396	0.668077	0.626534
0.162144	0.965785	0.21312
0.0711302	0.807051	0.593232
0.567685	0.707725	0.436815
0.821077	0.144913	0.561209
0.513559	0.862812	0.00183452
0.590552	0.472199	0.678852
0.914187	0.000217652	0.411993
0.57636	0.0354844	0.821856
0.402367	0.18946	0.901307
0.306705	0.19627	0.936457
0.23337	0.865626	0.4619
0.651096	0.365826	0.670507
0.456521	0.745708	0.490847
0.554625	0.428433	0.724543
0.787482	0.569978	0.237896
0.0157568	0.901231	0.441865
0.0953516	0.554234	0.828194
0.626886	0.465242	0.625632
0.25904	0.259667	0.933229
0.0126413	0.995953	0.135337
0.940622	0.21655	0.305149
0.616163	0.658784	0.468095
0.675336	0.068572	0.74017
0.131466	0.904866	0.428328
0.64373	0.634285	0.46672
0.432822	0.338282	0.836943
0.660177	0.00271574	0.767716
0.994261	0.0966488	0.0790552
0.725649	0.155915	0.674793
0.166979	0.138404	0.981261
0.920398	0.197712	0.349208
0.685214	0.161137	0.715143
0.0301304	0.104437	0.99861
0.239958	0.238462	0.944392
0.89614	0.374501	0.252067
0.125414	0.664528	0.748519
0.421315	0.31773	0.865895
0.504564	0.359409	0.799952
0.838082	0.161638	0.547618
0.587577	0.816103	0.0160061
0.797913	0.0955231	0.604386
0.756576	0.626987	0.204589
0.48718	0.368791	0.805447
0.0360357	0.627533	0.780801
0.530039	0.818242	0.246519
0.0552933	0.3171	0.95039
0.277292	0.465868	0.840593
0.997639	0.0675634	0.127711
5.51953e-17	2.66937e-17	1.00129
0.339324	0.940748	0.088384
0.271751	0.952796	0.157092
0.905243	0.409123	0.20806
0.0264073	0.256295	0.968551
0.829597	0.430598	0.365221
0.843779	0.488324	0.249596
0.867432	0.317376	0.38523
0.996928	0.058868	0.076952
0.037445	0.513481	0.863464
0.814013	0.359548	0.478984
0.0159249	0.986602	0.171693
0.363854	0.0468514	0.949616
0.587207	0.0346742	0.811296
0.408664	0.731829	0.550987
0.566668	0.826674	0.0167104
0.484716	0.868022	0.145478
0.426305	0.00821263	0.91115
0.518144	0.636349	0.581238
0.253603	0.967879	0.0696033
0.101582	0.979424	0.198331
0.494198	0.720952	0.488658
0.192226	0.56837	0.800376
0.528039	0.853048	0.0055157
0.231767	0.884539	0.440922
0.987573	0.128358	0.106322
0.974266	0.20799	0.0993194
0.170063	0.709593	0.687407
0.775807	0.0726162	0.638011
0.474553	0.201224	0.85854
0.198964	0.0643849	0.981659
0.696261	0.525777	0.521567
0.146938	0.99275	0.0578651
0.321558	0.770402	0.563278
0.856931	0.477309	0.23958
0.157239	0.932718	0.336642
0.592197	0.764775	0.279803
0.734552	0.095725	0.673624
0.101209	0.982052	0.194976
0.0479518	0.594944	0.832198
0.178494	0.456353	0.875441
0.114683	0.443251	0.893386
0.893325	0.328994	0.346298
0.801313	0.122415	0.598028
0.233725	0.597563	0.773844
0.845095	0.14599	0.551209
0.131067	0.750252	0.658644
0.993426	0.11404	0.0124971
0.334432	0.610847	0.719467
0.0534882	0.499613	0.866064
0.28931	0.859844	0.429392
0.580018	0.499313	0.656598
0.451659	0.191517	0.875847
0.313556	0.370972	0.874211
0.613207	0.7851	0.269307
0.242683	0.307932	0.924889
0.962199	0.234098	0.186706
0.690834	0.395764	0.61907
0.375042	0.0161902	0.928633
0.388368	0.691755	0.631429
0.420037	0.22365	0.887517
0.947363	0.306567	0.13483
0.857002	0.480754	0.233803
0.5057	0.571178	0.69018
0.279377	0.746585	0.632675
0.776219	0.561662	0.307313
0.862026	0.301115	0.429123
0.744243	0.29555	0.606317
0.0608584	0.780317	0.677257
0.328168	0.604237	0.732881
0.910111	0.0392886	0.419684
0.125328	0.261114	0.957892
0.674169	0.626223	0.397572
0.637628	0.495081	0.611388
0.519674	0.245219	0.823321
0.261591	0.162709	0.952004
0.0667513	0.685266	0.728424
0.584905	0.726914	0.368354
0.212636	0.956424	0.217576
0.710643	0.229964	0.669273
0.55798	0.0508363	0.829
0.704717	0.689075	0.170696
0.753393	0.648564	0.256288
0.847562	0.421909	0.348102
0.242946	0.712516	0.661738
0.666093	0.0260064	0.748743
0.159701	0.506522	0.851747
0.143717	0.101918	0.989406
0.716598	0.675901	0.185725
0.511061	0.169513	0.845031
0.216861	0.97543	0.118397
0.438555	0.568559	0.70109
0.354351	0.795257	0.520462
0.259087	0.138403	0.965257
0.347972	0.833687	0.458154
0.634032	0.157458	0.766868
0.65882	0.0183546	0.775974
0.961957	0.16613	0.25905
0.317226	0.760025	0.591007
0.0927174	0.781561	0.644433
0.394258	0.802678	0.453532
0.887636	0.346847	0.329345
0.045854	0.402564	0.914702
0.114842	0.0794973	0.992956
0.209453	0.305557	0.945756
0.463754	0.842662	0.289098
0.485255	0.73688	0.487642
0.672538	0.554713	0.498354
0.915659	0.358823	0.228837
0.419831	0.544285	0.729014
0.664335	0.643948	0.385871
0.541707	0.840597	0.0426881
0.304748	0.770355	0.588672
0.141007	0.751522	0.653687
0.596885	0.233904	0.796941
0.794099	0.277388	0.55719
0.781597	0.606865	0.226027
0.348155	0.838698	0.451766
0.987403	0.184724	0.0698802
0.227231	0.281264	0.935289
0.647396	0.278988	0.709656
0.940418	0.338469	0.162852
0.721163	0.443958	0.536575
0.556309	0.694891	0.46222
0.12285	0.637654	0.764559
0.860572	0.21123	0.495403
0.728597	0.448535	0.522944
0.768339	0.388212	0.512604
0.679328	0.553781	0.489997
0.536522	0.242433	0.829967
0.76218	0.591789	0.309427
0.498707	0.868457	0.0391452
0.606504	0.267729	0.755356
0.556731	0.658675	0.543158
0.16167	0.700281	0.714114
0.769858	0.616624	0.179261
0.283143	0.883015	0.410563
0.298053	0.892111	0.370278
0.0858871	0.972821	0.216872
0.463512	0.844002	0.286312
0.954935	0.178878	0.258762
0.0800009	0.917022	0.397729
0.310242	0.926169	0.216904
0.378969	0.1257	0.919127
0.978116	0.23797	0.0542709
0.215954	0.900471	0.389201
0.760067	0.418825	0.506541
0.151669	0.913001	0.430359
0.0704547	0.922713	0.388223
0.382815	0.135263	0.916418
0.617999	0.22497	0.753963
0.693903	0.318261	0.650192
0.303526	0.812282	0.50769
0.549856	0.65903	0.525138
0.876461	0.0142764	0.500639
0.926295	0.350115	0.165612
0.720928	0.704926	0.0301087
0.937725	0.36747	0.0190256
0.292353	0.875307	0.398737
0.651163	0.294292	0.70439
0.519332	0.111129	0.860062
0.566084	0.838378	0.00827677
0.353857	0.869555	0.358282
0.89094	0.0172183	0.465043
0.18153	0.140947	0.989381
0.652422	0.268723	0.710307
0.788415	0.612159	0.134049
0.19791	0.585176	0.788513
0.398069	0.539598	0.743356
0.944616	0.353325	0.0168136
0.461242	0.815279	0.373902
0.452758	0.892574	0.131666
0.003651	0.808577	0.612388
0.892729	0.204842	0.436695
0.430811	0.417236	0.816352
0.550393	0.83502	0.0463884
0.452923	0.587187	0.694097
0.684271	0.662056	0.312469
0.624679	0.287903	0.740138
0.182373	0.655289	0.735197
0.722498	0.621678	0.324513
0.00885685	0.392905	0.923798
0.143315	0.966823	0.215912
0.324865	0.528566	0.7957
0.458084	0.670624	0.590635
0.628895	0.805186	0.00346904
0.246531	0.936477	0.25792
0.551191	0.820254	0.165291
0.778041	0.185854	0.621997
0.624178	0.0348692	0.783541
0.648291	0.0238863	0.763794
0.0383504	0.530755	0.854473
0.682955	0.668197	0.313565
0.219164	0.652287	0.74045
0.26092	0	0.965427
2.37117e-17	5.7105e-17	1.0098
0.123768	0.990855	0.0865131
0.194268	0.976711	0.133928
0.536302	0.518249	0.685316
0.557696	0.540467	0.651109
0.660864	0.508877	0.558246
0.469987	0.836362	0.283572
0.339	0.35722	0.889604
0.153744	0.162007	0.984726
0.285282	0.960258	0.0463741
0.038814	0.115401	0.9979
0.0999175	0.41169	0.908112
0.615917	0.126537	0.781843
0.752061	0.608025	0.265704
0.0676959	0.33471	0.943621
0.0237243	0.996353	0.148493
0.384842	0.925485	0.0201404
0.485142	0.235274	0.847988
0.653243	0.750169	0.19602
0.803176	0.577535	0.15923
0.390678	0.13896	0.918426
0.629801	0.0413301	0.77835
0.817884	0.268728	0.53724
0.591773	0.623579	0.515984
0.717367	0.368095	0.595095
0.552215	0.0973936	0.833605
0.14319	0.652792	0.759075
0.275983	0.829202	0.496901
0.602797	0.450921	0.659273
0.54113	0.43993	0.718659
0.667855	0.692629	0.299847
0.458367	0.240608	0.861702
0.776962	0.631513	0.00733041
0.99711	0.0236673	0.096501
0.571327	0.472257	0.675134
0.974387	0.226643	0.0523205
0.310872	0.770229	0.584942
0.966847	0.0124369	0.291612
0.580841	0.722569	0.399887
0.609407	0.413133	0.705983
0.676019	0.727147	0.145358
0.360774	0.618079	0.699711
0.237208	0.422253	0.883372
0.138026	0.683005	0.731617
0.982212	0.0644568	0.193006
0.354876	0.819929	0.468599
0.452074	0.854645	0.266717
0.210567	0.906846	0.381437
0.234367	0.246964	0.950155
0.137341	0.679615	0.73371
0.296525	0.496843	0.82011
0.596981	0.0782211	0.80263
0.531087	0.848255	0.0145409
0.644673	0.0846198	0.76388
0.951778	0.0656254	0.334977
0.349	0.603901	0.71876
0.387992	0.937867	0.0116592
0.732689	0.38811	0.567584
0.32808	0.757397	0.581282
0.764399	0.393873	0.519176
0.91151	0.0298703	0.417108
0.111475	0.100032	0.99667
0.63524	0.489957	0.610564
0.808603	0.581437	0.121369
0.402539	0.832337	0.422855
0.519939	0.781623	0.34721
0.713207	0.619543	0.344436
0.931465	0.167647	0.369775
0.688861	0.707682	0.18348
0.282175	0.113277	0.95501
0.158119	0.673626	0.726496
0.879132	8.30539e-07	0.484696
0.934633	0.0528766	0.356113
0.773394	0.135414	0.640756
0.996799	0.0268	0.0964786
0.827392	0.556613	0.208529
0.558896	0.485497	0.674293
0.255406	0.503736	0.832264
0.9157	0.361698	0.2011
0.314655	0.950186	0.171675
0.182134	0.898463	0.402674
0.117718	0.551555	0.83068
0.163734	0.0544833	0.987598
0.987179	0.00761415	0.167692
0.30519	0.914	0.274037
0.434232	0.813112	0.390968
0.540798	0.273821	0.796539
0.63112	0.321117	0.724845
0.872035	0.335889	0.365119
0.0127498	0.796653	0.614579
0.0232604	0.972302	0.241767
0.830885	0.428613	0.387679
0.420347	0.808137	0.413742
0.0860981	0.896552	0.4457
0.850721	0.30424	0.461699
0.527712	0.78965	0.318073
0.960279	0.174479	0.258403
0.426508	0.420218	0.808098
0.289313	0.905701	0.361838
0.864785	0.447331	0.232561
0.083849	0.397586	0.927588
0.738741	0.379843	0.568639
0.0735016	0.290744	0.957355
0.0518055	0.879272	0.52866
0.551303	0.27914	0.787377
0.941641	0.345094	0.0290665
0.510806	0.40835	0.771032
0.786856	0.594082	0.194288
0.623051	0.756064	0.223123
0.511345	0.86214	0.0311402
0.970713	0.0716873	0.250518
0.710657	0.0934766	0.700797
0.203201	0.741586	0.640588
0.0202515	0.481966	0.892974
0.356743	0.347864	0.870657
0.955399	0.187055	0.276418
0.695763	0.668911	0.312299
0.646212	0.351526	0.68281
0.898226	0.268082	0.366238
0.757013	0.657596	0.000559897
0.379471	0.0541859	0.932844
0.244225	0.940768	0.257331
0.863921	0.467143	0.21698
0.451453	0.647414	0.626752
0.508485	0.638844	0.646084
0.39368	0.123154	0.926565
0.303019	0.3171	0.902881
0.883117	8.34304e-07	0.477482
0.710883	0.146047	0.695901
0.170675	0.565967	0.809776
0.466658	0.828251	0.32854
0.684428	0.555203	0.481344
0.801746	0.0103131	0.606051
0.727897	0.705411	8.44989e-293
0.671654	0.277728	0.691934
0.966561	0.207571	0.172704
0.800374	0.237495	0.563988
0.0539435	0.999283	0.0730574
0.259752	0.832148	0.499645
0.0743244	0.293999	0.955518
0.497308	0.181724	0.852215
0.590232	0.794592	0.236938
0.595638	0.738118	0.327782
0.515453	0.785656	0.351118
0.933593	0.30074	0.220013
0.270418	0.865842	0.431483
0.20291	0.714958	0.675515
0.489414	0.696182	0.530942
0.322372	0.922796	0.222843
0.386176	0.918378	0.110066
0.742321	0.565526	0.402567
0.0173279	0.919085	0.396508
0.945827	0.229603	0.234735
0.678259	0.714714	0.187472
0.409328	0.78922	0.47045
0.416539	0.402658	0.820037
0.0446937	0.22098	0.978319
0.979205	0.191716	0.169726
0.00518905	0.94814	0.375978
0.843603	0.435174	0.317622
0.0917347	0.997415	0.0731222
0.626288	0.642231	0.454126
0.227024	0.947351	0.279401
0.706655	0.710934	0.071433
0.814277	0.460318	0.365927
0.399936	0.923281	0.106711
0.795162	0.00397664	0.610785
0.349437	0.180258	0.923657
0.38762	0.203675	0.903776
0.698894	0.360525	0.62329
0.181415	0.46093	0.885392
0.924649	0.384713	0.126294
0.0045539	0.801927	0.618579
0.172574	0.250468	0.955329
0.478837	0.80733	0.353364
0.644361	0.516145	0.576666
0.199591	0.75596	0.651371
0.192087	0.259923	0.951352
0.455515	0.76832	0.456349
0.865318	0.469243	0.198656
0.22085	0.90997	0.36438
0.781526	0.625856	0.0156993
0.443885	0.49655	0.756483
0.72001	0.697582	0.0184906
0.107574	0.216478	0.972651
0.446216	0.639904	0.634466
0.808172	0.586779	0.0646765
0.973327	0.227022	0.0817584
0.859159	0.0673877	0.535902
0.663599	0.505441	0.5583
0.114157	0.334048	0.938851
0.468124	0.870372	0.241521
0.110179	0.254564	0.970269
0.890423	0.342972	0.305958
0.6057	0.149737	0.787391
6.73221e-18	6.11631e-17	1.0049
0.771885	0.000392931	0.638041
0.549603	0.212955	0.815011
0.659541	0.70345	0.277352
0.601297	0.289551	0.751672
0.75239	0.47553	0.463323
0.295199	0.844839	0.459262
0.808621	0.130172	0.581115
0.334541	0.490942	0.807148
0.728027	0.146552	0.669979
0.362636	0.0018078	0.93553
0.87812	0.247868	0.420402
0.890059	0.398568	0.233687
0.155235	0.465278	0.87233
0.958161	0.295996	0.0289626
0.488121	0.513726	0.711316
0.800905	0.355536	0.52054
0.904233	0.162427	0.402926
0.458579	0.869829	0.206854
0.46363	0.0922639	0.887587
0.902042	0.175639	0.405318
0.535979	0.186948	0.825199
0.00219578	0.256979	0.983848
0.697698	0.335972	0.643325
0.523337	0.784502	0.339949
0.182989	0.980598	0.0783107
0.0124535	0.253275	0.970801
0.673247	0.488253	0.566212
0.166858	0.227339	0.964344
0.582724	0.599193	0.593029
0.417204	0.0705634	0.912324
0.302349	0.879874	0.392409
0.963901	0.105958	0.258496
0.422657	0.074504	0.905891
0.31413	0.664106	0.693048
0.504841	0.44169	0.77473
0.248974	0.967701	0.0966818
0.413534	0.813718	0.447928
0.230503	0.795354	0.571459
0.611943	0.678477	0.444174
0.783905	0.0870301	0.621867
0.968877	0.0351145	0.263037
0.081565	0.962298	0.265563
0.561111	0.417224	0.720144
0.0798694	0.991115	0.135442
0.434487	0.864114	0.294656
0.592861	0.285489	0.759336
0.288376	0.0655629	0.957898
0.850965	0.282218	0.471456
0.492826	0.7563	0.431819
0.439464	0.389101	0.812391
0.168268	0.661238	0.735112
0.32238	0.915759	0.250121
0.989057	0.166078	0.0505113
0.53777	0.184283	0.833857
0.409632	0.772639	0.487843
0.342661	0.121382	0.93781
0.778941	0.576188	0.258277
0.227777	0.938789	0.321535
0.90796	0.197822	0.373132
0.947623	0.00815423	0.342667
0.702065	0.25153	0.68008
0.747131	0.36239	0.56746
0.293132	0.65019	0.733747
0.817434	0.584164	0.0414059
0.899867	0.403145	0.225681
0.920553	0.348797	0.195835
0.128924	0.762542	0.640667
0.104118	0.833448	0.586989
0.40508	0.904992	0.190568
0.0922879	0.582391	0.81015
0.634466	0.67519	0.390781
0.802987	0.386673	0.483327
0.572167	0.194852	0.81749
0.149442	0.371522	0.918628
0.385321	0.925059	0.0623039
0.0775489	0.859277	0.541793
0.132382	0.820395	0.596887
0.142827	0.827647	0.586957
0.0263342	0.971929	0.239831
0.836293	0.298948	0.467027
0.388476	0.287358	0.878317
0.354092	0.454485	0.830138
0.786228	0.622301	0.0146067
0.250928	0.737233	0.646972
0.687837	0.039279	0.729488
0.912483	0.155614	0.39042
0.198646	0.522807	0.836243
0.2383	0.80058	0.559107
0.442334	0.85422	0.292061
0.0665162	0.791056	0.612926
0.0953931	0.983014	0.16296
0.690507	0.235153	0.708027
0.28139	0.0480892	0.960598
0.319351	0.907154	0.281958
0.88523	0.428939	0.187631
0.467192	0.734229	0.505337
0.380562	0.919018	0.116943
0.566541	0.8109	0.210653
0.191485	0.0129909	0.986334
0.450963	0.268022	0.854132
0.493935	0.136913	0.867991
0.8564	0.167565	0.503476
0.628571	0.620565	0.47739
0.893582	0.43748	0.13468
0.926927	0.327273	0.201585
0.136366	0.0810467	0.989636
0.311145	0.590178	0.748537
0.678754	0.493982	0.555803
0.0420126	0.752104	0.663572
0.872774	0.141776	0.477889
0.943827	0.263781	0.216687
0.0211963	0.98579	0.171564
0.61882	0.219454	0.756144
0.706265	0.69727	0.149269
0.913703	0.416702	0.0184529
0.576782	0.750568	0.361626
0.394562	0.887783	0.280614
0.285585	0.936924	0.221056
0.87025	0.495926	0.125524
0.279381	0.583403	0.770049
0.262212	0.806279	0.540254
0.0268619	0.649298	0.762871
0.477893	0.711175	0.558043
0.255161	0.933014	0.268364
0.517144	0.0221563	0.86692
0.932703	0.31932	0.189479
0.116319	0.457099	0.885167
0.430593	0.85388	0.301169
0.204792	0.407294	0.902766
0.941791	0.33188	0.125138
0.642661	0.0782836	0.768533
0.976986	0.189567	0.173163
0.614304	0.196745	0.79689
0.66578	0.677616	0.329544
0.996215	0.056889	0.0879943
0.212795	0.637798	0.74329
0.298265	0.890147	0.363073
0.262412	0.783378	0.577951
0.740371	0.0287475	0.674771
0.396247	0.544964	0.741103
0.0703893	0.55977	0.827564
0.782927	0.306256	0.548237
0.976141	0.270575	0.108691
0.950675	0.305852	0.0896451
0.713101	0.632197	0.321157
0.842665	0.236531	0.512531
0.325139	0.723526	0.619275
0.170373	0.219279	0.967618
0.310539	0.149538	0.948529
0.410629	0.538533	0.782167
0.518709	0.786393	0.382866
0.31395	0.0536537	0.951017
0.509329	0.607902	0.612326
0.949779	0.0850867	0.3308
0.24591	0.95579	0.239445
0.622765	0.274485	0.734301
0.482511	0.239327	0.847284
0.848903	0.53417	8.33631e-07
0.832282	0.55522	0.0463384
0.11997	0.369499	0.928025
0.268013	0.566729	0.782389
0.0379167	0.909166	0.435906
0.0425089	0.760987	0.654889
0.321577	0.945706	0.106799
0.381196	0.271149	0.89398
0.158944	0.996732	0.00682745
0.00172031	0.201334	0.988029
0.053495	0.127429	0.99224
0.345884	0.910318	0.253945
0.0589047	0.996622	0.068615
0.34891	0.172631	0.925281
0.578388	0.698972	0.440179
0.51736	0.179085	0.841423
0.55844	0.837015	0.0871621
0.845759	0.500924	0.200575
0.667568	0.687847	0.311603
0.734567	0.684001	5.81587e-05
0.819794	0.113567	0.563466
0.637637	0.761042	0.147968
0.177018	0.92036	0.353201
0.186825	0.451734	0.882425
0.216521	0.323551	0.921884
0.552761	0.709482	0.46195
0.144253	0.448817	0.884828
0.497348	0.343502	0.807763
0.889074	0.246794	0.425128
0.311266	0.641925	0.713559
0.794901	0.376044	0.497472
0.50306	0.791414	0.379424
0.827429	0.570683	0.0460259
0.714752	0.633661	0.309091
0.221573	0.0382321	0.974872
0.402258	0.778745	0.488954
3.74944e-33	6.1233e-17	1.00001
5.69974e-17	2.23962e-17	1.00012
0.393831	0.927308	0.0338658
0.0105196	0.602362	0.813148
0.380698	0.130038	0.918371
0.704435	0.639153	0.324448
0.971975	0.24635	0.13816
0.544851	0.628309	0.564848
0.164898	0.115016	0.981401
0.637341	0.0954985	0.765863
0.502649	0.847936	0.223524
0.786	0.548232	0.305412
0.660138	0.701024	0.278367
0.247986	0.887861	0.415248
0.248924	0.91099	0.344996
0.399474	0.798635	0.46808
0.203417	0.897525	0.405983
0.631715	0.0309898	0.784051
0.370888	0.844911	0.395234
0.0220045	0.880546	0.489955
0.0554765	0.78679	0.626777
0.205752	0.77598	0.597091
0.0653154	0.786028	0.617764
0.703173	0.716352	0.0424517
0.845419	0.29135	0.450063
0.577932	0.524809	0.626754
0.795095	0.45619	0.434688
0.189217	0.830631	0.526605
0.059232	0.712818	0.701328
0.341827	0.860774	0.411852
0.979729	0.0808137	0.247813
0.222247	0.975787	0.0693609
0.840616	0.543661	0.0815107
0.516285	0.213888	0.837326
0.895079	0.44573	0.0576426
0.433759	0.853331	0.296006
0.933073	0.358027	0.0740303
0.886405	0.346469	0.312527
0.304387	0.78986	0.547095
0.449036	0.474521	0.771544
0.0387959	0.874753	0.487058
0.891236	0.0231549	0.494992
0.812582	0.387965	0.442863
0.722654	0.467801	0.519896
0.03779	0.749334	0.666932
0.413568	0.486418	0.779157
0.633404	0.775063	0.0989356
0.438516	0.793964	0.425862
0.459926	0.505085	0.739096
0.347677	0.479289	0.80836
0.481351	0.597693	0.641696
0.909149	0.335026	0.256957
0.737032	0.31768	0.60369
0.677709	0.489001	0.567608
0.470437	0.0492138	0.884647
0.489483	0.864396	0.133377
0.876656	0.425307	0.234483
0.411987	0.470137	0.789515
0.358351	0.211581	0.91068
0.946957	0.30922	0.113534
0.71463	0.293562	0.636002
0.844141	5.51753e-245	0.538108
0.640441	0.743092	0.208933
0.898868	0.312521	0.314102
0.537282	0.731562	0.427825
0.874281	0.408949	0.280505
0.656078	0.268661	0.70934
0.761459	0.300593	0.59368
0.155636	0.906672	0.396365
0.242763	0.170116	0.969483
0.328954	0.943167	0.125055
0.957582	0.222899	0.219758
0.882639	0.380366	0.290939
0.114873	0.934844	0.341587
0.0702192	0.20133	0.978022
0.309349	0.40733	0.864503
0.867509	0.111374	0.503279
0.174676	0.174056	0.974082
0.531817	0.00290308	0.8675
0.527933	0.825456	0.211699
0.327386	0.56318	0.76137
0.780831	0.514965	0.368295
0.454587	0.499221	0.744533
0.585141	0.738441	0.366937
0.0323922	0.451209	0.89416
0.725817	0.489233	0.505835
0.829348	0.536373	0.177137
0.684867	0.618592	0.386088
0.596509	0.729477	0.338546
0.535079	0.807311	0.268522
0.85552	0.369651	0.368689
0.617284	0.756047	0.220693
0.118073	0.990575	0.149399
0.174259	0.0723873	0.984188
0.855734	0.353982	0.384194
0.512003	0.665944	0.558961
0.707419	0.279909	0.653257
0.791056	0.596514	0.170575
0.332037	0.395074	0.85735
0.493853	0.00102238	0.874694
0.44796	0.833382	0.361082
0.816316	0.573855	0.12864
0.961111	0.0795247	0.267375
0.995635	0.104156	0.0493463
0.5604	0.422582	0.731803
0.999283	0.010822	0.060328
0.326012	0.590267	0.74156
0.923277	0.389254	0.0432941
0.419079	0.829707	0.37594
0.695218	0.725049	0.0444379
0.835646	0.00241644	0.586318
0.568412	0.0143049	0.851944
0.297942	0.337572	0.895011
0.878491	5.53766e-05	0.507676
0.570899	0.0597235	0.822734
0.141273	0.253493	0.959555
0.312592	0.296822	0.908491
0.825095	0.533623	0.198585
0.0836924	0.365828	0.939309
0.00194627	0.39596	0.926069
0.0917	0.686774	0.734918
0.289842	0.958577	0.00816085
0.750548	0.401323	0.554473
0.265345	0.194252	0.947526
0.356346	0.745412	0.58496
0.00478221	0.972918	0.249105
0.147338	0.650089	0.752382
0.722427	0.69255	0.0455222
0.913439	0.370336	0.215368
0.549287	0.319128	0.790192
0.0964604	0.725087	0.683001
0.992574	0.00164725	0.159783
0.982832	0.144372	0.118133
0.095913	0.163578	0.989026
0.0286592	0.39921	0.916987
0.348075	0.242781	0.90744
0.446122	0.53733	0.723068
0.806883	0.556687	0.244312
0.926399	0.384826	0.00818265
0.46861	0.0473883	0.888074
0.981051	0.0406166	0.192303
0.398327	0.907419	0.167606
0.16125	0.0668031	0.986658
0.629108	0.770629	0.107645
0.863431	0.509796	0.0121841
0.595872	0.81518	0.151906
0.105059	0.0412813	0.993656
0.588254	0.80704	0.179109
0.599488	0.695574	0.406951
0.182022	0.967207	0.201424
0.22318	0.971259	0.149246
0.453028	0.412956	0.800984
0.672589	0.262285	0.695157
0.243526	0.101914	0.966946
0.940333	0.233404	0.255932
0.767913	0.643169	0.0154274
0.111699	0.839631	0.556156
0.803875	0.386006	0.46013
0.711785	0.302554	0.648038
0.0753783	0.682929	0.742718
0.0960287	0.441198	0.897552
0.276029	0.249318	0.930991
0.61203	0.759958	0.220632
0.603541	0.660115	0.454892
0.653435	0.273737	0.736272
0.822753	0.551807	0.170559
0.279848	0.876414	0.400516
0.199102	0.640089	0.75663
0.0803098	0.966477	0.255412
0.581956	0.821127	0.0338311
0.647858	0.0709281	0.759886
0.194661	0.781205	0.594222
0.754145	0.651675	0.153746
0.744915	0.482211	0.478831
0.273297	0.414903	0.876032
0.557246	0.768192	0.350712
0.267682	0.460475	0.84876
0.753639	0.324675	0.577541
0.37806	0.462333	0.820268
0.583971	0.670013	0.482563
0.738861	0.307857	0.610067
0.28325	0.645266	0.714815
0.236703	0.688465	0.693918
0.486734	0.284987	0.829997
0.306609	0.957104	0.0242101
0.507502	0.235763	0.842185
0.485015	0.286368	0.828847
0.429831	0.208531	0.888212
0.732572	0.00121576	0.692507
0.8162	0.350009	0.493073
0.0824721	0.7634	0.658213
0.149746	0.660716	0.747044
0.952439	0.208766	0.236735
0.319896	0.949407	0.03014
0.689627	0.614741	0.387626
0.989916	0.153169	0.0140793
0.00655995	5.84729e-225	1.03114
0.688228	0.0722941	0.763128
0.299444	0.868688	0.462821
0.903386	0.326882	0.292798
0.82497	0.553839	0.138627
0.044336	0.817964	0.614078
0.0548783	0.614418	0.798843
0.985301	0.150202	0.114406
0.976712	0.224989	0.0138881
0.403648	0.365206	0.843503
0.269812	0.0525722	0.965333
0.174795	0.961682	0.271676
0.106718	0.947382	0.310459
0.154097	0.976498	0.21533
0.516395	0.376173	0.771443
0.759588	0.656324	0.037668
0.620608	0.659789	0.436855
0.110613	0.471959	0.879347
0.45244	0.896446	0.0684627
0.183226	0.635835	0.75479
0.161913	0.346901	0.926193
0.569474	0.811198	0.235813
0.856496	0.284348	0.435245
0.258924	0.792375	0.576893
0.0630655	0.034335	0.998577
0.0251541	0.151657	0.99308
0.713082	0.702159	0.199465
0.354419	0.939419	0.0535094
0.837727	0.0174536	0.568824
0.221047	0.90705	0.380114
0.39579	0.868013	0.321822
0.80609	0.336146	0.489742
0.895397	0.49684	0.0264639
0.677708	0.64819	0.354407
0.732101	0.391934	0.585414
0.33914	0.804879	0.489157
0.0768476	0.174545	0.983828
0.95487	0.10021	0.288434
0.842762	0.136531	0.525836
0.507017	0.0987911	0.860086
0.442239	0.578189	0.690806
0.429284	0.772693	0.472258
0.454434	0.0395554	0.892505
0.906133	0.233787	0.367041
0.695529	0.486755	0.548168
0.279519	0.0937772	0.961741
0.745641	0.232681	0.626037
0.669509	0.679074	0.338566
0.102958	0.920441	0.382548
0.638574	0.735092	0.242235
0.95814	0.142313	0.268553
0.725575	0.402609	0.583264
0.887928	0.249865	0.413467
0.0760974	0.717168	0.701802
0.175597	0.970667	0.175425
0.141028	0.518649	0.848042
0.226474	0.0571043	0.973445
0.920932	0.0797596	0.418498
0.0393962	4.30676e-132	1.01837
0.502154	0.120708	0.862525
0.564487	0.827736	0.0421508
0.957444	0.245419	0.176187
0.188793	0.798714	0.596508
0.950432	0.00931543	0.315916
0.576498	0.0606076	0.819017
0.960515	0.256634	0.150926
0.112432	0.990812	0.08588
0.252425	0.0491844	0.969935
0.617853	0.432395	0.657983
0.674067	0.663121	0.328524
0.872581	0.475049	0.123343
0.775517	0.368355	0.532659
0.0950996	0.454917	0.891726
0.136091	0.87087	0.501218
0.304054	0.952672	0.102476
0.427142	0.914732	0.0468642
0.246308	0.596507	0.77929
0.540497	0.841639	9.0703e-05
0.474935	0.851549	0.230844
0.556369	0.834026	0.000591714
0.911981	0.418216	0.108399
0.818396	0.573251	0.0606297
0.243457	0.177349	0.955844
0.422507	0.132546	0.900132
0.0146906	1.93001e-159	1.02302
0.360528	0.513561	0.796873
0.119748	0.581654	0.809179
0.491832	0.000753294	0.877884
0.939574	0.295636	0.181262
0.237475	0.930374	0.29253
0.552599	0.00876356	0.834343
0.665943	0.675457	0.350474
0.508654	0.772585	0.404391
0.60815	0.700036	0.377713
0.907261	0.416051	0.130627
0.885194	0.277911	0.403137
0.59975	0.571159	0.606627
0.368858	0.878042	0.337824
0.171463	0.540116	0.828407
0.392032	0.85977	0.336662
0.797445	0.498648	0.362539
0.145663	0.8029	0.593079
0.23132	0.308018	0.929238
0.969186	0.159456	0.234216
0.738991	0.395706	0.556058
0.375297	0.68746	0.640134
0.968701	0.221062	0.168696
0.465028	0.85756	0.24309
0.788789	0.617037	0.0205007
0.7369	0.0253221	0.697808
0.419512	0.882649	0.221113
0.193114	0.606438	0.787258
0.41471	0.719125	0.562965
0.931739	0.324691	0.209527
0.915595	0.102694	0.391533
0.404247	0.785591	0.472025
0.342977	0.941228	0.048745
0.602599	0.446497	0.674776
0.340248	0.644221	0.707168
0.282185	0.951033	0.189031
0.332554	0.628702	0.717979
0.329615	0.62006	0.730384
0.13381	0.421279	0.898525
0.079635	0.891595	0.466243
0.306635	0.88955	0.357654
0.0590321	0.583866	0.816338
0.160348	0.287501	0.946578
0.915024	0.158024	0.398211
0.930982	0.274556	0.252908
0.206939	0.717874	0.67333
0.793723	0.565652	0.227935
0.142412	0.523737	0.841043
0.603691	0.437947	0.673551
0.375306	0.632963	0.679536
0.294965	0.700762	0.671322
0.938895	0.295422	0.184061
0.389005	0.38337	0.846331
0.530933	0.512051	0.696092
0.806966	0.579806	0.12244
0.768382	0.559735	0.320132
0.234109	0.739738	0.634142
0.125878	0.304852	0.956468
0.419142	0.0638949	0.90936
0.59417	0.484842	0.652364
0.382316	0.903175	0.213626
0.310836	0.560595	0.774006
0.72114	0.6941	0.199495
0.0892162	0.946507	0.315991
0.0345542	0.189305	0.992701
0.841326	0.516523	0.167619
0.989869	0.000415352	0.144791
0.137772	0.726606	0.684972
0.952374	0.266424	0.154304
0.654354	0.753221	0.0946155
0.622115	0.395357	0.721963
0.742513	0.379851	0.553947
0.392122	0.742439	0.592562
0.127176	0.805904	0.599793
0.820566	0.21171	0.539367
0.80363	0.321554	0.5042
0.589982	0.197936	0.7903
0.236271	0.261009	0.937499
0.202498	0.983599	0.0046979
0.0028032	0.535563	0.875201
0.434174	0.110553	0.896677
0.409711	0.700443	0.588238
0.814263	0.315594	0.508691
0.768834	0.58663	0.260976
0.497482	0.875123	0.000285413
0.0851582	0.111849	0.996427
5.392e-17	2.93559e-17	1.00263
0.786755	0.314801	0.540129
0.384026	0.605209	0.697494
0.287111	0.429348	0.862596
0.652032	0.204708	0.74627
0.417028	0.779301	0.472223
0.631291	0.105608	0.787796
0.316431	0.788687	0.533446
0.656197	0.459229	0.61639
0.863089	0.281401	0.423929
0.835926	0.561194	9.05934e-09
0.5128	0.690178	0.519947
0.479598	0.497024	0.743382
0.177939	0.01551	0.999337
0.545299	0.728157	0.428291
0.0390227	0.186669	0.983782
0.818744	0.21124	0.542974
0.348098	0.253575	0.919687
0.317962	0.287262	0.906065
0.169101	0.657677	0.757834
0.446342	0.883933	0.185071
0.800344	0.580862	0.159782
0.22914	0.453788	0.866702
