1.00002	0	0
6.48501e-17	1.0575e-17	1.07307
6.1238e-17	1.00009	0
6.03336e-17	2.02313e-17	1.03924
0.247921	0.966439	0.0861483
0.407262	0.417995	0.822176
0.905387	0.426205	0.0711255
5.78821e-17	2.16143e-17	1.00904
0.397798	0.60949	0.689584
0.962689	0.198544	0.215841
0.596656	0.532508	0.605295
0.267964	0.953838	0.165023
0.485922	0.818925	0.345237
0.535727	0.0421148	0.852434
0.392546	0.834763	0.408341
0.200377	0.62147	0.763083
0.740676	0.665358	0.155531
6.49344e-17	9.77331e-18	1.0724
0.6537	0.759979	0.0165645
0.764476	0.272105	0.590537
0.316196	0.311389	0.900951
0.0453364	0.239632	0.97156
0.0558386	0.90867	0.426045
0.0229563	0.2735	0.96578
0.732472	0.682597	0.0268679
0.982418	0.0675364	0.177007
0.296811	0.31722	0.908466
0.871342	0.0682299	0.490815
0.385052	0.395152	0.842731
0.210258	0.958349	0.224339
0.791957	0.440258	0.452527
0.189189	0.757478	0.631299
0.614405	0.325673	0.724769
0.434767	0.857641	0.329371
0.668898	0.541395	0.515641
0.947163	0.226725	0.249849
0.0709798	0.433625	0.903469
0.529452	0.565858	0.653351
0.507769	0.473195	0.720627
0.363307	0.93564	0.0412597
0.842454	0.463415	0.281178
0.500446	0.540361	0.683711
0.3597	0.625506	0.699948
0.720864	0.643291	0.26737
0.629799	0.057901	0.779726
0.482656	0.0818702	0.884553
0.953804	0.0968316	0.31525
0.746988	0.26588	0.614761
0.856191	0.362681	0.373165
0.236736	0.662843	0.712414
0.446413	0.702113	0.563757
0.580047	0.101982	0.812822
0.787137	0.439824	0.457529
0.133997	0.989536	0.0594364
0.274535	0.481236	0.837565
0.259074	0.146057	0.970338
0.125024	0.391416	0.916582
0.880882	0.495984	0.100371
0.353416	0.133911	0.926402
0.822202	0.282821	0.509479
0.521282	0.788022	0.386503
0.814485	0.0463678	0.584389
0.282411	0.0352663	0.95896
0.581314	0.807718	0.122
0.633423	0.25193	0.739917
0.894807	0.47447	0.10056
0.916491	0.353243	0.191427
0.926167	0.164586	0.357347
0.412304	0.631716	0.658095
0.449332	0.692666	0.566325
0.0404016	0.213548	0.98377
0.452421	0.47935	0.774252
0.144687	0.990872	0.0315965
0.284474	0.94578	0.225824
0.166671	0.986701	0.00719083
0.348613	0.917674	0.250923
0.846367	0.455687	0.281102
0.510367	0.875441	0.0214762
0.56081	0.784845	0.294427
0.661504	0.263346	0.704269
0.636815	0.766737	0.0949953
0.891894	0.183944	0.431813
0.589328	0.709564	0.40831
0.000122224	0.400991	0.918261
0.922684	0.169551	0.352137
0.240318	0.171932	0.956127
0.69634	0.596395	0.407621
0.631439	0.555865	0.557143
0.0140842	0.14006	0.991883
0.931855	0.314836	0.20588
0.45606	0.84623	0.319623
0.309004	0.334229	0.901294
0.563674	0.829865	0.0776744
0.967455	0.191978	0.191678
0.801122	0.103768	0.595381
0.467708	0.230083	0.864671
0.796011	0.297241	0.534495
0.230202	0.8246	0.548679
0.0269813	0.588293	0.812778
0.77673	0.123464	0.662596
0.723968	0.340803	0.607145
0.0884619	0.340919	0.936298
0.158162	0.900197	0.419589
0.872189	0.174187	0.461275
0.112744	0.863043	0.49932
0.582436	0.109615	0.808314
0.570179	0.0180343	0.829892
0.859611	0.528674	0.131308
0.107435	0.382424	0.920865
0.2876	0.245552	0.926966
0.174288	0.560938	0.827525
0.544727	0.679884	0.499787
0.935581	0.0023837	0.365351
0.705895	0.368803	0.620419
0.820832	0.300549	0.499872
0.861126	0.33904	0.382841
0.849178	0.459735	0.275018
0.834636	0.160745	0.532832
0.330234	0.0529727	0.942958
0.826853	0.578704	0.106715
0.0345281	0.570573	0.834113
0.983339	0.129697	0.143431
0.804392	0.561254	0.236023
0.0315741	0.806441	0.597675
0.836258	0.28773	0.473559
0.439893	0.0135558	0.904921
0.436863	0.504835	0.746237
0.400163	0.923654	0.00434594
0.462613	0.164154	0.885458
0.660571	0.638399	0.405707
0.916196	0.385906	0.141179
0.695893	0.737315	0.0462418
0.195147	0.206975	0.979988
0.0246139	0.781676	0.627668
0.933908	0.333542	0.17218
0.455206	0.797936	0.399613
0.701605	0.720008	0.0691457
0.513417	0.087088	0.863862
0.608129	0.788805	0.130481
0.291455	0.773835	0.577445
0.602876	0.727119	0.368849
0.675903	0.730545	0.149305
0.382314	0.882663	0.303189
0.325786	0.371405	0.876317
0.832005	0.00166083	0.570128
0.641079	0.61047	0.494911
0.227996	0.873533	0.468216
0.417687	0.141119	0.913362
0.618286	0.0958975	0.788382
0.156048	0.888163	0.439628
0.00702257	0.424304	0.91037
0.693415	0.576972	0.444591
0.0614112	0.999353	0.0639211
0.320021	0.892223	0.343656
0.467539	0.741214	0.48202
0.810799	0.580884	0.0815278
0.423903	0.905145	0.196694
0.994543	0.154256	0.0632381
0.68746	0.612283	0.397355
0.819938	0.377162	0.433913
0.17842	0.0863313	0.981802
0.288862	0.719638	0.634079
0.969258	6.25856e-08	0.26041
0.0402901	0.986282	0.168664
0.0899623	0.772434	0.644945
0.0313168	0.994544	0.118959
0.212701	0.949701	0.243355
0.551559	0.664089	0.527222
0.552513	0.260092	0.797912
0.495906	0.869279	0.0821027
0.491873	0.248448	0.841699
0.921178	0.0227057	0.395153
0.523982	0.627335	0.5786
0.74401	0.409031	0.542724
0.543081	0.256907	0.805748
0.36838	0.913351	0.193811
0.47133	0.514297	0.745562
0.843825	0.290333	0.458033
0.339952	0.899712	0.298888
0.658947	0.362266	0.682088
0.968569	0.115365	0.269041
0.865481	0.365889	0.366936
0.335033	0.928995	0.167922
0.431013	0.498075	0.782728
0.950549	0.0616312	0.318972
0.254316	0.648724	0.744692
0.944901	0.126698	0.319245
0.58518	0.629253	0.522044
0.674961	0.729527	0.221015
0.37366	0.925921	0.165475
0.101679	0.0947556	0.99584
0.683846	0.739672	0.052752
0.743177	0.662334	0.155507
5.90874e-17	1.74499e-17	1.00617
0.445779	0.811857	0.384079
0.421664	0.904506	0.0944937
0.918989	0.402023	0.0247614
0.371127	0.144104	0.918727
0.0825276	0.514291	0.863758
0.460825	0.869219	0.220309
0.606022	0.159808	0.7804
0.732558	0.585348	0.35084
0.362964	0.197582	0.912154
0.123461	0.981385	0.168973
0.561717	0.166599	0.816121
0.162544	0.47249	0.876857
0.128217	0.972556	0.198587
0.62208	0.21561	0.757205
0.868317	0.148435	0.491734
0.404268	0.201519	0.899816
0.148266	0.0459382	0.989311
0.358631	0.921331	0.204295
0.109006	0.316865	0.952163
0.212751	0.890135	0.427643
0.224613	0.697107	0.687398
0.689879	0.643496	0.342682
0.137035	0.685215	0.723037
0.666483	0.613907	0.439303
0.721457	0.591363	0.406713
0.0965495	0.296391	0.960308
0.231125	0.0244593	0.983741
0.895707	0.443404	0.0623157
0.514034	0.192425	0.842824
0.510344	0.657268	0.566789
0.751419	0.610383	0.266247
0.353398	0.930907	0.126912
0.486873	0.030932	0.879307
0.340282	0.0556732	0.940972
0.139464	0.0779711	0.992184
0.118553	0.449113	0.894731
0.326837	0.89382	0.316257
0.530614	0.460068	0.728423
0.0359785	0.308959	0.960181
0.3049	0.793022	0.537746
0.207568	0.861606	0.476075
0.773957	0.456989	0.444582
0.660454	0.731309	0.176797
0.978919	0.221942	0.00850049
0.077995	0.524213	0.851431
0.928183	0.350661	0.131085
0.0434774	0.677651	0.736647
0.958184	0.290163	0.0389318
0.601089	0.222762	0.770108
0.549104	0.852806	0.108007
0.152162	0.835929	0.55046
0.347052	0.0561634	0.937632
0.831845	0.492461	0.277763
0.195263	0.959665	0.222151
0.919548	0.299845	0.303733
0.693241	0.0692713	0.727534
0.462691	0.36622	0.810239
0.789775	0.360664	0.503492
0.669885	0.530213	0.544545
0.404698	0.817715	0.419605
0.228578	0.709414	0.679932
0.174509	0.844539	0.528254
0.642236	0.506937	0.608523
0.469288	0.704675	0.535862
0.596244	0.614752	0.520997
0.186401	0.992609	0.00245336
0.589287	0.785259	0.195994
0.96767	0.00512012	0.257038
0.749605	0.00393977	0.665756
0.862594	0.346092	0.378613
0.541706	0.249503	0.804805
0.908874	0.398164	0.145518
0.847241	0.499622	0.244859
0.315959	0.093606	0.949052
0.517184	0.830663	0.284742
0.871591	0.327188	0.374348
0.921655	0.349833	0.185009
0.839701	0.495176	0.268101
0.411367	0.887615	0.239076
0.134494	0.0851142	0.988357
0.886565	0.246904	0.395602
0.687949	0.208329	0.702614
0.19716	0.434599	0.883057
0.0716932	0.823266	0.571921
0.27901	0.0393951	0.964238
0.267194	0.768003	0.59024
0.0267127	0.230101	0.977028
0.817922	0.0763717	0.582881
0.19226	0.78379	0.629272
0.704742	0.133129	0.706691
0.57064	0.257041	0.790202
0.853988	0.389989	0.356183
0.307633	0.648575	0.711193
0.933175	0.340926	0.119258
0.53266	0.33279	0.782061
0.223063	0.924967	0.324291
0.39855	0.878524	0.321187
0.714053	0.421587	0.596851
0.170427	0.949251	0.296313
0.628867	0.776437	0.0941447
0.205325	0.452598	0.870932
0.0581	0.378939	0.929795
0.742836	0.569027	0.358414
0.530215	0.826594	0.217819
0.323141	0.9143	0.252474
0.784691	0.438689	0.48902
0.157274	0.42388	0.898107
0.684577	0.259845	0.695069
0.496874	0.177345	0.860398
0.942276	0.337278	0.14636
0.124479	0.989479	0.120167
0.378268	0.803295	0.469032
0.0214443	0.816585	0.601287
0.418007	0.649202	0.641943
0.677764	0.40507	0.618424
0.341328	0.668762	0.684951
0.655173	0.010646	0.762938
0.126633	0.960545	0.251122
0.611534	0.267523	0.747605
0.578724	0.716681	0.40162
0.814766	0.480812	0.33289
0.968942	0.261694	0.00112909
0.0278495	0.597171	0.823343
0.891368	0.113456	0.469471
0.807293	0.280786	0.555445
0.552452	0.209487	0.810895
0.00834832	0.771213	0.654431
0.100939	0.740457	0.677464
0.0506506	0.790278	0.61293
0.324216	0.936905	0.157557
0.825645	0.217722	0.525548
0.47945	0.604416	0.641403
0.239405	0.034546	0.975407
0.0184572	0.953748	0.306135
0.766616	0.184361	0.638835
0.702559	0.578008	0.421832
0.985428	0.181344	0.0435807
0.507812	0.394494	0.773968
0.813351	0.371024	0.484868
0.481419	0.880618	0.0183179
0.350217	0.738353	0.586638
0.779638	0.628027	0.0730296
0.168062	0.431587	0.891202
0.26043	0.660335	0.707426
0.658203	0.564511	0.508177
0.903792	0.250874	0.353433
0.211887	0.87828	0.451122
0.390803	0.483964	0.796977
0.61348	0.759743	0.235303
0.0371562	0.28184	0.969894
0.182674	0.743296	0.652156
0.383663	0.725933	0.591521
0.763998	0.643898	0.146116
0.27372	0.733008	0.627244
0.617653	0.379457	0.691141
0.58554	9.35831e-05	0.827502
0.842998	0.533934	0.151306
0.295907	0.809234	0.52798
0.0715467	0.526277	0.853252
0.243779	0.0949814	0.965916
0.681099	0.533927	0.512492
0.94735	0.171661	0.291615
0.796001	0.601818	0.0814509
0.332769	0.944842	0.0594703
0.811933	0.508762	0.366848
0.500368	0.859619	0.140017
0.726335	0.595452	0.377172
0.516788	0.799181	0.316261
0.905981	0.42286	0.0867723
0.217839	0.595736	0.784687
0.549627	0.244539	0.800944
0.676308	0.72441	0.170265
0.702503	0.55349	0.485069
0.521342	0.856473	0.0135791
0.274386	0.0740994	0.972579
0.254743	0.624527	0.743336
0.0753687	0.884326	0.472383
0.993149	0.121673	0.0662703
0.492858	0.189727	0.861279
0.694882	0.530362	0.500128
0.0806062	0.502317	0.8754
0.407308	0.715472	0.584163
0.10685	0.66646	0.741586
0.295393	0.652615	0.713923
0.57283	0.249117	0.791235
0.374564	0.759839	0.536572
0.946643	0.274762	0.183582
0.0601913	0.330671	0.954972
0.799727	0.347792	0.527434
0.652381	0.412843	0.655092
0.249943	0.66751	0.720865
0.36558	0.93652	0.0596849
0.954817	0.293178	0.0498461
0.778068	0.0966986	0.633194
0.266017	0.619873	0.743401
0.989412	0.107798	0.103558
6.21512e-17	2.53219e-20	1.01501
0.735996	0.240803	0.638835
0.470596	0.886617	0.0439595
0.71551	0.210908	0.670267
0.172358	0.929319	0.330856
0.72162	0.362078	0.593847
0.279357	0.374965	0.885096
0.448293	0.806816	0.395222
0.393535	0.876609	0.34253
0.535867	0.269953	0.802613
0.229708	0.945991	0.233171
0.951239	0.292944	0.15749
0.771386	0.6135	0.186109
0.822696	0.419591	0.387328
0.36274	0.679118	0.648402
0.155139	0.529532	0.838598
0.479031	0.87995	0.0478317
0.694858	0.446774	0.578404
0.887189	0.466705	0.0125045
0.757428	0.25194	0.612092
0.0946054	0.440955	0.894077
0.210301	0.955591	0.20975
0.13612	0.662686	0.736943
0.844867	0.433785	0.323497
0.522766	0.540312	0.677105
0.104389	0.701632	0.709235
0.958745	0.0210513	0.298455
0.91218	0.120068	0.406597
0.9662	0.204826	0.178579
0.646256	0.129644	0.758251
0.354119	0.634013	0.695961
0.0269843	0.698173	0.7243
0.666363	0.75537	0.0306971
0.311531	0.959719	0.0344078
0.373329	0.821025	0.462678
0.355628	0.0593098	0.943254
0.346768	0.653647	0.680927
0.782686	0.586016	0.313472
0.687185	0.730709	0.0925812
0.107028	0.196963	0.981239
0.198152	0.964685	0.202703
0.787649	0.276786	0.562396
0.00494356	0.577287	0.822235
0.404788	0.916282	0.0712192
0.0218451	0.924121	0.433934
0.459316	0.879756	0.164048
0.491375	0.117036	0.865872
0.567559	0.588385	0.602615
0.140783	0.977645	0.16904
0.969605	0.0987164	0.231427
0.415459	0.0935604	0.907111
0.218811	0.72258	0.660499
0.901538	0.339158	0.286131
0.528427	0.842114	0.130194
0.271997	0.263198	0.934312
0.437962	0.216917	0.874008
0.185942	0.614037	0.771278
0.855894	0.510959	0.14358
0.941496	0.140704	0.324257
0.122988	0.408311	0.920949
0.863273	0.310504	0.400883
0.244412	0.468137	0.855652
0.273701	0.0241581	0.974926
0.317347	0.360409	0.879918
0.0760506	0.806649	0.589166
0.660802	0.0672769	0.748713
0.114458	0.995729	1.18124e-157
0.930314	0.402692	0.00647722
0.495536	0.564042	0.672378
0.804261	0.60962	0.0640747
0.238243	0.86402	0.450298
0.978556	0.200136	0.121839
0.782707	0.392825	0.495275
0.553518	0.76977	0.353304
0.869409	0.496578	0.0830208
0.505494	0.795653	0.354713
0.612909	0.765445	0.223472
0.0874606	0.773752	0.628529
0.889552	0.426903	0.224631
0.172862	0.225834	0.96419
0.937137	0.35255	0.0107917
0.0375613	0.971835	0.271279
0.725804	0.166903	0.671386
0.0501908	0.898686	0.461739
0.827673	0.0705206	0.566571
0.547598	0.781237	0.355511
0.378474	0.488829	0.791225
0.071549	0.322244	0.949747
0.367771	0.461014	0.810993
0.178607	0.59296	0.798166
0.654025	0.721966	0.258849
0.918309	0.347644	0.217436
0.988797	0.158986	0.107471
0.924293	0.344779	0.218454
0.408122	0.687492	0.60546
0.780501	0.000330685	0.65731
0.260148	0.478351	0.850472
0.674462	0.343	0.661973
0.330117	0.0451377	0.949143
0.433818	0.767186	0.498963
0.128301	0.925353	0.378199
0.307192	0.122929	0.95844
0.384172	0.178466	0.916027
0.578231	0.304178	0.760399
0.476093	0.75833	0.44986
0.848353	0.339486	0.439573
0.573815	0.0558993	0.82113
0.118345	0.649672	0.760712
0.361316	0.486426	0.796553
0.629861	0.316099	0.716602
0.59375	0.0384552	0.8075
0.250813	0.832679	0.503031
0.764027	0.38345	0.531774
0.200796	0.977556	0.102632
0.837809	0.561612	0.071711
0.995343	0.139306	3.74786e-06
0.662459	0.232848	0.716784
0.290621	0.335293	0.897031
0.832504	0.170107	0.540585
0.883668	0.147068	0.458635
0.558212	0.0799495	0.829153
0.760888	0.155474	0.640786
0.797096	0.000324757	0.615855
0.52508	0.843845	0.171744
0.857143	0.498356	0.144862
0.0643738	0.512442	0.859751
0.744096	0.152043	0.658443
0.000676944	0.98398	0.202529
0.950706	0.152862	0.281704
0.703593	0.472055	0.54449
0.679413	0.737129	0.109322
0.63839	0.713277	0.304667
0.0994956	0.789203	0.610257
0.509915	0.677878	0.551972
0.608574	0.317718	0.72903
0.881769	0.1554	0.458398
0.457018	0.459277	0.766718
0.894181	0.388618	0.289623
0.0230911	0.936262	0.374313
0.0867743	0.422452	0.904095
0.766838	0.375996	0.522124
0.332245	0.710944	0.630278
0.328764	0.943456	0.138591
0.628496	0.619903	0.47926
0.601821	0.788641	0.150545
0.458936	0.859215	0.249934
0.634541	0.179458	0.756197
0.665626	0.707783	0.255994
0.939646	0.258912	0.241033
0.981998	0.003689	0.229189
0.624161	0.627246	0.473326
0.893333	0.124017	0.447201
0.371732	0.700702	0.620701
0.558808	0.615171	0.573878
0.0627578	0.974039	0.23665
0.39614	0.296863	0.877098
0.544061	0.78198	0.354984
0.445596	0.0322288	0.900032
0.62216	0.625235	0.474772
0.0526867	0.868035	0.509866
0.271348	0.412632	0.871498
0.870682	0.455162	0.198989
0.285924	0.547498	0.790511
0.124324	0.852293	0.509761
0.812992	0.401172	0.466633
0.862727	0.47777	0.168776
0.419929	0.0874561	0.905648
0.811156	0.170464	0.574955
0.216028	0.981612	0.0099838
0.549918	0.202008	0.816494
0.980459	0.196612	0.0966651
0.940393	0.000565781	0.415588
0.385702	0.00507026	0.925629
0.343342	0.645238	0.69196
0.649917	0.10356	0.756453
0.512285	0.67152	0.549605
0.750553	0.457106	0.489031
0.398397	0.872351	0.305416
0.864286	0.518709	0.123672
0.444663	0.786365	0.468486
0.0550798	0.90929	0.42481
0.591287	0.603371	0.545278
0.0432525	0.637295	0.776083
0.681762	0.731215	0.0631818
0.454117	0.855995	0.265159
0.421315	0.903446	0.114443
0.240344	0.226458	0.956556
0.909979	0.328587	0.287398
0.519664	0.185309	0.848691
0.370608	0.189957	0.912277
6.12646e-17	1.00053	0
9.5674e-18	6.07794e-17	1.00483
0.726979	0.659634	0.204631
0.445254	0.174899	0.888119
0.287714	0.42359	0.861383
0.850869	0.546277	0.0353381
0.779424	0.306342	0.547274
0.40589	0.925242	0.0146711
0.608991	0.582199	0.575601
0.175818	0.739425	0.658723
0.16523	0.0705744	0.985226
0.130669	0.815594	0.579821
0.860692	0.435349	0.277796
0.292254	0.5326	0.80489
0.417895	0.128105	0.900237
0.303355	0.943911	0.17399
0.955619	0.296434	0.0622354
0.191229	0.0967259	0.979827
0.679208	0.599456	0.432303
0.944874	0.0301868	0.336733
0.313621	0.714913	0.641495
0.0419381	0.861231	0.510748
0.330271	0.695011	0.647909
0.012656	0.907816	0.454396
0.325415	0.888124	0.328106
0.497804	0.856073	0.2402
0.993477	0.102281	0.103644
0.121566	0.0873507	0.994041
0.637372	0.623811	0.506219
0.387568	0.140551	0.922541
0.451982	0.887142	0.265913
0.583795	0.0311104	0.815078
0.55491	0.169346	0.834278
0.238748	0.955554	0.186067
0.47272	0.539251	0.707428
0.835234	0.388349	0.413703
0.228735	0.18692	0.960988
0.985665	0.0949201	0.150773
0.64811	0.716734	0.322032
0.434333	0.510088	0.7454
0.869155	0.481047	0.155273
0.0687315	0.98884	0.132739
0.742664	0.645107	0.185839
0.625581	0.245538	0.742732
0.211336	0.83987	0.519827
0.942345	0.357977	0.11884
0.686032	0.728228	8.10723e-97
0.35558	0.826282	0.442276
0.853957	0.250161	0.498599
0.643928	0.330003	0.6909
0.338389	0.931442	0.190131
0.365615	0.516528	0.779576
0.543616	0.721273	0.435934
0.152932	0.0552935	0.990463
0.0516755	0.999171	0.0492253
0.0810353	0.962439	0.284155
0.827038	0.488751	0.314439
0.0643298	0.496328	0.870206
0.970206	0.271077	0.0125849
0.571404	0.808968	0.197073
0.517893	0.551811	0.667043
0.00828749	0.741324	0.675778
0.479169	0.458088	0.764756
0.859033	0.539621	0.0354188
0.218694	0.667512	0.715356
0.709347	0.599654	0.375741
0.702251	0.1375	0.705287
0.399401	0.918585	0.0653451
0.9776	0.194454	0.179547
0.457432	0.678542	0.589356
0.579894	0.215653	0.798628
0.107575	0.574462	0.815903
0.911328	0.34364	0.268123
0.0910904	0.995498	0.128013
0.562764	0.0126538	0.831192
0.492161	0.470508	0.756121
0.160287	0.928355	0.340957
0.21729	0.663228	0.728758
0.768406	0.300968	0.568216
0.551123	0.48641	0.68166
0.259673	0.464566	0.853093
0.665936	0.323308	0.684935
0.571605	0.258776	0.782673
0.479505	0.00202236	0.882014
0.638867	0.205493	0.747132
0.674882	0.563512	0.47926
0.0820295	0.896474	0.449688
0.141398	0.84056	0.542589
0.708178	0.606001	0.367179
0.971984	0.222203	0.110839
0.309116	0.443336	0.847961
0.697437	0.359448	0.630084
0.25071	0.151317	0.966638
0.283448	0.936241	0.247683
0.489112	0.704535	0.526717
0.255249	0.875494	0.419025
0.0949723	0.90308	0.428231
0.507882	0.758537	0.419743
0.369016	0.752806	0.559593
0.0341432	0.848591	0.534242
0.60836	0.182811	0.777079
0.277993	0.167784	0.952025
0.104498	0.993656	0.0765316
0.326306	0.160482	0.941073
0.0341673	0.491565	0.879001
0.206369	0.831775	0.526301
0.311798	0.446991	0.843318
0.591484	0.114718	0.798894
0.210091	0.281524	0.950199
0.564656	0.50376	0.666985
0.721424	0.636715	0.294813
0.247426	0.95173	0.19567
0.404348	0.0780452	0.912367
0.0309544	0.70606	0.715389
0.0596678	0.717578	0.69868
0.580639	0.528026	0.630254
0.793412	0.401318	0.464149
0.343938	0.313727	0.89199
0.805982	0.265106	0.532466
0.909621	0.237399	0.360389
0.748792	0.63894	0.256263
0.960063	0.273227	0.148645
0.821906	0.414013	0.409439
0.146095	0.0624011	0.992168
0.631617	0.752796	0.231107
0.202544	0.652571	0.73365
0.597408	0.798217	0.140458
0.135135	0.628988	0.771388
0.715455	0.67227	0.29538
0.919235	0.351244	0.214869
0.35114	0.12692	0.929468
0.382561	0.532077	0.756758
0.603067	0.351844	0.721557
0.430469	0.900011	0.0961994
0.647227	0.202388	0.73916
0.917093	0.346179	0.261803
0.271896	0.117594	0.958007
0.60346	0.793227	0.143908
0.0790836	0.845396	0.534123
0.528392	0.773339	0.354809
0.663061	0.746179	0.0904471
0.0500106	0.99948	0.0550883
0.596133	0.785978	0.239275
0.754066	0.625562	0.245562
0.374656	0.609825	0.704622
0.360092	0.836767	0.419041
0.185067	0.917266	0.363042
0.882197	0.00605058	0.476661
0.937177	0.33166	0.155388
0.0990436	0.973911	0.212907
0.815212	0.0379847	0.597936
0.195338	0.0596129	0.980934
0.889864	0.450104	0.0851749
0.0109866	0.939203	0.347794
0.923552	0.0207662	0.392915
0.26564	0.965361	0.058612
0.181871	0.216082	0.96547
0.744962	0.288513	0.605683
0.341943	0.634623	0.696144
0.869742	0.395794	0.312771
0.113782	0.391063	0.926804
0.805318	0.469842	0.370625
0.797659	0.376463	0.489532
0.934543	0.075028	0.355162
0.817642	0.41242	0.411306
0.0888382	0.986085	0.185648
0.46784	0.230091	0.855123
0.902125	0.0390369	0.432527
0.463597	0.165755	0.875305
0.856665	0.437831	0.278658
0.100596	0.804638	0.59413
0.711562	0.668611	0.29916
0.532852	0.240766	0.818488
0.415673	0.747585	0.531613
0.375512	0.271484	0.892812
0.884043	0.26979	0.387529
0.101918	0.688211	0.722427
0.395652	0.785682	0.483549
0.422611	0.741554	0.58506
0.522146	0.777505	0.354788
0.895226	0.407392	0.22093
0.772703	0.196491	0.609111
0.795946	0.037087	0.616693
0.633735	0.0463667	0.780004
0.382842	0.800434	0.4659
0.840413	0.319765	0.443013
0.593572	0.649132	0.481886
0.0822996	0.782577	0.621669
0.143307	0.557194	0.825286
0.658366	0.728076	0.224366
0.88054	0.243075	0.420023
0.173557	0.362867	0.917831
0.254819	0.802901	0.56225
0.251866	0.968808	0.0571452
0.523801	0.862769	0
4.09131e-17	4.68982e-17	1.01639
0.909827	0.3378	0.271257
0.24207	0.122037	0.965552
0.341903	0.764906	0.565242
0.920452	0.250282	0.32614
0.514307	0.112768	0.861632
0.995408	0.0957073	0.089312
0.218072	0.876452	0.439297
0.109151	0.583265	0.826522
0.301405	0.911061	0.296042
0.156365	0.93065	0.336749
0.0190899	0.707305	0.716498
0.267387	0.223382	0.944433
0.848988	0.191334	0.511258
0.013439	0.320717	0.952403
0.643522	0.773889	0.00602358
0.928403	0.361853	0.128937
0.96829	0.0781904	0.243557
0.805832	0.51819	0.290328
5.83768e-17	0.953366	0.303768
0.102914	0.305942	0.956302
0.428114	0.8189	0.391033
0.923252	0.378087	0.129987
0.507564	0.859933	0.198925
0.833015	0.541497	0.121932
0.280958	0.277794	0.929392
0.898565	0.0244589	0.450059
0.98574	0.0404862	0.169773
0.821711	0.571622	0.179098
0.369328	0.217588	0.910031
0.856082	0.426349	0.309977
0.27493	0.623122	0.749697
0.0462612	0.634923	0.776035
0.0998503	0.409196	0.915035
0.707823	0.476985	0.523396
0.164215	0.513572	0.846484
0.94701	0.207643	0.254914
0.792436	0.309999	0.539729
0.880218	0.174218	0.455764
0.551968	0.296539	0.78201
0.270742	0.0267427	0.976079
0.435505	0.833387	0.352375
0.670067	0.52639	0.534344
0.175196	0.530307	0.834328
0.965322	0.267215	0.0764349
0.442423	0.0875672	0.897768
0.683546	0.234285	0.70123
0.692237	0.741178	0.0228977
0.665608	0.719672	0.287149
0.317252	0.944123	0.122233
0.714491	0.0578548	0.705052
0.796228	0.0338599	0.605444
0.583629	0.611815	0.550297
0.242555	0.421993	0.884257
0.724302	0.387533	0.577778
0.143375	0.120679	0.986741
0.937713	0.273634	0.226645
0.593105	0.487851	0.649855
0.180482	0.594816	0.787645
0.0625764	0.0183048	0.999609
0.510707	0.845849	0.198075
0.473625	0.230967	0.852279
0.330526	0.472989	0.820698
0.0564966	0.369935	0.92852
0.203173	0.621853	0.769986
0.98512	0.198815	0.0354542
0.565716	0.510299	0.659007
0.686624	0.0188971	0.733454
0.481913	0.563014	0.693199
0.485115	0.778657	0.405653
0.188599	0.570875	0.802765
0.457389	0.870262	0.195971
0.247991	0.60862	0.759805
0.41684	0.0875545	0.906244
0.870503	0.463663	0.204605
0.637874	0.686341	0.352939
0.297224	0.401769	0.873351
0.314576	0.450165	0.839988
0.705597	0.0696958	0.727733
0.495482	0.197165	0.848195
0.252394	0.0475549	0.973473
0.167633	0.468541	0.870365
0.542056	0.136735	0.833632
0.797548	0.552723	0.284956
0.60473	0.678517	0.439771
0.0234667	0.589261	0.821421
0.537789	0.832677	0.187859
0.118543	0.995288	0.055
0.630421	0.649885	0.435985
0.676658	0.198467	0.71426
0.135885	0.770776	0.629743
0.124322	0.624963	0.778695
0.563551	0.468172	0.691095
0.600382	0.801873	0.0746508
0.797146	0.173445	0.596461
0.261277	0.700001	0.670103
0.958404	0.286275	0.065411
0.573389	0.812859	0.162659
0.650956	0.505442	0.584559
0.611566	0.225801	0.774131
0.811174	0.19791	0.555559
0.645961	0.350033	0.687218
0.964801	0.262341	0.086224
0.0711992	0.357915	0.936096
0.393239	0.755775	0.534156
0.860887	0.481308	0.203115
0.95289	0.206922	0.226245
0.657053	0.671915	0.387698
0.205756	0.964274	0.225551
0.210617	0.938059	0.293867
0.29044	0.415626	0.864908
0.568871	0.143499	0.812111
0.0644965	0.886813	0.493447
0.831792	0.547837	0.117911
0.358573	0.694015	0.634126
0.586964	0.338063	0.742202
0.489272	0.142774	0.866565
0.905736	0.366719	0.235972
0.737143	0.667709	0.143674
0.0379826	0.90408	0.433471
0.772727	0.182161	0.611951
0.734003	0.674248	0.100229
0.868254	0.28249	0.42795
0.899159	0.188862	0.398107
0.720322	0.586524	0.383213
0.685995	0.734495	0.0254427
0.891011	0.332957	0.321534
0.399176	0.797068	0.462552
0.639971	0.346788	0.697378
0.310527	0.601497	0.757645
0.518449	0.700806	0.49989
0.0053399	0.981781	0.221452
0.75187	0.4477	0.490246
0.718513	0.24432	0.662429
0.0307345	0.255474	0.971625
0.391009	0.722112	0.572395
0.0826023	0.746553	0.664326
0.855974	0.498489	0.198571
0.961018	0.280434	0.0681006
0.77919	0.163041	0.61708
0.251095	0.604833	0.757122
0.9754	0.184979	0.215528
0.151297	0.990682	0.00138138
0.332222	0.825763	0.46174
0.770575	0.626228	0.177661
0.947023	0.260284	0.229185
0.133073	0.930063	0.356905
0.113228	0.877648	0.476286
0.529645	0.0668889	0.848625
0.133781	0.131986	0.989515
0.842367	0.501586	0.228724
0.843883	0.0749047	0.540996
0.944807	0.328903	0.0992073
0.0328316	0.459822	0.889985
0.738165	0.0303179	0.678165
0.0683088	0.937886	0.342709
0.769323	0.457984	0.482718
0.0917008	0.490016	0.876973
0.714397	0.16841	0.680674
0.539321	0.131583	0.835261
0.532025	0.815586	0.235154
0.787905	0.632215	0.157258
0.878632	0.192372	0.442202
0.576778	0.697954	0.4305
0.747259	0.561325	0.362862
0.570874	0.228971	0.793542
0.216927	0.179429	0.963788
0.527879	0.15404	0.838585
0.940007	0.321084	0.149463
0.120169	0.391296	0.926179
0.782157	0.643353	0.0275197
0.943115	0.116001	0.368926
0.520408	0.6196	0.58965
0.89126	0.159693	0.430509
0.707376	0.0698715	0.719778
0.62883	0.636929	0.485427
0.0796186	0.244673	0.971571
0.0324911	0.986226	0.21422
0.550999	0.296018	0.783741
0.661415	0.398309	0.642642
0.0886191	1.00045	0.0486289
0.772023	0.0564558	0.639043
0.680577	0.728694	0.107289
0.46326	0.0126099	0.892301
0.325573	0.592577	0.741796
0.875997	0.011402	0.504505
0.41753	0.780913	0.475994
0.193598	0.918511	0.354659
0.197262	0.195276	0.96296
0.946591	0.325195	0.0738633
3.74955e-33	6.12348e-17	1.00004
8.87258e-18	6.06994e-17	1.00183
1.00001	0	0
0.496945	0.774424	0.409738
0.777153	0.457814	0.45223
0.616222	0.787629	0.190364
0.983398	0.138823	0.128135
0.887746	0.468348	0.106849
0.605861	0.158195	0.786814
0.425675	0.5901	0.69462
0.342958	0.528641	0.792127
0.759461	0.202489	0.627509
0.355333	0.762473	0.566043
0.994033	0.125664	0.0478121
0.175915	0.955516	0.284483
0.689596	0.676316	0.322419
0.329327	0.615031	0.719258
0.335191	0.828284	0.476337
0.964969	0.272932	0.0349848
0.947596	0.321793	0.153315
0.155389	0.986889	0.126981
0.382491	0.503969	0.801918
0.125833	0.5526	0.827565
0.87279	0.331674	0.381777
0.483264	0.18547	0.858881
0.310335	0.448868	0.855368
0.645244	0.653444	0.417699
0.316918	0.892576	0.345197
0.934803	0.369748	0.118842
0.675239	0.550887	0.515324
0.322618	0.951031	0.106731
0.973123	0.114304	0.212324
0.912462	0.353045	0.240777
0.443962	0.694752	0.569233
0.449604	0.363186	0.836994
0.301026	0.417091	0.866861
0.991716	0.0569153	0.134815
0.0651094	0.929082	0.40123
0.223431	0.73173	0.644865
0.486843	0.496072	0.733326
0.296843	0.771551	0.57612
0.060493	0.873702	0.490065
0.786309	0.216269	0.594884
0.711718	0.660994	0.26568
0.854327	0.518663	0.0551438
0.363391	0.0503074	0.931783
0.767587	0.600604	0.251369
0.797353	0.529011	0.295668
0.745903	0.105268	0.660649
0.676432	0.166388	0.720577
0.0812281	0.739501	0.678515
0.114645	0.227368	0.97282
0.0417417	0.959188	0.290811
0.696031	0.722426	0.0737484
0.212968	0.574415	0.806652
0.119257	0.172482	0.979416
0.0325695	0.944898	0.353386
0.237016	0.255607	0.947912
0.72836	0.481768	0.491783
0.75731	0.214453	0.629133
0.396287	0.919355	0.138437
0.43347	0.131961	0.893901
0.467125	0.817216	0.340532
0.529488	0.0747463	0.84625
0.583422	0.822528	0.0857652
0.387622	0.799592	0.47076
0.357936	0.935769	0.0810349
0.0923876	0.851165	0.530832
0.141138	0.225958	0.96743
0.55764	0.767425	0.32636
0.930899	0.241348	0.274916
0.524489	0.727083	0.462337
0.577579	0.806686	0.180651
0.599779	0.806611	0.113429
0.477553	0.441051	0.765022
0.56906	0.80204	0.189272
0.409935	0.8604	0.309369
0.490063	0.168358	0.859783
0.391218	0.902566	0.184266
0.625197	0.742676	0.249311
0.108236	0.984337	0.176205
0.907655	0.0546644	0.424984
0.732492	0.0953401	0.676981
0.45913	0.642005	0.616726
0.593039	0.793625	0.150417
0.417719	0.888029	0.215582
0.661765	0.642424	0.395068
0.792278	0.0434528	0.612102
0.245803	0.879678	0.438122
0.885764	0.248229	0.398275
0.242095	0.108592	0.967767
0.369895	0.489746	0.808118
0.652133	0.655385	0.391106
0.832377	0.122375	0.5479
0.876826	0.408133	0.272173
0.0697498	0.346319	0.953452
0.703033	0.711967	0.0592077
0.707935	0.300112	0.655677
0.54873	0.00924107	0.852074
0.0212532	0.48838	0.874414
0.535177	0.379515	0.758687
0.28683	0.941652	0.23086
0.56454	0.636045	0.527286
0.523376	0.756959	0.398443
0.719389	0.101397	0.690176
0.726782	0.480623	0.504921
0.10253	0.870968	0.484659
0.764434	0.622893	0.169821
0.809207	0.299512	0.507377
0.733766	0.432288	0.539015
0.955514	0.308825	0.0178192
0.700832	0.424082	0.59122
0.99874	0.192882	5.06045e-14
0.0468596	0.931613	0.397121
0.252893	0.145247	0.959592
0.262114	0.86909	0.446092
0.716361	0.701391	0.0349434
0.817021	0.286185	0.502508
0.966863	0.252456	0.0932622
0.737517	0.568379	0.374187
0.190063	0.0443112	0.983272
0.667761	0.743077	0.0636217
0.528734	0.209133	0.83026
0.0668093	0.978042	0.221255
0.411633	0.863964	0.300321
0.564116	0.223693	0.798927
0.167022	0.887774	0.430472
0.660908	0.515333	0.554197
0.0989632	0.0246296	0.997815
0.216218	0.654605	0.752382
0.378022	0.0660422	0.92404
0.194429	0.404572	0.899947
0.279356	0.389606	0.88636
0.0704955	0.341576	0.948428
0.329964	0.723327	0.611032
0.201195	0.542663	0.832541
0.270622	0.65786	0.706397
0.591633	0.815294	0.113674
0.512012	0.173017	0.842853
0.613798	0.768025	0.205333
0.138417	0.897976	0.432965
0.279262	0.593991	0.763705
0.0752737	0.678937	0.742538
0.0400738	0.361448	0.940723
0.752553	0.0961713	0.665697
0.30261	0.116138	0.963502
0.185101	0.687091	0.706634
0.251168	0.2788	0.937703
0.40761	0.117752	0.914845
0.765127	0.598679	0.262863
0.667192	0.684757	0.314571
0.825831	0.0806627	0.577014
0.751703	0.607219	0.303576
0.260047	0.632153	0.737574
0.205978	0.21389	0.957262
0.475659	0.0288065	0.881039
0.845188	0.414145	0.35538
0.340302	0.0695151	0.93976
0.929629	0.353274	0.16561
0.658358	0.134486	0.745641
0.228711	0.583048	0.783196
0.820788	0.402189	0.415346
0.929011	0.0148716	0.380202
0.204944	0.429954	0.880613
0.684473	0.68922	0.26569
0.106741	0.970738	0.23852
0.440901	0.0627537	0.901513
0.473962	0.758449	0.467473
0.95767	0.290248	0.0291556
0.896675	0.316863	0.312847
0.780876	0.630784	0.013905
0.00427015	0.174828	0.985159
0.27236	0.635256	0.726753
0.504649	0.514216	0.707599
0.033037	0.60875	0.817144
0.171398	0.0350122	0.985479
0.629112	0.292831	0.728
0.462106	0.439016	0.774682
0.767011	0.559208	0.36169
0.362718	0.942771	0.0273366
0.284173	0.39936	0.87338
0.817803	0.579936	0.0197674
0.0250312	0.733854	0.700987
0.863744	0.380553	0.337806
0.377654	0.398627	0.842288
0.633832	0.240866	0.744563
0.905715	0.0857501	0.430933
0.80823	0.116965	0.589413
0.0468225	0.973816	0.225576
0.542533	0.845467	0.00116796
0.544374	0.83804	0.0992991
0.440843	0.689668	0.577256
0.330518	0.930879	0.199387
0.753391	0.319621	0.587092
0.855754	0.383679	0.381683
0.812761	0.278645	0.534899
0.782265	0.602865	0.16062
0.552365	0.329243	0.776642
6.09476e-17	9.08363e-18	1.00634
0.68759	0.129352	0.714934
0.877341	0.237663	0.419769
0.475085	0.881758	0.181044
0.714274	0.711449	0.0796436
0.383761	0.683243	0.626941
0.628713	0.774968	0.128492
0.0947674	0.984807	0.16683
0.60671	0.756985	0.253927
0.443383	0.822919	0.358702
0.151695	0.621022	0.77271
0.0338075	0.731877	0.682141
0.766851	0.25228	0.599406
0.670504	0.444168	0.597174
0.752309	0.581629	0.33996
0.833271	0.560717	0.0253255
0.600306	0.199543	0.782584
0.995786	0.131237	0.0481672
0.465597	0.154761	0.882294
0.142685	0.961055	0.261122
0.280562	0.95633	0.0988994
0.531208	0.77161	0.403443
0.103749	0.661237	0.758498
0.262296	0.0505885	0.969184
0.0157979	0.990208	0.160465
0.594911	0.543803	0.598456
0.302611	0.890023	0.345697
0.564813	0.156273	0.819592
0.0279495	0.995922	0.130384
0.25688	0.362545	0.918323
0.585818	0.194727	0.791364
0.979674	0.148373	0.199439
0.412445	0.765395	0.517885
0.576948	0.187588	0.801958
0.347356	0.920679	0.19407
0.882997	0.391844	0.272071
0.662191	0.0969445	0.744685
0.442773	0.897446	0.0563194
0.611024	0.569837	0.558897
0.16564	0.428399	0.892527
0.988804	0.00891044	0.213799
0.865921	0.502413	0.0587096
0.657618	0.40904	0.645454
0.111635	0.715286	0.700581
0.735923	0.320492	0.605355
0.954236	0.138573	0.286483
0.0229077	0.816267	0.588881
0.350311	0.650177	0.676022
0.965368	0.294677	0.0659475
0.387908	0.792234	0.498457
0.698429	0.715402	0.142187
0.62156	0.653496	0.433236
0.680607	0.697146	0.257122
0.248934	0.296521	0.930156
0.486489	0.0837947	0.875877
0.906212	0.412657	0.114985
0.366752	0.121927	0.926666
0.231235	0.573666	0.792729
0.348488	0.923679	0.186905
0.374928	0.932068	0.0186652
0.743161	0.415802	0.542516
0.558559	0.737769	0.387721
0.0738034	0.0913806	0.993885
0.39909	0.10852	0.915392
0.496844	0.684588	0.53559
0.224868	0.540282	0.814425
0.777482	0.463233	0.428193
0.917928	0.401265	0.108119
0.452049	0.513692	0.736283
0.521083	0.685644	0.512962
0.742311	0.217069	0.661167
0.0668438	0.971954	0.228616
0.1832	0.483052	0.858694
0.639877	0.000926444	0.80842
0.967539	0.144202	0.277946
0.853931	0.289644	0.455787
0.95578	0.0606185	0.293882
0.136181	0.338083	0.931956
0.3107	0.946867	0.111821
0.507019	0.262199	0.828272
0.562078	0.707704	0.47142
0.206513	0.9762	0.0938976
0.617559	0.671503	0.447188
0.472189	0.0242815	0.883636
0.296064	0.672368	0.687663
0.837076	0.499558	0.233668
0.456793	0.309514	0.835469
0.603985	0.764895	0.238973
0.169467	0.22384	0.962943
0.633854	0.788856	0.0310838
0.0694067	0.492267	0.868296
0.237519	0.715924	0.67086
0.268734	0.354955	0.898913
0.890675	0.241275	0.40265
0.402259	0.745283	0.533595
0.111607	0.797265	0.60562
0.683125	0.678068	0.291446
0.591886	0.520588	0.618786
0.796068	0.273186	0.549778
0.0199638	0.942356	0.340449
0.17381	0.229576	0.958131
0.732365	0.446387	0.531444
0.12175	0.863513	0.490341
0.191808	0.505347	0.850322
0.353663	0.848459	0.3954
0.210924	0.964147	0.20924
0.930556	0.304886	0.242233
0.337393	0.451038	0.844856
0.17903	0.748966	0.670441
0.481585	0.853426	0.206099
0.875068	0.0337879	0.492805
0.196735	0.598355	0.797133
0.039466	0.281447	0.963835
0.861875	0.0415008	0.528622
0.161006	0.383071	0.917721
0.917922	0.158373	0.379857
0.316079	0.723652	0.617052
0.999511	0.063392	0.00696184
0.897208	0.306753	0.336702
0.222084	0.689756	0.69445
0.791053	0.593127	0.160943
0.418413	0.742297	0.556874
0.149837	0.879241	0.456387
0.392681	0.911015	0.150474
0.712607	0.589885	0.391164
0.435064	0.074937	0.898947
0.267252	0.0226987	0.973118
0.325973	0.435773	0.85611
0.787354	0.636391	0.0305444
0.849975	0.562593	5.74957e-06
0.433224	0.0364988	0.91015
0.431601	0.537145	0.729647
0.940186	0.315046	0.223368
0.285919	0.377123	0.885801
0.83008	0.288642	0.506418
0.198433	0.612757	0.783392
0.0986702	0.822167	0.566251
0.0439059	0.166819	0.987058
0.818692	0.487787	0.307056
0.032383	0.813896	0.59825
0.935815	0.180455	0.343607
0.318336	0.62238	0.719605
0.541487	0.165288	0.825515
0.905554	0.276419	0.32764
0.84273	0.285845	0.459147
0.590861	0.477572	0.699714
0.413376	0.515764	0.763326
0.771755	0.319255	0.58236
0.356358	0.80285	0.491424
0.874435	0.161625	0.459752
0.13929	0.388852	0.914211
0.378508	0.0702192	0.925229
0.941557	0.246926	0.241048
0.491291	0.844418	0.220296
0.396199	0.261465	0.88452
0.0293008	0.133851	0.9921
0.801877	0.530757	0.281768
0.302901	0.893354	0.337813
0.749457	0.663444	0.144703
0.229117	0.629018	0.744903
0.559959	0.70338	0.481533
0.392896	0.881114	0.320343
0.902773	0.30251	0.330397
0.276283	0.715414	0.667692
0.427583	0.266503	0.871151
0.219168	0.525056	0.825601
0.294056	0.905787	0.307754
0.119519	0.793764	0.603869
0.412555	0.642467	0.65047
0.803576	0.207366	0.570617
0.982898	0.013045	0.197857
0.0636605	0.873255	0.492319
0.911713	0.283664	0.300629
0.492415	0.799965	0.366915
0.322016	0.586038	0.750911
0.665284	0.344044	0.664965
0.391583	0.588171	0.72496
0.188429	0.394503	0.90148
0.359902	0.917351	0.231983
0.814989	0.213733	0.548567
0.918922	0.172679	0.361521
0.706864	0.533482	0.47668
0.200886	0.0521604	0.987487
0.891705	0.464884	6.48013e-06
2.90469e-14	0.831761	0.556821
0.806974	0.534131	0.275206
0.095313	0.607472	0.796457
0.37515	0.698113	0.614413
0.336841	0.214109	0.937789
0.823282	0.0782038	0.565513
0.72218	0.597809	0.361004
0.745439	0.35213	0.581186
6.12057e-17	8.98066e-18	1.01027
0.341825	0.0720674	0.943261
0.61758	0.502174	0.614011
0.936287	0.272003	0.277868
0.321422	0.706492	0.636594
0.209266	0.517463	0.842939
0.316463	0.460104	0.839242
0.435377	0.902622	0.10134
0.42704	0.543881	0.731083
0.663224	0.675277	0.335849
0.239947	0.404481	0.884027
0.0155884	0.773581	0.646516
0.213252	0.376027	0.907141
0.170229	0.973671	0.164381
0.7731	0.527035	0.363389
0.733439	0.674846	0.138096
0.948285	0.177724	0.291123
0.810144	0.0353311	0.602399
0.992778	0.107772	0.0740857
0.299661	0.814582	0.4985
0.56913	0.827456	0.0116252
0.727074	0.68392	0.0882355
0.374146	0.911641	0.202981
0.0938982	0.761405	0.66794
0.776602	0.102956	0.625925
0.660046	0.483244	0.580738
0.813884	0.236443	0.540896
0.456052	0.869218	0.211811
0.998815	0.0430396	0.0585259
0.989434	0.116776	0.118948
0.68449	0.650692	0.36127
0.642351	0.138803	0.754589
0.50237	0.197112	0.855205
0.689508	0.550604	0.473869
0.265448	0.878244	0.41818
0.974311	0.0281194	0.244836
0.441583	0.884423	0.223877
0.275598	0.817299	0.515768
0.98489	0.0521479	0.178535
0.381046	0.805398	0.461069
0.41158	0.725738	0.569495
0.146554	0.989417	0.111842
0.284779	0.329878	0.929739
0.795264	0.00755111	0.614918
0.770671	0.411408	0.50113
0.579732	0.128539	0.805101
0.251857	0.600493	0.76133
0.451212	0.894757	0.000873088
0.789238	0.614019	0.122387
0.761505	0.506394	0.444949
0.924484	0.383117	0.0799907
0.199306	0.668826	0.71751
0.690553	0.268654	0.675252
0.0378081	0.987316	0.170312
0.655112	0.532691	0.544094
0.792314	0.368874	0.487388
0.597719	0.163221	0.789782
0.16621	0.995248	0.0514526
0.152315	0.539998	0.828786
0.672148	0.141956	0.746697
0.414724	0.887903	0.2145
0.31961	0.300641	0.914312
0.510299	0.0874318	0.857346
0.314559	0.935734	0.191032
0.605031	0.450637	0.696584
0.899398	0.394391	0.201766
0.907496	0.186296	0.379538
0.109039	0.316662	0.949971
0.564196	0.582897	0.595951
0.478358	0.854376	0.221758
0.859684	0.571682	0.0136954
0.767651	0.409796	0.509639
0.714398	0.608559	0.35183
0.877806	0.263459	0.410466
0.721133	0.0165796	0.706275
0.0637084	0.950269	0.309787
0.491711	0.790188	0.372328
0.0642075	0.957714	0.288937
0.487236	0.399351	0.781734
0.679984	0.143611	0.739037
0.35827	0.944143	0.0419345
0.181546	0.620937	0.773952
0.240897	0.537807	0.818623
0.520865	0.12728	0.849712
0.0994155	0.75032	0.657166
0.0484559	0.73146	0.686328
0.586941	0.12683	0.800334
0.0810344	0.193207	0.97945
0.649829	0.00360805	0.77743
0.46383	0.832043	0.307979
0.868853	0.0449602	0.51274
0.558895	0.361822	0.74735
0.955616	0.0410208	0.302623
0.749764	0.689867	0.0289157
0.231193	0.389724	0.897975
0.844876	0.353565	0.411866
0.713059	0.0183235	0.702714
0.627524	0.30735	0.725128
0.833062	0.387844	0.398117
0.759757	0.622324	0.195689
0.524306	0.838	0.170392
0.189138	0.422254	0.891887
0.196738	0.077651	0.988777
0.0260416	0.286895	0.961152
0.569069	0.57896	0.592581
0.308521	0.565014	0.771902
0.696468	0.589059	0.416682
0.388735	0.153593	0.910534
0.00668919	0.122448	0.995266
0.958785	0.13408	0.259466
0.540561	0.637315	0.562102
0.970239	0.245471	0.156084
0.816588	0.0356121	0.57882
0.653889	0.757443	0.0742375
0.137634	0.715367	0.688924
0.754198	0.586596	0.31945
0.788542	0.489195	0.451493
0.052701	0.964711	0.269019
0.497578	0.834559	0.261691
0.346886	0.360519	0.870716
0.678211	0.326158	0.659878
0.705206	0.713822	0.0167606
0.947698	0.040837	0.323023
0.532485	0.785506	0.326904
0.542928	0.438848	0.742362
0.92074	0.213142	0.332948
0.398938	0.334546	0.862667
0.2559	0.430408	0.868837
0.293317	0.0613826	0.957157
0.296241	0.738075	0.642657
0.104507	0.719047	0.691013
0.533592	0.787139	0.315014
0.29359	0.744998	0.647063
0.835554	0.349664	0.42724
0.109844	0.902159	0.424724
0.592523	0.465575	0.667935
0.222322	0.918518	0.3464
0.772816	0.599381	0.251894
0.610436	0.472129	0.654461
0.471053	5.90576e-07	0.885482
0.0535708	0.799057	0.626816
0.78106	0.57801	0.250262
0.621565	0.474575	0.631925
0.781718	0.630778	0.0568965
0.297529	0.876041	0.403359
0.541075	0.841569	0.0322794
0.08723	0.225207	0.973113
0.725759	0.167308	0.684147
0.53914	0.793046	0.311138
0.160112	0.158398	0.980472
0.0853719	0.443731	0.90561
0.43388	0.899519	0.10278
0.00938284	0.864226	0.521847
0.303681	0.629589	0.722207
0.0250963	0.59169	0.816419
0.929034	0.251667	0.284604
0.286093	0.687472	0.678581
0.0204895	0.287336	0.961121
0.733105	0.487508	0.47672
0.190521	0.986031	0.0210299
0.332351	0.659055	0.677681
0.836748	0.173732	0.522771
0.15444	0.0374379	0.992095
0.70883	0.603816	0.372512
0.203113	0.148706	0.971203
0.351841	0.697708	0.627694
0.356873	0.780852	0.532486
0.553882	0.205659	0.812829
0.634835	0.34312	0.699639
0.401677	0.796534	0.456107
0.806528	0.343086	0.485046
0.612048	0.00023794	0.824561
0.00487043	0.661533	0.773466
0.792624	0.303415	0.558413
0.913534	0.358097	0.237887
0.366256	0.873249	0.329016
0.0869654	0.324488	0.952894
0.821522	0.560044	0.138892
0.250252	0.851376	0.464607
0.938335	0.149648	0.328484
0.624591	0.470421	0.631845
0.393762	0.340871	0.862934
0.884326	0.259034	0.393006
0.889619	0.424922	0.170229
0.404552	0.856015	0.357198
0.100704	0.99211	0.0881487
0.555546	0.211267	0.812005
0.794646	0.495391	0.450875
0.701874	0.0828376	0.712069
0.119362	0.980332	0.160866
0.973212	0.203867	0.145247
0.67919	0.641161	0.38265
0.894395	0.352399	0.284248
6.22684e-17	1.45099e-20	1.01692
3.74955e-33	6.12348e-17	1.00004
0.840595	0.162018	0.540911
0.630676	0.237502	0.740036
0.554052	0.838286	0.149026
0.0809133	0.996564	0.0813777
0.217273	0.849804	0.524071
0.987794	0.107669	0.12481
0.233856	0.893043	0.386191
0.208873	0.150891	0.982329
0.125328	0.0470005	0.991716
0.540871	0.818343	0.323892
0.399056	0.905485	0.177298
0.603296	0.446143	0.694098
0.608999	0.0835414	0.797209
0.197893	0.774004	0.612304
0.969683	0.188698	0.165763
0.751561	0.552358	0.369272
0.0602396	0.735059	0.675717
0.363369	0.853712	0.38847
0.687477	0.575413	0.515032
0.822533	0.364204	0.460127
0.784169	0.623094	0.104073
0.345108	0.796752	0.499124
0.49804	0.247813	0.835127
0.738215	0.659614	0.193951
0.0932817	0.532431	0.846998
0.658244	0.751505	0.0675867
0.503643	0.215596	0.850797
0.682241	0.376046	0.630244
0.774965	0.63522	0.033912
0.331541	0.911643	0.253448
0.431057	0.227568	0.889923
0.817717	0.0168478	0.587013
0.252649	0.0898393	0.964205
0.313134	0.942995	0.142087
0.458949	0.787803	0.412258
0.0784939	0.213021	0.975836
0.679272	0.697031	0.297045
0.836701	0.33664	0.452103
0.024625	0.539198	0.843839
0.725216	0.683377	0.174208
0.384104	0.829522	0.4151
0.00736939	0.872797	0.501429
0.132711	0.962642	0.241424
0.374435	0.78511	0.494982
0.694091	0.256985	0.684477
0.21473	0.192071	0.958437
0.962339	0.118155	0.258642
0.327306	0.614948	0.719211
0.0563897	0.900909	0.433579
0.449828	0.896998	0.0586229
0.856725	0.457825	0.287475
0.539928	0.0256436	0.843538
0.113056	0.0640318	0.994024
0.377433	0.205826	0.908996
0.909945	0.389524	0.210773
0.416699	0.0197909	0.91811
0.0505615	0.767019	0.640826
0.747122	0.705687	0.0262073
0.587552	0.432099	0.70277
0.562082	0.318347	0.767518
0.00142098	0.932742	0.393033
0.182001	0.868207	0.468676
0.0393595	0.707889	0.726872
0.821968	0.369384	0.438054
0.302135	0.925135	0.236482
0.277423	0.496511	0.828152
0.421819	0.865897	0.304913
0.135101	0.777938	0.620661
0.407806	0.819476	0.423155
0.115991	0.488604	0.866248
0.787902	0.582661	0.216306
0.612349	0.62681	0.49156
0.19505	0.251682	0.952662
0.806144	0.302319	0.511556
0.991425	0.179499	0.0696743
0.242419	0.970816	0.0600855
0.726209	0.58624	0.370016
0.485342	0.833107	0.316304
0.286212	0.972352	0.017505
0.699756	0.00414695	0.722741
0.427129	0.232927	0.88823
0.876206	0.122278	0.47668
0.878249	0.474321	0.111151
0.31985	0.709783	0.628267
0.801026	0.0322885	0.604103
0.64032	0.115931	0.762083
0.919875	0.330263	0.216491
0.620778	0.451717	0.657297
0.605031	0.0650752	0.798365
0.548695	0.759822	0.360597
0.24487	0.128531	0.971387
0.0130654	0.406105	0.917531
0.435573	0.88942	0.160225
0.752407	0.566617	0.339162
0.781737	0.568928	0.275245
0.324784	0.885164	0.348202
0.616516	0.262841	0.761395
0.469763	0.419745	0.780782
0.770041	0.556573	0.331105
0.899533	0.385067	0.257755
0.694955	0.665046	0.283082
0.271593	0.220073	0.945108
0.579104	0.280786	0.771209
0.924606	0.358335	0.141764
0.954118	0.102039	0.299257
0.623918	0.794818	0.104994
0.665984	0.595074	0.471014
0.982301	0.195928	0.0157052
0.732008	0.673785	0.114545
0.477479	0.397422	0.803099
0.587993	0.537225	0.651646
0.350163	0.0351476	0.939599
0.618516	0.169225	0.791575
0.930953	0.323839	0.230021
0.441903	0.0918719	0.894761
0.0703042	0.863388	0.549104
0.725606	0.645475	0.310083
0.261835	0.950761	0.200409
0.646971	0.512011	0.570624
0.715668	0.565639	0.412471
0.0356401	0.744628	0.666939
0.849589	0.503045	0.235147
0.733637	0.678273	0.0749933
0.958764	0.117716	0.27183
0.497075	0.0938107	0.866717
0.355045	0.0642815	0.935128
0.117257	0.266665	0.96911
0.307489	0.721923	0.625743
0.29435	0.238513	0.927628
0.95803	0.0415021	0.32378
0.0608433	0.742426	0.668457
0.145209	0.88505	0.447917
0.347605	0.341493	0.877976
0.670931	0.488286	0.567228
0.568866	0.31022	0.775551
0.338573	0.751934	0.591764
0.0568071	0.907578	0.424131
0.704096	0.602432	0.396643
0.172891	0.781345	0.607981
0.342427	0.919302	0.229098
0.022453	0.403821	0.916989
0.150845	0.989836	0.0596164
0.219515	0.975923	0.0454015
0.684497	0.728218	0.0676135
0.0447326	0.766805	0.641552
0.605042	0.203962	0.788176
0.310691	0.0104867	0.953482
0.249558	0.428376	0.883252
0.880568	0.479997	0.087634
0.891169	0.482315	0.0401732
0.177907	0.946832	0.272967
0.352012	0.141377	0.928822
0.25806	0.921696	0.32025
0.726839	0.688548	0.0294663
0.975484	0.175625	0.166316
0.102995	0.588795	0.808335
0.268539	0.217599	0.946126
0.26517	0.714955	0.653268
0.0420713	0.764917	0.664077
0.707088	0.269976	0.660397
0.171687	0.981485	0.109286
0.0321872	0.534027	0.849039
0.888451	0.442764	0.134338
0.893875	0.437917	0.134705
0.572808	4.07827e-05	0.82193
0.591677	0.294405	0.764871
0.389646	0.915448	0.158643
0.73993	0.00152695	0.684286
0.533588	0.265501	0.807474
0.804563	0.362947	0.489421
0.893192	0.306203	0.405368
0.0680563	0.416797	0.910441
0.829512	0.032192	0.578885
0.733628	0.582634	0.357243
0.479632	0.360174	0.81533
0.231013	0.84494	0.491388
0.339849	0.278566	0.901404
0.761597	0.467031	0.472011
0.652034	0.510569	0.562855
0.293216	0.934947	0.204509
0.522296	0.310561	0.797007
0.463705	0.174456	0.871659
0.873088	0.307324	0.402355
0.760963	0.649579	0.0910182
0.901462	0.172612	0.419302
0.449784	0.903831	0.00300829
0.0440633	0.703977	0.712267
0.440249	0.253981	0.870842
0.640744	0.518195	0.575663
0.492622	0.373144	0.798908
0.447135	0.243837	0.875478
0.686341	0.716393	0.158334
0.27798	0.144071	0.953813
6.21512e-17	2.53219e-20	1.01501
0.588006	0.783071	0.235388
0.599036	0.728116	0.337803
0.883128	0.0785559	0.465025
0.490039	0.862751	0.208775
0.511551	0.212121	0.83463
0.99218	0.156964	0.0279524
0.812041	0.423273	0.414844
0.542577	0.721713	0.437322
0.522739	0.357268	0.774519
0.826845	0.565853	0.066318
0.837948	0.544923	0.0868449
0.839294	0.53959	0.113836
0.857627	0.498492	0.143569
0.569819	0.74363	0.353293
0.40975	0.906009	0.129997
0.0999595	0.995534	0.123136
0.22887	0.0773802	0.977344
0.792004	0.369595	0.487531
0.353445	0.875736	0.341397
0.765012	0.645762	0.0102577
0.86098	0.495069	0.146578
0.809416	0.0501712	0.585679
0.528949	0.219816	0.826154
0.739027	0.247457	0.638384
0.717009	0.416294	0.562259
0.0869827	0.703434	0.709562
0.559998	0.775808	0.330159
0.439772	0.512204	0.741081
0.052997	0.74754	0.670454
0.628015	0.611202	0.483717
0.308056	0.816363	0.543012
0.611036	0.354766	0.713825
0.459412	0.65577	0.61665
0.00234779	0.57693	0.861192
0.326024	0.177669	0.93887
0.506186	0.841158	0.20287
0.679927	0.711876	0.192399
0.0724545	0.471374	0.881314
0.700481	0.394633	0.595629
0.434672	0.524449	0.75864
0.499637	0.759881	0.444284
0.547546	0.799309	0.302594
0.196006	0.834703	0.534255
0.160365	0.924286	0.366925
0.577198	0.557903	0.598157
0.0663032	0.660338	0.75355
0.875194	0.439033	0.215878
0.784468	0.258612	0.591076
0.237122	0.685639	0.6906
0.621306	0.0420738	0.787017
0.799544	0.550403	0.256227
0.464205	0.0206695	0.898834
0.257011	0.97464	0.0542804
0.831178	0.562228	0.0428183
0.294425	0.954863	0.0547029
0.750349	0.673534	0.0226075
0.846713	0.102214	0.527044
0.153431	0.484601	0.87053
0.940529	0.00148753	0.354754
0.21541	0.806988	0.552604
0.538055	0.367013	0.766055
0.0782269	0.916487	0.404473
0.133089	0.768231	0.629648
0.177083	0.255066	0.954007
0.848346	0.533345	0.0663274
0.651454	0.749131	0.154116
0.33041	0.890065	0.353203
0.218506	0.749306	0.627777
0.233286	0.896647	0.39267
0.391898	0.651239	0.652641
0.636412	0.576499	0.514457
0.65894	0.222786	0.723364
0.207694	0.214035	0.957189
0.25526	0.50288	0.848218
0.285466	0.967901	0.0413921
0.553171	0.0137541	0.836365
0.927757	0.293319	0.251892
0.340423	0.936547	0.184947
0.189375	0.918585	0.375123
0.984669	0.0816184	0.170261
0.632219	0.5727	0.523523
0.288533	0.118862	0.960756
0.248173	0.285969	0.930417
0.375429	0.660971	0.665837
0.299795	0.605966	0.73942
0.494632	0.869483	0.160497
0.0941045	0.666011	0.74565
0.122248	0.199387	0.978828
0.02393	0.277271	0.965653
0.450706	0.304518	0.842389
0.676132	0.0536138	0.737616
0.143629	0.282312	0.950097
0.279866	0.0272923	0.962357
0.0208212	0.95142	0.313835
0.71142	0.63859	0.298809
0.303296	0.941284	0.282179
0.461926	0.388478	0.814046
0.122481	0.871943	0.505257
0.970031	0.154081	0.196973
0.820164	0.446954	0.39034
0.478392	0.610287	0.649941
0.111358	0.909811	0.403058
0.182457	0.523853	0.838445
0.0681811	0.961718	0.279078
0.590744	0.0941071	0.8068
0.899051	0.376818	0.269513
0.0161391	0.829147	0.579088
0.0817581	0.982506	0.200327
0.479379	0.796611	0.381988
0.0387157	0.891163	0.494105
0.747401	0.23477	0.625134
0.1492	0.444467	0.884515
0.432208	0.790898	0.456979
0.715396	0.414359	0.568694
0.310782	0.947675	0.0794065
0.554887	0.458112	0.698071
0.935277	0.170244	0.319714
0.194511	0.0305202	0.986782
0.564238	0.327961	0.783873
0.643014	0.755551	0.154017
0.871259	0.500979	0.00437379
0.199079	0.261415	0.94708
0.400741	0.911797	0.178629
0.77519	0.531372	0.348335
0.618733	0.712963	0.344592
0.49673	0.826292	0.275093
0.241702	0.47617	0.852365
0.0355375	0.267405	0.967274
0.334094	0.32341	0.8891
0.977254	0.12533	0.178529
0.963809	0.323156	0.00533367
0.781001	0.637877	0.000658618
0.44766	0.587834	0.678196
0.731088	0.591429	0.35469
0.314006	0.845876	0.451295
0.684087	0.716232	0.179617
0.357778	0.672227	0.667025
0.948974	0.318182	0.174598
0.00937016	0.132169	0.992335
0.980817	0.190608	0.0718806
0.690861	0.696435	0.265089
0.832429	0.490696	0.295668
0.814731	0.337838	0.497877
0.242412	0.845716	0.510652
0.26853	0.61364	0.752266
0.442594	0.853553	0.339108
0.0424593	0.598903	0.800366
0.467763	0.576852	0.681673
0.00447239	0.244797	0.971225
0.445799	0.481023	0.768171
0.251935	0.418655	0.874314
0.686799	0.382285	0.622103
0.392261	0.136947	0.916577
0.661234	0.217288	0.726469
0.8978	0.426535	0.182376
0.796272	0.630865	0.101448
0.775204	0.617777	0.153881
0.429327	0.594779	0.698859
0.818115	0.517067	0.267575
0.476049	0.0464442	0.887892
0.114559	0.613471	0.79661
0.955397	3.00083e-172	0.383766
0.139061	0.802708	0.624519
0.404745	0.922889	0.107464
0.383088	0.837896	0.412734
0.381984	0.621201	0.702693
0.920975	0.31296	0.251808
0.329413	0.179516	0.938236
0.406152	0.406843	0.823183
0.103824	0.27687	0.966241
0.174014	0.530625	0.844054
0.0883842	0.57501	0.818594
0.494476	0.821699	0.326651
0.667273	0.226746	0.711995
0.109789	0.383028	0.91969
0.844742	0.485503	0.242006
0.756999	0.462001	0.495568
0.349026	0.307632	0.899964
0.136394	0.970988	0.212609
0.494218	0.203882	0.852165
0.212608	0.929355	0.33405
0.578167	0.769968	0.29189
0.316777	0.0496852	0.961241
0.797037	0.268341	0.547065
0.896079	0.345079	0.289492
0.91572	0.435048	0.00559898
0.987035	0.100019	0.143585
0.691163	0.397423	0.605883
0.493057	0.339629	0.807497
0.725253	0.184175	0.672696
6.22684e-17	1.45099e-20	1.01692
3.74955e-33	6.12348e-17	1.00004
0.352645	0.858767	0.39649
0.507873	0.146082	0.85118
0.465994	0.00427985	0.88595
0.96155	0.275136	0.0378478
0.5759	0.796408	0.20968
0.491506	0.134393	0.87107
0.79481	0.34488	0.509889
0.975943	0.232335	0.019794
0.292594	0.160949	0.94397
0.233317	0.325	0.92341
0.524122	0.149972	0.839233
0.0348687	0.847271	0.537527
0.0436042	0.695391	0.721778
0.915792	0.282045	0.304967
0.0658308	0.989025	0.164488
0.253029	0.33471	0.912305
0.435353	0.902266	0.0517501
0.746254	0.555404	0.370434
0.658108	0.715007	0.273195
0.98328	0.0274226	0.198069
0.329669	0.094331	0.940009
0.101002	0.876389	0.476585
0.523219	0.829188	0.225598
0.494467	0.304561	0.826047
0.859572	0.446919	0.259427
0.541371	0.720462	0.448184
0.26404	0.975564	0.0153877
0.842657	0.470642	0.278339
0.536082	0.709138	0.466171
0.0527951	0.458747	0.89323
0.905933	0.266237	0.341033
0.727943	0.343616	0.596323
0.355352	0.0116102	0.938967
0.481464	0.172969	0.862924
0.123334	0.906069	0.421888
0.117328	0.911668	0.40662
0.804143	0.0598785	0.600869
0.736181	0.210224	0.652343
0.997139	0.108547	0.0750152
0.187938	0.823734	0.549294
0.23945	0.545202	0.809799
0.309021	0.488515	0.822225
0.830493	0.55663	0.0392467
0.901704	0.0763062	0.426521
0.303495	0.0868418	0.949448
0.730762	0.376314	0.57989
0.400942	0.888056	0.234069
0.671402	0.260518	0.700362
0.520213	0.0231662	0.856138
0.788624	0.522429	0.330378
0.793117	0.219322	0.571014
0.277312	0.94119	0.201583
0.307598	0.947211	0.107514
0.853809	0.235558	0.486052
0.912375	0.26813	0.32014
0.367272	0.919598	0.147933
0.414674	0.128236	0.903483
0.314978	0.569558	0.766523
0.890027	0.0680974	0.473816
0.62752	0.371592	0.695532
0.757203	0.501614	0.434843
0.422263	0.117455	0.899742
0.455375	0.442882	0.786495
0.215833	0.590903	0.780861
0.071394	0.754141	0.663839
0.324391	0.129139	0.94577
0.608983	0.661634	0.457743
0.0214245	0.315562	0.956767
0.624076	0.7832	0.188164
0.263018	0.669376	0.715396
0.0879011	0.631107	0.776229
0.517396	0.725266	0.466432
0.0800326	0.287497	0.957411
0.643869	0.486421	0.601304
0.673444	0.651112	0.364548
0.258726	0.800251	0.543629
0.11367	0.648086	0.757221
0.246146	0.964655	0.14422
0.939773	0.359138	0.0165622
0.222917	0.977251	0.0750812
0.769952	0.0342876	0.639595
0.204773	0.00571089	0.98307
0.270821	0.611098	0.765673
0.819233	0.525939	0.246154
0.379928	0.926956	0.0687276
0.330868	0.76895	0.551684
0.751351	0.247465	0.627856
0.33345	0.799145	0.525541
0.171956	0.386705	0.914122
0.951797	0.254166	0.202142
0.640299	0.363574	0.702239
0.0409215	0.99435	0.132554
0.850358	0.531307	0.137998
0.581122	0.813078	0.0872327
0.301265	0.931825	0.284919
0.698283	0.540483	0.494449
0.684951	0.686498	0.259176
0.863097	0.511092	0.113578
0.130708	0.894616	0.451353
0.552305	0.406773	0.728967
0.236087	0.574924	0.789637
0.377148	0.914824	0.154688
0.196276	0.179266	0.967319
0.178725	0.188656	0.967902
0.0901642	0.997799	0.119918
0.153755	0.0475479	0.988969
0.895299	0.343152	0.294335
0.92833	0.202235	0.315221
0.55981	0.78472	0.27798
0.064127	0.967958	0.283613
0.660884	0.638968	0.410966
0.503031	0.431998	0.749922
0.217546	0.519572	0.83314
0.613977	0.716938	0.351348
0.546547	0.421744	0.731149
0.109231	0.508272	0.858006
0.922224	0.400138	0.0247865
0.7114	0.691893	0.182459
0.205947	0.411363	0.889868
0.336063	0.897283	0.294134
0.758793	0.642118	0.124945
0.601157	0.472372	0.658848
0.362525	0.828741	0.432627
0.169684	0.338931	0.927571
0.693129	0.269473	0.671485
0.380881	0.621919	0.688132
0.865511	0.18314	0.508485
0.480732	0.46479	0.761734
0.489849	0.836816	0.25358
0.38379	0.934611	0.0575805
0.0814573	0.657807	0.749651
0.339787	0.256408	0.906028
0.409805	0.673684	0.620652
0.346236	0.764727	0.545667
0.453333	0.740221	0.503367
0.653447	0.63585	0.434446
0.606417	0.805221	0.0879859
0.134861	0.498279	0.864023
0.0443414	0.982962	0.189509
0.0838388	0.582356	0.81558
0.904788	0.392573	0.191038
0.62116	0.480206	0.639519
0.142619	0.0441042	0.992528
0.567849	0.194113	0.802617
0.878425	0.296946	0.375927
0.104108	0.0411361	0.994894
0.99743	0.0736485	0.0392612
0.625757	0.510641	0.606021
0.952685	0.31601	0.0591282
0.403982	0.915961	0.112685
0.990554	0.0729753	0.136697
0.712953	0.187932	0.690427
0.723498	0.435158	0.56352
0.396587	0.454537	0.804262
0.537772	0.843971	0.0730853
0.147391	0.984933	0.101542
0.094905	0.727139	0.686681
0.953253	0.321689	0.000463021
0.702949	0.530454	0.479879
0.386783	0.923766	0.0323536
0.402207	0.821822	0.409061
0.164792	0.757923	0.636385
0.204486	0.408316	0.898933
0.786094	0.413619	0.465807
0.767582	0.0541909	0.647653
0.590701	0.499374	0.641101
0.820868	0.576432	0.00043773
0.653751	0.387125	0.664958
0.449352	0.744693	0.504384
0.977211	0.213774	0.194218
0.584225	0.809287	0.0911034
0.721182	0.433297	0.570258
0.16044	0.360807	0.923955
0.528651	0.837796	0.181303
0.412268	0.477803	0.784694
0.218311	0.960603	0.248558
5.3617e-17	2.98939e-17	1.00253
0.565777	0.426943	0.708497
0.699704	0.541582	0.490945
0.75338	0.246597	0.629171
0.526578	0.840206	0.175634
0.766284	0.522695	0.383399
0.0272694	0.808733	0.616436
0.935711	0.190445	0.316811
0.902282	0.299089	0.344467
0.24361	0.67793	0.700553
0.316255	0.571867	0.764277
0.397378	0.458382	0.797967
0.89793	0.303679	0.351927
0.630776	0.199659	0.754867
0.788544	0.610346	0.172338
0.876277	0.292572	0.394557
5.14055e-17	3.539e-17	1.01923
0.808199	0.533743	0.273507
0.458907	0.673775	0.580909
0.130698	0.961997	0.257208
0.744713	0.22407	0.658534
0.793214	0.380732	0.497248
0.846193	0.00446156	0.537254
0.921239	0.443896	0.0478452
0.0863736	0.806095	0.59156
0.864349	0.328256	0.403551
0.476995	0.142722	0.886063
0.733635	0.517108	0.45698
0.585893	0.816153	0.108521
0.936801	0.347962	0.0914205
0.748984	0.664269	0.0751111
0.90071	0.132761	0.414996
0.0378991	0.855665	0.565792
0.100374	0.738794	0.669449
0.0747297	0.848958	0.525227
0.889688	0.265319	0.390021
0.704471	0.107961	0.70485
0.859239	0.000859267	0.517
0.76729	0.571249	0.373945
0.0683601	0.861787	0.507489
0.0619209	0.299725	0.959016
0.600705	0.228131	0.774808
0.333913	0.28529	0.915957
0.377364	0.543989	0.753161
0.358619	0.37124	0.864789
0.389523	0.685089	0.624873
0.872942	0.400297	0.29216
0.0937074	0.0792811	0.995201
0.486549	0.469761	0.746325
0.383928	0.929093	0.0612472
0.563468	0.0891077	0.82589
0.944412	0.231416	0.240395
0.163003	0.877125	0.467476
0.42028	0.405013	0.81501
0.219052	0.0529752	0.976785
0.521491	0.504457	0.68852
0.774935	0.645155	0.00713628
0.513328	0.717412	0.482707
0.204901	0.75735	0.631796
0.303572	0.18946	0.936777
0.141008	0.312101	0.945511
0.244733	0.56154	0.802167
0.489849	0.605721	0.637712
0.925044	0.240479	0.300618
0.399041	0.897448	0.196643
0.101447	0.0866331	0.992069
0.447753	0.295004	0.852597
0.631492	0.697598	0.364841
0.902235	0.324122	0.300874
0.896743	0.0681798	0.450072
0.262385	0.953116	0.179904
0.252562	0.919907	0.318083
0.441864	0.526654	0.728066
0.536192	0.588397	0.6099
0.00735461	0.631427	0.786047
0.190769	0.933527	0.309988
0.0194366	0.840326	0.67769
0.0305171	0.688997	0.761064
0.939932	0.0397413	0.345493
0.77813	0.528524	0.356771
0.182475	0.388576	0.909707
0.311749	0.795913	0.534728
0.00323173	0.987957	0.166572
0.723201	0.70139	0.0289872
0.969112	0.163066	0.212792
0.154162	0.573228	0.814345
0.0426059	0.627365	0.782736
0.562871	0.626979	0.545407
0.672993	0.45011	0.597527
0.467032	0.73885	0.52593
0.229653	0.17251	0.968147
0.195468	0.946153	0.288371
0.368641	0.158036	0.922609
0.910786	0.52242	0.0231351
0.260641	0.976781	0.0384071
0.880277	0.414011	0.232073
0.837293	0.424542	0.348936
0.177466	0.590112	0.794975
0.348639	0.229702	0.911039
0.76579	0.652934	0.0659093
0.658659	0.250222	0.718444
0.512034	0.0243526	0.88015
0.648554	0.751707	0.206094
0.665878	0.496812	0.613137
0.990592	0.0137092	0.165574
0.471193	0.204214	0.860394
0.645191	0.747809	0.221697
0.296891	0.00175156	0.956751
0.213202	0.778343	0.605961
0.232856	0.973588	0.0762113
0.712596	0.109536	0.694935
0.951128	0.288198	0.156715
0.751093	0.507449	0.425045
0.653351	0.680492	0.338098
0.869904	0.42705	0.260794
0.729795	0.639975	0.265229
0.756583	0.503944	0.42643
0.415128	0.116984	0.903003
0.613848	0.455846	0.648887
0.893501	0.321589	0.322402
0.776367	0.577861	0.260191
0.675958	0.73009	0.126696
0.18537	0.938843	0.31361
0.104659	0.204409	0.978471
0.145103	0.617617	0.781132
0.470853	0.490413	0.742743
0.878875	0.415959	0.269865
0.977429	0.184372	0.134056
0.885238	0.45768	0.126898
0.818521	0.235283	0.562597
0.634791	0.756602	0.204165
0.139438	0.711437	0.697367
0.953774	0.281472	0.149618
0.117963	0.693172	0.716966
0.366299	0.549495	0.755854
0.12089	0.439128	0.893508
0.922062	0.343918	0.184934
0.0789231	0.992032	0.141602
0.541415	0.718826	0.447527
0.194017	0.274147	0.948396
0.0609562	0.824133	0.569577
0.423923	0.902733	0.117469
0.82729	0.562765	0.116744
0.348701	0.885726	0.33214
0.546238	0.145358	0.846234
0.6883	0.00952564	0.729389
0.76199	0.495394	0.424611
0.821253	0.126449	0.561547
0.508296	0.0251326	0.873805
0.484265	0.189205	0.858304
0.103335	0.944546	0.398764
0.611242	0.62424	0.488456
0.885981	0.0374602	0.465871
0.567769	0.818468	0.154065
0.558063	0.803383	0.234575
0.0618521	0.836246	0.553919
0.28882	0.476193	0.838446
0.431089	0.780472	0.467198
0.502853	0.152368	0.855092
0.895414	0.423787	0.192175
0.639984	0.705707	0.340695
0.956478	0.291189	0.107996
0.934813	0.365236	0.0136251
0.689539	0.722458	0.0994276
5.79962e-17	2.04102e-17	1.00409
0.495657	0.59077	0.640668
0.38117	0.922418	0.130052
0.834178	0.549601	0.133204
0.555871	0.262143	0.792864
0.00803681	0.763605	0.678335
0.624989	0.63828	0.450751
0.656601	0.0197128	0.758272
0.681141	0.588756	0.440402
0.934993	0.33589	0.14596
0.0249764	0.708872	0.715696
0.42022	0.358291	0.835575
0.77961	0.596322	0.22163
0.245732	0.8695	0.438285
0.373971	0.16032	0.917741
0.962332	0.178869	0.272599
0.965975	0.257054	0.0685735
0.574067	0.433478	0.702384
0.628306	0.0485168	0.779867
0.156659	0.773752	0.625958
0.715062	0.485686	0.513866
0.985033	0.0343664	0.174479
0.500612	0.337095	0.808829
0.699216	0.678975	0.26539
0.406256	0.470871	0.793432
0.324223	0.734409	0.602792
0.786486	0.233247	0.573741
0.87912	0.376265	0.295712
0.177516	0.899064	0.416201
0.460236	0.213933	0.87142
0.233332	0.932766	0.292513
0.465311	0.0735849	0.889568
0.109553	0.997943	0.0356389
0.259953	0.295608	0.925984
0.737987	0.614395	0.29367
0.0543241	0.799913	0.603425
0.19585	0.948	0.27336
0.981581	0.181093	0.134525
0.13465	0.0323661	0.996643
0.266303	0.967903	0.0381379
0.160052	0.869939	0.474315
0.436314	0.179816	0.890893
0.0300268	0.677927	0.769985
